clean_time,clean_flux,trend_time,trend_flux,no_flare_raw_time,no_flare_raw_flux,raw_time,raw_flux
1628.4587154649828,1.0344139796291896,1628.4587154649828,0.9537656365389472,1628.4587154649828,0.9865885077258196,1628.4587154649828,0.9865885077258196
1628.4601043598004,1.0001274690932411,1628.4601043598004,0.9537656365389472,1628.4601043598004,0.9538872121798014,1628.4601043598004,0.9538872121798014
1628.4614932541524,1.0090585920932762,1628.4614932541524,0.9542169144155629,1628.4614932541524,0.9628607762117581,1628.4614932541524,0.9628607762117581
1628.4628821489694,0.9992045961793126,1628.4628821489694,0.9544770079256604,1628.4628821489694,0.9537178132667979,1628.4628821489694,0.9537178132667979
1628.4670488324916,0.9716859673234038,1628.4670488324916,0.9551011239368246,1628.4670488324916,0.9280583595042236,1628.4670488324916,0.9280583595042236
1628.4684377273086,0.9939888611920792,1628.4684377273086,0.9554060722955885,1628.4684377273086,0.9496629937770893,1628.4684377273086,0.9496629937770893
1628.4712155164773,0.9931815656108917,1628.4712155164773,0.9557439697823755,1628.4712155164773,0.9492272922316285,1628.4712155164773,0.9492272922316285
1628.47260441083,0.9846862617539668,1628.47260441083,0.9564328933187125,1628.47260441083,0.9417863303405335,1628.47260441083,0.9417863303405335
1628.4739933056478,0.9822785756916558,1628.4739933056478,0.9564328933187125,1628.4739933056478,0.9394835401937542,1628.4739933056478,0.9394835401937542
1628.475382199999,0.9966671141562743,1628.475382199999,0.9564328933187125,1628.475382199999,0.953245211668097,1628.475382199999,0.953245211668097
1628.4795488835205,0.9905361817619712,1628.4795488835205,0.9572994365086823,1628.4795488835205,0.9482397286421967,1628.4795488835205,0.9482397286421967
1628.48232667269,0.9792237694759935,1628.48232667269,0.9578375837330392,1628.48232667269,0.9379373292888442,1628.48232667269,0.9379373292888442
1628.4837155675075,0.9823208366620614,1628.4837155675075,0.9581677243650977,1628.4837155675075,0.9412281206609061,1628.4837155675075,0.9412281206609061
1628.4864933566755,0.9688605175554508,1628.4864933566755,0.9586580265162756,1628.4864933566755,0.9288059117292459,1628.4864933566755,0.9288059117292459
1628.4878822510284,0.9889438677091387,1628.4878822510284,0.9589180251104503,1628.4878822510284,0.9483161005687377,1628.4878822510284,0.9483161005687377
1628.4892711458467,0.9746700599035234,1628.4892711458467,0.9592127940437761,1628.4892711458467,0.9349159914308733,1628.4892711458467,0.9349159914308733
1628.492048935015,0.9787659625437832,1628.492048935015,0.9597777233689816,1628.492048935015,0.9393977672413222,1628.492048935015,0.9393977672413222
1628.493437829367,0.9709583309640287,1628.493437829367,0.9599615337897853,1628.493437829367,0.932082648638199,1628.493437829367,0.932082648638199
1628.4948267237194,0.9735656256608861,1628.4948267237194,0.9602152881099278,1628.4948267237194,0.93483259773789,1628.4948267237194,0.93483259773789
1628.4962156185372,0.9831847039902517,1628.4962156185372,0.9604662753514315,1628.4962156185372,0.9443157506240167,1628.4962156185372,0.9443157506240167
1628.4976045128883,0.9862262565206135,1628.4976045128883,0.9606625281810371,1628.4976045128883,0.9474306089476126,1628.4976045128883,0.9474306089476126
1628.498993407706,0.9923170109790649,1628.498993407706,0.9608960002692322,1628.498993407706,0.9535134468489032,1628.498993407706,0.9535134468489032
1628.500382302058,0.9763492442092297,1628.500382302058,0.9608674737521669,1628.500382302058,0.93814223178316,1628.500382302058,0.93814223178316
1628.501771196875,0.9837745976636848,1628.501771196875,0.9609498227177152,1628.501771196875,0.9453580252191095,1628.501771196875,0.9453580252191095
1628.5031600912268,0.9643482568191118,1628.5031600912268,0.9611748411232437,1628.5031600912268,0.9269072825355869,1628.5031600912268,0.9269072825355869
1628.5045489855795,0.9830748089295007,1628.5045489855795,0.9614826671068679,1628.5045489855795,0.9452093892551109,1628.5045489855795,0.9452093892551109
1628.5059378803974,0.9764835001441133,1628.5059378803974,0.9616878465039012,1628.5059378803974,0.9390723144001842,1628.5059378803974,0.9390723144001842
1628.5087156695656,0.974700656166728,1628.5087156695656,0.9620075712602171,1628.5087156695656,0.9376694109446939,1628.5087156695656,0.9376694109446939
1628.5101045639185,0.9781609500079422,1628.5101045639185,0.9622291194519073,1628.5101045639185,0.9412149496083834,1628.5101045639185,0.9412149496083834
1628.5114934582707,0.989229330257071,1628.5114934582707,0.9624495563618137,1628.5114934582707,0.9520833300460122,1628.5114934582707,0.9520833300460122
1628.5128823530874,0.9840339540998266,1628.5128823530874,0.9626282968626518,1628.5128823530874,0.947258929290137,1628.5128823530874,0.947258929290137
1628.5170490366083,0.9797122125688191,1628.5170490366083,0.963090470492351,1628.5170490366083,0.9435514957500062,1628.5170490366083,0.9435514957500062
1628.519826825778,0.9816660524038088,1628.519826825778,0.9633649613340355,1628.519826825778,0.9457026786169305,1628.519826825778,0.9457026786169305
1628.5226046149476,0.9675449796265411,1628.5226046149476,0.9637098885108929,1628.5226046149476,0.932432664445168,1628.5226046149476,0.932432664445168
1628.5239935092989,0.9631495238146234,1628.5239935092989,0.9639082541684665,1628.5239935092989,0.9283877760033434,1628.5239935092989,0.9283877760033434
1628.525382403651,0.9688967515345507,1628.525382403651,0.9640948435209794,1628.525382403651,0.9341083620586879,1628.525382403651,0.9341083620586879
1628.529549087638,0.9746504431900803,1628.529549087638,0.9646032973693575,1628.529549087638,0.9401510312836571,1628.529549087638,0.9401510312836571
1628.5309379819894,0.9766558173119415,1628.5309379819894,0.9648054343778157,1628.5309379819894,0.9422828400592684,1628.5309379819894,0.9422828400592684
1628.5323268763411,0.9810930527903277,1628.5323268763411,0.9650072656127514,1628.5323268763411,0.9467619241848608,1628.5323268763411,0.9467619241848608
1628.5337157711597,0.9962619607188872,1628.5337157711597,0.9651647697053835,1628.5337157711597,0.9615569458834785,1628.5337157711597,0.9615569458834785
1628.536493559863,0.9833476722666311,1628.536493559863,0.9654735390278555,1628.536493559863,0.9493961572380681,1628.536493559863,0.9493961572380681
1628.5378824546804,0.9851971190542297,1628.5378824546804,0.9656357822160874,1628.5378824546804,0.9513415906949668,1628.5378824546804,0.9513415906949668
1628.5392713490326,0.9631908846312178,1628.5392713490326,0.9657012202676154,1628.5392713490326,0.930154612639011,1628.5392713490326,0.930154612639011
1628.5420491382022,0.9656607915460104,1628.5420491382022,0.9659951109317033,1628.5420491382022,0.9328236034518848,1628.5420491382022,0.9328236034518848
1628.5448269269057,0.9561895711779607,1628.5448269269057,0.9661603012245356,1628.5448269269057,0.9238324041170579,1628.5448269269057,0.9238324041170579
1628.5462158217226,0.9608224807766391,1628.5462158217226,0.9662694358479531,1628.5462158217226,0.9284133964500738,1628.5462158217226,0.9284133964500738
1628.547604716074,0.9702769324737098,1628.547604716074,0.9662863839848568,1628.547604716074,0.9375653885439401,1628.547604716074,0.9375653885439401
1628.5489936104266,0.964974260991939,1628.5489936104266,0.9663429145432034,1628.5489936104266,0.9324960398261242,1628.5489936104266,0.9324960398261242
1628.550382505245,0.9761414637780138,1628.550382505245,0.9665118527859214,1628.550382505245,0.9434522947372496,1628.550382505245,0.9434522947372496
1628.5517713995962,0.9754762383308,1628.5517713995962,0.9666817519133585,1628.5517713995962,0.9429750790194705,1628.5517713995962,0.9429750790194705
1628.5531602939477,0.9772669418085643,1628.5531602939477,0.9668925977867634,1628.5531602939477,0.9449121720964085,1628.5531602939477,0.9449121720964085
1628.5545491887651,0.969866344475522,1628.5545491887651,0.966995477541934,1628.5545491887651,0.9378563689279573,1628.5545491887651,0.9378563689279573
1628.555938083118,0.979934744278042,1628.555938083118,0.9671797848586101,1628.555938083118,0.9477730751463137,1628.555938083118,0.9477730751463137
1628.5601047666387,0.9717774411604979,1628.5601047666387,0.9676329911887165,1628.5601047666387,0.9403239121598496,1628.5601047666387,0.9403239121598496
1628.561493660991,0.9690659571911738,1628.561493660991,0.9677570737404778,1628.561493660991,0.9378204349928455,1628.561493660991,0.9378204349928455
1628.5628825558076,0.9693661181775386,1628.5628825558076,0.9679314467252795,1628.5628825558076,0.9382799491740532,1628.5628825558076,0.9382799491740532
1628.5642714501594,0.9825937922448272,1628.5642714501594,0.9681096124800781,1628.5642714501594,0.95125849543547,1628.5642714501594,0.95125849543547
1628.565660344512,0.9778960591783825,1628.565660344512,0.968250062110095,1628.565660344512,0.946847920036686,1628.565660344512,0.946847920036686
1628.5670492388642,0.9783284156289175,1628.5670492388642,0.968250062110095,1628.5670492388642,0.9472665491967702,1628.5670492388642,0.9472665491967702
1628.5684381336812,0.9654638388088337,1628.5684381336812,0.9684304872536862,1628.5684381336812,0.9349846158434532,1628.5684381336812,0.9349846158434532
1628.5712159223842,0.9714073210372827,1628.5712159223842,0.9685865046424326,1628.5712159223842,0.940892021667571,1628.5712159223842,0.940892021667571
1628.5726048172023,0.9872753539874825,1628.5726048172023,0.9687574287187726,1628.5726048172023,0.9564303333663295,1628.5726048172023,0.9564303333663295
1628.5739937115547,0.9844485451258308,1628.5739937115547,0.9689228323828747,1628.5739937115547,0.9538546726785202,1628.5739937115547,0.9538546726785202
1628.575382605906,0.9580649600067136,1628.575382605906,0.9690576278930096,1628.575382605906,0.9284201575115171,1628.575382605906,0.9284201575115171
1628.5767715002578,0.9671244368112414,1628.5767715002578,0.9691865478988462,1628.5767715002578,0.9373239943017029,1628.5767715002578,0.9373239943017029
1628.5781603950752,0.9697325116753357,1628.5781603950752,0.9693727418800299,1628.5781603950752,0.9400322637329283,1628.5781603950752,0.9400322637329283
1628.5795492894274,0.968031603089568,1628.5795492894274,0.969541667547401,1628.5795492894274,0.9385469746980436,1628.5795492894274,0.9385469746980436
1628.5809381837792,0.9568074422120301,1628.5809381837792,0.9697239475708692,1628.5809381837792,0.9278390899270361,1628.5809381837792,0.9278390899270361
1628.582327078597,0.9666410886715615,1628.582327078597,0.9698964585494061,1628.582327078597,0.9375417685908899,1628.582327078597,0.9375417685908899
1628.5837159729488,0.9865626339006575,1628.5837159729488,0.9698964585494061,1628.5837159729488,0.9568636047574219,1628.5837159729488,0.9568636047574219
1628.5851048673,0.9707747117036487,1628.5851048673,0.9699781794253203,1628.5851048673,0.9416302874904453,1628.5851048673,0.9416302874904453
1628.5864937616514,0.9565778039422673,1628.5864937616514,0.9701364357632459,1628.5864937616514,0.9280109812467843,1628.5864937616514,0.9280109812467843
1628.5878826564697,0.954930750272626,1628.5878826564697,0.9701364357632459,1628.5878826564697,0.9264131144702077,1628.5878826564697,0.9264131144702077
1628.5892715508223,0.9661424688513569,1628.5892715508223,0.9701364357632459,1628.5892715508223,0.9372900111709582,1628.5892715508223,0.9372900111709582
1628.5906604451736,0.9747268328713116,1628.5906604451736,0.9703050138994914,1628.5906604451736,0.9457823331174052,1628.5906604451736,0.9457823331174052
1628.592049339525,0.97522908873339,1628.592049339525,0.9704773291297177,1628.592049339525,0.9464377213235888,1628.592049339525,0.9464377213235888
1628.5934382343426,0.9742970340974273,1628.5934382343426,0.9705729266133223,1628.5934382343426,0.9456263237746199,1628.5934382343426,0.9456263237746199
1628.594827128695,0.9607956392184912,1628.594827128695,0.9707321625187371,1628.594827128695,0.9326752285971383,1628.594827128695,0.9326752285971383
1628.5962160230472,0.971304265947565,1628.5962160230472,0.9709007444240934,1628.5962160230472,0.9430400348707885,1628.5962160230472,0.9430400348707885
1628.5976049173985,0.9619936206982364,1628.5976049173985,0.9710812898828944,1628.5976049173985,0.9341740060467593,1628.5976049173985,0.9341740060467593
1628.5989938117502,0.9657559582620358,1628.5989938117502,0.971254620671702,1628.5989938117502,0.9379949369032295,1628.5989938117502,0.9379949369032295
1628.600382706568,0.979793464270246,1628.600382706568,0.97140963193946,1628.600382706568,0.9517808085034482,1628.600382706568,0.9517808085034482
1628.6017716009194,0.9698940949436627,1628.6017716009194,0.9716038664088718,1628.6017716009194,0.9423528526543961,1628.6017716009194,0.9423528526543961
1628.6045493896238,0.9917804782738521,1628.6045493896238,0.9719566478755788,1628.6045493896238,0.9639676290914916,1628.6045493896238,0.9639676290914916
1628.611493861849,0.9629815565112081,1628.611493861849,0.9727377572405113,1628.611493861849,0.9367285195446892,1628.611493861849,0.9367285195446892
1628.612882756666,0.9783804662479131,1628.612882756666,0.9728932215861941,1628.612882756666,0.9518597237449348,1628.612882756666,0.9518597237449348
1628.6156605453696,0.9663349760591099,1628.6156605453696,0.9731894567227367,1628.6156605453696,0.9404270103631439,1628.6156605453696,0.9404270103631439
1628.6184383340735,0.9683344090601745,1628.6184383340735,0.9735391146601244,1628.6184383340735,0.9427114232913771,1628.6184383340735,0.9427114232913771
1628.619827228891,0.9589565743586054,1628.619827228891,0.9736550950465487,1628.619827228891,0.9336929545526407,1628.619827228891,0.9336929545526407
1628.6212161232431,0.969083102661433,1628.6212161232431,0.9737746513811887,1628.6212161232431,0.9436685604535376,1628.6212161232431,0.9436685604535376
1628.6226050175949,0.9582721397847096,1628.6226050175949,0.9737746513811887,1628.6226050175949,0.9331411188471613,1628.6226050175949,0.9331411188471613
1628.6239939119462,0.9688361805062944,1628.6239939119462,0.9738525761799324,1628.6239939119462,0.9435036102823807,1628.6239939119462,0.9435036102823807
1628.6253828062984,0.9883998707529874,1628.6253828062984,0.974060690278548,1628.6253828062984,0.9627614603768826,1628.6253828062984,0.9627614603768826
1628.6267717011167,0.9709126114389366,1628.6267717011167,0.9741272715143421,1628.6267717011167,0.9457924530598759,1628.6267717011167,0.9457924530598759
1628.6281605954684,0.9600712563966277,1628.6281605954684,0.9742673043633926,1628.6281605954684,0.935366034966318,1628.6281605954684,0.935366034966318
1628.630938384171,0.9736894734789169,1628.630938384171,0.9745207872956795,1628.630938384171,0.9488806322761897,1628.630938384171,0.9488806322761897
1628.6323272785228,1.003547005535816,1628.6323272785228,0.9746855600814979,1628.6323272785228,0.9781427751587869,1628.6323272785228,0.9781427751587869
1628.6337161728754,0.9854236720610413,1628.6337161728754,0.9748294808814694,1628.6337161728754,0.9606200466835763,1628.6337161728754,0.9606200466835763
1628.6351050676933,0.988327716669776,1628.6351050676933,0.9749790416633031,1628.6351050676933,0.9635988100479788,1628.6351050676933,0.9635988100479788
1628.6364939620446,0.991367525709243,1628.6364939620446,0.9751213532930153,1628.6364939620446,0.9667036432803452,1628.6364939620446,0.9667036432803452
1628.6378828563963,1.0167935078441714,1628.6378828563963,0.975285845417177,1628.6378828563963,0.9916643159124998,1628.6378828563963,0.9916643159124998
1628.6392717507483,1.0055591840716922,1628.6392717507483,0.9754741792923379,1628.6392717507483,0.980897019812207,1628.6392717507483,0.980897019812207
1628.6406606451003,1.0062139524991403,1628.6406606451003,0.9754741792923379,1628.6406606451003,0.9815357295065984,1628.6406606451003,0.9815357295065984
1628.6420495394525,1.00766440858368,1628.6420495394525,0.9755922484695976,1628.6420495394525,0.9830695860729396,1628.6420495394525,0.9830695860729396
1628.6434384338042,1.0108076565933262,1628.6434384338042,0.9757159692127276,1628.6434384338042,0.9862611723406032,1628.6434384338042,0.9862611723406032
1628.6448273286217,1.0261466410150928,1628.6448273286217,0.9757159692127276,1628.6448273286217,1.001227664392426,1628.6448273286217,1.001227664392426
1628.646216222973,1.013127544388959,1628.646216222973,0.9758421817437057,1628.646216222973,0.9886525933011648,1628.646216222973,0.9886525933011648
1628.6476051173242,1.0317127381435154,1628.6476051173242,0.9759762410930488,1628.6476051173242,1.0069271200611252,1628.6476051173242,1.0069271200611252
1628.648994011677,1.0094203752716833,1628.648994011677,0.9761339220055976,1628.648994011677,0.9853294698663103,1628.648994011677,0.9853294698663103
1628.6503829060296,0.9876884055403456,1628.6503829060296,0.976242179479607,1628.6503829060296,0.964223081671445,1628.6503829060296,0.964223081671445
1628.6517718003809,1.0235487900240146,1628.6517718003809,0.976242179479607,1628.6517718003809,0.9992315015767587,1628.6517718003809,0.9992315015767587
1628.6531606947322,1.0066811501574595,1628.6531606947322,0.976242179479607,1628.6531606947322,0.9827646000707557,1628.6531606947322,0.9827646000707557
1628.6545495890844,0.9857519877702995,1628.6545495890844,0.9764051119494328,1628.6545495890844,0.9624932799732352,1628.6545495890844,0.9624932799732352
1628.655938483903,1.0031371920753493,1628.655938483903,0.9764051119494328,1628.655938483903,0.9794682823289712,1628.655938483903,0.9794682823289712
1628.6573273782544,1.0220226235463252,1628.6573273782544,0.9764051119494328,1628.6573273782544,0.9979081141586027,1628.6573273782544,0.9979081141586027
1628.6587162726055,1.0215734966312933,1628.6587162726055,0.9765518469067201,1628.6587162726055,0.9976194848862455,1628.6587162726055,0.9976194848862455
1628.6601051669577,1.0118030641298215,1628.6601051669577,0.9766664607234812,1628.6601051669577,0.9881941175928463,1628.6601051669577,0.9881941175928463
1628.6614940613097,1.015886352095865,1628.6614940613097,0.9768337707160133,1628.6614940613097,0.9923520959367393,1628.6614940613097,0.9923520959367393
1628.662882955661,1.0008397031819716,1628.662882955661,0.9769365618266372,1628.662882955661,0.9777568985661874,1628.662882955661,0.9777568985661874
1628.6642718500127,1.015396601607127,1628.6642718500127,0.9770423409838569,1628.6642718500127,0.99208547266128,1628.6642718500127,0.99208547266128
1628.6656607443654,1.004455602773189,1628.6656607443654,0.9771720233339577,1628.6656607443654,0.9815259137110072,1628.6656607443654,0.9815259137110072
1628.6670496387176,1.0225361182356416,1628.6670496387176,0.9772995737517782,1628.6670496387176,0.9993241124974904,1628.6670496387176,0.9993241124974904
1628.6684385335343,1.007540878110973,1628.6684385335343,0.9774476208220311,1628.6684385335343,0.9848184341905104,1628.6684385335343,0.9848184341905104
1628.6698274278858,1.0044998419783044,1628.6698274278858,0.9776596336161971,1628.6698274278858,0.982058947476037,1628.6698274278858,0.982058947476037
1628.6712163222385,0.9989765520608568,1628.6712163222385,0.9778666655163539,1628.6712163222385,0.9768658698927744,1628.6712163222385,0.9768658698927744
1628.6726052165911,1.009453736074809,1628.6726052165911,0.9780569365140345,1628.6726052165911,0.9873032286579744,1628.6726052165911,0.9873032286579744
1628.6739941109424,1.0110946340711024,1628.6739941109424,0.9782141995033302,1628.6739941109424,0.989067128089976,1628.6739941109424,0.989067128089976
1628.6753830052935,0.9963590633604091,1628.6753830052935,0.9782141995033302,1628.6753830052935,0.9746525835829905,1628.6753830052935,0.9746525835829905
1628.6767718996457,1.004678379254286,1628.6767718996457,0.9783747473274083,1628.6767718996457,0.982951955448222,1628.6767718996457,0.982951955448222
1628.6781607939972,1.000719602375762,1628.6781607939972,0.9785923374706929,1628.6781607939972,0.9792965348416394,1628.6781607939972,0.9792965348416394
1628.6795496883494,0.9953179114286762,1628.6795496883494,0.9787976315326743,1628.6795496883494,0.9742148143284364,1628.6795496883494,0.9742148143284364
1628.6809385827012,1.0115649876984114,1628.6809385827012,0.978881801145093,1628.6809385827012,0.9902025571335348,1628.6809385827012,0.9902025571335348
1628.6823274770534,1.005524499624848,1628.6823274770534,0.9790427680048647,1628.6823274770534,0.9844514894094176,1628.6823274770534,0.9844514894094176
1628.6837163714051,0.9867249883536745,1628.6837163714051,0.9791926286881851,1628.6837163714051,0.9661938351383534,1628.6837163714051,0.9661938351383534
1628.6851052657564,1.0134947565948496,1628.6851052657564,0.9793439794031471,1628.6851052657564,0.992559988027824,1628.6851052657564,0.992559988027824
1628.6864941601086,1.000449970435599,1628.6864941601086,0.979468783070803,1628.6864941601086,0.9799095150657768,1628.6864941601086,0.9799095150657768
1628.6878830544613,1.0128559160973138,1628.6878830544613,0.9796002452495786,1628.6878830544613,0.9921939038114151,1628.6878830544613,0.9921939038114151
1628.6892719492787,1.0109035187640243,1628.6892719492787,0.9796871255005144,1628.6892719492787,0.9903691624562824,1628.6892719492787,0.9903691624562824
1628.69066084363,1.0064422177080947,1628.69066084363,0.9797967867238215,1628.69066084363,0.986108850933588,1628.69066084363,0.986108850933588
1628.6920497379813,0.9978287901872186,1628.6920497379813,0.9799206556261418,1628.6920497379813,0.9777930422828992,1628.6920497379813,0.9777930422828992
1628.6934386323333,1.0042494991006277,1628.6934386323333,0.9800951862114472,1628.6934386323333,0.9842600998237822,1628.6934386323333,0.9842600998237822
1628.6948275266857,0.9891332535724612,1628.6948275266857,0.9801818036427308,1628.6948275266857,0.9695304165296575,1628.6948275266857,0.9695304165296575
1628.696216421038,1.014354814842113,1628.696216421038,0.9803237233034292,1628.696216421038,0.9943960888367808,1628.696216421038,0.9943960888367808
1628.6976053153892,1.0043942937347194,1628.6976053153892,0.9804468970856447,1628.6976053153892,0.9847552687427332,1628.6976053153892,0.9847552687427332
1628.698994209741,1.027020077378462,1628.698994209741,0.9804178200324811,1628.698994209741,1.0069087853929817,1628.698994209741,1.0069087853929817
1628.7003831040931,0.9897880303153408,1628.7003831040931,0.9806456606877394,1628.7003831040931,0.9706313369294036,1628.7003831040931,0.9706313369294036
1628.7017719984449,0.9914951856818096,1628.7017719984449,0.9806010765161541,1628.7017719984449,0.9722612464401666,1628.7017719984449,0.9722612464401666
1628.703160892797,1.0091198632154554,1628.703160892797,0.9807020751160027,1628.703160892797,0.989645943896174,1628.703160892797,0.989645943896174
1628.7045497871488,0.9914312262773851,1628.7045497871488,0.9808015684232505,1628.7045497871488,0.9723973017166458,1628.7045497871488,0.9723973017166458
1628.705938681501,0.9971009188118934,1628.705938681501,0.980897667470191,1628.705938681501,0.9780539654949706,1628.705938681501,0.9780539654949706
1628.7073275758523,1.014127496295803,1628.7073275758523,0.9809691954633442,1628.7073275758523,0.9948278341385494,1628.7073275758523,0.9948278341385494
1628.7101053645565,1.0201098826607455,1628.7101053645565,0.981269936960887,1628.7101053645565,1.0010031602516876,1628.7101053645565,1.0010031602516876
1628.7114942589087,1.011980260323163,1628.7114942589087,0.9814924009437841,1628.7114942589087,0.9932509354122968,1628.7114942589087,0.9932509354122968
1628.714272047611,1.0051763919010048,1628.714272047611,0.981863754838774,1628.714272047611,0.9869462664272116,1628.714272047611,0.9869462664272116
1628.7156609419633,1.0163415485432667,1628.7156609419633,0.9820033653274667,1628.7156609419633,0.9980508209916168,1628.7156609419633,0.9980508209916168
1628.717049836316,0.9932526936017815,1628.717049836316,0.9825110310869682,1628.717049836316,0.9758817281205948,1628.717049836316,0.9758817281205948
1628.719827625019,1.0000681201432269,1628.719827625019,0.9829037602134009,1628.719827625019,0.9829707157583248,1628.719827625019,0.9829707157583248
1628.7212165193712,1.0164084806017264,1628.7212165193712,0.9832691594070397,1628.7212165193712,0.999403112335446,1628.7212165193712,0.999403112335446
1628.7253832024264,0.9987545143936688,1628.7253832024264,0.9843478219606426,1628.7253832024264,0.9831218309167672,1628.7253832024264,0.9831218309167672
1628.726772096779,0.9994056615672666,1628.726772096779,0.9845541291493758,1628.726772096779,0.983968970791316,1628.726772096779,0.983968970791316
1628.7281609911308,0.9814795628904225,1628.7281609911308,0.9848112746502321,1628.7281609911308,0.9665721393732696,1628.7281609911308,0.9665721393732696
1628.729549885482,0.9932805292816297,1628.729549885482,0.9851081279936135,1628.729549885482,0.9784887227731318,1628.729549885482,0.9784887227731318
1628.7309387798334,0.9930092873489886,1628.7309387798334,0.9852987823319388,1628.7309387798334,0.9784108416692648,1628.7309387798334,0.9784108416692648
1628.7323276741852,1.004625731537839,1628.7323276741852,0.9854818522631603,1628.7323276741852,0.990040426747142,1628.7323276741852,0.990040426747142
1628.7337165685378,1.0020563007993628,1628.7337165685378,0.9861321364999489,1628.7337165685378,0.9881599208005112,1628.7337165685378,0.9881599208005112
1628.73510546289,0.9941762703295444,1628.73510546289,0.9860636915312785,1628.73510546289,0.9803211231539488,1628.73510546289,0.9803211231539488
1628.7364943567757,1.0007532079043948,1628.7364943567757,0.9863204848951619,1628.7364943567757,0.9870633892806514,1628.7364943567757,0.9870633892806514
1628.7378832511274,1.016128629743075,1628.7378832511274,0.9867819985096906,1628.7378832511274,1.0026974400007849,1628.7378832511274,1.0026974400007849
1628.7392721454796,1.0011999501449063,1628.7392721454796,0.987167704976665,1628.7392721454796,0.9883522570072986,1628.7392721454796,0.9883522570072986
1628.7406610398314,1.0153248511055717,1628.7406610398314,0.9871640578873755,1628.7406610398314,1.0022922000912715,1628.7406610398314,1.0022922000912715
1628.7420499341836,0.997722206567551,1628.7420499341836,0.9876127494697825,1628.7420499341836,0.9853631716352372,1628.7420499341836,0.9853631716352372
1628.743438828535,1.0055183973480701,1628.743438828535,0.9878039713071042,1628.743438828535,0.9932550661227784,1628.743438828535,0.9932550661227784
1628.744827722887,0.9997950401164009,1628.744827722887,0.9882716012022683,1628.744827722887,0.9880690451699216,1628.744827722887,0.9880690451699216
1628.7462166172384,0.9971177931649686,1628.7462166172384,0.9886682148085731,1628.7462166172384,0.9858186685222736,1628.7462166172384,0.9858186685222736
1628.7476055115897,1.006799716694996,1628.7476055115897,0.9890934771119053,1628.7476055115897,0.9958190325411348,1628.7476055115897,0.9958190325411348
1628.7489944059423,0.967896370447606,1628.7489944059423,0.989392321819302,1628.7489944059423,0.9576292372376322,1628.7489944059423,0.9576292372376322
1628.750383300295,0.9814532514580425,1628.750383300295,0.9896810052574033,1628.750383300295,0.9713256405161426,1628.750383300295,0.9713256405161426
1628.7517721946465,0.9955934080972763,1628.7517721946465,0.9901154397210721,1628.7517721946465,0.9857524050416354,1628.7517721946465,0.9857524050416354
1628.7531610889976,1.0172663898525147,1628.7531610889976,0.9903092771381887,1628.7531610889976,1.0074083431918188,1628.7531610889976,1.0074083431918188
1628.7545499833498,1.0055129301487598,1628.7545499833498,0.9906537479347943,1628.7545499833498,0.996115152848766,1628.7545499833498,0.996115152848766
1628.7559388772368,1.0042983629305908,1628.7559388772368,0.9910144691819288,1628.7559388772368,0.9952742090399396,1628.7559388772368,0.9952742090399396
1628.7573277715885,0.9891923563707374,1628.7573277715885,0.9911652950631505,1628.7573277715885,0.9804531337764152,1628.7573277715885,0.9804531337764152
1628.7587166659398,1.011676777175806,1628.7587166659398,0.9915363485300296,1628.7587166659398,1.003114297533527,1628.7587166659398,1.003114297533527
1628.7601055602918,0.9995528725538204,1628.7601055602918,0.9919761856871042,1628.7601055602918,0.991532645908527,1628.7601055602918,0.991532645908527
1628.7614944546438,0.990412063821244,1628.7614944546438,0.99224740711387,1628.7614944546438,0.9827338023009262,1628.7614944546438,0.9827338023009262
1628.762883348995,0.9980192567735668,1628.762883348995,0.9929462464818317,1628.762883348995,0.9909794749299006,1628.762883348995,0.9909794749299006
1628.7642722433468,0.9918189221093201,1628.7642722433468,0.9930886634998899,1628.7642722433468,0.984964127791446,1628.7642722433468,0.984964127791446
1628.7656611376997,0.9906000131714912,1628.7656611376997,0.9932230706458731,1628.7656611376997,0.9838867868640307,1628.7656611376997,0.9838867868640307
1628.7670500320517,0.9882322369376606,1628.7670500320517,0.9934096642612158,1628.7670500320517,0.9817194547083516,1628.7670500320517,0.9817194547083516
1628.7684389259373,0.9915069600082915,1628.7684389259373,0.9933980854827448,1628.7684389259373,0.9849611158150532,1628.7684389259373,0.9849611158150532
1628.7698278202886,0.9910360765592917,1628.7698278202886,0.9937370602336528,1628.7698278202886,0.9848292773055238,1628.7698278202886,0.9848292773055238
1628.7712167146412,1.007175976555026,1628.7712167146412,0.9939485757356424,1628.7712167146412,1.001081127412023,1628.7712167146412,1.001081127412023
1628.772605608994,1.0044699748503823,1628.772605608994,0.9940835291132127,1628.772605608994,0.998527057487528,1628.772605608994,0.998527057487528
1628.7739945033452,1.0011384313248302,1628.7739945033452,0.9941112431623425,1628.7739945033452,0.9952429705419242,1628.7739945033452,0.9952429705419242
1628.7753833976965,0.9940926648193942,1628.7753833976965,0.9942757760867176,1628.7753833976965,0.9884022558154164,1628.7753833976965,0.9884022558154164
1628.7767722920482,0.9952367913091776,1628.7767722920482,0.9943620747021544,1628.7767722920482,0.989625720626109,1628.7767722920482,0.989625720626109
1628.7781611864,1.0046062565909846,1628.7781611864,0.9945206392772354,1628.7781611864,0.9991016565267764,1628.7781611864,0.9991016565267764
1628.7795500802863,1.0073473281088612,1628.7795500802863,0.9947369892672493,1628.7795500802863,1.0020456483094164,1628.7795500802863,1.0020456483094164
1628.7809389746385,1.0072722834602572,1628.7809389746385,0.9950373323035873,1628.7809389746385,1.0022735258376372,1628.7809389746385,1.0022735258376372
1628.7823278689905,0.9954050626045853,1628.7823278689905,0.9951645956113687,1628.7823278689905,0.9905918765964012,1628.7823278689905,0.9905918765964012
1628.7837167633422,0.9938257090834278,1628.7837167633422,0.9956281856528164,1628.7837167633422,0.989480887589857,1628.7837167633422,0.989480887589857
1628.7851056576935,0.996306529347453,1628.7851056576935,0.9957383326511868,1628.7851056576935,0.9920606023419236,1628.7851056576935,0.9920606023419236
1628.7864945520455,0.9971249333123833,1628.7864945520455,0.99584910011986,1628.7864945520455,0.9929859675462124,1628.7864945520455,0.9929859675462124
1628.7878834463984,0.9792191813457308,1628.7878834463984,0.9961856137659594,1628.7878834463984,0.9754840611802972,1628.7878834463984,0.9754840611802972
1628.7892723402845,0.9967741395104255,1628.7892723402845,0.9964409609578986,1628.7892723402845,0.9932265814317508,1628.7892723402845,0.9932265814317508
1628.7906612346358,0.9909773869715701,1628.7906612346358,0.9964574721750522,1628.7906612346358,0.9874668220043292,1628.7906612346358,0.9874668220043292
1628.793439023339,0.9993457668173477,1628.793439023339,0.9964388368299737,1628.793439023339,0.995786933478436,1628.793439023339,0.995786933478436
1628.7948279176917,0.986240125068875,1628.7948279176917,0.996564299788495,1628.7948279176917,0.9828516996625812,1628.7948279176917,0.9828516996625812
1628.7962168120437,0.9720156132168566,1628.7962168120437,0.9967111663839443,1628.7962168120437,0.968818815592778,1628.7962168120437,0.968818815592778
1628.7976057059293,0.977909928540399,1628.7976057059293,0.9968409394520515,1628.7976057059293,0.9748206518657,1628.7976057059293,0.9748206518657
1628.798994600281,1.0008408011568037,1628.798994600281,0.997064126968799,1628.798994600281,0.9979024596401618,1628.798994600281,0.9979024596401618
1628.8003834946333,0.9993589584616018,1628.8003834946333,0.9971807969616416,1628.8003834946333,0.9965415626494962,1628.8003834946333,0.9965415626494962
1628.801772388985,1.0197080461818275,1628.801772388985,0.9972334244596919,1628.801772388985,1.0168869468430055,1628.801772388985,1.0168869468430055
1628.8031612833372,0.988024434267766,1628.8031612833372,0.997374157291429,1628.8031612833372,0.985430037511154,1628.8031612833372,0.985430037511154
1628.8045501772233,1.0093368643291587,1628.8045501772233,0.9975381953868507,1628.8045501772233,1.0068520741803315,1628.8045501772233,1.0068520741803315
1628.8059390715755,1.00543188278311,1628.8059390715755,0.9977105988428563,1628.8059390715755,1.003130045867237,1628.8059390715755,1.003130045867237
1628.8073279659268,0.9905423156622942,1628.8073279659268,0.9978137040853897,1628.8073279659268,0.9883766970443132,1628.8073279659268,0.9883766970443132
1628.808716860278,0.9910581678684,1628.808716860278,0.9978979979948909,1628.808716860278,0.9889749616123608,1628.808716860278,0.9889749616123608
1628.8101057546307,0.9877978766777664,1628.8101057546307,0.9979999148743519,1628.8101057546307,0.9858221968374764,1628.8101057546307,0.9858221968374764
1628.8114946485175,1.0020005145769892,1628.8114946485175,0.9980977808424248,1628.8114946485175,1.0000944900022608,1628.8114946485175,1.0000944900022608
1628.8128835428686,1.00329955317666,1628.8128835428686,0.9982368647282011,1628.8128835428686,1.001530600346274,1628.8128835428686,1.001530600346274
1628.81427243722,0.9939556912634059,1628.81427243722,0.9983932992897815,1628.81427243722,0.9923587019483272,1628.81427243722,0.9923587019483272
1628.817050225459,1.0096203868605436,1628.817050225459,0.9985846008245249,1628.817050225459,1.0081913709974384,1628.817050225459,1.0081913709974384
1628.819828014162,0.9979038298189706,1628.819828014162,0.9985970993789345,1628.819828014162,0.996503869916354,1628.819828014162,0.996503869916354
1628.8212169085143,1.0201426963128226,1628.8212169085143,0.998573120927203,1628.8212169085143,1.0186870760481872,1628.8212169085143,1.0186870760481872
1628.822605802866,1.00348556387061,1628.822605802866,0.9986834313492672,1628.822605802866,1.0021644062357549,1628.822605802866,1.0021644062357549
1628.8239946967517,0.9937343775392885,1628.8239946967517,0.9988530186366246,1628.8239946967517,0.9925945827281054,1628.8239946967517,0.9925945827281054
1628.825383591104,0.9877793426381781,1628.825383591104,0.9990004088806907,1628.825383591104,0.9867919671794398,1628.825383591104,0.9867919671794398
1628.8267724854566,0.9997937276095585,1628.8267724854566,0.9989755396314542,1628.8267724854566,0.998769478558902,1628.8267724854566,0.998769478558902
1628.8281613798083,0.9951541421850435,1628.8281613798083,0.9991012781274433,1628.8281613798083,0.9942597753908964,1628.8281613798083,0.9942597753908964
1628.829550273694,1.0153326708790495,1628.829550273694,0.9991283697874327,1628.829550273694,1.0144476762473047,1628.829550273694,1.0144476762473047
1628.8309391680452,1.0068459471163085,1628.8309391680452,0.9992054753982887,1628.8309391680452,1.0060459832411912,1628.8309391680452,1.0060459832411912
1628.8337169567503,0.9836379052964821,1628.8337169567503,0.9993763922250979,1628.8337169567503,0.9830245010510508,1628.8337169567503,0.9830245010510508
1628.8351058506362,1.0012196168628529,1628.8351058506362,0.9994362186280495,1628.8351058506362,1.0006551478936343,1628.8351058506362,1.0006551478936343
1628.8392725336914,0.9991938602448143,1628.8392725336914,0.9996411622389991,1628.8392725336914,0.9988353117571982,1628.8392725336914,0.9988353117571982
1628.8406614275775,1.0099235562933488,1628.8406614275775,0.9997284778563442,1628.8406614275775,1.0096493396844155,1628.8406614275775,1.0096493396844155
1628.8420503219295,0.9836292504973766,1628.8420503219295,0.9998357525112397,1628.8420503219295,0.9834676918631112,1628.8420503219295,0.9834676918631112
1628.8434392162817,0.9986955532316776,1628.8434392162817,0.9999034936889917,1628.8434392162817,0.9985991728080148,1628.8434392162817,0.9985991728080148
1628.8448281101678,1.009316696425065,1628.8448281101678,1.0000124829536252,1628.8448281101678,1.0093292956785798,1628.8448281101678,1.0093292956785798
1628.8462170045188,1.0201234628362097,1628.8462170045188,1.0000414866527154,1628.8462170045188,1.0201657843440393,1628.8462170045188,1.0201657843440393
1628.847605898871,1.00877281486816,1628.847605898871,1.0000487502524902,1628.847605898871,1.00882199279759,1628.847605898871,1.00882199279759
1628.8489947932237,0.9886413685576698,1628.8489947932237,1.0000951790064974,1628.8489947932237,0.9887354664609114,1628.8489947932237,0.9887354664609114
1628.8503836871098,0.9994670062659166,1628.8503836871098,1.0001632961253466,1628.8503836871098,0.9996302153554516,1628.8503836871098,0.9996302153554516
1628.851772581461,1.0175320541359905,1628.851772581461,1.0002309432985337,1628.851772581461,1.0177670463449364,1628.851772581461,1.0177670463449364
1628.8531614758124,0.998418749630734,1628.8531614758124,1.0002975863068364,1628.8531614758124,0.9987158653791128,1628.8531614758124,0.9987158653791128
1628.854550369699,0.9912672140735023,1628.854550369699,1.0004403576431558,1628.854550369699,0.9917037261676293,1628.854550369699,0.9917037261676293
1628.8559392640516,0.9891715360837358,1628.8559392640516,1.0004951738929064,1628.8559392640516,0.9896613480040106,1628.8559392640516,0.9896613480040106
1628.857328158403,0.9952437514844452,1628.857328158403,1.0005349693827783,1628.857328158403,0.9957761764198908,1628.857328158403,0.9957761764198908
1628.858717052289,1.0065653501797531,1628.858717052289,1.0005963127130408,1628.858717052289,1.0071655778945716,1628.858717052289,1.0071655778945716
1628.860105946641,0.9870198104708151,1628.860105946641,1.0006789691036244,1628.860105946641,0.98768996642679,1628.860105946641,0.98768996642679
1628.861494840993,0.9972738666087261,1628.861494840993,1.000701588297587,1628.861494840993,0.997973542283028,1628.861494840993,0.997973542283028
1628.862883734879,0.9995260379967942,1628.862883734879,1.000797309823527,1628.862883734879,1.00032296992576,1628.862883734879,1.00032296992576
1628.8642726292312,0.9813257446056936,1628.8642726292312,1.0008733472376796,1628.8642726292312,0.9821827827340088,1628.8642726292312,0.9821827827340088
1628.865661523583,1.0227465630470112,1628.865661523583,1.000909045157894,1628.865661523583,1.0236762858579016,1628.865661523583,1.0236762858579016
1628.8670504174695,0.9897661109019539,1628.8670504174695,1.0009855903719589,1628.8670504174695,0.99074161485135,1628.8670504174695,0.99074161485135
1628.8684393118208,1.0099763429737416,1628.8684393118208,1.0009746022096568,1628.8684393118208,1.0109606681493049,1628.8684393118208,1.0109606681493049
1628.869828206172,1.0131151667856515,1628.869828206172,1.0010125247770874,1628.869828206172,1.014140970994065,1628.869828206172,1.014140970994065
1628.8726059944115,0.976040663496413,1628.8726059944115,1.0010763775796352,1628.8726059944115,0.9770912517834128,1628.8726059944115,0.9770912517834128
1628.873994888763,0.998235427064924,1628.873994888763,1.0011571629245193,1628.873994888763,0.9993905480910652,1628.873994888763,0.9993905480910652
1628.875383782649,0.9794759934292773,1628.875383782649,1.0012934390272035,1628.875383782649,0.9807428859053876,1628.875383782649,0.9807428859053876
1628.8767726770004,1.0041169242458579,1628.8767726770004,1.0013575626766906,1628.8767726770004,1.0054800759052474,1628.8767726770004,1.0054800759052474
1628.8781615713522,1.0067896501255686,1628.8781615713522,1.0013690183568171,1628.8781615713522,1.008167963638044,1628.8781615713522,1.008167963638044
1628.8795504652387,1.0066234312529434,1628.8795504652387,1.0014439209305561,1628.8795504652387,1.0080769158945178,1628.8795504652387,1.0080769158945178
1628.8809393595905,1.0051020438474483,1628.8809393595905,1.0014358273127997,1628.8809393595905,1.0065451968141552,1628.8809393595905,1.0065451968141552
1628.882328253943,1.0155008934988372,1628.882328253943,1.0015164164989483,1628.882328253943,1.0170408158084356,1628.882328253943,1.0170408158084356
1628.8837171478287,1.0099257087441318,1628.8837171478287,1.0015496855231312,1628.8837171478287,1.0114907759944105,1628.8837171478287,1.0114907759944105
1628.88510604218,1.004565956442224,1628.88510604218,1.001655595586307,1628.88510604218,1.006229111405864,1628.88510604218,1.006229111405864
1628.8864949365322,1.0221309043059768,1628.8864949365322,1.0016639742782656,1628.8864949365322,1.0238317038397622,1628.8864949365322,1.0238317038397622
1628.8878838304192,1.0199116780310653,1628.8878838304192,1.001707591359245,1628.8878838304192,1.0216532703996644,1628.8878838304192,1.0216532703996644
1628.8906616186566,1.0258444667571267,1628.8906616186566,1.0019796103866965,1628.8906616186566,1.0278752391186543,1628.8906616186566,1.0278752391186543
1628.892050513008,0.9889133515258344,1628.892050513008,1.002124530193177,1628.892050513008,0.9910143277995868,1628.892050513008,0.9910143277995868
1628.894828301247,0.9931546770252847,1628.894828301247,1.0023128990498884,1628.894828301247,0.9954517435341688,1628.894828301247,0.9954517435341688
1628.8962171955989,1.014712007175899,1628.8962171955989,1.002387570288304,1628.8962171955989,1.0171347034154177,1628.8962171955989,1.0171347034154177
1628.8976060894845,0.9932835978484595,1628.8976060894845,1.0024237475877351,1628.8976060894845,0.9956910665726816,1628.8976060894845,0.9956910665726816
1628.8989949838362,0.9989967610572983,1628.8989949838362,1.0025671368998899,1628.8989949838362,1.001561322505479,1628.8989949838362,1.001561322505479
1628.9031616664267,1.0097186560945046,1628.9031616664267,1.0027980001024945,1628.9031616664267,1.0125438489977476,1628.9031616664267,1.0125438489977476
1628.9073283490163,1.0023567331325969,1628.9073283490163,1.0029466948436723,1628.9073283490163,1.0053103725496388,1628.9073283490163,1.0053103725496388
1628.908717242902,0.9910267451796313,1628.908717242902,1.0029601155726995,1628.908717242902,0.9939602988809992,1628.908717242902,0.9939602988809992
1628.9101061372546,1.0203095640967137,1628.9101061372546,1.0029928645547814,1628.9101061372546,1.0233632124260033,1628.9101061372546,1.0233632124260033
1628.9114950311414,1.0013794697687617,1628.9114950311414,1.0031133743490694,1628.9114950311414,1.0044971389236246,1628.9114950311414,1.0044971389236246
1628.9128839254925,1.0081969071734604,1628.9128839254925,1.0032490785111705,1628.9128839254925,1.0114726180795863,1628.9128839254925,1.0114726180795863
1628.914272819378,1.003974089829152,1628.914272819378,1.0033701727336186,1628.914272819378,1.007357655931954,1628.914272819378,1.007357655931954
1628.9156617137303,0.9987100928201222,1628.9156617137303,1.0034698905367683,1628.9156617137303,1.0021755075201737,1628.9156617137303,1.0021755075201737
1628.917050608083,0.9994158268825236,1628.917050608083,1.0035003481148654,1628.917050608083,1.0029141301881186,1628.917050608083,1.0029141301881186
1628.918439501969,1.008979977801445,1628.918439501969,1.003646697768304,1628.918439501969,1.012659422834757,1628.918439501969,1.012659422834757
1628.9198283963203,1.0057425130309847,1628.9198283963203,1.003745818705489,1628.9198283963203,1.0095098421492017,1628.9198283963203,1.0095098421492017
1628.9212172902069,0.9907013713560832,1628.9212172902069,1.0037958468492343,1628.9212172902069,0.9944619220350772,1628.9212172902069,0.9944619220350772
1628.9226061845586,1.009725365771221,1628.9226061845586,1.0039288692195178,1628.9226061845586,1.013692444680966,1628.9226061845586,1.013692444680966
1628.9253839727965,1.0145008538793916,1628.9253839727965,1.0040739633244702,1628.9253839727965,1.01863389315074,1628.9253839727965,1.01863389315074
1628.9267728666837,1.0146420685020787,1628.9267728666837,1.0040913810036114,1628.9267728666837,1.0187933557866131,1628.9267728666837,1.0187933557866131
1628.9281617610352,1.012238612794021,1628.9281617610352,1.0041589762428282,1628.9281617610352,1.0164484891367047,1628.9281617610352,1.0164484891367047
1628.9295506549208,1.0101829142456074,1628.9295506549208,1.0041546431299155,1628.9295506549208,1.014379863750236,1628.9295506549208,1.014379863750236
1628.930939549272,1.0146451981078342,1628.930939549272,1.004237981270158,1628.930939549272,1.018945245453271,1628.930939549272,1.018945245453271
1628.9323284436248,0.9979655548923503,1628.9323284436248,1.0043825480841553,1628.9323284436248,1.0023391869229967,1628.9323284436248,1.0023391869229967
1628.9337173375118,1.0027676598432882,1628.9337173375118,1.0044026860382003,1628.9337173375118,1.007182531018839,1628.9337173375118,1.007182531018839
1628.935106231863,1.0169583311604447,1628.935106231863,1.0045217033390847,1628.935106231863,1.021556715042163,1628.935106231863,1.021556715042163
1628.9364951257487,0.9968984154039177,1628.9364951257487,1.0046296772100771,1628.9364951257487,1.0015137332784751,1628.9364951257487,1.0015137332784751
1628.9378840201005,0.9850324678260224,1628.9378840201005,1.0047297932749335,1628.9378840201005,0.989691467767937,1628.9378840201005,0.989691467767937
1628.939272913987,0.9890572119579097,1628.939272913987,1.0048045469030453,1628.939272913987,0.9938091837225568,1628.939272913987,0.9938091837225568
1628.9406618083387,1.0132706518253227,1628.9406618083387,1.0048114500711394,1628.9406618083387,1.018145952975131,1628.9406618083387,1.018145952975131
1628.9420507022253,1.011837415982462,1628.9420507022253,1.0049173140063434,1628.9420507022253,1.016812938280215,1628.9420507022253,1.016812938280215
1628.943439596577,0.9892557362947962,1628.943439596577,1.0050223734226778,1628.943439596577,0.9942241480129947,1628.943439596577,0.9942241480129947
1628.9448284904634,1.0267388616627402,1628.9448284904634,1.0050752721207474,1628.9448284904634,1.031949840782625,1628.9448284904634,1.031949840782625
1628.9462173848144,1.0048485796123583,1628.9462173848144,1.0050757982828207,1628.9462173848144,1.0099489883072494,1628.9462173848144,1.0099489883072494
1628.947606278701,1.0258727671942156,1628.947606278701,1.0050884704647585,1628.947606278701,1.0310928904706833,1628.947606278701,1.0310928904706833
1628.9489951730536,0.9841454567194897,1628.9489951730536,1.005075023376968,1628.9489951730536,0.989140017918678,1628.9489951730536,0.989140017918678
1628.9503840669397,1.0073610037864247,1628.9503840669397,1.0051303649196341,1628.9503840669397,1.012529133341658,1628.9503840669397,1.012529133341658
1628.951772961291,1.0054456708949366,1628.951772961291,1.0052504382593073,1628.951772961291,1.0107247013130582,1628.951772961291,1.0107247013130582
1628.9531618551766,1.0051203998784677,1628.9531618551766,1.0052838793587204,1628.9531618551766,1.0104313348124143,1628.9531618551766,1.0104313348124143
1628.9545507490632,1.004881446238619,1628.9545507490632,1.0053302422291024,1628.9545507490632,1.0102377077586016,1628.9545507490632,1.0102377077586016
1628.9559396434158,0.9959561030743304,1628.9559396434158,1.0053691927705446,1628.9559396434158,1.0013035833827368,1628.9559396434158,1.0013035833827368
1628.957328537302,1.0238387759491343,1628.957328537302,1.0054569418034343,1628.957328537302,1.0294258045655882,1628.957328537302,1.0294258045655882
1628.9587174316532,1.0355501729612349,1628.9587174316532,1.005416445218714,1628.9587174316532,1.041159173744309,1628.9587174316532,1.041159173744309
1628.9601063255395,0.9900283761134311,1628.9601063255395,1.0054901611483564,1628.9601063255395,0.9954637914397394,1628.9601063255395,0.9954637914397394
1628.9614952198915,1.000636273293539,1628.9614952198915,1.005520480403388,1628.9614952198915,1.006160266231175,1628.9614952198915,1.006160266231175
1628.9628841137776,1.0144236008364167,1628.9628841137776,1.0055890240527914,1628.9628841137776,1.0200932387412107,1628.9628841137776,1.0200932387412107
1628.9642730081298,1.0083646704344227,1628.9642730081298,1.00567854442942,1628.9642730081298,1.014090714016542,1628.9642730081298,1.014090714016542
1628.965661902016,1.0064271124934876,1628.965661902016,1.0057717308967082,1628.965661902016,1.012235938953951,1628.965661902016,1.012235938953951
1628.967050796368,1.0053324905626015,1628.967050796368,1.0058056477910189,1628.967050796368,1.011169096915676,1628.967050796368,1.011169096915676
1628.9684396902535,1.0080477369295942,1628.9684396902535,1.005847812250294,1628.9684396902535,1.0139426108344922,1628.9684396902535,1.0139426108344922
1628.969828584605,1.010525203303953,1628.969828584605,1.0059801343073411,1628.969828584605,1.0165682797406637,1628.969828584605,1.0165682797406637
1628.971217478492,1.018022432348983,1628.971217478492,1.0060646785449003,1628.971217478492,1.0241964111526771,1628.971217478492,1.0241964111526771
1628.972606372378,1.019195115226391,1628.972606372378,1.0060658148270611,1628.972606372378,1.0253773640679995,1628.972606372378,1.0253773640679995
1628.9739952667294,0.9975764489556962,1628.9739952667294,1.006038788993913,1628.9739952667294,1.0036006026362367,1628.9739952667294,1.0036006026362367
1628.975384160616,0.9885870294543643,1628.975384160616,1.0061548574003318,1628.975384160616,0.9946716416484735,1628.975384160616,0.9946716416484735
1628.9767730549677,0.9931933412798158,1628.9767730549677,1.0062804019037639,1628.9767730549677,0.9994309946311952,1628.9767730549677,0.9994309946311952
1628.9781619488538,1.0291074361383226,1628.9781619488538,1.0062403683782108,1628.9781619488538,1.0355294456405817,1628.9781619488538,1.0355294456405817
1628.979550843206,0.9948675480281067,1628.979550843206,1.0062616373837003,1628.979550843206,1.0010970478586698,1628.979550843206,1.0010970478586698
1628.980939737092,1.0025625451136453,1628.980939737092,1.0063369245230178,1628.980939737092,1.0089157082916351,1628.980939737092,1.0089157082916351
1628.9823286309786,0.9905531682346544,1628.9823286309786,1.006455913096293,1628.9823286309786,0.996948093406035,1628.9823286309786,0.996948093406035
1628.98371752533,1.0065371237581164,1628.98371752533,1.0065649140157527,1628.98371752533,1.0131449534292514,1628.98371752533,1.0131449534292514
1628.9851064192155,1.0057550418690833,1628.9851064192155,1.0065700196376055,1628.9851064192155,1.012362872244784,1628.9851064192155,1.012362872244784
1628.9864953135682,0.9943029559613835,1628.9864953135682,1.0065954414118117,1628.9864953135682,1.000860822853018,1628.9864953135682,1.000860822853018
1628.9878842074552,1.0037570581066129,1628.9878842074552,1.006568876089316,1628.9878842074552,1.0103506138450915,1628.9878842074552,1.0103506138450915
1628.9892731013408,1.0050172695718578,1628.9892731013408,1.0066365897236718,1628.9892731013408,1.011687156855211,1628.9892731013408,1.011687156855211
1628.990661995692,0.996169218103022,1628.990661995692,1.0067208314292875,1628.990661995692,1.0028643034929374,1628.990661995692,1.0028643034929374
1628.9920508895782,1.009759681030383,1628.9920508895782,1.0068240103601658,1628.9920508895782,1.016650291555012,1628.9920508895782,1.016650291555012
1628.9934397839309,0.9947285693483869,1628.9934397839309,1.0068282150224592,1628.9934397839309,1.001520789908881,1628.9934397839309,1.001520789908881
1628.9948286778172,1.004307267336297,1628.9948286778172,1.006831372354753,1628.9948286778172,1.0111680642380556,1628.9948286778172,1.0111680642380556
1628.9976064660548,1.0067214226925654,1628.9976064660548,1.006820875560968,1628.9976064660548,1.013588144241312,1628.9976064660548,1.013588144241312
1628.9989953599409,1.0188014603105482,1628.9989953599409,1.0068757079584136,1628.9989953599409,1.025806441619249,1628.9989953599409,1.025806441619249
1629.0003842538265,1.0053455175285522,1629.0003842538265,1.0069691717151867,1629.0003842538265,1.012351943073302,1629.0003842538265,1.012351943073302
1629.0017731481787,1.0104348022000933,1629.0017731481787,1.0069835610851692,1629.0017731481787,1.0174912353638386,1629.0017731481787,1.0174912353638386
1629.0031620420657,1.0030452778345345,1629.0031620420657,1.0069827019907582,1629.0031620420657,1.0100492440928903,1629.0031620420657,1.0100492440928903
1629.0045509364174,1.0194645143745806,1629.0045509364174,1.006965367794063,1629.0045509364174,1.0265654596701954,1629.0045509364174,1.0265654596701954
1629.005939830303,0.9956271246380275,1629.005939830303,1.006956850387313,1629.005939830303,1.0025535535856849,1629.005939830303,1.0025535535856849
1629.0073287241887,1.005644487588548,1629.0073287241887,1.0069546818525297,1629.0073287241887,1.0126384250564766,1629.0073287241887,1.0126384250564766
1629.0087176185414,0.9978418247104371,1629.0087176185414,1.0069058408386122,1629.0087176185414,1.0047327615339978,1629.0087176185414,1.0047327615339978
1629.0101065124284,0.9886472301794579,1629.0101065124284,1.0069212112888364,1629.0101065124284,0.9954898665496528,1629.0101065124284,0.9954898665496528
1629.011495406314,0.9930644687169204,1629.011495406314,1.0069269481927852,1629.011495406314,0.9999433748438182,1629.011495406314,0.9999433748438182
1629.0128843006653,0.9957491178125968,1629.0128843006653,1.0070334688884897,1629.0128843006653,1.0027526882534727,1629.0128843006653,1.0027526882534727
1629.0142731945514,1.0047842376107357,1629.0142731945514,1.0070710641247855,1629.0142731945514,1.0118891313864549,1629.0142731945514,1.0118891313864549
1629.015662088438,1.0182027861689626,1629.015662088438,1.0071533151224097,1629.015662088438,1.0254863115569448,1629.015662088438,1.0254863115569448
1629.0170509827897,1.0069741134571308,1629.0170509827897,1.0072031944487663,1629.0170509827897,1.0142275438012365,1629.0170509827897,1.0142275438012365
1629.0184398766762,1.0110516517124057,1629.0184398766762,1.0073287039358674,1629.0184398766762,1.0184613499316757,1629.0184398766762,1.0184613499316757
1629.0198287705623,0.9914271949949538,1629.0198287705623,1.0073766936028865,1629.0198287705623,0.9987406496420008,1629.0198287705623,0.9987406496420008
1629.0212176649145,0.9933832325545512,1629.0212176649145,1.0074116600879226,1629.0212176649145,1.0007458514112872,1629.0212176649145,1.0007458514112872
1629.0226065588,1.0097874370162627,1629.0226065588,1.007434821750106,1629.0226065588,1.0172950266159748,1629.0226065588,1.0172950266159748
1629.0239954526858,1.0109718172378037,1629.0239954526858,1.0074211893438942,1629.0239954526858,1.0184744305148663,1629.0239954526858,1.0184744305148663
1629.0253843470384,0.9856397229955205,1629.0253843470384,1.007426558711663,1629.0253843470384,0.992959634266894,1629.0253843470384,0.992959634266894
1629.0267732409254,1.0229213670762662,1629.0267732409254,1.0075045970217757,1629.0267732409254,1.0305979797211375,1629.0267732409254,1.0305979797211375
1629.0281621348108,1.012156684572175,1629.0281621348108,1.0076058024666381,1629.0281621348108,1.0198549483803183,1629.0281621348108,1.0198549483803183
1629.029551029162,1.0187087585211574,1629.029551029162,1.0075677885467433,1629.029551029162,1.026418130996361,1629.029551029162,1.026418130996361
1629.0309399230484,0.9878383384546142,1629.0309399230484,1.007529158795687,1629.0309399230484,0.9952759301693066,1629.0309399230484,0.9952759301693066
1629.0323288169354,1.0172529286675338,1629.0323288169354,1.0075419164006139,1629.0323288169354,1.024924965213824,1629.0323288169354,1.024924965213824
1629.0337177108215,1.0115023743203988,1629.0337177108215,1.00755306229563,1629.0337177108215,1.0191423147658183,1629.0337177108215,1.0191423147658183
1629.0351066051728,0.9889204978418891,1629.0351066051728,1.007571305406837,1629.0351066051728,0.9964079169541312,1629.0351066051728,0.9964079169541312
1629.0364954990594,1.0054857847025926,1629.0364954990594,1.0076380078688087,1629.0364954990594,1.0131656930381263,1629.0364954990594,1.0131656930381263
1629.0378843929454,1.0081190649345322,1629.0378843929454,1.0076709440961398,1629.0378843929454,1.0158522899238978,1629.0378843929454,1.0158522899238978
1629.0392732872967,1.0060743011152962,1629.0392732872967,1.0076741935698643,1629.0392732872967,1.013795110047721,1629.0392732872967,1.013795110047721
1629.0406621811833,0.9957883241417881,1629.0406621811833,1.0076922698361446,1629.0406621811833,1.003448196630769,1629.0406621811833,1.003448196630769
1629.0420510750705,1.001166183302869,1629.0420510750705,1.0076300443965467,1629.0420510750705,1.0088051257297912,1629.0420510750705,1.0088051257297912
1629.0434399689564,1.0142081645302632,1629.0434399689564,1.0077218718431822,1629.0434399689564,1.022039749999075,1629.0434399689564,1.022039749999075
1629.0448288633077,1.004735940090485,1629.0448288633077,1.0077788996432033,1629.0448288633077,1.0125516801363683,1629.0448288633077,1.0125516801363683
1629.0462177571933,0.9948905247129264,1629.0462177571933,1.007772188246498,1629.0462177571933,1.0026230011556525,1629.0462177571933,1.0026230011556525
1629.0476066510803,0.9975943647158807,1629.0476066510803,1.0077504008051112,1629.0476066510803,1.005326120883349,1629.0476066510803,1.005326120883349
1629.0489955449673,1.011207786348126,1629.0489955449673,1.0077873541145796,1629.0489955449673,1.019082419463839,1629.0489955449673,1.019082419463839
1629.0503844393186,1.0135335125985925,1629.0503844393186,1.007776227763769,1629.0503844393186,1.021414980038772,1629.0503844393186,1.021414980038772
1629.0517733332042,1.0081148343639261,1629.0517733332042,1.0076936967389234,1629.0517733332042,1.015870964177532,1629.0517733332042,1.015870964177532
1629.0531622270903,0.9979722241127406,1629.0531622270903,1.0077015195812484,1629.0531622270903,1.005658126738287,1629.0531622270903,1.005658126738287
1629.0545511209768,1.0188479435318973,1629.0545511209768,1.0076427416326088,1629.0545511209768,1.0266347351272265,1629.0545511209768,1.0266347351272265
1629.0559400153286,1.0238391301301037,1629.0559400153286,1.007599602245946,1629.0559400153286,1.0316199002829278,1629.0559400153286,1.0316199002829278
1629.0573289092151,1.012139467855391,1629.0573289092151,1.0076501498466508,1629.0573289092151,1.019882486450194,1629.0573289092151,1.019882486450194
1629.0587178031012,1.004498577199381,1629.0587178031012,1.0077123056765551,1629.0587178031012,1.0122455772784074,1629.0587178031012,1.0122455772784074
1629.0601066969878,1.00848509522108,1629.0601066969878,1.0077813641802542,1629.0601066969878,1.0163324850173536,1629.0601066969878,1.0163324850173536
1629.0614955913388,0.9882964746154523,1629.0614955913388,1.0078156589944918,1629.0614955913388,0.9960206628465051,1629.0614955913388,0.9960206628465051
1629.0628844852251,1.0134063193335796,1629.0628844852251,1.007783149806019,1629.0628844852251,1.0212938125313191,1629.0628844852251,1.0212938125313191
1629.064273379112,1.0114680191078,1629.064273379112,1.0077911380363398,1629.064273379112,1.0193485060640122,1629.064273379112,1.0193485060640122
1629.0656622729982,1.0181615770592827,1629.0656622729982,1.0077911380363398,1629.0656622729982,1.026094214449449,1629.0656622729982,1.026094214449449
1629.0670511673495,0.9918192197396977,1629.0670511673495,1.00774709538404,1629.0670511673495,0.9995029378387452,1629.0670511673495,0.9995029378387452
1629.0684400612352,0.9865346088140018,1629.0684400612352,1.0076909518462507,1629.0684400612352,0.99412199898505,1629.0684400612352,0.99412199898505
1629.0698289551217,0.9927371238093342,1629.0698289551217,1.0077100862980382,1629.0698289551217,1.0003912127051704,1629.0698289551217,1.0003912127051704
1629.0712178490087,1.0058285413541823,1629.0712178490087,1.0076665543229948,1629.0712178490087,1.0135397805060928,1629.0712178490087,1.0135397805060928
1629.0726067428948,1.027392637192365,1629.0726067428948,1.007698144497198,1629.0726067428948,1.0353016541688291,1629.0726067428948,1.0353016541688291
1629.073995637246,0.9976485921388785,1629.073995637246,1.0077025250398686,1629.073995637246,1.0053330054008178,1629.073995637246,1.0053330054008178
1629.0753845311326,0.9829570387576096,1629.0753845311326,1.007714509938728,1629.0753845311326,0.9905400706024478,1629.0753845311326,0.9905400706024478
1629.0767734250187,0.9993857020455276,1629.0767734250187,1.0077310118139984,1629.0767734250187,1.0071119647147826,1629.0767734250187,1.0071119647147826
1629.0781623189048,1.0191908632703948,1629.0781623189048,1.0077217503760143,1629.0781623189048,1.0270608007020832,1629.0781623189048,1.0270608007020832
1629.079551212791,1.0006353081827106,1629.079551212791,1.0076556716564709,1629.079551212791,1.0082958435500289,1629.079551212791,1.0082958435500289
1629.080940107143,0.9934587217033514,1629.080940107143,1.0076025161999862,1629.080940107143,1.0010115077291186,1629.080940107143,1.0010115077291186
1629.0823290010296,0.9981101708371927,1629.0823290010296,1.007548021054124,1629.0823290010296,1.0056439274210072,1629.0823290010296,1.0056439274210072
1629.0837178949153,1.0056407841352244,1629.0837178949153,1.007639300594406,1629.0837178949153,1.0133231763752275,1629.0837178949153,1.0133231763752275
1629.0851067888009,1.0050828049169078,1629.0851067888009,1.0076270914575776,1629.0851067888009,1.0127486633924476,1629.0851067888009,1.0127486633924476
1629.086495682688,1.0267102586751256,1629.086495682688,1.0076251786338013,1629.086495682688,1.0345391078026798,1629.086495682688,1.0345391078026798
1629.0878845770403,1.0218927917731122,1629.0878845770403,1.0075683484264024,1629.0878845770403,1.0296268324756803,1629.0878845770403,1.0296268324756803
1629.0892734709262,1.0059639028610012,1629.0892734709262,1.0076070143508142,1629.0892734709262,1.013616284706466,1629.0892734709262,1.013616284706466
1629.0906623648118,1.0077081995535495,1629.0906623648118,1.0075413090669068,1629.0906623648118,1.015307638535639,1629.0906623648118,1.015307638535639
1629.092051258698,0.999409301634943,1629.092051258698,1.0076052646386877,1629.092051258698,1.0070100738562429,1629.092051258698,1.0070100738562429
1629.093440152585,1.0159202340389488,1629.093440152585,1.0075809732623684,1629.093440152585,1.0236218981698972,1629.093440152585,1.0236218981698972
1629.0948290464712,0.992390698042635,1629.0948290464712,1.0075048808709521,1629.0948290464712,0.999838472008886,1629.0948290464712,0.999838472008886
1629.0962179403566,0.9893772220090065,1629.0962179403566,1.0074287928029637,1629.0962179403566,0.9967271003952832,1629.0962179403566,0.9967271003952832
1629.0976068347088,1.0008436237328047,1629.0976068347088,1.0074210029072257,1629.0976068347088,1.008270887174204,1629.0976068347088,1.008270887174204
1629.098995728595,0.9983937717647384,1629.098995728595,1.0074488627663087,1629.098995728595,1.0058306699573514,1629.098995728595,1.0058306699573514
1629.1003846224803,1.0064875346948772,1629.1003846224803,1.0074652495292422,1629.1003846224803,1.0140012152894462,1629.1003846224803,1.0140012152894462
1629.101773516367,1.0110887229872239,1629.101773516367,1.0073661590011556,1629.101773516367,1.0185365632850232,1629.101773516367,1.0185365632850232
1629.103162410254,1.0086955160162054,1629.103162410254,1.0073463300761785,1629.103162410254,1.0161057262232216,1629.103162410254,1.0161057262232216
1629.1045513041402,1.0345882002214342,1629.1045513041402,1.007342543105277,1629.1045513041402,1.042184708677771,1629.1045513041402,1.042184708677771
1629.1059401980258,1.0023470585795005,1629.1059401980258,1.007340988080294,1629.1059401980258,1.0097052763888503,1629.1059401980258,1.0097052763888503
1629.107329092377,1.009241473109991,1629.107329092377,1.0073257992171778,1629.107329092377,1.0166349735036435,1629.107329092377,1.0166349735036435
1629.108717986264,1.0253853288687604,1629.108717986264,1.007268279124407,1629.108717986264,1.0328381156490505,1629.108717986264,1.0328381156490505
1629.110106880151,0.9956053665713593,1629.110106880151,1.007332208224355,1629.110106880151,1.0029053524283458,1629.110106880151,1.0029053524283458
1629.1114957740367,1.0041662932329947,1629.1114957740367,1.0073252023185806,1629.1114957740367,1.0115220144924255,1629.1114957740367,1.0115220144924255
1629.1128846679223,1.015204534541786,1629.1128846679223,1.0072871411151076,1629.1128846679223,1.022602473245689,1629.1128846679223,1.022602473245689
1629.1142735618084,0.9995047101586761,1629.1142735618084,1.0073422227902433,1629.1142735618084,1.0068432964205587,1629.1142735618084,1.0068432964205587
1629.115662455695,1.025200628596999,1629.115662455695,1.0072836292652136,1629.115662455695,1.0326678098981634,1629.115662455695,1.0326678098981634
1629.117051349581,0.9904284154194595,1629.117051349581,1.0072823078957867,1629.117051349581,0.99764102008928,1629.117051349581,0.99764102008928
1629.1184402434676,0.9997465795481026,1629.1184402434676,1.0073014022930524,1629.1184402434676,1.0070461315164865,1629.1184402434676,1.0070461315164865
1629.1198291378194,0.9968128784503864,1629.1198291378194,1.0072086240566267,1629.1198291378194,1.0039985277459391,1629.1198291378194,1.0039985277459391
1629.121218031706,1.001789751664074,1629.121218031706,1.007170522836779,1629.121218031706,1.0089731079560325,1629.121218031706,1.0089731079560325
1629.1226069255915,1.0142361628357943,1629.1226069255915,1.0071586590125323,1629.1226069255915,1.021496733683715,1629.1226069255915,1.021496733683715
1629.1239958194776,1.0142212168812053,1629.1239958194776,1.007154833934341,1629.1239958194776,1.0214778012606756,1629.1239958194776,1.0214778012606756
1629.1253847133646,1.008671670219424,1629.1253847133646,1.0072169158721758,1629.1253847133646,1.0159511688060447,1629.1253847133646,1.0159511688060447
1629.1267736072512,0.9959736750800219,1629.1267736072512,1.007159379836153,1629.1267736072512,1.003104228926729,1629.1267736072512,1.003104228926729
1629.1281625011366,1.0229727250854177,1629.1281625011366,1.0070995174162036,1629.1281625011366,1.030235337763463,1629.1281625011366,1.030235337763463
1629.129551395022,0.9909646148800533,1629.129551395022,1.0070529465601215,1629.129551395022,0.9979538353517736,1629.129551395022,0.9979538353517736
1629.1309402889085,0.9955175445360497,1629.1309402889085,1.0070146130687387,1629.1309402889085,1.002500714914111,1629.1309402889085,1.002500714914111
1629.1323291827955,0.9904186640792497,1629.1323291827955,1.0069084366414274,1629.1323291827955,0.9972609086685283,1629.1323291827955,0.9972609086685283
1629.1337180766816,1.00552699964283,1629.1337180766816,1.0068562384038253,1629.1337180766816,1.0124211324738643,1629.1337180766816,1.0124211324738643
1629.1351069705672,0.9820690426146123,1629.1351069705672,1.0068255587615746,1629.1351069705672,0.9887722125729016,1629.1351069705672,0.9887722125729016
1629.1364958644538,0.994842564552532,1629.1364958644538,1.0067226212222653,1629.1364958644538,1.0015305142898057,1629.1364958644538,1.0015305142898057
1629.1378847588055,1.006681963905528,1629.1378847588055,1.0065969597100937,1629.1378847588055,1.0133230042622907,1629.1378847588055,1.0133230042622907
1629.139273652692,1.0229297603655871,1629.139273652692,1.0065263408437337,1629.139273652692,1.0296057486409318,1629.139273652692,1.0296057486409318
1629.140662546578,1.0175646416750257,1629.140662546578,1.0063933144181634,1629.140662546578,1.0240702523700598,1629.140662546578,1.0240702523700598
1629.142051440465,1.010113282370855,1629.142051440465,1.0063861952074507,1629.142051440465,1.016564062973714,1629.142051440465,1.016564062973714
1629.1434403343508,1.0112882971499466,1629.1434403343508,1.0063152087084417,1629.1434403343508,1.0176747938108532,1629.1434403343508,1.0176747938108532
1629.1448292282364,0.9993841095205124,1629.1448292282364,1.006323435633342,1629.1448292282364,1.00570365061005,1629.1448292282364,1.00570365061005
1629.146218122122,1.0102962756463532,1629.146218122122,1.0062307416810652,1629.146218122122,1.0165911707612478,1629.146218122122,1.0165911707612478
1629.147607016009,1.0162181841560967,1629.147607016009,1.0062310820338491,1629.147607016009,1.0225503230258626,1629.147607016009,1.0225503230258626
1629.148995909896,1.0042914486407186,1629.148995909896,1.0062264161389833,1629.148995909896,1.010544585124778,1629.148995909896,1.010544585124778
1629.1503848037817,1.0003639348440878,1629.1503848037817,1.0061936374891947,1629.1503848037817,1.0065598264137765,1629.1503848037817,1.0065598264137765
1629.1517736976673,1.0022648863737118,1629.1517736976673,1.0061222519755786,1629.1517736976673,1.0084010045543663,1629.1517736976673,1.0084010045543663
1629.1531625915534,1.008564358964715,1629.1531625915534,1.0060228667063502,1629.1531625915534,1.014638807663535,1629.1531625915534,1.014638807663535
1629.15455148544,0.979967902930666,1629.15455148544,1.0059565774640353,1629.15455148544,0.9858051576567408,1629.15455148544,0.9858051576567408
1629.155940379326,1.0011793118711614,1629.155940379326,1.005902628670039,1629.155940379326,1.007088901581262,1629.155940379326,1.007088901581262
1629.1573292732126,0.994718001706351,1629.1573292732126,1.0058310298357633,1629.1573292732126,1.0005182320524717,1629.1573292732126,1.0005182320524717
1629.1587181670986,0.9909358478876141,1629.1587181670986,1.0058414464599508,1629.1587181670986,0.9967243465882956,1629.1587181670986,0.9967243465882956
1629.1601070609845,1.0243114889078273,1629.1601070609845,1.0057157022238572,1629.1601070609845,1.0301661483629003,1629.1601070609845,1.0301661483629003
1629.16149595487,1.0112770708765872,1629.16149595487,1.0057033009439493,1629.16149595487,1.017044688349512,1629.16149595487,1.017044688349512
1629.162884848757,1.0169422022439087,1629.162884848757,1.0055967738812546,1629.162884848757,1.022633797800173,1629.162884848757,1.022633797800173
1629.164273742644,1.0022507268138467,1629.164273742644,1.005556717812367,1629.164273742644,1.007819951279991,1629.164273742644,1.007819951279991
1629.1656626365295,1.0002565396706027,1629.1656626365295,1.005530285710172,1629.1656626365295,1.0057882441184491,1629.1656626365295,1.0057882441184491
1629.1670515304152,1.022150588238891,1629.1670515304152,1.0055531103703488,1629.1670515304152,1.0278267032704986,1629.1670515304152,1.0278267032704986
1629.1684404243013,1.002382195251665,1629.1684404243013,1.0054480988959316,1629.1684404243013,1.007843272582917,1629.1684404243013,1.007843272582917
1629.1698293181882,0.9924678222706118,1629.1698293181882,1.0053802420241,1629.1698293181882,0.9978075393555592,1629.1698293181882,0.9978075393555592
1629.1712182120748,1.0150290772458832,1629.1712182120748,1.0053674772272911,1629.1712182120748,1.0204772227030388,1629.1712182120748,1.0204772227030388
1629.1726071059604,1.0132245988174617,1629.1726071059604,1.0052608934035754,1629.1726071059604,1.018555065425721,1629.1726071059604,1.018555065425721
1629.1739959998465,0.9862645577774934,1629.1739959998465,1.0052502739561733,1629.1739959998465,0.9914427168990894,1629.1739959998465,0.9914427168990894
1629.175384893733,0.9862191713502876,1629.175384893733,1.0051275155832373,1629.175384893733,0.9912760255198736,1629.175384893733,0.9912760255198736
1629.1767737876185,0.9971482932324257,1629.1767737876185,1.0049893783684485,1629.1767737876185,1.002123443356815,1629.1767737876185,1.002123443356815
1629.1781626815048,0.9798117561569234,1629.1781626815048,1.0048702375307417,1629.1781626815048,0.9845836721448208,1629.1781626815048,0.9845836721448208
1629.1795515753918,1.0032524055472347,1629.1795515753918,1.004754830136304,1629.1795515753918,1.0080227003194502,1629.1795515753918,1.0080227003194502
1629.180940469278,1.014336129055807,1629.180940469278,1.0046521446485566,1629.180940469278,1.0190549674504317,1629.180940469278,1.0190549674504317
1629.1823293631635,0.9959023077736089,1629.1823293631635,1.0045970689192956,1629.1823293631635,1.0004805393193297,1629.1823293631635,1.0004805393193297
1629.1837182570491,1.0181776711519686,1629.1837182570491,1.0045056329610942,1629.1837182570491,1.0227652060273609,1629.1837182570491,1.0227652060273609
1629.18510715047,1.011483138670912,1629.18510715047,1.0044415532566553,1629.18510715047,1.0159756948995278,1629.18510715047,1.0159756948995278
1629.186496044357,1.0141616616034688,1629.186496044357,1.0043833918732268,1629.186496044357,1.0186071295890795,1629.186496044357,1.0186071295890795
1629.187884938243,1.0023291829279144,1629.187884938243,1.0043750107028004,1629.187884938243,1.0067143838309534,1629.187884938243,1.0067143838309534
1629.1892738321287,0.9851411805995038,1629.1892738321287,1.0044072590112938,1629.1892738321287,0.9894829529450976,1629.1892738321287,0.9894829529450976
1629.1906627260153,1.0080253224860336,1629.1906627260153,1.0042697218413865,1629.1906627260153,1.012329310222123,1629.1906627260153,1.012329310222123
1629.1920516199011,1.0058081864847925,1629.1920516199011,1.0041538518704949,1629.1920516199011,1.0099861647015815,1629.1920516199011,1.0099861647015815
1629.194829407674,0.9905663223394046,1629.194829407674,1.0040122779576284,1629.194829407674,0.994540749760096,1629.194829407674,0.994540749760096
1629.19621830156,0.9874762993865903,1629.19621830156,1.0039127543092874,1629.19621830156,0.9913400515323344,1629.19621830156,0.9913400515323344
1629.200384983218,1.01863224981784,1629.200384983218,1.0037059118261893,1629.200384983218,1.0224072111189777,1629.200384983218,1.0224072111189777
1629.2017738771049,0.9950582001444512,1629.2017738771049,1.0036087189821579,1629.2017738771049,0.9986490855596644,1629.2017738771049,0.9986490855596644
1629.2031627705262,0.9997264941446921,1629.2031627705262,1.003505368642313,1629.2031627705262,1.0032309040481564,1629.2031627705262,1.0032309040481564
1629.2045516644118,0.9959148507236816,1629.2045516644118,1.0034632538275272,1629.2045516644118,0.9993639566423416,1629.2045516644118,0.9993639566423416
1629.2059405582977,1.0111617032110172,1629.2059405582977,1.0033942117355374,1629.2059405582977,1.014593800130582,1629.2059405582977,1.014593800130582
1629.2073294521836,0.9932351536682953,1629.2073294521836,1.003246618209543,1629.2073294521836,0.996459809004553,1629.2073294521836,0.996459809004553
1629.2087183460706,1.015070928447767,1629.2087183460706,1.0031211845338182,1629.2087183460706,1.0182391521303666,1629.2087183460706,1.0182391521303666
1629.2101072399569,0.9974326848713926,1629.2101072399569,1.003128259164909,1629.2101072399569,1.0005529128092214,1629.2101072399569,1.0005529128092214
1629.2114961338425,1.02303381990947,1629.2114961338425,1.003038595696217,1629.2114961338425,1.0261424060717312,1629.2114961338425,1.0261424060717312
1629.2128850277288,1.0069544078971948,1629.2128850277288,1.0029095457216348,1629.2128850277288,1.0098841877865734,1629.2128850277288,1.0098841877865734
1629.214273921615,1.018649513083202,1629.214273921615,1.0027926435210481,1629.214273921615,1.0214942380461327,1629.214273921615,1.0214942380461327
1629.2156628150349,0.9971404049760603,1629.2156628150349,1.0027263447140735,1629.2156628150349,0.9998589534483558,1629.2156628150349,0.9998589534483558
1629.2170517089214,1.013812666026588,1629.2170517089214,1.0026256312524313,1629.2170517089214,1.0164745642466182,1629.2170517089214,1.0164745642466182
1629.2184406028084,1.0196794688414654,1629.2184406028084,1.0025004832620288,1629.2184406028084,1.022229160285938,1629.2184406028084,1.022229160285938
1629.2198294966945,1.0178540013055162,1629.2198294966945,1.0024118340570052,1629.2198294966945,1.020308896250924,1629.2198294966945,1.020308896250924
1629.22121839058,1.0039375563057473,1629.22121839058,1.002301254092656,1629.22121839058,1.0062478717159669,1629.22121839058,1.0062478717159669
1629.2226072844658,0.9978068353175124,1629.2226072844658,1.0022079897178862,1629.2226072844658,1.00000998255033,1629.2226072844658,1.00000998255033
1629.2239961783528,1.0154759747443016,1629.2239961783528,1.002123783773021,1629.2239961783528,1.0176326261413562,1629.2239961783528,1.0176326261413562
1629.225385071774,1.01615380052977,1629.225385071774,1.0021075869910523,1629.225385071774,1.0182954330606748,1629.225385071774,1.0182954330606748
1629.2267739656595,0.9793178147335854,1629.2267739656595,1.002056224634228,1629.2267739656595,0.9813315121489788,1629.2267739656595,0.9813315121489788
1629.2281628595454,0.9947086729971724,1629.2281628595454,1.0019249147069023,1629.2281628595454,0.9966234023509078,1629.2281628595454,0.9966234023509078
1629.2295517534317,1.0072702560283315,1629.2295517534317,1.0018557930469247,1629.2295517534317,1.009139541165843,1629.2295517534317,1.009139541165843
1629.230940647318,1.034481260887359,1629.230940647318,1.0018365587588938,1629.230940647318,1.036381146507953,1629.230940647318,1.036381146507953
1629.232329541204,1.0143322348978434,1629.232329541204,1.0017942462594387,1629.232329541204,1.0161521967161369,1629.232329541204,1.0161521967161369
1629.233718434625,0.9899806464401514,1629.233718434625,1.001701053547761,1629.233718434625,0.9916646565309932,1629.233718434625,0.9916646565309932
1629.235107328511,0.9958591801408058,1629.235107328511,1.001660405192945,1629.235107328511,0.9975127098949534,1629.235107328511,0.9975127098949534
1629.2364962223976,0.9945919048723819,1629.2364962223976,1.0016497229709267,1629.2364962223976,0.9962327059845476,1629.2364962223976,0.9962327059845476
1629.2378851162832,1.005806341042744,1629.2378851162832,1.0015583590844819,1629.2378851162832,1.0073737484915375,1629.2378851162832,1.0073737484915375
1629.2392740101693,1.023416996613033,1629.2392740101693,1.0014478178326573,1629.2392740101693,1.024898717990974,1629.2392740101693,1.024898717990974
1629.2406629040563,1.0129633386419572,1629.2406629040563,1.0013763088685657,1629.2406629040563,1.014357489068462,1629.2406629040563,1.014357489068462
1629.2420517974772,0.9934766021460664,1629.2420517974772,1.0012644743204806,1629.2420517974772,0.9947328277974784,1629.2420517974772,0.9947328277974784
1629.2434406913626,0.9891827476838102,1629.2434406913626,1.0012312299650838,1629.2434406913626,0.9904006591237025,1629.2434406913626,0.9904006591237025
1629.244829585248,0.9865254193169739,1629.244829585248,1.0011133719052132,1629.244829585248,0.9876237890026202,1629.244829585248,0.9876237890026202
1629.2462184791343,0.990664199913925,1629.2462184791343,1.0010583567332956,1629.2462184791343,0.9917126760403387,1629.2462184791343,0.9917126760403387
1629.2476073730215,1.0192266615287424,1629.2476073730215,1.0009458083967382,1629.2476073730215,1.0201906546633956,1629.2476073730215,1.0201906546633956
1629.248996266442,1.0219222895629043,1629.248996266442,1.0008457183852788,1629.248996266442,1.022786548031514,1629.248996266442,1.022786548031514
1629.2503851603276,0.9755318209221229,1629.2503851603276,1.0007235404693893,1629.2503851603276,0.976237657673737,1629.2503851603276,0.976237657673737
1629.251774054214,1.0065625578302495,1629.251774054214,1.0006600467314182,1629.251774054214,1.0072269361565134,1629.251774054214,1.0072269361565134
1629.2531629481002,0.9820657666169308,1629.2531629481002,1.000570963052587,1629.2531629481002,0.9826264898848796,1629.2531629481002,0.9826264898848796
1629.254551841521,0.978430712912355,1629.254551841521,1.000423240523208,1629.254551841521,0.9788448244392108,1629.254551841521,0.9788448244392108
1629.2559407354072,0.9887547687895546,1629.2559407354072,1.0003404557278759,1629.2559407354072,0.9890913960140536,1629.2559407354072,0.9890913960140536
1629.2573296292935,0.9887440535140988,1629.2573296292935,1.0002289238601583,1629.2573296292935,0.9889704006195378,1629.2573296292935,0.9889704006195378
1629.2587185231798,0.9967238233401258,1629.2587185231798,1.0001557630856692,1629.2587185231798,0.9968790761184092,1629.2587185231798,0.9968790761184092
1629.2601074170657,0.9914101500558625,1629.2601074170657,1.0001489033992819,1629.2601074170657,0.9915577743972884,1629.2601074170657,0.9915577743972884
1629.2614963104854,1.0173195549877951,1629.2614963104854,1.0001598754747887,1629.2614963104854,1.0174821994346606,1629.2614963104854,1.0174821994346606
1629.2628852043724,1.0008730706857307,1629.2628852043724,1.0001159611193602,1629.2628852043724,1.0009891330473448,1629.2628852043724,1.0009891330473448
1629.2642740982594,1.010139804935501,1629.2642740982594,1.000064120909269,1629.2642740982594,1.0102045760182825,1629.2642740982594,1.0102045760182825
1629.265662992145,1.004338026626427,1629.265662992145,0.9999981088487581,1629.265662992145,1.0043361272713207,1629.265662992145,1.0043361272713207
1629.267051885565,1.0237270309503084,1629.267051885565,0.9998783899594047,1629.267051885565,1.023602535464516,1629.267051885565,1.023602535464516
1629.268440779451,1.0042757026871305,1629.268440779451,0.9997300891267088,1629.268440779451,1.004004637755193,1629.268440779451,1.004004637755193
1629.269829673338,1.0092178701002308,1629.269829673338,0.9996981251965469,1629.269829673338,1.008913212654053,1629.269829673338,1.008913212654053
1629.2712185672249,1.0043277080117599,1629.2712185672249,0.9996454185844151,1629.2712185672249,1.003971592071342,1629.2712185672249,1.003971592071342
1629.2726074606446,0.9875540646522111,1629.2726074606446,0.9994918995587802,1629.2726074606446,0.9870522879962328,1629.2726074606446,0.9870522879962328
1629.2739963545307,0.9928119297849708,1629.2739963545307,0.9993974357399573,1629.2739963545307,0.9922136967991384,1629.2739963545307,0.9922136967991384
1629.2753852484173,1.0113177353135454,1629.2753852484173,0.9993623764600145,1629.2753852484173,1.0106728953191046,1629.2753852484173,1.0106728953191046
1629.276774141837,1.0222146380338197,1629.276774141837,0.9992249600922437,1629.276774141837,1.0214223808950509,1629.276774141837,1.0214223808950509
1629.2781630357233,0.9878230682607991,1629.2781630357233,0.9991437520218408,1629.2781630357233,0.9869772467558218,1629.2781630357233,0.9869772467558218
1629.2795519296103,0.9928678135326061,1629.2795519296103,0.9990905213889895,1629.2795519296103,0.9919648214926374,1629.2795519296103,0.9919648214926374
1629.2809408234964,0.9970512935857014,1629.2809408234964,0.9990378730431463,1629.2809408234964,0.9960920036587768,1629.2809408234964,0.9960920036587768
1629.2823297169164,0.9793659198869992,1629.2823297169164,0.998907845009303,1629.2823297169164,0.978296300509876,1629.2823297169164,0.978296300509876
1629.283718610802,0.9995990360430764,1629.283718610802,0.9987922564145406,1629.283718610802,0.998391776719264,1629.283718610802,0.998391776719264
1629.285107504689,1.0099824788377052,1629.285107504689,0.9987422612566446,1629.285107504689,1.0087121847439608,1629.285107504689,1.0087121847439608
1629.2864963981103,1.006792467535231,1629.2864963981103,0.9986746662570066,1629.2864963981103,1.005458131505815,1629.2864963981103,1.005458131505815
1629.287885291996,0.995959331978638,1629.287885291996,0.9986059044681502,1629.287885291996,0.9945708695240224,1629.287885291996,0.9945708695240224
1629.2892741858816,0.998753112634261,1629.2892741858816,0.9984764650456018,1629.2892741858816,0.9972314773563488,1629.2892741858816,0.9972314773563488
1629.290663079768,0.9920104904361831,1629.290663079768,0.9984375810281809,1629.290663079768,0.990460554425682,1629.290663079768,0.990460554425682
1629.2920519731886,1.0188118884279063,1629.2920519731886,0.9983451677474406,1629.2920519731886,1.0171259256556449,1629.2920519731886,1.0171259256556449
1629.2948297609612,1.0046141720921942,1629.2948297609612,0.9981690808496939,1629.2948297609612,1.0027748047658416,1629.2948297609612,1.0027748047658416
1629.2962186543816,0.9848202900540584,1629.2962186543816,0.9982030082940339,1629.2962186543816,0.983050576160964,1629.2962186543816,0.983050576160964
1629.2976075482673,1.0081787381600136,1629.2976075482673,0.9981726312325676,1629.2976075482673,1.0063364238219106,1629.2976075482673,1.0063364238219106
1629.2989964421529,0.9938840903966779,1629.2989964421529,0.9980966283166783,1629.2989964421529,0.991992359562513,1629.2989964421529,0.991992359562513
1629.3003853355742,0.9999291250595846,1629.3003853355742,0.9980092511466142,1629.3003853355742,0.9979385173004052,1629.3003853355742,0.9979385173004052
1629.3017742294612,0.9823990843856034,1629.3017742294612,0.9978652750624146,1629.3017742294612,0.9803019325615044,1629.3017742294612,0.9803019325615044
1629.3031631233468,0.9889054068056901,1629.3031631233468,0.9978063723190433,1629.3031631233468,0.9867361165314734,1629.3031631233468,0.9867361165314734
1629.3045520167668,0.9889087142096556,1629.3045520167668,0.9976770278071567,1629.3045520167668,0.9866115067652862,1629.3045520167668,0.9866115067652862
1629.3059409106534,1.0072783273197259,1629.3059409106534,0.997545532685359,1629.3059409106534,1.0048059955885733,1629.3059409106534,1.0048059955885733
1629.3087186979603,1.011937150897518,1629.3087186979603,0.9973784313091596,1629.3087186979603,1.0092842881456268,1629.3087186979603,1.0092842881456268
1629.3114964852668,0.9941568265237652,1629.3114964852668,0.9972850865470085,1629.3114964852668,0.9914577767810526,1629.3114964852668,0.9914577767810526
1629.3128853791534,0.9984452195937713,1629.3128853791534,0.9972125120173745,1629.3128853791534,0.9956620655428438,1629.3128853791534,0.9956620655428438
1629.3156631664594,1.0008286087865959,1629.3156631664594,0.9970840121488735,1629.3156631664594,0.9979102047223144,1629.3156631664594,0.9979102047223144
1629.3170520603464,0.9957807293095605,1629.3170520603464,0.9971085308938693,1629.3170520603464,0.9929014600942816,1629.3170520603464,0.9929014600942816
1629.318440954233,1.0043017933375882,1629.318440954233,0.9971151443354145,1629.318440954233,1.0014045276201249,1629.318440954233,1.0014045276201249
1629.319829847653,1.0112213688914706,1629.319829847653,0.9971037900099149,1629.319829847653,1.0082926594606996,1629.319829847653,1.0082926594606996
1629.3212187415386,1.0121476076635685,1629.3212187415386,0.9970943541928707,1629.3212187415386,1.0092066652111649,1629.3212187415386,1.0092066652111649
1629.322607634959,0.9824350988212194,1629.322607634959,0.9969654455963629,1629.322607634959,0.9794538460658038,1629.322607634959,0.9794538460658038
1629.323996528846,0.9818158775761858,1629.323996528846,0.9968709311415052,1629.323996528846,0.9787437080888864,1629.323996528846,0.9787437080888864
1629.3253854227326,1.0056350595714445,1629.3253854227326,0.9968596856721774,1629.3253854227326,1.0024770493853117,1629.3253854227326,1.0024770493853117
1629.3267743161523,0.9905269974566335,1629.3267743161523,0.9967706822988375,1629.3267743161523,0.9873282710902674,1629.3267743161523,0.9873282710902674
1629.3281632100386,1.0030288474256202,1629.3281632100386,0.9966333373239061,1629.3281632100386,0.999651987641947,1629.3281632100386,0.999651987641947
1629.329552103459,0.9945149506284575,1629.329552103459,0.9966103860124089,1629.329552103459,0.9911439288409388,1629.329552103459,0.9911439288409388
1629.330940997345,0.9826684075884111,1629.330940997345,0.9965601619039548,1629.330940997345,0.9792881873642084,1629.330940997345,0.9792881873642084
1629.3323298912312,1.0180164306788706,1629.3323298912312,0.9965409818433375,1629.3323298912312,1.0144950933613717,1629.3323298912312,1.0144950933613717
1629.3337187846523,1.0010539421172757,1629.3337187846523,0.9965186318120766,1629.3337187846523,0.9975689047687932,1629.3337187846523,0.9975689047687932
1629.3351076785386,1.0101825916678309,1629.3351076785386,0.9964542168305742,1629.3351076785386,1.006600703236248,1629.3351076785386,1.006600703236248
1629.3364965719586,0.9839470254498603,1629.3364965719586,0.9963264863365635,1629.3364965719586,0.9803324826077726,1629.3364965719586,0.9803324826077726
1629.3378854658442,1.011374509859664,1629.3378854658442,0.9962152616766551,1629.3378854658442,1.007546721992944,1629.3378854658442,1.007546721992944
1629.3392743597312,0.9827641421522447,1629.3392743597312,0.996140140975183,1629.3392743597312,0.9789708111088918,1629.3392743597312,0.9789708111088918
1629.3420521470382,0.9936703564271993,1629.3420521470382,0.995912105879555,1629.3420521470382,0.9896083372195,1629.3420521470382,0.9896083372195
1629.3434410404582,0.9856879131064243,1629.3434410404582,0.9957726796664131,1629.3434410404582,0.9815210945487788,1629.3434410404582,0.9815210945487788
1629.3448299343445,1.0072789172464838,1629.3448299343445,0.995767994276094,1629.3448299343445,1.0030161071031267,1629.3448299343445,1.0030161071031267
1629.3462188277651,1.0107782778308143,1629.3462188277651,0.9957452238155015,1629.3462188277651,1.0064776424864914,1629.3462188277651,1.0064776424864914
1629.3476077216512,1.0036487530697737,1629.3476077216512,0.9957005134041512,1629.3476077216512,0.99933357870901,1629.3476077216512,0.99933357870901
1629.348996615072,1.0078533112535455,1629.348996615072,0.9956463731143783,1629.348996615072,1.0034654939809091,1629.348996615072,1.0034654939809091
1629.3503855089582,0.996801526555636,1629.3503855089582,0.9955495671494664,1629.3503855089582,0.9923653282963908,1629.3503855089582,0.9923653282963908
1629.3517744028447,0.9969870787797511,1629.3517744028447,0.9954512895304496,1629.3517744028447,0.9924520732164992,1629.3517744028447,0.9924520732164992
1629.3531632962647,0.9935466338070135,1629.3531632962647,0.9954449727571033,1629.3531632962647,0.9890210018229342,1629.3531632962647,0.9890210018229342
1629.3545521901508,0.992422420463738,1629.3545521901508,0.9953714539838813,1629.3545521901508,0.9878289476231936,1629.3545521901508,0.9878289476231936
1629.355941083572,0.9918458434513945,1629.355941083572,0.9952677687501706,1629.355941083572,0.9871521995560004,1629.355941083572,0.9871521995560004
1629.357329977459,0.983762256761077,1629.357329977459,0.9951579853661165,1629.357329977459,0.9789988655175776,1629.357329977459,0.9789988655175776
1629.3587188708786,0.9505846227040197,1629.3587188708786,0.9950869681742527,1629.3587188708786,0.9459143701996088,1629.3587188708786,0.9459143701996088
1629.360107764764,0.9798035455160835,1629.360107764764,0.9950543088780808,1629.360107764764,0.9749577398197996,1629.360107764764,0.9749577398197996
1629.3614966581847,0.9932036515976105,1629.3614966581847,0.9949288606031682,1629.3614966581847,0.9881669774309166,1629.3614966581847,0.9881669774309166
1629.3628855520717,1.0098552751868457,1629.3628855520717,0.9947835465562771,1629.3628855520717,1.0045874121589355,1629.3628855520717,1.0045874121589355
1629.364274445492,1.0121501443112972,1629.364274445492,0.9947501402024156,1629.364274445492,1.006836497959558,1629.364274445492,1.006836497959558
1629.3656633393778,0.9877556213897065,1629.3656633393778,0.9946913259204354,1629.3656633393778,0.9825119487254907,1629.3656633393778,0.9825119487254907
1629.3670522327986,1.0208329670517815,1629.3670522327986,0.9946284012669033,1629.3670522327986,1.015349461979263,1629.3670522327986,1.015349461979263
1629.3684411266847,0.9841010922909394,1629.3684411266847,0.994608531214324,1629.3684411266847,0.9787953419699033,1629.3684411266847,0.9787953419699033
1629.3698300201056,1.004551520771868,1629.3698300201056,0.9945534975632612,1629.3698300201056,0.9990802284661544,1629.3698300201056,0.9990802284661544
1629.3712189139917,0.9882871607662501,1629.3712189139917,0.9945607248428469,1629.3712189139917,0.9829115949645608,1629.3712189139917,0.9829115949645608
1629.3726078074126,1.0039124018819832,1629.3726078074126,0.9945222341194431,1629.3726078074126,0.998413204779886,1629.3726078074126,0.998413204779886
1629.373996701299,1.0126174822653753,1629.373996701299,0.9944305073337077,1629.373996701299,1.006977716624139,1629.373996701299,1.006977716624139
1629.3753855947186,0.9880205747136588,1629.3753855947186,0.9943662268130569,1629.3753855947186,0.9824542908916888,1629.3753855947186,0.9824542908916888
1629.3767744886045,0.9829715436116301,1629.3767744886045,0.99439219333934,1629.3767744886045,0.9774592292421256,1629.3767744886045,0.9774592292421256
1629.3781633820256,1.003293977419956,1629.3781633820256,0.9943517926454072,1629.3781633820256,0.997627164997874,1629.3781633820256,0.997627164997874
1629.3795522759126,0.9778761713335045,1629.3795522759126,0.9944091428982199,1629.3795522759126,0.972409005396343,1629.3795522759126,0.972409005396343
1629.3809411693326,0.9842967711223118,1629.3809411693326,0.9944391295214565,1629.3809411693326,0.9788232242656522,1629.3809411693326,0.9788232242656522
1629.3823300632182,1.0066190594692228,1629.3823300632182,0.994369221023541,1629.3823300632182,1.0009510100318606,1629.3823300632182,1.0009510100318606
1629.3837189566386,1.0053285619245458,1629.3837189566386,0.994225198458941,1629.3837189566386,0.9995229889958732,1629.3837189566386,0.9995229889958732
1629.3851078505256,1.004712501332063,1629.3851078505256,0.9942929887431069,1629.3851078505256,0.9989785957770198,1629.3851078505256,0.9989785957770198
1629.3864967439465,0.989404068745946,1629.3864967439465,0.9942646353645259,1629.3864967439465,0.9837294756398663,1629.3864967439465,0.9837294756398663
1629.3878856373665,0.9901418471896752,1629.3878856373665,0.9942625477502421,1629.3878856373665,0.9844609556209374,1629.3878856373665,0.9844609556209374
1629.3892745312526,0.9927256701234174,1629.3892745312526,0.9942713488526203,1629.3892745312526,0.9870386910742316,1629.3892745312526,0.9870386910742316
1629.3906634246734,0.9911427184904885,1629.3906634246734,0.9942195107012904,1629.3906634246734,0.9854134286127604,1629.3906634246734,0.9854134286127604
1629.392052318559,0.9903445344342046,1629.392052318559,0.9941736737762732,1629.392052318559,0.984574464102706,1629.392052318559,0.984574464102706
1629.3934412119795,1.0031590045600967,1629.3934412119795,0.9941589952234504,1629.3934412119795,0.9972995480228224,1629.3934412119795,0.9972995480228224
1629.3948301058665,1.0011624390244167,1629.3948301058665,0.9941311564326942,1629.3948301058665,0.99528677328432,1629.3948301058665,0.99528677328432
1629.396218999287,0.9783527229169539,1629.396218999287,0.994125408370978,1629.396218999287,0.972605300200675,1629.396218999287,0.972605300200675
1629.3976078931726,0.9732459616492524,1629.3976078931726,0.9940114650314538,1629.3976078931726,0.9674176441749194,1629.3976078931726,0.9674176441749194
1629.3989967865923,1.004617204965841,1629.3989967865923,0.9938695709637917,1629.3989967865923,0.998458470482244,1629.3989967865923,0.998458470482244
1629.400385680014,0.9888864119022893,1629.400385680014,0.9938817154451108,1629.400385680014,0.9828361234418078,1629.400385680014,0.9828361234418078
1629.4017745739009,0.9907229768696313,1629.4017745739009,0.9938550642759545,1629.4017745739009,0.9846350478564324,1629.4017745739009,0.9846350478564324
1629.4031634673208,0.9925374774262969,1629.4031634673208,0.9938426281230441,1629.4031634673208,0.9864260550759676,1629.4031634673208,0.9864260550759676
1629.4045523612065,0.9797275204707181,1629.4045523612065,0.9939234111603811,1629.4045523612065,0.9737741191539582,1629.4045523612065,0.9737741191539582
1629.4059412546274,0.9850975971871789,1629.4059412546274,0.9938753999899359,1629.4059412546274,0.9790642684335322,1629.4059412546274,0.9790642684335322
1629.4073301480478,0.9758504647916257,1629.4073301480478,0.9938339635933655,1629.4073301480478,0.9698333352982894,1629.4073301480478,0.9698333352982894
1629.4087190419343,0.9952076054564141,1629.4087190419343,0.9938942876635367,1629.4087190419343,0.9891311541024368,1629.4087190419343,0.9891311541024368
1629.4101079353547,1.0079997951347182,1629.4101079353547,0.9939225308589779,1629.4101079353547,1.0018737074856303,1629.4101079353547,1.0018737074856303
1629.4114968292408,0.9950751774511519,1629.4114968292408,0.993923385034125,1629.4114968292408,0.9890284887356816,1629.4114968292408,0.9890284887356816
1629.4128857226617,1.0051055292166726,1629.4128857226617,0.9939327001410079,1629.4128857226617,0.999007252580984,1629.4128857226617,0.999007252580984
1629.4142746160817,0.9725409435758812,1629.4142746160817,0.9938055084251547,1629.4142746160817,0.9665165468947082,1629.4142746160817,0.9665165468947082
1629.4156635099678,1.0136506844410373,1629.4156635099678,0.993721848088078,1629.4156635099678,1.0072868314584928,1629.4156635099678,1.0072868314584928
1629.417052403389,0.985879943087577,1629.417052403389,0.9936890033457156,1629.417052403389,0.9796580580652252,1629.417052403389,0.9796580580652252
1629.4184412972747,0.9740608440084664,1629.4184412972747,0.993696110539006,1629.4184412972747,0.9679204721195545,1629.4184412972747,0.9679204721195545
1629.4198301906947,0.9801149762535133,1629.4198301906947,0.9937048722824601,1629.4198301906947,0.9739450273001238,1629.4198301906947,0.9739450273001238
1629.4212190841156,0.9882485682138888,1629.4212190841156,0.9936992460439691,1629.4212190841156,0.9820218571381732,1629.4212190841156,0.9820218571381732
1629.4226079780017,1.0091005183640833,1629.4226079780017,0.993679910442418,1629.4226079780017,1.0027229127154198,1629.4226079780017,1.0027229127154198
1629.4239968714226,0.99542072540021,1629.4239968714226,0.9937756411478805,1629.4239968714226,0.989224869596482,1629.4239968714226,0.989224869596482
1629.425385764843,0.9928962738853709,1629.425385764843,0.9938536664971545,1629.425385764843,0.9867936022523388,1629.425385764843,0.9867936022523388
1629.4267746587293,0.9817183368639798,1629.4267746587293,0.9938947235952721,1629.4267746587293,0.9757246750658354,1629.4267746587293,0.9757246750658354
1629.42816355215,0.9906946567197384,1629.42816355215,0.9940288864029447,1629.42816355215,0.9847791063844692,1629.42816355215,0.9847791063844692
1629.42955244557,0.9981415080757418,1629.42955244557,0.9939740725528547,1629.42955244557,0.9921267797660932,1629.42955244557,0.9921267797660932
1629.430941339456,0.9948558145338022,1629.430941339456,0.9939096804557669,1629.430941339456,0.988796824722853,1629.430941339456,0.988796824722853
1629.4323302328771,0.9811133154781122,1629.4323302328771,0.9939799449943658,1629.4323302328771,0.9752069593521738,1629.4323302328771,0.9752069593521738
1629.435108020184,0.9826567076473921,1629.435108020184,0.9939164811812913,1629.435108020184,0.9766786970740888,1629.435108020184,0.9766786970740888
1629.4364969136038,0.9806293202693618,1629.4364969136038,0.9938400877262814,1629.4364969136038,0.9745887296834662,1629.4364969136038,0.9745887296834662
1629.4392747009113,0.9926539043256397,1629.4392747009113,0.9939440955145115,1629.4392747009113,0.9866424870938963,1629.4392747009113,0.9866424870938963
1629.440663594332,0.9949590180371422,1629.440663594332,0.9939036303537868,1629.440663594332,0.9888933800803544,1629.440663594332,0.9888933800803544
1629.442052487752,1.000728866293434,1629.442052487752,0.9939029862381237,1629.442052487752,0.994627408623736,1629.442052487752,0.994627408623736
1629.4434413816382,0.9897878327175587,1629.4434413816382,0.9939670363781052,1629.4434413816382,0.9838164787293796,1629.4434413816382,0.9838164787293796
1629.4448302750586,0.9923659324351499,1629.4448302750586,0.9940309916129528,1629.4448302750586,0.9864424918614246,1629.4448302750586,0.9864424918614246
1629.4462191684795,1.0002808546318,1629.4462191684795,0.9941443308102021,1629.4462191684795,0.994423540850188,1629.4462191684795,0.994423540850188
1629.4476080623656,0.9967102301185438,1629.4476080623656,0.994207332145873,1629.4476080623656,0.9909366188086566,1629.4476080623656,0.9909366188086566
1629.4489969557865,0.9867961679563613,1629.4489969557865,0.9942559775370879,1629.4489969557865,0.9811279886013043,1629.4489969557865,0.9811279886013043
1629.450385849207,0.9932340002962883,1629.450385849207,0.9942644955341119,1629.450385849207,0.987537302251917,1629.450385849207,0.987537302251917
1629.4517747430923,0.9788916417742713,1629.4517747430923,0.9943119054300104,1629.4517747430923,0.9733236135420869,1629.4517747430923,0.9733236135420869
1629.4531636365125,1.0063608526725356,1629.4531636365125,0.9943470339168472,1629.4531636365125,1.000671928904965,1629.4531636365125,1.000671928904965
1629.4545525299338,0.9850408123418157,1629.4545525299338,0.994385323657245,1629.4545525299338,0.979510126996112,1629.4545525299338,0.979510126996112
1629.4559414233552,0.9824115102630454,1629.4559414233552,0.9943536723503175,1629.4559414233552,0.9768644929892808,1629.4559414233552,0.9768644929892808
1629.4573303172408,0.9831489097886179,1629.4573303172408,0.9944023044345608,1629.4573303172408,0.9776455414961278,1629.4573303172408,0.9776455414961278
1629.4587192106608,1.002783140804823,1629.4587192106608,0.9944010120449972,1629.4587192106608,0.9971685700779768,1629.4587192106608,0.9971685700779768
1629.4601081040814,0.9846268751466767,1629.4601081040814,0.9944443237731267,1629.4601081040814,0.9791566070240838,1629.4601081040814,0.9791566070240838
1629.4614969979682,0.9909023775892634,1629.4614969979682,0.9944330389570136,1629.4614969979682,0.9853860626558214,1629.4614969979682,0.9853860626558214
1629.462885891389,0.9769299011470646,1629.462885891389,0.99443675386043,1629.462885891389,0.9714949996458776,1629.462885891389,0.9714949996458776
1629.464274784809,1.0023365439645502,1629.464274784809,0.9944316216003607,1629.464274784809,0.9967551548039688,1629.464274784809,0.9967551548039688
1629.4656636782297,0.9733821636615171,1629.4656636782297,0.9944232575499237,1629.4656636782297,0.9679538620292788,1629.4656636782297,0.9679538620292788
1629.467052572116,0.9857268140341682,1629.467052572116,0.9943651766610508,1629.467052572116,0.9801724175766204,1629.467052572116,0.9801724175766204
1629.468441465536,1.0000379143046336,1629.468441465536,0.9943646703139439,1629.468441465536,0.9944023709589712,1629.468441465536,0.9944023709589712
1629.4698303589564,0.9989317194099456,1629.4698303589564,0.9943675005440451,1629.4698303589564,0.993305237043833,1629.4698303589564,0.993305237043833
1629.4712192523778,1.0038366531419587,1629.4712192523778,0.9943261237237428,1629.4712192523778,0.9981410081704593,1629.4712192523778,0.9981410081704593
1629.4726081462643,0.9878975021591033,1629.4726081462643,0.9943529058501606,1629.4726081462643,0.9823187519540196,1629.4726081462643,0.9823187519540196
1629.4739970396845,0.9961938312605407,1629.4739970396845,0.9942975129830204,1629.4739970396845,0.9905130488713824,1629.4739970396845,0.9905130488713824
1629.4753859331042,0.9915861928547234,1629.4753859331042,0.9942588679038351,1629.4753859331042,0.9858933655368112,1629.4753859331042,0.9858933655368112
1629.4767748265256,0.9914870106479504,1629.4767748265256,0.9943036463155318,1629.4767748265256,0.9858391499617436,1629.4767748265256,0.9858391499617436
1629.4781637204123,0.974759367019476,1629.4781637204123,0.9943514610397549,1629.4781637204123,0.9692534007580026,1629.4781637204123,0.9692534007580026
1629.479552613832,1.0101305391413264,1629.479552613832,0.9943553680548104,1629.479552613832,1.0044287240312777,1629.479552613832,1.0044287240312777
1629.480941507252,0.9920625981004259,1629.480941507252,0.9944098754847165,1629.480941507252,0.9865168446500888,1629.480941507252,0.9865168446500888
1629.482330400673,0.996967565398185,1629.482330400673,0.9943912775409309,1629.482330400673,0.9913758510231728,1629.482330400673,0.9913758510231728
1629.4837192940934,1.0080476246845917,1629.4837192940934,0.9944634816334529,1629.4837192940934,1.0024665504961714,1629.4837192940934,1.0024665504961714
1629.48510818798,1.003930702140514,1629.48510818798,0.9945076198649283,1629.48510818798,0.9984167330950888,1629.48510818798,0.9984167330950888
1629.4864970814003,0.9935951594388654,1629.4864970814003,0.9945734637788726,1629.4864970814003,0.9882033793170336,1629.4864970814003,0.9882033793170336
1629.4878859748212,0.9881884013708293,1629.4878859748212,0.9945736456004617,1629.4878859748212,0.982826140891478,1629.4878859748212,0.982826140891478
1629.4892748682416,0.9713168505354401,1629.4892748682416,0.9945834131443569,1629.4892748682416,0.9660556284501652,1629.4892748682416,0.9660556284501652
1629.4906637616616,0.993651221953567,1629.4906637616616,0.994570005868697,1629.4906637616616,0.9882557016497971,1629.4906637616616,0.9882557016497971
1629.4920526555472,0.9989035311550027,1629.4920526555472,0.9946271344961519,1629.4920526555472,0.993536556830788,1629.4920526555472,0.993536556830788
1629.4934415489686,0.9823975610948069,1629.4934415489686,0.9947230904522242,1629.4934415489686,0.977213538024954,1629.4934415489686,0.977213538024954
1629.49483044239,0.9924810589466998,1629.49483044239,0.9948207478397872,1629.49483044239,0.9873407492781798,1629.49483044239,0.9873407492781798
1629.49621933581,0.9680517476446892,1629.49621933581,0.9949050308580352,1629.49621933581,0.9631195538626144,1629.49621933581,0.9631195538626144
1629.49760822923,1.0003491079678015,1629.49760822923,0.9948862676637751,1629.49760822923,0.9952335903868728,1629.49760822923,0.9952335903868728
1629.498997123116,0.9735941681061187,1629.498997123116,0.9948675248033877,1629.498997123116,0.9685972201867477,1629.498997123116,0.9685972201867477
1629.5017749099582,0.9937026734257547,1629.5017749099582,0.9949536836756668,1629.5017749099582,0.9886881354033128,1629.5017749099582,0.9886881354033128
1629.503163803378,0.9852715809764442,1629.503163803378,0.9950791284914422,1629.503163803378,0.9804231861254254,1629.503163803378,0.9804231861254254
1629.5045526967986,0.9832696577116602,1629.5045526967986,0.9951740385082135,1629.5045526967986,0.9785244362075016,1629.5045526967986,0.9785244362075016
1629.5059415902194,0.9892408232907224,1629.5059415902194,0.9952414801773977,1629.5059415902194,0.984533501223766,1629.5059415902194,0.984533501223766
1629.507330484105,0.9914851895985806,1629.507330484105,0.9953286180808518,1629.507330484105,0.9868535836107866,1629.507330484105,0.9868535836107866
1629.5087193775255,0.9985103650404366,1629.5087193775255,0.9953482562688118,1629.5087193775255,0.9938655507093334,1629.5087193775255,0.9938655507093334
1629.5101082709468,1.007037494419751,1629.5101082709468,0.9954163062625665,1629.5101082709468,1.0024215429632186,1629.5101082709468,1.0024215429632186
1629.5114971643673,0.9973249194200324,1629.5114971643673,0.995412637612962,1629.5114971643673,0.9927498285970292,1629.5114971643673,0.9927498285970292
1629.5142749512072,1.0071247543391981,1629.5142749512072,0.9954762617650057,1629.5142749512072,1.0025687855805847,1629.5142749512072,1.0025687855805847
1629.5156638446283,0.9884386627728629,1629.5156638446283,0.995530788173211,1629.5156638446283,0.9840211210111428,1629.5156638446283,0.9840211210111428
1629.5170527385155,0.9816394402567737,1629.5170527385155,0.995517790954667,1629.5170527385155,0.9772395270783992,1629.5170527385155,0.9772395270783992
1629.5184416319355,0.9958453674129858,1629.5184416319355,0.9955532299628285,1629.5184416319355,0.9914170720715176,1629.5184416319355,0.9914170720715176
1629.5198305253557,0.9931748093866254,1629.5198305253557,0.9955518981045405,1629.5198305253557,0.98875706663447,1629.5198305253557,0.98875706663447
1629.5212194187764,0.9752811723427527,1629.5212194187764,0.9955931164918365,1629.5212194187764,0.970983221828533,1629.5212194187764,0.970983221828533
1629.5226083121963,0.999316064049971,1629.5226083121963,0.9956287431457645,1629.5226083121963,0.994947796855445,1629.5226083121963,0.994947796855445
1629.5239972056168,0.9705793659567986,1629.5239972056168,0.9956914031922454,1629.5239972056168,0.9663975307989646,1629.5239972056168,0.9663975307989646
1629.525386099038,0.9880144598557287,1629.525386099038,0.9957007493942123,1629.525386099038,0.9837667380906668,1629.525386099038,0.9837667380906668
1629.5281638858785,1.0090550800613085,1629.5281638858785,0.9957327584718251,1629.5281638858785,1.004749198319455,1629.5281638858785,1.004749198319455
1629.529552779764,0.9832745494612982,1629.529552779764,0.9958036971424012,1629.529552779764,0.9791484316595896,1629.529552779764,0.9791484316595896
1629.5309416731857,0.9924539900610049,1629.5309416731857,0.9958715888510865,1629.5309416731857,0.9883567319436534,1629.5309416731857,0.9883567319436534
1629.5323305666068,0.9947205051002138,1629.5323305666068,0.9960016354789385,1629.5323305666068,0.9907432499242488,1629.5323305666068,0.9907432499242488
1629.5337194600268,0.9865114214732732,1629.5337194600268,0.9960505221724345,1629.5337194600268,0.9826152164875244,1629.5337194600268,0.9826152164875244
1629.5351083534467,1.0019083999577723,1629.5351083534467,0.9960673119658957,1629.5351083534467,0.9979682067819898,1629.5351083534467,0.9979682067819898
1629.537886140288,0.9863043236490301,1629.537886140288,0.9961758178108291,1629.537886140288,0.9825325162214292,1629.537886140288,0.9825325162214292
1629.539275033709,1.0017862905523527,1629.539275033709,0.9962441317237478,1629.539275033709,0.9980237132040828,1629.539275033709,0.9980237132040828
1629.5406639271291,0.993144550076771,1629.5406639271291,0.9963508206658778,1629.5406639271291,0.9895203875088348,1629.5406639271291,0.9895203875088348
1629.5420528205502,0.984400869115314,1629.5420528205502,0.9963473434048629,1629.5420528205502,0.9808051907884812,1629.5420528205502,0.9808051907884812
1629.5434417139709,1.0097173481512047,1629.5434417139709,0.9963683995522383,1629.5434417139709,1.006050458177546,1629.5434417139709,1.006050458177546
1629.5448306073906,1.0139995348522122,1629.5448306073906,0.9964072279699784,1629.5448306073906,1.0103564656849402,1629.5448306073906,1.0103564656849402
1629.546219500811,1.0023578188023659,1629.546219500811,0.9965314532008606,1629.546219500811,0.9988810937983664,1629.546219500811,0.9988810937983664
1629.548997288119,0.9999308266551369,1629.548997288119,0.9966107597186775,1629.548997288119,0.9965418208189012,1629.548997288119,0.9965418208189012
1629.550386181539,0.9807983450283524,1629.550386181539,0.9966765853286931,1629.550386181539,0.9775387454188916,1629.550386181539,0.9775387454188916
1629.5517750749589,0.9970970517520281,1629.5517750749589,0.9968088036050978,1629.5517750749589,0.9939151192351094,1629.5517750749589,0.9939151192351094
1629.5531639683793,0.9925381612524653,1629.5531639683793,0.996917140845448,1629.5531639683793,0.989478305895806,1629.5531639683793,0.989478305895806
1629.5545528618006,0.984583874320789,1629.5545528618006,0.9970368899257461,1629.5545528618006,0.9816664439238412,1629.5545528618006,0.9816664439238412
1629.5559417552215,1.0061926591462391,1629.5559417552215,0.9970450980919525,1629.5559417552215,1.0032194585378644,1629.5559417552215,1.0032194585378644
1629.5573306486417,0.9893434962710136,1629.5573306486417,0.997078446995533,1629.5573306486417,0.9864530768070332,1629.5573306486417,0.9864530768070332
1629.558719542062,0.9896056406137586,1629.558719542062,0.9970992922411748,1629.558719542062,0.986735083853853,1629.558719542062,0.986735083853853
1629.5601084354826,1.0043076774311128,1629.5601084354826,0.9971524888087594,1629.5601084354826,1.0014479000801788,1629.5601084354826,1.0014479000801788
1629.5614973289032,1.0000792608866753,1629.5614973289032,0.9972468386334769,1629.5614973289032,0.9973258813021412,1629.5614973289032,0.9973258813021412
1629.5628862223236,1.0036933479428294,1629.5628862223236,0.997336345068183,1629.5628862223236,1.0010198552065497,1629.5628862223236,1.0010198552065497
1629.5642751157443,1.0025598227529733,1629.5642751157443,0.9973996746742986,1629.5642751157443,0.999952841055338,1629.5642751157443,0.999952841055338
1629.565664009165,1.0073724691473487,1629.565664009165,0.9974711885054556,1629.565664009165,1.0048250140680812,1629.565664009165,1.0048250140680812
1629.567052902585,0.9979597999579071,1629.567052902585,0.9975237236455978,1629.567052902585,0.9954885757026274,1629.567052902585,0.9954885757026274
1629.5698306894262,1.0125776950379166,1629.5698306894262,0.9976076607376638,1629.5698306894262,1.0101552656619115,1629.5698306894262,1.0101552656619115
1629.5712195828476,0.981647246833098,1629.5712195828476,0.997637687914763,1629.5712195828476,0.9793282896784646,1629.5712195828476,0.9793282896784646
1629.5726084762675,0.9852654042030352,1629.5726084762675,0.9977066307251025,1629.5726084762675,0.9830058267974164,1629.5726084762675,0.9830058267974164
1629.5739973696875,0.9900665132615363,1629.5739973696875,0.9978442883910109,1629.5739973696875,0.987932215385227,1629.5739973696875,0.987932215385227
1629.5753862631084,0.9899819747131429,1629.5753862631084,0.9979036809234626,1629.5753862631084,0.9879066566141236,1629.5753862631084,0.9879066566141236
1629.5767751565295,0.9739362333518679,1629.5767751565295,0.9980279220927406,1629.5767751565295,0.9720155552229952,1629.5767751565295,0.9720155552229952
1629.57816404995,1.0076290173121987,1629.57816404995,0.9980818659196782,1629.57816404995,1.005696249753771,1629.57816404995,1.005696249753771
1629.57955294337,0.9944613200071997,1629.57955294337,0.9981917483424435,1629.57955294337,0.9926630836769208,1629.57955294337,0.9926630836769208
1629.5809418367903,1.0029948632963632,1629.5809418367903,0.9983354773905381,1629.5809418367903,1.0013253556692323,1629.5809418367903,1.0013253556692323
1629.5823307302114,1.0078818709753532,1629.5823307302114,0.9983459063530015,1629.5823307302114,1.0062147399756478,1629.5823307302114,1.0062147399756478
1629.5837196236314,1.0000615547008453,1629.5837196236314,0.9984184411943997,1629.5837196236314,0.998479898542866,1629.5837196236314,0.998479898542866
1629.5851085170518,0.9786918215879752,1629.5851085170518,0.9984584917712864,1629.5851085170518,0.9771831600916226,1629.5851085170518,0.9771831600916226
1629.5864974104732,0.9839691115233868,1629.5864974104732,0.9985985967933274,1629.5864974104732,0.9825901740552312,1629.5864974104732,0.9825901740552312
1629.5878863034284,0.9966160492655586,1629.5878863034284,0.9985835748656662,1629.5878863034284,0.9952044172440984,1629.5878863034284,0.9952044172440984
1629.5892751968483,0.9835910300148025,1629.5892751968483,0.9986589011699797,1629.5892751968483,0.9822719372352312,1629.5892751968483,0.9822719372352312
1629.5906640902683,0.9895852600395404,1629.5906640902683,0.9987106262982303,1629.5906640902683,0.9883093148295864,1629.5906640902683,0.9883093148295864
1629.5920529836897,0.9799975994049558,1629.5920529836897,0.9988069238619445,1629.5920529836897,0.978828387653754,1629.5920529836897,0.978828387653754
1629.593441877111,0.997147383279846,1629.593441877111,0.9989520437942078,1629.593441877111,0.9961024164914484,1629.593441877111,0.9961024164914484
1629.5948307705307,0.9889306411001709,1629.5948307705307,0.9989924871186164,1629.5948307705307,0.9879342807404676,1629.5948307705307,0.9879342807404676
1629.5962196639505,0.9996948198414379,1629.5962196639505,0.9989760697473984,1629.5962196639505,0.9986712020720332,1629.5962196639505,0.9986712020720332
1629.5976085573714,0.9964687817362745,1629.5976085573714,0.9990017252973377,1629.5976085573714,0.9954740321594744,1629.5976085573714,0.9954740321594744
1629.5989974507918,0.9923378247541974,1629.5989974507918,0.9990465551979937,1629.5989974507918,0.9913916854133512,1629.5989974507918,0.9913916854133512
1629.600386344213,0.9900331691346003,1629.600386344213,0.9990989872767458,1629.600386344213,0.9891411366527664,1629.600386344213,0.9891411366527664
1629.601775237633,1.025834706449609,1629.601775237633,0.9992051962320377,1629.601775237633,1.0250193691596163,1629.601775237633,1.0250193691596163
1629.603164131054,0.9708241092937836,1629.603164131054,0.9992585864218515,1629.603164131054,0.9701043271171592,1629.603164131054,0.9701043271171592
1629.6045530244744,0.9893233660557961,1629.6045530244744,0.9993438224319454,1629.6045530244744,0.988674194255438,1629.6045530244744,0.988674194255438
1629.6059419178944,0.9722023415774247,1629.6059419178944,0.9994553096148139,1629.6059419178944,0.971672792309512,1629.6059419178944,0.971672792309512
1629.6073308108496,0.987715904508836,1629.6073308108496,0.9995304384682365,1629.6073308108496,0.9872521111157676,1629.6073308108496,0.9872521111157676
1629.608719704271,0.9961092053742113,1629.608719704271,0.9995740940767394,1629.608719704271,0.995684956563428,1629.608719704271,0.995684956563428
1629.6101085976914,0.9894067912536157,1629.6101085976914,0.999727326198167,1629.6101085976914,0.9891370059422852,1629.6101085976914,0.9891370059422852
1629.611497491111,0.9934972767556198,1629.611497491111,0.9998202160117581,1629.611497491111,0.9933186618528972,1629.611497491111,0.9933186618528972
1629.6142752779515,0.98965197279234,1629.6142752779515,0.9998508649599274,1629.6142752779515,0.9895043810057196,1629.6142752779515,0.9895043810057196
1629.6156641713726,0.9824468063601087,1629.6156641713726,0.99993868176004,1629.6156641713726,0.9823865644510884,1629.6156641713726,0.9823865644510884
1629.617053064793,1.0030590858367212,1629.617053064793,0.9999141695385056,1629.617053064793,1.0029729928124778,1629.617053064793,1.0029729928124778
1629.6184419577482,0.9932384754446881,1629.6184419577482,0.9999985087365196,1629.6184419577482,0.9932369942644224,1629.6184419577482,0.9932369942644224
1629.619830851169,1.0126407466644725,1629.619830851169,1.0000610191335249,1629.619830851169,1.012702537125406,1629.619830851169,1.012702537125406
1629.6212197445886,1.0022564827537535,1629.6212197445886,1.0001600520055833,1629.6212197445886,1.002416895913927,1629.6212197445886,1.002416895913927
1629.6226086380095,0.9906442543438956,1629.6226086380095,1.0002450020594702,1629.6226086380095,0.9908869642264122,1629.6226086380095,0.9908869642264122
1629.6239975314309,0.9982312956592737,1629.6239975314309,1.0002553366207723,1629.6239975314309,0.9984861806650565,1629.6239975314309,0.9984861806650565
1629.6253864248513,1.005821137533288,1629.6253864248513,1.0003760950897485,1629.6253864248513,1.0061994219242794,1629.6253864248513,1.0061994219242794
1629.6267753182713,0.9962458261924089,1629.6267753182713,1.0005227365657756,1629.6267753182713,0.996766600314261,1629.6267753182713,0.996766600314261
1629.6281642112256,1.0224125855228428,1629.6281642112256,1.0005726546368794,1629.6281642112256,1.0229980748307463,1629.6281642112256,1.0229980748307463
1629.629553104646,1.0096126304222652,1629.629553104646,1.0007265246732946,1629.629553104646,1.010346138908737,1629.629553104646,1.010346138908737
1629.630941998067,0.9813475076096987,1629.630941998067,1.0008495727572697,1629.630941998067,0.9821812337175784,1629.630941998067,0.9821812337175784
1629.6323308914882,0.9800654575097852,1629.6323308914882,1.000925124766279,1629.6323308914882,0.980972140337102,1629.6323308914882,0.980972140337102
1629.6337197849082,0.9974982611912846,1629.6337197849082,1.0009676213018877,1629.6337197849082,0.9984634617574092,1629.6337197849082,0.9984634617574092
1629.6351086783286,0.9944768536031137,1629.6351086783286,1.0009513152676468,1629.6351086783286,0.9954229146172676,1629.6351086783286,0.9954229146172676
1629.6364975712838,1.0106939370911985,1629.6364975712838,1.001037289254202,1629.6364975712838,1.0117423190514303,1629.6364975712838,1.0117423190514303
1629.6378864647038,1.0044865532683902,1629.6378864647038,1.0010999447462203,1629.6378864647038,1.0055914329753068,1629.6378864647038,1.0055914329753068
1629.6392753581242,0.9952614643850106,1629.6392753581242,1.0011835575662207,1629.6392753581242,0.9964394136215514,1629.6392753581242,0.9964394136215514
1629.6406642515456,0.9986632017693101,1629.6406642515456,1.0012876601997651,1629.6406642515456,0.9999491406271984,1629.6406642515456,0.9999491406271984
1629.6420531449664,1.0051877748242615,1629.6420531449664,1.0014181356877492,1629.6420531449664,1.006613267480629,1629.6420531449664,1.006613267480629
1629.6434420383862,1.0009369117766183,1629.6434420383862,1.00148650860498,1629.6434420383862,1.0024248131090163,1629.6434420383862,1.0024248131090163
1629.6448309313405,1.0200055505190353,1629.6448309313405,1.0015659628414342,1629.6448309313405,1.0216028413092046,1629.6448309313405,1.0216028413092046
1629.6462198247616,0.986484192287577,1629.6462198247616,1.0016700743957094,1629.6462198247616,0.9881316942788886,1629.6462198247616,0.9881316942788886
1629.647608718183,0.9844084075561778,1629.647608718183,1.0018082389351624,1629.647608718183,0.986188453166822,1629.647608718183,0.986188453166822
1629.648997611603,1.0115590396963683,1629.648997611603,1.0018291361463632,1629.648997611603,1.0134093189000573,1629.648997611603,1.0134093189000573
1629.6503865050229,0.9993119423513465,1629.6503865050229,1.0018938070282493,1629.6503865050229,1.0012044463311849,1629.6503865050229,1.0012044463311849
1629.651775397978,1.0207285217684792,1629.651775397978,1.0020193521670124,1629.651775397978,1.0227897321208437,1629.651775397978,1.0227897321208437
1629.6531642913983,1.0322319311065749,1629.6531642913983,1.002148346554406,1629.6531642913983,1.0344495230191155,1629.6531642913983,1.0344495230191155
1629.6545531848194,0.9982329552905902,1629.6545531848194,1.0022190619217959,1629.6545531848194,1.0004480960307574,1629.6545531848194,1.0004480960307574
1629.6559420782398,0.9917832447458677,1629.6559420782398,1.0023189974060722,1629.6559420782398,0.9940831875178192,1629.6559420782398,0.9940831875178192
1629.657330971195,1.0038866523272192,1629.657330971195,1.002361507242647,1629.657330971195,1.0062573379274866,1629.657330971195,1.0062573379274866
1629.6587198646157,1.0052604045082036,1629.6587198646157,1.0024922211055807,1629.6587198646157,1.0077657357049234,1629.6587198646157,1.0077657357049234
1629.6601087580354,1.012270675585939,1629.6601087580354,1.0025386118999042,1629.6601087580354,1.0148404379689056,1629.6601087580354,1.0148404379689056
1629.661497651456,1.0094469154645278,1629.661497651456,1.0025918234206679,1629.661497651456,1.0120632236219498,1629.661497651456,1.0120632236219498
1629.6628865444115,0.9779146007569701,1629.6628865444115,1.002550191714527,1629.6628865444115,0.9804084704693355,1629.6628865444115,0.9804084704693355
1629.6642754378324,0.9898784140496042,1629.6642754378324,1.0025976277548367,1629.6642754378324,0.9924497496918532,1629.6642754378324,0.9924497496918532
1629.6656643312524,0.9935487128567279,1629.6656643312524,1.00263048288062,1629.6656643312524,0.9961622257369596,1629.6656643312524,0.9961622257369596
1629.6670532246724,1.01006482840945,1629.6670532246724,1.0026948349471467,1629.6670532246724,1.0127867864079316,1629.6670532246724,1.0127867864079316
1629.6684421176271,0.9970183628527126,1629.6684421176271,1.0027877164054289,1629.6684421176271,0.999797767299351,1629.6684421176271,0.999797767299351
1629.6698310110485,1.0197735457918922,1629.6698310110485,1.0029242001063052,1629.6698310110485,1.022755567702904,1629.6698310110485,1.022755567702904
1629.6712199044694,0.9998863558156297,1629.6712199044694,1.0030665901139788,1629.6712199044694,1.0029525974294762,1629.6712199044694,1.0029525974294762
1629.672608797889,1.0055414657761377,1629.672608797889,1.0030482359857513,1629.672608797889,1.0086065934572817,1629.672608797889,1.0086065934572817
1629.673997690844,1.0161176394221099,1629.673997690844,1.0031107645517523,1629.673997690844,1.0192785421552344,1629.673997690844,1.0192785421552344
1629.675386584265,1.0074927596836667,1629.675386584265,1.0031040391445059,1629.675386584265,1.010620056647531,1629.675386584265,1.010620056647531
1629.6767754776854,1.0135239973995949,1629.6767754776854,1.0032578759021138,1629.6767754776854,1.0168259328069371,1629.6767754776854,1.0168259328069371
1629.6781643711058,0.9982961892598999,1629.6781643711058,1.0033768222241046,1629.6781643711058,1.0016672580180317,1629.6781643711058,1.0016672580180317
1629.679553264061,0.9991308612329789,1629.679553264061,1.0034688215306231,1629.679553264061,1.0025966678763338,1629.679553264061,1.0025966678763338
1629.6809421574817,1.005442767791039,1629.6809421574817,1.0035768773633211,1629.6809421574817,1.0090391132672656,1629.6809421574817,1.0090391132672656
1629.6823310509014,1.006189932695535,1629.6823310509014,1.003670587778584,1629.6823310509014,1.0098832411654215,1629.6823310509014,1.0098832411654215
1629.6837199438555,0.9971984351712337,1629.6837199438555,1.0036742302925752,1629.6837199438555,1.0008623718694485,1629.6837199438555,1.0008623718694485
1629.685108837277,0.9911824588227675,1629.685108837277,1.0037321550962168,1629.685108837277,0.9948817054877436,1629.685108837277,0.9948817054877436
1629.6864977306984,1.0135959377858936,1629.6864977306984,1.003799153331468,1629.6864977306984,1.0174467441696955,1629.6864977306984,1.0174467441696955
1629.6878866241184,1.0130681359127758,1629.6878866241184,1.003812617752713,1629.6878866241184,1.0169305774724646,1629.6878866241184,1.0169305774724646
1629.6892755170727,0.9959893534970405,1629.6892755170727,1.0039279515282147,1629.6892755170727,0.9999015514001948,1629.6892755170727,0.9999015514001948
1629.6906644104936,1.0056492427621295,1629.6906644104936,1.0039362089914439,1629.6906644104936,1.0096076883537286,1629.6906644104936,1.0096076883537286
1629.692053303915,1.0046237145989112,1629.692053303915,1.0039628347122909,1629.692053303915,1.0086048723279144,1629.692053303915,1.0086048723279144
1629.6934421968697,1.0119241813368223,1629.6934421968697,1.0039782591388213,1629.6934421968697,1.0159498779590197,1629.6934421968697,1.0159498779590197
1629.6948310902897,0.9999593709751721,1629.6948310902897,1.0040777036287782,1629.6948310902897,1.0040369089308283,1629.6948310902897,1.0040369089308283
1629.69621998371,1.0079736159899,1629.69621998371,1.0041275208393479,1629.69621998371,1.012134048095411,1629.69621998371,1.012134048095411
1629.6976088766653,1.0016293345078047,1629.6976088766653,1.004135390664601,1629.6976088766653,1.0057714631071186,1629.6976088766653,1.0057714631071186
1629.6989977700853,1.0088724622878842,1629.6989977700853,1.004198494049259,1629.6989977700853,1.013108207317261,1629.6989977700853,1.013108207317261
1629.7003866635057,1.00806500881067,1629.7003866635057,1.0042823447653588,1629.7003866635057,1.0123818907242916,1629.7003866635057,1.0123818907242916
1629.7017755564614,0.9999284224280258,1629.7017755564614,1.0043685176122008,1629.7017755564614,1.0042966273523428,1629.7017755564614,1.0042966273523428
1629.7031644498811,1.0044362231120252,1629.7031644498811,1.0043078823902505,1629.7031644498811,1.0087632162296991,1629.7031644498811,1.0087632162296991
1629.7045533433013,0.9986646281911191,1629.7045533433013,1.0043350652671177,1629.7045533433013,1.0029939045342895,1629.7045533433013,1.0029939045342895
1629.7059422362563,1.0032015746269451,1629.7059422362563,1.0044539484673527,1629.7059422362563,1.0076697827427006,1629.7059422362563,1.0076697827427006
1629.707331129678,1.0081617199481363,1629.707331129678,1.0044559987715198,1629.707331129678,1.0126540873337184,1629.707331129678,1.0126540873337184
1629.7087200226326,1.0066677052931727,1629.7087200226326,1.0044958546258316,1629.7087200226326,1.0111935369526903,1629.7087200226326,1.0111935369526903
1629.7101089160526,1.0248469552563508,1629.7101089160526,1.0045754867862233,1629.7101089160526,1.0295361289580274,1629.7101089160526,1.0295361289580274
1629.711497809473,1.0071920256772666,1629.711497809473,1.0046975711313981,1629.711497809473,1.0119233818608626,1629.711497809473,1.0119233818608626
1629.7128867024282,1.003986371918976,1629.7128867024282,1.0047658491151978,1629.7128867024282,1.0087712194812568,1629.7128867024282,1.0087712194812568
1629.7142755958482,0.9932321568407566,1629.7142755958482,1.0047849566190803,1629.7142755958482,0.9979847296239152,1629.7142755958482,0.9979847296239152
1629.7156644892686,0.9932863921238837,1629.7156644892686,1.0047711599631415,1629.7156644892686,0.9980255203899184,1629.7156644892686,0.9980255203899184
1629.7170533822243,1.0048921658669516,1629.7170533822243,1.0047721229289786,1629.7170533822243,1.0096876348128363,1629.7170533822243,1.0096876348128363
1629.7184422756452,1.009984627704686,1629.7184422756452,1.0048583331026624,1629.7184422756452,1.0148914694546438,1629.7184422756452,1.0148914694546438
1629.7198311685995,0.9918388217634603,1629.7198311685995,1.0049789112218463,1629.7198311685995,0.9967770992034012,1629.7198311685995,0.9967770992034012
1629.7212200620197,1.0011949140409113,1629.7212200620197,1.0050262121746802,1629.7212200620197,1.0062271321070917,1629.7212200620197,1.0062271321070917
1629.7226089554408,0.9919467142018882,1629.7226089554408,1.0050968997389012,1629.7226089554408,0.9970025671505076,1629.7226089554408,0.9970025671505076
1629.7239978483965,0.9988728206662255,1629.7239978483965,1.0052074786471206,1629.7239978483965,1.004074429551034,1629.7239978483965,1.004074429551034
1629.7253867418165,0.9879221441409682,1629.7253867418165,1.005318589584572,1629.7253867418165,0.9931764965671644,1629.7253867418165,0.9931764965671644
1629.7267756347703,1.0169644120850123,1629.7267756347703,1.005450165680725,1629.7267756347703,1.0225070366222768,1629.7267756347703,1.0225070366222768
1629.7281645281912,1.0142381524059862,1629.7281645281912,1.0054163581227333,1629.7281645281912,1.0197316294611565,1629.7281645281912,1.0197316294611565
1629.7295534216116,1.0130327444396232,1629.7295534216116,1.0054739573756004,1629.7295534216116,1.0185780425027733,1629.7295534216116,1.0185780425027733
1629.7309423145668,1.020293495008773,1629.7309423145668,1.005595348021782,1629.7309423145668,1.0260023921977075,1629.7309423145668,1.0260023921977075
1629.7323312079873,1.0201644884328203,1629.7323312079873,1.0055932796328986,1629.7323312079873,1.025870553688178,1629.7323312079873,1.025870553688178
1629.7337201009425,1.0022989651526237,1629.7337201009425,1.0056163334097712,1629.7337201009425,1.0079282103171896,1629.7337201009425,1.0079282103171896
1629.735108994363,1.008108335685759,1629.735108994363,1.0056571688107336,1629.735108994363,1.013811374720241,1629.735108994363,1.013811374720241
1629.7364978873172,1.0193227281352313,1629.7364978873172,1.0056769617026762,1629.7364978873172,1.0251093842255223,1629.7364978873172,1.0251093842255223
1629.737886780738,1.014395503269405,1629.737886780738,1.0058052967201219,1629.737886780738,1.0202843701574411,1629.737886780738,1.0202843701574411
1629.7392756741594,1.0195224634927778,1629.7392756741594,1.0057656619531552,1629.7392756741594,1.0254006853709252,1629.7392756741594,1.0254006853709252
1629.7406645671142,1.0180841772525442,1629.7406645671142,1.005763603502632,1629.7406645671142,1.0239520107825313,1629.7406645671142,1.0239520107825313
1629.7420534605342,1.0068318937993186,1629.7420534605342,1.0057956786565148,1629.7420534605342,1.0126671679169097,1629.7420534605342,1.0126671679169097
1629.7434423534885,1.0139652725660657,1629.7434423534885,1.0058857056602046,1629.7434423534885,1.0199331737100588,1629.7434423534885,1.0199331737100588
1629.744831246909,1.0161150532609815,1629.744831246909,1.0060131599776372,1629.744831246909,1.022225115631925,1629.744831246909,1.022225115631925
1629.7462201398646,1.0220333486085331,1629.7462201398646,1.005997096930667,1629.7462201398646,1.0281625816665128,1629.7462201398646,1.0281625816665128
1629.7476090332857,1.0231392990394046,1629.7476090332857,1.0060302765819653,1629.7476090332857,1.0293091119944904,1629.7476090332857,1.0293091119944904
1629.7489979262398,0.9920905821163232,1629.7489979262398,1.0060275340355753,1629.7489979262398,0.998070441866403,1629.7489979262398,0.998070441866403
1629.7503868196602,1.0201967935552732,1629.7503868196602,1.0060814720253441,1629.7503868196602,1.0264010918156254,1629.7503868196602,1.0264010918156254
1629.7517757126154,1.0202717856591947,1629.7517757126154,1.0062107982738024,1629.7517757126154,1.0266084879043762,1629.7517757126154,1.0266084879043762
1629.753164606036,1.0259717296538744,1629.753164606036,1.006260512781199,1629.753164606036,1.0323948387805213,1629.753164606036,1.0323948387805213
1629.754553498991,0.997850974531669,1629.754553498991,1.0063096462691905,1629.754553498991,1.004147061210331,1629.754553498991,1.004147061210331
1629.7559423924115,1.0049271012103007,1629.7559423924115,1.0063512327516317,1629.7559423924115,1.01130962712851,1629.7559423924115,1.01130962712851
1629.7573312853667,0.9946095617419047,1629.7573312853667,1.006460955235107,1629.7573312853667,1.0010356895967285,1629.7573312853667,1.0010356895967285
1629.7587201787865,1.0253721952433594,1629.7587201787865,1.0064809363962606,1629.7587201787865,1.0320175672232257,1629.7587201787865,1.0320175672232257
1629.7601090717403,1.0066078843099702,1629.7601090717403,1.0065367312764846,1629.7601090717403,1.0131878095504951,1629.7601090717403,1.0131878095504951
1629.761497965162,1.009170196715562,1629.761497965162,1.0066251259844012,1629.761497965162,1.0158560764085056,1629.761497965162,1.0158560764085056
1629.7628868581176,1.010017399072439,1629.7628868581176,1.0066244487391254,1629.7628868581176,1.0167082075582192,1629.7628868581176,1.0167082075582192
1629.7642757515375,1.015061529514028,1629.7642757515375,1.006595159125048,1629.7642757515375,1.0217560218228876,1629.7642757515375,1.0217560218228876
1629.7656646444918,1.0014042259575595,1629.7656646444918,1.006661184716762,1629.7656646444918,1.0080747644828087,1629.7656646444918,1.0080747644828087
1629.7670535379127,1.0130853665152986,1629.7670535379127,1.0066445129621109,1629.7670535379127,1.0198168253648343,1629.7670535379127,1.0198168253648343
1629.7684424308684,1.0017313702367607,1629.7684424308684,1.006729839624663,1629.7684424308684,1.008472861705448,1629.7684424308684,1.008472861705448
1629.7698313242888,1.010560616540581,1629.7698313242888,1.006760687142521,1629.7698313242888,1.017392700707565,1629.7698313242888,1.017392700707565
1629.7712202172431,0.988315982487185,1629.7712202172431,1.0067271089822818,1629.7712202172431,0.9949644918103072,1629.7712202172431,0.9949644918103072
1629.772609110664,1.0159207881053531,1629.772609110664,1.0067165730636551,1629.772609110664,1.022744294305549,1629.772609110664,1.022744294305549
1629.7739980036188,1.0140249035350593,1629.7739980036188,1.0066907461233647,1629.7739980036188,1.0208094867273818,1629.7739980036188,1.0208094867273818
1629.7753868970387,0.9987546345246101,1629.7753868970387,1.0067406343949956,1629.7753868970387,1.005486874366248,1629.7753868970387,1.005486874366248
1629.7767757899935,0.9938492944317517,1629.7767757899935,1.0067486556867833,1629.7767757899935,1.000556441124424,1629.7767757899935,1.000556441124424
1629.7781646834148,1.0002877531951042,1629.7781646834148,1.0067180639921143,1629.7781646834148,1.007007750331597,1629.7781646834148,1.007007750331597
1629.77955357637,1.009853342032007,1629.77955357637,1.0067466510784107,1629.77955357637,1.016666470171064,1629.77955357637,1.016666470171064
1629.78094246979,1.0091726051327041,1629.78094246979,1.006747138822942,1629.78094246979,1.0159816327958446,1629.78094246979,1.0159816327958446
1629.7823313627443,1.0206975454363736,1629.7823313627443,1.0067847757987387,1629.7823313627443,1.0276227494404824,1629.7823313627443,1.0276227494404824
1629.7837202557,1.012188757243696,1629.7837202557,1.0067967055651412,1629.7837202557,1.0190683062030277,1629.7837202557,1.0190683062030277
1629.7851091491204,1.0226813185818178,1629.7851091491204,1.0067840692878478,1629.7851091491204,1.0296192595064644,1629.7851091491204,1.0296192595064644
1629.7864980420748,1.020605797238055,1629.7864980420748,1.0067584153998979,1629.7864980420748,1.0275034751753336,1629.7864980420748,1.0275034751753336
1629.7878869354956,1.0084401126240965,1629.7878869354956,1.0067590172764214,1629.7878869354956,1.015256176767559,1629.7878869354956,1.015256176767559
1629.7892758284504,1.001064413109114,1629.7892758284504,1.0067358902131198,1629.7892758284504,1.0078074730920783,1629.7892758284504,1.0078074730920783
1629.7906647218704,1.0183629227473128,1629.7906647218704,1.0067530042454422,1629.7906647218704,1.0252399318880263,1629.7906647218704,1.0252399318880263
1629.7920536148256,0.9966875774342766,1629.7920536148256,1.0067437154822596,1629.7920536148256,1.003408954881196,1629.7920536148256,1.003408954881196
1629.793442507781,1.0017565613650143,1629.793442507781,1.0067179247025126,1629.793442507781,1.0084862865145126,1629.793442507781,1.0084862865145126
1629.7948314012017,1.0061339633565125,1629.7948314012017,1.0067333767245248,1629.7948314012017,1.0129086423671312,1629.7948314012017,1.0129086423671312
1629.796220294156,1.0077403701073215,1629.796220294156,1.0068176977005143,1629.796220294156,1.0146108393113176,1629.796220294156,1.0146108393113176
1629.797609187576,0.9944340399679119,1629.797609187576,1.0068192049002116,1629.797609187576,1.0012152894461983,1629.797609187576,1.0012152894461983
1629.7989980805307,1.0086393891473726,1629.7989980805307,1.0068175207702776,1629.7989980805307,1.015515809132605,1629.7989980805307,1.015515809132605
1629.8003869734864,1.003828067225604,1629.8003869734864,1.006872648651046,1629.8003869734864,1.010727024837704,1629.8003869734864,1.010727024837704
1629.8017758669073,1.0030284217012277,1629.8017758669073,1.0069629036147936,1629.8017758669073,1.0100124119244318,1629.8017758669073,1.0100124119244318
1629.8031647598616,1.0057131703450093,1629.8031647598616,1.0070382246488054,1629.8031647598616,1.0127916055701598,1629.8031647598616,1.0127916055701598
1629.804553653282,0.9997687437403947,1629.804553653282,1.0070856574943328,1629.804553653282,1.0068527626320785,1629.804553653282,1.0068527626320785
1629.8059425462372,0.998065296793267,1629.8059425462372,1.0070990033591887,1629.8059425462372,1.005150565687892,1629.8059425462372,1.005150565687892
1629.807331439192,1.011719305371668,1629.807331439192,1.0071466611139754,1629.807331439192,1.0189497203896258,1629.807331439192,1.0189497203896258
1629.808720332613,1.0263489822218306,1629.808720332613,1.0071466748462734,1629.808720332613,1.0336839646765736,1629.808720332613,1.0336839646765736
1629.8101092255677,1.0056462887202606,1629.8101092255677,1.0071199174528542,1629.8101092255677,1.012806407282718,1629.8101092255677,1.012806407282718
1629.811498118988,1.017384216557934,1629.811498118988,1.0071441838935906,1629.811498118988,1.0246525964914606,1629.811498118988,1.0246525964914606
1629.8128870119424,1.024463788694773,1629.8128870119424,1.0071171087977364,1629.8128870119424,1.031755008938255,1629.8128870119424,1.031755008938255
1629.8142759048967,1.0081478888342057,1629.8142759048967,1.0070825074001513,1629.8142759048967,1.015288103717321,1629.8142759048967,1.015288103717321
1629.815664798318,0.9974470002299669,1629.815664798318,1.0070611953498247,1629.815664798318,1.0044901683496874,1629.815664798318,1.0044901683496874
1629.8170536912737,1.0133972925730093,1629.8170536912737,1.0070617400760609,1629.8170536912737,1.0205536408469436,1629.8170536912737,1.0205536408469436
1629.818442584228,1.0076151968241496,1629.818442584228,1.0071045310360616,1629.818442584228,1.014773830262394,1629.818442584228,1.014773830262394
1629.819831477648,1.0118198068052524,1629.819831477648,1.007024850749775,1629.819831477648,1.0189276899337254,1629.819831477648,1.0189276899337254
1629.8212203706032,0.9920529365320591,1629.8212203706032,1.0071222742847616,1629.8212203706032,0.9991186096510436,1629.8212203706032,0.9991186096510436
1629.822609263559,1.007233724913651,1629.822609263559,1.007208877187338,1629.822609263559,1.0144947491354983,1629.822609263559,1.0144947491354983
1629.823998156979,1.018492768345159,1629.823998156979,1.0072215205291268,1629.823998156979,1.0258478347805309,1629.823998156979,1.0258478347805309
1629.8253870499336,1.0198605402667953,1629.8253870499336,1.00728306213242,1629.8253870499336,1.027288247947962,1629.8253870499336,1.027288247947962
1629.8267759428886,1.0051211752453943,1629.8267759428886,1.0072537734542426,1629.8267759428886,1.0124120965446866,1629.8267759428886,1.0124120965446866
1629.8281648363093,1.0111870674832237,1629.8281648363093,1.0072473355353437,1629.8281648363093,1.0185154794502749,1629.8281648363093,1.0185154794502749
1629.8295537292636,1.0213509561584626,1629.8295537292636,1.0072542308040224,1629.8295537292636,1.0287600717263452,1629.8295537292636,1.0287600717263452
1629.8309426222183,1.012454686264299,1629.8309426222183,1.00722083021404,1629.8309426222183,1.0197654496532225,1629.8309426222183,1.0197654496532225
1629.8323315156397,1.0086718845503384,1629.8323315156397,1.0071681566978858,1629.8323315156397,1.015902202675547,1629.8323315156397,1.015902202675547
1629.833720408595,1.0115765761029443,1629.833720408595,1.0072253019039266,1629.833720408595,1.0188855222642283,1629.833720408595,1.0188855222642283
1629.8351093015492,1.0239328456446293,1629.8351093015492,1.0073190367166929,1629.8351093015492,1.0314270477373302,1629.8351093015492,1.0314270477373302
1629.8364981949692,0.9965853209810032,1629.8364981949692,1.0073893869625945,1629.8364981949692,1.0039494755589733,1629.8364981949692,1.0039494755589733
1629.8378870879249,0.9928160434225772,1629.8378870879249,1.0074434491783633,1629.8378870879249,1.0002060191852569,1629.8378870879249,1.0002060191852569
1629.8392759808803,1.0029308149854743,1629.8392759808803,1.0075354043330544,1629.8392759808803,1.0104883041944697,1629.8392759808803,1.0104883041944697
1629.8406648738348,1.004822812059552,1629.8406648738348,1.0075353015658561,1629.8406648738348,1.0123944549686723,1629.8406648738348,1.0123944549686723
1629.8420537672548,1.01644456030843,1629.8420537672548,1.007530597556388,1629.8420537672548,1.0240989952304924,1629.8420537672548,1.0240989952304924
1629.8434426602096,1.005640498999574,1629.8434426602096,1.0075205531556126,1629.8434426602096,1.013203471827737,1629.8434426602096,1.013203471827737
1629.8448315531643,0.9950844834682184,1629.8448315531643,1.0075975497990994,1629.8448315531643,1.0026446873856794,1629.8448315531643,1.0026446873856794
1629.8462204465852,0.9974955318737555,1629.8462204465852,1.0076529444218276,1629.8462204465852,1.0051293097402068,1629.8462204465852,1.0051293097402068
1629.84760933954,1.0078126149336375,1629.84760933954,1.0076833554719913,1629.84760933954,1.0155559975033297,1629.84760933954,1.0155559975033297
1629.8489982324952,0.9961099728198435,1629.8489982324952,1.0076829050817817,1629.8489982324952,1.0037629911920345,1629.8489982324952,1.0037629911920345
1629.85038712545,1.014852853073259,1629.85038712545,1.007683687118875,1629.85038712545,1.0226506648679716,1629.85038712545,1.0226506648679716
1629.85177601887,0.9939116462430895,1629.85177601887,1.007670820158014,1629.85177601887,1.0015357637343758,1629.85177601887,1.0015357637343758
1629.8531649118252,1.0005206318347837,1629.8531649118252,1.0076178069593429,1629.8531649118252,1.0081424048669407,1629.8531649118252,1.0081424048669407
1629.8545538047808,1.008027747283926,1629.8545538047808,1.0076864198599134,1629.8545538047808,1.015775871779993,1629.8545538047808,1.015775871779993
1629.8559426977356,0.9925006698177499,1629.8559426977356,1.0076585691228974,1629.8559426977356,1.0001018048020711,1629.8559426977356,1.0001018048020711
1629.8573315911556,0.9987098126962549,1629.8573315911556,1.007689456693096,1629.8573315911556,1.0063893485499529,1629.8573315911556,1.0063893485499529
1629.85872048411,1.0180950128565802,1629.85872048411,1.0076831566196385,1629.85872048411,1.02591719629403,1629.85872048411,1.02591719629403
1629.8601093770646,1.002914174602942,1629.8601093770646,1.0076906129425447,1629.8601093770646,1.010627199334405,1629.8601093770646,1.010627199334405
1629.86149827002,0.9932791713624688,1629.86149827002,1.007737870777248,1629.86149827002,1.0009650372362036,1629.86149827002,1.0009650372362036
1629.8628871634403,1.0200815686286744,1629.8628871634403,1.0076880758840527,1629.8628871634403,1.0279240331362152,1629.8628871634403,1.0279240331362152
1629.8642760563955,0.9972204676834111,1629.8642760563955,1.0077065157486278,1629.8642760563955,1.0049055629224672,1629.8642760563955,1.0049055629224672
1629.8656649493505,1.0004915789658122,1629.8656649493505,1.0076994494029858,1629.8656649493505,1.0081948132561729,1629.8656649493505,1.0081948132561729
1629.8670538423046,0.9949597972371539,1629.8670538423046,1.0077177652977167,1629.8670538423046,1.002638663432894,1629.8670538423046,1.002638663432894
1629.8684427352598,1.0069529099371675,1629.8684427352598,1.0077476031762633,1629.8684427352598,1.0147543815005442,1629.8684427352598,1.0147543815005442
1629.8698316286811,1.0007559926512208,1629.8698316286811,1.0076708815534199,1629.8698316286811,1.0084326733347235,1629.8698316286811,1.0084326733347235
1629.871220521636,1.0219002741842411,1629.871220521636,1.0076408883304655,1629.871220521636,1.029708500064155,1629.871220521636,1.029708500064155
1629.8726094145902,1.0019022163991977,1629.8726094145902,1.007649012377656,1629.8726094145902,1.0095657788536363,1629.8726094145902,1.0095657788536363
1629.8739983075443,1.0053368019755953,1629.8739983075443,1.007668005717573,1629.8739983075443,1.0130457303212308,1629.8739983075443,1.0130457303212308
1629.8753872004995,1.013449695532084,1629.8753872004995,1.0076247873039341,1629.8753872004995,1.021177033903753,1629.8753872004995,1.021177033903753
1629.8767760939206,1.0016149705217852,1629.8767760939206,1.00762765393188,1629.8767760939206,1.0092549428899156,1629.8767760939206,1.0092549428899156
1629.8781649868758,1.0176746442265017,1629.8781649868758,1.0075138071558598,1629.8781649868758,1.025321255250628,1629.8781649868758,1.025321255250628
1629.8795538798302,1.0045431417766828,1629.8795538798302,1.00743946856604,1629.8795538798302,1.0120164089031614,1629.8795538798302,1.0120164089031614
1629.880942772785,1.0180278802761538,1629.880942772785,1.007435653228209,1629.880942772785,1.025597582570536,1629.880942772785,1.025597582570536
1629.88233166574,1.0022850014592426,1629.88233166574,1.0074389044001,1629.88233166574,1.009740903766752,1629.88233166574,1.009740903766752
1629.8837205591606,0.9878884320407332,1629.8837205591606,1.007438607751713,1629.8837205591606,0.995236946589139,1629.8837205591606,0.995236946589139
1629.8851094521158,0.9984614543258363,1629.8851094521158,1.0074320258543552,1629.8851094521158,1.005882045668963,1629.8851094521158,1.005882045668963
1629.8864983450703,0.9924619984219211,1629.8864983450703,1.007434147273745,1629.8864983450703,0.9998401070817848,1629.8864983450703,0.9998401070817848
1629.8878872380258,0.9986574946170375,1629.8878872380258,1.0074017817582737,1629.8878872380258,1.006049339443457,1629.8878872380258,1.006049339443457
1629.88927613098,1.0045415588205682,1629.88927613098,1.0074010494106358,1629.88927613098,1.0119762205324363,1629.88927613098,1.0119762205324363
1629.8906650239344,1.011605485200526,1629.8906650239344,1.0074199096974361,1629.8906650239344,1.019111506550145,1629.8906650239344,1.019111506550145
1629.8920539173555,1.0039557322129804,1629.8920539173555,1.0073677781921773,1629.8920539173555,1.0113526553626906,1629.8920539173555,1.0113526553626906
1629.8934428103112,1.0022839884215837,1629.8934428103112,1.007366426176156,1629.8934428103112,1.0096672394298345,1629.8934428103112,1.0096672394298345
1629.8948317032653,0.9997823994249259,1629.8948317032653,1.0072592877639672,1629.8948317032653,1.007040107563701,1629.8948317032653,1.007040107563701
1629.8962205962196,1.0145318111159314,1629.8962205962196,1.0072756218556271,1629.8962205962196,1.0219131609341154,1629.8962205962196,1.0219131609341154
1629.8976094891748,0.9961564420315768,1629.8976094891748,1.007320148182474,1629.8976094891748,1.003448454800174,1629.8976094891748,1.003448454800174
1629.8989983821305,0.9917787161292604,1629.8989983821305,1.0072340522430874,1629.8989983821305,0.9989532951753216,1629.8989983821305,0.9989532951753216
1629.9003872750852,1.0065510307752776,1629.9003872750852,1.0071978724099213,1629.9003872750852,1.0137960566688728,1629.9003872750852,1.0137960566688728
1629.9017761685052,1.0286059740648108,1629.9017761685052,1.0070863281345381,1629.9017761685052,1.0358950135181804,1629.9017761685052,1.0358950135181804
1629.9031650614604,0.9897653788639309,1629.9031650614604,1.006999017290772,1629.9031650614604,0.996692763864407,1629.9031650614604,0.996692763864407
1629.9045539544152,1.0004080525038481,1629.9045539544152,1.0069728332559504,1629.9045539544152,1.0073837310418676,1629.9045539544152,1.0073837310418676
1629.9059428473695,0.9896635749348976,1629.9059428473695,1.0070181708962942,1629.9059428473695,0.9966092030336282,1629.9059428473695,0.9966092030336282
1629.9073317403247,1.0224044555962726,1629.9073317403247,1.0069763193458963,1629.9073317403247,1.0295370755791793,1629.9073317403247,1.0295370755791793
1629.9087206332804,1.0075826815340612,1629.9087206332804,1.0069138575961813,1629.9087206332804,1.014548964710566,1629.9087206332804,1.014548964710566
1629.9101095262351,0.9933236720180121,1629.9101095262351,1.0068179720748915,1629.9101095262351,1.0000961250751597,1629.9101095262351,1.0000961250751597
1629.9114984191897,0.9843585352683806,1629.9114984191897,1.0067410959318808,1629.9114984191897,0.9909941905859904,1629.9114984191897,0.9909941905859904
1629.9128873121438,0.9918350012782522,1629.9128873121438,1.0067436760569262,1629.9128873121438,0.9985236152287936,1629.9128873121438,0.9985236152287936
1629.9142762050994,1.0112102186116199,1629.9142762050994,1.0067736576555626,1629.9142762050994,1.0180598104503016,1629.9142762050994,1.0180598104503016
1629.9156650985208,0.9922643049262755,1629.9156650985208,1.0067909191416353,1629.9156650985208,0.9990026915881608,1629.9156650985208,0.9990026915881608
1629.917053991475,0.998328718979944,1629.917053991475,1.0067426702565245,1629.917053991475,1.0050601203396443,1629.917053991475,1.0050601203396443
1629.9184428844294,1.0087040952062236,1629.9184428844294,1.0067217961616814,1629.9184428844294,1.015484398521653,1629.9184428844294,1.015484398521653
1629.9198317773842,1.0155705630908187,1629.9198317773842,1.0067025953626085,1629.9198317773842,1.022377521637393,1629.9198317773842,1.022377521637393
1629.9212206703394,0.9921206807073023,1629.9212206703394,1.006752691725656,1629.9212206703394,0.9988201658187666,1629.9212206703394,0.9988201658187666
1629.922609563294,0.9963074351445179,1629.922609563294,1.0067438146513172,1629.922609563294,1.0030263478228618,1629.922609563294,1.0030263478228618
1629.9239984562494,0.9766599775989873,1629.9239984562494,1.0066373363938335,1629.9239984562494,0.9831423984127056,1629.9239984562494,0.9831423984127056
1629.925387349204,1.0151835084188479,1629.925387349204,1.006568306152162,1629.925387349204,1.0218515445027687,1629.925387349204,1.0218515445027687
1629.9267762421591,1.0057042511721035,1629.9267762421591,1.0064724785133954,1629.9267762421591,1.0122136503286454,1629.9267762421591,1.0122136503286454
1629.9281651351132,1.0074714521669044,1629.9281651351132,1.006530709874809,1629.9281651351132,1.014050955928159,1629.9281651351132,1.014050955928159
1629.9295540280684,1.0005716349834826,1629.9295540280684,1.0064867949571907,1629.9295540280684,1.0070621380196014,1629.9295540280684,1.0070621380196014
1629.930942921024,1.0086108918760075,1629.930942921024,1.0064602276414216,1629.930942921024,1.0151267478391437,1629.930942921024,1.0151267478391437
1629.9323318139789,0.9981052448066943,1629.9323318139789,1.0063775586935986,1629.9323318139789,1.0044707195878375,1629.9323318139789,1.0044707195878375
1629.9337207069332,0.9937729873606934,1629.9337207069332,1.0063398108325357,1629.9337207069332,1.000073320111044,1629.9337207069332,1.000073320111044
1629.9351095998877,0.9958470747613238,1629.9351095998877,1.0063315781395168,1629.9351095998877,1.0021523583301843,1629.9351095998877,1.0021523583301843
1629.9364984928427,0.9972452792247766,1629.9364984928427,1.0062247117981942,1629.9364984928427,1.0034528436800605,1629.9364984928427,1.0034528436800605
1629.9378873857977,1.004252444522811,1629.9378873857977,1.0061492127881602,1629.9378873857977,1.0104278064972116,1629.9378873857977,1.0104278064972116
1629.9392762792183,0.9856867778793869,1629.9392762792183,1.0061161944171653,1629.9392762792183,0.9917154298473264,1629.9392762792183,0.9917154298473264
1629.940665172173,0.9945990648271078,1629.940665172173,1.0060841238628657,1629.940665172173,1.0006503287314064,1629.940665172173,1.0006503287314064
1629.9420540651283,0.9852751098695154,1629.9420540651283,1.0060233452669944,1629.9420540651283,0.9912097620392354,1629.9420540651283,0.9912097620392354
1629.9434429580824,1.0010072200920792,1629.9434429580824,1.0059491003707999,1629.9434429580824,1.0069623125163023,1629.9434429580824,1.0069623125163023
1629.9448318510365,1.0011049613351777,1629.9448318510365,1.0059541259206994,1629.9448318510365,1.0070656663348043,1629.9448318510365,1.0070656663348043
1629.9462207439922,0.9875072274705892,1629.9462207439922,1.0058903567705986,1629.9462207439922,0.9933239973539356,1629.9462207439922,0.9933239973539356
1629.9476096369478,0.993124268683951,1629.9476096369478,1.0058251034824714,1629.9476096369478,0.9989093203199888,1629.9476096369478,0.9989093203199888
1629.9489985299022,0.9980670129614091,1629.9489985299022,1.005712096971668,1629.9489985299022,1.0037680685236676,1629.9489985299022,1.0037680685236676
1629.9503874228565,0.9991348105271572,1629.9503874228565,1.005648706305708,1629.9503874228565,1.0047786296316343,1629.9503874228565,1.0047786296316343
1629.9517763158117,0.9868595577036346,1629.9517763158117,1.0055916393382667,1629.9517763158117,0.9923777204278348,1629.9517763158117,0.9923777204278348
1629.9531652087674,0.9886634349269093,1629.9531652087674,1.0055366486876434,1629.9531652087674,0.9941373170364184,1629.9531652087674,0.9941373170364184
1629.954554101722,1.0060061559188251,1629.954554101722,1.0054765970988615,1629.954554101722,1.011515646313767,1629.954554101722,1.011515646313767
1629.9559429946764,0.983097650634645,1629.9559429946764,1.0054069240719088,1629.9559429946764,0.9884131849868985,1629.9559429946764,0.9884131849868985
1629.9573318876317,1.0001873799844974,1629.9573318876317,1.00530366396938,1629.9573318876317,1.0054920377543497,1629.9573318876317,1.0054920377543497
1629.9587207801208,0.9945941664797681,1629.9587207801208,1.0052427855605188,1629.9587207801208,0.9998086104143644,1629.9587207801208,0.9998086104143644
1629.960109673075,1.0116309199093771,1629.960109673075,1.005118611667411,1629.960109673075,1.0168090657391389,1629.960109673075,1.0168090657391389
1629.9614985660298,1.0070276575463133,1629.9614985660298,1.005019994206722,1629.9614985660298,1.0120829305532046,1629.9614985660298,1.0120829305532046
1629.9628874589855,0.9960743030329605,1629.9628874589855,1.004959082130953,1629.9628874589855,1.0010139173102328,1629.9628874589855,1.0010139173102328
1629.9642763519407,0.9897357806565461,1629.9642763519407,1.0049394880929645,1629.9642763519407,0.99462456876028,1629.9642763519407,0.99462456876028
1629.965665244895,0.9821282905348873,1629.965665244895,1.0049047719875956,1629.965665244895,0.986945405862528,1629.965665244895,0.986945405862528
1629.9670541378491,1.0121570261601531,1629.9670541378491,1.0048133972592486,1629.9670541378491,1.0170289400158017,1629.9670541378491,1.0170289400158017
1629.968443030805,1.0181235906009862,1629.968443030805,1.0047068236447694,1629.968443030805,1.0229157187905245,1629.968443030805,1.0229157187905245
1629.9698319237607,1.0020302045914213,1629.9698319237607,1.004677265128444,1629.9698319237607,1.0067169655250043,1629.9698319237607,1.0067169655250043
1629.971220816715,1.0016036703049265,1629.971220816715,1.0045983599164334,1629.971220816715,1.0062094044746093,1629.971220816715,1.0062094044746093
1629.972609709669,1.0116964065254292,1629.972609709669,1.004560363939609,1629.972609709669,1.0163101103355798,1629.972609709669,1.0163101103355798
1629.973998602624,1.010433314652492,1629.973998602624,1.0044974599684615,1629.973998602624,1.0149776980359415,1629.973998602624,1.0149776980359415
1629.975387495579,1.0145866362559388,1629.975387495579,1.0045049404082842,1629.975387495579,1.0191572885913134,1629.975387495579,1.0191572885913134
1629.976776388534,0.9789323875392134,1629.976776388534,1.004455069771842,1629.976776388534,0.9832935996276164,1629.976776388534,0.9832935996276164
1629.9781652814888,1.0114556197639009,1629.9781652814888,1.004339556988909,1629.9781652814888,1.0158448890676186,1629.9781652814888,1.0158448890676186
1629.979554174444,1.0088765446642296,1629.979554174444,1.0042743560514842,1629.979554174444,1.0131888422281157,1629.979554174444,1.0131888422281157
1629.9809430673988,0.9863905380269385,1629.9809430673988,1.0041419625006633,1629.9809430673988,0.9904761306464552,1629.9809430673988,0.9904761306464552
1629.9823319598877,1.00458662073726,1629.9823319598877,1.0040144683465086,1629.9823319598877,1.008619501927536,1629.9823319598877,1.008619501927536
1629.983720852843,1.002270429861634,1629.983720852843,1.0039223241689026,1629.983720852843,1.0062016593924568,1629.983720852843,1.0062016593924568
1629.9851097457984,0.9920708825626947,1629.9851097457984,1.003810549391231,1629.9851097457984,0.995851217660302,1629.9851097457984,0.995851217660302
1629.9864986387531,1.0147863705955558,1629.9864986387531,1.0036965665639423,1629.9864986387531,1.0185375959626437,1629.9864986387531,1.0185375959626437
1629.9878875317074,0.9887928023008267,1629.9878875317074,1.0035900413915402,1629.9878875317074,0.9923426093887436,1629.9878875317074,0.9923426093887436
1629.9892764246615,0.9824251856077583,1629.9892764246615,1.003489228036982,1629.9892764246615,0.9858530911096182,1629.9892764246615,0.9858530911096182
1629.990665317617,0.9959588913331268,1629.990665317617,1.0033888986222874,1629.990665317617,0.9993340950478204,1629.990665317617,0.9993340950478204
1629.9920542105726,1.0087691661280778,1629.9920542105726,1.0032802661208091,1629.9920542105726,1.0120781974474446,1629.9920542105726,1.0120781974474446
1629.9934431035274,1.0220169234017753,1629.9934431035274,1.0032357581598204,1629.9934431035274,1.025323923001147,1629.9934431035274,1.025323923001147
1629.994831996016,0.9972481799046048,1629.994831996016,1.0031026907733562,1629.994831996016,1.0003423326311411,1629.994831996016,1.0003423326311411
1629.9962208889708,0.9994041290767517,1629.9962208889708,1.0030193851632283,1629.9962208889708,1.0024217150761552,1629.9962208889708,1.0024217150761552
1629.997609781926,0.9970191843628049,1629.997609781926,1.0028823531539066,1629.997609781926,0.9998929457533584,1629.997609781926,0.9998929457533584
1629.9989986748808,1.0172730459094488,1629.9989986748808,1.0028460737103133,1629.9989986748808,1.020168279981622,1629.9989986748808,1.020168279981622
1630.000387567836,1.0201116865384392,1630.000387567836,1.0027505218055506,1630.000387567836,1.02291752597636,1630.000387567836,1.02291752597636
1630.0017764607908,0.9986029482275949,1630.0017764607908,1.002617977968136,1630.0017764607908,1.0012172687449703,1630.0017764607908,1.0012172687449703
1630.003165353745,1.00204932246728,1630.003165353745,1.002564245337027,1630.003165353745,1.0046188227698876,1630.003165353745,1.0046188227698876
1630.0045542462335,0.9955449414874921,1630.0045542462335,1.0026181434981172,1630.0045542462335,0.998151421003131,1630.0045542462335,0.998151421003131
1630.005943139189,1.0144138924403117,1630.005943139189,1.0025115502027506,1630.005943139189,1.016961643857543,1630.005943139189,1.016961643857543
1630.0073320321446,0.995507586315873,1630.0073320321446,1.0024409501211065,1630.0073320321446,0.9979375706792531,1630.0073320321446,0.9979375706792531
1630.0087209250994,1.01328610947933,1630.0087209250994,1.0023474745955323,1630.0087209250994,1.0156647728793384,1630.0087209250994,1.0156647728793384
1630.0101098180537,1.0103555742511086,1630.0101098180537,1.0022371371705776,1630.0101098180537,1.012615878261766,1630.0101098180537,1.012615878261766
1630.0114987110085,1.0025069715028623,1630.0114987110085,1.0021312924405006,1630.0114987110085,1.0046436070327756,1630.0114987110085,1.0046436070327756
1630.0128876039637,0.9952957597188238,1630.0128876039637,1.0020609003886898,1630.0128876039637,0.9973469651368896,1630.0128876039637,0.9973469651368896
1630.0142764964528,1.003961361278915,1630.0142764964528,1.0019341922469915,1630.0142764964528,1.00590321556018,1630.0142764964528,1.00590321556018
1630.015665389408,0.9875776677907894,1630.015665389408,1.0018319167576923,1630.015665389408,0.989386827869938,1630.015665389408,0.989386827869938
1630.0170542823628,1.007757875419985,1630.0170542823628,1.001713032409621,1630.0170542823628,1.0094841973216302,1630.0170542823628,1.0094841973216302
1630.018443175318,0.9964854660049517,1630.018443175318,1.0016467863088196,1630.018443175318,0.9981264646273064,1630.018443175318,0.9981264646273064
1630.0198320682723,0.9930378666666655,1630.0198320682723,1.0015442706140854,1630.0198320682723,0.9945713858628328,1630.0198320682723,0.9945713858628328
1630.021220960761,0.9878365099362165,1630.021220960761,1.001519925457897,1630.021220960761,0.9893379477959088,1630.021220960761,0.9893379477959088
1630.0226098537166,0.9977345609879748,1630.0226098537166,1.001442737462425,1630.0226098537166,0.9991740300166684,1630.0226098537166,0.9991740300166684
1630.0239987466723,1.002912821840283,1630.0239987466723,1.0013185205781132,1630.0239987466723,1.0042351830339329,1630.0239987466723,1.0042351830339329
1630.0253876396264,1.0068130561801654,1630.0253876396264,1.0012367593497866,1630.0253876396264,1.0080582416408834,1630.0253876396264,1.0080582416408834
1630.0267765325805,0.9966616450476421,1630.0267765325805,1.001168901050504,1630.0267765325805,0.9978266438915354,1630.0267765325805,0.9978266438915354
1630.02816542507,0.9998665114483969,1630.02816542507,1.0010669994396595,1630.02816542507,1.0009333684558466,1630.02816542507,1.0009333684558466
1630.0295543180257,0.9854468836441943,1630.0295543180257,1.0009634166077115,1630.0295543180257,0.9863962795379146,1630.0295543180257,0.9863962795379146
1630.0309432109805,1.0013477863940816,1630.0309432109805,1.0008585769539855,1630.0309432109805,1.002207520526404,1630.0309432109805,1.002207520526404
1630.0323321039348,0.9968004508825369,1630.0323321039348,1.0007307757814752,1630.0323321039348,0.9975288885110054,1630.0323321039348,0.9975288885110054
1630.0337209964243,0.9937349895539453,1630.0337209964243,1.0006015303158338,1630.0337209964243,0.9943327512760668,1630.0337209964243,0.9943327512760668
1630.035109889379,1.000808139372781,1630.035109889379,1.0004899707136974,1630.035109889379,1.0012985060511037,1630.035109889379,1.0012985060511037
1630.0364987823334,0.9818951826429376,1630.0364987823334,1.000376602334845,1630.0364987823334,0.982264966661294,1630.0364987823334,0.982264966661294
1630.0378876752886,0.9843061985697487,1630.0378876752886,1.0003796427445473,1630.0378876752886,0.9846798832764486,1630.0378876752886,0.9846798832764486
1630.0392765677786,0.996966802293604,1630.0392765677786,1.0003488637840112,1630.0392765677786,0.9973146079047858,1630.0392765677786,0.9973146079047858
1630.0406654607334,0.9891047035569357,1630.0406654607334,1.0003489192262474,1630.0406654607334,0.9894498212047784,1630.0406654607334,0.9894498212047784
1630.0420543536875,1.0001504238933332,1630.0420543536875,1.0003771315845886,1630.0420543536875,1.000527612207523,1630.0420543536875,1.000527612207523
1630.043443246642,1.0134416743769203,1630.043443246642,1.0004039427088758,1630.043443246642,1.0138510467521558,1630.043443246642,1.0138510467521558
1630.044832139132,1.0193072987011371,1630.044832139132,1.0004108055442253,1630.044832139132,1.019726035790713,1630.044832139132,1.019726035790713
1630.0462210320875,1.0063865426105914,1630.0462210320875,1.0003820265477184,1630.0462210320875,1.0067710089871351,1630.0462210320875,1.0067710089871351
1630.047609925042,0.9791517674715314,1630.047609925042,1.0004428045705807,1630.047609925042,0.97958534034946,1630.047609925042,0.97958534034946
1630.0489988179963,1.0082889186356738,1630.0489988179963,1.000405106500904,1630.0489988179963,1.0086973830314028,1630.0489988179963,1.0086973830314028
1630.0503877104854,1.0168539457657404,1630.0503877104854,1.0003975484222283,1630.0503877104854,1.017258194447516,1630.0503877104854,1.017258194447516
1630.0517766034409,1.0087975192534449,1630.0517766034409,1.0003274375941622,1630.0517766034409,1.009127837486146,1630.0517766034409,1.009127837486146
1630.0531654963954,1.0039580704859048,1630.0531654963954,1.0002513334894734,1630.0531654963954,1.004210398771045,1630.0531654963954,1.004210398771045
1630.0559432818395,1.0039733595725868,1630.0559432818395,1.000176957121018,1630.0559432818395,1.0041510198078756,1630.0545543893506,1.0397436308962342
1630.057332174795,0.9865728324457695,1630.057332174795,1.0001473630080855,1630.057332174795,0.9867182167860542,1630.0559432818395,1.0041510198078756
1630.058721067749,0.9951935689001158,1630.058721067749,1.000046094878463,1630.058721067749,0.9952394422267214,1630.057332174795,0.9867182167860542
1630.0601099602384,1.0023397286440057,1630.0601099602384,0.9999564458931336,1630.0601099602384,1.0022960726323478,1630.058721067749,0.9952394422267214
1630.061498853194,0.982701593417865,1630.061498853194,0.9998539552329071,1630.061498853194,0.9825580749925324,1630.0601099602384,1.0022960726323478
1630.0628877461488,0.9908917676109935,1630.0628877461488,0.9997881080335738,1630.0628877461488,0.9906818056058388,1630.061498853194,0.9825580749925324
1630.0642766386377,1.0003846175751627,1630.0642766386377,0.9997033601719255,1630.0642766386377,1.0000878636541968,1630.0628877461488,0.9906818056058388
1630.0656655315918,0.9960293659019125,1630.0656655315918,0.999649033714714,1630.0656655315918,0.9956797931753262,1630.0642766386377,1.0000878636541968
1630.067054424547,1.0151617134983635,1630.067054424547,0.9995506863494601,1630.067054424547,1.0147055874829831,1630.0656655315918,0.9956797931753262
1630.068443317036,0.9956085895396031,1630.068443317036,0.9994409667545857,1630.068443317036,0.9950520112386304,1630.067054424547,1.0147055874829831
1630.069832209991,1.0197780055955024,1630.069832209991,0.9993509842412426,1630.069832209991,1.0191161535994366,1630.068443317036,0.9950520112386304
1630.071221102946,1.013576162619941,1630.071221102946,0.9993588260056194,1630.071221102946,1.0129262839431452,1630.069832209991,1.0191161535994366
1630.0726099954356,0.9811115574241498,1630.0726099954356,0.9992877628174813,1630.0726099954356,0.9804127732927536,1630.071221102946,1.0129262839431452
1630.07399888839,1.009638478546456,1630.07399888839,0.9991596014086962,1630.07399888839,1.0087899797913595,1630.0726099954356,0.9804127732927536
1630.0753877813447,0.9810173464092774,1630.0753877813447,0.9990760008364246,1630.0753877813447,0.9801108872017422,1630.07399888839,1.0087899797913595
1630.0767766738347,1.0052574101585745,1630.0767766738347,0.9990781421401166,1630.0767766738347,1.0043307057138138,1630.0753877813447,0.9801108872017422
1630.0781655667895,0.9966989210831091,1630.0781655667895,0.9990203221064846,1630.0781655667895,0.9957224771836334,1630.0767766738347,1.0043307057138138
1630.0795544597438,0.9902875448593713,1630.0795544597438,0.9990070245716361,1630.0795544597438,0.9893042136603112,1630.0781655667895,0.9957224771836334
1630.0809433522325,0.9918496958077966,1630.0809433522325,0.9989245469352126,1630.0809433522325,0.9907830080126316,1630.0795544597438,0.9893042136603112
1630.0823322451877,1.0123775007061824,1630.0823322451877,0.9988324666896536,1630.0823322451877,1.0111955162514628,1630.0809433522325,0.9907830080126316
1630.0837211381431,1.0292031507537716,1630.0837211381431,0.9988155397680746,1630.0837211381431,1.0279841005511314,1630.0823322451877,1.0111955162514628
1630.0851100306324,1.011982271352972,1630.0851100306324,0.9987183729012473,1630.0851100306324,1.0106852874505488,1630.0837211381431,1.0279841005511314
1630.0864989235868,1.0094251804277068,1630.0864989235868,0.9986702069029988,1630.0864989235868,1.0080828537908348,1630.0851100306324,1.0106852874505488
1630.0878878160763,1.016705404457414,1630.0878878160763,0.9987003631808417,1630.0878878160763,1.0153840566795438,1630.0864989235868,1.0080828537908348
1630.089276709031,0.9902531694194697,1630.089276709031,0.998658372543378,1630.089276709031,0.9889246185783696,1630.0878878160763,1.0153840566795438
1630.0906656019854,0.9991887008641125,1630.0906656019854,0.9986499282986091,1630.0906656019854,0.9978397244747264,1630.089276709031,0.9889246185783696
1630.0920544944745,0.9899130587124358,1630.0920544944745,0.9986500163586192,1630.0920544944745,0.9885766922767848,1630.0906656019854,0.9978397244747264
1630.0934433874302,1.0119752467940608,1630.0934433874302,0.9985460450900562,1630.0934433874302,1.010503880415243,1630.0920544944745,0.9885766922767848
1630.0948322803854,1.0104337592411652,1630.0948322803854,0.9984905555436419,1630.0948322803854,1.0089085656047614,1630.0934433874302,1.010503880415243
1630.096221172874,1.0047617515115175,1630.096221172874,0.9984161965180054,1630.096221172874,1.0031704063508986,1630.0948322803854,1.0089085656047614
1630.0976100658283,0.9909710532225073,1630.0976100658283,0.9983377731548736,1630.0976100658283,0.9893238345350976,1630.096221172874,1.0031704063508986
1630.0989989583184,0.9936034965003577,1630.0989989583184,0.9982662439022121,1630.0989989583184,0.9918808303795168,1630.0976100658283,0.9893238345350976
1630.100387851274,1.019595699793096,1630.100387851274,0.9981451309562781,1630.100387851274,1.0177044832924378,1630.0989989583184,0.9918808303795168
1630.101776743763,0.9942352001617031,1630.101776743763,0.9980662277093941,1630.101776743763,0.9923125756812854,1630.100387851274,1.0177044832924378
1630.103165636717,1.0122023785623873,1630.103165636717,0.9979987353490208,1630.103165636717,1.0101766937225334,1630.101776743763,0.9923125756812854
1630.1045545296718,0.9812593812758222,1630.1045545296718,0.9978967062456456,1630.1045545296718,0.9791955045477831,1630.103165636717,1.0101766937225334
1630.105943422161,1.0047297531265933,1630.105943422161,0.9979192679938227,1630.105943422161,1.0026391797717042,1630.1045545296718,0.9791955045477831
1630.107332315116,0.9899528687773438,1630.107332315116,0.9978312257528759,1630.107332315116,0.9878058844896728,1630.105943422161,1.0026391797717042
1630.1087212076054,0.9981057897955969,1630.1087212076054,0.9977128690362722,1630.1087212076054,0.9958229911386794,1630.107332315116,0.9878058844896728
1630.1101101005604,1.0083912698808803,1630.1101101005604,0.9976025436303133,1630.1101101005604,1.005973695807768,1630.1087212076054,0.9958229911386794
1630.1114989930495,0.9977355933069337,1630.1114989930495,0.997559595055972,1630.1114989930495,0.9953007144321948,1630.1101101005604,1.005973695807768
1630.1128878860038,1.0019490993632145,1630.1128878860038,0.9975069776862497,1630.1128878860038,0.99945121790126,1630.1114989930495,0.9953007144321948
1630.114276778959,0.9973256205423449,1630.114276778959,0.9974819685591126,1630.114276778959,0.9948143232730168,1630.1128878860038,0.99945121790126
1630.115665671449,1.0094971692908197,1630.115665671449,0.9974109045779962,1630.115665671449,1.006883484791283,1630.114276778959,0.9948143232730168
1630.1170545644038,1.0052516662327549,1630.1170545644038,0.997363409131635,1630.1170545644038,1.0026012288691568,1630.115665671449,1.006883484791283
1630.1184434568925,0.9893695283475857,1630.1184434568925,0.9973322912857066,1630.1184434568925,0.9867301786351564,1630.1170545644038,1.0026012288691568
1630.1198323498468,0.9902855445817444,1630.1198323498468,0.9972757218823111,1630.1198323498468,0.9875877313423768,1630.1184434568925,0.9867301786351564
1630.1212212423363,0.9864133387833635,1630.1212212423363,0.9972653856558498,1630.1212212423363,0.9837158787178654,1630.1198323498468,0.9875877313423768
1630.122610135292,1.0058288632807446,1630.122610135292,0.9971777910952608,1630.122610135292,1.00299020410615,1630.1212212423363,0.9837158787178654
1630.123999027781,0.9981927407812938,1630.123999027781,0.9971197213650527,1630.123999027781,0.995317667556462,1630.122610135292,1.00299020410615
1630.1253879207354,1.0006644056931866,1630.1253879207354,0.9970601491817209,1630.1253879207354,0.9977226016212868,1630.123999027781,0.995317667556462
1630.1267768132243,0.9936609193848945,1630.1267768132243,0.9969799697190378,1630.1267768132243,0.9906600333193434,1630.1253879207354,0.9977226016212868
1630.1281657061795,0.9932992529331389,1630.1281657061795,0.9968699383173125,1630.1281657061795,0.9901901650020908,1630.1267768132243,0.9906600333193434
1630.1295545986688,0.997964067888927,1630.1295545986688,0.9968014897083137,1630.1295545986688,0.9947720695470512,1630.1281657061795,0.9901901650020908
1630.130943491624,1.0017480313695832,1630.130943491624,0.9967328451566784,1630.130943491624,0.9984751654371062,1630.1295545986688,0.9947720695470512
1630.1323323841132,1.0017453461029464,1630.1323323841132,0.9966368103819061,1630.1323323841132,0.998376286554959,1630.130943491624,0.9984751654371062
1630.1337212770677,0.9901262098987983,1630.1337212770677,0.9967121211803168,1630.1337212770677,0.9868707949044588,1630.1323323841132,0.998376286554959
1630.135110169556,1.0155478507673141,1630.135110169556,0.9967266752759829,1630.135110169556,1.012223632878975,1630.1337212770677,0.9868707949044588
1630.1364990625111,0.9833847832515571,1630.1364990625111,0.996774663309938,1630.1364990625111,0.9802130362296873,1630.135110169556,1.012223632878975
1630.1378879550014,0.9851452579137046,1630.1378879550014,0.996776565719777,1630.1378879550014,0.9819697069183464,1630.1364990625111,0.9802130362296873
1630.139276847956,0.9755515915032528,1630.139276847956,0.9966952075584116,1630.139276847956,0.9723275959772733,1630.1378879550014,0.9819697069183464
1630.1406657404448,0.9887750400973853,1630.1406657404448,0.9966499222706264,1630.1406657404448,0.9854625668561946,1630.139276847956,0.9723275959772733
1630.1420546333998,1.0055559331264248,1630.1420546333998,0.996578088607353,1630.1420546333998,1.0021150098229157,1630.1406657404448,0.9854625668561946
1630.143443525889,0.9898320742823606,1630.143443525889,0.9965544719843308,1630.143443525889,0.9864215801396128,1630.1420546333998,1.0021150098229157
1630.144832418844,1.0015165444972787,1630.144832418844,0.9964480990278758,1630.144832418844,0.9979592569092802,1630.143443525889,0.9864215801396128
1630.1462213113334,0.9751676540082189,1630.1462213113334,0.9964105831014528,1630.1462213113334,0.9716673707520052,1630.144832418844,0.9979592569092802
1630.1476102042882,0.9887999603975057,1630.1476102042882,0.996438644348529,1630.1476102042882,0.9852784920703698,1630.1462213113334,0.9716673707520052
1630.1489990967775,0.9925436125784135,1630.1489990967775,0.9964288167189919,1630.1489990967775,0.988999057423502,1630.1476102042882,0.9852784920703698
1630.1503879892664,0.9957357267692878,1630.1503879892664,0.9963440524264832,1630.1503879892664,0.9920953691551416,1630.1489990967775,0.988999057423502
1630.1517768822207,1.0005544481862492,1630.1517768822207,0.9963918592622658,1630.1517768822207,0.9969443069214272,1630.1503879892664,0.9920953691551416
1630.1531657747107,0.9960804347005215,1630.1531657747107,0.9964518771933336,1630.1531657747107,0.9925462189928864,1630.1517768822207,0.9969443069214272
1630.1545546676664,1.0090059311503574,1630.1545546676664,0.9964558918280216,1630.1545546676664,1.0054299049841928,1630.1531657747107,0.9925462189928864
1630.155943560155,1.0003729793570475,1630.155943560155,0.996433934606159,1630.155943560155,0.9968055838944286,1630.1545546676664,1.0054299049841928
1630.1573324531091,0.9921615163304823,1630.1573324531091,0.9964476565444589,1630.1573324531091,0.988637017861106,1630.155943560155,0.9968055838944286
1630.1587213455985,0.9912103829211135,1630.1587213455985,0.9963923673742417,1630.1587213455985,0.987634460004697,1630.1573324531091,0.988637017861106
1630.160110238554,0.9984964092947859,1630.160110238554,0.9963634776227231,1630.160110238554,0.9948653547587548,1630.1587213455985,0.987634460004697
1630.1614991310432,0.9830033822657761,1630.1614991310432,0.9963583624584119,1630.1614991310432,0.979423640245409,1630.160110238554,0.9948653547587548
1630.162888023532,1.0047530613149471,1630.162888023532,0.9963593973092313,1630.162888023532,1.0010951546163658,1630.1614991310432,0.979423640245409
1630.164276916487,1.0034845076803476,1630.164276916487,0.9962945884301886,1630.164276916487,0.9997661845754624,1630.162888023532,1.0010951546163658
1630.1656658089762,0.9748264996483498,1630.1656658089762,0.9963422622854737,1630.1656658089762,0.9712608399954664,1630.164276916487,0.9997661845754624
1630.1670547019305,0.9846724029474545,1630.1670547019305,0.9963321563221134,1630.1670547019305,0.9810607784995142,1630.1656658089762,0.9712608399954664
1630.16844359442,1.0184842429270122,1630.16844359442,0.9962628842416199,1630.16844359442,1.0146780494131078,1630.1670547019305,0.9810607784995142
1630.16983248691,1.0181788913725025,1630.16983248691,0.9962023687201114,1630.16983248691,1.014312223366104,1630.16844359442,1.0146780494131078
1630.1712213798648,1.0103689713307695,1630.1712213798648,0.9962177668748721,1630.1712213798648,1.0065475203388008,1630.16983248691,1.014312223366104
1630.1726102723535,0.9900444585931013,1630.1726102723535,0.9961888387223765,1630.1726102723535,0.9862712394893856,1630.1712213798648,1.0065475203388008
1630.1739991653078,0.9950138843992239,1630.1739991653078,0.9963004057285865,1630.1739991653078,0.9913327367325236,1630.1726102723535,0.9862712394893856
1630.1753880577978,0.9956375079952734,1630.1753880577978,0.9962857233369515,1630.1753880577978,0.9919394348344708,1630.1739991653078,0.9913327367325236
1630.1767769502878,1.0191453723682158,1630.1767769502878,0.996269065506087,1630.1767769502878,1.0153430077441354,1630.1753880577978,0.9919394348344708
1630.178165843242,0.9929225896368248,1630.178165843242,0.9962096206915629,1630.178165843242,0.9891590363981856,1630.1767769502878,1.0153430077441354
1630.1795547357308,0.9738316821378035,1630.1795547357308,0.996192103263135,1630.1795547357308,0.9701234316531352,1630.178165843242,0.9891590363981856
1630.18094362822,0.9933204920511692,1630.18094362822,0.9961883768383337,1630.18094362822,0.9895343286567092,1630.1795547357308,0.9701234316531352
1630.182332521175,0.9913016350252235,1630.182332521175,0.9961064491332626,1630.182332521175,0.9874419516849728,1630.18094362822,0.9895343286567092
1630.1837214136642,0.9861849379285582,1630.1837214136642,0.9960335798698674,1630.1837214136642,0.9822733141387248,1630.182332521175,0.9874419516849728
1630.1851103061538,0.9889636426432865,1630.1851103061538,0.9960711497736392,1630.1851103061538,0.9850781526120248,1630.1837214136642,0.9822733141387248
1630.1864991991083,0.9759810903968971,1630.1864991991083,0.9960955867195112,1630.1864991991083,0.9721704568660454,1630.1851103061538,0.9850781526120248
1630.187888091598,0.988748358777288,1630.187888091598,0.9960971586287621,1630.187888091598,0.9848894307769084,1630.1864991991083,0.9721704568660454
1630.1892769840867,0.9677107891258644,1630.1892769840867,0.996120394491181,1630.1892769840867,0.963956453017428,1630.187888091598,0.9848894307769084
1630.1906658770415,0.9796404289883307,1630.1906658770415,0.9961635345677354,1630.1906658770415,0.9758820723464682,1630.1892769840867,0.963956453017428
1630.1920547695315,1.0015657020740596,1630.1920547695315,0.9962447909002514,1630.1920547695315,0.997804613435635,1630.1906658770415,0.9758820723464682
1630.1948325549745,1.0015641898642051,1630.1948325549745,0.9962199170031524,1630.1948325549745,0.997778194099848,1630.1920547695315,0.997804613435635
1630.1962214474636,0.9934950070349357,1630.1962214474636,0.9962927380191335,1630.1962214474636,0.9898118607671744,1630.1934436620202,1.0286910544387196
1630.1976103399531,0.9921392140141697,1630.1976103399531,0.9962395053100737,1630.1976103399531,0.9884082797682018,1630.1948325549745,0.997778194099848
1630.198999232908,1.0022406590516995,1630.198999232908,0.99625898129242,1630.198999232908,0.9984912579966898,1630.1962214474636,0.9898118607671744
1630.2003881253977,0.9926690316840444,1630.2003881253977,0.9962522944512995,1630.2003881253977,0.988948800445979,1630.1976103399531,0.9884082797682018
1630.2017770178866,0.9748172499290012,1630.2017770178866,0.9963214363487684,1630.2017770178866,0.9712313226268188,1630.198999232908,0.9984912579966898
1630.2031659108418,0.9844331729299369,1630.2031659108418,0.9963796870859323,1630.2031659108418,0.980869216800942,1630.2003881253977,0.988948800445979
1630.2045548033304,0.9788835326885045,1630.2045548033304,0.9963781827932661,1630.2045548033304,0.9753381954664248,1630.2017770178866,0.9712313226268188
1630.2059436958195,0.9861856547510764,1630.2059436958195,0.9964804223531293,1630.2059436958195,0.98271469776495,1630.2031659108418,0.980869216800942
1630.2073325887752,1.0025881466563937,1630.2073325887752,0.9964851721964729,1630.2073325887752,0.9990642219630392,1630.2045548033304,0.9753381954664248
1630.2087214812643,0.9859357705285472,1630.2087214812643,0.9964850051151367,1630.2087214812643,0.9824702113383356,1630.2059436958195,0.98271469776495
1630.210110373753,0.9922323475285222,1630.210110373753,0.9964850238614138,1630.210110373753,0.988744674503026,1630.2073325887752,0.9990642219630392
1630.2114992662416,0.9733783779440897,1630.2114992662416,0.9964636515006847,1630.2114992662416,0.9699361727779812,1630.2087214812643,0.9824702113383356
1630.2128881591968,0.9966077423566388,1630.2128881591968,0.9964937808204054,1630.2128881591968,0.9931134171758556,1630.210110373753,0.988744674503026
1630.2142770516868,0.9893690566635202,1630.2142770516868,0.9965532416090334,1630.2142770516868,0.9859589405657024,1630.2114992662416,0.9699361727779812
1630.215665944176,0.9832264429128732,1630.215665944176,0.9966370768013225,1630.215665944176,0.9799199278984484,1630.2128881591968,0.9931134171758556
1630.2170548366646,0.9842129231883469,1630.2170548366646,0.9966199720321771,1630.2170548366646,0.9808862559816776,1630.2142770516868,0.9859589405657024
1630.2184437296198,0.9778149683145873,1630.2184437296198,0.9966263717156676,1630.2184437296198,0.9745161840806376,1630.215665944176,0.9799199278984484
1630.219832622109,0.9821458240907432,1630.219832622109,0.99661857666428,1630.219832622109,0.9788247732820828,1630.2170548366646,0.9808862559816776
1630.2212215145985,0.9824869794874307,1630.2212215145985,0.996638029173069,1630.2212215145985,0.9791838869245544,1630.2184437296198,0.9745161840806376
1630.2226104070876,0.9815395273853339,1630.2226104070876,0.9966283535127275,1630.2226104070876,0.978230123085706,1630.219832622109,0.9788247732820828
1630.2239993000428,0.9986814903384815,1630.2239993000428,0.9965676255866938,1630.2239993000428,0.9952536415440012,1630.2212215145985,0.9791838869245544
1630.225388192532,1.0093809998063077,1630.225388192532,0.9965539408389164,1630.225388192532,1.0059026131649014,1630.2226104070876,0.978230123085706
1630.2267770850206,0.996205467012554,1630.2267770850206,0.9966686364567802,1630.2267770850206,0.992886744438192,1630.2239993000428,0.9952536415440012
1630.2281659775092,1.0037990927601064,1630.2281659775092,0.9966196777589069,1630.2281659775092,1.0004059283612603,1630.225388192532,1.0059026131649014
1630.2295548704649,0.9855629459668005,1630.2295548704649,0.9966167750063367,1630.2295548704649,0.9822285647751772,1630.2267770850206,0.992886744438192
1630.230943762955,0.9840446949542211,1630.230943762955,0.9966706285857446,1630.230943762955,0.9807684446764908,1630.2281659775092,1.0004059283612603
1630.2323326554435,0.9778770882103872,1630.2323326554435,0.996676585099758,1630.2323326554435,0.9746271969248236,1630.2295548704649,0.9822285647751772
1630.2337215479322,0.9967743607407215,1630.2337215479322,0.9966931832064452,1630.2337215479322,0.9934782105452392,1630.230943762955,0.9807684446764908
1630.235110440887,0.9945196903052368,1630.235110440887,0.9967908120340734,1630.235110440887,0.9913280896832322,1630.2323326554435,0.9746271969248236
1630.236499333377,0.971537181850565,1630.236499333377,0.9967243840023402,1630.236499333377,0.968354799115374,1630.2337215479322,0.9934782105452392
1630.2378882258663,0.996882137928824,1630.2378882258663,0.9968345621856057,1630.2378882258663,0.9937265695129298,1630.235110440887,0.9913280896832322
1630.2392771183552,0.9981669463415042,1630.2392771183552,0.9969664212174858,1630.2392771183552,0.9951389282716756,1630.236499333377,0.968354799115374
1630.2406660108445,0.9864960420045853,1630.2406660108445,0.997018912810664,1630.2406660108445,0.9835552112914348,1630.2378882258663,0.9937265695129298
1630.2420549037993,1.0047472246164615,1630.2420549037993,0.9970242610252577,1630.2420549037993,1.001757359140406,1630.2392771183552,0.9951389282716756
1630.2434437962877,0.9769925859791253,1630.2434437962877,0.9970271557698608,1630.2434437962877,0.9740881392070084,1630.2406660108445,0.9835552112914348
1630.2448326887773,0.962196824136761,1630.2448326887773,0.9970671099466369,1630.2448326887773,0.9593748066418728,1630.2420549037993,1.001757359140406
1630.2462215812673,0.9882534031987814,1630.2462215812673,0.9970838612072724,1630.2462215812673,0.9853715191126684,1630.2434437962877,0.9740881392070084
1630.2476104737564,0.9917182007715607,1630.2476104737564,0.9970319264496845,1630.2476104737564,0.9887747082104842,1630.2448326887773,0.9593748066418728
1630.248999366245,0.9985103991691655,1630.248999366245,0.9970308090626981,1630.248999366245,0.9955456311411508,1630.2462215812673,0.9853715191126684
1630.250388259199,0.9802591796527532,1630.250388259199,0.9970202311125734,1630.250388259199,0.9773382338476096,1630.2476104737564,0.9887747082104842
1630.2517771516889,1.0067491570895448,1630.2517771516889,0.9970056448412785,1630.2517771516889,1.0037345925574752,1630.248999366245,0.9955456311411508
1630.253166044178,1.0229763983853448,1630.253166044178,0.997062393947167,1630.253166044178,1.0199712967255428,1630.250388259199,0.9773382338476096
1630.2545549366675,0.9809393938948548,1630.2545549366675,0.9971219327199721,1630.2545549366675,0.9781161843215956,1630.2517771516889,1.0037345925574752
1630.2559438291566,0.9796507032449964,1630.2559438291566,0.9971212162137212,1630.2559438291566,0.976830500684278,1630.253166044178,1.0199712967255428
1630.2573327216462,0.998667643099884,1630.2573327216462,0.9971694765167207,1630.2573327216462,0.9958408908840986,1630.2545549366675,0.9781161843215956
1630.2587216146003,0.9855928998326673,1630.2587216146003,0.9970729147168783,1630.2587216146003,0.9827079853604178,1630.2559438291566,0.976830500684278
1630.2601105070896,0.9915212045668754,1630.2601105070896,0.9970752667455598,1630.2601105070896,0.988621269527396,1630.2573327216462,0.9958408908840986
1630.2614993995796,1.0006880143663133,1630.2614993995796,0.9970783347897668,1630.2614993995796,0.997764339008442,1630.2587216146003,0.9827079853604178
1630.2628882920687,0.9774824801258069,1630.2628882920687,0.9971527183994763,1630.2628882920687,0.9746993122453104,1630.2601105070896,0.988621269527396
1630.2642771845574,0.9759461121244949,1630.2642771845574,0.9971284862730269,1630.2642771845574,0.9731436694667434,1630.2614993995796,0.997764339008442
1630.265666077046,0.9930508479996707,1630.265666077046,0.9972394941492828,1630.265666077046,0.990309525323708,1630.2628882920687,0.9746993122453104
1630.2670549695356,0.9961600481646591,1630.2670549695356,0.9972552141458699,1630.2670549695356,0.9934258021560072,1630.2642771845574,0.9731436694667434
1630.2684438620256,0.993612174814335,1630.2684438620256,0.9973214471276338,1630.2684438620256,0.990950732069468,1630.265666077046,0.990309525323708
1630.2698327549804,0.9908116469231003,1630.2698327549804,0.9974429341849209,1630.2698327549804,0.988278076331571,1630.2670549695356,0.9934258021560072
1630.271221647469,1.001289358393751,1630.271221647469,0.9974966865859097,1630.271221647469,0.998782817311498,1630.2684438620256,0.990950732069468
1630.2726105399586,0.9826009481435111,1630.2726105399586,0.9975529020028318,1630.2726105399586,0.9801964273312934,1630.2698327549804,0.988278076331571
1630.2739994324477,0.987374133235493,1630.2739994324477,0.9975869801016233,1630.2739994324477,0.9849915798048532,1630.271221647469,0.998782817311498
1630.275388324937,0.9751356241904006,1630.275388324937,0.9976106928953123,1630.275388324937,0.9728057257154884,1630.2726105399586,0.9801964273312934
1630.2767772174263,0.9775453656475984,1630.2767772174263,0.9976178272678353,1630.2767772174263,0.9752166837330988,1630.2739994324477,0.9849915798048532
1630.2781661099154,0.9920125551729099,1630.2781661099154,0.9976722819244276,1630.2781661099154,0.9897034296170392,1630.275388324937,0.9728057257154884
1630.279555002405,0.9882031291842529,1630.279555002405,0.9977901537515234,1630.279555002405,0.9860193522064922,1630.2767772174263,0.9752166837330988
1630.2809438948937,0.9722457271611137,1630.2809438948937,0.9977418841299555,1630.2809438948937,0.9700502836550282,1630.2781661099154,0.9897034296170392
1630.2823327873823,0.9840805990039116,1630.2823327873823,0.9977719714459774,1630.2823327873823,0.9818880393298712,1630.279555002405,0.9860193522064922
1630.283721680338,0.9906975048276319,1630.283721680338,0.9978352987408727,1630.283721680338,0.9885529406915172,1630.2809438948937,0.9700502836550282
1630.285110572828,0.9894512984351027,1630.285110572828,0.9979106108475726,1630.285110572828,0.9873839496252972,1630.2823327873823,0.9818880393298712
1630.2864994653166,1.018554457857661,1630.2864994653166,0.9980344570761718,1630.2864994653166,1.0165524453504853,1630.283721680338,0.9885529406915172
1630.2892772502944,1.0267955291944566,1630.2892772502944,0.9982448802735836,1630.2892772502944,1.0249933801061712,1630.285110572828,0.9873839496252972
1630.2906661427844,1.01218546480705,1630.2906661427844,0.9983201253514998,1630.2906661427844,1.0104851201051404,1630.2864994653166,1.0165524453504853
1630.2920550352735,1.0203525671342584,1630.2920550352735,0.9983948872615094,1630.2920550352735,1.0187147862309995,1630.2878883578053,1.031479456126562
1630.2934439277622,1.0170094250295336,1630.2934439277622,0.9983926771882913,1630.2934439277622,1.0153747625809608,1630.2892772502944,1.0249933801061712
1630.2948328202517,1.0074601574647095,1630.2948328202517,0.9983398690964138,1630.2948328202517,1.0057876417231706,1630.2906661427844,1.0104851201051404
1630.2962217127408,1.0225920310035972,1630.2962217127408,0.9983698577842718,1630.2962217127408,1.020925060564391,1630.2920550352735,1.0187147862309995
1630.2976106052297,1.0058501794596435,1630.2976106052297,0.9984838026105515,1630.2976106052297,1.0043251120433705,1630.2934439277622,1.0153747625809608
1630.298999497719,1.0101604261201547,1630.298999497719,0.9985111216705761,1630.298999497719,1.0086564201524628,1630.2948328202517,1.0057876417231706
1630.300388390209,0.9943647939330339,1630.300388390209,0.9985153916168257,1630.300388390209,0.9928885516240276,1630.2962217127408,1.020925060564391
1630.301777282698,0.9952784608611828,1630.301777282698,0.998474121955627,1630.301777282698,0.9937597873097174,1630.2976106052297,1.0043251120433705
1630.3031661751868,1.0129571393152776,1630.3031661751868,0.9985225740723109,1630.3031661751868,1.0114605701740156,1630.298999497719,1.0086564201524628
1630.3045550676754,0.9803605877928686,1630.3045550676754,0.9984762556014326,1630.3045550676754,0.978866768838643,1630.300388390209,0.9928885516240276
1630.3059439601657,1.0094542340412405,1630.3059439601657,0.9985157191968573,1630.3059439601657,1.007955920500002,1630.301777282698,0.9937597873097174
1630.3073328526557,0.9897378871319852,1630.3073328526557,0.9986591280949682,1630.3073328526557,0.9884107754057844,1630.3031661751868,1.0114605701740156
1630.308721745144,0.9914706023100821,1630.308721745144,0.9987205253364025,1630.308721745144,0.9902020407947246,1630.3045550676754,0.978866768838643
1630.3101106376328,0.9926645819320812,1630.3101106376328,0.9987924260975752,1630.3101106376328,0.9914658660890786,1630.3059439601657,1.007955920500002
1630.311499530122,0.99841286373822,1630.311499530122,0.9988613837295689,1630.311499530122,0.99727605460696,1630.3073328526557,0.9884107754057844
1630.3128884226105,0.9934208906701354,1630.3128884226105,0.9989500944270859,1630.3128884226105,0.9923778925407716,1630.308721745144,0.9902020407947246
1630.3142773151,0.9928569520041421,1630.3142773151,0.9990212761840692,1630.3142773151,0.9918852192594032,1630.3101106376328,0.9914658660890786
1630.31566620759,0.9930601431412565,1630.31566620759,0.9990939105161788,1630.31566620759,0.9921603417887542,1630.311499530122,0.99727605460696
1630.3170551000792,0.987067560346949,1630.3170551000792,0.9990416329195226,1630.3170551000792,0.9861215872909054,1630.3128884226105,0.9923778925407716
1630.3184439925678,0.9945468106443139,1630.3184439925678,0.9991290552880784,1630.3184439925678,0.9936806153588248,1630.3142773151,0.9918852192594032
1630.3198328850565,1.0017435127428136,1630.3198328850565,0.9990998610344531,1630.3198328850565,1.00084180437351,1630.31566620759,0.9921603417887542
1630.3212217775465,0.9972256863225222,1630.3212217775465,0.9991024618707125,1630.3212217775465,0.9963306382455428,1630.3170551000792,0.9861215872909054
1630.3226106700365,0.9745334214239972,1630.3226106700365,0.9992405476699681,1630.3226106700365,0.9737933097464028,1630.3184439925678,0.9936806153588248
1630.3239995625252,0.9946590508209535,1630.3239995625252,0.9992318284352714,1630.3239995625252,0.9938949820215128,1630.3198328850565,1.00084180437351
1630.3253884550138,1.013930155566093,1630.3253884550138,0.999304263921141,1630.3253884550138,1.0132247277754225,1630.3212217775465,0.9963306382455428
1630.326777347503,1.0010975158543527,1630.326777347503,0.999263524815399,1630.326777347503,1.0003602323765604,1630.3226106700365,0.9737933097464028
1630.3281662399925,1.00943867462484,1630.3281662399925,0.9992990585009014,1630.3281662399925,1.0087311171670004,1630.3239995625252,0.9938949820215128
1630.3295551324816,0.995734324562541,1630.3295551324816,0.9994323882821666,1630.3295551324816,0.9951691340920704,1630.3253884550138,1.0132247277754225
1630.3309440249711,0.9922425851301278,1630.3309440249711,0.999523709736971,1630.3309440249711,0.9917699896482676,1630.326777347503,1.0003602323765604
1630.3323329174602,1.010798934086373,1630.3323329174602,0.9995434434432228,1630.3323329174602,1.0103374472054325,1630.3281662399925,1.0087311171670004
1630.3337218099498,0.9860384481772232,1630.3337218099498,0.9994734788391485,1630.3337218099498,0.9855192780688448,1630.3295551324816,0.9951691340920704
1630.3351107024384,0.9936408891272784,1630.3351107024384,0.9994916702048237,1630.3351107024384,0.9931357918576296,1630.3309440249711,0.9917699896482676
1630.3364995949275,1.0076401561955168,1630.3364995949275,0.9995473819126368,1630.3364995949275,1.0071840800352694,1630.3323329174602,1.0103374472054325
1630.337888486952,1.0003998387191368,1630.337888486952,0.9995593745810264,1630.337888486952,0.99995903712106,1630.3337218099498,0.9855192780688448
1630.3392773794417,1.0098354803166236,1630.3392773794417,0.9996736986222796,1630.3392773794417,1.0095059696081254,1630.3351107024384,0.9931357918576296
1630.34066627193,1.0167666281689691,1630.34066627193,0.9997100438574883,1630.34066627193,1.0164718104396306,1630.3364995949275,1.0071840800352694
1630.3420551644183,0.987036813270079,1630.3420551644183,0.9998331962294488,1630.3420551644183,0.9868721718079526,1630.337888486952,0.99995903712106
1630.343444056908,0.9902415128316847,1630.343444056908,0.9997911096785559,1630.343444056908,0.990034660963762,1630.3392773794417,1.0095059696081254
1630.344832949398,0.9880265454061429,1630.344832949398,0.9998254406270866,1630.344832949398,0.987854076111955,1630.34066627193,1.0164718104396306
1630.346221841887,0.9947243229281556,1630.346221841887,0.9998531728394616,1630.346221841887,0.9945782703803016,1630.3420551644183,0.9868721718079526
1630.3476107343756,0.9874115175105629,1630.3476107343756,0.9999905572157023,1630.3476107343756,0.98740219359659,1630.343444056908,0.990034660963762
1630.3489996268652,0.9825668334019848,1630.3489996268652,1.0001186075130157,1630.3489996268652,0.9826833732104664,1630.344832949398,0.987854076111955
1630.3503885193545,0.975729346017973,1630.3503885193545,1.000118424166122,1630.3503885193545,0.975844895952136,1630.346221841887,0.9945782703803016
1630.3517774113782,0.993087291980519,1630.3517774113782,1.0001900859290656,1630.3517774113782,0.9932760639010584,1630.3476107343756,0.98740219359659
1630.3531663038673,0.989307752319,1630.3531663038673,1.0001854448695364,1630.3531663038673,0.9894912143660602,1630.3489996268652,0.9826833732104664
1630.3545551963568,1.0048198568435425,1630.3545551963568,1.0003325482680383,1630.3545551963568,1.0051540079466263,1630.3503885193545,0.975844895952136
1630.355944088846,0.9848944793381615,1630.355944088846,1.0003816016594655,1630.355944088846,0.9852703167058754,1630.3517774113782,0.9932760639010584
1630.3573329813346,0.9780205880399367,1630.3573329813346,1.000465368737671,1630.3573329813346,0.9784757282464092,1630.3531663038673,0.9894912143660602
1630.3587218738232,0.9825255755393318,1630.3587218738232,1.0004936099129815,1630.3587218738232,0.983010559903176,1630.3545551963568,1.0051540079466263
1630.3601107663133,0.9907948404208322,1630.3601107663133,1.0005492342225466,1630.3601107663133,0.991339018854714,1630.355944088846,0.9852703167058754
1630.3614996588033,0.9953982803411924,1630.3614996588033,1.000624049415218,1630.3614996588033,0.9960194580559484,1630.3573329813346,0.9784757282464092
1630.3628885508265,0.9985629513898648,1630.3628885508265,1.0006701297519758,1630.3628885508265,0.999232118132812,1630.3587218738232,0.983010559903176
1630.364277443315,0.9911369396017963,1630.364277443315,1.0007954319331294,1630.364277443315,0.9919253215736596,1630.3601107663133,0.991339018854714
1630.365666335804,0.9913909971071848,1630.365666335804,1.000834270811671,1630.365666335804,0.9922180856790248,1630.3614996588033,0.9960194580559484
1630.3670552282936,1.003408927231417,1630.3670552282936,1.0008647012601248,1630.3670552282936,1.0042765761952146,1630.3628885508265,0.999232118132812
1630.368444120783,0.995835096287774,1630.368444120783,1.0009859534617112,1630.368444120783,0.9968169433482524,1630.364277443315,0.9919253215736596
1630.3698330132722,1.003662453563319,1630.3698330132722,1.0011199913471045,1630.3698330132722,1.0047865468267236,1630.365666335804,0.9922180856790248
1630.3712219052957,0.9881951610234292,1630.3712219052957,1.0012752215807446,1630.3712219052957,0.9894553288187536,1630.3670552282936,1.0042765761952146
1630.3726107977843,0.9964305843990179,1630.3726107977843,1.0013509689103732,1630.3726107977843,0.997776731139886,1630.368444120783,0.9968169433482524
1630.375388582763,0.9889548872647881,1630.375388582763,1.0014444283831032,1630.375388582763,0.990383361773562,1630.3698330132722,1.0047865468267236
1630.376777475253,0.9784050248782498,1630.376777475253,1.0015771888968104,1630.376777475253,0.9799481544200712,1630.3712219052957,0.9894553288187536
1630.3781663677416,0.9937032063379041,1630.3781663677416,1.0016961380361922,1630.3781663677416,0.99538866414286,1630.3726107977843,0.997776731139886
1630.3795552597646,0.992227577229307,1630.3795552597646,1.001655227487729,1630.3795552597646,0.9938699395892198,1630.373999690273,1.0516094409797632
1630.3809441522535,0.9870813911883539,1630.3809441522535,1.0017223660564445,1630.3809441522535,0.9887815066714848,1630.375388582763,0.990383361773562
1630.3823330447435,1.0127504871934907,1630.3823330447435,1.0017749000554959,1630.3823330447435,1.014548018089414,1630.376777475253,0.9799481544200712
1630.3837219372333,1.0089958063874065,1630.3837219372333,1.0018154014057816,1630.3837219372333,1.01082753879275,1630.3781663677416,0.99538866414286
1630.385110829722,1.0173522953616585,1630.385110829722,1.0018376481671585,1630.385110829722,1.0192218309425842,1630.3795552597646,0.9938699395892198
1630.3864997217454,1.004596289954109,1630.3864997217454,1.0019769964056595,1630.3864997217454,1.006582373208487,1630.3809441522535,0.9887815066714848
1630.387888614235,0.991897403663765,1630.387888614235,1.0021262496267112,1630.387888614235,0.9940064251480408,1630.3823330447435,1.014548018089414
1630.3892775067236,0.9975579550409678,1630.3892775067236,1.0022735909914253,1630.3892775067236,0.9998259938209736,1630.3837219372333,1.01082753879275
1630.3906663992127,0.9907110109570444,1630.3906663992127,1.0023540508935855,1630.3906663992127,0.9930431950976728,1630.385110829722,1.0192218309425842
1630.392055291237,1.000838712332218,1630.392055291237,1.0024250106992456,1630.392055291237,1.003265756917843,1630.3864997217454,1.006582373208487
1630.3934441837262,0.9745206307207515,1630.3934441837262,1.0025459043152962,1630.3934441837262,0.9770016669998486,1630.387888614235,0.9940064251480408
1630.3948330762148,0.9996402692410226,1630.3948330762148,1.0025973587780004,1630.3948330762148,1.0022366936691784,1630.3892775067236,0.9998259938209736
1630.3962219687037,1.0057714104959943,1630.3962219687037,1.0027448165963728,1630.3962219687037,1.008532068555681,1630.3906663992127,0.9930431950976728
1630.3976108607274,0.9940737671905742,1630.3976108607274,1.0028611623658197,1630.3976108607274,0.9969179736421084,1630.392055291237,1.003265756917843
1630.3989997532174,0.9902717514511022,1630.3989997532174,1.0029946335219397,1630.3989997532174,0.9932372524338277,1630.3934441837262,0.9770016669998486
1630.4003886457065,1.0063637811799768,1630.4003886457065,1.0030525406492312,1630.4003886457065,1.0094357475299427,1630.3948330762148,1.0022366936691784
1630.4017775381951,1.0065750676617955,1630.4017775381951,1.0031578951444982,1630.4017775381951,1.0097537261805376,1630.3962219687037,1.008532068555681
1630.403166430219,1.0056105416185053,1630.403166430219,1.0031301216581947,1630.403166430219,1.0087582249545342,1630.3976108607274,0.9969179736421084
1630.404555322708,0.9890605820613702,1630.404555322708,1.0031677165559565,1630.404555322708,0.99219364564201,1630.3989997532174,0.9932372524338277
1630.4059442151977,1.003203477949852,1630.4059442151977,1.0032404624836002,1630.4059442151977,1.0064543211835657,1630.4003886457065,1.0094357475299427
1630.4073331076868,0.9943046407467839,1630.4073331076868,1.0032880680826224,1630.4073331076868,0.9975739821004268,1630.4017775381951,1.0097537261805376
1630.4087219997105,0.990829758257476,1630.4087219997105,1.0033324383169893,1630.4087219997105,0.9941316373095064,1630.403166430219,1.0087582249545342
1630.4101108921998,0.986450474101781,1630.4101108921998,1.0033942972000205,1630.4101108921998,0.9897987801839836,1630.404555322708,0.99219364564201
1630.4114997846884,0.9952173959961386,1630.4114997846884,1.0035418278789558,1630.4114997846884,0.9987422847148996,1630.4059442151977,1.0064543211835657
1630.4128886767114,0.9920037992048983,1630.4128886767114,1.0035784491860367,1630.4128886767114,0.9955536343927084,1630.4073331076868,0.9975739821004268
1630.4142775692014,1.0098487580227096,1630.4142775692014,1.003617273813409,1630.4142775692014,1.0135016574906088,1630.4087219997105,0.9941316373095064
1630.4156664616914,0.999205282190884,1630.4156664616914,1.0036999987159423,1630.4156664616914,1.002902340451953,1630.4101108921998,0.9897987801839836
1630.41705535418,0.9906123255673543,1630.41705535418,1.0038340413753677,1630.41705535418,0.9944103742105288,1630.4114997846884,0.9987422847148996
1630.418444246203,0.9905903181631781,1630.418444246203,1.0037817183070945,1630.418444246203,0.9943364517042064,1630.4128886767114,0.9955536343927084
1630.4198331386922,0.9985144065225224,1630.4198331386922,1.0037402357479315,1630.4198331386922,1.0022490858006226,1630.4142775692014,1.0135016574906088
1630.4212220311815,0.9930157298882555,1630.4212220311815,1.0036606917359394,1630.4212220311815,0.9966508543643152,1630.4156664616914,1.002902340451953
1630.4226109232052,1.0129328391419794,1630.4226109232052,1.003685281425469,1630.4226109232052,1.016665781719317,1630.41705535418,0.9944103742105288
1630.4239998156943,1.000994467983421,1630.4239998156943,1.0037329461822158,1630.4239998156943,1.004731126461099,1630.418444246203,0.9943364517042064
1630.4253887081838,1.0017124693574257,1630.4253887081838,1.0037993094188147,1630.4253887081838,1.0055182849771995,1630.4198331386922,1.0022490858006226
1630.4267776002068,0.9922583401754727,1630.4267776002068,1.003829923538771,1630.4267776002068,0.9960586137490526,1630.4212220311815,0.9966508543643152
1630.4281664926957,1.0250998487632952,1630.4281664926957,1.0039507240750019,1630.4281664926957,1.0291497354150851,1630.4226109232052,1.016665781719317
1630.4295553851855,1.0070826341265207,1630.4295553851855,1.0040520836363966,1630.4295553851855,1.011163417188764,1630.4239998156943,1.004731126461099
1630.4309442772098,0.9835005257101581,1630.4309442772098,1.0041716112454842,1630.4309442772098,0.9876033075631502,1630.4253887081838,1.0055182849771995
1630.4323331696985,0.9797493771028847,1630.4323331696985,1.0042905597492848,1630.4323331696985,0.9839530503446692,1630.4267776002068,0.9960586137490526
1630.4337220621871,1.0078886847192197,1630.4337220621871,1.004438997560404,1630.4337220621871,1.0123627001318471,1630.4281664926957,1.0291497354150851
1630.4351109542106,1.0074535454424218,1630.4351109542106,1.004527055491671,1630.4351109542106,1.0120143435479203,1630.4295553851855,1.011163417188764
1630.4364998467006,1.0066778758484562,1630.4364998467006,1.0046201749740915,1630.4364998467006,1.011328903777423,1630.4309442772098,0.9876033075631502
1630.4378887391902,0.9910977253198934,1630.4378887391902,1.004733411644416,1630.4378887391902,0.9957889988336768,1630.4323331696985,0.9839530503446692
1630.4392776312131,1.0095272877184531,1630.4392776312131,1.004839258537795,1630.4392776312131,1.0144126512646816,1630.4337220621871,1.0123627001318471
1630.4406665237022,1.0120005795169489,1630.4406665237022,1.0048558050344345,1630.4406665237022,1.0169146570258178,1630.4351109542106,1.0120143435479203
1630.4420554157257,1.0017983141908522,1630.4420554157257,1.0048939300636224,1630.4420554157257,1.0067010450783571,1630.4364998467006,1.011328903777423
1630.4434443082143,0.9965047944655402,1630.4434443082143,1.0048804755902299,1630.4434443082143,1.0013682117904763,1630.4378887391902,0.9957889988336768
1630.444833200704,1.0068410670176433,1630.444833200704,1.004979832582439,1630.444833200704,1.0118549669685155,1630.4392776312131,1.0144126512646816
1630.4462220927282,0.9819471904946432,1630.4462220927282,1.005059169660693,1630.4462220927282,0.9869150279291964,1630.4406665237022,1.0169146570258178
1630.4476109852174,1.0037202490315233,1630.4476109852174,1.0051085556075237,1630.4476109852174,1.0088478097380984,1630.4420554157257,1.0067010450783571
1630.448999877706,0.9985956111661071,1630.448999877706,1.0051288008153554,1630.448999877706,1.0037172091508662,1630.4434443082143,1.0013682117904763
1630.450388769729,1.00283953087312,1630.450388769729,1.005141719756213,1630.450388769729,1.0079958507013216,1630.444833200704,1.0118549669685155
1630.451777662219,1.0196267475816418,1630.451777662219,1.0052256036788065,1630.451777662219,1.024954912864814,1630.4462220927282,0.9869150279291964
1630.4531665542434,1.0160618390872647,1630.4531665542434,1.0052891000001993,1630.4531665542434,1.0214358917605837,1630.4476109852174,1.0088478097380984
1630.454555446732,1.0100054470765876,1630.454555446732,1.0053329104751174,1630.454555446732,1.015391715705228,1630.448999877706,1.0037172091508662
1630.4559443392209,1.001486432902493,1630.4559443392209,1.005359052309653,1630.4559443392209,1.0068534510838252,1630.450388769729,1.0079958507013216
1630.4573332312443,1.0288432977907356,1630.4573332312443,1.0053257653578358,1630.4573332312443,1.034322675784751,1630.451777662219,1.024954912864814
1630.4587221237337,1.011153834009019,1630.4587221237337,1.0054314016571184,1630.4587221237337,1.0166458166186572,1630.4531665542434,1.0214358917605837
1630.460111015757,1.0227690144281265,1630.460111015757,1.0054861184243762,1630.460111015757,1.0283800463620618,1630.454555446732,1.015391715705228
1630.4614999082469,1.0014533888064794,1630.4614999082469,1.0055773218929867,1630.4614999082469,1.0070388167166755,1630.4559443392209,1.0068534510838252
1630.46288880027,1.0029173921972443,1630.46288880027,1.005577921933042,1630.46288880027,1.0085115871162107,1630.4573332312443,1.034322675784751
1630.4642776927597,1.0239929938199803,1630.4642776927597,1.0057197491716339,1630.4642776927597,1.029849976898141,1630.4587221237337,1.0166458166186572
1630.4656665852483,1.0208568560040372,1630.4656665852483,1.0058027183754725,1630.4656665852483,1.026780600841099,1630.460111015757,1.0283800463620618
1630.4670554772715,1.009976767974932,1630.4670554772715,1.0059313180071534,1630.4670554772715,1.0159672613656283,1630.4614999082469,1.0070388167166755
1630.4684443697618,1.0233613058271454,1630.4684443697618,1.005960367802459,1630.4684443697618,1.0294609156046797,1630.46288880027,1.0085115871162107
1630.4698332617847,1.013347482093199,1630.4698332617847,1.0060827396074334,1630.4698332617847,1.01951141095862,1630.4642776927597,1.029849976898141
1630.4712221542734,1.0179753976464703,1630.4712221542734,1.0061354250083712,1630.4712221542734,1.024221109359097,1630.4656665852483,1.026780600841099
1630.4726110462973,1.03328082005676,1630.4726110462973,1.006230165229838,1630.4726110462973,1.039718330294536,1630.4670554772715,1.0159672613656283
1630.4739999387864,1.0195150721575044,1630.4739999387864,1.0062201536357667,1630.4739999387864,1.0258566125403037,1630.4684443697618,1.0294609156046797
1630.4753888308098,1.0049754107199669,1630.4753888308098,1.0062725439364004,1630.4753888308098,1.01127916313871,1630.4698332617847,1.01951141095862
1630.4767777232994,1.0288332925526726,1630.4767777232994,1.0063173636630451,1630.4767777232994,1.035332806610376,1630.4712221542734,1.024221109359097
1630.4781666153228,1.0159560031004378,1630.4781666153228,1.0063971545106791,1630.4781666153228,1.0224552306283232,1630.4726110462973,1.039718330294536
1630.4795555078124,0.9949104476480979,1630.4795555078124,1.0065282524759216,1630.4795555078124,1.0014054742412768,1630.4739999387864,1.0258566125403037
1630.4809443998354,1.0166311545775415,1630.4809443998354,1.0065505687246035,1630.4809443998354,1.0232906668231747,1630.4753888308098,1.01127916313871
1630.4823332923245,1.0153960149222583,1630.4823332923245,1.0066745334983733,1630.4823332923245,1.0221733096379717,1630.4767777232994,1.035332806610376
1630.4837221843488,1.0094034352158208,1630.4837221843488,1.006750770043974,1630.4837221843488,1.01621768568856,1630.4781666153228,1.0224552306283232
1630.4851110768384,0.9944646618359062,1630.4851110768384,1.0067902794585646,1630.4851110768384,1.001217354801439,1630.4795555078124,1.0014054742412768
1630.4864999688614,1.0054229623640294,1630.4864999688614,1.0068547174964098,1630.4864999688614,1.0123148527354382,1630.4809443998354,1.0232906668231747
1630.48788886135,1.012051874142952,1630.48788886135,1.006942571499528,1630.48788886135,1.0190781166404208,1630.4823332923245,1.0221733096379717
1630.4892777533737,1.014293237324165,1630.4892777533737,1.0069714114168762,1630.4892777533737,1.021364292778907,1630.4837221843488,1.01621768568856
1630.4906666458637,1.0083026149845018,1630.4906666458637,1.0071124051989673,1630.4906666458637,1.0154740717454498,1630.4851110768384,1.001217354801439
1630.4920555378872,1.0051357508819043,1630.4920555378872,1.0071363413727812,1630.4920555378872,1.0123087427261843,1630.4864999688614,1.0123148527354382
1630.4934444303756,1.0035054352004442,1630.4934444303756,1.0071904460980836,1630.4934444303756,1.010721086941387,1630.48788886135,1.0190781166404208
1630.4948333223997,1.0272016697578568,1630.4948333223997,1.0072399797831342,1630.4948333223997,1.0346385890801053,1630.4892777533737,1.021364292778907
1630.4962222148886,0.9855464077093579,1630.4962222148886,1.0072831295009752,1630.4962222148886,0.992724269825926,1630.4906666458637,1.0154740717454498
1630.4976111069125,1.0076124813314016,1630.4976111069125,1.007342027118146,1630.4976111069125,1.015010399493919,1630.4920555378872,1.0123087427261843
1630.4989999994016,1.001650385813582,1630.4989999994016,1.0073884095200603,1630.4989999994016,1.009050989059899,1630.4934444303756,1.010721086941387
1630.5003888914257,0.9907060400391634,1630.5003888914257,1.0075090598563625,1630.5003888914257,0.9981453109938774,1630.4948333223997,1.0346385890801053
1630.5017777839146,1.0123140272976805,1630.5017777839146,1.007590647604186,1630.5017777839146,1.0199981463436716,1630.4962222148886,0.992724269825926
1630.5031666759376,1.005744345250028,1630.5031666759376,1.0074966978677757,1630.5031666759376,1.0132841067385916,1630.4976111069125,1.015010399493919
1630.5045555684262,1.0137091344502625,1630.5045555684262,1.0075898336889106,1630.5045555684262,1.0214030181896696,1630.4989999994016,1.009050989059899
1630.5059444604506,1.0233943338748124,1630.5059444604506,1.007609687526417,1630.5059444604506,1.0311820449719056,1630.5003888914257,0.9981453109938774
1630.507333352475,0.9864872050464484,1630.507333352475,1.007706050650023,1630.507333352475,0.994089125414136,1630.5017777839146,1.0199981463436716
1630.5087222449636,1.0153816672448424,1630.5087222449636,1.0078031730837833,1630.5087222449636,1.0233048661404542,1630.5031666759376,1.0132841067385916
1630.5101111369866,0.997501921861633,1630.5101111369866,1.0079146227282514,1630.5101111369866,1.0053967732438736,1630.5045555684262,1.0214030181896696
1630.5115000294757,1.0196377743977203,1630.5115000294757,1.0078936432441448,1630.5115000294757,1.0276864312270697,1630.5059444604506,1.0311820449719056
1630.5128889215,1.0303808108690875,1630.5128889215,1.0079322725916204,1630.5128889215,1.038554072334076,1630.507333352475,0.994089125414136
1630.5142778139896,1.0094390199074863,1630.5142778139896,1.0079146020912808,1630.5142778139896,1.0174283280854666,1630.5087222449636,1.0233048661404542
1630.5156667060126,1.0117277495819554,1630.5156667060126,1.0079911409163875,1630.5156667060126,1.0198126085978845,1630.5101111369866,1.0053967732438736
1630.517055598036,1.0039973762760503,1630.517055598036,1.0080186478547668,1630.517055598036,1.012048077683518,1630.5115000294757,1.0276864312270697
1630.5184444905256,1.0112389069065093,1630.5184444905256,1.0080450842020774,1630.5184444905256,1.0193744090609889,1630.5128889215,1.038554072334076
1630.5198333825483,1.0310544082654083,1630.5198333825483,1.00813121218525,1630.5198333825483,1.0394381304335516,1630.5142778139896,1.0174283280854666
1630.5212222750376,1.0013044751459335,1630.5212222750376,1.0081580649547741,1630.5212222750376,1.00947318209368,1630.5156667060126,1.0198126085978845
1630.522611167062,1.0010618697728553,1630.522611167062,1.0081536927979362,1630.522611167062,1.0092242207307107,1630.517055598036,1.012048077683518
1630.524000059085,1.0127610738146495,1630.524000059085,1.008156626902202,1630.524000059085,1.0210217880348291,1630.5184444905256,1.0193744090609889
1630.5253889515736,1.0370642246972717,1630.5253889515736,1.0082348070678038,1630.5253889515736,1.0456042485045751,1630.5198333825483,1.0394381304335516
1630.526777843597,1.0143019446344639,1630.526777843597,1.0082204803762216,1630.526777843597,1.022639993865895,1630.5212222750376,1.00947318209368
1630.528166736087,1.0158817224768852,1630.528166736087,1.0082502679168879,1630.528166736087,1.024263018859189,1630.522611167062,1.0092242207307107
1630.529555628111,0.9762892035809161,1630.529555628111,1.008278896774801,1630.529555628111,0.9843718011197152,1630.524000059085,1.0210217880348291
1630.530944520134,0.9957864242941612,1630.530944520134,1.0082684573398404,1630.530944520134,1.0040200418630296,1630.5253889515736,1.0456042485045751
1630.532333412623,1.0254087878090274,1630.532333412623,1.0083163579706969,1630.532333412623,1.0339364543547456,1630.526777843597,1.022639993865895
1630.533722304647,1.0210989251510587,1630.533722304647,1.008328771831749,1630.533722304647,1.029603425116286,1630.528166736087,1.024263018859189
1630.53511119667,1.0042186950246688,1630.53511119667,1.0083346559087438,1630.53511119667,1.012588512304827,1630.529555628111,0.9843718011197152
1630.536500089159,1.004850225346568,1630.536500089159,1.0082373058300813,1630.536500089159,1.013127483966174,1630.530944520134,1.0040200418630296
1630.5378889811834,1.0000508548063247,1630.5378889811834,1.008206620495061,1630.5378889811834,1.0082578926474817,1630.532333412623,1.0339364543547456
1630.5392778732073,0.9972897645029668,1630.5392778732073,1.0080903822843326,1630.5392778732073,1.0053582199460478,1630.533722304647,1.029603425116286
1630.5406667656955,1.009357464472889,1630.5406667656955,1.0080176966440402,1630.5406667656955,1.0174501864284302,1630.53511119667,1.012588512304827
1630.5420556577185,1.0245247497463135,1630.5420556577185,1.0079362906477607,1630.5420556577185,1.0326556759361245,1630.536500089159,1.013127483966174
1630.5434445497428,0.9986728013322613,1630.5434445497428,1.0078688117540278,1630.5434445497428,1.0065311696098125,1630.5378889811834,1.0082578926474817
1630.5448334422329,1.0021779186111939,1630.5448334422329,1.0078282870561779,1630.5448334422329,1.0100232550394452,1630.5392778732073,1.0053582199460478
1630.5462223342558,1.024595303277952,1630.5462223342558,1.0078215292805057,1630.5462223342558,1.0326092054432092,1630.5406667656955,1.0174501864284302
1630.5476112262788,1.0174121197347805,1630.5476112262788,1.0077868034578163,1630.5476112262788,1.0253345079467555,1630.5420556577185,1.0326556759361245
1630.5490001187684,1.01654257497304,1630.5490001187684,1.0077290707132247,1630.5490001187684,1.02439950441801,1630.5434445497428,1.0065311696098125
1630.5503890107918,0.9938522699269161,1630.5503890107918,1.0077715455992475,1630.5503890107918,1.0015760381615688,1630.5448334422329,1.0100232550394452
1630.5517779028155,1.0077687254746055,1630.5517779028155,1.007775232120101,1630.5517779028155,1.0156043612385488,1630.5462223342558,1.0326092054432092
1630.5531667953048,0.9796891080084027,1630.5531667953048,1.0077266506793014,1630.5531667953048,0.9872588235203,1630.5476112262788,1.0253345079467555
1630.5545556873287,1.0033945275886604,1630.5545556873287,1.007722023426137,1630.5545556873287,1.0111427636363577,1630.5490001187684,1.02439950441801
1630.5559445793522,1.0120983316167629,1630.5559445793522,1.0076602402091022,1630.5559445793522,1.0198512479521789,1630.5503890107918,1.0015760381615688
1630.5573334718408,1.0060451208433367,1630.5573334718408,1.007705901734773,1630.5573334718408,1.0137976056853033,1630.5517779028155,1.0156043612385488
1630.5587223638638,1.0159019100826117,1630.5587223638638,1.007742899029942,1630.5587223638638,1.0237679359967065,1630.5531667953048,0.9872588235203
1630.5601112558882,0.9959426317561464,1630.5601112558882,1.0077727242896968,1630.5601112558882,1.003683819241142,1630.5545556873287,1.0111427636363577
1630.5615001479125,1.00215758327385,1630.5615001479125,1.0077650989178661,1630.5615001479125,1.0099394360392613,1630.5559445793522,1.0198512479521789
1630.5628890404012,1.0197081026949095,1630.5628890404012,1.0077761100266895,1630.5628890404012,1.027637465096572,1630.5573334718408,1.0137976056853033
1630.564277932424,1.0281880795219143,1630.564277932424,1.0077711773256763,1630.564277932424,1.0361783114120258,1630.5587223638638,1.0237679359967065
1630.5656668244476,0.9947070465276148,1630.5656668244476,1.0078896434774032,1630.5656668244476,1.0025549304891783,1630.5601112558882,1.003683819241142
1630.5670557169376,1.0068911127364288,1630.5670557169376,1.0079161163861785,1630.5670557169376,1.0148617799730593,1630.5615001479125,1.0099394360392613
1630.5684446089615,1.0310153001900892,1630.5684446089615,1.0079084487547307,1630.5684446089615,1.039169031856986,1630.5628890404012,1.027637465096572
1630.5698335009845,1.0057868588230452,1630.5698335009845,1.0079744105118225,1630.5698335009845,1.0138074161226966,1630.564277932424,1.0361783114120258
1630.571222393008,1.0182312214830416,1630.571222393008,1.007983783608742,1630.571222393008,1.0263605592190272,1630.5656668244476,1.0025549304891783
1630.5726112854966,0.9990628389060876,1630.5726112854966,1.0079925901407538,1630.5726112854966,1.007047938702322,1630.5670557169376,1.0148617799730593
1630.5740001775196,0.9913714056914413,1630.5740001775196,1.00799961573246,1630.5740001775196,0.9993019959851216,1630.5684446089615,1.039169031856986
1630.575389069544,0.9897623368313667,1630.575389069544,1.0079174860876559,1630.575389069544,0.9975987663633148,1630.5698335009845,1.0138074161226966
1630.5767779615685,0.9933935420445416,1630.5767779615685,1.0079700096718074,1630.5767779615685,1.0013108981825476,1630.571222393008,1.0263605592190272
1630.578166854057,1.0164872521048187,1630.578166854057,1.007979144364514,1630.578166854057,1.0245979506340512,1630.5726112854966,1.007047938702322
1630.57955574608,1.002410701690578,1630.57955574608,1.008065645551273,1630.57955574608,1.0104957911072172,1630.5740001775196,0.9993019959851216
1630.5809446381031,1.0218585251497683,1630.5809446381031,1.008080143813568,1630.5809446381031,1.0301152889900989,1630.575389069544,0.9975987663633148
1630.5823335301277,0.9964111122016889,1630.5823335301277,1.0080149660324345,1630.5823335301277,1.0043973134203257,1630.5767779615685,1.0013108981825476
1630.5837224221516,1.0087210370942246,1630.5837224221516,1.0080947983730888,1630.5837224221516,1.0168864305041954,1630.578166854057,1.0245979506340512
1630.5851113146402,1.0143979738755753,1630.5851113146402,1.00809195027894,1630.5851113146402,1.022606431843234,1630.57955574608,1.0104957911072172
1630.5865002066637,1.016076493985707,1630.5865002066637,1.0080626711722527,1630.5865002066637,1.024268784642569,1630.5809446381031,1.0301152889900989
1630.5878890986876,1.021709078122099,1630.5878890986876,1.0080405270224952,1630.5878890986876,1.0299241575738685,1630.5823335301277,1.0043973134203257
1630.5892779907103,0.9963637686320381,1630.5892779907103,1.008102680039526,1630.5892779907103,1.00443698545224,1630.5837224221516,1.0168864305041954
1630.590666882734,1.0031922567512797,1630.590666882734,1.0080035271271859,1630.590666882734,1.0112213331919713,1630.5851113146402,1.022606431843234
1630.592055775224,0.9939761090991728,1630.592055775224,1.008005979001904,1630.592055775224,1.001933860957015,1630.5865002066637,1.024268784642569
1630.5934446672477,1.0230807658325378,1630.5934446672477,1.0080047316819352,1630.5934446672477,1.031270252851976,1630.5878890986876,1.0299241575738685
1630.5948335592705,1.0014991553008472,1630.5948335592705,1.0080187167038301,1630.5948335592705,1.00952989330633,1630.5892779907103,1.00443698545224
1630.5962224512934,1.0104851046771526,1630.5962224512934,1.008020800739376,1630.5962224512934,1.0185900043518756,1630.590666882734,1.0112213331919713
1630.5976113433178,1.0129089996042313,1630.5976113433178,1.0080287659686722,1630.5976113433178,1.0210414089096156,1630.592055775224,1.001933860957015
1630.5990002358078,1.009487663394241,1630.5990002358078,1.0080590351230656,1630.5990002358078,1.0176231599298364,1630.5934446672477,1.031270252851976
1630.6003891278308,0.9973373627571038,1630.6003891278308,1.0080636698206764,1630.6003891278308,1.0053795619502013,1630.5948335592705,1.00952989330633
1630.6017780198538,1.000818913554886,1630.6017780198538,1.0081703085888112,1630.6017780198538,1.008995912920148,1630.5962224512934,1.0185900043518756
1630.6031669118777,1.0152917495672695,1630.6031669118777,1.0081845116605148,1630.6031669118777,1.0236014167304273,1630.5976113433178,1.0210414089096156
1630.6045558039011,1.0032309442431757,1630.6045558039011,1.0081431623559203,1630.6045558039011,1.0114004167026311,1630.5990002358078,1.0176231599298364
1630.605944695925,0.9979819027429789,1630.605944695925,1.0081880893879296,1630.605944695925,1.0061534677701744,1630.6003891278308,1.0053795619502013
1630.607333588414,0.9962704011011095,1630.607333588414,1.0082008707377434,1630.607333588414,1.0044406858803796,1630.6017780198538,1.008995912920148
1630.6087224804376,1.0213647910425703,1630.6087224804376,1.0082043111749899,1630.6087224804376,1.029744385611462,1630.6031669118777,1.0236014167304273
1630.6101113724617,1.007392082225542,1630.6101113724617,1.0082054092458927,1630.6101113724617,1.0156581465312746,1630.6045558039011,1.0114004167026311
1630.6115002644844,1.00200948638814,1630.6115002644844,1.0082038187133373,1630.6115002644844,1.0102297905635125,1630.605944695925,1.0061534677701744
1630.612889156508,1.0188166553111035,1630.612889156508,1.0081866552779646,1630.612889156508,1.0271573560595844,1630.607333588414,1.0044406858803796
1630.6142780485322,1.0066643971128133,1630.6142780485322,1.0082193680970093,1630.6142780485322,1.0149385423428374,1630.6087224804376,1.029744385611462
1630.615666940556,1.0013016462685442,1630.615666940556,1.0082161755800068,1630.615666940556,1.0095285164028365,1630.6101113724617,1.0156581465312746
1630.6170558325791,1.0073061779634573,1630.6170558325791,1.008204761858612,1630.6170558325791,1.0155708852723562,1630.6115002644844,1.0102297905635125
1630.6184447250678,1.0242387042902068,1630.6184447250678,1.00823332691612,1630.6184447250678,1.0326715963827713,1630.612889156508,1.0271573560595844
1630.6198336170912,1.0111218993325972,1630.6198336170912,1.0082163762713112,1630.6198336170912,1.0194296573136767,1630.6142780485322,1.0149385423428374
1630.6212225091151,1.015073648693123,1630.6212225091151,1.008256330562943,1630.6212225091151,1.0234544322824664,1630.615666940556,1.0095285164028365
1630.6226114011386,0.9879106716240778,1630.6226114011386,1.0082953867237454,1630.6226114011386,0.9961057726937146,1630.6170558325791,1.0155708852723562
1630.6240002931622,1.0116965357868701,1630.6240002931622,1.0082359149851763,1630.6240002931622,1.020028782446408,1630.6184447250678,1.0326715963827713
1630.625389185186,1.0197599681602638,1630.625389185186,1.008243086580149,1630.625389185186,1.0281659378687789,1630.6198336170912,1.0194296573136767
1630.6267780772089,1.0097340017977359,1630.6267780772089,1.0082354897175831,1630.6267780772089,1.018049655787035,1630.6212225091151,1.0234544322824664
1630.6281669692323,0.971911294506382,1630.6281669692323,1.0082455764619702,1630.6281669692323,0.9799252633994868,1630.6226114011386,0.9961057726937146
1630.629555861257,1.0062828712723146,1630.629555861257,1.0082391124184165,1630.629555861257,1.014573748973454,1630.6240002931622,1.020028782446408
1630.6309447532806,1.0010898719747432,1630.6309447532806,1.0082632053823148,1630.6309447532806,1.0093620831930257,1630.625389185186,1.0281659378687789
1630.6323336457692,0.990741220260566,1630.6323336457692,1.0081888426097159,1630.6323336457692,0.9988542441802376,1630.6267780772089,1.018049655787035
1630.6337225377922,1.009088517547226,1630.6337225377922,1.008173104487669,1630.6337225377922,1.0173359034384464,1630.6281669692323,0.9799252633994868
1630.6351114298157,1.0088158875699593,1630.6351114298157,1.008063567498684,1630.6351114298157,1.0169505425731244,1630.629555861257,1.014573748973454
1630.63650032184,1.0227772071118362,1630.63650032184,1.008034826252656,1630.63650032184,1.0309950442661564,1630.6309447532806,1.0093620831930257
1630.637889213864,1.0296836258959128,1630.637889213864,1.0080587848557891,1630.637889213864,1.0379816247065368,1630.6323336457692,0.9988542441802376
1630.639278105887,0.9984628919794901,1630.639278105887,1.0080829394495567,1630.639278105887,1.0065334070779897,1630.6337225377922,1.0173359034384464
1630.6406669979103,1.0116819563907509,1630.6406669979103,1.008127529019307,1630.6406669979103,1.019904430849626,1630.6351114298157,1.0169505425731244
1630.6420558899338,1.0090370083432207,1630.6420558899338,1.0081512238544548,1630.6420558899338,1.0172618948756558,1630.63650032184,1.0309950442661564
1630.6434447819577,1.001388887632576,1630.6434447819577,1.0081381362508623,1630.6434447819577,1.0095383268402294,1630.637889213864,1.0379816247065368
1630.644833673981,1.0162831162495656,1630.644833673981,1.0081721283441945,1630.644833673981,1.024588312309595,1630.639278105887,1.0065334070779897
1630.646222566005,1.0088939597995592,1630.646222566005,1.0081093266836318,1630.646222566005,1.0170754105087167,1630.6406669979103,1.019904430849626
1630.6476114580285,1.0293492498636687,1630.6476114580285,1.0080925482489234,1630.6476114580285,1.0376793083331834,1630.6420558899338,1.0172618948756558
1630.6490003500514,0.9974748203439076,1630.6490003500514,1.008104980099561,1630.6490003500514,1.005559333912608,1630.6434447819577,1.0095383268402294
1630.6503892420744,1.0169065293489548,1630.6503892420744,1.0080385522229283,1630.6503892420744,1.025080985590963,1630.644833673981,1.024588312309595
1630.6517781340988,0.9745425064189512,1630.6517781340988,1.0080144374427629,1630.6517781340988,0.9823529163719592,1630.646222566005,1.0170754105087167
1630.6531670261231,1.0066075387597062,1630.6531670261231,1.0079537577652846,1630.6531670261231,1.0146138512877103,1630.6476114580285,1.0376793083331834
1630.654555918146,1.0060621596603692,1630.654555918146,1.00797658465478,1630.654555918146,1.0140870996448708,1630.6490003500514,1.005559333912608
1630.655944810169,0.9930012401883743,1630.655944810169,1.0079207841135545,1630.655944810169,1.0008665886363983,1630.6503892420744,1.025080985590963
1630.6573337021923,0.9914818561383848,1630.6573337021923,1.0080050203326432,1630.6573337021923,0.9994186885562194,1630.6517781340988,0.9823529163719592
1630.658722594217,1.0009587793604984,1630.658722594217,1.0080079415934393,1630.658722594217,1.0089743988030575,1630.6531670261231,1.0146138512877103
1630.6601114862408,1.0320221852552858,1630.6601114862408,1.0080063596936117,1630.6601114862408,1.040284926082227,1630.654555918146,1.0140870996448708
1630.6615003782638,1.0012970277287476,1630.6615003782638,1.007983274067706,1630.6615003782638,1.0092906563242856,1630.655944810169,1.0008665886363983
1630.6628892702872,1.0004579101391178,1630.6628892702872,1.0079693067833926,1630.6628892702872,1.008430866148888,1630.6573337021923,0.9994186885562194
1630.6642781623111,0.9970118826294483,1630.6642781623111,1.0079503103243141,1630.6642781623111,1.004938436493381,1630.658722594217,1.0089743988030575
1630.665667054334,1.0098320004486259,1630.665667054334,1.0079350813893346,1630.665667054334,1.0178450995617403,1630.6601114862408,1.040284926082227
1630.6670559463576,0.9945714974517347,1630.6670559463576,1.007928713933176,1630.6670559463576,1.00245717034112,1630.6615003782638,1.0092906563242856
1630.668444838382,0.9965905694218221,1630.668444838382,1.007918334518739,1630.668444838382,1.0044819069287247,1630.6628892702872,1.008430866148888
1630.669833730405,0.9783535955005955,1630.669833730405,1.0078743306681863,1630.669833730405,0.9860574752219762,1630.6642781623111,1.004938436493381
1630.671222622428,0.9862724224248816,1630.671222622428,1.007857791613753,1630.671222622428,0.9940223455946876,1630.665667054334,1.0178450995617403
1630.6726115144515,0.9951521320619464,1630.6726115144515,1.00775423788859,1630.6726115144515,1.0028687784292922,1630.6670559463576,1.00245717034112
1630.6740004064757,0.9997700495520113,1630.6740004064757,1.0077150228967215,1630.6740004064757,1.0074832983757616,1630.668444838382,1.0044819069287247
1630.6753892984996,1.0242186858505162,1630.6753892984996,1.007694373460465,1630.6753892984996,1.032099406924637,1630.669833730405,0.9860574752219762
1630.6767781905226,1.011665153194554,1630.6767781905226,1.007678887319719,1630.6767781905226,1.0194336159112214,1630.671222622428,0.9940223455946876
1630.678167082546,1.0024331199997907,1630.678167082546,1.0075430390600257,1630.678167082546,1.0099945121790126,1630.6726115144515,1.0028687784292922
1630.67955597457,1.0113685019991057,1630.67955597457,1.0074762594197015,1630.67955597457,1.018929755288966,1630.6740004064757,1.0074832983757616
1630.6809448665929,1.0092397489029463,1630.6809448665929,1.0074921738361198,1630.6809448665929,1.0168011485440491,1630.6753892984996,1.032099406924637
1630.6823337586163,1.0178744247217058,1630.6823337586163,1.0074964797690946,1630.6823337586163,1.0255048997541107,1630.6767781905226,1.0194336159112214
1630.683722650641,1.0005939269759463,1630.683722650641,1.0074093128707535,1630.683722650641,1.008007640437487,1630.678167082546,1.0099945121790126
1630.685111542199,1.0008719355678222,1630.685111542199,1.007344786086215,1630.685111542199,1.0082231258342638,1630.67955597457,1.018929755288966
1630.686500434222,1.0066380941731075,1630.686500434222,1.0072872953501302,1630.686500434222,1.013973763276039,1630.6809448665929,1.0168011485440491
1630.6878893262449,1.0093280255196162,1630.6878893262449,1.0072719882628471,1630.6878893262449,1.0166678470745576,1630.6823337586163,1.0255048997541107
1630.6892782182692,0.9827320136401261,1630.6892782182692,1.0071732507330629,1630.6892782182692,0.9897813967773744,1630.683722650641,1.008007640437487
1630.6906671102934,0.9996816553294976,1630.6906671102934,1.0070690572596308,1630.6906671102934,1.0067484621924243,1630.685111542199,1.0082231258342638
1630.692056002316,0.9945370743221988,1630.692056002316,1.0070077128272807,1630.692056002316,1.0015065045351328,1630.686500434222,1.013973763276039
1630.693444894339,1.0184521165017113,1630.693444894339,1.0069637865702894,1630.693444894339,1.0255443996730886,1630.6878893262449,1.0166678470745576
1630.694833786363,1.0024425569357696,1630.694833786363,1.0068757102125225,1630.694833786363,1.00933506146196,1630.6892782182692,0.9897813967773744
1630.6962226783864,0.9944921784190808,1630.6962226783864,1.0068824439774438,1630.6962226783864,1.001336715123056,1630.6906671102934,1.0067484621924243
1630.6976115704103,0.9962899915976632,1630.6976115704103,1.0068181044934021,1630.6976115704103,1.0030828008661068,1630.692056002316,1.0015065045351328
1630.699000461968,0.9864970336574181,1630.699000461968,1.0067644346646913,1630.699000461968,0.9931701283885056,1630.693444894339,1.0255443996730886
1630.700389353992,1.0026243318027892,1630.700389353992,1.0067028635022368,1630.700389353992,1.0093447858428848,1630.694833786363,1.00933506146196
1630.7017782460157,0.9956132535405878,1630.7017782460157,1.006580103999558,1630.7017782460157,1.0021644922922233,1630.6962226783864,1.001336715123056
1630.7031671380385,0.9907950632833442,1630.7031671380385,1.006461121474074,1630.7031671380385,0.9971967105431307,1630.6976115704103,1.0030828008661068
1630.7045560300614,0.9875534481007927,1630.7045560300614,1.0063566259834664,1630.7045560300614,0.993830956009052,1630.699000461968,0.9931701283885056
1630.7059449220858,0.9845357663590038,1630.7059449220858,1.0063059468213704,1630.7059449220858,0.9907441965454008,1630.700389353992,1.0093447858428848
1630.70733381411,1.0074054860818054,1630.70733381411,1.0061640322356429,1630.70733381411,1.013615165972377,1630.7017782460157,1.0021644922922233
1630.7087227061331,0.9971920151782209,1630.7087227061331,1.0060508883975492,1630.7087227061331,1.0032259127729914,1630.7031671380385,0.9971967105431307
1630.7101115976905,1.0049734376442196,1630.7101115976905,1.0059080206376618,1630.7101115976905,1.0109108414541237,1630.7045560300614,0.993830956009052
1630.711500489714,0.9874853358892149,1630.711500489714,1.0058841592764862,1630.711500489714,0.9932958568887816,1630.7059449220858,0.9907441965454008
1630.7128893817378,1.0231046692522676,1630.7128893817378,1.0058092135167624,1630.7128893817378,1.0290481027259506,1630.70733381411,1.013615165972377
1630.7142782737612,0.9987251034209563,1630.7142782737612,1.0056808293727963,1630.7142782737612,1.0043986903238191,1630.7087227061331,1.0032259127729914
1630.7156671657851,1.0131367652113281,1630.7156671657851,1.005542218478169,1630.7156671657851,1.0187517905123948,1630.7101115976905,1.0109108414541237
1630.7170560578086,0.9909081212010776,1630.7170560578086,1.0054503850547634,1630.7170560578086,0.9963089520155156,1630.711500489714,0.9932958568887816
1630.718444949366,1.0125533215425333,1630.718444949366,1.0053398032502319,1630.718444949366,1.0179601570599393,1630.7128893817378,1.0290481027259506
1630.719833841389,0.9955825082774472,1630.719833841389,1.005224372659366,1630.719833841389,1.000783802313835,1630.7142782737612,1.0043986903238191
1630.7212227334132,1.0058013533453454,1630.7212227334132,1.0051402514475734,1630.7212227334132,1.01097142520785,1630.7156671657851,1.0187517905123948
1630.7226116254376,0.987148901392105,1630.7226116254376,1.0050649996397079,1630.7226116254376,0.992148810221994,1630.7170560578086,0.9963089520155156
1630.7240005174606,1.0154697560283799,1630.7240005174606,1.0049338943399377,1630.7240005174606,1.0204799765100263,1630.718444949366,1.0179601570599393
1630.725389409018,0.9982757716288551,1630.725389409018,1.0048425727826351,1630.725389409018,1.003109994710109,1630.719833841389,1.000783802313835
1630.7267783010411,1.0185354294000606,1630.7267783010411,1.0047243802197423,1630.7267783010411,1.0233473780358249,1630.7212227334132,1.01097142520785
1630.7281671930657,1.016952776056545,1630.7281671930657,1.0045996268781265,1630.7281671930657,1.0216303793790802,1630.7226116254376,0.992148810221994
1630.7295560850896,0.9894109719103689,1630.7295560850896,1.0045421759466293,1630.7295560850896,0.9939050506283112,1630.7240005174606,1.0204799765100263
1630.7309449771126,1.0172130560370458,1630.7309449771126,1.004404670942061,1630.7309449771126,1.0216935448268574,1630.725389409018,1.003109994710109
1630.7323338686704,1.0069755768431288,1630.7323338686704,1.0042934301315014,1630.7323338686704,1.0112989561264332,1630.7267783010411,1.0233473780358249
1630.7337227606945,0.9980377154468937,1630.7337227606945,1.0042073202382666,1630.7337227606945,1.0022367797256468,1630.7281671930657,1.0216303793790802
1630.7351116527173,1.0055919608181199,1630.7351116527173,1.004160016828401,1630.7351116527173,1.009775240297628,1630.7295560850896,0.9939050506283112
1630.7365005447407,1.010611298063196,1630.7365005447407,1.004108181996985,1630.7365005447407,1.0147630732038488,1630.7309449771126,1.0216935448268574
1630.7378894362994,0.9974523098036148,1630.7378894362994,1.0039857797077907,1630.7378894362994,1.001427934979519,1630.7323338686704,1.0112989561264332
1630.7392783283233,1.0242501844446885,1630.7392783283233,1.003881185046944,1630.7392783283233,1.028225488944885,1630.7337227606945,1.0022367797256468
1630.740667220346,1.0033948767226146,1630.740667220346,1.0038354752536967,1630.740667220346,1.0072433729419703,1630.7351116527173,1.009775240297628
1630.7420561123688,1.001352249662654,1630.7420561123688,1.0037481539958406,1630.7420561123688,1.005105472098471,1630.7365005447407,1.0147630732038488
1630.7434450043932,1.0104416458541536,1630.7434450043932,1.003659479082423,1630.7434450043932,1.014139335921166,1630.7378894362994,1.001427934979519
1630.7448338959518,0.9975834265866115,1630.7448338959518,1.0035207525255128,1630.7448338959518,1.001095670955176,1630.7392783283233,1.028225488944885
1630.7462227879748,1.0021150646956483,1630.7462227879748,1.003504239737932,1630.7462227879748,1.005626716127335,1630.740667220346,1.0072433729419703
1630.7476116799978,1.0028903952453248,1630.7476116799978,1.0033907900378876,1630.7476116799978,1.0062909860066158,1630.7420561123688,1.005105472098471
1630.749000571556,1.018045884706585,1630.749000571556,1.003315122847344,1630.749000571556,1.0214208318786204,1630.7434450043932,1.014139335921166
1630.7503894635795,1.0236762149047731,1630.7503894635795,1.0033038670924304,1630.7503894635795,1.0270583050645006,1630.7448338959518,1.001095670955176
1630.7517783556034,0.9941788786180564,1630.7517783556034,1.0031884540829061,1630.7517783556034,0.9973487723227252,1630.7462227879748,1.005626716127335
1630.7531672476268,1.0101908955253798,1630.7531672476268,1.0030804924897168,1630.7531672476268,1.013302780992226,1630.7476116799978,1.0062909860066158
1630.754556139185,0.9942753429356339,1630.754556139185,1.0029410439389144,1630.754556139185,0.9971995504065868,1630.749000571556,1.0214208318786204
1630.7559450312085,1.0172578146145017,1630.7559450312085,1.0028110080814998,1630.7559450312085,1.020117334552352,1630.7503894635795,1.0270583050645006
1630.7573339232315,1.0109139928694753,1630.7573339232315,1.0027785051593254,1630.7573339232315,1.0137228226142974,1630.7517783556034,0.9973487723227252
1630.758722815255,1.0161052946754907,1630.758722815255,1.0026453705819067,1630.758722815255,1.018793269730145,1630.7531672476268,1.013302780992226
1630.7601117068136,0.9874575899624156,1630.7601117068136,1.0025691925535622,1630.7601117068136,0.9899945586495056,1630.754556139185,0.9971995504065868
1630.7615005988366,1.0005685904558514,1630.7615005988366,1.0024253119726918,1630.7615005988366,1.0029952814377834,1630.7559450312085,1.020117334552352
1630.7628894908596,0.982839878197466,1630.7628894908596,1.0022912759677172,1630.7628894908596,0.985091835590494,1630.7573339232315,1.0137228226142974
1630.7642783824178,1.0085188812370676,1630.7642783824178,1.0022457237592897,1630.7642783824178,1.010783736050354,1630.758722815255,1.018793269730145
1630.7656672744413,0.9985567426115064,1630.7656672744413,1.0021414261125066,1630.7656672744413,1.0006950780949542,1630.7601117068136,0.9899945586495056
1630.7670561664652,0.9969885644075557,1630.7670561664652,1.0020518890361692,1630.7670561664652,0.9990342743120496,1630.7615005988366,1.0029952814377834
1630.768445058023,1.0095826755403448,1630.768445058023,1.0019189707789624,1630.768445058023,1.0115200351936533,1630.7628894908596,0.985091835590494
1630.7698339500469,1.0033234878120716,1630.7698339500469,1.001818023719753,1630.7698339500469,1.005147553711499,1630.7642783824178,1.010783736050354
1630.7712228420703,0.9854144381119138,1630.7712228420703,1.0017245335500193,1630.7712228420703,0.9871138183711112,1630.7656672744413,1.0006950780949542
1630.7726117336276,0.9884024313842164,1630.7726117336276,1.0016223885379718,1630.7726117336276,0.9900060041597976,1630.7670561664652,0.9990342743120496
1630.774000625651,1.0149217503609205,1630.774000625651,1.0014905559245053,1630.774000625651,1.0164345479888302,1630.768445058023,1.0115200351936533
1630.7753895176754,0.9890257870730865,1630.7753895176754,1.0013925639247545,1630.7753895176754,0.9904030687048164,1630.7698339500469,1.005147553711499
1630.7767784092337,0.9992973434981609,1630.7767784092337,1.0012542131238893,1630.7767784092337,1.000550675341044,1630.7712228420703,0.9871138183711112
1630.7781673012566,0.9986443926001877,1630.7781673012566,1.0011280542797638,1630.7781673012566,0.9997709176812224,1630.7726117336276,0.9900060041597976
1630.7795561932796,0.9981695881888649,1630.7795561932796,1.0012001796481513,1630.7795561932796,0.9993675710140127,1630.774000625651,1.0164345479888302
1630.7809450848374,1.0043324215141776,1630.7809450848374,1.0012111662266727,1630.7809450848374,1.005548835023468,1630.7753895176754,0.9904030687048164
1630.7823339768618,0.9943442574335819,1630.7823339768618,1.00108929288015,1630.7823339768618,0.9954273895536224,1630.7767784092337,1.000550675341044
1630.7837228688857,0.991515095628611,1630.7837228688857,1.0009464712660328,1630.7837228688857,0.9924535361764611,1630.7781673012566,0.9997709176812224
1630.785111760443,0.9840161887677477,1630.785111760443,1.0008769319476725,1630.785111760443,0.984879104000705,1630.7795561932796,0.9993675710140127
1630.7865006524664,1.0007761185721227,1630.7865006524664,1.0007532087431101,1630.7865006524664,1.0015299118945271,1630.7809450848374,1.005548835023468
1630.787889544025,0.9925688221640414,1630.787889544025,1.0007077681824879,1630.787889544025,0.9932713307952986,1630.7823339768618,0.9954273895536224
1630.789278436048,0.9872778997191097,1630.789278436048,1.0006160265506285,1630.789278436048,0.9878860891181854,1630.7837228688857,0.9924535361764611
1630.7906673280715,1.0014039904323275,1630.7906673280715,1.0005364321788512,1630.7906673280715,1.0019411757568255,1630.785111760443,0.984879104000705
1630.7920562196298,1.0005595081305305,1630.7920562196298,1.0003960134343537,1630.7920562196298,1.0009557431376206,1630.7865006524664,1.0015299118945271
1630.7934451116532,0.9845608528395113,1630.7934451116532,1.000331195678636,1630.7934451116532,0.984886935139326,1630.787889544025,0.9932713307952986
1630.7948340032106,1.0184138396962543,1630.7948340032106,1.0002879001061888,1630.7948340032106,1.018707041148847,1630.789278436048,0.9878860891181854
1630.7962228952335,0.9881520613516148,1630.7962228952335,1.0002180106271183,1630.7962228952335,0.9883674890021984,1630.7906673280715,1.0019411757568255
1630.797611787258,0.9904314095487615,1630.797611787258,1.0001966855823006,1630.797611787258,0.9906262131272774,1630.7920562196298,1.0009557431376206
1630.7990006788166,1.0056018268605027,1630.7990006788166,1.0001654393382893,1630.7990006788166,1.005768192961321,1630.7934451116532,0.984886935139326
1630.8003895708396,0.9949036287715084,1630.8003895708396,1.0002039818352193,1630.8003895708396,0.9951065710395716,1630.7948340032106,1.018707041148847
1630.801778462397,0.997342592955359,1630.801778462397,1.000157195920545,1630.801778462397,0.9974993711423574,1630.7962228952335,0.9883674890021984
1630.8031673544208,0.9839821247518289,1630.8031673544208,1.000241832456281,1630.8031673544208,0.9842200835659942,1630.797611787258,0.9906262131272774
1630.8045562464442,0.980928536610939,1630.8045562464442,1.0002122782061755,1630.8045562464442,0.9811367663610772,1630.7990006788166,1.005768192961321
1630.8059451380022,1.0042768622504266,1630.8059451380022,1.0001362193076728,1630.8059451380022,1.0044136641493142,1630.8003895708396,0.9951065710395716
1630.807334030026,1.0045110746927337,1630.807334030026,1.0001148888307412,1630.807334030026,1.0046264817955717,1630.801778462397,0.9974993711423574
1630.8087229215837,1.0045818243242435,1630.8087229215837,1.0001014203326415,1630.8087229215837,1.004683709347032,1630.8031673544208,0.9842200835659942
1630.810111813607,0.9947000824108791,1630.810111813607,1.0001237605993563,1630.810111813607,0.994823187089258,1630.8045562464442,0.9811367663610772
1630.811500705164,0.9995808445221962,1630.811500705164,1.000052146497733,1630.811500705164,0.999632969162439,1630.8059451380022,1.0044136641493142
1630.8128895971884,0.9836297662702796,1630.8128895971884,0.9999102060380731,1630.8128895971884,0.983541442256497,1630.807334030026,1.0046264817955717
1630.814278488747,1.029720577908168,1630.814278488747,0.9998332435065327,1630.814278488747,1.0295488653153448,1630.8087229215837,1.004683709347032
1630.81566738077,1.000057512980307,1630.81566738077,0.9998443915952641,1630.81566738077,0.999901895626068,1630.810111813607,0.994823187089258
1630.8170562723274,0.9894658025567014,1630.8170562723274,0.9997353676283158,1630.8170562723274,0.9892039578746704,1630.811500705164,0.999632969162439
1630.8184451643513,1.0158374753744732,1630.8184451643513,0.9997154556241856,1630.8184451643513,1.015548424534114,1630.8128895971884,0.983541442256497
1630.8198340563756,1.0002431123394369,1630.8198340563756,0.9996114606312791,1630.8198340563756,0.999854478512001,1630.814278488747,1.0295488653153448
1630.8212229479334,1.0030820699017937,1630.8212229479334,0.9995596717828126,1630.8212229479334,1.0026403845622611,1630.81566738077,0.999901895626068
1630.8226118399564,0.9968717854651384,1630.8226118399564,0.9995422725886672,1630.8226118399564,0.9964154899233468,1630.8170562723274,0.9892039578746704
1630.8240007315142,0.9896167005297979,1630.8240007315142,0.9994761406128274,1630.8240007315142,0.9890982805315226,1630.8184451643513,1.015548424534114
1630.825389623538,1.0126112252500414,1630.825389623538,0.999501400611752,1630.825389623538,1.0121063379125987,1630.8198340563756,0.999854478512001
1630.8267785150954,1.0111562174162945,1630.8267785150954,0.9995215849230819,1630.8267785150954,1.010672465036763,1630.8212229479334,1.0026403845622611
1630.8281674071188,1.0171019473089558,1630.8281674071188,0.9994798746375423,1630.8281674071188,1.0165729267899553,1630.8226118399564,0.9964154899233468
1630.8295562986775,0.9980125568970476,1630.8295562986775,0.9993709368021387,1630.8295562986775,0.9973847439265002,1630.8240007315142,0.9890982805315226
1630.8309451907014,0.9934038127469131,1630.8309451907014,0.9993381216614534,1630.8309451907014,0.9927463002818264,1630.825389623538,1.0121063379125987
1630.8323340822587,1.0130576045960995,1630.8323340822587,0.9992389589903024,1630.8323340822587,1.0122866262138157,1630.8267785150954,1.010672465036763
1630.8337229742815,0.9830193792664387,1630.8337229742815,0.9991981513143731,1630.8337229742815,0.982231146469228,1630.8281674071188,1.0165729267899553
1630.8351118658404,1.0016377286839044,1630.8351118658404,0.9990709188993885,1630.8351118658404,1.0007071260005247,1630.8295562986775,0.9973847439265002
1630.8365007578648,0.9831683337289002,1630.8365007578648,0.9989454963529653,1630.8365007578648,0.982131579135334,1630.8309451907014,0.9927463002818264
1630.837889649422,1.0289104016914274,1630.837889649422,0.9989396421506228,1630.837889649422,1.027819388470688,1630.8323340822587,1.0122866262138157
1630.8392785409792,0.9886486956646867,1630.8392785409792,0.9988452933401212,1630.8392785409792,0.9875070964315222,1630.8337229742815,0.982231146469228
1630.8406674330029,0.9913480317612599,1630.8406674330029,0.998811454600785,1630.8406674330029,0.9901697696190892,1630.8351118658404,1.0007071260005247
1630.8420563245606,0.9900852532907075,1630.8420563245606,0.9987623801359802,1630.8420563245606,0.9888599041141618,1630.8365007578648,0.982131579135334
1630.8434452165843,0.9970043265180792,1630.8434452165843,0.9986423123821472,1630.8434452165843,0.99565070608902,1630.837889649422,1.027819388470688
1630.8448341081423,0.9967426138748803,1630.8448341081423,0.9985821388400089,1630.8448341081423,0.995329371236159,1630.8392785409792,0.9875070964315222
1630.8462230001662,0.9808967666522863,1630.8462230001662,0.9985508235176348,1630.8462230001662,0.9794752741264258,1630.8406674330029,0.9901697696190892
1630.8476118917235,1.0032987169457706,1630.8476118917235,0.9984814651003924,1630.8476118917235,1.001775172829357,1630.8420563245606,0.9888599041141618
1630.8490007837463,1.000127991527088,1630.8490007837463,0.9984778303408731,1630.8490007837463,0.998605627043142,1630.8434452165843,0.99565070608902
1630.8503896753052,1.021612398563742,1630.8503896753052,0.9984815582823674,1630.8503896753052,1.020061139678512,1630.8448341081423,0.995329371236159
1630.851778566864,0.9785571186428,1630.851778566864,0.9984499501768881,1630.851778566864,0.9770403063541429,1630.8462230001662,0.9794752741264258
1630.853167458887,0.9926920056211946,1630.853167458887,0.9983907665378091,1630.853167458887,0.9910945324280996,1630.8476118917235,1.001775172829357
1630.8545563504442,1.006898762468503,1630.8545563504442,0.9984028355515656,1630.8545563504442,1.0052905795619158,1630.8490007837463,0.998605627043142
1630.8559452424677,1.002122933415441,1630.8559452424677,0.9983237299498543,1630.8559452424677,1.0004431047555924,1630.8503896753052,1.020061139678512
1630.8573341340257,0.9946483414963222,1630.8573341340257,0.9982332507265145,1630.8573341340257,0.99289104726161,1630.851778566864,0.9770403063541429
1630.8587230260491,0.9938275337101418,1630.8587230260491,0.9981706595472982,1630.8587230260491,0.992009484799717,1630.853167458887,0.9910945324280996
1630.8601119176071,0.9973587454498536,1630.8601119176071,0.9981036516227768,1630.8601119176071,0.9954674058114104,1630.8545563504442,1.0052905795619158
1630.8615008091654,0.9918394646650618,1630.8615008091654,0.9979892914975864,1630.8615008091654,0.9898451646204304,1630.8559452424677,1.0004431047555924
1630.8628897011888,1.005744521198625,1630.8628897011888,0.9979501269604951,1630.8628897011888,1.00368287261999,1630.8573341340257,0.99289104726161
1630.864278592746,0.9920424349300643,1630.864278592746,0.9979512245634278,1630.864278592746,0.9900099627573422,1630.8587230260491,0.992009484799717
1630.8656674847691,1.0037774997638347,1630.8656674847691,0.997895985040841,1630.8656674847691,1.0016655368886644,1630.8601119176071,0.9954674058114104
1630.8670563763278,1.006982835473361,1630.8670563763278,0.9977798007767471,1630.8670563763278,1.004747132964214,1630.8615008091654,0.9898451646204304
1630.8684452678865,1.0031028416713463,1630.8684452678865,0.9978019776912177,1630.8684452678865,1.00089799924735,1630.8628897011888,1.00368287261999
1630.8698341599095,1.0067436941295058,1630.8698341599095,0.9977890940762922,1630.8698341599095,1.0045178785324995,1630.864278592746,0.9900099627573422
1630.8712230514668,0.9678830971980883,1630.8712230514668,0.9977207669411412,1630.8712230514668,0.9656770660458438,1630.8656674847691,1.0016655368886644
1630.8726119430248,0.9919207885338135,1630.8726119430248,0.9977883521851721,1630.8726119430248,0.9897270090893704,1630.8670563763278,1.004747132964214
1630.874000835049,0.9820807161851055,1630.874000835049,0.9977815590957337,1630.874000835049,0.9799020281530294,1630.8684452678865,1.00089799924735
1630.8753897266072,0.9865483013472528,1630.8753897266072,0.9977560524149555,1630.8753897266072,0.9843345386689148,1630.8698341599095,1.0045178785324995
1630.8767786186302,1.0014076711894744,1630.8767786186302,0.9976994612076577,1630.8767786186302,0.9991038939949538,1630.8712230514668,0.9656770660458438
1630.878167510188,0.992237507631585,1630.878167510188,0.997755288741146,1630.878167510188,0.9900102209267472,1630.8726119430248,0.9897270090893704
1630.8795564017462,1.002600634791224,1630.8795564017462,0.997695111510943,1630.8795564017462,1.0002897521289724,1630.874000835049,0.9799020281530294
1630.8809452937692,0.9798302077124339,1630.8809452937692,0.9976659350373296,1630.8809452937692,0.9775432203552462,1630.8753897266072,0.9843345386689148
1630.882334185327,1.010706874272251,1630.882334185327,0.9976253238086777,1630.882334185327,1.008306772721511,1630.8767786186302,0.9991038939949538
1630.8837230768856,0.9920328454764601,1630.8837230768856,0.9975713745033281,1630.8837230768856,0.9896235692144,1630.878167510188,0.9900102209267472
1630.8851119689095,1.0027740917617587,1630.8851119689095,0.9974535350939687,1630.8851119689095,1.00022056272841,1630.8795564017462,1.0002897521289724
1630.8865008604669,1.0055714279943015,1630.8865008604669,0.997404665085947,1630.8865008604669,1.002961633358654,1630.8809452937692,0.9775432203552462
1630.887889752024,1.0079246115712084,1630.887889752024,0.9973321198215571,1630.887889752024,1.005235589478633,1630.882334185327,1.008306772721511
1630.889278644048,0.9715168412895774,1630.889278644048,0.9972498011183514,1630.889278644048,0.96884497675916,1630.8837230768856,0.9896235692144
1630.8906675356063,1.0109464209018313,1630.8906675356063,0.9971971477964076,1630.8906675356063,1.0081128874982928,1630.8851119689095,1.00022056272841
1630.8920564271637,0.9962382944887584,1630.8920564271637,0.99717101401523,1630.8920564271637,0.9934199503161586,1630.8865008604669,1.002961633358654
1630.8934453187214,1.0117959896332316,1630.8934453187214,0.9971029468381976,1630.8934453187214,1.0088647628623657,1630.887889752024,1.005235589478633
1630.894834210745,0.9909987551575977,1630.894834210745,0.9971153208958133,1630.894834210745,0.9881400417563196,1630.889278644048,0.96884497675916
1630.8962231023029,0.9904900878228909,1630.8962231023029,0.9969976647057716,1630.8962231023029,0.9875163044736368,1630.8906675356063,1.0081128874982928
1630.8976119938604,0.9795310188749415,1630.8976119938604,0.9970523171519445,1630.8976119938604,0.9766436720914656,1630.8920564271637,0.9934199503161586
1630.8990008858848,0.9847493306649252,1630.8990008858848,0.9969793046704819,1630.8990008858848,0.9817747029610396,1630.8934453187214,1.0088647628623657
1630.900389777443,0.9714476752546419,1630.900389777443,0.9969398853019477,1630.900389777443,0.9684749339452065,1630.894834210745,0.9881400417563196
1630.9017786690004,0.9820932925947254,1630.9017786690004,0.9970527933888755,1630.9017786690004,0.9791988607500492,1630.8962231023029,0.9875163044736368
1630.903167561023,1.0025334759115911,1630.903167561023,0.9970393535930707,1630.903167561023,0.9995653287783072,1630.8976119938604,0.9766436720914656
1630.904556452582,0.9941691175847238,1630.904556452582,0.9969389769890805,1630.904556452582,0.9911259430390514,1630.8990008858848,0.9817747029610396
1630.9059453441405,1.01922565125143,1630.9059453441405,0.9969585990430342,1630.9059453441405,1.0161257773803498,1630.900389777443,0.9684749339452065
1630.9073342356976,0.9982077600531889,1630.9073342356976,0.9969840230932762,1630.9073342356976,0.995197188500756,1630.9017786690004,0.9791988607500492
1630.9087231277206,0.9889941495740212,1630.9087231277206,0.9968910747059315,1630.9087231277206,0.9859194406467248,1630.903167561023,0.9995653287783072
1630.9101120192788,0.993220248595535,1630.9101120192788,0.9968684808567333,1630.9101120192788,0.990109960373578,1630.904556452582,0.9911259430390514
1630.9115009108366,0.9896356780608694,1630.9115009108366,0.9967763285517641,1630.9115009108366,0.986445417781349,1630.9059453441405,1.0161257773803498
1630.9128898023948,1.0128908920806285,1630.9128898023948,0.9966753190375949,1630.9128898023948,1.0095233530147345,1630.9073342356976,0.995197188500756
1630.9142786944185,1.0027764468900602,1630.9142786944185,0.9966333450335781,1630.9142786944185,0.9994004445849268,1630.9087231277206,0.9859194406467248
1630.9156675859765,0.9949634336114185,1630.9156675859765,0.9966167145063795,1630.9156675859765,0.991597188259798,1630.9101120192788,0.990109960373578
1630.9170564775343,0.9913689309279181,1630.9170564775343,0.9965357074335276,1630.9170564775343,0.9879345389098728,1630.9115009108366,0.986445417781349
1630.9184453690916,0.9889854650964203,1630.9184453690916,0.9965172241022324,1630.9184453690916,0.98554105035534,1630.9128898023948,1.0095233530147345
1630.9198342611155,0.993122167442842,1630.9198342611155,0.9965785557186703,1630.9198342611155,0.9897242552823828,1630.9142786944185,0.9994004445849268
1630.9212231526742,0.9954894930972724,1630.9212231526742,0.9965828037448881,1630.9212231526742,0.9920877101294572,1630.9156675859765,0.991597188259798
1630.922612044232,0.9986562861992471,1630.922612044232,0.9965524483948903,1630.922612044232,0.995213367116808,1630.9170564775343,0.9879345389098728
1630.9240009357893,1.0044220038066942,1630.9240009357893,0.9965529408372107,1630.9240009357893,1.0009597017351652,1630.9184453690916,0.98554105035534
1630.9253898273466,0.9929592889418208,1630.9253898273466,0.9965923545728608,1630.9253898273466,0.9895756357615229,1630.9198342611155,0.9897242552823828
1630.92677871937,0.9905798087422384,1630.92677871937,0.9964854982423027,1630.92677871937,0.9870984142632744,1630.9212231526742,0.9920877101294572
1630.9281676109288,0.9995804854145074,1630.9281676109288,0.9963934848003791,1630.9281676109288,0.9959754832006156,1630.922612044232,0.995213367116808
1630.929556502487,0.999084406376313,1630.929556502487,0.996315513874165,1630.929556502487,0.9954032937424814,1630.9240009357893,1.0009597017351652
1630.9309453940443,0.993776037719967,1630.9309453940443,0.9963136466801163,1630.9309453940443,0.9901126281240972,1630.9253898273466,0.9895756357615229
1630.932334285602,0.9927328344267891,1630.932334285602,0.9962765989888064,1630.932334285602,0.9890364919872392,1630.92677871937,0.9870984142632744
1630.933723177625,1.0000942148282668,1630.933723177625,0.9962502875613221,1630.933723177625,0.9963441491110754,1630.9281676109288,0.9959754832006156
1630.935112069183,1.0018606849516183,1630.935112069183,0.9962596586892878,1630.935112069183,0.9981133840441152,1630.929556502487,0.9954032937424814
1630.936500960742,0.9818369493696294,1630.936500960742,0.9962224998175297,1630.936500960742,0.9781280601142296,1630.9309453940443,0.9901126281240972
1630.9378898522998,0.9867138885799727,1630.9378898522998,0.9961745917673949,1630.9378898522998,0.982939305147373,1630.932334285602,0.9890364919872392
1630.9392787438571,0.9927287159273837,1630.9392787438571,0.9962469243580562,1630.9392787438571,0.9890029299645784,1630.933723177625,0.9963441491110754
1630.9406676354145,0.992937445411349,1630.9406676354145,0.9962604974051122,1630.9406676354145,0.989224353257672,1630.935112069183,0.9981133840441152
1630.942056527438,0.9861822218389168,1630.942056527438,0.996294095744458,1630.942056527438,0.9825275249462642,1630.936500960742,0.9781280601142296
1630.9434454189966,0.9861055325554989,1630.9434454189966,0.9962866646296357,1630.9434454189966,0.9824437920025486,1630.9378898522998,0.982939305147373
1630.9448343105548,0.9943913366569402,1630.9448343105548,0.9962788926088613,1630.9448343105548,0.9906910997044218,1630.9392787438571,0.9890029299645784
1630.9462232021122,0.976046293318502,1630.9462232021122,0.996284732887126,1630.9462232021122,0.9724200206242932,1630.9406676354145,0.989224353257672
1630.94761209367,0.9823505405640821,1630.94761209367,0.9963063769001735,1630.94761209367,0.9787221079153277,1630.942056527438,0.9825275249462642
1630.9490009852282,0.9751445979470844,1630.9490009852282,0.9963331840196705,1630.9490009852282,0.9715689221522,1630.9434454189966,0.9824437920025486
1630.950389876786,0.9956119539793198,1630.950389876786,0.9962970327471529,1630.950389876786,0.9919252355171913,1630.9448343105548,0.9906910997044218
1630.9517787688098,0.9932056725305791,1630.9517787688098,0.9963326539494888,1630.9517787688098,0.9895632436300787,1630.9462232021122,0.9724200206242932
1630.9531676603676,0.9885187408360183,1630.9531676603676,0.9963866903168432,1630.9531676603676,0.9849469164977736,1630.94761209367,0.9787221079153277
1630.954556551926,0.9711930858285462,1630.954556551926,0.9964520347461133,1630.954556551926,0.9677473265052116,1630.9490009852282,0.9715689221522
1630.955945443483,0.9812763832545409,1630.955945443483,0.9965280700872089,1630.955945443483,0.977869460426804,1630.950389876786,0.9919252355171913
1630.95733433504,0.9799845218536918,1630.95733433504,0.9964108968622141,1630.95733433504,0.976467256331325,1630.9517787688098,0.9895632436300787
1630.9587232265987,0.9826493322686681,1630.9587232265987,0.996432204481176,1630.9587232265987,0.9791434403844246,1630.9531676603676,0.9849469164977736
1630.9601121181574,1.00522330275259,1630.9601121181574,0.9963460900030833,1630.9601121181574,1.0015503072775287,1630.954556551926,0.9677473265052116
1630.9615010097148,0.9918035785531819,1630.9615010097148,0.9963641479482687,1630.9615010097148,0.9881975274771848,1630.955945443483,0.977869460426804
1630.9628899017378,0.9943962684574654,1630.9628899017378,0.9963780608034742,1630.9628899017378,0.9907946256358604,1630.95733433504,0.976467256331325
1630.964278793296,0.9786545037726909,1630.964278793296,0.9963289172340261,1630.964278793296,0.9750617820900482,1630.9587232265987,0.9791434403844246
1630.965667684855,0.968956847143078,1630.965667684855,0.9962683254503583,1630.965667684855,0.965341015536893,1630.9601121181574,1.0015503072775287
1630.9670565764125,0.999929984122412,1630.9670565764125,0.996236108792883,1630.9670565764125,0.996166356447441,1630.9615010097148,0.9881975274771848
1630.9684454679698,0.9926450595319407,1630.9684454679698,0.9962291054337352,1630.9684454679698,0.9889018996707222,1630.9628899017378,0.9907946256358604
1630.969834359528,1.005248093684725,1630.969834359528,0.9962392500945372,1630.969834359528,1.0014676070114334,1630.964278793296,0.9750617820900482
1630.9712232510851,1.0060097589367285,1630.9712232510851,0.9961590561917687,1630.9712232510851,1.0021457319821203,1630.965667684855,0.965341015536893
1630.9726121426422,0.9911606522620323,1630.9726121426422,0.9961785025908353,1630.9726121426422,0.987372934397347,1630.9670565764125,0.996166356447441
1630.974001034201,0.9902372197639697,1630.974001034201,0.9961821990632038,1630.974001034201,0.9864566911787044,1630.9684454679698,0.9889018996707222
1630.9753899257596,0.9961056713942771,1630.9753899257596,0.9962074529137701,1630.9753899257596,0.9923278937326536,1630.969834359528,1.0014676070114334
1630.976778817317,0.9912083110267635,1630.976778817317,0.9961734069939493,1630.976778817317,0.9874153602362492,1630.9712232510851,1.0021457319821203
1630.9781677088745,0.9793846971586038,1630.9781677088745,0.9961188338842655,1630.9781677088745,0.9755835424577228,1630.9726121426422,0.987372934397347
1630.9795566004325,0.9830536731546484,1630.9795566004325,0.9961630375547421,1630.9795566004325,0.9792817331290812,1630.974001034201,0.9864566911787044
1630.9809454919912,0.9962821495455018,1630.9809454919912,0.996159863384285,1630.9809454919912,0.9924562899834488,1630.9753899257596,0.9923278937326536
1630.982334383549,0.9989595438754846,1630.982334383549,0.9960815058244132,1630.982334383549,0.9950451267211616,1630.976778817317,0.9874153602362492
1630.983723275572,0.9914809427932447,1630.983723275572,0.9960582345986879,1630.983723275572,0.987572757516882,1630.9781677088745,0.9755835424577228
1630.9851121671302,1.0050353013470523,1630.9851121671302,0.9960140903273609,1630.9851121671302,1.0010293214180694,1630.9795566004325,0.9792817331290812
1630.986501058688,0.9888377116911844,1630.986501058688,0.9960067146004529,1630.986501058688,0.9848890004945664,1630.9809454919912,0.9924562899834488
1630.9878899502453,0.9986727657997951,1630.9878899502453,0.995981580615939,1630.9878899502453,0.9946596797993714,1630.982334383549,0.9950451267211616
1630.989278841803,1.0103683480933272,1630.989278841803,0.9959548550037728,1630.989278841803,1.006281261625691,1630.983723275572,0.987572757516882
1630.9906677333618,0.9912093301039658,1630.9906677333618,0.9959081905529331,1630.9906677333618,0.9871534904030256,1630.9851121671302,1.0010293214180694
1630.99205662492,0.9890478594354574,1630.99205662492,0.9958680021584225,1630.99205662492,0.9849611158150532,1630.986501058688,0.9848890004945664
1630.993445516477,0.9849654766448268,1630.993445516477,0.9958097615902705,1630.993445516477,0.980838236472332,1630.9878899502453,0.9946596797993714
1630.9948344080346,0.9888263310522669,1630.9948344080346,0.9957844182534227,1630.9948344080346,0.984657852820548,1630.989278841803,1.006281261625691
1630.996223299593,0.9830823410677582,1630.996223299593,0.9957411203581024,1630.996223299593,0.9788955116990756,1630.9906677333618,0.9871534904030256
1630.997612191152,0.9942797751385763,1630.997612191152,0.9956941980093468,1630.997612191152,0.9899986033035184,1630.99205662492,0.9849611158150532
1630.9990010827094,0.9996685070790079,1630.9990010827094,0.9956459099415866,1630.9990010827094,0.9953158603706262,1630.993445516477,0.980838236472332
1631.000389974267,0.9926739099317636,1631.000389974267,0.9956129896457622,1631.000389974267,0.9883190392105112,1630.9948344080346,0.984657852820548
1631.0017788658245,0.976204158086441,1631.0017788658245,0.9956064203102444,1631.0017788658245,0.9719151273244174,1630.996223299593,0.9788955116990756
1631.0031677573827,0.9797857873984979,1631.0031677573827,0.995547777920885,1631.0031677573827,0.9754235634830392,1630.997612191152,0.9899986033035184
1631.0045566489405,0.995858421551845,1631.0045566489405,0.9955629932156478,1631.0045566489405,0.9914397909791652,1630.9990010827094,0.9953158603706262
1631.0059455404985,0.9815869219327275,1631.0059455404985,0.9955561506001314,1631.0059455404985,0.9772248974787778,1631.000389974267,0.9883190392105112
1631.0073344320565,0.988484425713683,1631.0073344320565,0.9955536497437227,1631.0073344320565,0.9840892777340848,1631.0017788658245,0.9719151273244174
1631.0087233231486,0.9781306822000888,1631.0087233231486,0.9955007217262237,1631.0087233231486,0.973729800072752,1631.0031677573827,0.9754235634830392
1631.010112214706,0.9853359795794804,1631.010112214706,0.9955855402911163,1631.010112214706,0.9809862535979134,1631.0045566489405,0.9914397909791652
1631.0115011062633,0.9885560482325955,1631.0115011062633,0.9956065279073366,1631.0115011062633,0.984212854822652,1631.0059455404985,0.9772248974787778
1631.012889997822,1.0094746157027805,1631.012889997822,0.9956997401701542,1631.012889997822,1.0051336125636248,1631.0073344320565,0.9840892777340848
1631.0142788893802,0.9631972388204283,1631.0142788893802,0.9956435824407897,1631.0142788893802,0.959001149456248,1631.0087233231486,0.973729800072752
1631.0156677809375,0.9959614583581057,1631.0156677809375,0.9956764432101676,1631.0156677809375,0.99165536243241,1631.010112214706,0.9809862535979134
1631.0170566724953,0.9897516654954336,1631.0170566724953,0.9956569258728076,1631.0170566724953,0.9854531006446748,1631.0115011062633,0.984212854822652
1631.0184455640535,0.997189977609658,1631.0184455640535,0.9956199163441184,1631.0184455640535,0.992822202086921,1631.012889997822,1.0051336125636248
1631.019834455611,0.990325839682376,1631.019834455611,0.9956366713839446,1631.019834455611,0.9860047226068708,1631.0142788893802,0.959001149456248
1631.021223347169,0.9803193164575773,1631.021223347169,0.9957343057651303,1631.021223347169,0.9761375740010328,1631.0156677809375,0.99165536243241
1631.022612238727,0.987012239917045,1631.022612238727,0.9957718086534246,1631.022612238727,0.9828389633052638,1631.0170566724953,0.9854531006446748
1631.0240011302851,0.988377897590138,1631.0240011302851,0.9957520248071268,1631.0240011302851,0.984179292799991,1631.0184455640535,0.992822202086921
1631.0253900218424,0.9870919172774073,1631.0253900218424,0.9958161006588141,1631.0253900218424,0.9829620240550204,1631.019834455611,0.9860047226068708
1631.0267789133998,0.9938511185814562,1631.0267789133998,0.9957961703084426,1631.0267789133998,0.989673137740176,1631.021223347169,0.9761375740010328
1631.0281678044928,1.0088408846324353,1631.0281678044928,0.9957374832827216,1631.0281678044928,1.0045406834966155,1631.022612238727,0.9828389633052638
1631.0295566960517,1.0108840318235957,1631.0295566960517,0.995743805377922,1631.0295566960517,1.0065815126438036,1631.0240011302851,0.984179292799991
1631.0309455876088,0.9664436926499133,1631.0309455876088,0.9957261847008899,1631.0309455876088,0.9623132908105376,1631.0253900218424,0.9829620240550204
1631.032334479166,0.9754623110339876,1631.032334479166,0.9957669470584458,1631.032334479166,0.97133312742889,1631.0267789133998,0.989673137740176
1631.0337233707244,1.0022696030315792,1631.0337233707244,0.9957833871410859,1631.0337233707244,0.9980434201353376,1631.0281678044928,1.0045406834966155
1631.035112262283,0.9805530413605631,1631.035112262283,0.9958502091138997,1631.035112262283,0.976483951286187,1631.0295566960517,1.0065815126438036
1631.0365011538408,1.0028142258537462,1631.0365011538408,0.9958456044920115,1631.0365011538408,0.9986481389385125,1631.0309455876088,0.9623132908105376
1631.0378900453982,0.978974777449947,1631.0378900453982,0.9959154130479209,1631.0378900453982,0.9749760698475604,1631.032334479166,0.97133312742889
1631.039278936956,1.0021735404049008,1631.039278936956,0.9959967365164297,1631.039278936956,0.9981615756663976,1631.0337233707244,0.9980434201353376
1631.0406678280483,0.9786908780954662,1631.0406678280483,0.9959961781638934,1631.0406678280483,0.9747723741869492,1631.035112262283,0.976483951286187
1631.042056719606,0.9976079990716126,1631.042056719606,0.9960295569611163,1631.042056719606,0.993647053336164,1631.0365011538408,0.9986481389385125
1631.0462233942806,1.0163433409820595,1631.0462233942806,0.9961680426044924,1631.0462233942806,1.0124487566002085,1631.0378900453982,0.9749760698475604
1631.047612285838,1.0149203116867096,1631.047612285838,0.9961843759092895,1631.047612285838,1.0110477572952865,1631.039278936956,0.9981615756663976
1631.0490011773952,1.0145582355157516,1631.0490011773952,0.9960881348827261,1631.0490011773952,1.0105894205447945,1631.0406678280483,0.9747723741869492
1631.0503900684882,1.0079789348313488,1631.0503900684882,0.9961353663092287,1631.0503900684882,1.0040834654802118,1631.042056719606,0.993647053336164
1631.051778960047,1.0113681475928078,1631.051778960047,0.9961818770708658,1631.051778960047,1.0075066196786877,1631.0434456111636,1.0544120419848857
1631.0531678516045,1.0077280288214605,1631.0531678516045,0.9962938904016998,1631.0531678516045,1.0039932783013692,1631.0448345027223,1.0362987904677314
1631.0545567431614,1.0036503668544747,1631.0545567431614,0.9964116978950904,1631.0545567431614,1.0000489661304977,1631.0462233942806,1.0124487566002085
1631.0559456347194,1.011708801607567,1631.0559456347194,0.9964120184928931,1631.0559456347194,1.0080788091368218,1631.047612285838,1.0110477572952865
1631.057334525811,1.018298153245257,1631.057334525811,0.9963681273995212,1631.057334525811,1.0145998240833674,1631.0490011773952,1.0105894205447945
1631.0587234173688,1.0125369142235783,1631.0587234173688,0.9963886144341594,1631.0587234173688,1.0088802530266705,1631.0503900684882,1.0040834654802118
1631.0601123089275,0.9974976734727212,1631.0601123089275,0.9964292501892895,1631.0601123089275,0.9939358588439844,1631.051778960047,1.0075066196786877
1631.0615012004855,0.9827003416541109,1631.0615012004855,0.9964613983067643,1631.0615012004855,0.9792229565611904,1631.0531678516045,1.0039932783013692
1631.062890092043,0.998434071117196,1631.062890092043,0.9965567836980795,1631.062890092043,0.9949962466471324,1631.0545567431614,1.0000489661304977
1631.0642789831347,1.0084616903012844,1631.0642789831347,0.9965835363532682,1631.0642789831347,1.0050163175972484,1631.0559456347194,1.0080788091368218
1631.0656678746934,0.9937003589975806,1631.0656678746934,0.996577710637878,1631.0656678746934,0.9902996288298463,1631.057334525811,1.0145998240833674
1631.067056766252,1.0065677739493728,1631.067056766252,0.9966471141361994,1631.067056766252,1.0031928670891408,1631.0587234173688,1.0088802530266705
1631.0684456578094,0.9930656625793142,1631.0684456578094,0.9966469592100747,1631.0684456578094,0.9897358729056116,1631.0601123089275,0.9939358588439844
1631.0698345493668,1.0067584327388828,1631.0698345493668,0.996628729397315,1631.0698345493668,1.003364377630585,1631.0615012004855,0.9792229565611904
1631.0712234404589,1.0064858129113197,1631.0712234404589,0.9965976270485827,1631.0712234404589,1.003061372805485,1631.062890092043,0.9949962466471324
1631.072612332017,0.9830200419463243,1631.072612332017,0.9966343954175869,1631.072612332017,0.9797115851885458,1631.0642789831347,1.0050163175972484
1631.074001223575,1.0056211420868806,1631.074001223575,0.996709177062492,1631.074001223575,1.002311820966058,1631.0656678746934,0.9902996288298463
1631.075390115133,1.0091200081803235,1631.075390115133,0.9967105418979012,1631.075390115133,1.0058005501934248,1631.067056766252,1.0031928670891408
1631.0767790062253,1.0098226728731343,1631.0767790062253,0.9966944099173292,1631.0767790062253,1.0064846130604288,1631.0684456578094,0.9897358729056116
1631.078167897783,0.9863712415704772,1631.078167897783,0.9966946990835494,1631.078167897783,0.9831109878017538,1631.0698345493668,1.003364377630585
1631.0795567893404,1.0091330313916125,1631.0795567893404,0.9967484191900966,1631.0795567893404,1.0058517537921,1631.0712234404589,1.003061372805485
1631.0809456808986,0.9832988703172648,1631.0809456808986,0.9967623330690812,1631.0809456808986,0.9801152760816289,1631.072612332017,0.9797115851885458
1631.0823345719916,1.0078783473153776,1631.0823345719916,0.9967556229510518,1631.0823345719916,1.0046084099372157,1631.074001223575,1.002311820966058
1631.0837234635494,0.9915303818311867,1631.0837234635494,0.9968669383216737,1631.0837234635494,0.9884238559889752,1631.075390115133,1.0058005501934248
1631.0851123551067,0.9894262263469273,1631.0851123551067,0.9968219076019326,1631.0851123551067,0.9862817383785256,1631.0767790062253,1.0064846130604288
1631.086501246664,1.014367491607234,1631.086501246664,0.9969434524901322,1631.086501246664,1.011267029176671,1631.078167897783,0.9831109878017538
1631.0878901377564,0.9834315724575733,1631.0878901377564,0.9969581684260905,1631.0878901377564,0.9804401392496924,1631.0795567893404,1.0058517537921
1631.0892790293149,1.0066972354795247,1631.0892790293149,0.9970055197667891,1631.0892790293149,1.0036827005070532,1631.0809456808986,0.9801152760816289
1631.090667920873,0.9960887770722311,1631.090667920873,0.9970940814320867,1631.090667920873,0.9931942241996468,1631.0823345719916,1.0046084099372157
1631.0920568119648,0.979023125804045,1631.0920568119648,0.9971950199623613,1631.0920568119648,0.976276985479778,1631.0837234635494,0.9884238559889752
1631.0934457035223,0.9991727896489672,1631.0934457035223,0.9972345608346285,1631.0934457035223,0.9964096380834984,1631.0851123551067,0.9862817383785256
1631.09483459508,1.0096245301161124,1631.09483459508,0.9972995746003774,1631.09483459508,1.0068981143909048,1631.086501246664,1.011267029176671
1631.096223486638,1.0007189135328396,1631.096223486638,0.9974269564098699,1631.096223486638,0.998144020146852,1631.0878901377564,0.9804401392496924
1631.0976123777311,1.0177496684995075,1631.0976123777311,0.9974311098225959,1631.0976123777311,1.015135181373043,1631.0892790293149,1.0036827005070532
1631.099001269289,1.0088121577643265,1631.099001269289,0.9974831930532159,1631.099001269289,1.006273172317665,1631.090667920873,0.9931942241996468
1631.1003901608462,1.0040386312464982,1631.1003901608462,0.9974621163616811,1631.1003901608462,1.0014904980320176,1631.0920568119648,0.976276985479778
1631.101779051938,1.003170042984988,1631.101779051938,0.9975524149346193,1631.101779051938,1.0007146989697406,1631.0934457035223,0.9964096380834984
1631.103167943496,1.0197311670176057,1631.103167943496,0.9976463573743588,1631.103167943496,1.0173310842762182,1631.09483459508,1.0068981143909048
1631.1045568350546,0.9887663032382485,1631.1045568350546,0.9975992201825978,1631.1045568350546,0.9863924930533068,1631.096223486638,0.998144020146852
1631.105945726147,0.981930762192839,1631.105945726147,0.9976298227180234,1631.105945726147,0.9796034122078155,1631.0976123777311,1.015135181373043
1631.1073346177045,1.0000291717383072,1631.1073346177045,0.9977061470995049,1631.1073346177045,0.9977352519221356,1631.099001269289,1.006273172317665
1631.108723509262,1.0014471826639662,1631.108723509262,0.9977518730894889,1631.108723509262,0.9991958023031636,1631.1003901608462,1.0014904980320176
1631.1101124003546,0.9847266175559495,1631.1101124003546,0.9977745766744478,1631.1101124003546,0.9825351839719484,1631.101779051938,1.0007146989697406
1631.1115012919124,1.0054508966651785,1631.1115012919124,0.9978678754047919,1631.1115012919124,1.0033071500791246,1631.103167943496,1.0173310842762182
1631.1128901834709,1.0178590210807243,1631.1128901834709,0.9978303011783295,1631.1128901834709,1.015650573562059,1631.1045568350546,0.9863924930533068
1631.1142790745628,1.0010372938238439,1631.1142790745628,0.99786554884584,1631.1142790745628,0.9989006286166844,1631.105945726147,0.9796034122078155
1631.115667966121,0.9889236692894912,1631.115667966121,0.9978957639923683,1631.115667966121,0.986842740495773,1631.1073346177045,0.9977352519221356
1631.1170568576783,1.0154101181678354,1631.1170568576783,0.9978096379350748,1631.1170568576783,1.0131860023646595,1631.108723509262,0.9991958023031636
1631.11844574877,1.012823867172716,1631.11844574877,0.99785425625387,1631.11844574877,1.010650606693799,1631.1101124003546,0.9825351839719484
1631.1198346403287,0.9995172187381746,1631.1198346403287,0.99782568470364,1631.1198346403287,0.997343953160497,1631.1115012919124,1.0033071500791246
1631.1212235314215,1.013954660575435,1631.1212235314215,0.997867331887278,1631.1212235314215,1.01179223180308,1631.1128901834709,1.015650573562059
1631.1226124229786,1.0150805237671714,1631.1226124229786,0.9979455869751123,1631.1226124229786,1.0129951291178343,1631.1142790745628,0.9989006286166844
1631.124001314536,1.005999570576021,1631.124001314536,0.9980520372710718,1631.124001314536,1.004039920907221,1631.115667966121,0.986842740495773
1631.1253902056285,1.001675759287433,1631.1253902056285,0.9981404422344824,1631.1253902056285,0.9998130853507192,1631.1170568576783,1.0131860023646595
1631.1267790971872,0.9991561709104206,1631.1267790971872,0.9981883188560666,1631.1267790971872,0.9973460185157376,1631.11844574877,1.010650606693799
1631.1281679882793,0.999578096196981,1631.1281679882793,0.9982858614519979,1631.1281679882793,0.9978646808505512,1631.1198346403287,0.997343953160497
1631.1295568798366,1.0046047598143968,1631.1295568798366,0.9983263711312638,1631.1295568798366,1.0029234242867016,1631.1212235314215,1.01179223180308
1631.1309457713949,0.9952568977285641,1631.1309457713949,0.9984437019061758,1631.1309457713949,0.9937079813157638,1631.1226124229786,1.0129951291178343
1631.1323346624863,1.0017493923733278,1631.1323346624863,0.9984233273707587,1631.1323346624863,1.0001699615250137,1631.124001314536,1.004039920907221
1631.133723554044,0.9865010532244878,1631.133723554044,0.998476675711404,1631.133723554044,0.9849982922093854,1631.1253902056285,0.9998130853507192
1631.1351124451369,0.9962611252910362,1631.1351124451369,0.998530146865725,1631.1351124451369,0.9947967677534708,1631.1267790971872,0.9973460185157376
1631.1365013366956,0.9817212058620339,1631.1365013366956,0.9985729723831944,1631.1365013366956,0.9803202625892652,1631.1281679882793,0.9978646808505512
1631.137890228253,0.9913854567474651,1631.137890228253,0.99859675542152,1631.137890228253,0.9899943004801004,1631.1295568798366,1.0029234242867016
1631.139279119344,1.000541096883263,1631.139279119344,0.9987094471961313,1631.139279119344,0.9992498457652946,1631.1309457713949,0.9937079813157638
1631.1406680109023,1.006750783093774,1631.1406680109023,0.9987276415079358,1631.1406680109023,1.0054698351855125,1631.1323346624863,1.0001699615250137
1631.1420569019954,0.9960952252098882,1631.1420569019954,0.9988091964149755,1631.1420569019954,0.9949090714446824,1631.133723554044,0.9849982922093854
1631.1434457935532,1.0177874274729237,1631.1434457935532,0.9987750174300151,1631.1434457935532,1.0165406556143195,1631.1351124451369,0.9947967677534708
1631.1448346846448,0.983754617630135,1631.1448346846448,0.9988665393360484,1631.1448346846448,0.9826395704680706,1631.1365013366956,0.9803202625892652
1631.146223576203,1.0135112188117732,1631.146223576203,0.9989745421636339,1631.146223576203,1.0124719057901976,1631.137890228253,0.9899943004801004
1631.1476124672952,0.9895319580705337,1631.1476124672952,0.9990366288959123,1631.1476124672952,0.9885786715755572,1631.139279119344,0.9992498457652946
1631.1490013588525,1.0002778102305936,1631.1490013588525,0.9991578932828177,1631.1490013588525,0.99943546956755,1631.1406680109023,1.0054698351855125
1631.150390249945,1.0128142641561775,1631.150390249945,0.9992402786515865,1631.150390249945,1.0120448075377204,1631.1420569019954,0.9949090714446824
1631.1517791415038,1.0086586636580708,1631.1517791415038,0.9993621586587417,1631.1517791415038,1.0080152994631713,1631.1434457935532,1.0165406556143195
1631.153168032596,0.9901329996768834,1631.153168032596,0.9993988395885866,1631.153168032596,0.9895377709154436,1631.1448346846448,0.9826395704680706
1631.1545569241532,1.0058468652352202,1631.1545569241532,0.9994937472067464,1631.1545569241532,1.0053376524501094,1631.146223576203,1.0124719057901976
1631.1559458157103,1.0055853763138431,1631.1559458157103,0.9994310212111941,1631.1559458157103,1.0050132195643873,1631.1476124672952,0.9885786715755572
1631.1573347068036,0.9886281563642719,1631.1573347068036,0.9994165259980516,1631.1573347068036,0.9880513175374392,1631.1490013588525,0.99943546956755
1631.1587235983625,0.9928666685928852,1631.1587235983625,0.999536228288663,1631.1587235983625,0.9924062051188624,1631.150390249945,1.0120448075377204
1631.160112489454,0.9886802057878968,1631.160112489454,0.9995663704982262,1631.160112489454,0.9882514848828474,1631.1517791415038,1.0080152994631713
1631.1615013810112,0.9827905203085576,1631.1615013810112,0.9996628740394562,1631.1615013810112,0.9824591961103852,1631.153168032596,0.9895377709154436
1631.1628902721034,0.9961511262075635,1631.1628902721034,0.9996837282241575,1631.1628902721034,0.9958360717218704,1631.1545569241532,1.0053376524501094
1631.1642791636616,1.0066636175990762,1631.1642791636616,0.9997306240023762,1631.1642791636616,1.0063924465828138,1631.1559458157103,1.0050132195643873
1631.1656680547535,0.9809712436669378,1631.1656680547535,0.9997815118857042,1631.1656680547535,0.9807569131097306,1631.1573347068036,0.9880513175374392
1631.1670569458463,1.000336000762553,1631.1670569458463,0.9998729009915235,1631.1670569458463,1.0002088590487128,1631.1587235983625,0.9924062051188624
1631.168445837404,1.0009886747133887,1631.168445837404,0.9999307350186507,1631.168445837404,1.0009193412515038,1631.160112489454,0.9882514848828474
1631.1698347284955,0.9949360681125077,1631.1698347284955,0.9999598052620371,1631.1698347284955,0.99489607691796,1631.1615013810112,0.9824591961103852
1631.171223620053,0.9965970823631674,1631.171223620053,1.0000568915182226,1631.171223620053,0.9966537802842392,1631.1628902721034,0.9958360717218704
1631.1726125111452,1.0075634445615327,1631.1726125111452,1.0000786356373506,1631.1726125111452,1.0076426749551668,1631.1642791636616,1.0063924465828138
1631.174001402704,1.0199427010628819,1631.174001402704,1.0001263320460723,1631.174001402704,1.0200715525111836,1631.1656680547535,0.9807569131097306
1631.1753902937965,0.9833092560197269,1631.1753902937965,1.0001475599765792,1631.1753902937965,0.9834543531105152,1631.1670569458463,1.0002088590487128
1631.1767791853538,0.9885274981988778,1631.1767791853538,1.0002506013751444,1631.1767791853538,0.9887752245492945,1631.168445837404,1.0009193412515038
1631.178168076446,0.9911923662981241,1631.178168076446,1.0002879114017535,1631.178168076446,0.9914777418817124,1631.1698347284955,0.99489607691796
1631.179556968004,1.0120608864421565,1631.179556968004,1.0003562930475942,1631.179556968004,1.012421476699738,1631.171223620053,0.9966537802842392
1631.1809458590965,0.9983356385707455,1631.1809458590965,1.0004166336717506,1631.1809458590965,0.9987515788134826,1631.1726125111452,1.0076426749551668
1631.1823347506545,1.0009040345292808,1631.1823347506545,1.0004859405230209,1631.1823347506545,1.0013904143593135,1631.174001402704,1.0200715525111836
1631.1837236417466,1.0152541807030062,1631.1837236417466,1.0005536067433467,1631.1837236417466,1.0158162322636544,1631.1753902937965,0.9834543531105152
1631.1851125328392,1.0002719403811333,1631.1851125328392,1.0005647191472717,1631.1851125328392,1.0008368130983452,1631.1767791853538,0.9887752245492945
1631.1865014243965,0.9982234701203423,1631.1865014243965,1.0006979332138686,1631.1865014243965,0.9989201634350025,1631.178168076446,0.9914777418817124
1631.1878903154875,1.0047036276797825,1631.1878903154875,1.0007875456166613,1631.1878903154875,1.0054948776178054,1631.179556968004,1.012421476699738
1631.1892792070464,1.013979260593262,1631.1892792070464,1.0008790092403355,1631.1892792070464,1.014870557732832,1631.1809458590965,0.9987515788134826
1631.1906680981394,1.019222577255545,1631.1906680981394,1.000962315579595,1631.1906680981394,1.0202033910207131,1631.1823347506545,1.0013904143593135
1631.192056989231,1.0028015354753779,1631.192056989231,1.0010499921522613,1631.192056989231,1.0038544692179026,1631.1837236417466,1.0158162322636544
1631.1934458807884,1.0054401467358924,1631.1934458807884,1.0010848628911981,1631.1934458807884,1.006530911440407,1631.1851125328392,1.0008368130983452
1631.194834771881,1.0015546971074203,1631.194834771881,1.0011147625523986,1631.194834771881,1.0026711927779346,1631.1865014243965,0.9989201634350025
1631.1962236634397,1.020673315018215,1631.1962236634397,1.0012205509773664,1631.1962236634397,1.0219190988304323,1631.1878903154875,1.0054948776178054
1631.1976125545318,0.9973368830566341,1631.1976125545318,1.001333999069848,1631.1976125545318,0.9986673295309568,1631.1892792070464,1.014870557732832
1631.1990014456237,0.9990568186065095,1631.1990014456237,1.0014075788519257,1631.1990014456237,1.0004630698562522,1631.1906680981394,1.0202033910207131
1631.2003903371815,1.0142163431962128,1631.2003903371815,1.0015080558369844,1631.2003903371815,1.0157458380725348,1631.192056989231,1.0038544692179026
1631.2017792282738,1.0097943998927208,1631.2017792282738,1.0016196704782003,1631.2017792282738,1.0114299340712791,1631.1934458807884,1.006530911440407
1631.2031681198312,1.0083453218356515,1631.2031681198312,1.0016664358414922,1631.2031681198312,1.0100256646205594,1631.194834771881,1.0026711927779346
1631.2045570109233,1.020532487460099,1631.2045570109233,1.0017516684033707,1631.2045570109233,1.022320121972996,1631.1962236634397,1.0219190988304323
1631.2059459020163,0.9755422484338134,1631.2059459020163,1.001748123113427,1631.2059459020163,0.9772476163864252,1631.1976125545318,0.9986673295309568
1631.2073347935736,1.006885598782638,1631.2073347935736,1.0017967448342027,1631.2073347935736,1.0086947152808836,1631.1990014456237,1.0004630698562522
1631.2087236846653,0.9879750726226385,1631.2087236846653,1.0018366714160933,1631.2087236846653,0.9897896581983372,1631.2003903371815,1.0157458380725348
1631.210112575758,0.9957797293209079,1631.210112575758,1.0018867227119908,1631.210112575758,0.9976584895523576,1631.2017792282738,1.0114299340712791
1631.2115014673166,1.0035305846280453,1631.2115014673166,1.0020069479289657,1631.2115014673166,1.0055446182565184,1631.2031681198312,1.0100256646205594
1631.212890358409,0.9912993819021629,1631.212890358409,1.0020987263159058,1631.212890358409,0.9933798480019022,1631.2045570109233,1.022320121972996
1631.2142792495004,0.9934996551130427,1631.2142792495004,1.0021281384981926,1631.2142792495004,0.9956139599770298,1631.2059459020163,0.9772476163864252
1631.2156681410586,0.9871517470099795,1631.2156681410586,1.002209250291555,1631.2156681410586,0.9893326122948704,1631.2073347935736,1.0086947152808836
1631.2170570321507,1.0066863296923727,1631.2170570321507,1.0022687686649145,1631.2170570321507,1.0089702680925765,1631.2087236846653,0.9897896581983372
1631.2184459232424,1.00085629736156,1631.2184459232424,1.0022870221295617,1631.2184459232424,1.003145277862137,1631.210112575758,0.9976584895523576
1631.2198348148006,0.9894070725716901,1631.2198348148006,1.0022421795110403,1631.2198348148006,0.9916255008378888,1631.2115014673166,1.0055446182565184
1631.2212237058934,0.9939221785085977,1631.2212237058934,1.0022965169437685,1631.2212237058934,0.99620473763233,1631.212890358409,0.9933798480019022
1631.2226125969858,1.0159358336433082,1631.2226125969858,1.0023692603919696,1631.2226125969858,1.018342850174742,1631.2142792495004,0.9956139599770298
1631.224001488543,1.0190494966728227,1631.224001488543,1.0024236151567385,1631.224001488543,1.0215192804784257,1631.2156681410586,0.9893326122948704
1631.2253903796347,0.9975467031913063,1631.2253903796347,1.0024184391918418,1631.2253903796347,0.9999592092339968,1631.2170570321507,1.0089702680925765
1631.2267792707278,0.9927393147523792,1631.2267792707278,1.0024574727129576,1631.2267792707278,0.9951789445294634,1631.2184459232424,1.003145277862137
1631.2281681618208,1.0011054549960572,1631.2281681618208,1.0025505023472296,1631.2281681618208,1.003658776808849,1631.2198348148006,0.9916255008378888
1631.229557053378,1.0044784704435241,1631.229557053378,1.0026347750920743,1631.229557053378,1.0071250452979736,1631.2212237058934,0.99620473763233
1631.2309459444698,0.9885479562937732,1631.2309459444698,1.0027223272113808,1631.2309459444698,0.9912391072949466,1631.2226125969858,1.018342850174742
1631.232334835562,0.994390908813472,1631.232334835562,1.0027637319769993,1631.232334835562,0.9971391387657972,1631.224001488543,1.0215192804784257
1631.2337237271202,0.9951021554281145,1631.2337237271202,1.0028426255848972,1631.2337237271202,0.9979308582747208,1631.2253903796347,0.9999592092339968
1631.2351126182125,1.0059315514005918,1631.2351126182125,1.0027794648560775,1631.2351126182125,1.0087275027953293,1631.2267792707278,0.9951789445294634
1631.2490015300657,0.9910190289871513,1631.2490015300657,1.0033267325093507,1631.2490015300657,0.994315884208268,1631.2281681618208,1.003658776808849
1631.2503904216237,0.9926705704139438,1631.2503904216237,1.0033778622121898,1631.2503904216237,0.996023674822898,1631.229557053378,1.0071250452979736
1631.2531682038082,0.9969145083403793,1631.2531682038082,1.0035016218506176,1631.2531682038082,1.0004053259659818,1631.2309459444698,0.9912391072949466
1631.2545570949003,1.0018434317837444,1631.2545570949003,1.0035602891754367,1631.2545570949003,1.0054102841094064,1631.232334835562,0.9971391387657972
1631.255945985992,1.006918516456706,1631.255945985992,1.0035414993317477,1631.255945985992,1.0104845177098618,1631.2337237271202,0.9979308582747208
1631.2587237686432,1.0124290498019701,1631.2587237686432,1.0037130548309985,1631.2587237686432,1.0161882543763805,1631.2351126182125,1.0087275027953293
1631.2601126597351,1.0122311708854197,1631.2601126597351,1.0037553884849264,1631.2601126597351,1.0160324921686463,1631.2490015300657,0.994315884208268
1631.261501550827,1.0030416586399233,1631.261501550827,1.0038070112761621,1631.261501550827,1.0068602495448258,1631.2503904216237,0.996023674822898
1631.264279333477,1.0076198572904629,1631.264279333477,1.0037741754158838,1631.264279333477,1.011422791384405,1631.2531682038082,1.0004053259659818
1631.267057115662,1.0254017774367055,1631.267057115662,1.003817254037767,1631.267057115662,1.0293159965119592,1631.2545570949003,1.0054102841094064
1631.2684460067535,1.009960156508617,1631.2684460067535,1.0038632547367417,1631.2684460067535,1.0138618898671692,1631.255945985992,1.0104845177098618
1631.269834897846,1.0078029005697398,1631.269834897846,1.0039559675741199,1631.269834897846,1.0117897361654975,1631.2587237686432,1.0161882543763805
1631.2712237889384,0.993810983005653,1631.2712237889384,1.0039332940890755,1631.2712237889384,0.9977199338707674,1631.2601126597351,1.0160324921686463
1631.2726126804962,0.9999867532046351,1631.2726126804962,1.0039844613657096,1631.2726126804962,1.0039711617890004,1631.261501550827,1.0068602495448258
1631.2740015715888,1.0007283077026807,1631.2740015715888,1.004053393763839,1631.2740015715888,1.0047846535844198,1631.264279333477,1.011422791384405
1631.275390462681,0.9923592306064234,1631.275390462681,1.0040529767028599,1631.275390462681,0.9963812394489392,1631.267057115662,1.0293159965119592
1631.2767793537737,0.9828177058470964,1631.2767793537737,1.0040519728294242,1631.2767793537737,0.9868000564874658,1631.2684460067535,1.0138618898671692
1631.2781682448651,0.9967332109286401,1631.2781682448651,1.004085883504205,1631.2781682448651,1.0008057467132667,1631.269834897846,1.0117897361654975
1631.2795571359568,0.9969028725643453,1631.2795571359568,1.0040682241890129,1631.2795571359568,1.000958496944608,1631.2712237889384,0.9977199338707674
1631.2809460275157,1.0201317814373685,1631.2809460275157,1.0040767041742749,1631.2809460275157,1.0242905569290646,1631.2726126804962,1.0039711617890004
1631.2823349186076,0.9917659553394964,1631.2823349186076,1.0040957516765712,1631.2823349186076,0.9958279824138444,1631.2740015715888,1.0047846535844198
1631.2837238096993,0.9958655556548098,1631.2837238096993,1.0040702071971237,1631.2837238096993,0.9999189348068036,1631.275390462681,0.9963812394489392
1631.2851127007918,0.9963944737548911,1631.2851127007918,1.0041227023625026,1631.2851127007918,1.000502311605825,1631.2767793537737,0.9868000564874658
1631.286501591884,1.0075084317218053,1631.286501591884,1.0041435687761524,1631.286501591884,1.011683112201198,1631.2781682448651,1.0008057467132667
1631.287890482976,1.0198634483073847,1631.287890482976,1.004151871644756,1631.287890482976,1.024097790439935,1631.2795571359568,1.000958496944608
1631.2892793740689,0.9976874048647943,1631.2892793740689,1.0041370072192466,1631.2892793740689,1.0018148448612714,1631.2809460275157,1.0242905569290646
1631.2906682651608,1.0143137291167401,1631.2906682651608,1.0041093679314617,1631.2906682651608,1.0184819174276138,1631.2823349186076,0.9958279824138444
1631.2920571562531,0.9936815311284208,1631.2920571562531,1.004107729765054,1631.2920571562531,0.9977633063308216,1631.2837238096993,0.9999189348068036
1631.293446047811,1.0008881474458886,1631.293446047811,1.0040616555240078,1631.293446047811,1.0049534103188762,1631.2851127007918,1.000502311605825
1631.2948349389023,1.0092673030127095,1631.2948349389023,1.0040714965803765,1631.2948349389023,1.0133765313856116,1631.286501591884,1.011683112201198
1631.2962238299954,0.9900381505931514,1631.2962238299954,1.0040441895399608,1631.2962238299954,0.9940420525259424,1631.287890482976,1.024097790439935
1631.2976127210884,0.979904472488845,1631.2976127210884,1.003958684523368,1631.2976127210884,0.9837836051584656,1631.2892793740689,1.0018148448612714
1631.29900161218,1.001502439360679,1631.29900161218,1.0039670292743499,1631.29900161218,1.0054754288559558,1631.2906682651608,1.0184819174276138
1631.3003905032715,1.0052438880800623,1631.3003905032715,1.0040142723390622,1631.3003905032715,1.0092792108139934,1631.2920571562531,0.9977633063308216
1631.3017793943638,1.0105451294786065,1631.3017793943638,1.0039893907166555,1631.3017793943638,1.0145765888369098,1631.293446047811,1.0049534103188762
1631.3031682854569,1.0136703482043419,1631.3031682854569,1.0039931443365857,1631.3031682854569,1.017718080214439,1631.2948349389023,1.0133765313856116
1631.3045571765492,1.001276352580177,1631.3045571765492,1.0039804037227444,1631.3045571765492,1.0052618367014832,1631.2962238299954,0.9940420525259424
1631.305946067641,0.9912782873817501,1631.305946067641,1.0040042541635303,1631.305946067641,0.9952476175912156,1631.2976127210884,0.9837836051584656
1631.3073349587332,1.0111202944835356,1631.3073349587332,1.0039097924151348,1631.3073349587332,1.0150735649416962,1631.29900161218,1.0054754288559558
1631.3087238498254,1.023990897757626,1631.3087238498254,1.0038967053572945,1631.3087238498254,1.027981088574739,1631.3003905032715,1.0092792108139934
1631.310112740917,1.020015003165868,1631.310112740917,1.0039517999354273,1631.310112740917,1.0240458983895135,1631.3017793943638,1.0145765888369098
1631.3115016320096,1.0015077886972463,1631.3115016320096,1.0039476607161584,1631.3115016320096,1.005461401651613,1631.3031682854569,1.017718080214439
1631.3128905231026,1.0059551521543353,1631.3128905231026,1.0039349476758204,1631.3128905231026,1.0099135330422846,1631.3045571765492,1.0052618367014832
1631.3142794141947,0.9949090796744254,1631.3142794141947,1.0038762600746012,1631.3142794141947,0.9987656060178256,1631.305946067641,0.9952476175912156
1631.3156683052864,0.9993491495902569,1631.3156683052864,1.0038970271969652,1631.3156683052864,1.003243640405474,1631.3073349587332,1.0150735649416962
1631.317057196378,1.010978282820663,1631.317057196378,1.0038447308682892,1631.317057196378,1.0148652222317935,1631.3087238498254,1.027981088574739
1631.321223869655,1.0244248406906076,1631.321223869655,1.003852419241893,1631.321223869655,1.0283713546587572,1631.310112740917,1.0240458983895135
1631.3226127612131,0.9999596926609051,1631.3226127612131,1.0038952777911536,1631.3226127612131,1.003854813443776,1631.3115016320096,1.005461401651613
1631.3240016523052,1.013982678497045,1631.3240016523052,1.0038834198630968,1631.3240016523052,1.0179203989715564,1631.3128905231026,1.0099135330422846
1631.3253905429312,1.0011975479994024,1631.3253905429312,1.0038871764590929,1631.3253905429312,1.005089379538887,1631.3142794141947,0.9987656060178256
1631.3267794340238,1.0118258401104587,1631.3267794340238,1.003851899223032,1631.3267794340238,1.015723291277824,1631.3156683052864,1.003243640405474
1631.3281683251168,1.007094422173016,1631.3281683251168,1.0039016454476228,1631.3281683251168,1.0110237475406136,1631.317057196378,1.0148652222317935
1631.329557216209,0.9916663481323226,1631.329557216209,1.0038400297239056,1631.329557216209,0.9954743763853476,1631.321223869655,1.0283713546587572
1631.3309461073006,1.0052004014234723,1631.3309461073006,1.0038764686538946,1631.3309461073006,1.0090970292704726,1631.3226127612131,1.003854813443776
1631.3323349983923,1.0185112255950963,1631.3323349983923,1.0038725770551302,1631.3323349983923,1.0224554887977284,1631.3240016523052,1.0179203989715564
1631.3337238894849,0.987873145198446,1631.3337238894849,1.0038837891252383,1631.3337238894849,0.9917098361768828,1631.3253905429312,1.005089379538887
1631.335112780578,1.0133680990330094,1631.335112780578,1.0039374567193797,1631.335112780578,1.017358192063752,1631.3267794340238,1.015723291277824
1631.33650167167,1.0040149979057593,1631.33650167167,1.0038852211253046,1631.33650167167,1.0079158181857455,1631.3281683251168,1.0110237475406136
1631.3378905627617,0.9938358736049016,1631.3378905627617,1.0039031283672932,1631.3378905627617,0.9977149425956024,1631.329557216209,0.9954743763853476
1631.3392794538538,1.0099716590082852,1631.3392794538538,1.0038954476945903,1631.3392794538538,1.0139059507789705,1631.3309461073006,1.0090970292704726
1631.3406683449464,1.009773975724735,1631.3406683449464,1.0038927276060816,1631.3406683449464,1.0137047507559416,1631.3323349983923,1.0224554887977284
1631.3420572360385,0.9996256191058012,1631.3420572360385,1.003891847055217,1631.3420572360385,1.0035160091278374,1631.3337238894849,0.9917098361768828
1631.343446127131,1.0170055900324702,1631.343446127131,1.003874071106399,1631.343446127131,1.0209455420038611,1631.335112780578,1.017358192063752
1631.3448350182232,1.0093278508105328,1631.3448350182232,1.003804335254677,1631.3448350182232,1.0131676723368988,1631.33650167167,1.0079158181857455
1631.3462239093158,0.9987819826281945,1631.3462239093158,1.0038694832104957,1631.3462239093158,1.00264675274092,1631.3378905627617,0.9977149425956024
1631.3476128004074,1.0156590310347222,1631.3476128004074,1.003769345865339,1631.3476128004074,1.0194874012039472,1631.3392794538538,1.0139059507789705
1631.349001691499,1.0012231841638797,1631.349001691499,1.0037070175362168,1631.349001691499,1.004934736065242,1631.3406683449464,1.0137047507559416
1631.350390582592,0.9984378089757943,1631.350390582592,1.0036813166941192,1631.350390582592,1.0021133747500166,1631.3420572360385,1.0035160091278374
1631.3517794736852,1.009946254571982,1631.3517794736852,1.00364266309625,1631.3517794736852,1.0136251485227072,1631.343446127131,1.0209455420038611
1631.3531683647766,0.9927546592425852,1631.3531683647766,1.0035913283989024,1631.3531683647766,0.9963199672434658,1631.3448350182232,1.0131676723368988
1631.3545572554024,1.0046863886056194,1631.3545572554024,1.003609835203982,1631.3545572554024,1.0083131409001695,1631.3462239093158,1.00264675274092
1631.355946146495,1.0078295996728563,1631.355946146495,1.0036013961078776,1631.355946146495,1.011459193270522,1631.3476128004074,1.0194874012039472
1631.357335037587,1.0285943317636645,1631.357335037587,1.0036487561586642,1631.357335037587,1.0323474216664543,1631.349001691499,1.004934736065242
1631.3587239286796,0.9960580398812228,1631.3587239286796,1.0036360772715982,1631.3587239286796,0.9996797838812276,1631.350390582592,1.0021133747500166
1631.3601128197718,1.0110916574978415,1631.3601128197718,1.0036355661874008,1631.3601128197718,1.0147675481402036,1631.3517794736852,1.0136251485227072
1631.3615017108643,0.9920695617872488,1631.3615017108643,1.0036363151537386,1631.3615017108643,0.9956770393683386,1631.3531683647766,0.9963199672434658
1631.362890601956,1.0350292902025275,1631.362890601956,1.0035322848159052,1631.362890601956,1.038685308448327,1631.3545572554024,1.0083131409001695
1631.3642794930477,1.0074697427399721,1631.3642794930477,1.0034992097996804,1631.3642794930477,1.0109950907366494,1631.355946146495,1.011459193270522
1631.3656683841407,0.9831071956644931,1631.3656683841407,1.0035155937727047,1631.3656683841407,0.9865634011994724,1631.357335037587,1.0323474216664543
1631.367057274768,1.012079842493792,1631.367057274768,1.0034415521752638,1631.367057274768,1.015562968077267,1631.3587239286796,0.9996797838812276
1631.3684461658595,0.994573009230843,1631.3684461658595,1.003378767276751,1631.3684461658595,0.9979334399687718,1631.3601128197718,1.0147675481402036
1631.369835056951,0.9942677309413613,1631.369835056951,1.0033559523708027,1631.369835056951,0.9976044460902266,1631.3615017108643,0.9956770393683386
1631.3712239480435,1.0047826084507752,1631.3712239480435,1.003319480603166,1631.3712239480435,1.008117964829926,1631.362890601956,1.038685308448327
1631.3726128391363,1.0047500118646857,1631.3726128391363,1.003220301645875,1631.3726128391363,1.0079856099815865,1631.3642794930477,1.0109950907366494
1631.3740017302289,1.0021208834170066,1631.3740017302289,1.0031610127067063,1631.3740017302289,1.0052886002631434,1631.3656683841407,0.9865634011994724
1631.375390620855,1.0098360211207182,1631.375390620855,1.003144443853481,1631.375390620855,1.0130113937903549,1631.367057274768,1.015562968077267
1631.3767795119472,1.012792305697433,1631.3767795119472,1.0031226180520532,1631.3767795119472,1.0159548692341844,1631.3684461658595,0.9979334399687718
1631.3781684030394,1.0242626608901733,1631.3781684030394,1.0031337156206517,1631.3781684030394,1.0274724087902551,1631.369835056951,0.9976044460902266
1631.379557294131,1.0075391479827476,1631.379557294131,1.003145744537146,1631.379557294131,1.010708608753475,1631.3712239480435,1.008117964829926
1631.3809461852236,0.999765268093944,1631.3809461852236,1.0031328164548219,1631.3809461852236,1.002897349176788,1631.3726128391363,1.0079856099815865
1631.3823350763166,0.9975599368298905,1631.3823350763166,1.0030986412336143,1631.3823350763166,1.0006510171831533,1631.3740017302289,1.0052886002631434
1631.383723966943,1.0163782072807077,1631.383723966943,1.0030998176288632,1631.383723966943,1.019528794365229,1631.375390620855,1.0130113937903549
1631.3851128580347,1.0159492383034288,1631.3851128580347,1.0030953443426192,1631.3851128580347,1.0190939510305994,1631.3767795119472,1.0159548692341844
1631.3865017491264,1.0095304290813245,1631.3865017491264,1.0030902482629356,1631.3865017491264,1.0126501287361738,1631.3781684030394,1.0274724087902551
1631.3878906402194,1.011692367274291,1631.3878906402194,1.0030894865449993,1631.3878906402194,1.0148179772306634,1631.379557294131,1.010708608753475
1631.3892795313116,1.0177035705315725,1631.3892795313116,1.0030556075172192,1631.3892795313116,1.0208132732119897,1631.3809461852236,1.002897349176788
1631.3906684219376,1.02099148604759,1631.3906684219376,1.0030380561428558,1631.3906684219376,1.0240933155035803,1631.3823350763166,1.0006510171831533
1631.39205731303,0.9966196725458489,1631.39205731303,1.003022567262538,1631.39205731303,0.9996320225412872,1631.383723966943,1.019528794365229
1631.3934462041225,1.0073367446545702,1631.3934462041225,1.0029183632850307,1631.3934462041225,1.0102765192258325,1631.3851128580347,1.0190939510305994
1631.394835095214,1.0138074954956142,1631.394835095214,1.0029316600484315,1631.394835095214,1.016779634426959,1631.3865017491264,1.0126501287361738
1631.3962239863065,0.9948145493452591,1631.3962239863065,1.002859369722979,1631.3962239863065,0.997659091947636,1631.3878906402194,1.0148179772306634
1631.397612876934,1.0232618621679963,1631.397612876934,1.002911018620223,1631.397612876934,1.0262405965021315,1631.3892795313116,1.0208132732119897
1631.399001768026,1.003436742315794,1631.399001768026,1.0028860624251148,1631.399001768026,1.0063327233937711,1631.3906684219376,1.0240933155035803
1631.4003906591176,1.0249490383501052,1631.4003906591176,1.0028485908739946,1631.4003906591176,1.027868698827059,1631.39205731303,0.9996320225412872
1631.4017795502093,1.0050384662063638,1631.4017795502093,1.0027660852864255,1631.4017795502093,1.007818488320029,1631.3934462041225,1.0102765192258325
1631.403168440837,1.0139637931806929,1631.403168440837,1.0027823249373182,1631.403168440837,1.0167849699279974,1631.394835095214,1.016779634426959
1631.4045573319297,0.9954656849090177,1631.4045573319297,1.0027416260068125,1631.4045573319297,0.9981948795196536,1631.3962239863065,0.997659091947636
1631.4059462230214,0.9891793740291939,1631.4059462230214,1.0026732409962815,1631.4059462230214,0.9918236888845248,1631.397612876934,1.0262405965021315
1631.407335114113,1.0174205350011225,1631.407335114113,1.0026720237543876,1631.407335114113,1.0201391068388472,1631.399001768026,1.0063327233937711
1631.4087240047395,0.9945011301143671,1631.4087240047395,1.0026860829251933,1631.4087240047395,0.9971724426190528,1631.4003906591176,1.027868698827059
1631.410112895832,1.0081397523689402,1631.410112895832,1.0027039857215794,1631.410112895832,1.0108657478647023,1631.4017795502093,1.007818488320029
1631.4115017869242,1.0149900855133356,1631.4115017869242,1.0027092412855207,1631.4115017869242,1.0177399385574026,1631.403168440837,1.0167849699279974
1631.4128906780168,1.0271755491489047,1631.4128906780168,1.002721549595429,1631.4128906780168,1.0299710583491255,1631.4045573319297,0.9981948795196536
1631.4142795686432,1.0003551137047222,1631.4142795686432,1.0026458545019308,1631.4142795686432,1.0030019077858472,1631.4059462230214,0.9918236888845248
1631.4156684597358,1.0069902764706669,1631.4156684597358,1.002663165855777,1631.4156684597358,1.0096720585920629,1631.407335114113,1.0201391068388472
1631.4170573508277,0.9970391105914652,1631.4170573508277,1.0026301307883958,1631.4170573508277,0.9996614538534666,1631.4087240047395,0.9971724426190528
1631.418446241454,0.9928815896689771,1631.418446241454,1.0026176160472058,1631.418446241454,0.9954805724510698,1631.410112895832,1.0108657478647023
1631.419835132547,1.0177246478550235,1631.419835132547,1.0025960640220397,1631.419835132547,1.020366726197663,1631.4115017869242,1.0177399385574026
1631.4226129147307,1.015152518357929,1631.4226129147307,1.0025810128134136,1631.4226129147307,1.01777264001538,1631.4128906780168,1.0299710583491255
1631.4240018053567,0.9896590142052205,1631.4240018053567,1.0025303335907072,1631.4240018053567,0.9921631816522102,1631.4142795686432,1.0030019077858472
1631.4253906964493,1.0104830893043217,1631.4253906964493,1.0025879200095682,1631.4253906964493,1.0130981387104627,1631.4156684597358,1.0096720585920629
1631.4267795875414,1.0007087487770925,1631.4267795875414,1.0025966469881231,1631.4267795875414,1.003307236135593,1631.4170573508277,0.9996614538534666
1631.4281684781683,1.007040828091598,1631.4281684781683,1.0026087321553407,1631.4281684781683,1.0096679278815814,1631.418446241454,0.9954805724510698
1631.4295573692605,1.000510713423354,1631.4295573692605,1.0025093615597103,1631.4295573692605,1.0030213565476969,1631.419835132547,1.020366726197663
1631.430946260353,0.9993498501657967,1631.430946260353,1.0025068989826256,1631.430946260353,1.0018551192884644,1631.4226129147307,1.01777264001538
1631.432335150979,1.0252418349630819,1631.432335150979,1.0024589460963456,1631.432335150979,1.0277628493709745,1631.4240018053567,0.9921631816522102
1631.4351129331642,1.013986476066226,1631.4351129331642,1.0023219663581324,1631.4351129331642,1.016340918551253,1631.4253906964493,1.0130981387104627
1631.4365018237909,1.001859496786873,1631.4365018237909,1.0022796250398813,1631.4365018237909,1.0041433607821912,1631.4267795875414,1.003307236135593
1631.4378907148823,1.0049716176318808,1631.4378907148823,1.0022545227323367,1631.4378907148823,1.007237348989185,1631.4281684781683,1.0096679278815814
1631.439279605974,1.0052216314762057,1631.439279605974,1.0021441909859863,1631.439279605974,1.0073770186373354,1631.4295573692605,1.0030213565476969
1631.440668496601,1.0027280596197468,1631.440668496601,1.0020712527901072,1631.440668496601,1.004804962910953,1631.430946260353,1.0018551192884644
1631.442057387694,0.9910318966009921,1631.442057387694,1.002034275192711,1631.442057387694,0.9930479282034328,1631.432335150979,1.0277628493709745
1631.4434462783204,0.9949345035126328,1631.4434462783204,1.0020196899150913,1631.4434462783204,0.9969439626955536,1631.4351129331642,1.016340918551253
1631.444835169412,1.006425047418362,1631.444835169412,1.0019599222836613,1631.444835169412,1.008397562295632,1631.4365018237909,1.0041433607821912
1631.4462240605046,1.00877774871917,1631.4462240605046,1.0019332531295047,1631.4462240605046,1.010727971458856,1631.4378907148823,1.007237348989185
1631.447612951131,1.003400500830069,1631.447612951131,1.0018900198962792,1631.447612951131,1.0052969477405744,1631.439279605974,1.0073770186373354
1631.4490018422237,1.008640733887745,1631.4490018422237,1.0018973532067441,1631.4490018422237,1.0105544816186396,1631.440668496601,1.004804962910953
1631.4503907333158,1.0078730636435729,1631.4503907333158,1.0017796481641916,1631.4503907333158,1.0096667230910243,1631.442057387694,0.9930479282034328
1631.451779623943,0.9956828676129382,1631.451779623943,1.0016800421918137,1631.451779623943,0.997355656840194,1631.4434462783204,0.9969439626955536
1631.4531685150348,1.010073621827938,1631.4531685150348,1.0016034068656574,1631.4531685150348,1.0116931808079963,1631.444835169412,1.008397562295632
1631.4545574056608,0.9816848323636194,1631.4545574056608,1.0015055355684057,1631.4545574056608,0.9831627937957071,1631.4462240605046,1.010727971458856
1631.4559462967525,0.9977979739568034,1631.4559462967525,1.0015172595672612,1631.4559462967525,0.9993118924789832,1631.447612951131,1.0052969477405744
1631.4573351873798,0.9951037421643554,1631.4573351873798,1.001423102130069,1631.4573351873798,0.9965198764194692,1631.4490018422237,1.0105544816186396
1631.458724078472,1.0078988864042562,1631.458724078472,1.0014566818990862,1631.458724078472,1.0093670744681904,1631.4503907333158,1.0096667230910243
1631.4601129695636,1.0150125449042038,1631.4601129695636,1.0014210646704509,1631.4601129695636,1.0164549433718315,1631.451779623943,0.997355656840194
1631.4615018601903,1.0068899005504721,1631.4615018601903,1.0013858099611344,1631.4615018601903,1.0082852586044206,1631.4531685150348,1.0116931808079963
1631.4628907512829,0.9950617624480367,1631.4628907512829,1.0014227138313982,1631.4628907512829,0.996477450580567,1631.4545574056608,0.9831627937957071
1631.4642796419096,1.0201930164468076,1631.4642796419096,1.0013973563562237,1631.4642796419096,1.0216185896429146,1631.4559462967525,0.9993118924789832
1631.4656685330017,1.0036257766467722,1631.4656685330017,1.0013973502631581,1631.4656685330017,1.005028193389882,1631.4573351873798,0.9965198764194692
1631.4670574236286,0.9931730097374972,1631.4670574236286,1.001304704016666,1631.4670574236286,0.994468806552546,1631.458724078472,1.0093670744681904
1631.4684463147207,0.9913554212357341,1631.4684463147207,1.0012543940806897,1631.4684463147207,0.9925989716079918,1631.4601129695636,1.0164549433718315
1631.4698352058124,1.016227509542156,1631.4698352058124,1.0012429533884328,1631.4698352058124,1.01749063296856,1631.4615018601903,1.0082852586044206
1631.4712240964384,1.001854326526245,1631.4712240964384,1.0012300659370421,1631.4712240964384,1.003086673407183,1631.4628907512829,0.996477450580567
1631.4726129875314,0.9970810650301103,1631.4726129875314,1.0011902646799113,1631.4726129875314,0.998267855404824,1631.4642796419096,1.0216185896429146
1631.4740018781588,0.9896002872521159,1631.4740018781588,1.0011121023785137,1631.4740018781588,0.9907008240853468,1631.4656685330017,1.005028193389882
1631.4753907692505,0.9959993509951782,1631.4753907692505,1.0010541621504077,1631.4753907692505,0.997049295812828,1631.4670574236286,0.994468806552546
1631.4767796598765,1.013207965520455,1631.4767796598765,1.001021320706998,1631.4767796598765,1.0142427757961363,1631.4684463147207,0.9925989716079918
1631.4781685509686,1.0067398834112495,1631.4781685509686,1.0009426505128731,1631.4781685509686,1.007688887278677,1631.4698352058124,1.01749063296856
1631.4795574415955,1.0087636369522544,1631.4795574415955,1.0008857712927497,1631.4795574415955,1.0096571708230364,1631.4712240964384,1.003086673407183
1631.4809463326876,1.0016998108879904,1631.4809463326876,1.000929871083632,1631.4809463326876,1.002631262576615,1631.4726129875314,0.998267855404824
1631.4823352233143,1.002857657545855,1631.4823352233143,1.0009530392767585,1631.4823352233143,1.0038134202824942,1631.4740018781588,0.9907008240853468
1631.4837241144066,0.980350415192269,1631.4837241144066,1.0009074499455048,1631.4837241144066,0.9812400341231108,1631.4753907692505,0.997049295812828
1631.485113005033,1.0110156938858426,1631.485113005033,1.000831064946772,1631.485113005033,1.0118559135896674,1631.4767796598765,1.0142427757961363
1631.4865018961248,0.9938367629135098,1631.4865018961248,1.0007704377247595,1631.4865018961248,0.9946024522479112,1631.4781685509686,1.007688887278677
1631.4878907867517,1.00146547111606,1631.4878907867517,1.0007704377247595,1631.4878907867517,1.0022370378950518,1631.4795574415955,1.0096571708230364
1631.4892796778447,0.9955349415474036,1631.4892796778447,1.0007215537125858,1631.4892796778447,0.996253273480486,1631.4809463326876,1.002631262576615
1631.4906685684712,0.9767719198666743,1631.4906685684712,1.0006625979392234,1631.4906685684712,0.9774191269278693,1631.4823352233143,1.0038134202824942
1631.4920574595628,1.0070153984156487,1631.4920574595628,1.0006095753167423,1631.4920574595628,1.0076292501461024,1631.4837241144066,0.9812400341231108
1631.4934463501888,1.0069484012666037,1631.4934463501888,1.0006095753167423,1631.4934463501888,1.007562212157249,1631.485113005033,1.0118559135896674
1631.4948352412814,1.0103519138128694,1631.4948352412814,1.0005472387204004,1631.4948352412814,1.0109048175013384,1631.4865018961248,0.9946024522479112
1631.496224131908,0.9980690256760225,1631.496224131908,1.000484957305055,1631.496224131908,0.9985530465409732,1631.4878907867517,1.0022370378950518
1631.4976130230004,1.0167554071489422,1631.4976130230004,1.0004399946435532,1631.4976130230004,1.0172027740818914,1631.4892796778447,0.996253273480486
1631.499001913627,0.9994845966132083,1631.499001913627,1.0004155338816574,1631.499001913627,0.9998999163272958,1631.4906685684712,0.9774191269278693
1631.5003908047197,1.0118192771271908,1631.5003908047197,1.0004349286439806,1631.5003908047197,1.0122593463133451,1631.4920574595628,1.0076292501461024
1631.5017796953452,1.0069786410773112,1631.5017796953452,1.0004227929963914,1631.5017796953452,1.0074043845942744,1631.4934463501888,1.007562212157249
1631.503168585972,1.0016173525546053,1631.503168585972,1.0003872229386723,1631.503168585972,1.0020052017692866,1631.4948352412814,1.0109048175013384
1631.504557477065,0.9888074954785805,1631.504557477065,1.0003032147141795,1631.504557477065,0.9891073164607006,1631.496224131908,0.9985530465409732
1631.5059463676914,1.017315846165065,1631.5059463676914,1.0001972738370568,1631.5059463676914,1.0175165359655367,1631.4976130230004,1.0172027740818914
1631.507335258783,1.0141898799382596,1631.507335258783,1.000135650557618,1631.507335258783,1.0143274553610038,1631.499001913627,0.9998999163272958
1631.508724149409,0.9999450289880859,1631.508724149409,1.000095939164727,1631.508724149409,1.00004096287894,1631.5003908047197,1.0122593463133451
1631.5101130405017,1.0004454253730743,1631.5101130405017,1.000035700439652,1631.5101130405017,1.000481141714608,1631.5017796953452,1.0074043845942744
1631.511501931129,1.0021644735291666,1631.511501931129,0.9999707368466662,1631.511501931129,1.002135147036512,1631.503168585972,1.0020052017692866
1631.5128908217555,0.9982839561080984,1631.5128908217555,0.9999162011665855,1631.5128908217555,0.9982003010771602,1631.504557477065,0.9891073164607006
1631.5142797128472,0.9952087246773736,1631.5142797128472,0.9998171096816899,1631.5142797128472,0.9950267106369324,1631.5059463676914,1.0175165359655367
1631.515668603474,0.9748623339342082,1631.515668603474,0.9997560632392637,1631.515668603474,0.9746245291743044,1631.507335258783,1.0143274553610038
1631.5170574945662,1.0028066716184536,1631.5170574945662,0.9996579988990454,1631.5170574945662,1.0024637106327154,1631.508724149409,1.00004096287894
1631.5184463851929,1.009574008657168,1631.5184463851929,0.9995399890069154,1631.5184463851929,1.0091095935148533,1631.5101130405017,1.000481141714608
1631.5198352758196,0.9930182470581633,1631.5198352758196,0.9994250790968692,1631.5198352758196,0.9924473401107392,1631.511501931129,1.002135147036512
1631.5226130575386,1.0087457294107465,1631.5226130575386,0.9993508053127157,1631.5226130575386,1.0080908570423923,1631.5128908217555,0.9982003010771602
1631.5240019486305,0.9925536511139594,1631.5240019486305,0.9992736651570949,1631.5240019486305,0.9918327248137028,1631.5142797128472,0.9950267106369324
1631.5253908392565,0.9891289350241718,1631.5253908392565,0.9992352314040942,1631.5253908392565,0.9883724802773636,1631.515668603474,0.9746245291743044
1631.5267797298836,1.0133329459000373,1631.5267797298836,0.9992272303464791,1631.5267797298836,1.012549872950533,1631.5170574945662,1.0024637106327154
1631.5281686209755,1.0023173341483609,1631.5281686209755,0.9991542979924551,1631.5281686209755,1.0014696723666745,1631.5184463851929,1.0091095935148533
1631.5295575116018,1.0076493597428977,1631.5295575116018,0.9990872381268828,1631.5295575116018,1.0067296158258534,1631.5198352758196,0.9924473401107392
1631.530946402229,1.0066115461464036,1631.530946402229,0.9990018044959099,1631.530946402229,1.005606751026675,1631.5226130575386,1.0080908570423923
1631.5323352933208,0.9924625241382218,1631.5323352933208,0.9989708001187064,1631.5323352933208,0.9914410818261904,1631.5240019486305,0.9918327248137028
1631.5337241839477,1.009297362247626,1631.5337241839477,0.9989020652353348,1631.5337241839477,1.0081892195857294,1631.5253908392565,0.9883724802773636
1631.5351130745742,1.0040909874423436,1631.5351130745742,0.9988305088135834,1631.5351130745742,1.0029167118821694,1631.5267797298836,1.012549872950533
1631.5365019656665,1.002193359774205,1631.5365019656665,0.9987225872373455,1631.5365019656665,1.0009131451857818,1631.5281686209755,1.0014696723666745
1631.5378908562932,0.9966737197255047,1631.5378908562932,0.9986030714820027,1631.5378908562932,0.9952814377832816,1631.5295575116018,1.0067296158258534
1631.5392797469192,0.9940628053999858,1631.5392797469192,0.998590446523685,1631.5392797469192,0.9926616207169588,1631.530946402229,1.005606751026675
1631.5406686380109,0.9945337988346598,1631.5406686380109,0.9984934158890376,1631.5406686380109,0.9930354500155204,1631.5323352933208,0.9914410818261904
1631.5420575286382,0.9829355734188004,1631.5420575286382,0.9984458359558569,1631.5420575286382,0.9814079302928838,1631.5337241839477,1.0081892195857294
1631.5434464192656,1.007359432206713,1631.5434464192656,0.9984114159024011,1631.5434464192656,1.0057591570321431,1631.5351130745742,1.0029167118821694
1631.5448353103573,1.0073475305895712,1631.5448353103573,0.9983180491155925,1631.5448353103573,1.0056532215195904,1631.5365019656665,1.0009131451857818
1631.5462242009833,0.9847035579785095,1631.5462242009833,0.9982978318764528,1631.5462242009833,0.983027426970975,1631.5378908562932,0.9952814377832816
1631.5476130916095,1.015283128183222,1631.5476130916095,0.998291116880074,1631.5476130916095,1.013548127983524,1631.5392797469192,0.9926616207169588
1631.5490019827027,1.0182062415423265,1631.5490019827027,0.9981973579402028,1631.5490019827027,1.0163707801457744,1631.5406686380109,0.9930354500155204
1631.5503908733297,1.0042871674352785,1631.5503908733297,0.9981016373041981,1631.5503908733297,1.0023806661407468,1631.5420575286382,0.9814079302928838
1631.5517797639554,1.0055005505156245,1631.5517797639554,0.9979918239293842,1631.5517797639554,1.003481328371088,1631.5434464192656,1.0057591570321431
1631.5531686550478,0.9992469327043465,1631.5531686550478,0.9979701075361197,1631.5531686550478,0.9972185688860944,1631.5448353103573,1.0056532215195904
1631.5545575456742,1.0285304341791106,1631.5545575456742,0.9978764261501171,1631.5545575456742,1.026346273845279,1631.5462242009833,0.983027426970975
1631.5559464363002,0.9948299786110198,1631.5559464363002,0.9978644037701483,1631.5559464363002,0.9927054234593548,1631.5476130916095,1.013548127983524
1631.5573353269272,1.0084709293491334,1631.5573353269272,0.997741258040048,1631.5573353269272,1.0061930537456207,1631.5490019827027,1.0163707801457744
1631.5587242180202,1.0080876618363923,1631.5587242180202,0.9976649932823024,1631.5587242180202,1.0057337703739764,1631.5503908733297,1.0023806661407468
1631.5601131086462,0.9970395633756157,1631.5601131086462,0.9975466760896301,1631.5601131086462,0.9945935023752016,1631.5517797639554,1.003481328371088
1631.5615019992722,0.9916762383488572,1631.5615019992722,0.9974631448315249,1631.5615019992722,0.989160499358148,1631.5531686550478,0.9972185688860944
1631.5628908898989,0.986836428640392,1631.5628908898989,0.9973502375484473,1631.5628908898989,0.9842215465259564,1631.5545575456742,1.026346273845279
1631.5642797809917,0.9997604641366062,1631.5642797809917,0.997311595066219,1631.5642797809917,0.9970727031722222,1631.5559464363002,0.9927054234593548
1631.5656686716186,0.9898886458595865,1631.5656686716186,0.9972449909225546,1631.5656686716186,0.9871614936545832,1631.5573353269272,1.0061930537456207
1631.5670575622446,0.9985313633794245,1631.5670575622446,0.9971794845792256,1631.5670575622446,0.995714990270886,1631.5587242180202,1.0057337703739764
1631.568446452871,1.0149308352686073,1631.568446452871,0.9971214106904664,1631.568446452871,1.0120092662162872,1631.5601131086462,0.9945935023752016
1631.5698353439632,0.9956168332472267,1631.5698353439632,0.9971214106904664,1631.5698353439632,0.9927508612746496,1631.5615019992722,0.989160499358148
1631.5712242345892,1.007182866107592,1631.5712242345892,0.997017544630095,1631.5712242345892,1.0041789881600929,1631.5628908898989,0.9842215465259564
1631.572613125216,1.0029439542823966,1631.572613125216,0.9969473074561725,1631.572613125216,0.9998822747512818,1631.5642797809917,0.9970727031722222
1631.5740020158437,1.0097649941323232,1631.5740020158437,0.9968262541731716,1631.5740020158437,1.0065602566961185,1631.5656686716186,0.9871614936545832
1631.5753909069356,1.0023021036713742,1631.5753909069356,0.9967320348096539,1631.5753909069356,0.9990266152863654,1631.5670575622446,0.995714990270886
1631.5767797975616,1.0073438306829825,1631.5767797975616,0.9966001488176216,1631.5767797975616,1.0039190115691734,1631.568446452871,1.0120092662162872
1631.5781686881876,0.9935914528063373,1631.5781686881876,0.9965197839105181,1631.5781686881876,0.990133539845909,1631.5698353439632,0.9927508612746496
1631.579557578815,1.006184667185026,1631.579557578815,0.9964834897754122,1631.579557578815,1.0026464085150466,1631.5712242345892,1.0041789881600929
1631.582335360534,0.9980060165371321,1631.582335360534,0.9963048230740991,1631.582335360534,0.9943182077329138,1631.572613125216,0.9998822747512818
1631.5851131417865,0.9776008441255754,1631.5851131417865,0.996212180265223,1631.5851131417865,0.9738978683554618,1631.5740020158437,1.0065602566961185
1631.5865020324134,1.0028207934957203,1631.5865020324134,0.9960984994739558,1631.5865020324134,0.9989082876423686,1631.5753909069356,0.9990266152863654
1631.5878909230398,1.0061235321346031,1631.5878909230398,0.9961074801363966,1631.5878909230398,1.0022071763005305,1631.5767797975616,1.0039190115691734
1631.5892798136667,0.9960245384978177,1631.5892798136667,0.9960528152516689,1631.5892798136667,0.9920930456304956,1631.5781686881876,0.990133539845909
1631.5906687047589,0.9804743248941586,1631.5906687047589,0.9959400780561221,1631.5906687047589,0.976493675667112,1631.579557578815,1.0026464085150466
1631.5920575953858,0.989314722234675,1631.5920575953858,0.9958493692277458,1631.5920575953858,0.9852084421051236,1631.582335360534,0.9943182077329138
1631.5934464860118,0.9900155012359166,1631.5934464860118,0.9957852671591259,1631.5934464860118,0.9858428503898832,1631.5851131417865,0.9738978683554618
1631.5948353766382,1.016366904856116,1631.5948353766382,0.9957025427705031,1631.5948353766382,1.0119991115530207,1631.5865020324134,0.9989082876423686
1631.5962242672656,0.9882243948315286,1631.5962242672656,0.9956217648353506,1631.5962242672656,0.9838977160355128,1631.5878909230398,1.0022071763005305
1631.5976131578916,0.9963787276397068,1631.5976131578916,0.9955170210937518,1631.5976131578916,0.9919119828210636,1631.5892798136667,0.9920930456304956
1631.5990020489833,1.0002936145122578,1631.5990020489833,0.995443195142134,1631.5990020489833,0.995735471710356,1631.5906687047589,0.976493675667112
1631.60039093961,0.9885351581684155,1631.60039093961,0.9953926942711464,1631.60039093961,0.983980674471013,1631.5920575953858,0.9852084421051236
1631.6017798302366,1.008653586146142,1631.6017798302366,0.995253403662361,1631.6017798302366,1.0038659147281943,1631.5934464860118,0.9858428503898832
1631.603168720863,1.0005383780469468,1631.603168720863,0.9951952915330834,1631.603168720863,0.9957310828304696,1631.5948353766382,1.0119991115530207
1631.60455761149,0.9949486329149092,1631.60455761149,0.99518476528044,1631.60455761149,0.9901577217135186,1631.5962242672656,0.9838977160355128
1631.6059465021165,1.0124045654594778,1631.6059465021165,0.9951001001818139,1631.6059465021165,1.007443884513252,1631.5976131578916,0.9919119828210636
1631.6073353927434,0.9815808665504573,1631.6073353927434,0.9950548507250216,1631.6073353927434,0.9767268026399026,1631.5990020489833,0.995735471710356
1631.6087242833694,0.9877429749420952,1631.6087242833694,0.9950229364651365,1631.6087242833694,0.9828269153996932,1631.60039093961,0.983980674471013
1631.6101131744615,1.008589651526908,1631.6101131744615,0.9949106086792212,1631.6101131744615,1.0034565441081995,1631.6017798302366,1.0038659147281943
1631.6115020650889,0.9911977972958893,1631.6115020650889,0.9948821842016917,1631.6115020650889,0.98612502954964,1631.603168720863,0.9957310828304696
1631.6128909557158,0.9899347338361415,1631.6128909557158,0.994835939477675,1631.6128909557158,0.98482265095746,1631.60455761149,0.9901577217135186
1631.6142798463418,1.0000905514745653,1631.6142798463418,0.9947584108500174,1631.6142798463418,0.994848487690956,1631.6059465021165,1.007443884513252
1631.6156687369678,1.0020972508705965,1631.6156687369678,0.9948207418601414,1631.6156687369678,0.996907130527095,1631.6073353927434,0.9767268026399026
1631.6170576275942,1.0027809564939942,1631.6170576275942,0.9947938207858575,1631.6170576275942,0.9975602991219572,1631.6087242833694,0.9828269153996932
1631.6184465182216,0.9879676221778348,1631.6184465182216,0.9947450319754045,1631.6184465182216,0.9827758839139548,1631.6101131744615,1.0034565441081995
1631.619835408848,1.009197253797493,1631.619835408848,0.9946984025881228,1631.619835408848,1.0038468962486866,1631.6115020650889,0.98612502954964
1631.621224299474,0.9913404436311478,1631.621224299474,0.9945959683418699,1631.621224299474,0.9859832084897804,1631.6128909557158,0.98482265095746
1631.622613190101,0.9902042545597372,1631.622613190101,0.9945229208812963,1631.622613190101,0.9847808275138364,1631.6142798463418,0.994848487690956
1631.6240020807277,1.0017452839347893,1631.6240020807277,0.994434744061978,1631.6240020807277,0.9961703150449857,1631.6156687369678,0.996907130527095
1631.6253909713537,0.9967524188917459,1631.6253909713537,0.9943361117312569,1631.6253909713537,0.9911069245595436,1631.6170576275942,0.9975602991219572
1631.626779862446,1.005935745719063,1631.626779862446,0.994238039405551,1631.626779862446,1.000139583591682,1631.6184465182216,0.9827758839139548
1631.6281687530734,1.0111081759126237,1631.6281687530734,0.9941717593058986,1631.6281687530734,1.005215194095631,1631.619835408848,1.0038468962486866
1631.6295576436994,0.9918516852614642,1631.6295576436994,0.9940920753017275,1631.6295576436994,0.9859919001930848,1631.621224299474,0.9859832084897804
1631.6309465343254,0.9975414940132944,1631.6309465343254,0.9940691676683958,1631.6309465343254,0.9916252426684836,1631.622613190101,0.9847808275138364
1631.632335424952,0.989448239375545,1631.632335424952,0.994017425890178,1631.632335424952,0.983528791955648,1631.6240020807277,0.9961703150449857
1631.6337243155792,0.999594837898347,1631.6337243155792,0.9939331508658418,1631.6337243155792,0.9935304468215344,1631.6253909713537,0.9911069245595436
1631.635113206206,0.9950991131150193,1631.635113206206,0.993882268071283,1631.635113206206,0.9890113634984776,1631.626779862446,1.000139583591682
1631.6365020968317,0.9957382258182776,1631.6365020968317,0.993803774285127,1631.6365020968317,0.9895684070181804,1631.6281687530734,1.005215194095631
1631.6378909874586,0.9952946303381338,1631.6378909874586,0.9937496277313893,1631.6378909874586,0.9890736683815712,1631.6295576436994,0.9859919001930848
1631.639279878085,1.0081730872493506,1631.639279878085,0.9937013265277902,1631.639279878085,1.0018229341692972,1631.6309465343254,0.9916252426684836
1631.640668768711,0.9881190601670216,1631.640668768711,0.9936722858547192,1631.640668768711,0.9818665252127812,1631.632335424952,0.983528791955648
1631.642057659338,0.9866437958519984,1631.642057659338,0.9936270619094772,1631.642057659338,0.9803559760236352,1631.6337243155792,0.9935304468215344
1631.6434465499651,1.0003383639728103,1631.6434465499651,0.9935669701187448,1631.6434465499651,0.9939031573860072,1631.635113206206,0.9890113634984776
1631.6448354405918,0.980324701170087,1631.6448354405918,0.9934632285064914,1631.6448354405918,0.973916542609096,1631.6365020968317,0.9895684070181804
1631.6462243312178,1.0088810846660803,1631.6462243312178,0.9933988304410101,1631.6462243312178,1.0022212895613418,1631.6378909874586,0.9890736683815712
1631.6476132218438,1.0002047461364796,1631.6476132218438,0.9933690539022101,1631.6476132218438,0.9935724423780948,1631.639279878085,1.0018229341692972
1631.6490021124712,1.010615990812573,1631.6490021124712,0.9932728039192533,1631.6490021124712,1.0038173788800386,1631.640668768711,0.9818665252127812
1631.6503910030983,0.9911962553537031,1631.6503910030983,0.9931991475721706,1631.6503910030983,0.9844552758940256,1631.642057659338,0.9803559760236352
1631.6517798937246,1.0017455798435255,1631.6517798937246,0.993177036701263,1631.6517798937246,0.9949107065175812,1631.6434465499651,0.9939031573860072
1631.6531687843506,1.0042823894550368,1631.6531687843506,0.9930718699511432,1631.6531687843506,0.9973245904551156,1631.6448354405918,0.973916542609096
1631.654557674977,0.991637047072291,1631.654557674977,0.993107827759556,1631.654557674977,0.9848025137438634,1631.6462243312178,1.0022212895613418
1631.655946565604,0.9939291923922704,1631.655946565604,0.9930874127388186,1631.655946565604,0.9870585701184232,1631.6476132218438,0.9935724423780948
1631.6573354562304,0.981183692584505,1631.6573354562304,0.9930170228658768,1631.6573354562304,0.9743321092948128,1631.6490021124712,1.0038173788800386
1631.6587243468573,1.0018612493145809,1631.6587243468573,0.9929692579551088,1631.6587243468573,0.9948174213058776,1631.6503910030983,0.9844552758940256
1631.6601132374838,0.9980258263129991,1631.6601132374838,0.9928640895675399,1631.6601132374838,0.9909040034071476,1631.6517798937246,0.9949107065175812
1631.6615021281098,0.9787067110863692,1631.6615021281098,0.9927588832475654,1631.6615021281098,0.9716197815250016,1631.6531687843506,0.9973245904551156
1631.66289101827,0.990462062837064,1631.66289101827,0.9927679797937712,1631.66289101827,0.9832990211851232,1631.654557674977,0.9848025137438634
1631.6642799088977,1.0025926372643648,1631.6642799088977,0.9926675365098082,1631.6642799088977,0.9952411633560888,1631.655946565604,0.9870585701184232
1631.6656687995248,0.9851106099862283,1631.6656687995248,0.9925574174653228,1631.6656687995248,0.9777788429656196,1631.6573354562304,0.9743321092948128
1631.6670576901508,1.0058956598546673,1631.6670576901508,0.9925463432118833,1631.6670576901508,0.9983980588414544,1631.6587243468573,0.9948174213058776
1631.6684465807768,0.9927154794860971,1631.6684465807768,0.9925676480317843,1631.6684465807768,0.9853372686382604,1631.6601132374838,0.9909040034071476
1631.6698354714033,1.006077706628825,1631.6698354714033,0.992468362380926,1631.6698354714033,0.9985002939258676,1631.6615021281098,0.9716197815250016
1631.6712243620302,1.0104825582108898,1631.6712243620302,0.9925129810095465,1631.6712243620302,1.002917056108043,1631.66289101827,0.9832990211851232
1631.672613252657,1.0116156175559579,1631.672613252657,0.9924575261548699,1631.672613252657,1.003985533219217,1631.6642799088977,0.9952411633560888
1631.67539103391,0.9999362752805618,1631.67539103391,0.9923953506148933,1631.67539103391,0.9923321104996036,1631.6656687995248,0.9777788429656196
1631.676779924537,1.0026015580397902,1631.676779924537,0.992309191461916,1631.676779924537,0.9948907414169216,1631.6670576901508,0.9983980588414544
1631.678168815163,0.9887373847350421,1631.678168815163,0.9922917408029932,1631.678168815163,0.9811159406957338,1631.6684465807768,0.9853372686382604
1631.6795577053238,0.978824014180376,1631.6795577053238,0.9923016887816446,1631.6795577053238,0.9712887222912155,1631.6698354714033,0.9985002939258676
1631.6809465959511,0.997654564751016,1631.6809465959511,0.9922601380656714,1631.6809465959511,0.9899328561616904,1631.6712243620302,1.002917056108043
1631.682335486578,0.9965087249881457,1631.682335486578,0.9922219608809218,1631.682335486578,0.9887578411426852,1631.672613252657,1.003985533219217
1631.6837243772038,1.0031876788445964,1631.6837243772038,0.9921944562539813,1631.6837243772038,0.995357253531908,1631.67539103391,0.9923321104996036
1631.6851132678296,0.9919530548853994,1631.6851132678296,0.9921243093664984,1631.6851132678296,0.9841407395021652,1631.676779924537,0.9948907414169216
1631.6865021584565,0.9743174273457756,1631.6865021584565,0.9921043395433962,1631.6865021584565,0.9666245477625016,1631.678168815163,0.9811159406957338
1631.687891049084,0.9892146580548603,1631.687891049084,0.9920458677707069,1631.687891049084,0.981346313861537,1631.6795577053238,0.9712887222912155
1631.6892799397103,0.9760235483431715,1631.6892799397103,0.9920338858259202,1631.6892799397103,0.9682484333204794,1631.6809465959511,0.9899328561616904
1631.690668829871,1.0043550247382407,1631.690668829871,0.9919987554455761,1631.690668829871,0.9963189345658456,1631.682335486578,0.9887578411426852
1631.6920577204976,1.0117600103964044,1631.6920577204976,0.9920332462849619,1631.6920577204976,1.003699567574852,1631.6837243772038,0.995357253531908
1631.6934466111236,0.9972344386379883,1631.6934466111236,0.9920260363064026,1631.6934466111236,0.989282527430284,1631.6851132678296,0.9841407395021652
1631.69483550175,1.0160744361872507,1631.69483550175,0.9920252501412387,1631.69483550175,1.0079714967207754,1631.6865021584565,0.9666245477625016
1631.6962243923774,0.9948053485872028,1631.6962243923774,0.9919609510950691,1631.6962243923774,0.9868080597390234,1631.687891049084,0.981346313861537
1631.699002173165,0.9913389293798169,1631.699002173165,0.9918536501466226,1631.699002173165,0.9832631356378164,1631.6892799397103,0.9682484333204794
1631.7003910637904,0.997796048779708,1631.7003910637904,0.9918450887294792,1631.7003910637904,0.9896591105358332,1631.690668829871,0.9963189345658456
1631.7017799544171,1.0024646561805346,1631.7017799544171,0.9918648242039118,1631.7017799544171,0.9943094299731408,1631.6920577204976,1.003699567574852
1631.7031688450445,1.0021389530425289,1631.7031688450445,0.9918596693453031,1631.7031688450445,0.993981210602811,1631.6934466111236,0.989282527430284
1631.704557735671,1.0017514635354383,1631.704557735671,0.9919434347166379,1631.704557735671,0.9936807874717616,1631.69483550175,1.0079714967207754
1631.705946626297,0.9948060361476795,1631.705946626297,0.9919523934753361,1631.705946626297,0.9868002286004024,1631.6962243923774,0.9868080597390234
1631.7073355164582,0.976997124824502,1631.7073355164582,0.9919503741702177,1631.7073355164582,0.9691326635328916,1631.699002173165,0.9832631356378164
1631.708724407085,0.9863002192924218,1631.708724407085,0.9919391768310376,1631.708724407085,0.9783498276331968,1631.7003910637904,0.9896591105358332
1631.7101132977116,1.0068533140198275,1631.7101132977116,0.9919488806499491,1631.7101132977116,0.9987470178206596,1631.7017799544171,0.9943094299731408
1631.711502188338,1.0087186366674978,1631.711502188338,0.9919036603945233,1631.711502188338,1.0005517080186643,1631.7031688450445,0.993981210602811
1631.7128910784993,0.9973829748479671,1631.7128910784993,0.991931792891767,1631.7128910784993,0.9893358824406682,1631.704557735671,0.9936807874717616
1631.7142799691258,0.9973543364609949,1631.7142799691258,0.9919546670652252,1631.7142799691258,0.9893302887702248,1631.705946626297,0.9868002286004024
1631.7156688597518,0.9979438743748564,1631.7156688597518,0.9919269447557784,1631.7156688597518,0.9898874183463956,1631.7073355164582,0.9691326635328916
1631.7170577503778,0.9805525306351025,1631.7170577503778,0.9919371893508229,1631.7170577503778,0.9726465212490202,1631.708724407085,0.9783498276331968
1631.7184466410051,0.9861738332556076,1631.7184466410051,0.9918853183202254,1631.7184466410051,0.9781713465178152,1631.7101132977116,0.9987470178206596
1631.7198355311668,0.9802458815802705,1631.7198355311668,0.9918821109049276,1631.7198355311668,0.9722883542277004,1631.711502188338,1.0005517080186643
1631.7212244217928,1.0137054759746882,1631.7212244217928,0.9918480314117707,1631.7212244217928,1.0054417807768266,1631.7128910784993,0.9893358824406682
1631.7226133124188,1.006751029040745,1631.7226133124188,0.9918716936450405,1631.7226133124188,0.9985678482535312,1631.7142799691258,0.9893302887702248
1631.7240022030453,0.9922243978782044,1631.7240022030453,0.9919327861295651,1631.7240022030453,0.9842199114530574,1631.7156688597518,0.9898874183463956
1631.7253910932066,0.9925842948449587,1631.7253910932066,0.9919637062128012,1631.7253910932066,0.984607595843025,1631.7170577503778,0.9726465212490202
1631.726779983833,0.9895970257462258,1631.726779983833,0.9919298723690847,1631.726779983833,0.9816108514452796,1631.7184466410051,0.9781713465178152
1631.72816887446,1.0038658103372269,1631.72816887446,0.9919302886588299,1631.72816887446,0.9957649030225356,1631.7198355311668,0.9722883542277004
1631.7295577650864,1.0084401580038087,1631.7295577650864,0.9918467240245008,1631.7295577650864,1.0002180670908276,1631.7212244217928,1.0054417807768266
1631.7309466552467,1.0099455269239792,1631.7309466552467,0.9918335864823017,1631.7309466552467,1.0016978941207684,1631.7226133124188,0.9985678482535312
1631.7323355458727,0.9942827242806476,1631.7323355458727,0.9918323547008292,1631.7323355458727,0.98616177566163,1631.7240022030453,0.9842199114530574
1631.7337244365,1.001209323237913,1631.7337244365,0.9919265936531647,1631.7337244365,0.9931261535331732,1631.7253910932066,0.984607595843025
1631.7351133266618,0.9940044005586373,1631.7351133266618,0.9919273958538415,1631.7351133266618,0.9859801965133878,1631.726779983833,0.9816108514452796
1631.7378911079138,0.9986491970481698,1631.7378911079138,0.9918739589777614,1631.7378911079138,0.9905341327061308,1631.72816887446,0.9957649030225356
1631.7392799985405,0.9849948579350101,1631.7392799985405,0.9918788398944687,1631.7392799985405,0.9769955569905948,1631.7295577650864,1.0002180670908276
1631.740668888702,0.9968333904428515,1631.740668888702,0.9918822220245888,1631.740668888702,0.98874131830076,1631.7309466552467,1.0016978941207684
1631.743446669955,0.9914147326571724,1631.743446669955,0.9918335399909095,1631.743446669955,0.9833183838905044,1631.7323355458727,0.98616177566163
1631.7448355601157,0.9891895681090213,1631.7448355601157,0.9918154331459373,1631.7448355601157,0.9810934799574916,1631.7337244365,0.9931261535331732
1631.7462244507426,0.998771826190667,1631.7462244507426,0.991840062291413,1631.7462244507426,0.9906219103038594,1631.7351133266618,0.9859801965133878
1631.7476133413686,0.9957423572839452,1631.7476133413686,0.9918436066771938,1631.7476133413686,0.9876206909697592,1631.7378911079138,0.9905341327061308
1631.7490022315294,1.008252440660072,1631.7490022315294,0.9918040942811102,1631.7490022315294,0.9999888987155814,1631.7392799985405,0.9769955569905948
1631.7503911221568,1.0062648203973938,1631.7503911221568,0.9917368236724391,1631.7503911221568,0.9979498767542287,1631.740668888702,0.98874131830076
1631.7517800127832,1.0010846651375933,1631.7517800127832,0.9917368613632775,1631.7517800127832,0.9928125637624644,1631.743446669955,0.9833183838905044
1631.7531689029436,0.9865824962522852,1631.7531689029436,0.9917368371032254,1631.7531689029436,0.978430204374646,1631.7448355601157,0.9810934799574916
1631.7545577935696,0.9924832047700798,1631.7545577935696,0.9917838953960274,1631.7545577935696,0.9843288589420028,1631.7462244507426,0.9906219103038594
1631.755946684197,0.9876216801397,1631.755946684197,0.9917623831895039,1631.755946684197,0.9794860311849708,1631.7476133413686,0.9876206909697592
1631.7573355743582,1.0124184278100778,1631.7573355743582,0.9917682951798177,1631.7573355743582,1.0040844981578323,1631.7490022315294,0.9999888987155814
1631.7601133556109,0.9765843195349834,1631.7601133556109,0.9916882439032048,1631.7601133556109,0.9684671888630538,1631.7503911221568,0.9979498767542287
1631.761502245772,0.9829229503099959,1631.761502245772,0.991672622131016,1631.761502245772,0.974737779486668,1631.7517800127832,0.9928125637624644
1631.762891136398,0.9981534090431258,1631.762891136398,0.991695094066745,1631.762891136398,0.9898638388740648,1631.7531689029436,0.978430204374646
1631.7642800265587,0.9924531596320161,1631.7642800265587,0.9916802121247839,1631.7642800265587,0.9841961598677896,1631.7545577935696,0.9843288589420028
1631.765668917186,0.9845294227824612,1631.765668917186,0.9917857113294051,1631.765668917186,0.976442213899032,1631.755946684197,0.9794860311849708
1631.7670578078128,0.9941820333395781,1631.7670578078128,0.9917379609439958,1631.7670578078128,0.9859680625513488,1631.7573355743582,1.0040844981578323
1631.7684466979729,0.990128059747723,1631.7684466979729,0.9917232798280794,1631.7684466979729,0.9819330468628245,1631.7601133556109,0.9684671888630538
1631.7712244787606,0.9838049699644686,1631.7712244787606,0.991803222719637,1631.7712244787606,0.9757409397383556,1631.761502245772,0.974737779486668
1631.772613369388,0.9790064001783835,1631.772613369388,0.9918007308778242,1631.772613369388,0.9709792632309884,1631.762891136398,0.9898638388740648
1631.774002260014,0.9951876191498822,1631.774002260014,0.9918018086679844,1631.774002260014,0.9870288806368384,1631.7642800265587,0.9841961598677896
1631.7753911501743,0.9911550605938866,1631.7753911501743,0.9918508891891491,1631.7753911501743,0.9830780281743714,1631.765668917186,0.976442213899032
1631.7767800408012,0.9895014285932952,1631.7767800408012,0.9918474166130063,1631.7767800408012,0.981434435685139,1631.7670578078128,0.9859680625513488
1631.778168930962,0.9929418110075716,1631.778168930962,0.9918592666627638,1631.778168930962,0.9848585365047666,1631.7684466979729,0.9819330468628245
1631.779557821589,1.0018319177399506,1631.779557821589,0.9918295008832111,1631.779557821589,0.9936464509408854,1631.7712244787606,0.9757409397383556
1631.7809467122154,0.9965466788521742,1631.7809467122154,0.991795489316165,1631.7809467122154,0.9883705009785912,1631.772613369388,0.9709792632309884
1631.7823356023766,0.9861733512409289,1631.7823356023766,0.9918568318029438,1631.7823356023766,0.9781427757703194,1631.774002260014,0.9870288806368384
1631.783724493003,0.9845425494330295,1631.783724493003,0.9918570112244421,1631.783724493003,0.9765254305039373,1631.7753911501743,0.9830780281743714
1631.7851133831634,0.9933983288809223,1631.7851133831634,0.9918650986001136,1631.7851133831634,0.985317131424664,1631.7767800408012,0.981434435685139
1631.7865022737894,0.9911755632449738,1631.7865022737894,0.9918413990427224,1631.7865022737894,0.9830889573458532,1631.778168930962,0.9848585365047666
1631.7878911639511,1.007334772914476,1631.7878911639511,0.9918804818958998,1631.7878911639511,0.9991556999889072,1631.779557821589,0.9936464509408854
1631.7892800545776,0.9997064201718601,1631.7892800545776,0.9919029344959919,1631.7892800545776,0.991611731802951,1631.7809467122154,0.9883705009785912
1631.790668944738,0.9937846911233746,1631.790668944738,0.9918882095487577,1631.790668944738,0.9857233179553292,1631.7823356023766,0.9781427757703194
1631.7920578353649,1.0058899950294478,1631.7920578353649,0.9919827516807493,1631.7920578353649,0.9978255251574468,1631.783724493003,0.9765254305039373
1631.7934467255257,0.9990875848315315,1631.7934467255257,0.9919675195768908,1631.7934467255257,0.9910624333654008,1631.7851133831634,0.985317131424664
1631.7948356161526,0.9967616082102911,1631.7948356161526,0.9919711790858166,1631.7948356161526,0.9887587877638372,1631.7865022737894,0.9830889573458532
1631.796224506779,0.9840060658211071,1631.796224506779,0.9920485665006469,1631.796224506779,0.9761818070257704,1631.7878911639511,0.9991556999889072
1631.7976133969405,0.9845047154310372,1631.7976133969405,0.9920515933280144,1631.7976133969405,0.976679471582304,1631.7892800545776,0.991611731802951
1631.7990022875667,0.9956220435668739,1631.7990022875667,0.9920119537632256,1631.7990022875667,0.9876689686485098,1631.790668944738,0.9857233179553292
1631.800391177727,0.9927687074190059,1631.800391177727,0.9920231099306047,1631.800391177727,0.9848495005755888,1631.7920578353649,0.9978255251574468
1631.801780068353,1.0157167645777427,1631.801780068353,0.9920194124434798,1631.801780068353,1.0076107480054046,1631.7934467255257,0.9910624333654008
1631.8031689585148,0.9865402766297022,1631.8031689585148,0.992052310792752,1631.8031689585148,0.978699561120617,1631.7948356161526,0.9887587877638372
1631.8045578491422,1.00048544556604,1631.8045578491422,0.9920909461213018,1631.8045578491422,0.9925725522722048,1631.796224506779,0.9761818070257704
1631.8059467393025,0.987274649636939,1631.8059467393025,0.9921405403126201,1631.8059467393025,0.9795152043277454,1631.7976133969405,0.976679471582304
1631.8073356299285,1.001036016674325,1631.8073356299285,0.992143627950118,1631.8073356299285,0.9931715052919996,1631.7990022875667,0.9876689686485098
1631.8087245200893,0.979168466658834,1631.8087245200893,0.9921356855268249,1631.8087245200893,0.9714679779148122,1631.800391177727,0.9848495005755888
1631.810113410251,0.9776870369507469,1631.810113410251,0.9921814775008474,1631.810113410251,0.9700429688552176,1631.801780068353,1.0076107480054046
1631.811502300878,0.9826060160780392,1631.811502300878,0.9922530307433087,1631.811502300878,0.9749937974800428,1631.8031689585148,0.978699561120617
1631.8128911910385,0.9985464061833089,1631.8128911910385,0.992325960848509,1631.8128911910385,0.9908835219676776,1631.8045578491422,0.9925725522722048
1631.8142800816647,0.9965190934912362,1631.8142800816647,0.9923599985332613,1631.8142800816647,0.98890568615533,1631.8059467393025,0.9795152043277454
1631.817057862451,0.9893401840253327,1631.817057862451,0.9924496422478755,1631.817057862451,0.9818703116973888,1631.8073356299285,0.9931715052919996
1631.81983564324,0.9759944885729076,1631.81983564324,0.9924149693469108,1631.81983564324,0.968591540459836,1631.8087245200893,0.9714679779148122
1631.8212245334005,0.9951081534639561,1631.8212245334005,0.9923683223763509,1631.8212245334005,0.9875138088360544,1631.810113410251,0.9700429688552176
1631.8226134240265,0.9888613286855977,1631.8226134240265,0.992392676733273,1631.8226134240265,0.9813387408923212,1631.811502300878,0.9749937974800428
1631.8240023141873,0.9845808653006317,1631.8240023141873,0.9923729916255795,1631.8240023141873,0.9770714587956896,1631.8128911910385,0.9908835219676776
1631.825391204349,0.9855330176032889,1631.825391204349,0.9923871473577176,1631.825391204349,0.9780302999661712,1631.8142800816647,0.98890568615533
1631.826780094976,1.0000095990334987,1631.826780094976,0.9923735301021145,1631.826780094976,0.9923830559288732,1631.817057862451,0.9818703116973888
1631.8281689851362,0.9925334728021366,1631.8281689851362,0.9923845510914551,1631.8281689851362,0.9849748848499912,1631.81983564324,0.968591540459836
1631.8295578757627,1.0058605033861983,1631.8295578757627,0.9923979464733975,1631.8295578757627,0.9982138979991612,1631.8212245334005,0.9875138088360544
1631.830946765924,0.9857938167948207,1631.830946765924,0.9924486489048027,1631.830946765924,0.9783497415767284,1631.8226134240265,0.9813387408923212
1631.8323356565495,0.988771608787645,1631.8323356565495,0.9924868157870964,1631.8323356565495,0.9813427855463344,1631.8240023141873,0.9770714587956896
1631.8337245467108,1.0053316289337,1631.8337245467108,0.9925477421580894,1631.8337245467108,0.997839638418258,1631.825391204349,0.9780302999661712
1631.8351134368725,0.9823588880719123,1631.8351134368725,0.9926081204210261,1631.8351134368725,0.97509740946795,1631.826780094976,0.9923830559288732
1631.836502327499,1.0070632230477543,1631.836502327499,0.992635702935317,1631.836502327499,0.9996469103103136,1631.8281689851362,0.9849748848499912
1631.8378912176593,1.0057113494803105,1631.8378912176593,0.992650716527152,1631.8378912176593,0.9983200916811192,1631.8295578757627,0.9982138979991612
1631.8392801078196,0.9900394444754054,1631.8392801078196,0.9926950021564048,1631.8392801078196,0.9828072084684384,1631.830946765924,0.9783497415767284
1631.840668998447,0.9875987521694854,1631.840668998447,0.9928241689151474,1631.840668998447,0.980511910344306,1631.8323356565495,0.9813427855463344
1631.842057888609,1.0011294374510813,1631.842057888609,0.9928902671400887,1631.842057888609,0.9940116745926107,1631.8337245467108,0.997839638418258
1631.843446779235,0.9977738133556795,1631.843446779235,0.992984627255133,1631.843446779235,0.990774058139922,1631.8351134368725,0.97509740946795
1631.844835669395,0.9897378010841161,1631.844835669395,0.9929631151103655,1631.844835669395,0.9827731301069672,1631.836502327499,0.9996469103103136
1631.8462245595565,0.9925037679284999,1631.8462245595565,0.9930524117951093,1631.8462245595565,0.9856082604571302,1631.8378912176593,0.9983200916811192
1631.847613450182,0.9945033031533927,1631.847613450182,0.9930996821309599,1631.847613450182,0.987640914239824,1631.8392801078196,0.9828072084684384
1631.849002340343,0.9975968519579682,1631.849002340343,0.9931482622538925,1631.849002340343,0.9907615799520098,1631.840668998447,0.980511910344306
1631.8503912305048,0.9815006203161852,1631.8503912305048,0.9932256913706959,1631.8503912305048,0.97485163219431,1631.842057888609,0.9940116745926107
1631.8517801211312,0.9870281868744575,1631.8517801211312,0.9932353056930161,1631.8517801211312,0.9803512429178752,1631.843446779235,0.990774058139922
1631.8531690112916,1.011718948511214,1631.8531690112916,0.9932860346345523,1631.8531690112916,1.0049263025313424,1631.844835669395,0.9827731301069672
1631.854557901452,0.999094607119882,1631.854557901452,0.9933480872999533,1631.854557901452,0.992448717014233,1631.8462245595565,0.9856082604571302
1631.8559467920793,1.000943117002316,1631.8559467920793,0.9933520153022862,1631.8559467920793,0.9942888624772026,1631.847613450182,0.987640914239824
1631.857335682241,0.999732662813825,1631.857335682241,0.9934707450446563,1631.857335682241,0.9932051533711288,1631.849002340343,0.9907615799520098
1631.8587245724011,0.9881355867782579,1631.8587245724011,0.9934792228348086,1631.8587245724011,0.9816921748078812,1631.8503912305048,0.97485163219431
1631.8601134630271,0.9960422937182016,1631.8601134630271,0.9934968474169465,1631.8601134630271,0.9895648787029776,1631.8517801211312,0.9803512429178752
1631.8615023531886,0.9904710085483578,1631.8615023531886,0.993596144424389,1631.8615023531886,0.9841281752577844,1631.8531690112916,1.0049263025313424
1631.8628912433494,0.9971922604280273,1631.8628912433494,0.9936648684933895,1631.8628912433494,0.9908749163208416,1631.854557901452,0.992448717014233
1631.8642801339763,1.0078477996832977,1631.8642801339763,0.9937243913568148,1631.8642801339763,1.00152294132059,1631.8559467920793,0.9942888624772026
1631.865669024137,1.0098109983223316,1631.865669024137,0.9937112037528432,1631.865669024137,1.0034605027057444,1631.857335682241,0.9932051533711288
1631.867057914298,0.992293280289977,1631.867057914298,0.9937342364765154,1631.867057914298,0.9860758052497371,1631.8587245724011,0.9816921748078812
1631.8684468044592,0.9900911140802324,1631.8684468044592,0.9938311012271088,1631.8684468044592,0.9839833422215324,1631.8601134630271,0.9895648787029776
1631.8698356950852,0.9868432383164518,1631.8698356950852,0.9937862256604378,1631.8698356950852,0.9807112171250306,1631.8615023531886,0.9841281752577844
1631.871224585246,0.9945252948335137,1631.871224585246,0.9938909327539556,1631.871224585246,0.9884496729294836,1631.8628912433494,0.9908749163208416
1631.8726134754077,0.9935040310354271,1631.8726134754077,0.9939800525639659,1631.8726134754077,0.9875231889911058,1631.8642801339763,1.00152294132059
1631.8740023660346,0.9941584695212521,1631.8740023660346,0.9940428121594204,1631.8740023660346,0.9882360807750108,1631.865669024137,1.0034605027057444
1631.875391256195,0.9866233693529669,1631.875391256195,0.9940219082511077,1631.875391256195,0.9807252443293736,1631.867057914298,0.9860758052497371
1631.8767801463553,0.9974982945288695,1631.8767801463553,0.9940166289405546,1631.8767801463553,0.9915298921015394,1631.8684468044592,0.9839833422215324
1631.878169036516,0.9967944307130461,1631.878169036516,0.9940124119052669,1631.878169036516,0.9908260362468124,1631.8698356950852,0.9807112171250306
1631.879557927143,1.0032291898556918,1631.879557927143,0.9941378240942538,1631.879557927143,0.9973480838709784,1631.871224585246,0.9884496729294836
1631.8809468173038,0.9954676959854393,1631.8809468173038,0.9942139845870703,1631.8809468173038,0.989707904553394,1631.8726134754077,0.9875231889911058
1631.8823357074648,0.9959589941106733,1631.8823357074648,0.9942368831320508,1631.8823357074648,0.9902191660319284,1631.8740023660346,0.9882360807750108
1631.8837245976258,1.0018864770023648,1631.8837245976258,0.9943111787714327,1631.8837245976258,0.9961869239433792,1631.875391256195,0.9807252443293736
1631.8851134882518,0.997548587248559,1631.8851134882518,0.9944021674200381,1631.8851134882518,0.991964477266764,1631.8767801463553,0.9915298921015394
1631.8865023784126,1.0009863918887818,1631.8865023784126,0.9944268740762606,1631.8865023784126,0.9954077686788362,1631.878169036516,0.9908260362468124
1631.8878912685743,0.9998428571094486,1631.8878912685743,0.9945221651041278,1631.8878912685743,0.994365883016386,1631.879557927143,0.9973480838709784
1631.8892801587356,1.0016415072239246,1631.8892801587356,0.9945387191741404,1631.8892801587356,0.9961712616661376,1631.8809468173038,0.989707904553394
1631.8906690493616,0.9958103774173838,1631.8906690493616,0.9946486686715292,1631.8906690493616,0.9904814661474938,1631.8823357074648,0.9902191660319284
1631.8934468296827,0.9783552850914091,1631.8934468296827,0.9947893683908337,1631.8934468296827,0.9732574361179168,1631.8837245976258,0.9961869239433792
1631.8948357198444,0.9715362750534802,1631.8948357198444,0.9949125712646724,1631.8948357198444,0.96659365349036,1631.8851134882518,0.991964477266764
1631.8962246100057,0.998741957929764,1631.8962246100057,0.9949054847528923,1631.8962246100057,0.9936538517971646,1631.8865023784126,0.9954077686788362
1631.8976135006317,0.9693093848334793,1631.8976135006317,0.9949836347171783,1631.8976135006317,0.9644469748870874,1631.8878912685743,0.994365883016386
1631.8990023907925,0.9846496776238712,1631.8990023907925,0.9950209325389804,1631.8990023907925,0.9797470404535108,1631.8892801587356,0.9961712616661376
1631.9003912809533,1.0057474210220603,1631.9003912809533,0.9951286630977577,1631.9003912809533,1.0008480864957006,1631.8906690493616,0.9904814661474938
1631.9017801711143,0.984291355589526,1631.9017801711143,0.9951333734275716,1631.9017801711143,0.9795011771234023,1631.8934468296827,0.9732574361179168
1631.903169061275,1.0157156217057106,1631.903169061275,0.9951217164696587,1631.903169061275,1.0107606729168332,1631.8948357198444,0.96659365349036
1631.9045579514366,0.9920015746729618,1631.9045579514366,0.9951692137514184,1631.9045579514366,0.9872094271074604,1631.8962246100057,0.9936538517971646
1631.905946842063,0.9948855139657443,1631.905946842063,0.9952106222040603,1631.905946842063,0.9901206313756548,1631.8976135006317,0.9644469748870874
1631.9073357322234,0.9918621098491504,1631.9073357322234,0.9953400310455894,1631.9073357322234,0.9872400632101972,1631.8990023907925,0.9797470404535108
1631.9087246223835,0.9863921530648492,1631.9087246223835,0.9953168429125994,1631.9087246223835,0.9817727236622672,1631.9003912809533,1.0008480864957006
1631.9101135125454,0.9835151567839885,1631.9101135125454,0.9954140479290197,1631.9101135125454,0.9790048034138944,1631.9017801711143,0.9795011771234023
1631.911502402707,1.002058032594532,1631.911502402707,0.9954610925998701,1631.911502402707,0.9975097839750292,1631.903169061275,1.0107606729168332
1631.912891292867,0.9814150575760798,1631.912891292867,0.9955850200739583,1631.912891292867,0.9770821297977664,1631.9045579514366,0.9872094271074604
1631.9142801834937,0.973816318418101,1631.9142801834937,0.9956157387977213,1631.9142801834937,0.9695468533151146,1631.905946842063,0.9901206313756548
1631.9156690736545,1.0013205316928888,1631.9156690736545,0.9957489213471821,1631.9156690736545,0.997063839355981,1631.9073357322234,0.9872400632101972
1631.9170579638155,1.0047411255368575,1631.9170579638155,0.995807739606966,1631.9170579638155,1.000528989111017,1631.9087246223835,0.9817727236622672
1631.9184468539763,0.9800641306050167,1631.9184468539763,0.9959209553962036,1631.9184468539763,0.976066405301698,1631.9101135125454,0.9790048034138944
1631.9198357441376,1.0240275395536313,1631.9198357441376,0.9959767443203025,1631.9198357441376,1.0199076149389554,1631.911502402707,0.9975097839750292
1631.9212246342984,0.9955944140197377,1631.9212246342984,0.9959389286871144,1631.9212246342984,0.991551234105693,1631.912891292867,0.9770821297977664
1631.9226135244587,0.9962821003374959,1631.9226135244587,0.9959715230152348,1631.9226135244587,0.9922686008259528,1631.9142801834937,0.9695468533151146
1631.924002414619,0.9953497001396476,1631.924002414619,0.9960422548255058,1631.924002414619,0.9914103596669857,1631.9156690736545,0.997063839355981
1631.9253913052464,0.9870015602136922,1631.9253913052464,0.9961302089854397,1631.9253913052464,0.9831820704446202,1631.9170579638155,1.000528989111017
1631.926780195408,1.0050466210258755,1631.926780195408,0.9961725798514826,1631.926780195408,1.0011998853383617,1631.9184468539763,0.976066405301698
1631.9281690855685,1.0113683476720927,1631.9281690855685,0.99628089393943,1631.9281690855685,1.0076069615207968,1631.9198357441376,1.0199076149389554
1631.93094686589,0.9902697841654005,1631.93094686589,0.9963954599222942,1631.93094686589,0.9867003170406352,1631.9212246342984,0.991551234105693
1631.9323357560509,0.9909128711223417,1631.9323357560509,0.9964337664604774,1631.9323357560509,0.9873790444066006,1631.9226135244587,0.9922686008259528
1631.9337246462117,0.9909328865615188,1631.9337246462117,0.9964370009182154,1631.9337246462117,0.98740219359659,1631.924002414619,0.9914103596669857
1631.935113536373,1.002113840751854,1631.935113536373,0.9965187659404963,1631.935113536373,0.9986252479179284,1631.9253913052464,0.9831820704446202
1631.9365024265337,0.9946445436292033,1631.9365024265337,0.9966488179333499,1631.9365024265337,0.9913113086719018,1631.926780195408,1.0011998853383617
1631.937891316694,1.0050332605334802,1631.937891316694,0.9967791215943193,1631.937891316694,1.001796170607637,1631.9281690855685,1.0076069615207968
1631.9392802068544,0.9981522256627768,1631.9392802068544,0.9968999091473818,1631.9392802068544,0.9950578630784792,1631.93094686589,0.9867003170406352
1631.940669097016,1.021706755666151,1631.940669097016,0.9969413799821648,1631.940669097016,1.018581742930913,1631.9323357560509,0.9873790444066006
1631.9420579876437,0.9984285608603605,1631.9420579876437,0.9969108437237442,1631.9420579876437,0.9953442590051856,1631.9337246462117,0.98740219359659
1631.9434468778038,1.0104720176508515,1631.9434468778038,0.9969950730890885,1631.9434468778038,1.0074356230922894,1631.935113536373,0.9986252479179284
1631.9448357679642,0.9937866612397994,1631.9448357679642,0.9969734108386032,1631.9448357679642,0.9907788773021504,1631.9365024265337,0.9913113086719018
1631.9462246581254,1.0017206909503833,1631.9462246581254,0.9970356443771199,1631.9462246581254,0.9987512345876092,1631.937891316694,1.001796170607637
1631.9476135482862,0.9905329278579891,1631.9476135482862,0.9970765231308009,1631.9476135482862,0.9876371277552162,1631.9392802068544,0.9950578630784792
1631.949002438447,1.0055973448538509,1631.949002438447,0.9971868379713363,1631.949002438447,1.002768436587183,1631.940669097016,1.018581742930913
1631.9503913286082,1.0042370852423148,1631.9503913286082,0.9972379221051868,1631.9503913286082,1.0014633041880154,1631.9420579876437,0.9953442590051856
1631.951780218769,1.0064201913342203,1631.951780218769,0.9973124651189638,1631.951780218769,1.0037154019650305,1631.9434468778038,1.0074356230922894
1631.9531691089303,1.0199631266547433,1631.9531691089303,0.9973697778201172,1631.9531691089303,1.0172803970163533,1631.9448357679642,0.9907788773021504
1631.9545579990906,1.0034699361114905,1631.9545579990906,0.9974424453012412,1631.9545579990906,1.0009035068613252,1631.9462246581254,0.9987512345876092
1631.9559468892514,0.9985560710681618,1631.9559468892514,0.9975073770443884,1631.9559468892514,0.996067047282952,1631.9476135482862,0.9876371277552162
1631.9573357794131,1.004741228894706,1631.9573357794131,0.9975341775342615,1631.9573357794131,1.0022637154002438,1631.949002438447,1.002768436587183
1631.9587246695744,1.0112672167911314,1631.9587246695744,0.9976208244428181,1631.9587246695744,1.0088612345471626,1631.9503913286082,1.0014633041880154
1631.9601135597347,0.9965223933030015,1631.9601135597347,0.9976837170385244,1631.9601135597347,0.994214165462665,1631.951780218769,1.0037154019650305
1631.961502449895,1.0060428463533844,1631.961502449895,0.9977321281106594,1631.961502449895,1.0037612700626672,1631.9531691089303,1.0172803970163533
1631.962891340056,1.0073313566860267,1631.962891340056,0.9978142358402713,1631.962891340056,1.0051295679096115,1631.9545579990906,1.0009035068613252
1631.9642802302176,0.9990841424835748,1631.9642802302176,0.9978698311299102,1631.9642802302176,0.996955924544656,1631.9559468892514,0.996067047282952
1631.9656691203786,0.9987587550352939,1631.9656691203786,0.997913863903642,1631.9656691203786,0.9966752083448612,1631.9573357794131,1.0022637154002438
1631.9670580105387,0.9817628585063429,1631.9670580105387,0.998037020983507,1631.9670580105387,0.9798356786159228,1631.9587246695744,1.0088612345471626
1631.9684469007,1.0020431574884163,1631.9684469007,0.9981682393452379,1631.9684469007,1.0002076542581555,1631.9601135597347,0.994214165462665
1631.9698357908603,0.9960304276069984,1631.9698357908603,0.9982541724318057,1631.9698357908603,0.9942915302277218,1631.961502449895,1.0037612700626672
1631.971224681021,1.0087110084057749,1631.971224681021,0.9982875631663336,1631.971224681021,1.006983654520456,1631.962891340056,1.0051295679096115
1631.9726135711828,1.012870224837503,1631.9726135711828,0.9982650919178905,1631.9726135711828,1.0111129880983043,1631.9642802302176,0.996955924544656
1631.974002461344,1.00983128649635,1631.974002461344,0.998358494974794,1631.974002461344,1.008173643364956,1631.9656691203786,0.9966752083448612
1631.9753913510388,0.9971238955050937,1631.9753913510388,0.9984269357197346,1631.9753913510388,0.9955553555220756,1631.9670580105387,0.9798356786159228
1631.976780241199,1.0098003729270908,1631.976780241199,0.9984914942319252,1631.976780241199,1.0082770832399262,1631.9684469007,1.0002076542581555
1631.97816913136,0.987004218230807,1631.97816913136,0.9985243675315335,1631.97816913136,0.9855477627598722,1631.9698357908603,0.9942915302277218
1631.9795580215216,1.0003098095438325,1631.9795580215216,0.9985416163117927,1631.9795580215216,0.99885097403444,1631.971224681021,1.006983654520456
1631.9809469116826,1.0164691677844488,1631.9809469116826,0.9985816302594435,1631.9809469116826,1.0150274386746547,1631.9726135711828,1.0111129880983043
1631.9823358018427,1.0060216564289295,1631.9823358018427,0.9986812672708741,1631.9823358018427,1.0046949827443872,1631.974002461344,1.008173643364956
1631.983724692004,1.0122106421216812,1631.983724692004,0.9986986205481165,1631.983724692004,1.0108933719910462,1631.9753913510388,0.9955553555220756
1631.9851135821648,1.003745624604488,1631.9851135821648,0.998799431334009,1631.9851135821648,1.0025405590589622,1631.976780241199,1.0082770832399262
1631.986502472326,0.9833606203528226,1631.986502472326,0.99886812927516,1631.986502472326,0.9822475832546848,1631.97816913136,0.9855477627598722
1631.9878913624868,0.9984759849547317,1631.9878913624868,0.9989007154669425,1631.9878913624868,0.9973783757478416,1631.9795580215216,0.99885097403444
1631.989280252648,0.9705377242352575,1631.989280252648,0.99893586782415,1631.989280252648,0.9695049438150226,1631.9809469116826,1.0150274386746547
1631.9906691428089,0.9958752342533845,1631.9906691428089,0.9990036523808532,1631.9906691428089,0.994882996334769,1631.9823358018427,1.0046949827443872
1631.9920580329692,1.017000811871151,1631.9920580329692,0.999052521310212,1631.9920580329692,1.016037225274406,1631.983724692004,1.0108933719910462
1631.993446922664,1.0195657285122341,1631.993446922664,0.9991777950582854,1631.993446922664,1.0187274365318486,1631.9851135821648,1.0025405590589622
1631.9948358128256,1.0105238534570655,1631.9948358128256,0.999303381261165,1631.9948358128256,1.0098199036047075,1631.986502472326,0.9822475832546848
1631.9962247029869,1.003207566276712,1631.9962247029869,0.9993369268192598,1631.9962247029869,1.002542366244798,1631.9878913624868,0.9973783757478416
1631.999002483308,0.9892164194710059,1631.999002483308,0.9993732208131989,1631.999002483308,0.9885963992080395,1631.989280252648,0.9695049438150226
1632.0003913734688,1.00809719686475,1632.0003913734688,0.9993727642779044,1632.0003913734688,1.0074648822915322,1631.9906691428089,0.994882996334769
1632.00178026363,1.0162017001417543,1632.00178026363,0.9994183666678252,1632.00178026363,1.0156106433607393,1631.9920580329692,1.016037225274406
1632.0031691537909,0.9994878729929519,1632.0031691537909,0.9995312735025729,1632.0031691537909,0.999019386543023,1631.993446922664,1.0187274365318486
1632.0045580434864,1.0235123671902338,1632.0045580434864,0.999582274281108,1632.0045580434864,1.0230848197508544,1631.9948358128256,1.0098199036047075
1632.0059469336472,1.0110277792527413,1632.0059469336472,0.9997167407358158,1632.0059469336472,1.0107413962679204,1631.9962247029869,1.002542366244798
1632.0101136041296,0.9986655459097432,1632.0101136041296,0.9997021678373739,1632.0101136041296,0.9983681111904648,1631.999002483308,0.9885963992080395
1632.011502494291,1.0050452949643371,1632.011502494291,0.9997405814069356,1632.011502494291,1.0047845675279514,1632.0003913734688,1.0074648822915322
1632.0142802741464,1.0046936791874115,1632.0142802741464,0.9998469481771443,1632.0142802741464,1.0045399089884002,1632.00178026363,1.0156106433607393
1632.0170580544689,1.0005762159320948,1632.0170580544689,0.9999662174540275,1632.0170580544689,1.0005424139200811,1632.0031691537909,0.999019386543023
1632.01844694463,0.998638029073635,1632.01844694463,1.000045454925192,1632.01844694463,0.9986834220905404,1632.0045580434864,1.0230848197508544
1632.0198358343248,1.0037614020562318,1632.0198358343248,1.000107893326391,1632.0198358343248,1.0038697012128024,1632.0059469336472,1.0107413962679204
1632.0212247244856,1.0052598178721097,1632.0212247244856,1.0001728782322072,1632.0212247244856,1.0054336054123325,1632.0101136041296,0.9983681111904648
1632.0240025048072,0.9982855811716008,1632.0240025048072,1.000289217156396,1632.0240025048072,0.9985743024886584,1632.011502494291,1.0047845675279514
1632.025391394968,1.013863561791129,1632.025391394968,1.000402038947772,1632.025391394968,1.0142711744306956,1632.0142802741464,1.0045399089884002
1632.026780284664,1.0102255473313169,1632.026780284664,1.0004163272521058,1632.026780284664,1.0106461317574444,1632.0170580544689,1.0005424139200811
1632.0281691748244,1.020902182450676,1632.0281691748244,1.000443882345744,1632.0281691748244,1.0213553429061974,1632.01844694463,0.9986834220905404
1632.0295580649847,0.9963116385403067,1632.0295580649847,1.0004626923031985,1632.0295580649847,0.9967726242670464,1632.0198358343248,1.0038697012128024
1632.0309469551455,1.0150185762682098,1632.0309469551455,1.0005783044513867,1632.0309469551455,1.015605566029106,1632.0212247244856,1.0054336054123325
1632.0323358448416,1.0092817023199088,1632.0323358448416,1.000582023416605,1632.0323358448416,1.00986912790461,1632.0240025048072,0.9985743024886584
1632.0337247350028,1.0064279796237594,1632.0337247350028,1.0005887227672032,1632.0337247350028,1.0070204866889143,1632.025391394968,1.0142711744306956
1632.0351136251631,0.9948648254351599,1632.0351136251631,1.000619876812704,1632.0351136251631,0.9954815190722218,1632.026780284664,1.0106461317574444
1632.036502515324,1.010379817541419,1632.036502515324,1.000637314787979,1632.036502515324,1.0110237475406136,1632.0281691748244,1.0213553429061974
1632.0378914054852,1.023970229166294,1632.0378914054852,1.0006209270129862,1632.0378914054852,1.024606039942077,1632.0295580649847,0.9967726242670464
1632.040669185341,0.9999002075495041,1632.040669185341,1.0006859054482218,1632.040669185341,1.0005860445495405,1632.0309469551455,1.015605566029106
1632.0420580755024,0.9996078072349873,1632.0420580755024,1.0006459684649636,1632.0420580755024,1.0002535223557925,1632.0323358448416,1.00986912790461
1632.043446965198,1.0091554705826136,1632.043446965198,1.0006998490186154,1632.043446965198,1.0098617270483312,1632.0337247350028,1.0070204866889143
1632.0448358553583,0.9997592808717272,1632.0448358553583,1.0007228093451315,1632.0448358553583,1.0004819162228231,1632.0351136251631,0.9954815190722218
1632.0462247455189,1.0083635718221264,1632.0462247455189,1.000755963807647,1632.0462247455189,1.0091258581873737,1632.036502515324,1.0110237475406136
1632.0476136356804,0.9930768333220399,1632.0476136356804,1.0007599865961692,1632.0476136356804,0.9938315584043308,1632.0378914054852,1.024606039942077
1632.0490025253762,1.0101026856255628,1632.0490025253762,1.0008307434175874,1632.0490025253762,1.0109418217827335,1632.040669185341,1.0005860445495405
1632.0503914155363,1.0012849008147198,1632.0503914155363,1.0008741654382018,1632.0503914155363,1.0021601894688053,1632.0420580755024,1.0002535223557925
1632.0517803056966,1.0077917466265351,1632.0517803056966,1.0008245149785275,1632.0517803056966,1.0086226860168652,1632.043446965198,1.0098617270483312
1632.0531691953922,1.0033118847949558,1632.0531691953922,1.0009017236370084,1632.0531691953922,1.0042165948367667,1632.0448358553583,1.0004819162228231
1632.0545580855526,1.0034546737103294,1632.0545580855526,1.0009503717137718,1632.0545580855526,1.0044083286482757,1632.0462247455189,1.0091258581873737
1632.0559469757134,1.008338559950515,1632.0559469757134,1.0009751177376036,1632.0559469757134,1.0093218087658324,1632.0476136356804,0.9938315584043308
1632.0573358654094,1.0014941795705972,1632.0573358654094,1.0010024558004853,1632.0573358654094,1.00249813322006,1632.0490025253762,1.0109418217827335
1632.058724755571,1.0076406103685613,1632.058724755571,1.0010666089215439,1632.058724755571,1.0087153688332904,1632.0503914155363,1.0021601894688053
1632.060113645731,1.008568270080263,1632.060113645731,1.0010448372558836,1632.060113645731,1.009622059783945,1632.0517803056966,1.0086226860168652
1632.0615025358911,1.0209336990142017,1632.0615025358911,1.0010376014853617,1632.0615025358911,1.0219930213367547,1632.0531691953922,1.0042165948367667
1632.0628914255874,1.0120078170351352,1632.0628914255874,1.001079085345303,1632.0628914255874,1.01309985983983,1632.0545580855526,1.0044083286482757
1632.0642803157489,1.0096267303471071,1632.0642803157489,1.0011748687018356,1632.0642803157489,1.0108129091931286,1632.0559469757134,1.0093218087658324
1632.065669205443,0.9959556672134895,1632.065669205443,1.0011754892647637,1632.065669205443,0.9971264024084796,1632.0573358654094,1.00249813322006
1632.0670580956037,0.9845671469867371,1632.0670580956037,1.0012128394440076,1632.0670580956037,0.9857612688578766,1632.058724755571,1.0087153688332904
1632.068446985765,1.0056871956955256,1632.068446985765,1.0012642264891898,1632.068446985765,1.0069586120881628,1632.060113645731,1.009622059783945
1632.06983587546,1.0299575554241331,1632.06983587546,1.0012362485799806,1632.06983587546,1.0312308389894664,1632.0615025358911,1.0219930213367547
1632.0712247656213,1.007365882296858,1632.0712247656213,1.0013212522074897,1632.0712247656213,1.0086968666925926,1632.0628914255874,1.01309985983983
1632.072613655782,0.9989933239456272,1632.072613655782,1.0013728514404276,1632.072613655782,1.0003647933693836,1632.0642803157489,1.0108129091931286
1632.0740025454777,1.0008551229827904,1632.0740025454777,1.0014437597114594,1632.0740025454777,1.0023001172863608,1632.065669205443,0.9971264024084796
1632.0753914356385,0.9988733623175491,1632.0753914356385,1.00150793165702,1632.0753914356385,1.0003795950819416,1632.0670580956037,0.9857612688578766
1632.0767803257988,1.0333803764289535,1632.0767803257988,1.0015460128707783,1632.0767803257988,1.0349779957913223,1632.068446985765,1.0069586120881628
1632.0781692154944,1.0095936233210872,1632.0781692154944,1.0015666399071617,1632.0781692154944,1.011175292981398,1632.06983587546,1.0312308389894664
1632.079558105656,1.0152542387984158,1632.079558105656,1.0015680834161689,1632.079558105656,1.0168462421334707,1632.0712247656213,1.0086968666925926
1632.0809469953513,1.0010478847862108,1632.0809469953513,1.0015801729347957,1632.0809469953513,1.0026297135601845,1632.072613655782,1.0003647933693836
1632.0823358855116,1.008092604404578,1632.0823358855116,1.0015963114088,1632.0823358855116,1.0097018341301158,1632.0740025454777,1.0023001172863608
1632.085113665367,1.0061241182499785,1632.085113665367,1.0015535338741801,1632.085113665367,1.0076871661493094,1632.0753914356385,1.0003795950819416
1632.0865025555283,1.012242953261312,1632.0865025555283,1.0015883887521848,1632.0865025555283,1.0138507885827506,1632.0767803257988,1.0349779957913223
1632.0878914452237,0.9993310060438195,1632.0878914452237,1.0015422079908474,1632.0878914452237,1.0008721823068418,1632.0781692154944,1.011175292981398
1632.0892803353847,1.0067884282886799,1632.0892803353847,1.0015655467775377,1632.0892803353847,1.0083646026682496,1632.079558105656,1.0168462421334707
1632.0906692255455,0.9984330269270686,1632.0906692255455,1.0015656399038948,1632.0906692255455,0.999996213515392,1632.0809469953513,1.0026297135601845
1632.0920581152402,1.0089373523050875,1632.0920581152402,1.0016221662605025,1632.0920581152402,1.0105740164369577,1632.0823358855116,1.0097018341301158
1632.0934470054003,1.0213604607780684,1632.0934470054003,1.0016641145135692,1632.0934470054003,1.0230601215444348,1632.085113665367,1.0076871661493094
1632.0948358950966,1.017301849715776,1632.0948358950966,1.0017348060606062,1632.0948358950966,1.0190666711301288,1632.0865025555283,1.0138507885827506
1632.0962247852583,0.9986731756656891,1632.0962247852583,1.001807352111288,1632.0962247852583,1.0004781297382153,1632.0878914452237,1.0008721823068418
1632.097613674953,1.0124036326626182,1632.097613674953,1.0018042002519623,1632.097613674953,1.0142302115517556,1632.0892803353847,1.0083646026682496
1632.099002565113,1.0222768094557468,1632.099002565113,1.001914642308197,1632.099002565113,1.0242341038858196,1632.0906692255455,0.999996213515392
1632.1003914548085,1.0159530481414814,1632.1003914548085,1.0020172671410759,1632.1003914548085,1.018002496842373,1632.0920581152402,1.0105740164369577
1632.1017803449702,1.012412699419439,1632.1017803449702,1.002098938402284,1632.1017803449702,1.0145376913132105,1632.0934470054003,1.0230601215444348
1632.1031692351314,1.000014146525476,1632.1031692351314,1.0021429145956724,1632.1031692351314,1.0021570914359443,1632.0948358950966,1.0190666711301288
1632.104558124826,1.0142855855696105,1632.104558124826,1.0021427914259609,1632.104558124826,1.0164589880258448,1632.0962247852583,1.0004781297382153
1632.105947014987,1.0153594584436607,1632.105947014987,1.002119616147052,1632.105947014987,1.01751163074684,1632.097613674953,1.0142302115517556
1632.1073359046825,0.9836653103114461,1632.1073359046825,1.0021661955482013,1632.1073359046825,0.9857961217275628,1632.099002565113,1.0242341038858196
1632.1087247948428,1.0118580698015878,1632.1087247948428,1.0022619308978526,1632.1087247948428,1.0141468228339134,1632.1003914548085,1.018002496842373
1632.110113684538,1.010256726039812,1632.110113684538,1.0022827281204882,1632.110113684538,1.0125628674772555,1632.1017803449702,1.0145376913132105
1632.1115025746997,1.0000990796853355,1632.1115025746997,1.0023625896769028,1632.1115025746997,1.00246190344688,1632.1031692351314,1.0021570914359443
1632.1128914643944,1.005601126316133,1632.1128914643944,1.0024073158151385,1632.1128914643944,1.008021925811235,1632.104558124826,1.0164589880258448
1632.1142803545547,0.9918786734587439,1632.1142803545547,1.002352011765446,1632.1142803545547,0.994211583768614,1632.105947014987,1.01751163074684
1632.1156692442498,1.0232215282730786,1632.1156692442498,1.002399842464581,1632.1156692442498,1.0256770987473018,1632.1073359046825,0.9857961217275628
1632.1170581344115,1.0022822368254574,1632.1170581344115,1.0023996962745068,1632.1170581344115,1.0046874097751717,1632.1087247948428,1.0141468228339134
1632.1184470241071,0.9942426608876314,1632.1184470241071,1.002477273953253,1632.1184470241071,0.9967056723346612,1632.110113684538,1.0125628674772555
1632.1198359142677,1.0138190561056202,1632.1198359142677,1.0025306085105714,1632.1198359142677,1.0163846352371806,1632.1115025746997,1.00246190344688
1632.1212248039626,1.002736576962439,1632.1212248039626,1.002528151694752,1632.1212248039626,1.0052716471388763,1632.1128914643944,1.008021925811235
1632.122613694124,1.0072036114309828,1632.122613694124,1.002566906901684,1632.122613694124,1.009789009332566,1632.1142803545547,0.994211583768614
1632.1240025838183,0.9807498927682781,1632.1240025838183,1.0025857375013603,1632.1240025838183,0.983285854545464,1632.1156692442498,1.0256770987473018
1632.1253914735137,1.0307602221118741,1632.1253914735137,1.002609820592016,1632.1253914735137,1.0334503213649726,1632.1170581344115,1.0046874097751717
1632.1267803636754,1.022352833483044,1632.1267803636754,1.0026067191021153,1632.1267803636754,1.025017820143186,1632.1184470241071,0.9967056723346612
1632.128169253371,1.014434380297188,1632.128169253371,1.0026781031444252,1632.128169253371,1.0171511402008748,1632.1198359142677,1.0163846352371806
1632.129558143531,1.0160807339213704,1632.129558143531,1.0026463155832097,1632.129558143531,1.0187696042013457,1632.1212248039626,1.0052716471388763
1632.1309470332255,0.9868056498526075,1632.1309470332255,1.0027320246357803,1632.1309470332255,0.989501627198732,1632.122613694124,1.009789009332566
1632.1323359233872,1.0167042319507564,1632.1323359233872,1.0027289781228028,1632.1323359233872,1.0194787955571112,1632.1240025838183,0.983285854545464
1632.1337248130833,1.0106558597140032,1632.1337248130833,1.0027422242312292,1632.1337248130833,1.0134273047019446,1632.1253914735137,1.0334503213649726
1632.1365025929383,1.011033360630644,1632.1365025929383,1.0027764674096928,1632.1365025929383,1.0138404618065473,1632.1267803636754,1.025017820143186
1632.137891482634,1.0033325165997173,1632.137891482634,1.0027609768529302,1632.137891482634,1.0061026944538414,1632.128169253371,1.0171511402008748
1632.1392803727942,1.018691593994499,1632.1392803727942,1.0027388011908926,1632.1392803727942,1.0214815877452834,1632.129558143531,1.0187696042013457
1632.1406692624894,1.0053597632823392,1632.1406692624894,1.0027771369430356,1632.1406692624894,1.008151785021992,1632.1309470332255,0.989501627198732
1632.142058152651,0.996778887694552,1632.142058152651,1.0027184350987248,1632.142058152651,0.9994885664085288,1632.1323359233872,1.0194787955571112
1632.143447042347,1.0205697685106432,1632.143447042347,1.0027196025745415,1632.143447042347,1.023345312680584,1632.1337248130833,1.0134273047019446
1632.1448359320414,0.9979057024263154,1632.1448359320414,1.0026659603368304,1632.1448359320414,1.0005660794488809,1632.1365025929383,1.0138404618065473
1632.1462248222017,1.0092000454221157,1632.1462248222017,1.0027083162996346,1632.1462248222017,1.0119332783547244,1632.137891482634,1.0061026944538414
1632.1476137118973,1.0131720672586013,1632.1476137118973,1.0027083163828006,1632.1476137118973,1.0159160577669537,1632.1392803727942,1.0214815877452834
1632.149002602059,1.0108776494213987,1632.149002602059,1.0027038878400303,1632.149002602059,1.0136109492054275,1632.1406692624894,1.008151785021992
1632.1503914917537,0.9929681703896854,1632.1503914917537,1.0027238922140982,1632.1503914917537,0.9956729086578572,1632.142058152651,0.9994885664085288
1632.155947051466,1.007310787626657,1632.155947051466,1.002649296228307,1632.155947051466,1.009979452297049,1632.143447042347,1.023345312680584
1632.1573359411611,0.9873685476287839,1632.1573359411611,1.002648885344175,1632.1573359411611,0.9899839737038972,1632.1448359320414,1.0005660794488809
1632.1587248308567,1.0129448492451414,1632.1587248308567,1.0026463393640368,1632.1587248308567,1.015625445073297,1632.1462248222017,1.0119332783547244
1632.1601137210175,0.9893839172793343,1632.1601137210175,1.0026360829317675,1632.1601137210175,0.9919920153366396,1632.1476137118973,1.0159160577669537
1632.1615026107122,1.012427692573756,1632.1615026107122,1.0026530889646417,1632.1615026107122,1.015113753312421,1632.149002602059,1.0136109492054275
1632.1628915004078,0.9984450580386164,1632.1628915004078,1.0026480180263713,1632.1628915004078,1.001088958550644,1632.1503914917537,0.9956729086578572
1632.1642803905693,1.0155182470013093,1632.1642803905693,1.0026491587268518,1632.1642803905693,1.01820851602763,1632.155947051466,1.009979452297049
1632.1656692802646,1.017536379247331,1632.1656692802646,1.0026212172269375,1632.1656692802646,1.02020356313365,1632.1573359411611,0.9899839737038972
1632.167058169959,1.0099889362336136,1632.167058169959,1.0025805971122155,1632.167058169959,1.0125953107658276,1632.1587248308567,1.015625445073297
1632.1684470601197,1.0120044792214873,1632.1684470601197,1.002561837529501,1632.1684470601197,1.0145970702763798,1632.1601137210175,0.9919920153366396
1632.1698359498148,0.9932568792052058,1632.1698359498148,1.00245114602354,1632.1698359498148,0.9956914968550232,1632.1615026107122,1.015113753312421
1632.1712248395104,1.0079026679497602,1632.1712248395104,1.0024865557003735,1632.1712248395104,1.0104088740741723,1632.1628915004078,1.001088958550644
1632.1726137296712,1.0120392345310387,1632.1726137296712,1.0025294484771312,1632.1726137296712,1.0145991356316204,1632.1642803905693,1.01820851602763
1632.1740026193668,1.0071575356527682,1632.1740026193668,1.002578765598677,1632.1740026193668,1.009754758858158,1632.1656692802646,1.02020356313365
1632.175391509062,0.999378294551816,1632.175391509062,1.0026415440064935,1632.175391509062,1.002018196296009,1632.167058169959,1.0125953107658276
1632.1767803987566,1.0043732529721456,1632.1767803987566,1.002642390280155,1632.1767803987566,1.0070271990934467,1632.1684470601197,1.0145970702763798
1632.1781692889178,1.0254659927154313,1632.1781692889178,1.0025614804561354,1632.1781692889178,1.0280927038142034,1632.1698359498148,0.9956914968550232
1632.1795581786137,0.9826607039135206,1632.1795581786137,1.0025304278808498,1632.1795581786137,0.9851472559561189,1632.1712248395104,1.0104088740741723
1632.1823359584694,0.9935405645006087,1632.1823359584694,1.002536932034872,1632.1823359584694,0.9960611093866352,1632.1726137296712,1.0145991356316204
1632.183724848164,1.0007533924025493,1632.183724848164,1.0025614662118485,1632.183724848164,1.0033167884035812,1632.1740026193668,1.009754758858158
1632.1851137378592,1.0235782506342215,1632.1851137378592,1.002527789821994,1632.1851137378592,1.026165641318189,1632.175391509062,1.002018196296009
1632.1865026275552,1.0168811621979332,1632.1865026275552,1.0025268369496292,1632.1865026275552,1.0194506550919569,1632.1767803987566,1.0070271990934467
1632.1878915177165,1.0110851627081323,1632.1878915177165,1.0024742630773589,1632.1878915177165,1.0135868533942864,1632.1781692889178,1.0280927038142034
1632.1892804074112,1.0047905550149643,1632.1892804074112,1.0025080132533277,1632.1892804074112,1.0073105830437603,1632.1795581786137,0.9851472559561189
1632.1906692971063,0.9932642940678562,1632.1906692971063,1.0024056275976365,1632.1906692971063,0.9956537180654128,1632.1823359584694,0.9960611093866352
1632.192058186802,1.0060831906384162,1632.192058186802,1.0023848021851611,1632.192058186802,1.0084825000299047,1632.183724848164,1.0033167884035812
1632.193447076963,1.0018849659194373,1632.193447076963,1.0023028480901472,1632.193447076963,1.004192154799752,1632.1851137378592,1.026165641318189
1632.1948359666585,0.9983835448895859,1632.1948359666585,1.0022965712560772,1632.1948359666585,1.0006764038413198,1632.1865026275552,1.0194506550919569
1632.1962248563534,1.0047274940682374,1632.1962248563534,1.002289826505141,1632.1962248563534,1.0070281457145986,1632.1878915177165,1.0135868533942864
1632.197613746048,1.009263736747915,1632.197613746048,1.002348907828423,1632.197613746048,1.0116344042401055,1632.1892804074112,1.0073105830437603
1632.1990026362084,0.9989043105373251,1632.1990026362084,1.00228792699527,1632.1990026362084,1.001189730675095,1632.1906692971063,0.9956537180654128
1632.2003915259036,1.008453017673161,1632.2003915259036,1.0023106699048403,1632.2003915259036,1.0107832197115438,1632.192058186802,1.0084825000299047
1632.2017804155996,1.00474865543284,1632.2017804155996,1.0022461053935316,1632.2017804155996,1.0070054268069513,1632.193447076963,1.004192154799752
1632.2031693052952,1.0087443162445973,1632.2031693052952,1.0021592615667607,1632.2031693052952,1.0109224590773525,1632.1948359666585,1.0006764038413198
1632.20455819499,0.9995170623874979,1632.20455819499,1.002142108149483,1632.20455819499,1.0016581360323855,1632.1962248563534,1.0070281457145986
1632.205947085151,0.9867279241960967,1632.205947085151,1.002142254162882,1632.205947085151,0.9888417461993376,1632.197613746048,1.0116344042401055
1632.2073359748465,0.9999642854708611,1632.2073359748465,1.0021111277180723,1632.2073359748465,1.002075337791001,1632.1990026362084,1.001189730675095
1632.2087248645414,1.0151304006069566,1632.2087248645414,1.002065560750319,1632.2087248645414,1.017227214118906,1632.2003915259036,1.0107832197115438
1632.210113754237,1.0271032574828263,1632.210113754237,1.0020460143614889,1632.210113754237,1.029204725498368,1632.2017804155996,1.0070054268069513
1632.211502643932,1.006467133121722,1632.211502643932,1.0019808701273452,1632.211502643932,1.0084608137998776,1632.2031693052952,1.0109224590773525
1632.2128915340932,1.0001473269464813,1632.2128915340932,1.0019275547508273,1632.2128915340932,1.0020751656780642,1632.20455819499,1.0016581360323855
1632.2142804237876,0.9979169540893841,1632.2142804237876,1.0019962424883098,1632.2142804237876,0.999909038312942,1632.205947085151,0.9888417461993376
1632.2156693134823,1.0093693704758953,1632.2156693134823,1.0019674329724408,1632.2156693134823,1.0113552370567414,1632.2073359748465,1.002075337791001
1632.2170582031783,1.0133890720252963,1632.2170582031783,1.0020530365298304,1632.2170582031783,1.015469596809095,1632.2087248645414,1.017227214118906
1632.2184470928744,1.0001120241049335,1632.2184470928744,1.0020379545135114,1632.2184470928744,1.0021502069184751,1632.210113754237,1.029204725498368
1632.219835982569,1.0145549283442612,1632.219835982569,1.002026878558403,1632.219835982569,1.0166113079748442,1632.211502643932,1.0084608137998776
1632.2212248727294,0.9917104901240706,1632.2212248727294,1.0019412093760958,1632.2212248727294,0.993635607825872,1632.2128915340932,1.0020751656780642
1632.222613762425,1.0049781480450837,1632.222613762425,1.0018400677989123,1632.222613762425,1.006827375973912,1632.2142804237876,0.999909038312942
1632.22400265212,0.9994551707548405,1632.22400265212,1.0017509179794122,1632.22400265212,1.0012051347829316,1632.2156693134823,1.0113552370567414
1632.2253915418155,0.9969162863677219,1632.2253915418155,1.0017930603905902,1632.2253915418155,0.9987038174735422,1632.2170582031783,1.015469596809095
1632.2267804315109,1.0013189664169626,1632.2267804315109,1.0017420019887047,1632.2267804315109,1.0030632660477887,1632.2184470928744,1.0021502069184751
1632.2281693212065,1.0022483254641843,1632.2281693212065,1.0018002841755993,1632.2281693212065,1.0040526572645383,1632.219835982569,1.0166113079748442
1632.229558210901,1.0107384647587772,1632.229558210901,1.0017502731626469,1632.229558210901,1.0125075331680993,1632.2212248727294,0.993635607825872
1632.230947101061,1.0087050644470015,1632.230947101061,1.0017027560608611,1632.230947101061,1.01042264310911,1632.222613762425,1.006827375973912
1632.232335990757,0.9953990220458843,1632.232335990757,1.001624011673252,1632.232335990757,0.9970155616772304,1632.22400265212,1.0012051347829316
1632.233724880453,1.0067596230252105,1632.233724880453,1.0015195805544554,1632.233724880453,1.0082894753713705,1632.2253915418155,0.9987038174735422
1632.2351137701478,1.0164902997396097,1632.2351137701478,1.0015182274619219,1632.2351137701478,1.0180335632274515,1632.2267804315109,1.0030632660477887
1632.2365026598425,0.9963607657554223,1632.2365026598425,1.001519513567738,1632.2365026598425,0.9978747494573494,1632.2281693212065,1.0040526572645383
1632.237891549538,0.9900359648443297,1632.237891549538,1.0015237394502818,1632.237891549538,0.9915445217011608,1632.229558210901,1.0125075331680993
1632.2392804392332,1.0008020439454643,1632.2392804392332,1.0015005702457558,1632.2392804392332,1.0023038177145005,1632.230947101061,1.01042264310911
1632.2406693289288,1.0086651970972293,1632.2406693289288,1.0015685571291464,1632.2406693289288,1.010247346083058,1632.232335990757,0.9970155616772304
1632.242058218624,1.014745813617879,1632.242058218624,1.0014522644358217,1632.242058218624,1.0162194928743953,1632.233724880453,1.0082894753713705
1632.2434471083195,1.0133524646556122,1632.2434471083195,1.0013287543340261,1632.2434471083195,1.0146989611349195,1632.2351137701478,1.0180335632274515
1632.2448359980149,0.9968874252394693,1632.2448359980149,1.001275711593522,1632.2448359980149,0.9981591660852835,1632.2365026598425,0.9978747494573494
1632.246224888175,0.9966626022153627,1632.246224888175,1.0012269129405933,1632.246224888175,0.9978854204594262,1632.237891549538,0.9915445217011608
1632.2490026675662,0.9965931171946756,1632.2490026675662,1.0012648576497032,1632.2490026675662,0.9978536656226008,1632.2392804392332,1.0023038177145005
1632.2503915572609,1.0014988540243688,1632.2503915572609,1.0012068456976837,1632.2503915572609,1.0027075086075832,1632.2406693289288,1.010247346083058
1632.2517804469555,1.00650931982634,1632.2517804469555,1.0011015724912182,1632.2517804469555,1.0076180628052154,1632.242058218624,1.0162194928743953
1632.2531693366511,0.9918154371627625,1632.2531693366511,1.0010522089629925,1632.2531693366511,0.9928590342553796,1632.2434471083195,1.0146989611349195
1632.2545582263465,1.0220495192667645,1632.2545582263465,1.0010010929047597,1632.2545582263465,1.0230726857888155,1632.2448359980149,0.9981591660852835
1632.255947116042,0.9950866857246499,1632.255947116042,1.0008954344952312,1632.255947116042,0.995977720668793,1632.246224888175,0.9978854204594262
1632.257336005737,1.0009568938619167,1632.257336005737,1.0009362270803004,1632.257336005737,1.0018940168121635,1632.2490026675662,0.9978536656226008
1632.2587248954326,0.9905107579212946,1632.2587248954326,1.00091143465914,1632.2587248954326,0.991413543756315,1632.2503915572609,1.0027075086075832
1632.2601137851275,0.9931520800545091,1632.2601137851275,1.0008676011566076,1632.2601137851275,0.9940137399478516,1632.2517804469555,1.0076180628052154
1632.2642804542136,0.9918910005135059,1632.2642804542136,1.0006645660426234,1632.2642804542136,0.992550177590431,1632.2531693366511,0.9928590342553796
1632.2656693439092,1.0052127960952881,1632.2656693439092,1.0006416369271287,1632.2656693439092,1.0058577777448852,1632.2545582263465,1.0230726857888155
1632.2670582336038,1.000906874224958,1632.2670582336038,1.0006515338965776,1632.2670582336038,1.0015589989808331,1632.255947116042,0.995977720668793
1632.2684471232983,1.016346696981095,1632.2684471232983,1.0006548435507503,1632.2684471232983,1.0170122450609396,1632.257336005737,1.0018940168121635
1632.27400268208,1.0090911075447717,1632.27400268208,1.000435259057003,1632.27400268208,1.0095303235886717,1632.2587248954326,0.991413543756315
1632.2753915717751,0.988311471882209,1632.2753915717751,1.0003652707209543,1632.2753915717751,0.9886724731260708,1632.2601137851275,0.9940137399478516
1632.2767804614698,0.9928917917083246,1632.2767804614698,1.0002453136071796,1632.2767804614698,0.9931353615752876,1632.2642804542136,0.992550177590431
1632.2781693511654,0.9976003623858516,1632.2781693511654,1.0001208080014923,1632.2781693511654,0.9977208804919194,1632.2656693439092,1.0058577777448852
1632.2795582408612,1.0268838593329281,1632.2795582408612,1.0000890083515999,1632.2795582408612,1.026975260572532,1632.2670582336038,1.0015589989808331
1632.2809471305566,0.9753474674830163,1632.2809471305566,0.9999820233935712,1632.2809471305566,0.975329934045462,1632.2684471232983,1.0170122450609396
1632.2823360202513,0.9869247630195783,1632.2823360202513,0.999918896325199,1632.2823360202513,0.9868447197945454,1632.27400268208,1.0095303235886717
1632.283724909946,0.9945164827850872,1632.283724909946,0.9998569633648787,1632.283724909946,0.994374230493817,1632.2753915717751,0.9886724731260708
1632.285113799641,0.9904892268984398,1632.285113799641,0.9999283927610749,1632.285113799641,0.9904183006997166,1632.2767804614698,0.9931353615752876
1632.286502689337,0.9958001757394979,1632.286502689337,0.999856813508892,1632.286502689337,0.995657590606489,1632.2781693511654,0.9977208804919194
1632.2878915790327,0.9950249755895334,1632.2878915790327,0.9997361429377357,1632.2878915790327,0.9947624312225948,1632.2795582408612,1.026975260572532
1632.2892804682615,0.9994067762056817,1632.2892804682615,0.9996801470335512,1632.2892804682615,0.9990871129836234,1632.2809471305566,0.975329934045462
1632.2906693579569,0.9886015332838247,1632.2906693579569,0.9996031746727727,1632.2906693579569,0.988209231156882,1632.2823360202513,0.9868447197945454
1632.2920582476524,1.002904147918625,1632.2920582476524,0.9995853789848002,1632.2920582476524,1.0024883227826669,1632.283724909946,0.994374230493817
1632.2934471373476,0.995175710710759,1632.2934471373476,0.9994615786002976,1632.2934471373476,0.9946398868116484,1632.285113799641,0.9904183006997166
1632.2948360270432,0.9942543387264362,1632.2948360270432,0.9993990723202231,1632.2948360270432,0.9936568637735572,1632.286502689337,0.995657590606489
1632.2962249167383,0.975097265334997,1632.2962249167383,0.9993268562147491,1632.2962249167383,0.9744408846708216,1632.2878915790327,0.9947624312225948
1632.2976138064334,1.0018724338451312,1632.2976138064334,0.9993277635902837,1632.2976138064334,1.0011989387172096,1632.2892804682615,0.9990871129836234
1632.299002696128,0.9976614276015983,1632.299002696128,0.9992148658024956,1632.299002696128,0.9968781294972572,1632.2906693579569,0.988209231156882
1632.3003915858228,0.9999258319856632,1632.3003915858228,0.999180668991656,1632.3003915858228,0.9991065617454732,1632.2920582476524,1.0024883227826669
1632.3017804755189,1.0020954903415695,1632.3017804755189,0.9991577078364342,1632.3017804755189,1.00125143316291,1632.2934471373476,0.9946398868116484
1632.303169365215,1.0034209188622032,1632.303169365215,0.9990669813299597,1632.303169365215,1.0024847084109958,1632.2948360270432,0.9936568637735572
1632.304558254444,0.9932933191177796,1632.304558254444,0.9990050105173486,1632.304558254444,0.9923050027120696,1632.2962249167383,0.9744408846708216
1632.3059471441386,1.0001920740388222,1632.3059471441386,0.9989112545676488,1632.3059471441386,0.9991031194867386,1632.2976138064334,1.0011989387172096
1632.3073360338342,1.0040761552262487,1632.3073360338342,0.9988300933819959,1632.3073360338342,1.0029014798872695,1632.299002696128,0.9968781294972572
1632.308724923529,0.9858276678125322,1632.308724923529,0.998776617045208,1632.308724923529,0.984621623047368,1632.3003915858228,0.9991065617454732
1632.310113813225,0.984456139093747,1632.310113813225,0.9986746948898461,1632.310113813225,0.9831514343418836,1632.3017804755189,1.00125143316291
1632.31150270292,1.0012330749564113,1632.31150270292,0.9986003244962846,1632.31150270292,0.9998316735478852,1632.303169365215,1.0024847084109958
1632.3128915926152,1.0110442003898894,1632.3128915926152,0.9985264927196041,1632.3128915926152,1.009554419399813,1632.304558254444,0.9923050027120696
1632.3142804818442,1.00271556035061,1632.3142804818442,0.9984159089667879,1632.3142804818442,1.0011271676225963,1632.3059471441386,0.9991031194867386
1632.315669371539,0.997461751726692,1632.315669371539,0.9983521515447946,1632.315669371539,0.9958180859199828,1632.3073360338342,1.0029014798872695
1632.317058261235,1.015095897443247,1632.317058261235,0.9983724986934359,1632.317058261235,1.0134438275438702,1632.308724923529,0.984621623047368
1632.318447150931,0.987479909192291,1632.318447150931,0.9982693298425123,1632.318447150931,0.9857709071823332,1632.310113813225,0.9831514343418836
1632.3198360406257,1.0087248967239941,1632.3198360406257,0.998228005938137,1632.3198360406257,1.006937442196946,1632.31150270292,0.9998316735478852
1632.3212249303203,1.0008821579140044,1632.3212249303203,0.9981828925165667,1632.3212249303203,0.999063447454824,1632.3128915926152,1.009554419399813
1632.3226138195505,1.005999343047107,1632.3226138195505,0.998098969625201,1632.3226138195505,1.0040869077389465,1632.3142804818442,1.0011271676225963
1632.3240027092463,1.0044904793232334,1632.3240027092463,0.9980142473533816,1632.3240027092463,1.0024958096954144,1632.315669371539,0.9958180859199828
1632.3253915989417,1.0022623950077805,1632.3253915989417,0.9979360735758076,1632.3253915989417,1.0001937991667496,1632.317058261235,1.0134438275438702
1632.326780488636,0.9740721754147763,1632.326780488636,0.99786937708081,1632.326780488636,0.9719967949128924,1632.318447150931,0.9857709071823332
1632.3281693783315,1.000696859026966,1632.3281693783315,0.9978176920172365,1632.3281693783315,0.9985130302831852,1632.3198360406257,1.006937442196946
1632.3295582675612,0.9938764747749256,1632.3295582675612,0.9976904785122004,1632.3295582675612,0.9915810957002144,1632.3212249303203,0.999063447454824
1632.330947157256,0.9941227901288575,1632.330947157256,0.9976450627385882,1632.330947157256,0.9917816933279644,1632.3226138195505,1.0040869077389465
1632.332336046951,0.9921984130281,1632.332336046951,0.9975672747776717,1632.332336046951,0.9897846669231724,1632.3240027092463,1.0024958096954144
1632.333724936647,0.9886832904007957,1632.333724936647,0.9976037738710671,1632.333724936647,0.986314181667098,1632.3253915989417,1.0001937991667496
1632.3351138263415,1.0091170953010238,1632.3351138263415,0.9975778919025335,1632.3351138263415,1.0066729046132032,1632.326780488636,0.9719967949128924
1632.3365027155708,0.9850290880018234,1632.3365027155708,0.9975134472584638,1632.3365027155708,0.9825797612225596,1632.3281693783315,0.9985130302831852
1632.3378916052663,0.9955762616569824,1632.3378916052663,0.9974580118750002,1632.3378916052663,0.9930455186223186,1632.3295582675612,0.9915810957002144
1632.3392804949624,0.987296979793908,1632.3392804949624,0.9973793021868507,1632.3392804949624,0.9847095727580332,1632.330947157256,0.9917816933279644
1632.3406693846575,1.0079666592133096,1632.3406693846575,0.9973125428891132,1632.3406693846575,1.00525779204747,1632.332336046951,0.9897846669231724
1632.3420582738866,1.003020516398534,1632.3420582738866,0.99720933614051,1632.3420582738866,1.0002214232930935,1632.333724936647,0.986314181667098
1632.343447163582,1.006094992083566,1632.343447163582,0.9971091266769349,1632.343447163582,1.0031864989104822,1632.3351138263415,1.0066729046132032
1632.3448360532773,1.0071177226864132,1632.3448360532773,0.9969853072981314,1632.3448360532773,1.004081572237908,1632.3365027155708,0.9825797612225596
1632.346224942972,0.9846166460161476,1632.346224942972,0.9969108849885762,1632.346224942972,0.9815750519544414,1632.3378916052663,0.9930455186223186
1632.3476138322014,1.0212580179495514,1632.3476138322014,0.9969086436024152,1632.3476138322014,1.0181009454421783,1632.3392804949624,0.9847095727580332
1632.3490027218977,1.0192905625659492,1632.3490027218977,0.9968415826607517,1632.3490027218977,1.0160712175794089,1632.3406693846575,1.00525779204747
1632.350391611593,1.0098577612249766,1632.350391611593,0.996729656405784,1632.350391611593,1.0065551793644851,1632.3420582738866,1.0002214232930935
1632.3517805012875,1.0246249795929678,1632.3517805012875,0.9966330716113427,1632.3517805012875,1.0211751406614489,1632.343447163582,1.0031864989104822
1632.3531693905168,0.9957369673336115,1632.3531693905168,0.9966614597140812,1632.3531693905168,0.9924126593539896,1632.3448360532773,1.004081572237908
1632.3545582802128,0.9901487106836482,1632.3545582802128,0.9965365049446587,1632.3545582802128,0.9867193355201428,1632.346224942972,0.9815750519544414
1632.3559471699089,1.0057623717752249,1632.3559471699089,0.9964093861597827,1632.3559471699089,1.002151067483159,1632.3476138322014,1.0181009454421783
1632.357336059138,1.012716528278113,1632.357336059138,0.9963921300975896,1632.357336059138,1.0090627787960649,1632.3490027218977,1.0160712175794089
1632.3587249488326,0.9987454195926736,1632.3587249488326,0.9963651969410318,1632.3587249488326,0.9951151766864076,1632.350391611593,1.0065551793644851
1632.3601138385277,1.0102710436930482,1632.3601138385277,0.9962508720339734,1632.3601138385277,1.0064834082698717,1632.3517805012875,1.0211751406614489
1632.3615027282224,1.0048578336111467,1632.3615027282224,0.9961566820398953,1632.3615027282224,1.000995845451877,1632.3531693905168,0.9924126593539896
1632.362891617452,0.9872214362313618,1632.362891617452,0.9960531387895428,1632.362891617452,0.9833250102385684,1632.3545582802128,0.9867193355201428
1632.364280507148,1.0204242005119502,1632.364280507148,0.9960039282798194,1632.364280507148,1.0163465122216966,1632.3559471699089,1.002151067483159
1632.3656693968435,0.9898481486158276,1632.3656693968435,0.9959110234220254,1632.3656693968435,0.985800682720386,1632.357336059138,1.0090627787960649
1632.3670582860725,1.0102048277875335,1632.3670582860725,0.9958074356504598,1632.3670582860725,1.005969479040818,1632.3587249488326,0.9951151766864076
1632.3684471757672,1.0060913004997227,1632.3684471757672,0.9957374608627548,1632.3684471757672,1.0018027969557008,1632.3601138385277,1.0064834082698717
1632.3698360654632,0.9885349950655686,1632.3698360654632,0.9956434014980662,1632.3698360654632,0.9842283449869568,1632.3615027282224,1.000995845451877
1632.3712249546936,1.0030383130779656,1632.3712249546936,0.995551484691704,1632.3712249546936,0.9985762817874309,1632.362891617452,0.9833250102385684
1632.3726138443883,0.9993869378480358,1632.3726138443883,0.9954687544581072,1632.3726138443883,0.994858470241286,1632.364280507148,1.0163465122216966
1632.374002734083,1.001321638034397,1632.374002734083,0.9954694521648974,1632.374002734083,0.9967851024549588,1632.3656693968435,0.985800682720386
1632.3753916233125,0.9948645186279267,1632.3753916233125,0.9954304034339798,1632.3753916233125,0.9903183891399492,1632.3670582860725,1.005969479040818
1632.376780513008,1.010977439630392,1632.376780513008,0.9953625603477422,1632.376780513008,1.006289092764312,1632.3684471757672,1.0018027969557008
1632.3781694027032,0.9890973622086968,1632.3781694027032,0.9953122261424189,1632.3781694027032,0.9844606974515324,1632.3698360654632,0.9842283449869568
1632.3795582919329,1.0137887549310525,1632.3795582919329,0.99524136305676,1632.3795582919329,1.0089645023091962,1632.3712249546936,0.9985762817874309
1632.3809471816282,0.9872457793598536,1632.3809471816282,0.9952268922700693,1632.3809471816282,0.9825335488990496,1632.3726138443883,0.994858470241286
1632.3823360708575,1.0039104978666078,1632.3823360708575,0.9951345413899936,1632.3823360708575,0.9990260128910868,1632.374002734083,0.9967851024549588
1632.3837249605524,0.9918126933451576,1632.3837249605524,0.9950120139432949,1632.3837249605524,0.9868655454598888,1632.3753916233125,0.9903183891399492
1632.385113850248,1.0091931793709321,1632.385113850248,0.9950369426793132,1632.385113850248,1.004184495774068,1632.376780513008,1.006289092764312
1632.3865027394784,0.9935866880168995,1632.3865027394784,0.9949935235423278,1632.3865027394784,0.9886123196546864,1632.3781694027032,0.9844606974515324
1632.387891629173,0.995151654697361,1632.387891629173,0.9949381529738515,1632.387891629173,0.9901143492534644,1632.3795582919329,1.0089645023091962
1632.389280518402,1.0049490285486473,1632.389280518402,0.9948294066881329,1632.389280518402,0.9997528458228664,1632.3809471816282,0.9825335488990496
1632.3906694080972,0.99249124079112,1632.3906694080972,0.9947539220773075,1632.3906694080972,0.98728455440434,1632.3823360708575,0.9990260128910868
1632.3920582977928,1.002413896096907,1632.3920582977928,0.9947609523191594,1632.3920582977928,0.997162201899318,1632.3837249605524,0.9868655454598888
1632.3934471870225,0.9886529867476663,1632.3934471870225,0.9947251619769085,1632.3934471870225,0.9834380023815268,1632.385113850248,1.004184495774068
1632.3948360767176,1.007747887612412,1632.3948360767176,0.9947088845353905,1632.3948360767176,1.0024157771798383,1632.3865027394784,0.9886123196546864
1632.396224965947,0.9664894374787054,1632.396224965947,0.994689017447239,1632.396224965947,0.9613564289388282,1632.387891629173,0.9901143492534644
1632.3976138556425,0.9869788687135869,1632.3976138556425,0.9946208021141648,1632.3976138556425,0.9816697140696388,1632.389280518402,0.9997528458228664
1632.3990027453372,1.0094607599637526,1632.3990027453372,0.9945153043822363,1632.3990027453372,1.0039241749572752,1632.3906694080972,0.98728455440434
1632.4003916345662,0.9914241567186951,1632.4003916345662,0.9944512268341587,1632.4003916345662,0.9859229689619275,1632.3920582977928,0.997162201899318
1632.4017805242622,0.9984005442517995,1632.4017805242622,0.9943917760072073,1632.4017805242622,0.9928012903651092,1632.3934471870225,0.9834380023815268
1632.4031694134926,1.001917622880623,1632.4031694134926,0.9944030086746727,1632.4031694134926,0.9963098986366676,1632.3948360767176,1.0024157771798383
1632.4045583031873,0.9908257885217497,1632.4045583031873,0.9943576530609821,1632.4045583031873,0.985235205666784,1632.396224965947,0.9613564289388282
1632.4059471924163,0.9904441248918257,1632.4059471924163,0.9942687690552272,1632.4059471924163,0.9847676608741772,1632.3976138556425,0.9816697140696388
1632.407336082112,0.9935221233960062,1632.407336082112,0.9942490024789579,1632.407336082112,0.9878083801272552,1632.3990027453372,1.0039241749572752
1632.4087249713425,0.9921463650574811,1632.4087249713425,0.9942367510901111,1632.4087249713425,0.9864283786006134,1632.4003916345662,0.9859229689619275
1632.4101138610374,1.0067482486768462,1632.4101138610374,0.9942536729608916,1632.4101138610374,1.0009631439938995,1632.4017805242622,0.9928012903651092
1632.4115027502664,0.9985140899721447,1632.4115027502664,0.9941925145236974,1632.4115027502664,0.992715233896748,1632.4031694134926,0.9963098986366676
1632.4128916399616,1.0069446762613257,1632.4128916399616,0.9941201433565571,1632.4128916399616,1.0010239859170311,1632.4045583031873,0.985235205666784
1632.4142805296565,0.9909624091567905,1632.4142805296565,0.9940600816043601,1632.4142805296565,0.9850761733132524,1632.4059471924163,0.9847676608741772
1632.4156694188853,0.9868024523490394,1632.4156694188853,0.9940359003591056,1632.4156694188853,0.9809170641973508,1632.407336082112,0.9878083801272552
1632.417058308581,0.9934086618475229,1632.417058308581,0.9939849509116,1632.417058308581,0.9874332599816682,1632.4087249713425,0.9864283786006134
1632.4184471978117,0.9935884159201304,1632.4184471978117,0.9939094923037295,1632.4184471978117,0.9875369580260436,1632.4101138610374,1.0009631439938995
1632.4198360875064,1.0064001385653283,1632.4198360875064,0.993890420590023,1632.4198360875064,1.0002514570005516,1632.4115027502664,0.992715233896748
1632.4212249767354,1.0084123649066703,1632.4212249767354,0.9937816335888117,1632.4212249767354,1.0021416873281077,1632.4128916399616,1.0010239859170311
1632.422613866431,1.0091994793025394,1632.422613866431,0.9937133638707686,1632.422613866431,1.0028550093943545,1632.4142805296565,0.9850761733132524
1632.4240027556614,1.0108334072669,1632.4240027556614,0.9936453133068073,1632.4240027556614,1.0044098776647064,1632.4156694188853,0.9809170641973508
1632.4253916448909,0.97530355100838,1632.4253916448909,0.9936186778561122,1632.4253916448909,0.9690798248613178,1632.417058308581,0.9874332599816682
1632.4267805345855,0.9905411013101231,1632.4267805345855,0.99362227032871,1632.4267805345855,0.9842236979376652,1632.4184471978117,0.9875369580260436
1632.428169423815,1.0025832325692519,1632.428169423815,0.9936028333367939,1632.428169423815,0.9961695405367704,1632.4198360875064,1.0002514570005516
1632.4295583135106,0.9956357260552767,1632.4295583135106,0.9936863710138484,1632.4295583135106,0.989349651475606,1632.4212249767354,1.0021416873281077
1632.4309472027396,0.9961440631010681,1632.4309472027396,0.9936934789269147,1632.4309472027396,0.9898618595752924,1632.422613866431,1.0028550093943545
1632.4323360924348,1.0026437234064773,1632.4323360924348,0.993708538996945,1632.4323360924348,0.9963356295207076,1632.4240027556614,1.0044098776647064
1632.4337249816651,0.9890073225266753,1632.4337249816651,0.9936597089192373,1632.4337249816651,0.9827367282208505,1632.4253916448909,0.9690798248613178
1632.4351138713607,0.9866463149390315,1632.4351138713607,0.9936916853177091,1632.4351138713607,0.9804222395042734,1632.4267805345855,0.9842236979376652
1632.4365027605895,0.9934129211288267,1632.4365027605895,0.9936753286931355,1632.4365027605895,0.9871299109306948,1632.428169423815,0.9961695405367704
1632.4378916502844,0.9720644764284654,1632.4378916502844,0.9936695609115425,1632.4378916502844,0.9659108814703816,1632.4295583135106,0.989349651475606
1632.4392805395148,0.9984362663219556,1632.4392805395148,0.9936464999005877,1632.4392805395148,0.9920927014046222,1632.4309472027396,0.9898618595752924
1632.44066942921,0.9947949648719562,1632.44066942921,0.9936490169244604,1632.44066942921,0.9884770388864224,1632.4323360924348,0.9963356295207076
1632.442058318439,0.9934955282611905,1632.442058318439,0.9935725241775368,1632.442058318439,0.9871098597735664,1632.4337249816651,0.9827367282208505
1632.443447207669,0.9892104562127363,1632.443447207669,0.9935202119507487,1632.443447207669,0.9828005821203746,1632.4351138713607,0.9804222395042734
1632.444836097364,0.9786582537704424,1632.444836097364,0.9934644594428321,1632.444836097364,0.9722621930613186,1632.4365027605895,0.9871299109306948
1632.446224986593,1.0093337994993004,1632.446224986593,0.9934306373422818,1632.446224986593,1.0027031197276968,1632.4378916502844,0.9659108814703816
1632.4476138762882,0.9910318614724221,1632.4476138762882,0.9934303299084384,1632.4476138762882,0.984521109092322,1632.4392805395148,0.9920927014046222
1632.4490027655186,1.0125630199807436,1632.4490027655186,0.9933742961854112,1632.4490027655186,1.0058540773167457,1632.44066942921,0.9884770388864224
1632.4503916547485,0.9881580302854166,1632.4503916547485,0.9933470149816993,1632.4503916547485,0.9815838297142142,1632.442058318439,0.9871098597735664
1632.4517805444432,1.0025838862438297,1632.4517805444432,0.9932966140523118,1632.4517805444432,0.9958631795094042,1632.443447207669,0.9828005821203746
1632.4531694336722,1.0040570158295075,1632.4531694336722,0.9932690651941544,1632.4531694336722,0.9972987735146072,1632.444836097364,0.9722621930613186
1632.4545583233682,1.0028374196048961,1632.4545583233682,0.9932851684154228,1632.4545583233682,0.9961035352255372,1632.446224986593,1.0027031197276968
1632.4559472125986,1.0031230090316803,1632.4559472125986,0.9933065002344191,1632.4559472125986,0.996408605405878,1632.4476138762882,0.984521109092322
1632.4573361018277,1.0065089287239428,1632.4573361018277,0.9932585375979508,1632.4573361018277,0.9997235866236236,1632.4490027655186,1.0058540773167457
1632.4587249915223,0.9895464097690384,1632.4587249915223,0.9932654396050566,1632.4587249915223,0.9828822497088494,1632.4503916547485,0.9815838297142142
1632.4601138807518,0.9951157815458003,1632.4601138807518,0.9932722024337529,1632.4601138807518,0.9884208440125823,1632.4517805444432,0.9958631795094042
1632.4615027699813,1.001442054594796,1632.4615027699813,0.9932727640613658,1632.4615027699813,0.9947051176146662,1632.4531694336722,0.9972987735146072
1632.4628916596769,1.0179897822051467,1632.4628916596769,0.9932435481989805,1632.4628916596769,1.0111117833077472,1632.4545583233682,0.9961035352255372
1632.4642805489063,0.9874843048090431,1632.4642805489063,0.9931638134268111,1632.4642805489063,0.9807336778632728,1632.4559472125986,0.996408605405878
1632.465669438602,1.0151202082947652,1632.465669438602,0.9931161274950585,1632.465669438602,1.0081322502036745,1632.4573361018277,0.9997235866236236
1632.467058327831,0.9779956799053372,1632.467058327831,0.9930280133198071,1632.467058327831,0.971177107051751,1632.4587249915223,0.9828822497088494
1632.46844721706,0.9993035011578195,1632.46844721706,0.9930168610761396,1632.46844721706,0.9923252259821344,1632.4601138807518,0.9884208440125823
1632.469836106756,0.9953730978259572,1632.469836106756,0.9930237290845225,1632.469836106756,0.9884291054335452,1632.4615027699813,0.9947051176146662
1632.4712249959864,0.9890390331489414,1632.4712249959864,0.9930669825018775,1632.4712249959864,0.9821820082257936,1632.4628916596769,1.0111117833077472
1632.4726138852154,0.9959060629019371,1632.4726138852154,0.9930689219474139,1632.4726138852154,0.98900336024692,1632.4642805489063,0.9807336778632728
1632.47400277491,1.01106714671059,1632.47400277491,0.9930845060780019,1632.47400277491,1.004075118002781,1632.465669438602,1.0081322502036745
1632.4753916641396,0.9743053744383557,1632.4753916641396,0.9930726529490796,1632.4753916641396,0.9675560229760444,1632.467058327831,0.971177107051751
1632.4767805533693,1.0076648645483266,1632.4767805533693,0.9930480440821191,1632.4767805533693,1.000659622829989,1632.46844721706,0.9923252259821344
1632.478169442599,0.9897436102851926,1632.478169442599,0.9929907620864485,1632.478169442599,0.9828062618472864,1632.469836106756,0.9884291054335452
1632.479558332294,1.0091967732494358,1632.479558332294,0.9929395393992028,1632.479558332294,1.0020713791934563,1632.4712249959864,0.9821820082257936
1632.480947221524,0.9902535403097975,1632.480947221524,0.992872400021541,1632.480947221524,0.9831954091972164,1632.4726138852154,0.98900336024692
1632.4823361107535,0.9954046690554372,1632.4823361107535,0.9929064712493194,1632.4823361107535,0.9883437374169308,1632.47400277491,1.004075118002781
1632.4837250004482,1.0094329808788527,1632.4837250004482,0.9929070225966623,1632.4837250004482,1.0022730955552952,1632.4753916641396,0.9675560229760444
1632.485113889678,0.987591630986904,1632.485113889678,0.9928203484769045,1632.485113889678,0.9805010672292924,1632.4767805533693,1.000659622829989
1632.4865027789083,0.9729220185456836,1632.4865027789083,0.9928486601435437,1632.4865027789083,0.965964322537234,1632.478169442599,0.9828062618472864
1632.4878916681375,0.9829876564909834,1632.4878916681375,0.9928083854683362,1632.4878916681375,0.9759183881761166,1632.479558332294,1.0020713791934563
1632.4892805578322,1.0176935642913585,1632.4892805578322,0.9928228503792085,1632.4892805578322,1.010389425312323,1632.480947221524,0.9831954091972164
1632.4906694470617,0.9854779263575045,1632.4906694470617,0.9927610103515396,1632.4906694470617,0.9783440618498164,1632.4823361107535,0.9883437374169308
1632.4920583362916,0.9874234784257022,1632.4920583362916,0.992763259241921,1632.4920583362916,0.9802777506938948,1632.4837250004482,1.0022730955552952
1632.4934472259868,1.0068923755559318,1632.4934472259868,0.9927617395554301,1632.4934472259868,0.9996042263020064,1632.485113889678,0.9805010672292924
1632.4948361152162,0.9782959157392425,1632.4948361152162,0.9927820173292963,1632.4948361152162,0.9712345927726164,1632.4865027789083,0.965964322537234
1632.4962250044462,1.0158809979754277,1632.4962250044462,0.9927964504644529,1632.4962250044462,1.0085630488842907,1632.4878916681375,0.9759183881761166
1632.4976138936756,0.9821287875458359,1632.4976138936756,0.9928291099690619,1632.4976138936756,0.9750860500141262,1632.4892805578322,1.010389425312323
1632.4990027833703,1.002819914836823,1632.4990027833703,0.9928048685865126,1632.4990027833703,0.99560449376551,1632.4906694470617,0.9783440618498164
1632.5003916726002,0.9973876604187077,1632.5003916726002,0.9928087610575482,1632.5003916726002,0.9902152074343838,1632.4920583362916,0.9802777506938948
1632.5017805618306,0.9840521965932668,1632.5017805618306,0.9927664711260308,1632.5017805618306,0.9769340266157166,1632.4934472259868,0.9996042263020064
1632.50316945106,1.0094738420788554,1632.50316945106,0.992764448133673,1632.50316945106,1.0021697417367934,1632.4948361152162,0.9712345927726164
1632.5045583402891,0.9913872794192802,1632.5045583402891,0.9927374664601817,1632.5045583402891,0.9841872960515484,1632.4962250044462,1.0085630488842907
1632.5059472299838,1.0178645636386034,1632.5059472299838,0.9927352776787975,1632.5059472299838,1.010470060223177,1632.4976138936756,0.9750860500141262
1632.5073361192135,0.9735335800521937,1632.5073361192135,0.9926967345667372,1632.5073361192135,0.966423605908878,1632.4990027833703,0.99560449376551
1632.508725008444,0.9817721190700037,1632.508725008444,0.9927539785675431,1632.508725008444,0.9746581772534338,1632.5003916726002,0.9902152074343838
1632.5101138976736,0.996680267429023,1632.5101138976736,0.9927978809428366,1632.5101138976736,0.9895020574810738,1632.5017805618306,0.9769340266157166
1632.5115027869026,0.9860081494240729,1632.5115027869026,0.9928342592457656,1632.5115027869026,0.9789426706437376,1632.50316945106,1.0021697417367934
1632.5128916765975,0.9777591837289344,1632.5128916765975,0.9928817333085901,1632.5128916765975,0.9707992330991766,1632.5045583402891,0.9841872960515484
1632.5142805658268,1.002968121358697,1632.5142805658268,0.9929304987749731,1632.5142805658268,0.9958776369960888,1632.5059472299838,1.010470060223177
1632.5156694550567,1.0090010251352104,1632.5156694550567,0.9928814225359449,1632.5156694550567,1.0018183731764745,1632.5073361192135,0.966423605908878
1632.517058344287,0.9660698536728549,1632.517058344287,0.9928423921226609,1632.517058344287,0.9591551044781462,1632.508725008444,0.9746581772534338
1632.5184472335166,0.9897377906486601,1632.5184472335166,0.9928373107317995,1632.5184472335166,0.9826486063972484,1632.5101138976736,0.9895020574810738
1632.5198361232112,1.0015523096208145,1632.5198361232112,0.9928945671361437,1632.5198361232112,0.9944358469251636,1632.5115027869026,0.9789426706437376
1632.5212250124405,0.9699215943260393,1632.5212250124405,0.9929036186182996,1632.5212250124405,0.9630386607823548,1632.5128916765975,0.9707992330991766
1632.5226139016702,0.9823818776694422,1632.5226139016702,0.992958329511046,1632.5226139016702,0.975464268192574,1632.5142805658268,0.9958776369960888
1632.5240027909006,1.0062162356324595,1632.5240027909006,0.9929535770999757,1632.5240027909006,0.9991260105073226,1632.5156694550567,1.0018183731764745
1632.52539168013,0.9864914725723629,1632.52539168013,0.9930270393032116,1632.52539168013,0.9796127063063989,1632.517058344287,0.9591551044781462
1632.526780569359,0.9825354368728118,1632.526780569359,0.9930949782847008,1632.526780569359,0.975751008345154,1632.5184472335166,0.9826486063972484
1632.5281694590542,0.9968241674424685,1632.5281694590542,0.9931279993878191,1632.5281694590542,0.9899739911535672,1632.5198361232112,0.9944358469251636
1632.529558348284,0.9964180890323878,1632.529558348284,0.9931636957988754,1632.529558348284,0.9896062718642592,1632.5212250124405,0.9630386607823548
1632.5309472375136,0.9682305409870987,1632.5309472375136,0.9932481234470171,1632.5309472375136,0.961693167899526,1632.5226139016702,0.975464268192574
1632.5323361267435,1.0008098252646913,1632.5323361267435,0.9932953147185858,1632.5323361267435,0.9940997103597444,1632.5240027909006,0.9991260105073226
1632.533725015973,1.0199609526970403,1632.533725015973,0.993333085206161,1632.533725015973,1.0131609599323663,1632.52539168013,0.9796127063063989
1632.535113905203,1.0007015117198998,1632.535113905203,0.993384423460092,1632.535113905203,0.9940812942755152,1632.526780569359,0.975751008345154
1632.536502794432,0.9937619462348134,1632.536502794432,0.9934325015174553,1632.536502794432,0.9872354161609056,1632.5281694590542,0.9899739911535672
1632.537891683661,0.9959794206899919,1632.537891683661,0.9934833555219318,1632.537891683661,0.9894889768978828,1632.529558348284,0.9896062718642592
1632.539280573357,0.9804597155799392,1632.539280573357,0.9934976657380573,1632.539280573357,0.9740844387788692,1632.5309472375136,0.961693167899526
1632.5406694625865,1.0030567573575198,1632.5406694625865,0.9935077485621868,1632.5406694625865,0.9965446606823573,1632.5323361267435,0.9940997103597444
1632.5420583518155,0.9859729831093006,1632.5420583518155,0.9934963461143661,1632.5420583518155,0.9795605560865718,1632.533725015973,1.0131609599323663
1632.5434472410452,0.994702975729069,1632.5434472410452,0.993513807408321,1632.5434472410452,0.988251140656974,1632.535113905203,0.9940812942755152
1632.544836130275,1.0000397212228025,1632.544836130275,0.9935748858687743,1632.544836130275,0.9936143518781868,1632.536502794432,0.9872354161609056
1632.546225019504,1.0004006798951015,1632.546225019504,0.9936403924825111,1632.546225019504,0.9940385242107396,1632.537891683661,0.9894889768978828
1632.5476139087334,0.9928886076601823,1632.5476139087334,0.9935899675339401,1632.5476139087334,0.9865241594498996,1632.539280573357,0.9740844387788692
1632.5490027979638,1.001430243925134,1632.5490027979638,0.9936373217305661,1632.5490027979638,0.9950584654737576,1632.5406694625865,0.9965446606823573
1632.5503916871935,1.0094387693297973,1632.5503916871935,0.9936823206502379,1632.5503916871935,1.003061458861953,1632.5420583518155,0.9795605560865718
1632.5517805764227,0.9814881869295818,1632.5517805764227,0.9937154257008982,1632.5517805764227,0.9753199514951322,1632.5434472410452,0.988251140656974
1632.5531694656518,0.9979795807757291,1632.5531694656518,0.993718338319349,1632.5531694656518,0.991710610685098,1632.544836130275,0.9936143518781868
1632.554558354882,0.9939398049099012,1632.554558354882,0.9937601944744887,1632.554558354882,0.9877378138231988,1632.546225019504,0.9940385242107396
1632.5559472441123,0.9862799294887886,1632.5559472441123,0.9937834449286483,1632.5559472441123,0.9801486659913528,1632.5476139087334,0.9865241594498996
1632.5573361333416,1.000854043142137,1632.5573361333416,0.9937480687978305,1632.5573361333416,0.9945967725209992,1632.5490027979638,0.9950584654737576
1632.558725023036,0.9884273522791335,1632.558725023036,0.9937460490181391,1632.558725023036,0.9822457760688492,1632.5503916871935,1.003061458861953
1632.5601139122657,1.0023220167217497,1632.5601139122657,0.9938051111813285,1632.5601139122657,0.996112743267652,1632.5517805764227,0.9753199514951322
1632.5615028014952,0.999831187201938,1632.5615028014952,0.9937797050297359,1632.5615028014952,0.9936119422970726,1632.5531694656518,0.991710610685098
1632.562891690725,0.9888277779497038,1632.562891690725,0.9937627622658267,1632.562891690725,0.9826602240204771,1632.554558354882,0.9877378138231988
1632.5642805799546,0.9860615650166819,1632.5642805799546,0.9937792280252667,1632.5642805799546,0.9799275008676644,1632.5559472441123,0.9801486659913528
1632.5656694691845,0.9961171450678047,1632.5656694691845,0.9938123388556996,1632.5656694691845,0.9899535097140972,1632.5573361333416,0.9945967725209992
1632.5670583584135,0.988636108135667,1632.5670583584135,0.9938007458871542,1632.5670583584135,0.9825073016761992,1632.558725023036,0.9822457760688492
1632.571225026103,0.9822085808778702,1632.571225026103,0.9938634457438855,1632.571225026103,0.976181204630492,1632.5601139122657,0.996112743267652
1632.5726139153323,0.9878345132003752,1632.5726139153323,0.9938780189560624,1632.5726139153323,0.9817870090360152,1632.5615028014952,0.9936119422970726
1632.5740028045614,0.9872129629423676,1632.5740028045614,0.9939065561364121,1632.5740028045614,0.981197436171272,1632.562891690725,0.9826602240204771
1632.5753916937908,0.9946156887465291,1632.5753916937908,0.9939489905076898,1632.5753916937908,0.9885972597727232,1632.5642805799546,0.9799275008676644
1632.5767805830203,1.0011247578863143,1632.5767805830203,0.9940507234755713,1632.5767805830203,0.9951687898661968,1632.5656694691845,0.9899535097140972
1632.5781694722502,0.9861954536386843,1632.5781694722502,0.9940639482842157,1632.5781694722502,0.9803413464240138,1632.5670583584135,0.9825073016761992
1632.5795583614797,0.9989269492770663,1632.5795583614797,0.9941500708641746,1632.5795583614797,0.9930832974119292,1632.571225026103,0.976181204630492
1632.5809472507096,0.9962120048955171,1632.5809472507096,0.9942330726161257,1632.5809472507096,0.9904669226043408,1632.5726139153323,0.9817870090360152
1632.5823361399391,1.011872763888217,1632.5823361399391,0.9943404969688915,1632.5823361399391,1.0061460669138955,1632.5740028045614,0.981197436171272
1632.5837250287025,1.0068933445470036,1632.5837250287025,0.9943910731542811,1632.5837250287025,1.0012457534359982,1632.5753916937908,0.9885972597727232
1632.5851139179324,1.0022083710458176,1632.5851139179324,0.9943593312716467,1632.5851139179324,0.9965552456279656,1632.5767805830203,0.9951687898661968
1632.5865028071628,0.9952107658285323,1632.5865028071628,0.994418256227021,1632.5865028071628,0.9896557543335672,1632.5781694722502,0.9803413464240138
1632.5878916963925,0.99583829366551,1632.5878916963925,0.9944694711690142,1632.5878916963925,0.9903307812713932,1632.5795583614797,0.9930832974119292
1632.5892805856213,0.9901567733457487,1632.5892805856213,0.9945746963283929,1632.5892805856213,0.9847848721678494,1632.5809472507096,0.9904669226043408
1632.5906694748503,0.9912362944696661,1632.5906694748503,0.9945758008474366,1632.5906694748503,0.9858596314012136,1632.5823361399391,1.0061460669138955
1632.59205836408,0.9935863408115713,1632.59205836408,0.9945906059163565,1632.59205836408,0.9882116407379962,1632.5837250287025,1.0012457534359982
1632.5934472533097,0.9868735531232248,1632.5934472533097,0.9945519318370913,1632.5934472533097,0.9814969987376376,1632.5851139179324,0.9965552456279656
1632.5948361425392,0.9877099145351216,1632.5948361425392,0.9945727724309742,1632.5948361425392,0.9823493880567564,1632.5865028071628,0.9896557543335672
1632.596225031769,1.0182157995184071,1632.596225031769,0.9946782535324682,1632.596225031769,1.012797113184135,1632.5878916963925,0.9903307812713932
1632.5976139209986,1.000076096672226,1632.5976139209986,0.9946786501793559,1632.5976139209986,0.9947543419145688,1632.5892805856213,0.9847848721678494
1632.5990028102276,0.9905618480277426,1632.5990028102276,0.9946418046566011,1632.5990028102276,0.9852542241462918,1632.5906694748503,0.9858596314012136
1632.6003916994575,0.9945032411762255,1632.6003916994575,0.9946242668143656,1632.6003916994575,0.9891570570994134,1632.59205836408,0.9882116407379962
1632.601780588688,1.0155488696700044,1632.601780588688,0.9945966957711042,1632.601780588688,1.010061550167866,1632.5934472533097,0.9814969987376376
1632.6031694774515,0.9776444273174442,1632.6031694774515,0.9946666909039165,1632.6031694774515,0.9724303474004966,1632.5948361425392,0.9823493880567564
1632.6045583666807,0.9832546618269482,1632.6045583666807,0.994758957757357,1632.6045583666807,0.9781013826090376,1632.596225031769,1.012797113184135
1632.6059472559098,0.9822290493257502,1632.6059472559098,0.9947889600287533,1632.6059472559098,0.977110614488794,1632.5976139209986,0.9947543419145688
1632.6073361451397,1.0092650945638408,1632.6073361451397,0.9947954231140494,1632.6073361451397,1.0040122967808771,1632.5990028102276,0.9852542241462918
1632.60872503437,0.9733599873371797,1632.60872503437,0.9948662232654729,1632.60872503437,0.9683629744798684,1632.6003916994575,0.9891570570994134
1632.6101139235996,0.9828310228592654,1632.6101139235996,0.9948803157474561,1632.6101139235996,0.9777992383486211,1632.601780588688,1.010061550167866
1632.6115028128286,0.9724501971398399,1632.6115028128286,0.994910978438011,1632.6115028128286,0.9675013771186348,1632.6031694774515,0.9724303474004966
1632.612891702058,0.9864006390993197,1632.612891702058,0.995018459203924,1632.612891702058,0.981486844074371,1632.6045583666807,0.9781013826090376
1632.6142805908223,0.9910266430028313,1632.6142805908223,0.9950140599513392,1632.6142805908223,0.9860854435741936,1632.6059472559098,0.977110614488794
1632.6156694800518,0.9837395004201184,1632.6156694800518,0.9951223949691015,1632.6156694800518,0.9789412076837756,1632.6073361451397,1.0040122967808771
1632.6170583692815,0.980912376316747,1632.6170583692815,0.9950942970211227,1632.6170583692815,0.9761003115502324,1632.60872503437,0.9683629744798684
1632.6184472585112,0.994035362998002,1632.6184472585112,0.9951448853245966,1632.6184472585112,0.9892092073192404,1632.6101139235996,0.9777992383486211
1632.6198361477402,0.9703973307483031,1632.6198361477402,0.9952576775382164,1632.6198361477402,0.9657953936898406,1632.6115028128286,0.9675013771186348
1632.6212250369692,0.9951611176489008,1632.6212250369692,0.9952703545129851,1632.6212250369692,0.99045435835996,1632.612891702058,0.981486844074371
1632.6226139257335,0.9881757370286811,1632.6226139257335,0.9952874358351509,1632.6226139257335,0.9835188954617864,1632.6142805908223,0.9860854435741936
1632.624002814964,0.9947155901176032,1632.624002814964,0.9954019994863833,1632.624002814964,0.99014188732334,1632.6156694800518,0.9789412076837756
1632.6253917041934,0.9952648766272822,1632.6253917041934,0.9954839247983234,1632.6253917041934,0.990770185598846,1632.6170583692815,0.9761003115502324
1632.6267805934224,1.0018115543340793,1632.6267805934224,0.9954818931111117,1632.6267805934224,0.9972852626490746,1632.6184472585112,0.9892092073192404
1632.628169482652,0.9977910879107421,1632.628169482652,0.9955908103149262,1632.628169482652,0.9933916377380676,1632.6198361477402,0.9657953936898406
1632.6295583718818,0.9904610732759234,1632.6295583718818,0.9956024737749707,1632.6295583718818,0.9861054947313218,1632.6212250369692,0.99045435835996
1632.6309472606456,0.9933567009075677,1632.6309472606456,0.9957094619245813,1632.6309472606456,0.9890946661598514,1632.6226139257335,0.9835188954617864
1632.6323361498755,0.983845672286347,1632.6323361498755,0.9957623454019939,1632.6323361498755,0.9796764741494544,1632.624002814964,0.99014188732334
1632.633725039105,1.0040415814563066,1632.633725039105,0.9957922961568467,1632.633725039105,0.9998168718353272,1632.6253917041934,0.990770185598846
1632.635113928335,1.0029752507456524,1632.635113928335,0.995872856636725,1632.635113928335,0.9988358280960083,1632.6267805934224,0.9972852626490746
1632.636502817564,0.9968861232447521,1632.636502817564,0.9959401318680255,1632.636502817564,0.9928388970417832,1632.628169482652,0.9933916377380676
1632.6378917063273,0.9813228014744428,1632.6378917063273,0.9960480733050905,1632.6378917063273,0.9774446856989726,1632.6295583718818,0.9861054947313218
1632.6392805955577,0.9946062648623595,1632.6392805955577,0.9961152572803665,1632.6392805955577,0.9907424754160336,1632.6309472606456,0.9890946661598514
1632.6406694847872,1.00486463534084,1632.6406694847872,0.9961889053896699,1632.6406694847872,1.0010350011449811,1632.6323361498755,0.9796764741494544
1632.6420583740162,0.999195167703036,1632.6420583740162,0.9962579529907294,1632.6420583740162,0.9954561324140552,1632.633725039105,0.9998168718353272
1632.64344726278,1.0008953822118336,1632.64344726278,0.9963673161372444,1632.64344726278,0.9972594457085662,1632.635113928335,0.9988358280960083
1632.64483615201,1.0070625293462048,1632.64483615201,0.9963951203497681,1632.64483615201,1.0034321901276535,1632.636502817564,0.9928388970417832
1632.6462250412394,0.9964352566282303,1632.6462250412394,0.9964233338050132,1632.6462250412394,0.9928713403303552,1632.6378917063273,0.9774446856989726
1632.647613930469,0.9886806378653098,1632.647613930469,0.9965243476191676,1632.647613930469,0.9852443276524304,1632.6392805955577,0.9907424754160336
1632.6490028192331,0.983821732901758,1632.6490028192331,0.9965275473243117,1632.6490028192331,0.980405458492943,1632.6406694847872,1.0010350011449811
1632.650391708463,0.9757268952912522,1632.650391708463,0.996569760455136,1632.650391708463,0.9723799183100368,1632.6420583740162,0.9954561324140552
1632.651780597692,0.9998411121140696,1632.651780597692,0.9966636045929653,1632.651780597692,0.9965052468198478,1632.64344726278,0.9972594457085662
1632.6531694869211,0.9875873161383123,1632.6531694869211,0.9967593193185709,1632.6531694869211,0.9843868610016784,1632.64483615201,1.0034321901276535
1632.6545583756858,0.9908508043729012,1632.6545583756858,0.9968663422541096,1632.6545583756858,0.9877458170747564,1632.6462250412394,0.9928713403303552
1632.6559472649162,0.9885077837694117,1632.6559472649162,0.9969106742403095,1632.6559472649162,0.9854539612093584,1632.647613930469,0.9852443276524304
1632.6573361541452,1.007964367030798,1632.6573361541452,0.9969505093291341,1632.6573361541452,1.0048905890969724,1632.6490028192331,0.980405458492943
1632.6587250429084,0.9984035082956871,1632.6587250429084,0.9970791133886706,1632.6587250429084,0.995487284855602,1632.650391708463,0.9723799183100368
1632.660113932138,0.9965030245219222,1632.660113932138,0.9970903954820692,1632.660113932138,0.9936035948196416,1632.651780597692,0.9965052468198478
1632.6615028213685,0.9885832927051308,1632.6615028213685,0.9971870829504917,1632.6615028213685,0.9858024899062215,1632.6531694869211,0.9843868610016784
1632.662891710598,0.9954575388064467,1632.662891710598,0.9971734286308059,1632.662891710598,0.992643807028008,1632.6545583756858,0.9877458170747564
1632.6642805993613,1.0014021753410038,1632.6642805993613,0.9972478433049884,1632.6642805993613,0.99864615963974,1632.6559472649162,0.9854539612093584
1632.6656694885912,0.9978100742076436,1632.6656694885912,0.9973756875166061,1632.6656694885912,0.9951915087738442,1632.6573361541452,1.0048905890969724
1632.6670583778202,0.9928033916913414,1632.6670583778202,0.9975068657755266,1632.6670583778202,0.9903281995773424,1632.6587250429084,0.995487284855602
1632.6684472665836,0.9939374346617662,1632.6684472665836,0.9976427085576537,1632.6684472665836,0.9915944344528104,1632.660113932138,0.9936035948196416
1632.669836155814,0.9834300484643942,1632.669836155814,0.9976935424389711,1632.669836155814,0.9811618087933704,1632.6615028213685,0.9858024899062215
1632.6712250450444,0.9941099861802394,1632.6712250450444,0.9977389383175544,1632.6712250450444,0.9918622421823508,1632.662891710598,0.992643807028008
1632.6726139338075,0.9939863073365767,1632.6726139338075,0.9978077613127814,1632.6726139338075,0.9918072520990678,1632.6642805993613,0.99864615963974
1632.6740028230367,0.9980609352264959,1632.6740028230367,0.9977932321112722,1632.6740028230367,0.9958584464036444,1632.6656694885912,0.9951915087738442
1632.6753917122662,1.0112044340085975,1632.6753917122662,0.9979253923345447,1632.6753917122662,1.0091065815384608,1632.6670583778202,0.9903281995773424
1632.676780601031,0.9951911069749259,1632.676780601031,0.9980421519345022,1632.676780601031,0.9932426739913344,1632.6684472665836,0.9915944344528104
1632.6781694902604,1.0070465505823039,1632.6781694902604,0.9980796818782879,1632.6781694902604,1.005112700841813,1632.669836155814,0.9811618087933704
1632.6795583794894,0.9969561071707413,1632.6795583794894,0.9981894439243173,1632.6795583794894,0.9951510622337144,1632.6712250450444,0.9918622421823508
1632.6809472682537,1.001159225186384,1632.6809472682537,0.998302136285751,1632.6809472682537,0.9994593932657544,1632.6726139338075,0.9918072520990678
1632.6823361574832,0.9934371346801852,1632.6823361574832,0.9983392530597235,1632.6823361574832,0.991787286998408,1632.6740028230367,0.9958584464036444
1632.6837250462463,1.0127155038730271,1632.6837250462463,0.9984715649050564,1632.6837250462463,1.011167633955714,1632.6753917122662,1.0091065815384608
1632.6851139354765,1.0019385830427046,1632.6851139354765,0.9985171207783261,1632.6851139354765,1.0004528291365171,1632.676780601031,0.9932426739913344
1632.6865028247068,1.0082191616461886,1632.6865028247068,0.9986375702727077,1632.6865028247068,1.006845533888736,1632.6781694902604,1.005112700841813
1632.687891713471,0.9990882946752124,1632.687891713471,0.9987701876172075,1632.687891713471,0.9978596035189178,1632.6795583794894,0.9951510622337144
1632.6892806026997,0.9973292532006073,1632.6892806026997,0.9988759245695993,1632.6892806026997,0.9962081798910646,1632.6809472682537,0.9994593932657544
1632.690669491463,0.9885402849712728,1632.690669491463,0.9989958366307943,1632.690669491463,0.9875476290281204,1632.6823361574832,0.991787286998408
1632.6920583806923,0.9925283822758143,1632.6920583806923,0.9991202347742051,1632.6920583806923,0.9916551903194736,1632.6837250462463,1.011167633955714
1632.6934472699224,0.9892270814301408,1632.6934472699224,0.9992315240643371,1632.6934472699224,0.9884668842231558,1632.6851139354765,1.0004528291365171
1632.6948361586865,0.9972443498162442,1632.6948361586865,0.9992541947760096,1632.6948361586865,0.9965005997705564,1632.6865028247068,1.006845533888736
1632.6962250479162,1.0136216635259059,1632.6962250479162,0.9992586105573965,1632.6962250479162,1.0128701751257736,1632.687891713471,0.9978596035189178
1632.69761393668,0.9894384927952784,1632.69761393668,0.9993626154136236,1632.69761393668,0.9888078399508032,1632.6892806026997,0.9962081798910646
1632.699002825909,0.9999630187125825,1632.699002825909,0.9994044442205424,1632.699002825909,0.9993674849575443,1632.690669491463,0.9875476290281204
1632.700391715139,1.0329374097501909,1632.700391715139,0.9995343817216968,1632.700391715139,1.032456455211868,1632.6920583806923,0.9916551903194736
1632.7017806039037,0.9974660260189606,1632.7017806039037,0.9995590894043691,1632.7017806039037,0.997026232679307,1632.6934472699224,0.9884668842231558
1632.7031694931331,1.0084965526337613,1632.7031694931331,0.9995612858544695,1632.7031694931331,1.008054110930402,1632.6948361586865,0.9965005997705564
1632.7045583818965,0.9937228214224509,1632.7045583818965,0.9996151106412359,1632.7045583818965,0.9933403480829244,1632.6962250479162,1.0128701751257736
1632.7059472711255,0.991406170853628,1632.7059472711255,0.9996197771447295,1632.7059472711255,0.9910292155686132,1632.69761393668,0.9888078399508032
1632.7073361598896,1.0139243512288152,1632.7073361598896,0.9996496528892114,1632.7073361598896,1.013569125761804,1632.699002825909,0.9993674849575443
1632.7087250491195,0.9957381257182103,1632.7087250491195,0.9997422086231038,1632.7087250491195,0.9954814330157534,1632.700391715139,1.032456455211868
1632.710113937884,1.0129246807850514,1632.710113937884,0.9998343845551174,1632.710113937884,1.0127569248134105,1632.7017806039037,0.997026232679307
1632.711502827113,0.9950778224752248,1632.711502827113,0.9998273873630228,1632.711502827113,0.9949060594682898,1632.7031694931331,1.008054110930402
1632.7128917158768,0.9832532166321426,1632.7128917158768,0.9997156633213456,1632.7128917158768,0.9829736416782492,1632.7045583818965,0.9933403480829244
1632.7142806051058,0.9946526854796612,1632.7142806051058,0.999860555062837,1632.7142806051058,0.9945139861984356,1632.7059472711255,0.9910292155686132
1632.7156694943358,0.9834393353769773,1632.7156694943358,0.9998070072506414,1632.7156694943358,0.9832495387158154,1632.7073361598896,1.013569125761804
1632.7170583831005,0.9991440897462366,1632.7170583831005,0.999898186730818,1632.7170583831005,0.9990423636200756,1632.7087250491195,0.9954814330157534
1632.71844727233,1.012335270395395,1632.71844727233,0.9999603643255504,1632.71844727233,1.0122951458041836,1632.710113937884,1.0127569248134105
1632.719836161093,1.016639683176967,1632.719836161093,1.0000807771962987,1632.719836161093,1.0167218044802202,1632.711502827113,0.9949060594682898
1632.7212250503223,1.013010398695869,1632.7212250503223,1.0002163336546828,1632.7212250503223,1.0132295469376504,1632.7128917158768,0.9829736416782492
1632.7226139390866,1.0142037699186353,1632.7226139390866,1.0002939467517076,1632.7226139390866,1.0145018918223725,1632.7142806051058,0.9945139861984356
1632.724002828317,0.995802820142412,1632.724002828317,1.0002682790759985,1632.724002828317,0.9960699732028764,1632.7156694943358,0.9832495387158154
1632.7253917170808,0.9963547800823122,1632.7253917170808,1.0003824923414453,1632.7253917170808,0.996735878155056,1632.7170583831005,0.9990423636200756
1632.7267806063098,0.9900792703958315,1632.7267806063098,1.0004209150795054,1632.7267806063098,0.9904960096906468,1632.71844727233,1.0122951458041836
1632.7281694950736,0.9927366970760009,1632.7281694950736,1.0004899144375137,1632.7281694950736,0.993223053116548,1632.719836161093,1.0167218044802202
1632.729558383838,0.989495983801766,1632.729558383838,1.0004288993376016,1632.729558383838,0.989920377973778,1632.7212250503223,1.0132295469376504
1632.7309472730674,1.0082136923990705,1632.7309472730674,1.000565959051815,1632.7309472730674,1.0087843000644476,1632.7226139390866,1.0145018918223725
1632.7323361618317,1.0110642920676463,1632.7323361618317,1.00066473427332,1632.7323361618317,1.0117363811551137,1632.724002828317,0.9960699732028764
1632.7337250510611,0.9811341145482709,1632.7337250510611,1.000703690859091,1632.7337250510611,0.9818245296562208,1632.7253917170808,0.996735878155056
1632.7351139398254,1.0126302680715387,1632.7351139398254,1.000705936535437,1632.7351139398254,1.0133451207746598,1632.7267806063098,0.9904960096906468
1632.7365028290544,0.9834141200936284,1632.7365028290544,1.000826294644165,1632.7365028290544,0.984226709914058,1632.7281694950736,0.993223053116548
1632.7378917178178,1.0085934658070002,1632.7378917178178,1.000857459964765,1632.7378917178178,1.0094582943246533,1632.729558383838,0.989920377973778
1632.7392806070482,0.9889242470212015,1632.7392806070482,1.0008729281014466,1632.7392806070482,0.9897875067866282,1632.7309472730674,1.0087843000644476
1632.740669495812,1.004230816086538,1632.740669495812,1.0009308711387288,1632.740669495812,1.0051656255698551,1632.7323361618317,1.0117363811551137
1632.742058385041,1.0144230787665096,1632.742058385041,1.0009955846477387,1632.742058385041,1.0154330228100414,1632.7337250510611,0.9818245296562208
1632.7434472738048,1.0112879935155863,1632.7434472738048,1.0009344712134427,1632.7434472738048,1.012233013034027,1632.7351139398254,1.0133451207746598
1632.744836162569,1.0190590655052905,1632.744836162569,1.001031214211574,1632.744836162569,1.0201099336960728,1632.7365028290544,0.984226709914058
1632.7462250517983,0.9991877339882141,1632.7462250517983,1.0009434939859188,1632.7462250517983,1.0001304616060358,1632.7378917178178,1.0094582943246533
1632.7476139405628,0.9914507366680866,1632.7476139405628,1.0010813194501305,1632.7476139405628,0.992522811633492,1632.7392806070482,0.9897875067866282
1632.7490028297923,1.002959131552808,1632.7490028297923,1.001097249380405,1632.7490028297923,1.0040596278384757,1632.740669495812,1.0051656255698551
1632.7503917185566,0.9934136889735,1632.7503917185566,1.001209812056087,1632.7503917185566,0.994615532831102,1632.742058385041,1.0154330228100414
1632.7545583853137,1.0255226986204657,1632.7545583853137,1.0012243304781807,1632.753169496549,1.0352128438934802,1632.7434472738048,1.012233013034027
1632.755947274544,1.0304383679692373,1632.755947274544,1.0012075962757936,1632.7545583853137,1.0267782773164529,1632.744836162569,1.0201099336960728
1632.7573361633072,1.0142384753583775,1632.7573361633072,1.0012833290492609,1632.755947274544,1.0316827215048316,1632.7462250517983,1.0001304616060358
1632.7587250520703,1.0150498595803206,1632.7587250520703,1.0013368586901321,1632.7573361633072,1.015540077056683,1632.7476139405628,0.992522811633492
1632.7601139413002,1.01969604354244,1632.7601139413002,1.0013958400020522,1632.7587250520703,1.0164068378060178,1632.7490028297923,1.0040596278384757
1632.761502830065,1.0155075776190539,1632.761502830065,1.0014623687698925,1632.7601139413002,1.0211193760699508,1632.7503917185566,0.994615532831102
1632.7628917188288,1.0169114709005067,1632.7628917188288,1.0014943160715455,1632.761502830065,1.016992624186153,1632.75178060732,1.0642057844232111
1632.7642806080578,1.0294744885831928,1632.7642806080578,1.0015270096233344,1632.7628917188288,1.0184310580548124,1632.753169496549,1.0352128438934802
1632.765669496822,1.0336503533650543,1632.765669496822,1.0015683204461767,1632.7642806080578,1.0310465060342366,1632.7545583853137,1.0267782773164529
1632.7670583855854,1.0171591886710505,1632.7670583855854,1.0016551622864478,1632.765669496822,1.0352714483484344,1632.755947274544,1.0316827215048316
1632.7684472748144,1.0094863729072112,1632.7684472748144,1.001745509518092,1632.7670583855854,1.0188427521994528,1632.7573361633072,1.015540077056683
1632.7698361635792,0.9935253693939731,1632.7698361635792,1.0018460742549848,1632.7684472748144,1.011248440979505,1632.7587250520703,1.0164068378060178
1632.7712250528095,1.0126348165293602,1632.7712250528095,1.0019385352184147,1632.7698361635792,0.9953594910000856,1632.7601139413002,1.0211193760699508
1632.772613941573,1.00409047739493,1632.772613941573,1.0019794220712541,1632.7712250528095,1.0145978447845951,1632.761502830065,1.016992624186153
1632.774002830336,1.0038611219049618,1632.774002830336,1.0020005490992032,1632.772613941573,1.0060779962474216,1632.7628917188288,1.0184310580548124
1632.7753917191,1.0042816840065956,1632.7753917191,1.0020988500436299,1632.774002830336,1.005869395368114,1632.7642806080578,1.0310465060342366
1632.7767806083305,1.0017585649727891,1632.7767806083305,1.0022173890967192,1632.7753917191,1.0063895206628894,1632.765669496822,1.0352714483484344
1632.7781694970945,1.008834106019553,1632.7781694970945,1.0022437425676598,1632.7767806083305,1.0039798534923048,1632.7670583855854,1.0188427521994528
1632.7795583858576,0.998401939700342,1632.7795583858576,1.0023172368618476,1632.7781694970945,1.011097670046936,1632.7684472748144,1.011248440979505
1632.7809472750876,0.9950825276664762,1632.7809472750876,1.0024059557892633,1632.7795583858576,1.0007154734779558,1632.7698361635792,0.9953594910000856
1632.7823361638514,1.0002462178927827,1632.7823361638514,1.002490539094034,1632.7809472750876,0.99747665223471,1632.7712250528095,1.0145978447845951
1632.7837250526147,1.0215263650928632,1632.7837250526147,1.0024362808107754,1632.7823361638514,1.0027373702021043,1632.772613941573,1.0060779962474216
1632.7851139418449,1.0075571331766175,1632.7851139418449,1.0025374772143028,1632.7837250526147,1.02401509017384,1632.774002830336,1.005869395368114
1632.7865028306094,1.01288217717153,1632.7865028306094,1.0026361604181018,1632.7851139418449,1.0101137864441614,1632.7753917191,1.0063895206628894
1632.7878917193727,0.9998269013617136,1632.7878917193727,1.0026858961005836,1632.7865028306094,1.0155522970751902,1632.7767806083305,1.0039798534923048
1632.789280608136,0.9876868441013957,1632.789280608136,1.0027985307451823,1632.7878917193727,1.0025123325373395,1632.7781694970945,1.011097670046936
1632.7906694973656,0.9969426970141708,1632.7906694973656,1.0028174718266982,1632.789280608136,0.9904509161012256,1632.7795583858576,1.0007154734779558
1632.7920583861303,1.024543586808178,1632.7920583861303,1.0028789869805441,1632.7906694973656,0.9997515549758408,1632.7809472750876,0.99747665223471
1632.793447274894,1.0131236261283914,1632.793447274894,1.002997833784795,1632.7920583861303,1.0274932344555987,1632.7823361638514,1.0027373702021043
1632.7948361636577,0.9930373283168576,1632.7948361636577,1.003076526467982,1632.793447274894,1.016160802362973,1632.7837250526147,1.02401509017384
1632.7962250528874,0.9869833855062414,1632.7962250528874,1.0031324964969541,1632.7948361636577,0.9960924339411186,1632.7851139418449,1.0101137864441614
1632.7976139416512,1.007414786301233,1632.7976139416512,1.0031743324929345,1632.7962250528874,0.9900751075038916,1632.7865028306094,1.0155522970751902
1632.7990028304146,1.0103303027978745,1632.7990028304146,1.0032381593121726,1632.7976139416512,1.0106126557912518,1632.7878917193727,1.0025123325373395
1632.8003917191788,1.00949752349737,1632.8003917191788,1.0031780144504472,1632.7990028304146,1.0136019132762497,1632.789280608136,0.9904509161012256
1632.8017806084092,1.020282972016869,1632.8017806084092,1.0032832610328568,1632.8003917191788,1.0127057212147352,1632.7906694973656,0.9997515549758408
1632.803169497173,1.0228167788393132,1632.803169497173,1.0033820200674066,1632.8017806084092,1.0236328273413793,1632.7920583861303,1.0274932344555987
1632.8045583859364,1.000734378543813,1632.8045583859364,1.0033844663030427,1632.803169497173,1.026275965710628,1632.793447274894,1.016160802362973
1632.8059472746995,0.9921960077603432,1632.8059472746995,1.0033844692867564,1632.8045583859364,1.0041213303262908,1632.7948361636577,0.9960924339411186
1632.80733616393,0.9806837044622851,1632.80733616393,1.0034351821535128,1632.8059472746995,0.9955540646750504,1632.7962250528874,0.9900751075038916
1632.8087250526949,1.0237104207998877,1632.8087250526949,1.0034904207539381,1632.80733616393,0.9840525316220948,1632.7976139416512,1.0106126557912518
1632.8101139414582,0.9876034825611424,1632.8101139414582,1.0034742228288622,1632.8087250526949,1.0272836008986703,1632.7990028304146,1.0136019132762497
1632.8115028302216,0.999659063383525,1632.8115028302216,1.0035228708192345,1632.8101139414582,0.9910346371261202,1632.8003917191788,1.0127057212147352
1632.8128917189854,1.0009171088981441,1632.8128917189854,1.0035842298091768,1632.8115028302216,1.003180733127102,1632.8017806084092,1.0236328273413793
1632.8142806082144,0.9989764461257831,1632.8142806082144,1.003594555716269,1632.8128917189854,1.004504625836372,1632.803169497173,1.026275965710628
1632.815669496979,1.017938112913971,1632.815669496979,1.003581718808714,1632.8142806082144,1.0025673226206226,1632.8045583859364,1.0041213303262908
1632.8170583857434,1.0272523850519113,1632.8170583857434,1.0036703437752221,1632.815669496979,1.021584080999102,1632.8059472746995,0.9955540646750504
1632.8184472745072,1.0109980962109946,1632.8184472745072,1.003623663022103,1632.8170583857434,1.0310227544489687,1632.80733616393,0.9840525316220948
1632.8198361632706,0.995619343214154,1632.8198361632706,1.0036562436807561,1632.8184472745072,1.0146616126276509,1632.8087250526949,1.0272836008986703
1632.821225052034,1.0060630084660924,1632.821225052034,1.0037093628082119,1632.8198361632706,0.9992595701462194,1632.8101139414582,0.9910346371261202
1632.8226139412643,1.003838413103688,1632.8226139412643,1.0037361357264236,1632.821225052034,1.0097948611724143,1632.8115028302216,1.003180733127102
1632.824002830029,1.0072354861354273,1632.824002830029,1.003864343273259,1632.8226139412643,1.007588889662441,1632.8128917189854,1.004504625836372
1632.8253917187924,1.0196440282676662,1632.8253917187924,1.0039577809746891,1632.824002830029,1.0111277898108626,1632.8142806082144,1.0025673226206226
1632.8267806075555,0.9976823203955263,1632.8267806075555,1.0040496577408127,1632.8253917187924,1.0236795560036993,1632.815669496979,1.021584080999102
1632.8281694963196,1.011121458681478,1632.8281694963196,1.0040962187884799,1632.8267806075555,1.001722592327188,1632.8170583857434,1.0310227544489687
1632.8295583850838,1.0082974704201955,1632.8295583850838,1.004109272418582,1632.8281694963196,1.0152632333979643,1632.8184472745072,1.0146616126276509
1632.8309472738476,1.001572781027608,1632.8309472738476,1.0042020557163327,1632.8295583850838,1.0124408394051192,1632.8198361632706,0.9992595701462194
1632.8337250518414,1.0287469905955984,1632.8337250518414,1.0042797904850322,1632.8309472738476,1.0057814456574483,1632.821225052034,1.0097948611724143
1632.8351139406047,1.0288717383163162,1632.8351139406047,1.0042944439005261,1632.8337250518414,1.033149812177455,1632.8226139412643,1.007588889662441
1632.836502829368,0.9996412534786037,1632.836502829368,1.0043423092137356,1632.8351139406047,1.0332901702773525,1632.824002830029,1.0111277898108626
1632.8378917181328,1.0101380577407233,1632.8378917181328,1.0044416925825996,1632.836502829368,1.003982004904014,1632.8253917187924,1.0236795560036993
1632.8392806068975,1.001019045694915,1632.8392806068975,1.0045633481402287,1632.8378917181328,1.014624780459192,1632.8267806075555,1.001722592327188
1632.840669495661,0.9992216363844267,1632.840669495661,1.004598288958811,1632.8392806068975,1.0055870440954204,1632.8281694963196,1.0152632333979643
1632.8420583844245,0.9894774895773819,1632.8420583844245,1.004622671266664,1632.840669495661,1.0038163462024183,1632.8295583850838,1.0124408394051192
1632.843447273188,1.0141467371481314,1632.843447273188,1.0046502799207455,1632.8420583844245,0.994051518737462,1632.8309472738476,1.0057814456574483
1632.844836162418,1.0030983620413398,1632.844836162418,1.0047204743655924,1632.843447273188,1.018862803356581,1632.8323361630776,1.0381218106934973
1632.8462250511818,1.00888154807444,1632.8462250511818,1.0046469083427985,1632.844836162418,1.0078334621455238,1632.8337250518414,1.033149812177455
1632.847613939946,0.9980580252818837,1632.847613939946,1.004647924532024,1632.8462250511818,1.0135697281570826,1632.8351139406047,1.0332901702773525
1632.84900282871,0.9984229064359779,1632.84900282871,1.0046958710055651,1632.847613939946,1.0026969236619747,1632.836502829368,1.003982004904014
1632.8503917174742,0.9965937576926489,1632.8503917174742,1.0047115027799718,1632.84900282871,1.0031113716136026,1632.8378917181328,1.014624780459192
1632.8517806062375,1.0143456652295366,1632.8517806062375,1.004657801018151,1632.8503917174742,1.0012892119525203,1632.8392806068975,1.0055870440954204
1632.8531694950009,1.0109059867580974,1632.8531694950009,1.0046761196419893,1632.8517806062375,1.0190702855018,1632.840669495661,1.0038163462024183
1632.8545583837656,1.0147391685705964,1632.8545583837656,1.0047292999997666,1632.8531694950009,1.0156331040989814,1632.8420583844245,0.994051518737462
1632.8559472725303,1.008227625924753,1632.8559472725303,1.0047367920608838,1632.8545583837656,1.0195381745202805,1632.843447273188,1.018862803356581
1632.8573361612937,1.0078887465929112,1632.8573361612937,1.0046911569976928,1632.8559472725303,1.013003390538797,1632.844836162418,1.0078334621455238
1632.8587250500566,1.0133184644002724,1632.8587250500566,1.0046908332040951,1632.8573361612937,1.0126169109393863,1632.8462250511818,1.0135697281570826
1632.8601139388209,1.0009424490779582,1632.8601139388209,1.0047457996860716,1632.8587250500566,1.018071772299404,1632.847613939946,1.0026969236619747
1632.861502827585,1.0086923620029495,1632.861502827585,1.0048082908489877,1632.8601139388209,1.005692721438568,1632.84900282871,1.0031113716136026
1632.862891716349,1.0060358408873498,1632.862891716349,1.0048431861716036,1632.861502827585,1.0135424482566122,1632.8503917174742,1.0012892119525203
1632.8642806051128,1.0025291061796067,1632.8642806051128,1.0048469274608907,1632.862891716349,1.010908259760073,1632.8517806062375,1.0190702855018
1632.865669493877,0.9979191232266379,1632.865669493877,1.0049671338830557,1632.8642806051128,1.0073882920346908,1632.8531694950009,1.0156331040989814
1632.8670583826404,1.012268838295374,1632.8670583826404,1.0049719012724014,1632.865669493877,1.0028759211161662,1632.8545583837656,1.0195381745202805
1632.8684472714035,1.0146065155410229,1632.8684472714035,1.0049766072799315,1632.8670583826404,1.017301739020507,1632.8559472725303,1.013003390538797
1632.8698361601685,0.9962791846253584,1632.8698361601685,1.0050213962155925,1632.8684472714035,1.0196558137125302,1632.8573361612937,1.0126169109393863
1632.8712250489332,1.030892173908542,1632.8712250489332,1.0050157037310108,1632.8698361601685,1.0012818971527098,1632.8587250500566,1.018071772299404
1632.8726139376963,1.0049356964411427,1632.8726139376963,1.005044588184,1632.8712250489332,1.0360628236314848,1632.8601139388209,1.005692721438568
1632.8740028264594,1.0211769316706838,1632.8740028264594,1.0050558211602192,1632.8726139376963,1.0100051831810894,1632.861502827585,1.0135424482566122
1632.8753917152237,1.00064895764067,1632.8753917152237,1.005067754940079,1632.8740028264594,1.026339819610152,1632.862891716349,1.010908259760073
1632.8767806039884,1.004390091868617,1632.8767806039884,1.005062243414904,1632.8753917152237,1.0057200013390386,1632.8642806051128,1.0073882920346908
1632.8781694927522,1.0142143970620854,1632.8781694927522,1.0050568079680946,1632.8767806039884,1.0094745589971736,1632.865669493877,1.0028759211161662
1632.8795583815156,1.0106290524785753,1632.8795583815156,1.0051342427226413,1632.8781694927522,1.0193430845065052,1632.8670583826404,1.017301739020507
1632.88094727028,1.0192834332559062,1632.88094727028,1.0051480354778193,1632.8795583815156,1.0158178673365532,1632.8684472714035,1.0196558137125302
1632.8823361590432,0.9882842003026068,1632.8823361590432,1.005250271932379,1632.88094727028,1.024530740532261,1632.8698361601685,1.0012818971527098
1632.8837250478066,1.011324347812112,1632.8837250478066,1.0052903024420925,1632.8823361590432,0.9934729611006692,1632.8712250489332,1.0360628236314848
1632.885113936571,0.9969011159805942,1632.885113936571,1.0053143535206406,1632.8837250478066,1.0166745594790898,1632.8726139376963,1.0100051831810894
1632.886502825336,1.0148857150957098,1632.886502825336,1.005402654087684,1632.885113936571,1.0021990009360362,1632.8740028264594,1.026339819610152
1632.8878917140994,1.0106113841832325,1632.8878917140994,1.0054649223964054,1632.886502825336,1.0203687915529036,1632.8753917152237,1.0057200013390386
1632.8892806028623,1.0274052933854443,1632.8892806028623,1.005562390370401,1632.8878917140994,1.0161342969707177,1632.8767806039884,1.0094745589971736
1632.8906694916266,1.0198440744613881,1632.8906694916266,1.0056208830525655,1632.8892806028623,1.0331201226958704,1632.8781694927522,1.0193430845065052
1632.8920583803913,1.0065625658613435,1632.8920583803913,1.005619370367269,1632.8906694916266,1.0255764987357874,1632.8795583815156,1.0158178673365532
1632.893447269155,1.0006304403031434,1632.893447269155,1.0056952503165573,1632.8920583803913,1.012218813716747,1632.88094727028,1.024530740532261
1632.8948361579185,0.9900631643544653,1632.8948361579185,1.005692557534869,1632.893447269155,1.0063292811350366,1632.8823361590432,0.9934729611006692
1632.896225046217,1.0079515099677145,1632.896225046217,1.0056959872398112,1632.8948361579185,0.9956991558807076,1632.8837250478066,1.0166745594790898
1632.8976139349809,0.9989679758022096,1632.8976139349809,1.0057201739427846,1632.896225046217,1.0136927889068392,1632.885113936571,1.0021990009360362
1632.8990028237442,0.989772109113693,1632.8990028237442,1.0057282396805693,1632.8976139349809,1.0046822463870697,1632.886502825336,1.0203687915529036
1632.9003917125085,1.0087647970771696,1632.9003917125085,1.005812992281806,1632.8990028237442,0.9954417609838389,1632.8878917140994,1.0161342969707177
1632.9017806012732,1.010872711598107,1632.9017806012732,1.0058700353025338,1632.9003917125085,1.0146287390567368,1632.8892806028623,1.0331201226958704
1632.903169490037,1.0051259165639763,1632.903169490037,1.005871092448871,1632.9017806012732,1.016806570101556,1632.8906694916266,1.0255764987357874
1632.9059472675638,0.9906372635423684,1632.9059472675638,1.0059179701145191,1632.903169490037,1.0110271037428795,1632.8920583803913,1.012218813716747
1632.9073361563285,1.017657807884528,1632.9073361563285,1.005874896042856,1632.9059472675638,0.996499825262341,1632.893447269155,1.0063292811350366
1632.9087250446266,0.9975230041297287,1632.9087250446266,1.0059187694337361,1632.9073361563285,1.0236364417130503,1632.8948361579185,0.9956991558807076
1632.91011393339,1.0148484802368714,1632.91011393339,1.0059172058876316,1632.9087250446266,1.0034271127960204,1632.896225046217,1.0136927889068392
1632.9115028221545,0.9923047350468094,1632.9115028221545,1.00592602240444,1632.91011393339,1.020853547639183,1632.8976139349809,1.0046822463870697
1632.912891710918,0.9970441448594727,1632.912891710918,1.0059671395053928,1632.9115028221545,0.9981851551387286,1632.8990028237442,0.9954417609838389
1632.9142805996814,1.0083590158296196,1632.9142805996814,1.005942176146309,1632.912891710918,1.0029936463648843,1632.9003917125085,1.0146287390567368
1632.9156694884457,0.9932938440456764,1632.9156694884457,1.0058889560695976,1632.9142805996814,1.014350862720398,1632.9017806012732,1.016806570101556
1632.9170583772104,1.0126227549951445,1632.9170583772104,1.0058867463343124,1632.9156694884457,0.9991433078574632,1632.903169490037,1.0110271037428795
1632.9184472655086,1.0134398294300422,1632.9184472655086,1.0058896738928362,1632.9170583772104,1.0185838082861536,1632.9045583788004,1.0484559016966637
1632.919836154272,1.00394614940537,1632.919836154272,1.0059873014239515,1632.9184472655086,1.0194086595353966,1632.9059472675638,0.996499825262341
1632.9212250430353,1.0069863000541797,1632.9212250430353,1.0059880783860502,1632.919836154272,1.0099570776152755,1632.9073361563285,1.0236364417130503
1632.9226139318,1.0242106980583243,1632.9226139318,1.0059853221641206,1632.9212250430353,1.0130162129525828,1632.9087250446266,1.0034271127960204
1632.9240028205647,0.9951299208425413,1632.9240028205647,1.0059903626601485,1632.9226139318,1.0303409290501422,1632.91011393339,1.020853547639183
1632.925391709328,1.0208879566333178,1632.925391709328,1.005987115646586,1632.9240028205647,1.001091109962353,1632.9115028221545,0.9981851551387286
1632.9267805976258,1.0075768638545786,1632.9267805976258,1.0059225174792523,1632.925391709328,1.0270001308918884,1632.912891710918,1.0029936463648843
1632.9281694863896,0.9986161352125753,1632.9281694863896,1.005920262939542,1632.9267805976258,1.0135442554424476,1632.9142805996814,1.014350862720398
1632.929558375153,1.0067984418780116,1632.929558375153,1.0058696125848963,1632.9281694863896,1.004528205308703,1632.9156694884457,0.9991433078574632
1632.9309472639172,1.0193851081095493,1632.9309472639172,1.0058919804287343,1632.929558375153,1.0127079586829126,1632.9170583772104,1.0185838082861536
1632.932336152682,0.9987687520643773,1632.932336152682,1.0058980373613704,1632.9309472639172,1.0253913052158738,1632.9184472655086,1.0194086595353966
1632.93372504098,1.013588873431912,1632.93372504098,1.0058911059383615,1632.932336152682,1.0046595274794223,1632.919836154272,1.0099570776152755
1632.9351139297437,0.9893020872944316,1632.9351139297437,1.005822887690483,1632.93372504098,1.019560032863244,1632.9212250430353,1.0130162129525828
1632.9365028185068,1.0095715538571695,1632.9365028185068,1.005800868297907,1632.9351139297437,0.9950626822407074,1632.9226139318,1.0303409290501422
1632.9378917072715,1.0116001342496872,1632.9378917072715,1.0057904550915302,1632.9365028185068,1.015427945478408,1632.9240028205647,1.001091109962353
1632.9392805955706,1.017297172437079,1632.9392805955706,1.0058022561306896,1632.9378917072715,1.017457759397646,1632.925391709328,1.0270001308918884
1632.940669484334,1.0135553470551424,1632.940669484334,1.0058194355447334,1632.9392805955706,1.0231997911925852,1632.9267805976258,1.0135442554424476
1632.942058373097,1.0118656984721544,1632.942058373097,1.0058610614837324,1632.940669484334,1.0194536670683496,1632.9281694863896,1.004528205308703
1632.9434472618611,1.0057912635669004,1632.9434472618611,1.0059451104738693,1632.942058373097,1.0177963055441794,1632.929558375153,1.0127079586829126
1632.9448361501595,0.9842019503907606,1632.9448361501595,1.0059439975477467,1632.9434472618611,1.0117708037424582,1632.9309472639172,1.0253913052158738
1632.9462250389236,0.9977767945682449,1632.9462250389236,1.0059503733391522,1632.9448361501595,0.9900520443703708,1632.932336152682,1.0046595274794223
1632.9476139276878,1.0307459169931739,1632.9476139276878,1.0058620427309133,1632.9462250389236,1.0037139390050684,1632.93372504098,1.019560032863244
1632.9490028164516,1.0100462149715406,1632.9490028164516,1.0058900997078415,1632.9476139276878,1.0367881936033023,1632.9351139297437,0.9950626822407074
1632.9503917047502,1.0230883731025127,1632.9503917047502,1.0058608989444766,1632.9490028164516,1.0159954878872508,1632.9365028185068,1.015427945478408
1632.9517805935136,0.9964978722399942,1632.9517805935136,1.0057512178467065,1632.9503917047502,1.0290845906685355,1632.9378917072715,1.017457759397646
1632.9531694822774,0.9920586312227795,1632.9531694822774,1.0057632657404338,1632.9517805935136,1.002228948587026,1632.9392805955706,1.0231997911925852
1632.954558371042,1.0032345569208783,1632.954558371042,1.0057681712357136,1632.9531694822774,0.9977761287446074,1632.940669484334,1.0194536670683496
1632.9559472593398,0.9917039478094889,1632.9559472593398,1.005764851398262,1632.954558371042,1.0090213856347832,1632.942058373097,1.0177963055441794
1632.9573361481032,1.0005304591406097,1632.9573361481032,1.0057709764643232,1632.9559472593398,0.9974209736996804,1632.9434472618611,1.0117708037424582
1632.958725036867,1.0005100747928677,1632.958725036867,1.0056896290843644,1632.9573361481032,1.0063044968721486,1632.9448361501595,0.9900520443703708
1632.9601139251656,1.003481560998036,1632.9601139251656,1.0056783130886795,1632.958725036867,1.006202606013609,1632.9462250389236,1.0037139390050684
1632.9615028139294,0.9875720200290659,1632.9615028139294,1.005589085908015,1632.9601139251656,1.0091796434800997,1632.9476139276878,1.0367881936033023
1632.9628917026937,0.9790835565703683,1632.9628917026937,1.0055946755508771,1632.9615028139294,0.9930916448893602,1632.9490028164516,1.0159954878872508
1632.9642805909918,1.0201058265329097,1632.9642805909918,1.0056571809226935,1632.9628917026937,0.9845612114065784,1632.9503917047502,1.0290845906685355
1632.965669479756,0.9911982657658972,1632.965669479756,1.0056868899915032,1632.9642805909918,1.0258767497539,1632.9517805935136,1.002228948587026
1632.9670583685197,0.9986945556472054,1632.9670583685197,1.0057109014889651,1632.965669479756,0.9968351012630766,1632.9531694822774,0.9977761287446074
1632.9684472568176,0.9996062280747574,1632.9684472568176,1.0056999347140205,1632.9670583685197,1.0043980018720724,1632.954558371042,1.0090213856347832
1632.9698361455823,1.0155491292771404,1632.9698361455823,1.0056074080765014,1632.9684472568176,1.0053039183145118,1632.9559472593398,0.9974209736996804
1632.9712250343466,1.0136241365177496,1632.9712250343466,1.0055183805444587,1632.9698361455823,1.021243727666733,1632.9573361481032,1.0063044968721486
1632.972613922644,1.000894337466706,1632.972613922644,1.0054220912374312,1632.9712250343466,1.019217700232103,1632.958725036867,1.006202606013609
1632.9740028114072,0.9935391961552325,1632.9740028114072,1.0053734302325104,1632.972613922644,1.006321277883479,1632.9601139251656,1.0091796434800997
1632.9753917001717,1.0063121318438428,1632.9753917001717,1.0053789372960549,1632.9740028114072,0.998877909709037,1632.9615028139294,0.9930916448893602
1632.9767805884696,1.0041680349019797,1632.9767805884696,1.0053716542809927,1632.9753917001717,1.01172502170129,1632.9628917026937,0.9845612114065784
1632.978169477234,0.9962724237830812,1632.978169477234,1.0053763215856018,1632.9767805884696,1.009562078425497,1632.9642805909918,1.0258767497539
1632.9795583659975,0.9813653506407327,1632.9795583659975,1.0054735378576887,1632.978169477234,1.001628704720206,1632.965669479756,0.9968351012630766
1632.9809472542963,1.0201717731124178,1632.9809472542963,1.0054757628689341,1632.9795583659975,0.9867368910396886,1632.9670583685197,1.0043980018720724
1632.9823361430597,1.0066756608357577,1632.9823361430597,1.005408598313248,1632.9809472542963,1.0257579918275614,1632.9684472568176,1.0053039183145118
1632.9837250313578,1.0060878114073684,1632.9837250313578,1.0053253651226106,1632.9823361430597,1.0121203651169417,1632.9698361455823,1.021243727666733
1632.9851139201226,0.9767764355001217,1632.9851139201226,1.0053285509312273,1632.9837250313578,1.0114455963485207,1632.9712250343466,1.019217700232103
1632.9865028088868,1.0282924934021593,1632.9865028088868,1.005298950419042,1632.9851139201226,0.9819812384851068,1632.972613922644,1.006321277883479
1632.9878916971843,0.986143752692036,1632.9878916971843,1.005300291029881,1632.9865028088868,1.0337413643409703,1632.9740028114072,0.998877909709037
1632.9892805859474,1.0095663506573491,1632.9892805859474,1.0052445694733345,1632.9878916971843,0.9913706015786028,1632.9753917001717,1.01172502170129
1632.9906694747117,0.9926856467833134,1632.9906694747117,1.0052431149459482,1632.9892805859474,1.0148610915213123,1632.9767805884696,1.009562078425497
1632.9920583630108,0.9950730500008289,1632.9920583630108,1.0051836371944605,1632.9906694747117,0.9978904117345913,1632.978169477234,1.001628704720206
1632.9934472517746,0.9758594345545135,1632.9934472517746,1.0051158995476623,1632.9920583630108,1.0002311476740184,1632.9795583659975,0.9867368910396886
1632.9948361400725,1.0019471577532042,1632.9948361400725,1.0050350402270671,1632.9934472517746,0.980851833394333,1632.9809472542963,1.0257579918275614
1632.9962250288363,0.9832625140316245,1632.9962250288363,1.0049950383576522,1632.9948361400725,1.006992001997887,1632.9823361430597,1.0121203651169417
1632.9976139171342,1.0130926346432338,1632.9976139171342,1.0049540343823744,1632.9962250288363,0.988173948004854,1632.9837250313578,1.0114455963485207
1632.9990028058976,0.9942871202548839,1632.9990028058976,1.0049406941242771,1632.9976139171342,1.0181115303877868,1632.9851139201226,0.9819812384851068
1633.0003916946623,1.0137871087937895,1633.0003916946623,1.0049350232017127,1632.9990028058976,0.9991995887877716,1632.9865028088868,1.0337413643409703
1633.0017805829614,0.9954475651611447,1633.0017805829614,1.0049358256920013,1633.0003916946623,1.018790171697284,1632.9878916971843,0.9913706015786028
1633.0031694717247,0.9850623352148269,1633.0031694717247,1.0048987757402446,1633.0017805829614,1.0003609208283073,1632.9892805859474,1.0148610915213123
1633.0045583600222,0.9794250900604953,1633.0045583600222,1.004792569905834,1633.0031694717247,0.989887934685206,1632.9906694747117,0.9978904117345913
1633.0059472487862,1.0016557815246112,1633.0059472487862,1.0047054664743555,1633.0045583600222,0.984119053272138,1632.9920583630108,1.0002311476740184
1633.0073361370853,1.0003513356905334,1633.0073361370853,1.0045945225122863,1633.0059472487862,1.0063690392234197,1632.9934472517746,0.980851833394333
1633.0087250258491,0.9930332682407099,1633.0087250258491,1.0044873827431908,1633.0073361370853,1.004947472422559,1632.9948361400725,1.006992001997887
1633.0101139141468,0.9996541972392017,1633.0101139141468,1.0043819034412886,1633.0087250258491,0.9974893885920276,1632.9962250288363,0.988173948004854
1633.011502802911,0.9964657994799743,1633.011502802911,1.0042602556593936,1633.0101139141468,1.0040345854061827,1632.9976139171342,1.0181115303877868
1633.0128916912092,0.9897127599954321,1633.0128916912092,1.0041588274581104,1633.011502802911,1.000710998541601,1632.9990028058976,0.9991995887877716
1633.0142805799726,0.9995862061249773,1633.0142805799726,1.0040712433630463,1633.0128916912092,0.9938288045973432,1633.0003916946623,1.018790171697284
1633.0156694682712,1.0077623335286665,1633.0156694682712,1.0039661520519783,1633.0142805799726,1.0036557648324562,1633.0017805829614,1.0003609208283073
1633.017058357036,1.0127193073965524,1633.017058357036,1.003863937800396,1633.0156694682712,1.0117592721756976,1633.0031694717247,0.989887934685206
1633.018447245334,1.0037244044380196,1633.018447245334,1.0037562635469413,1633.017058357036,1.0166323918095928,1633.0045583600222,0.984119053272138
1633.0198361340974,1.0167288361313565,1633.0198361340974,1.0036755396178967,1633.018447245334,1.0074946578295854,1633.0059472487862,1.0063690392234197
1633.0212250223951,1.0115974537792827,1633.0212250223951,1.0036586319557084,1633.0198361340974,1.0204658632492152,1633.0073361370853,1.004947472422559
1633.02261391116,0.9919843529559117,1633.02261391116,1.003548934424969,1633.0212250223951,1.0152985165499928,1633.0087250258491,0.9974893885920276
1633.024002799458,1.0020904025608495,1633.024002799458,1.0035040323524576,1633.02261391116,0.9955048403751476,1633.0101139141468,1.0040345854061827
1633.0253916882214,1.0073390393585009,1633.0253916882214,1.0034315602417485,1633.024002799458,1.00560175975151,1633.011502802911,1.000710998541601
1633.02678057652,1.0105410702706596,1633.02678057652,1.003353370040803,1633.0253916882214,1.0107957839559247,1633.0128916912092,0.9938288045973432
1633.0281694652838,0.993842817169625,1633.0281694652838,1.0033302513718036,1633.02678057652,1.0139297884207064,1633.0142805799726,1.0036557648324562
1633.0295583535817,1.0046574958348433,1633.0295583535817,1.003257179256425,1633.0281694652838,0.9971525635748614,1633.0156694682712,1.0117592721756976
1633.0309472423455,1.017104403125051,1633.0309472423455,1.003234282501359,1633.0295583535817,1.0079298453900885,1633.017058357036,1.0166323918095928
1633.0323361306448,1.0103253342140925,1633.0323361306448,1.0032255465831803,1633.0309472423455,1.0203940060981334,1633.018447245334,1.0074946578295854
1633.0337250194086,0.9966040030665726,1633.0337250194086,1.0031633720426578,1633.0323361306448,1.0135841856437673,1633.0198361340974,1.0204658632492152
1633.0351139077063,1.015618254193191,1633.0351139077063,1.0030603523008814,1633.0337250194086,0.9997566323074742,1633.0212250223951,1.0152985165499928
1633.036502796004,1.0110069359725484,1633.036502796004,1.002967383302264,1633.0351139077063,1.0187264038542283,1633.02261391116,0.9955048403751476
1633.0378916847687,1.0007045726388353,1633.0378916847687,1.0028531429284875,1633.036502796004,1.0140069810728265,1633.024002799458,1.00560175975151
1633.0392805730678,1.0119645266575186,1633.0392805730678,1.0028411438617004,1633.0378916847687,1.003559725813765,1633.0253916882214,1.0107957839559247
1633.0406694618312,0.9981109100667104,1633.0406694618312,1.0028259897520928,1633.0392805730678,1.0148396634606902,1633.02678057652,1.0139297884207064
1633.0420583501289,0.9991536675123904,1633.0420583501289,1.0027898694015458,1633.0406694618312,1.000931561270011,1633.0281694652838,0.9971525635748614
1633.043447238893,1.0179681639957519,1633.043447238893,1.0027417160932455,1633.0420583501289,1.0019411757568255,1633.0295583535817,1.0079298453900885
1633.0448361271904,1.009956901655223,1633.0448361271904,1.0026324216175093,1633.043447238893,1.0207591436933905,1633.0309472423455,1.0203940060981334
1633.046225015489,1.0049365503191614,1633.046225015489,1.0025941812780372,1633.0448361271904,1.0126155340358929,1633.0323361306448,1.0135841856437673
1633.0476139042537,0.9963794268140586,1633.0476139042537,1.0025800254428712,1633.046225015489,1.0075435379036146,1633.0337250194086,0.9997566323074742
1633.0490027925518,1.0069649037125306,1633.0490027925518,1.002512465530674,1633.0476139042537,0.9989501110859922,1633.0351139077063,1.0187264038542283
1633.0503916813152,0.9843724872290609,1633.0503916813152,1.0024077100572073,1633.0490027925518,1.0094948683237068,1633.036502796004,1.0140069810728265
1633.051780569613,1.0108762832312284,1633.051780569613,1.0023970703427585,1633.0503916813152,0.9867425707666004,1633.0378916847687,1.003559725813765
1633.053169457912,1.0134385225597005,1633.053169457912,1.0023248667560458,1633.051780569613,1.0132994247899598,1633.0392805730678,1.0148396634606902
1633.054558346677,0.9866011843532178,1633.054558346677,1.0022085371975318,1633.053169457912,1.0157946320900957,1633.0406694618312,1.000931561270011
1633.0559472349744,0.9786653080553004,1633.0559472349744,1.0021318377106938,1633.054558346677,0.9887801297679908,1633.0420583501289,1.0019411757568255
1633.057336123272,1.0041253623599706,1633.057336123272,1.0021490131067112,1633.0559472349744,0.9807516636651604,1633.043447238893,1.0207591436933905
1633.058725012036,0.9989118389140706,1633.058725012036,1.0021470126436107,1633.057336123272,1.0062832409244633,1633.0448361271904,1.0126155340358929
1633.0601139003345,0.9895954556952716,1633.0601139003345,1.002026865833908,1633.058725012036,1.0010565152620716,1633.046225015489,1.0075435379036146
1633.0615027890983,1.0030140496101698,1633.0615027890983,1.002011780601315,1633.0601139003345,0.991601232913811,1633.0476139042537,0.9989501110859922
1633.062891677397,1.0006183502745107,1633.062891677397,1.0019575723181247,1633.0615027890983,1.0050318938180218,1633.0490027925518,1.0094948683237068
1633.064280565695,0.9870255531070722,1633.064280565695,1.001921238673447,1633.062891677397,1.0025771330580158,1633.0503916813152,0.9867425707666004
1633.0656694544584,0.9802460948230178,1633.0656694544584,1.0018726497629826,1633.064280565695,0.988921864771382,1633.051780569613,1.0132994247899598
1633.067058342756,1.0067570445985723,1633.067058342756,1.0017981568828838,1633.0656694544584,0.9820817524401528,1633.053169457912,1.0157946320900957
1633.0684472310552,0.9907380157036119,1633.0684472310552,1.0016826554091376,1633.067058342756,1.008567351707709,1633.054558346677,0.9887801297679908
1633.06983611982,1.0094284983970117,1633.06983611982,1.001605327857699,1633.0684472310552,0.9924050863847738,1633.0559472349744,0.9807516636651604
1633.0712250081176,1.0003740194586055,1633.0712250081176,1.0015519462405063,1633.06983611982,1.0110489620858436,1633.057336123272,1.0062832409244633
1633.0726138964153,0.9933072580838055,1633.0726138964153,1.0015200785460683,1633.0712250081176,1.0019265461572044,1633.058725012036,1.0010565152620716
1633.0740027851791,1.027558502165722,1633.0740027851791,1.001431560694561,1633.0726138964153,0.9948171631364726,1633.0601139003345,0.991601232913811
1633.0753916734775,1.0110054207966805,1633.0753916734775,1.0013396955583516,1633.0740027851791,1.0290295145287844,1633.0615027890983,1.0050318938180218
1633.076780561776,1.0169086220430876,1633.076780561776,1.001209225568261,1633.0753916734775,1.0123598602683912,1633.062891677397,1.0025771330580158
1633.0781694500745,0.9987192768995068,1633.0781694500745,1.0011698315831454,1633.076780561776,1.0181382939494472,1633.064280565695,0.988921864771382
1633.0795583388383,0.9954926436338623,1633.0795583388383,1.001077786739227,1633.0781694500745,0.99988761025232,1633.0656694544584,0.9820817524401528
1633.080947227137,1.0118635456082872,1633.080947227137,1.0009926161029008,1633.0795583388383,0.996565572404169,1633.067058342756,1.008567351707709
1633.0823361154346,1.0075701263476273,1633.0823361154346,1.0009410493109325,1633.080947227137,1.0128679376575962,1633.0684472310552,0.9924050863847738
1633.0837250041984,1.0166199990959635,1633.0837250041984,1.0008773089463858,1633.0823361154346,1.008518299520743,1633.06983611982,1.0110489620858436
1633.0851138924977,0.9991631547964338,1633.0851138924977,1.000771571634823,1633.0837250041984,1.017511888916245,1633.0712250081176,1.0019265461572044
1633.086502780796,1.0014609091964144,1633.086502780796,1.0006806443368057,1633.0851138924977,0.9999340807452352,1633.0726138964153,0.9948171631364726
1633.0878916690936,1.0146883515071927,1633.0878916690936,1.0006366985381738,1633.086502780796,1.0021425478927912,1633.0740027851791,1.0290295145287844
1633.089280557857,1.0195018370459832,1633.089280557857,1.000522521063178,1633.0878916690936,1.0153344020972994,1633.0753916734775,1.0123598602683912
1633.0906694461553,0.9972048576066238,1633.0906694461553,1.0004391972874491,1633.089280557857,1.0200345482297883,1633.076780561776,1.0181382939494472
1633.0920583344534,0.9956941727365932,1633.0920583344534,1.0004221956182981,1633.0906694461553,0.9976428272751158,1633.0781694500745,0.99988761025232
1633.093447222752,0.9961776225714115,1633.093447222752,1.0004010142272488,1633.0920583344534,0.9961145504534876,1633.0795583388383,0.996565572404169
1633.094836111516,1.005493948116048,1633.094836111516,1.0003411298139946,1633.093447222752,0.9965771039709296,1633.080947227137,1.0128679376575962
1633.0962249998145,0.9957362563640029,1633.0962249998145,1.000365999526229,1633.094836111516,1.0058369520795416,1633.0823361154346,1.008518299520743
1633.0976138881122,0.9947376988209985,1633.0976138881122,1.0003058533030311,1633.0962249998145,0.9961006953620812,1633.0837250041984,1.017511888916245
1633.0990027764103,1.001017222252759,1633.0990027764103,1.0002464384154233,1633.0976138881122,0.9950419426318324,1633.0851138924977,0.9999340807452352
1633.100391665175,0.9946505330569635,1633.100391665175,1.00023405959776,1633.0990027764103,1.0012639113508224,1633.086502780796,1.0021425478927912
1633.1017805534736,0.9979222845146596,1633.1017805534736,1.0001802867731893,1633.100391665175,0.9948833405606424,1633.0878916690936,1.0153344020972994
1633.1031694417711,0.999862098633116,1633.1031694417711,1.0000602867460466,1633.1017805534736,0.9981021967032284,1633.089280557857,1.0200345482297883
1633.1045583300686,1.0041254884041237,1633.1045583300686,1.000030740086918,1633.1031694417711,0.999922377065538,1633.0906694461553,0.9976428272751158
1633.1059472183672,0.9938612753618213,1633.1059472183672,0.9999704458435543,1633.1045583300686,1.004156355308914,1633.0920583344534,0.9961145504534876
1633.107336107132,0.9928014029136374,1633.107336107132,0.9998768870825784,1633.1059472183672,0.993831902630204,1633.093447222752,0.9965771039709296
1633.10872499543,0.9995529868481503,1633.10872499543,0.9997736922373129,1633.107336107132,0.9926791762365044,1633.094836111516,1.0058369520795416
1633.1101138837278,1.0062785789392497,1633.1101138837278,0.9996612719952597,1633.10872499543,0.9993267802480096,1633.0962249998145,0.9961006953620812
1633.1115027720264,1.0157897350170262,1633.1115027720264,0.9996329902205973,1633.1101138837278,1.0059377242039926,1633.0976138881122,0.9950419426318324
1633.112891660324,1.0001983923153968,1633.112891660324,0.9995432707216934,1633.1115027720264,1.015416930250458,1633.0990027764103,1.0012639113508224
1633.1142805486222,0.9898838401722329,1633.1142805486222,0.9994745226953159,1633.112891660324,0.999741572425511,1633.100391665175,0.9948833405606424
1633.115669437387,1.0233278328374804,1633.115669437387,0.9994279978527075,1633.1142805486222,0.9893636786799488,1633.1017805534736,0.9981021967032284
1633.1170583256855,0.9949594384021333,1633.1170583256855,0.9994129517730234,1633.115669437387,1.0227424871197133,1633.1031694417711,0.999922377065538
1633.1184472139832,0.9922555371292382,1633.1184472139832,0.9992865573748628,1633.1170583256855,0.9943753492279056,1633.1045583300686,1.004156355308914
1633.1198361022807,1.0129014789245117,1633.1198361022807,0.9991584881835911,1633.1184472139832,0.9915476197340218,1633.1059472183672,0.993831902630204
1633.121224990579,0.9869853327940832,1633.121224990579,0.9991116118373446,1633.1198361022807,1.0120491103611386,1633.107336107132,0.9926791762365044
1633.1226138788782,0.9993917134227749,1633.1226138788782,0.999018140298046,1633.121224990579,0.9861085067077144,1633.10872499543,0.9993267802480096
1633.124002767642,0.9956301832926852,1633.124002767642,0.9989224667429755,1633.1226138788782,0.9984104509728984,1633.1101138837278,1.0059377242039926
1633.1253916559397,0.9963235823078089,1633.1253916559397,0.9988458697120749,1633.124002767642,0.9945573586584898,1633.1115027720264,1.015416930250458
1633.1267805442385,0.9965053643500693,1633.1267805442385,0.9987657361780736,1633.1253916559397,0.9951736950848934,1633.112891660324,0.999741572425511
1633.1281694325364,0.9925894943265207,1633.1281694325364,0.9986547902221667,1633.1267805442385,0.9952754138304964,1633.1142805486222,0.9893636786799488
1633.129558320835,1.0109574865169195,1633.129558320835,0.9985512768721553,1633.1281694325364,0.991254253233378,1633.115669437387,1.0227424871197133
1633.1309472091332,0.9963290122849215,1633.1309472091332,0.9985250762068595,1633.129558320835,1.0094928890249346,1633.1170583256855,0.9943753492279056
1633.1323360974318,1.017674036361372,1633.1323360974318,0.9984186753718859,1633.1309472091332,0.9948595029189063,1633.1184472139832,0.9915476197340218
1633.1337249857295,1.0094472190126307,1633.1337249857295,0.9983808004567287,1633.1323360974318,1.0160647633442816,1633.1198361022807,1.0120491103611386
1633.1351138740272,1.0073630694884093,1633.1351138740272,0.9983751776526696,1633.1337249857295,1.0078127225366489,1633.121224990579,0.9861085067077144
1633.136502762791,1.0162240894890087,1633.136502762791,0.9983094467869283,1633.1351138740272,1.005726283461229,1633.1226138788782,0.9984104509728984
1633.13789165109,1.0120592497963665,1633.13789165109,0.9982152981786788,1633.136502762791,1.014506108589322,1633.124002767642,0.9945573586584898
1633.1392805393882,1.032514036458961,1633.1392805393882,0.9981525315103729,1633.13789165109,1.01025302580997,1633.1253916559397,0.9951736950848934
1633.140669427686,1.0166465067123067,1633.140669427686,0.9981198106672049,1633.1392805393882,1.0306064993115052,1633.1267805442385,0.9952754138304964
1633.1420583159845,0.9970235445007645,1633.1420583159845,0.9980281050944055,1633.140669427686,1.014735018795163,1633.1281694325364,0.991254253233378
1633.143447204283,1.0163925220318466,1633.143447204283,0.99798390269529,1633.1420583159845,0.9950575188526056,1633.129558320835,1.0094928890249346
1633.1448360925813,1.0048727427783044,1633.1448360925813,0.9978891981918152,1633.143447204283,1.0143433758076508,1633.1309472091332,0.9948595029189063
1633.1462249808794,0.9964091077819671,1633.1462249808794,0.9978556176639354,1633.1448360925813,1.0027516555758524,1633.1323360974318,1.0160647633442816
1633.147613869178,1.0002200906907708,1633.147613869178,0.9977456002872165,1633.1462249808794,0.9942724256917456,1633.1337249857295,1.0078127225366489
1633.1490027574762,0.9961606775544358,1633.1490027574762,0.9976587941729522,1633.147613869178,0.9979651948055972,1633.1351138740272,1.005726283461229
1633.150391645774,1.0235659118520029,1633.150391645774,0.9976367797835985,1633.1490027574762,0.9938284603714695,1633.136502762791,1.014506108589322
1633.1517805340716,1.0130761855414587,1633.1517805340716,0.9975293628964552,1633.150391645774,1.0211470001962948,1633.13789165109,1.01025302580997
1633.1531694223706,0.9906856922522561,1633.1531694223706,0.9974385809669447,1633.1517805340716,1.0105732419287423,1633.1392805393882,1.0306064993115052
1633.1545583106697,1.0066328979738572,1633.1545583106697,0.9973826461870114,1633.1531694223706,0.9881481310643456,1633.140669427686,1.014735018795163
1633.1559471989674,0.9904636856077453,1633.1559471989674,0.9973698697480577,1633.1545583106697,1.0039981835200658,1633.1420583159845,0.9950575188526056
1633.157336087265,0.9948580100415599,1633.157336087265,0.9973209131415744,1633.1559471989674,0.9878586371047782,1633.143447204283,1.0143433758076508
1633.158724976029,1.0110187794634597,1633.158724976029,0.9972233243244853,1633.157336087265,0.9921926990208582,1633.1448360925813,1.0027516555758524
1633.1601138643266,0.9957788430669272,1633.1601138643266,0.9971808529871101,1633.158724976029,1.008211508211035,1633.1462249808794,0.9942724256917456
1633.1615027526252,0.9957432057768562,1633.1615027526252,0.9971548347376775,1633.1601138643266,0.9929715961159962,1633.147613869178,0.9979651948055972
1633.1628916409245,1.0074231738263943,1633.1628916409245,0.997103469795986,1633.1615027526252,0.9929101517975862,1633.1490027574762,0.9938284603714695
1633.1642805292224,0.9898554744557797,1633.1642805292224,0.9970333305605836,1633.1628916409245,1.0045051421751825,1633.150391645774,1.0211470001962948
1633.16566941752,0.9873710299662241,1633.16566941752,0.997034401339745,1633.1642805292224,0.9869189004702728,1633.1517805340716,1.0105732419287423
1633.1670583058178,0.9973779916513149,1633.1670583058178,0.9970414061126713,1633.16566941752,0.9844428837625816,1633.1531694223706,0.9881481310643456
1633.1684471941169,0.9949715868487023,1633.1684471941169,0.9969257981801843,1633.1670583058178,0.9944271552218592,1633.1545583106697,1.0039981835200658
1633.169836082416,1.0229469659115107,1633.169836082416,0.9968222148682419,1633.1684471941169,0.9919128433857471,1633.1559471989674,0.9878586371047782
1633.171224970248,0.9939927510021875,1633.171224970248,0.9967467038960109,1633.169836082416,1.01969626025266,1633.157336087265,0.9921926990208582
1633.1726138585457,0.9936627004529773,1633.1726138585457,0.9966399023556675,1633.171224970248,0.9907589982579588,1633.158724976029,1.008211508211035
1633.1740027468438,0.9973266473899334,1633.1740027468438,0.9966359315472424,1633.1726138585457,0.9903238967539242,1633.1601138643266,0.9929715961159962
1633.1753916351424,0.9798860124930555,1633.1753916351424,0.9966736277513535,1633.1740027468438,0.9939715722783544,1633.1615027526252,0.9929101517975862
1633.1767805234406,0.9894135078879368,1633.1767805234406,0.9965876189185725,1633.1753916351424,0.9766265468542618,1633.1628916409245,1.0045051421751825
1633.1781694117392,0.9957971131077732,1633.1781694117392,0.9964716322129512,1633.1767805234406,0.9860372519519112,1633.1642805292224,0.9869189004702728
1633.1795583000371,0.9878163528791216,1633.1795583000371,0.9964271523037093,1633.1781694117392,0.9922835746514476,1633.16566941752,0.9844428837625816
1633.180947188335,1.0056930782041975,1633.180947188335,0.9963683402097196,1633.1795583000371,0.9842870354983791,1633.1670583058178,0.9944271552218592
1633.1823360766327,0.9736457182287992,1633.1823360766327,0.9963465772213109,1633.180947188335,1.00204074309072,1633.1684471941169,0.9919128433857471
1633.1837249649318,0.9888541570494295,1633.1837249649318,0.9962878677806726,1633.1823360766327,0.970088578783449,1633.169836082416,1.01969626025266
1633.1851138532309,0.9802177001989629,1633.1851138532309,0.9962693854341554,1633.1837249649318,0.9851833996728304,1633.171224970248,0.9907589982579588
1633.1865027415286,0.997298888566892,1633.1865027415286,0.9963173056797273,1633.1851138532309,0.976560885768902,1633.1726138585457,0.9903238967539242
1633.1878916298265,1.0084989638209394,1633.1878916298265,0.9962232978164403,1633.1865027415286,0.9936261416143524,1633.1740027468438,0.9939715722783544
1633.1892805181244,1.0047384257410787,1633.1892805181244,0.996149934460181,1633.1878916298265,1.004690163582159,1633.1753916351424,0.9766265468542618
1633.190669406423,1.0049578585904901,1633.190669406423,0.9961422230213303,1633.1892805181244,1.000870116951601,1633.1767805234406,0.9860372519519112
1633.1920582947212,0.9714309908617774,1633.1920582947212,0.9960859286910388,1633.190669406423,1.0010809552990865,1633.1781694117392,0.9922835746514476
1633.1934471830198,1.0177088921739503,1633.1934471830198,0.9960854895519625,1633.1920582947212,0.9676287406918096,1633.1795583000371,0.9842870354983791
1633.1948360708525,0.9910641425132427,1633.1948360708525,0.9959674290550896,1633.1934471830198,1.0137250600824748,1633.180947188335,1.00204074309072
1633.1962249591509,1.0023680201303253,1633.1962249591509,0.9960037883863055,1633.1948360708525,0.9870676060476012,1633.1823360766327,0.970088578783449
1633.1976138474486,0.989187647694806,1633.1976138474486,0.9959537233386044,1633.1962249591509,0.9983623454070846,1633.1837249649318,0.9851833996728304
1633.1990027357467,1.0033093749176754,1633.1990027357467,0.9959904859448556,1633.1976138474486,0.9851851208021978,1633.1851138532309,0.976560885768902
1633.2003916240458,0.9868340274392977,1633.2003916240458,0.9958989636267148,1633.1990027357467,0.9992865918772847,1633.1865027415286,0.9936261416143524
1633.2017805123437,0.9867657836197663,1633.2017805123437,0.9958667619652739,1633.2003916240458,0.9827869851983736,1633.1878916298265,1.004690163582159
1633.2031694006412,0.9739492954433988,1633.2031694006412,0.995855061114536,1633.2017805123437,0.9826872457515428,1633.1892805181244,1.000870116951601
1633.204558288939,1.0133502829412042,1633.204558288939,0.9958745401019355,1633.2031694006412,0.9699123351362452,1633.190669406423,1.0010809552990865
1633.2059471767725,0.9824582690674757,1633.2059471767725,0.9958333561901433,1633.204558288939,1.009169746986238,1633.1920582947212,0.9676287406918096
1633.2073360650704,0.9808162078907107,1633.2073360650704,0.9958356989385129,1633.2059471767725,0.9783647154022233,1633.1934471830198,1.0137250600824748
1633.208724953369,0.9988249690018176,1633.208724953369,0.9958458360292318,1633.2073360650704,0.9767317939150676,1633.1948360708525,0.9870676060476012
1633.2101138416672,0.9954476208753975,1633.2101138416672,0.9958610242256437,1633.208724953369,0.9946756863024866,1633.1962249591509,0.9983623454070846
1633.2115027299658,0.9917506346877135,1633.2115027299658,0.9958299765079873,1633.2101138416672,0.9913274872879536,1633.1976138474486,0.9851851208021978
1633.2128916182637,1.0007356795276878,1633.2128916182637,0.9957862641733438,1633.2115027299658,0.9876150112428472,1633.1990027357467,0.9992865918772847
1633.214280506096,1.0101402415582217,1633.214280506096,0.9958883143746579,1633.2128916182637,0.9965188437418488,1633.2003916240458,0.9827869851983736
1633.215669394395,0.9708432640581466,1633.215669394395,0.9957912699477852,1633.214280506096,1.005986862447427,1633.2017805123437,0.9826872457515428
1633.2170582826936,1.0010569863864969,1633.2170582826936,0.9958449836683082,1633.215669394395,0.9667572468367148,1633.2031694006412,0.9699123351362452
1633.218447170991,0.9775077359608769,1633.218447170991,0.9957521752792935,1633.2170582826936,0.9968975782591069,1633.204558288939,1.009169746986238
1633.2198360592886,0.991209996934528,1633.2198360592886,0.9956580878134659,1633.218447170991,0.9733554544353804,1633.2059471767725,0.9783647154022233
1633.2212249475872,0.9995900258930079,1633.2212249475872,0.9956648503282703,1633.2198360592886,0.9869062501694236,1633.2073360650704,0.9767317939150676
1633.2226138354197,0.9857701697292243,1633.2226138354197,0.9955837823523356,1633.2212249475872,0.9952566535203936,1633.208724953369,0.9946756863024866
1633.2240027237185,1.0076850876943013,1633.2240027237185,0.9955492128279081,1633.2226138354197,0.981416794109125,1633.2101138416672,0.9913274872879536
1633.2253916120164,1.0021095130296496,1633.2253916120164,0.9954904188763726,1633.2240027237185,1.0032000958324832,1633.2115027299658,0.9876150112428472
1633.226780500315,0.9994559632575832,1633.226780500315,0.9954550244332839,1633.2253916120164,0.9975904188858836,1633.2128916182637,0.9965188437418488
1633.2281693886127,0.9796854594796017,1633.2281693886127,0.9954553383252098,1633.226780500315,0.9949134603245688,1633.214280506096,1.005986862447427
1633.2295582764452,1.0219380144877983,1633.2295582764452,0.9954850619347024,1633.2281693886127,0.9752331205185556,1633.215669394395,0.9667572468367148
1633.2309471647443,0.9953909438737182,1633.2309471647443,0.9955968936960617,1633.2295582764452,1.0173240276458126,1633.2170582826936,0.9968975782591069
1633.232336053043,0.9971916008565556,1633.232336053043,0.9955319105268865,1633.2309471647443,0.9910081317338648,1633.218447170991,0.9733554544353804
1633.2337249413406,0.9947796262982387,1633.2337249413406,0.9955317878334106,1633.232336053043,0.9927360595620912,1633.2198360592886,0.9869062501694236
1633.2351138291724,0.9929605289403871,1633.2351138291724,0.9955338647336403,1633.2337249413406,0.9903347398689376,1633.2212249475872,0.9952566535203936
1633.2365027174708,1.0106707954533327,1633.2365027174708,0.9956154295828074,1633.2351138291724,0.9885258329039832,1633.2226138354197,0.981416794109125
1633.2378916057698,0.9908951683547773,1633.2378916057698,0.9956638640963932,1633.2365027174708,1.0062394381820674,1633.2240027237185,1.0032000958324832
1633.239280494068,0.975242336036247,1633.239280494068,0.9956946202310514,1633.2378916057698,0.9865985122385637,1633.2253916120164,0.9975904188858836
1633.2406693819,0.982623786823826,1633.2406693819,0.9956213863374583,1633.239280494068,0.9710435474128544,1633.226780500315,0.9949134603245688
1633.2420582701986,0.9925504571823531,1633.2420582701986,0.9956553230912376,1633.2406693819,0.9783212568857008,1633.2281693886127,0.9752331205185556
1633.2434471584963,1.0030848193862556,1633.2434471584963,0.9956800855829677,1633.2420582701986,0.9882381461302514,1633.2295582764452,1.0173240276458126
1633.2448360467945,0.9965498235185375,1633.2448360467945,0.9957527454342257,1633.2434471584963,0.9987515788134826,1633.2309471647443,0.9910081317338648
1633.246224934628,1.0123049770073729,1633.246224934628,0.9957507337862233,1633.2448360467945,0.9923172227305768,1633.232336053043,0.9927360595620912
1633.2476138229265,0.9909144975811616,1633.2476138229265,0.995746572538707,1633.246224934628,1.0080034236705373,1633.2337249413406,0.9903347398689376
1633.2490027112242,0.9878469724730826,1633.2490027112242,0.9956697261417652,1633.2476138229265,0.9866997146453566,1633.2351138291724,0.9885258329039832
1633.2503915990562,1.0071188058826546,1633.2503915990562,0.995713791470154,1633.2490027112242,0.983569324552246,1633.2365027174708,1.0062394381820674
1633.2517804873544,0.9991343413475546,1633.2517804873544,0.9957163760836113,1633.2503915990562,1.0028020846663122,1633.2378916057698,0.9865985122385637
1633.2531693756534,1.000237172005557,1633.2531693756534,0.9957265883713476,1633.2517804873544,0.994854425587273,1633.239280494068,0.9710435474128544
1633.2545582639516,0.9932215758631077,1633.2545582639516,0.9957173857998527,1633.2531693756534,0.995962746843298,1633.2406693819,0.9783212568857008
1633.2559471517836,1.0025561590787917,1633.2559471517836,0.9958162781914982,1633.2545582639516,0.9889679910384236,1633.2420582701986,0.9882381461302514
1633.2573360400822,0.9830584286563767,1633.2573360400822,0.995807535320984,1633.2559471517836,0.998361743011806,1633.2434471584963,0.9987515788134826
1633.2587249283804,0.9890661660291238,1633.2587249283804,0.9957849228764941,1633.2573360400822,0.9789369909168258,1633.2448360467945,0.9923172227305768
1633.260113816213,0.9809910345315423,1633.260113816213,0.9957835843778515,1633.2587249283804,0.9848971758590608,1633.246224934628,1.0080034236705373
1633.2615027045117,0.9850749957707956,1633.2615027045117,0.9957556584778663,1633.260113816213,0.976854768608356,1633.2476138229265,0.9866997146453566
1633.26289159281,0.9955295137761537,1633.26289159281,0.9957693360057711,1633.2615027045117,0.98089400106383,1633.2490027112242,0.983569324552246
1633.2642804806426,1.0003822878021316,1633.2642804806426,0.9958445198590382,1633.26289159281,0.9913177629070288,1633.2503915990562,1.0028020846663122
1633.2656693689405,0.994830676617247,1633.2656693689405,0.9958677187932732,1633.2642804806426,0.9962252190718,1633.2517804873544,0.994854425587273
1633.267058257238,0.9854627432426428,1633.267058257238,0.9958272125599016,1633.2656693689405,0.9907197565083862,1633.2531693756534,0.995962746843298
1633.2684471450714,0.994925130477198,1633.2684471450714,0.9958111469380593,1633.267058257238,0.981350616684955,1633.2545582639516,0.9889679910384236
1633.2698360333698,0.996903779916617,1633.2698360333698,0.9958098397757155,1633.2684471450714,0.9907575352979968,1633.2559471517836,0.998361743011806
1633.2712249212016,0.9784502400554446,1633.2712249212016,0.9957545820099807,1633.2698360333698,0.9927265933505716,1633.2573360400822,0.9789369909168258
1633.2726138095002,0.9864438209847995,1633.2726138095002,0.9957415591470015,1633.2712249212016,0.9742963098039744,1633.2587249283804,0.9848971758590608
1633.2740026977983,0.9994394980896576,1633.2740026977983,0.9958054242079403,1633.2726138095002,0.98224310831833,1633.260113816213,0.976854768608356
1633.2753915856313,0.9894273195511769,1633.2753915856313,0.9957776156250956,1633.2740026977983,0.9952472733653424,1633.2615027045117,0.98089400106383
1633.2767804739294,0.9858758422045072,1633.2767804739294,0.9957787413358058,1633.2753915856313,0.9852495770970005,1633.26289159281,0.9913177629070288
1633.278169362228,0.9670755936766666,1633.278169362228,0.9956673217906401,1633.2767804739294,0.9817142052637816,1633.2642804806426,0.9962252190718
1633.2795582500603,0.9714239277041472,1633.2795582500603,0.9957154320840472,1633.278169362228,0.96288556632514,1633.2656693689405,0.9907197565083862
1633.2809471383582,0.9995892565347527,1633.2809471383582,0.9956838681339746,1633.2795582500603,0.9672617959107171,1633.267058257238,0.981350616684955
1633.2823360261905,0.9996549403352191,1633.2823360261905,0.9956479728160741,1633.2809471383582,0.9952748974916864,1633.2684471450714,0.9907575352979968
1633.2837249144893,0.9897703589456692,1633.2837249144893,0.9956462941590223,1633.2823360261905,0.9953044148603344,1633.2698360333698,0.9927265933505716
1633.2851138027884,0.9979753813252228,1633.2851138027884,0.9956793611502962,1633.2837249144893,0.9854611899527008,1633.2712249212016,0.9742963098039744
1633.2865026906204,0.9903407895140224,1633.2865026906204,0.9956820341978049,1633.2851138027884,0.993663490121621,1633.2726138095002,0.98224310831833
1633.287891578918,0.9843721055902444,1633.287891578918,0.9956630001847728,1633.2865026906204,0.986064531852382,1633.2740026977983,0.9952472733653424
1633.2892804667506,1.0042094151148289,1633.2892804667506,0.9956370953944447,1633.287891578918,0.9801028839501846,1633.2753915856313,0.9852495770970005
1633.2906693550492,0.984836335524647,1633.2906693550492,0.9956352928620628,1633.2892804667506,0.9998281452326824,1633.2767804739294,0.9817142052637816
1633.2920582428817,0.9946481419860358,1633.2920582428817,0.9956741173753868,1633.2906693550492,0.9805378133412826,1633.278169362228,0.96288556632514
1633.2934471311803,1.010492193949639,1633.2934471311803,0.9957047058073765,1633.2920582428817,0.9903454108710146,1633.2795582500603,0.9672617959107171
1633.2948360194785,0.9905775516699329,1633.2948360194785,0.9957034608791112,1633.2934471311803,1.0061518326972756,1633.2809471383582,0.9952748974916864
1633.2962249073105,0.9880162664092608,1633.2962249073105,0.9956875186565155,1633.2948360194785,0.9863214964669088,1633.2823360261905,0.9953044148603344
1633.2976137956082,0.9820979993834718,1633.2976137956082,0.9956712488295627,1633.2962249073105,0.9837554646933117,1633.2837249144893,0.9854611899527008
1633.2990026834416,0.9990747677252,1633.2990026834416,0.9957130423215012,1633.2976137956082,0.9778467415191564,1633.2851138027884,0.993663490121621
1633.3003915717406,0.9898396044848373,1633.3003915717406,0.9956834044933849,1633.2990026834416,0.994791776478306,1633.2865026906204,0.986064531852382
1633.301780459573,1.013844664420109,1633.301780459573,0.9957883728705074,1633.3003915717406,0.9855668672958484,1633.287891578918,0.9801028839501846
1633.3031693478704,0.9619938593066136,1633.3031693478704,0.995786863338227,1633.301780459573,1.009574728726346,1633.2892804667506,0.9998281452326824
1633.3045582357029,0.9936190688939823,1633.3045582357029,0.9957863095226122,1633.3031693478704,0.9579408477095684,1633.2906693550492,0.9805378133412826
1633.3059471240017,0.9865598556318691,1633.3059471240017,0.9958931094065334,1633.3045582357029,0.9894322656852328,1633.2920582428817,0.9903454108710146
1633.307336011834,1.003578436757639,1633.307336011834,0.9960112341737167,1633.3059471240017,0.9825081622408828,1633.2934471311803,1.0061518326972756
1633.3087249001326,0.9861969815837927,1633.3087249001326,0.9960183619552817,1633.307336011834,0.9995753973851054,1633.2948360194785,0.9863214964669088
1633.310113787965,0.9913446481256646,1633.310113787965,0.9960476908248442,1633.3087249001326,0.9822703021623322,1633.2962249073105,0.9837554646933117
1633.3115026762628,0.9889219969685976,1633.3115026762628,0.996148339809851,1633.310113787965,0.987426547577136,1633.2976137956082,0.9778467415191564
1633.3128915640948,0.9944010833309457,1633.3128915640948,0.9961253829213803,1633.3115026762628,0.985113005481711,1633.2990026834416,0.994791776478306
1633.314280452394,0.9999702479728929,1633.314280452394,0.9961647558702456,1633.3128915640948,0.9905481599104736,1633.3003915717406,0.9855668672958484
1633.3156693402273,0.9949143123742555,1633.3156693402273,0.9961943416303584,1633.314280452394,0.9961351179494258,1633.301780459573,1.009574728726346
1633.317058228525,1.0021400208208844,1633.317058228525,0.9963139457627304,1633.3156693402273,0.9911280083942922,1633.3031693478704,0.9579408477095684
1633.318447116357,0.9763166357289139,1633.318447116357,0.996324505022144,1633.317058228525,0.9984460783508,1633.3045582357029,0.9894322656852328
1633.3198360046551,0.9988845158261389,1633.3198360046551,0.9963329361034222,1633.318447116357,0.972728188837495,1633.3059471240017,0.9825081622408828
1633.321224892488,0.9869488633207494,1633.321224892488,0.9962682363096085,1633.3198360046551,0.9952215424813023,1633.307336011834,0.9995753973851054
1633.3226137807862,1.0060444150662566,1633.3226137807862,0.996310874397392,1633.321224892488,0.9832658033883358,1633.3087249001326,0.9822703021623322
1633.3240026686192,0.9877093389497332,1633.3240026686192,0.9963747964993971,1633.3226137807862,1.002332990857275,1633.310113787965,0.987426547577136
1633.325391556917,0.9922580449543302,1633.325391556917,0.9963795140145287,1633.3240026686192,0.9841286915965944,1633.3115026762628,0.985113005481711
1633.3267804447505,0.9826462766310706,1633.3267804447505,0.9963619140965055,1633.325391556917,0.988665588608602,1633.3128915640948,0.9905481599104736
1633.3281693325823,0.9962440140609631,1633.3281693325823,0.9963509762460426,1633.3267804447505,0.9790713250639378,1633.314280452394,0.9961351179494258
1633.3295582208805,0.9958471165162787,1633.3295582208805,0.9963891052780126,1633.3281693325823,0.9926086959889168,1633.3156693402273,0.9911280083942922
1633.330947108714,0.9956393373365156,1633.330947108714,0.9964384356828438,1633.3295582208805,0.9922512174193436,1633.317058228525,0.9984460783508
1633.3323359970116,0.9983240503593556,1633.3323359970116,0.9963965421585262,1633.330947108714,0.9920933037999008,1633.318447116357,0.972728188837495
1633.3337248848436,0.9800858207315177,1633.3337248848436,0.9963411887787468,1633.3323359970116,0.9947266317317563,1633.3198360046551,0.9952215424813023
1633.3351137731418,0.9895865950335504,1633.3351137731418,0.9962398179657095,1633.3337248848436,0.976499871732834,1633.321224892488,0.9832658033883358
1633.3365026609747,0.9939525099524533,1633.3365026609747,0.9962412573703116,1633.3351137731418,0.9858655692975306,1633.3226137807862,1.002332990857275
1633.3378915488072,0.9980550276231384,1633.3378915488072,0.9962417571704753,1633.3365026609747,0.9902164982814092,1633.3240026686192,0.9841286915965944
1633.3392804371058,0.9769343059066512,1633.3392804371058,0.9962371991629068,1633.3378915488072,0.9943040944721026,1633.325391556917,0.988665588608602
1633.3406693249383,0.9875867215968728,1633.3406693249383,0.9961503009662762,1633.3392804371058,0.9732582966826006,1633.3267804447505,0.9790713250639378
1633.342058213237,1.00398794835753,1633.342058213237,0.9961586927481348,1633.3406693249383,0.9837848099490228,1633.3281693325823,0.9926086959889168
1633.343447101069,0.9920112943638043,1633.343447101069,0.9961242908855233,1633.342058213237,1.000131322170719,1633.3295582208805,0.9922512174193436
1633.3448359889014,1.0049972898236452,1633.3448359889014,0.996194248003501,1633.343447101069,0.9881665471485748,1633.330947108714,0.9920933037999008
1633.3462248772005,1.0195329572196759,1633.3462248772005,0.996161104653536,1633.3448359889014,1.0011725193814227,1633.3323359970116,0.9947266317317563
1633.3476137650334,1.0025041040463414,1633.3476137650334,0.99621933526832,1633.3462248772005,1.0156190768946385,1633.3337248848436,0.976499871732834
1633.3490026528657,0.991556122485614,1633.3490026528657,0.9962992341579014,1633.3476137650334,0.9987139721368088,1633.3351137731418,0.9858655692975306
1633.350391541163,1.004131405031174,1633.350391541163,0.9962812812167408,1633.3490026528657,0.9878866054569956,1633.3365026609747,0.9902164982814092
1633.3517804289957,0.9900562065542179,1633.3517804289957,0.9963830202658098,1633.350391541163,1.000397322714424,1633.3378915488072,0.9943040944721026
1633.3531693172938,0.9865588225624631,1633.3531693172938,0.996439333049399,1633.3517804289957,0.986475193319402,1633.3392804371058,0.9732582966826006
1633.3545582051268,1.0100859375426883,1633.3545582051268,0.9964342947720912,1633.3531693172938,0.983046015168141,1633.3406693249383,0.9837848099490228
1633.3559470929592,1.0050043209281072,1633.3559470929592,0.9964692514027266,1633.3545582051268,1.0064842688345552,1633.342058213237,1.000131322170719
1633.3573359812578,0.9944317032429765,1633.3573359812578,0.9965092295049206,1633.3559470929592,1.0014559033317365,1633.343447101069,0.9881665471485748
1633.35872486909,0.9884863167340805,1633.35872486909,0.9965196653443609,1633.3573359812578,0.9909603703939244,1633.3448359889014,1.0011725193814227
1633.3601137569224,0.9884852810692664,1633.3601137569224,0.9965622365354229,1633.35872486909,0.9850460535493258,1633.3462248772005,1.0156190768946385
1633.3615026452214,1.0026306204926771,1633.3615026452214,0.9965651815850196,1633.3601137569224,0.9850871024847342,1633.3476137650334,0.9987139721368088
1633.3628915330544,0.9963151206298767,1633.3628915330544,0.9965500473326623,1633.3615026452214,0.9991867663739856,1633.3490026528657,0.9878866054569956
1633.3642804208864,1.0003614973102246,1633.3642804208864,0.996600303264948,1633.3628915330544,0.9928778806219508,1633.350391541163,1.000397322714424
1633.365669309184,1.0001291897694482,1633.365669309184,0.9967146834003535,1633.3642804208864,0.9969605715939474,1633.3517804289957,0.986475193319402
1633.3670581970166,1.0029438643999666,1633.3670581970166,0.9966258038837222,1633.365669309184,0.9968434487405076,1633.3531693172938,0.983046015168141
1633.36844708485,0.9863192060567586,1633.36844708485,0.996715522936596,1633.3670581970166,0.9995597351078636,1633.3545582051268,1.0064842688345552
1633.3698359726825,0.9842505719916123,1633.3698359726825,0.996755055839441,1633.36844708485,0.9830796632472704,1633.3559470929592,1.0014559033317365
1633.3712248609802,0.9947537931837652,1633.3712248609802,0.9967212914579988,1633.3698359726825,0.9810567338455012,1633.3573359812578,0.9909603703939244
1633.3726137488131,0.9797865044023267,1633.3726137488131,0.9968145509145693,1633.3712248609802,0.9914922854248656,1633.35872486909,0.9850460535493258
1633.3740026366452,0.971544553192647,1633.3740026366452,0.996877411653264,1633.3726137488131,0.976665444377961,1633.3601137569224,0.9850871024847342
1633.375391524943,0.9987538886650469,1633.375391524943,0.9969673912444927,1633.3740026366452,0.9685108194925128,1633.3615026452214,0.9991867663739856
1633.3767804127767,0.9850644564913386,1633.3767804127767,0.9970479891330792,1633.375391524943,0.9957250588776844,1633.3628915330544,0.9928778806219508
1633.3781693006097,0.9840911518725088,1633.3781693006097,0.9970545198842424,1633.3767804127767,0.9821565355111588,1633.3642804208864,0.9969605715939474
1633.3795581884417,0.9657640378230775,1633.3795581884417,0.9970933576155999,1633.3781693006097,0.9811925309525754,1633.365669309184,0.9968434487405076
1633.3809470767394,1.0095286805210013,1633.3809470767394,0.9970475749283477,1633.3795581884417,0.9629569071374116,1633.3670581970166,0.9995597351078636
1633.382335964572,0.9935435475804718,1633.382335964572,0.9971257243542045,1633.3809470767394,1.0065481227340791,1633.36844708485,0.9830796632472704
1633.3837248524053,0.9822673110894452,1633.3837248524053,0.997120762700945,1633.382335964572,0.990687829558624,1633.3698359726825,0.9810567338455012
1633.385113740238,1.0161525297033207,1633.385113740238,0.9971264444028595,1633.3837248524053,0.979439130409714,1633.3712248609802,0.9914922854248656
1633.3865026285357,0.9682273391085219,1633.3865026285357,0.9971129075046106,1633.385113740238,1.0132325589140432,1633.3726137488131,0.976665444377961
1633.3878915163684,0.9958972667027074,1633.3878915163684,0.997098223689838,1633.3865026285357,0.9654319772239508,1633.3740026366452,0.9685108194925128
1633.389280404201,1.0012801546640477,1633.389280404201,0.9970831709283896,1633.3878915163684,0.9930073956068344,1633.375391524943,0.9957250588776844
1633.390669292034,1.0015195765193856,1633.390669292034,0.9970426969755839,1633.389280404201,0.998359591600097,1633.3767804127767,0.9821565355111588
1633.392058180332,0.9954901245711543,1633.392058180332,0.997009648682419,1633.390669292034,0.998557779646733,1633.3781693006097,0.9811925309525754
1633.393447068165,1.0046973994098678,1633.393447068165,0.9970680525319328,1633.392058180332,0.992513259365504,1633.3795581884417,0.9629569071374116
1633.394835955997,0.9845311095608252,1633.394835955997,0.9970142794514948,1633.393447068165,1.0017516794134942,1633.3809470767394,1.0065481227340791
1633.396224843829,0.9700721635538306,1633.396224843829,0.9970625656077187,1633.394835955997,0.9815915747963668,1633.382335964572,0.990687829558624
1633.3976137316615,0.9862849143241852,1633.3976137316615,0.9971622739674953,1633.396224843829,0.9672226402176128,1633.3837248524053,0.979439130409714
1633.3990026199606,0.9769006912200359,1633.3990026199606,0.9971872765399322,1633.3976137316615,0.9834861079473408,1633.385113740238,1.0132325589140432
1633.4003915077933,0.993243442533534,1633.4003915077933,0.9972604767466073,1633.3990026199606,0.9741529397276848,1633.3865026285357,0.9654319772239508
1633.401780395625,0.9883567818718739,1633.401780395625,0.9971870581088793,1633.4003915077933,0.9905224290264336,1633.3878915163684,0.9930073956068344
1633.403169283458,0.9946008347266896,1633.403169283458,0.9971611422592587,1633.401780395625,0.9855765916767733,1633.389280404201,0.998359591600097
1633.4045581712903,0.998719006700211,1633.4045581712903,0.9972695877590119,1633.403169283458,0.991777304448078,1633.390669292034,0.998557779646733
1633.4059470591235,0.9966901979764946,1633.4059470591235,0.9973055017298839,1633.4045581712903,0.9959920920990092,1633.392058180332,0.992513259365504
1633.4073359474216,0.9842876053972853,1633.4073359474216,0.9974334318800834,1633.4059470591235,0.9940046179622052,1633.393447068165,1.0017516794134942
1633.4087248352546,0.9923108189747926,1633.4087248352546,0.9975001500211194,1633.4073359474216,0.9817613642084436,1633.394835955997,0.9815915747963668
1633.410113723087,0.9971601770264844,1633.410113723087,0.9974040087938189,1633.4087248352546,0.9898301907949354,1633.396224843829,0.9672226402176128
1633.4115026109191,1.0082177562369448,1633.4115026109191,0.9974967411631,1633.410113723087,0.9945715579757696,1633.3976137316615,0.9834861079473408
1633.4128914987512,0.9873137846152802,1633.4128914987512,0.9976127431214146,1633.4115026109191,1.0056939262291251,1633.3990026199606,0.9741529397276848
1633.4142803865846,0.9896083535157467,1633.4142803865846,0.9976301461444854,1633.4128914987512,0.9849568129916352,1633.4003915077933,0.9905224290264336
1633.4156692748832,1.0176778800715376,1633.4156692748832,0.9976241688944518,1633.4142803865846,0.987263126343718,1633.401780395625,0.9855765916767733
1633.417058162715,1.002952403772437,1633.417058162715,0.9977389370605975,1633.4156692748832,1.0152600493086352,1633.403169283458,0.991777304448078
1633.4184470505477,0.9849602054634896,1633.4184470505477,0.9978253113626118,1633.417058162715,1.0006846652622825,1633.4045581712903,0.9959920920990092
1633.4198359383802,0.9913602496702165,1633.4198359383802,0.9978858541529644,1633.4184470505477,0.9828182236963886,1633.4059470591235,0.9940046179622052
1633.4212248262131,0.996189347664761,1633.4212248262131,0.9978201302112022,1633.4198359383802,0.98926436951546,1633.4073359474216,0.9817613642084436
1633.4226137140456,0.9881283577258154,1633.4226137140456,0.9979116400335095,1633.4212248262131,0.9940177846018644,1633.4087248352546,0.9898301907949354
1633.4240026018786,1.0064377779144398,1633.4240026018786,0.9979898597490073,1633.4226137140456,0.9860647900217868,1633.410113723087,0.9945715579757696
1633.425391489711,1.0129455856338916,1633.425391489711,0.9980058726787918,1633.4240026018786,1.0044146968269343,1633.4115026109191,1.0056939262291251
1633.426780377543,0.9921759313842661,1633.426780377543,0.9981288504306827,1633.425391489711,1.0109256431666818,1633.4128914987512,0.9849568129916352
1633.4281692658408,0.9815218213346691,1633.4281692658408,0.9982489721303907,1633.426780377543,0.9903194218175694,1633.4142803865846,0.987263126343718
1633.4295581536742,0.9970865909340966,1633.4295581536742,0.9983422510408697,1633.4281692658408,0.9798031492708824,1633.4156692748832,1.0152600493086352
1633.4309470415076,0.9987105278589518,1633.4309470415076,0.9984542418210808,1633.4295581536742,0.9954336716758128,1633.417058162715,1.0006846652622825
1633.4323359293396,1.0055398754420817,1633.4323359293396,0.9984491718403381,1633.4309470415076,0.997166762892141,1633.4184470505477,0.9828182236963886
1633.4337248171717,0.9929875881173647,1633.4337248171717,0.9985620823075836,1633.4323359293396,1.0039804558875831,1633.4198359383802,0.98926436951546
1633.435113705004,1.0069916945733781,1633.435113705004,0.9986169810174597,1633.4337248171717,0.9915597536960608,1633.4212248262131,0.9940177846018644
1633.436502592837,1.0075862257140504,1633.436502592837,0.9986208191241974,1633.435113705004,1.0055990059445226,1633.4226137140456,0.9860647900217868
1633.4378914806696,0.9899439246953623,1633.4378914806696,0.9987127640253569,1633.436502592837,1.0061965820608234,1633.4240026018786,1.0044146968269343
1633.4392803685023,0.9971423806128487,1633.4392803685023,0.9986811445623816,1633.4378914806696,0.988669633262615,1633.425391489711,1.0109256431666818
1633.440669256335,1.0074277618389853,1633.440669256335,0.9986946967036673,1633.4392803685023,0.9958272939620976,1633.426780377543,0.9903194218175694
1633.442058144167,0.9979153387337,1633.442058144167,0.9987487415708122,1633.440669256335,1.0061127630606397,1633.4281692658408,0.9798031492708824
1633.443447031999,1.0195006768647545,1633.443447031999,0.9988386590776617,1633.442058144167,0.9966666887544936,1633.4295581536742,0.9954336716758128
1633.4448359198325,0.9781563611605564,1633.4448359198325,0.9987910149098722,1633.443447031999,1.01831668900836,1633.4309470415076,0.997166762892141
1633.446224807666,0.9986486918830887,1633.446224807666,0.998856793460677,1633.4448359198325,0.9769737847040996,1633.4323359293396,1.0039804558875831
1633.447613695498,0.9941387153259097,1633.447613695498,0.9989252018046383,1633.446224807666,0.9975070301680417,1633.4337248171717,0.9915597536960608
1633.44900258333,1.0270416496827055,1633.44900258333,0.9989659012860461,1633.447613695498,0.9930702168287382,1633.435113705004,1.0055990059445226
1633.4503914711624,0.9905626459844902,1633.4503914711624,0.9990023699989794,1633.44900258333,1.0259795872335915,1633.436502592837,1.0061965820608234
1633.4517803589958,0.996466822201333,1633.4517803589958,0.9991269278192473,1633.4503914711624,0.9895744309709656,1633.4378914806696,0.988669633262615
1633.4531692468288,1.0003472426281745,1633.4531692468288,0.9991763765907294,1633.4517803589958,0.995596834739826,1633.4392803685023,0.9958272939620976
1633.4545581346608,1.0028722995787167,1633.4545581346608,0.9993019428249887,1633.4531692468288,0.9995233332217468,1633.440669256335,1.0061127630606397
1633.455947022493,0.9989746962110231,1633.455947022493,0.9992819240586771,1633.4545581346608,1.0021722373743758,1633.442058144167,0.9966666887544936
1633.4573359103254,0.99853999742672,1633.4573359103254,0.999383678895412,1633.455947022493,0.9982573565156836,1633.443447031999,1.01831668900836
1633.4587247981574,1.0208724661989248,1633.4587247981574,0.9994649806322771,1633.4573359103254,0.9979245761525306,1633.4448359198325,0.9769737847040996
1633.4601136859908,1.0148446940588833,1633.4601136859908,0.9995422234141221,1633.4587247981574,1.0203262796575332,1633.446224807666,0.9975070301680417
1633.4615025738242,1.0013186508392447,1633.4615025738242,0.9995970909980713,1633.4601136859908,1.0143801219196409,1633.447613695498,0.9930702168287382
1633.4628914616562,0.976885369958917,1633.4628914616562,0.9996526860642951,1633.4615025738242,1.0009152105410224,1633.44900258333,1.0259795872335915
1633.4642803494885,1.0111515902531045,1633.4642803494885,0.9997192675239142,1633.4628914616562,0.976546084056344,1633.4503914711624,0.9895744309709656
1633.465669237321,0.9791347493426805,1633.465669237321,0.9996874613394543,1633.4642803494885,1.0108677271634747,1633.4517803589958,0.995596834739826
1633.4670581251537,1.0124689280846573,1633.4670581251537,0.9997929993054616,1633.465669237321,0.9788287318796272,1633.4531692468288,0.9995233332217468
1633.4684470129862,0.9805314057700973,1633.4684470129862,0.9998070446491705,1633.4670581251537,1.0122593463133451,1633.4545581346608,1.0021722373743758
1633.4698359008191,0.9817372101267726,1633.4698359008191,0.9999187133468241,1633.4684470129862,0.9803422069886976,1633.455947022493,0.9982573565156836
1633.4712247886516,1.0145923287913237,1633.4712247886516,1.0000179050182079,1633.4698359008191,0.9816574079946632,1633.4573359103254,0.9979245761525306
1633.4726136764846,0.9901059403013138,1633.4726136764846,1.0001067085420847,1633.4712247886516,1.0146104950854442,1633.4587247981574,1.0203262796575332
1633.4740025643166,0.9995511895382565,1633.4740025643166,1.0002229262274498,1633.4726136764846,0.9902115930627128,1633.4601136859908,1.0143801219196409
1633.475391452149,0.9863783399649968,1633.475391452149,1.0002556679010268,1633.4740025643166,0.9997740157140832,1633.4615025738242,1.0009152105410224
1633.4767803399825,1.000428884967016,1633.4767803399825,1.0003031534478457,1633.475391452149,0.986630525244794,1633.4628914616562,0.976546084056344
1633.4781692278143,1.009331322474105,1633.4781692278143,1.0003910445607225,1633.4767803399825,1.000732168432818,1633.4642803494885,1.0108677271634747
1633.4795581156466,1.018381749175989,1633.4795581156466,1.000494595501322,1633.4781692278143,1.0097260159977253,1633.465669237321,0.9788287318796272
1633.4809470034795,1.0124198231466788,1633.4809470034795,1.000484862667117,1633.4795581156466,1.01888543620776,1633.4670581251537,1.0122593463133451
1633.482335891312,0.9921377148633502,1633.482335891312,1.0005451450638083,1633.4809470034795,1.0129107077223718,1633.4684470129862,0.9803422069886976
1633.4837247786788,1.016767900507163,1633.4837247786788,1.0006260070560662,1633.482335891312,0.992678573841226,1633.4698359008191,0.9816574079946632
1633.4851136665118,1.0143951278806498,1633.4851136665118,1.0007189470984268,1633.4837247786788,1.017404404387262,1633.4712247886516,1.0146104950854442
1633.4865025543445,1.0007074064227701,1633.4865025543445,1.0008289756794428,1633.4851136665118,1.015124424314498,1633.4726136764846,0.9902115930627128
1633.4878914421772,1.010801219385571,1633.4878914421772,1.0008524619173744,1633.4865025543445,1.001536968524933,1633.4740025643166,0.9997740157140832
1633.4892803300093,0.9966543428815408,1633.4892803300093,1.0009606319536304,1633.4878914421772,1.011662888931133,1633.475391452149,0.986630525244794
1633.4906692178415,0.9926342685081422,1633.4906692178415,1.0010791660171565,1633.4892803300093,0.9976117608900372,1633.4767803399825,1.000732168432818
1633.4920581056751,1.0039107382791899,1633.4920581056751,1.0011324750589785,1633.4906692178415,0.9937054856781812,1633.4781692278143,1.0097260159977253
1633.493446993508,1.0050504430581857,1633.493446993508,1.0011634124443238,1633.4920581056751,1.0050476421517318,1633.4795581156466,1.01888543620776
1633.4948358808745,0.9984423426959653,1633.4948358808745,1.001223684989883,1633.493446993508,1.0062197312508128,1633.4809470034795,1.0129107077223718
1633.4962247687065,1.0049916539220363,1633.4962247687065,1.0013240474524043,1633.4948358808745,0.999664121603986,1633.482335891312,0.992678573841226
1633.497613656539,0.9857828396178847,1633.497613656539,1.0012984069270106,1633.4962247687065,1.0063223105610994,1633.4837247786788,1.017404404387262
1633.4990025443717,0.9908653029182153,1633.4990025443717,1.001396954124526,1633.497613656539,0.9870627868853727,1633.4851136665118,1.015124424314498
1633.5003914322044,1.0111374438953586,1633.5003914322044,1.0015081934953531,1633.4990025443717,0.9922494962899766,1633.4865025543445,1.001536968524933
1633.501780320037,1.0120905102540223,1633.501780320037,1.0015177508464748,1633.5003914322044,1.0126624348111497,1633.4878914421772,1.011662888931133
1633.50316920787,1.0011819851884929,1633.50316920787,1.0016109665958215,1633.501780320037,1.0136266114826695,1633.4892803300093,0.9976117608900372
1633.5045580952362,0.9859571155304149,1633.5045580952362,1.001644675876102,1633.50316920787,1.0027948559229698,1633.4906692178415,0.9937054856781812
1633.5059469830687,1.0197386197018343,1633.5059469830687,1.001755813871704,1633.5045580952362,0.9875786954131988,1633.4920581056751,1.0050476421517318
1633.507335870902,1.0245619367325065,1633.507335870902,1.0018369775348412,1633.5059469830687,1.021529090915819,1633.493446993508,1.0062197312508128
1633.508724758735,0.9984656548805496,1633.508724758735,1.0019684222084806,1633.507335870902,1.0264440339933376,1633.4948358808745,0.999664121603986
1633.510113646567,0.9952051402288887,1633.510113646567,1.0020130986325242,1633.508724758735,1.0004310568500216,1633.4962247687065,1.0063223105610994
1633.5115025339337,0.9961458639325619,1633.5115025339337,1.0021079130872816,1633.510113646567,0.9972085863357646,1633.497613656539,0.9870627868853727
1633.512891421766,1.024487404359789,1633.512891421766,1.002118936918172,1633.5115025339337,0.9982456528359868,1633.4990025443717,0.9922494962899766
1633.5142803095994,1.0122819974238533,1633.5142803095994,1.0021690719942635,1633.512891421766,1.026658228543089,1633.5003914322044,1.0126624348111497
1633.515669197432,1.0173467479445921,1633.515669197432,1.0022161490445816,1633.5142803095994,1.0144777099547626,1633.501780320037,1.0136266114826695
1633.517058085264,0.9976618135608541,1633.517058085264,1.0023344367453721,1633.515669197432,1.0196013399680577,1633.50316920787,1.0027948559229698
1633.5184469726312,1.0033312753698986,1633.5184469726312,1.002419134407629,1633.517058085264,0.9999907919578852,1633.5045580952362,0.9875786954131988
1633.5198358604632,1.0045532182073929,1633.5198358604632,1.0024779303234883,1633.5184469726312,1.0057584685803962,1633.5059469830687,1.021529090915819
1633.5212247482957,0.9939827665781259,1633.5212247482957,1.0025594814123777,1633.5198358604632,1.0070424310883468,1633.507335870902,1.0264440339933376
1633.522613636129,1.004001199878987,1633.522613636129,1.0026320004316331,1633.5212247482957,0.9965268469934064,1633.508724758735,1.0004310568500216
1633.5240025234964,1.015027431221971,1633.5240025234964,1.0026486945062385,1633.522613636129,1.0066437314704288,1633.510113646567,0.9972085863357646
1633.5253914113284,0.9973460036336441,1633.5253914113284,1.0026589016700176,1633.5240025234964,1.01771592880273,1633.5115025339337,0.9982456528359868
1633.5267802991605,1.0088120880123692,1633.5267802991605,1.0027212299145754,1633.5253914113284,0.999997848588291,1633.512891421766,1.026658228543089
1633.528169186993,0.980043260284245,1633.528169186993,1.0027851072574665,1633.5267802991605,1.0115572976444538,1633.5142803095994,1.0144777099547626
1633.5295580743607,1.0050556917708517,1633.5295580743607,1.0028100342008024,1633.528169186993,0.9827727858810938,1633.515669197432,1.0196013399680577
1633.5309469621936,1.028126917397863,1633.5309469621936,1.0028513507776795,1633.5295580743607,1.007879932638439,1633.517058085264,0.9999907919578852
1633.5323358500254,1.0281817878122457,1633.5323358500254,1.0028852962731845,1633.5309469621936,1.0310584678833388,1633.5184469726312,1.0057584685803962
1633.5337247378582,1.0150863546424815,1633.5337247378582,1.0029747046259185,1633.5323358500254,1.0311483968927764,1633.5198358604632,1.0070424310883468
1633.535113625225,1.004404925131994,1633.535113625225,1.0031018860622276,1633.5337247378582,1.0181059367173433,1633.5212247482957,0.9965268469934064
1633.536502513058,1.0122520042882464,1633.536502513058,1.0032004115210689,1633.535113625225,1.0075204747700937,1633.522613636129,1.0066437314704288
1633.5378914008904,1.0218390038224439,1633.5378914008904,1.0033150204556474,1633.536502513058,1.0154916272649954,1633.5240025234964,1.01771592880273
1633.5392802887234,0.9942620940165482,1633.5392802887234,1.0034451645961975,1633.5378914008904,1.0252264210224935,1633.5253914113284,0.999997848588291
1633.5406691760898,1.0144111999995855,1633.5406691760898,1.003524922262309,1633.5392802887234,0.9976874905821952,1633.5267802991605,1.0115572976444538
1633.5420580639218,1.0055297100152019,1633.5420580639218,1.0036508292724544,1633.5406691760898,1.0179869206215997,1633.528169186993,0.9827727858810938
1633.5434469517545,1.0076517989968532,1633.5434469517545,1.0037772010434878,1633.5420580639218,1.009200727314848,1633.5295580743607,1.007879932638439
1633.544835839122,1.005387473738003,1633.544835839122,1.003801464987364,1633.5434469517545,1.0114579024234964,1633.5309469621936,1.0310584678833388
1633.546224726955,1.0209879174086922,1633.546224726955,1.0039254002459663,1633.544835839122,1.0092094190181524,1633.5323358500254,1.0311483968927764
1633.547613614787,0.9993479816054097,1633.547613614787,1.004058111625238,1633.546224726955,1.024995703630817,1633.5337247378582,1.0181059367173433
1633.5490025021538,1.0058264324301958,1633.5490025021538,1.004126567121239,1633.547613614787,1.0034034472672209,1633.535113625225,1.0075204747700937
1633.5503913899863,1.0256438362211675,1633.5503913899863,1.0042220505870472,1633.5490025021538,1.0099770427159354,1633.536502513058,1.0154916272649954
1633.5517802778193,1.009900303581766,1633.5517802778193,1.004307826674077,1633.5503913899863,1.0299741563819864,1633.5378914008904,1.0252264210224935
1633.553169165186,1.0145652527525777,1633.553169165186,1.00429251476241,1633.5517802778193,1.014250779047694,1633.5392802887234,0.9976874905821952
1633.554558053019,1.0093155283858397,1633.554558053019,1.004347432888597,1633.553169165186,1.0189202890774465,1633.5406691760898,1.0179869206215997
1633.5559469408515,1.0111969803283174,1633.5559469408515,1.0043810453393962,1633.554558053019,1.013703459908916,1633.5420580639218,1.009200727314848
1633.557335828218,1.0116155856587818,1633.557335828218,1.0044946438563704,1633.5559469408515,1.0156270801461962,1633.5434469517545,1.0114579024234964
1633.55872471605,1.0041068570641487,1633.55872471605,1.00453661159983,1633.557335828218,1.0161624374358718,1633.544835839122,1.0092094190181524
1633.560113603883,1.0014935905192692,1633.560113603883,1.0046630672012096,1633.55872471605,1.0086620998793747,1633.546224726955,1.024995703630817
1633.5615024912506,1.011318336506037,1633.5615024912506,1.0047097294340515,1633.560113603883,1.0061636224334412,1633.547613614787,1.0034034472672209
1633.5628913790829,0.9981254137272899,1633.5628913790829,1.0047987447995765,1633.5615024912506,1.0160813722426754,1633.5490025021538,1.0099770427159354
1633.5642802664495,1.0182227665442816,1633.5642802664495,1.0047927872222808,1633.5628913790829,1.002915162865739,1633.5503913899863,1.0299741563819864
1633.565669154282,0.9917669842339518,1633.565669154282,1.0047613704644138,1633.5642802664495,1.0231028916092104,1633.5517802778193,1.014250779047694
1633.567058042115,1.0111828603480633,1633.567058042115,1.0048640826384052,1633.565669154282,0.9964891542602642,1633.553169165186,1.0189202890774465
1633.5684469294818,1.0090999869833812,1633.5684469294818,1.0049116088690406,1633.567058042115,1.0161013373433352,1633.554558053019,1.013703459908916
1633.5698358173147,0.9893304714116854,1633.5698358173147,1.0049421906790994,1633.5684469294818,1.0140562914291975,1633.5559469408515,1.0156270801461962
1633.5712247051472,0.9920402721792473,1633.5712247051472,1.0049788622259148,1633.5698358173147,0.9942199312460452,1633.557335828218,1.0161624374358718
1633.5726135925136,1.0063716647854024,1633.5726135925136,1.0050253886294298,1633.5712247051472,0.9969795040169868,1633.55872471605,1.0086620998793747
1633.5740024803456,1.023795480798562,1633.5740024803456,1.0050961592717318,1633.5726135925136,1.0114290735065954,1633.560113603883,1.0061636224334412
1633.575391367713,1.0223771789475051,1633.575391367713,1.005159629900049,1633.5740024803456,1.0290129056303907,1633.5615024912506,1.0160813722426754
1633.5767802555467,1.0230601566546662,1633.5767802555467,1.005206622634796,1633.575391367713,1.0276522668091304,1633.5628913790829,1.002915162865739
1633.578169142913,1.0037966200795934,1633.578169142913,1.0052863628323874,1633.5767802555467,1.0283868448230624,1633.5642802664495,1.0231028916092104
1633.5795580307451,1.022057988681291,1633.5795580307451,1.0053449705996624,1633.578169142913,1.009103053223258,1633.565669154282,0.9964891542602642
1633.580946918578,0.9998341801114821,1633.580946918578,1.0054445659104285,1633.5795580307451,1.0275208585819426,1633.567058042115,1.0161013373433352
1633.582335805945,1.0297722085944352,1633.582335805945,1.0055073856561567,1633.580946918578,1.0052778432045983,1633.5684469294818,1.0140562914291975
1633.5837246937774,0.9924000233563091,1633.5837246937774,1.0055731043246439,1633.582335805945,1.035443561285157,1633.5698358173147,0.9942199312460452
1633.5851135811447,0.9897037791155601,1633.5851135811447,1.0056586401846155,1633.5837246937774,0.9979307722182528,1633.5712247051472,0.9969795040169868
1633.5865024689772,0.9944895255638554,1633.5865024689772,1.0057871087469734,1633.5851135811447,0.9953041566909292,1633.5726135925136,1.0114290735065954
1633.5878913563436,0.9964785590604017,1633.5878913563436,1.0057992960963464,1633.5865024689772,1.0002447445960194,1633.5740024803456,1.0290129056303907
1633.5892802441756,1.0158643655627146,1633.5892802441756,1.0057868569198154,1633.5878913563436,1.0022574332780536,1633.575391367713,1.0276522668091304
1633.590669131543,0.9869058975080618,1633.590669131543,1.005804883328019,1633.5892802441756,1.0217430272961652,1633.5767802555467,1.0283868448230624
1633.5920580193767,0.9936324087760587,1633.5920580193767,1.0058078577362755,1633.590669131543,0.99263477109883,1633.578169142913,1.009103053223258
1633.593446906743,0.981052097977072,1633.593446906743,1.005870114027329,1633.5920580193767,0.9994032844483828,1633.5795580307451,1.0275208585819426
1633.5948357945751,1.0049194919141884,1633.5948357945751,1.0058801521950043,1633.593446906743,0.9868109856589478,1633.580946918578,1.0052778432045983
1633.5962246819424,0.9955431901788535,1633.5962246819424,1.005850061545754,1633.5948357945751,1.0108285714703702,1633.582335805945,1.035443561285157
1633.5976135697758,1.021749343952546,1633.5976135697758,1.005821320487986,1633.5962246819424,1.001367179112856,1633.5837246937774,0.9979307722182528
1633.599002457143,1.008834471649613,1633.599002457143,1.0058402598323304,1633.5976135697758,1.0276972743420831,1633.5851135811447,0.9953041566909292
1633.6003913449747,0.9915353638127511,1633.6003913449747,1.0059427980276363,1633.599002457143,1.0147263270918585,1633.5865024689772,1.0002447445960194
1633.6017802323415,1.015757508279397,1633.6017802323415,1.0059974657518902,1633.6003913449747,0.9974278582171492,1633.5878913563436,1.0022574332780536
1633.6031691201736,1.0054759510732094,1633.6031691201736,1.0060365012495827,1633.6017802323415,1.021849479147528,1633.5892802441756,1.0217430272961652
1633.60455800754,0.992743342122351,1633.60455800754,1.0061357199471213,1633.6031691201736,1.0115455079082882,1633.590669131543,0.99263477109883
1633.605946895373,1.0079163650036733,1633.605946895373,1.0061639342444202,1633.60455800754,0.998834537248983,1633.5920580193767,0.9994032844483828
1633.607335782741,0.9933267579844812,1633.607335782741,1.006123586705714,1633.605946895373,1.014129095201431,1633.593446906743,0.9868109856589478
1633.608724670573,0.9887981706036145,1633.608724670573,1.0062213824721336,1633.607335782741,0.9994094805141048,1633.5948357945751,1.0108285714703702
1633.6101135579397,1.001946400393315,1633.6101135579397,1.0063426055208087,1633.608724670573,0.9949498622106856,1633.5962246819424,1.001367179112856
1633.6115024457724,1.0231739376806435,1633.6115024457724,1.0063418996124165,1633.6101135579397,1.008301351164004,1633.5976135697758,1.0276972743420831
1633.6128913331393,1.001836464384219,1633.6128913331393,1.0063501293443122,1633.6115024457724,1.029662804079455,1633.599002457143,1.0147263270918585
1633.614280220972,1.0110155618076258,1633.614280220972,1.0064290359806143,1633.6128913331393,1.0081982555149072,1633.6003913449747,0.9974278582171492
1633.615669108339,1.0086230190242773,1633.615669108339,1.0064429219319055,1633.614280220972,1.017515417231448,1633.6017802323415,1.021849479147528
1633.6170579961715,0.9882902213244619,1633.6170579961715,1.0064808895789328,1633.615669108339,1.0151214983945736,1633.6031691201736,1.0115455079082882
1633.6184468835388,1.007427945666737,1633.6184468835388,1.0064773945480041,1633.6170579961715,0.9946952211208048,1633.60455800754,0.998834537248983
1633.6198357709052,0.9928827375995658,1633.6198357709052,1.0065657278402758,1633.6184468835388,1.0139534539495056,1633.605946895373,1.014129095201431
1633.6212246587377,0.996599853138942,1633.6212246587377,1.0065913296278017,1633.6198357709052,0.9994017354319524,1633.607335782741,0.9994094805141048
1633.6226135461054,1.0206380567928346,1633.6226135461054,1.0066104909381552,1633.6212246587377,1.0031687712779995,1633.608724670573,0.9949498622106856
1633.6240024339374,1.0134418763026072,1633.6240024339374,1.0066397348781513,1633.6226135461054,1.0273849754184,1633.6101135579397,1.008301351164004
1633.6253913213038,1.0128881531891678,1633.6253913213038,1.0065866457487898,1633.6240024339374,1.0201708616756726,1633.6115024457724,1.029662804079455
1633.626780208671,1.0090535905124876,1633.626780208671,1.0066837993411037,1633.6253913213038,1.0195596886373708,1633.6128913331393,1.0081982555149072
1633.6281690965036,0.9947551569610329,1633.6281690965036,1.0067956815605323,1633.626780208671,1.0157979022358934,1633.614280220972,1.017515417231448
1633.6295579838709,0.993788903335642,1633.6295579838709,1.0067861074860216,1633.6281690965036,1.0015151962384374,1633.615669108339,1.0151214983945736
1633.6309468717034,0.9920531418123077,1633.6309468717034,1.0067266784153863,1633.6295579838709,1.0005328616520932,1633.6170579961715,0.9946952211208048
1633.6323357590702,1.0126535760665398,1633.6323357590702,1.0067378106789144,1633.6309468717034,0.9987263642682528,1633.6184468835388,1.0139534539495056
1633.6337246464377,1.0060260171776731,1633.6337246464377,1.0067364399996246,1633.6323357590702,1.019476644145402,1633.6198357709052,0.9994017354319524
1633.6351135342695,1.0028220132313599,1633.6351135342695,1.0067301086676066,1633.6337246464377,1.0128030510804518,1633.6212246587377,1.0031687712779995
1633.6365024216364,0.9957843719165912,1633.6365024216364,1.0067401097441508,1633.6351135342695,1.009571114354675,1633.6226135461054,1.0273849754184
1633.637891309004,1.0223888049499639,1633.637891309004,1.0067070644944642,1633.6365024216364,1.0024960678648194,1633.6240024339374,1.0201708616756726
1633.639280196837,0.9992515814525444,1633.639280196837,1.0067020878898139,1633.637891309004,1.0292460326031816,1633.6253913213038,1.0195596886373708
1633.6406690842034,0.9916951263976003,1633.6406690842034,1.0067601937324184,1633.639280196837,1.005948653375475,1633.626780208671,1.0157979022358934
1633.6420579720354,0.9976965993156902,1633.6420579720354,1.0067951938838964,1633.6406690842034,0.9983991775755432,1633.6281690965036,1.0015151962384374
1633.6434468594025,1.0210058927614472,1633.6434468594025,1.0068988659796319,1633.6420579720354,1.0044761411453444,1633.6295579838709,1.0005328616520932
1633.6448357467696,0.9939862375188088,1633.6448357467696,1.0068808541174477,1633.6434468594025,1.0280496755800228,1633.6309468717034,0.9987263642682528
1633.646224634602,1.0112542438340602,1633.646224634602,1.006920023194659,1633.6448357467696,1.0008257118139263,1633.6323357590702,1.019476644145402
1633.647613521969,1.011069506901946,1633.647613521969,1.0068654265873331,1633.646224634602,1.018252146657089,1633.6337246464377,1.0128030510804518
1633.6490024093362,0.9965509319070414,1633.6490024093362,1.0068710506937908,1633.647613521969,1.0180109303762723,1633.6351135342695,1.009571114354675
1633.6503912971682,1.022758968278872,1633.6503912971682,1.0068818894694351,1633.6490024093362,1.0033982838791191,1633.6365024216364,1.0024960678648194
1633.6531690719028,1.0278518437163187,1633.6531690719028,1.0069993636163885,1633.6503912971682,1.0297974824524407,1633.637891309004,1.0292460326031816
1633.65455795927,1.0031418417843851,1633.65455795927,1.0070889975732682,1633.6531690719028,1.0350461525142645,1633.639280196837,1.005948653375475
1633.655946847102,1.0033794568058962,1633.655946847102,1.0070873057261163,1633.65455795927,1.0102531118664384,1633.6406690842034,0.9983991775755432
1633.6573357344685,1.0105253830856336,1633.6573357344685,1.007089080807741,1633.655946847102,1.010490713775584,1633.6420579720354,1.0044761411453444
1633.6587246218353,0.9990665711097373,1633.6587246218353,1.0070976525248383,1633.6573357344685,1.0176890791846012,1633.6434468594025,1.0280496755800228
1633.6601135096687,0.9829012785011199,1633.6601135096687,1.0071253577597996,1633.6587246218353,1.006157598480656,1633.6448357467696,1.0008257118139263
1633.661502397036,1.0042094144502383,1633.661502397036,1.0071204108390488,1633.6601135096687,0.9899048017530048,1633.646224634602,1.018252146657089
1633.6628912844023,1.0118123760980944,1633.6628912844023,1.007076218080455,1633.661502397036,1.0113597980495646,1633.647613521969,1.0180109303762723
1633.6642801717692,1.00075422897443,1633.6642801717692,1.007161867250436,1633.6628912844023,1.018972181127868,1633.6490024093362,1.0033982838791191
1633.6656690596012,0.9759164306814883,1633.6656690596012,1.0071852499285325,1633.6642801717692,1.0079214979126574,1633.6503912971682,1.0297974824524407
1633.667057946968,1.0023361193499218,1633.667057946968,1.0071476448926884,1633.6656690596012,0.9829286341452962,1633.6531690719028,1.0350461525142645
1633.6684468343358,1.0109286728107247,1633.6684468343358,1.007176883313884,1633.667057946968,1.0095004619941503,1633.65455795927,1.0102531118664384
1633.6698357221687,0.9987518271720455,1633.6698357221687,1.0071944466624416,1633.6684468343358,1.018183989934147,1633.655946847102,1.010490713775584
1633.671224609535,0.9915708658331027,1633.671224609535,1.0072316872924916,1633.6698357221687,1.0059372939216509,1633.6573357344685,1.0176890791846012
1633.6726134969017,1.003948402266769,1633.6726134969017,1.0073169305686611,1633.671224609535,0.9987415962631528,1633.6587246218353,1.006157598480656
1633.6740023842683,1.0006503404440907,1633.6740023842683,1.00732912620681,1633.6726134969017,1.0112942230206732,1633.6601135096687,0.9899048017530048
1633.675391271636,0.9912619955496534,1633.675391271636,1.0072991524831716,1633.6740023842683,1.0079842330780928,1633.661502397036,1.0113597980495646
1633.676780159469,1.0030859596739254,1633.676780159469,1.0072272053684126,1633.675391271636,0.9984973680059434,1633.6628912844023,1.018972181127868
1633.6781690468354,1.0128947640008583,1633.6781690468354,1.0072518620817346,1633.676780159469,1.01033546790666,1633.6642801717692,1.0079214979126574
1633.6795579342022,1.003992730011236,1633.6795579342022,1.0072469989282218,1633.6781690468354,1.0202401371327037,1633.6656690596012,0.9829286341452962
1633.680946821569,1.0067903818672723,1633.680946821569,1.007267676803349,1633.6795579342022,1.0112686642495698,1633.667057946968,1.0095004619941503
1633.682335709402,0.9936596352702564,1633.682335709402,1.0072599547008037,1633.680946821569,1.014107408971404,1633.6684468343358,1.018183989934147
1633.6837245967688,1.0035585170676384,1633.6837245967688,1.0072209511653711,1633.682335709402,1.0008735592103355,1633.6698357221687,1.0059372939216509
1633.685113484136,0.9923390003427238,1633.685113484136,1.0072533254115796,1633.6837245967688,1.010805164110976,1633.671224609535,0.9987415962631528
1633.6865023715025,0.9730525243338372,1633.6865023715025,1.0072122687648128,1633.685113484136,0.9995367580308112,1633.6726134969017,1.0112942230206732
1633.6878912588688,1.0149822691121944,1633.6878912588688,1.0071627264682093,1633.6865023715025,0.9800704406616124,1633.6740023842683,1.0079842330780928
1633.689280146701,0.9902534094656283,1633.689280146701,1.0072242934860915,1633.6878912588688,1.0222523094759273,1633.675391271636,0.9984973680059434
1633.690669034069,0.9967964361208178,1633.690669034069,1.007252519378237,1633.689280146701,0.9974072907212108,1633.676780159469,1.01033546790666
1633.6920579214363,1.0093403139153254,1633.6920579214363,1.0072332091534635,1633.690669034069,1.0040257215899415,1633.6781690468354,1.0202401371327037
1633.6934468088027,0.9985941765024735,1633.6934468088027,1.007236425872673,1633.6920579214363,1.0166410835128974,1633.6795579342022,1.0112686642495698
1633.6948356961695,0.993865307203289,1633.6948356961695,1.0071759373230873,1633.6934468088027,1.0058204292376165,1633.680946821569,1.014107408971404
1633.6962245835366,0.996844379930155,1633.6962245835366,1.007157716369707,1633.6948356961695,1.0009972223553707,1633.682335709402,1.0008735592103355
1633.697613471369,1.019340662914108,1633.697613471369,1.007169944280823,1633.6962245835366,1.0039795092664314,1633.6837245967688,1.010805164110976
1633.6990023587362,0.9896225587750446,1633.6990023587362,1.0071666065838696,1633.697613471369,1.0266492786703794,1633.685113484136,0.9995367580308112
1633.7003912461034,1.0008759506214184,1633.7003912461034,1.0070530521442997,1633.6990023587362,0.9967147943203076,1633.6865023715025,0.9800704406616124
1633.7017801334698,1.0116453045808542,1633.7017801334698,1.0070534336348285,1633.7003912461034,1.0079351808911268,1633.6878912588688,1.0222523094759273
1633.7031690208362,0.9900931774428964,1633.7031690208362,1.0070604879586489,1633.7017801334698,1.018780877598701,1633.689280146701,0.9974072907212108
1633.704557908203,1.016020812717802,1633.704557908203,1.0070890713196274,1633.7031690208362,0.9970837184001724,1633.690669034069,1.0040257215899415
1633.7059467955708,0.9975601992355303,1633.7059467955708,1.0070715739424496,1633.704557908203,1.0232234567213845,1633.6920579214363,1.0166410835128974
1633.7073356834037,1.0008226654500403,1633.7073356834037,1.0070587749779154,1633.7059467955708,1.004614519946469,1633.6934468088027,1.0058204292376165
1633.70872457077,0.9971803512728459,1633.70872457077,1.0070664090750099,1633.7073356834037,1.0078872474382496,1633.6948356961695,1.0009972223553707
1633.710113458137,1.004532516889928,1633.710113458137,1.007021526315404,1633.70872457077,1.0042268355565018,1633.6962245835366,1.0039795092664314
1633.7115023455042,0.9973511199751688,1633.7115023455042,1.0070205570337087,1633.710113458137,1.0115858683919496,1633.697613471369,1.0266492786703794
1633.712891232871,0.9949783166486137,1633.712891232871,1.0070031903004524,1633.7115023455042,1.0043530803955878,1633.6990023587362,0.9967147943203076
1633.7142801202378,1.0054206191300472,1633.7142801202378,1.0069867367162577,1633.712891232871,1.0019463391449277,1633.7003912461034,1.0079351808911268
1633.7156690076051,0.9914165632118351,1633.7156690076051,1.0069331773644112,1633.7142801202378,1.0124452282850056,1633.7017801334698,1.018780877598701
1633.717057894972,1.0071393946885723,1633.717057894972,1.0069199012238144,1633.7156690076051,0.9982902300865978,1633.7031690208362,0.9970837184001724
1633.7184467823383,0.9942482534530249,1633.7184467823383,1.0068434065822762,1633.717057894972,1.0141086998184294,1633.704557908203,1.0232234567213845
1633.7198356697047,1.0043033266291435,1633.7198356697047,1.0068307815320243,1633.7184467823383,1.001052298495122,1633.7059467955708,1.004614519946469
1633.7212245570724,1.0044942747210026,1633.7212245570724,1.006819813331939,1633.7198356697047,1.0111635032452324,1633.7073356834037,1.0078872474382496
1633.7226134449054,1.0120155054098106,1633.7226134449054,1.0067459328278499,1633.7212245570724,1.0113447381676013,1633.70872457077,1.0042268355565018
1633.7240023322718,1.006204444828927,1633.7240023322718,1.006751890589117,1633.7226134449054,1.0188424940300476,1633.710113458137,1.0115858683919496
1633.7253912196386,1.0294711843602966,1633.7253912196386,1.0067615506157013,1633.7240023322718,1.0129982271506952,1633.7115023455042,1.0043530803955878
1633.726780107006,1.0016498682826152,1633.726780107006,1.0067608074952437,1633.7253912196386,1.0364320058807548,1633.712891232871,1.0019463391449277
1633.7281689943727,1.0096749736035209,1633.7281689943727,1.0067376739710758,1633.726780107006,1.00842183021971,1633.7142801202378,1.0124452282850056
1633.7295578817398,1.0030900036740587,1633.7295578817398,1.0066802568825004,1633.7281689943727,1.016477834392416,1633.7156690076051,0.9982902300865978
1633.7309467691068,1.006721093524034,1633.7309467691068,1.0065870697386734,1633.7295578817398,1.0097909025748697,1633.717057894972,1.0141086998184294
1633.7323356564737,0.9983124299470097,1633.7323356564737,1.0065141971300162,1633.7309467691068,1.0133524355744703,1633.7184467823383,1.001052298495122
1633.73372454384,1.0054514456679302,1633.73372454384,1.0065148184567565,1633.7323356564737,1.00481563391303,1633.7198356697047,1.0111635032452324
1633.7351134312064,1.006528423826552,1633.7351134312064,1.006448872244147,1633.73372454384,1.01200177930354,1633.7212245570724,1.0113447381676013
1633.736502318574,1.0113562000644771,1633.736502318574,1.0063621756136762,1633.7351134312064,1.013019397041912,1633.7226134449054,1.0188424940300476
1633.737891205942,1.006265079785663,1633.737891205942,1.0063363154991836,1633.736502318574,1.0177906258172675,1633.7240023322718,1.0129982271506952
1633.7392800933085,1.0083808365356297,1633.7392800933085,1.0062589569000941,1633.737891205942,1.012641092806996,1633.7253912196386,1.0364320058807548
1633.7406689806746,1.0095630175644037,1633.7406689806746,1.006250667012283,1633.7392800933085,1.014692248730387,1633.726780107006,1.00842183021971
1633.742057868042,0.9917583156249147,1633.742057868042,1.0062621906073042,1633.7406689806746,1.0158734598151145,1633.7281689943727,1.016477834392416
1633.7434467554087,0.99028882368037,1633.7434467554087,1.006320399606304,1633.742057868042,0.9979688952337368,1633.7295578817398,1.0097909025748697
1633.744835642776,1.0073755870918295,1633.744835642776,1.0062944421376288,1633.7434467554087,0.9965478447716866,1633.7309467691068,1.0133524355744703
1633.7462245301429,1.0131151097404247,1633.7462245301429,1.0062914988944571,1633.744835642776,1.0137164544356387,1633.7323356564737,1.00481563391303
1633.7476134175097,0.9958672681621105,1633.7476134175097,1.0062587195011252,1633.7462245301429,1.0194891223333145,1633.73372454384,1.01200177930354
1633.749002304876,1.0052814685059857,1633.749002304876,1.0062737608531864,1633.7476134175097,1.002100122053889,1633.7351134312064,1.013019397041912
1633.7503911922424,1.007565749765609,1633.7503911922424,1.0062731192877936,1633.749002304876,1.0115883640295322,1633.736502318574,1.0177906258172675
1633.7517800796102,0.9987963071870799,1633.7517800796102,1.0061883896937305,1633.7503911922424,1.0138863299041838,1633.737891205942,1.012641092806996
1633.753168966978,1.0159091259453907,1633.753168966978,1.0061210215486802,1633.7517800796102,1.0049772479606125,1633.7392800933085,1.014692248730387
1633.7545578543445,0.9973389369580187,1633.7545578543445,1.00609130460036,1633.753168966978,1.0221275275968034,1633.7406689806746,1.0158734598151145
1633.7559467417109,1.0122141826902296,1633.7559467417109,1.0060949276344364,1633.7545578543445,1.003414032212829,1633.742057868042,0.9979688952337368
1633.757335629078,1.015634569005094,1633.757335629078,1.0059866333374266,1633.7559467417109,1.0183835548842768,1633.7434467554087,0.9965478447716866
1633.7587245164448,1.0148776548559255,1633.7587245164448,1.0058897303676155,1633.757335629078,1.021714800774543,1633.744835642776,1.0137164544356387
1633.7601134033464,0.9920673845337297,1633.7601134033464,1.0058628223112718,1633.7587245164448,1.020855010599145,1633.7462245301429,1.0194891223333145
1633.7615022907132,1.0021792011000021,1633.7615022907132,1.0058435014120606,1633.7601134033464,0.997883699330059,1633.7476134175097,1.002100122053889
1633.7628911780805,0.9819503065546816,1633.7628911780805,1.005850158661247,1633.7615022907132,1.0080354366767676,1633.749002304876,1.0115883640295322
1633.7642800654464,0.9966089749234929,1633.7642800654464,1.0057502275039756,1633.7628911780805,0.9876948716454866,1633.7503911922424,1.0138863299041838
1633.7656689528128,0.9999488464875758,1633.7656689528128,1.0056853892107291,1633.7642800654464,1.0023397032618069,1633.7517800796102,1.0049772479606125
1633.7670578401803,1.018277823783258,1633.7670578401803,1.0055888166055311,1633.7656689528128,1.0056339448706773,1633.753168966978,1.0221275275968034
1633.7684467275485,0.9997918112154709,1633.7684467275485,1.0055597350664418,1633.7670578401803,1.0239687917938618,1633.7545578543445,1.003414032212829
1633.7698356149149,0.998061339394396,1633.7698356149149,1.0055081181699241,1633.7684467275485,1.0053503888074269,1633.7559467417109,1.0183835548842768
1633.771224502281,1.00626350979811,1633.771224502281,1.0054563371120544,1633.7698356149149,1.003558779192613,1633.757335629078,1.021714800774543
1633.7726133896483,0.997679050173205,1633.7726133896483,1.0054791165564916,1633.771224502281,1.0117540227311277,1633.7587245164448,1.020855010599145
1633.7740022770151,0.9855515709433854,1633.7740022770151,1.005453341189428,1633.7726133896483,1.0031454499750738,1633.7601134033464,0.997883699330059
1633.7753911639168,0.9923521150588541,1633.7753911639168,1.0053552480091983,1633.7740022770151,0.9909261199195164,1633.7615022907132,1.0080354366767676
1633.7837244881189,1.0223341796736596,1633.7837244881189,1.0052519076290602,1633.7753911639168,0.9976664067474468,1633.7628911780805,0.9876948716454866
1633.7851133750194,1.0166712833220883,1633.7851133750194,1.005196297597954,1633.7837244881189,1.0277033843513368,1633.7642800654464,1.0023397032618069
1633.7865022623855,1.0257198755328871,1633.7865022623855,1.0051913036322393,1633.7851133750194,1.0219542098695238,1633.7656689528128,1.0056339448706773
1633.787891149753,1.0143030953288703,1633.787891149753,1.0051985032928554,1633.7865022623855,1.031044698848401,1633.7670578401803,1.0239687917938618
1633.78928003712,1.0270844181396188,1633.78928003712,1.0051542128855362,1633.787891149753,1.019575953309891,1633.7684467275485,1.0053503888074269
1633.7906689244871,1.0232422759213795,1633.7906689244871,1.0052483963974486,1633.78928003712,1.0323782298821276,1633.7698356149149,1.003558779192613
1633.792057811854,1.027480293000928,1633.792057811854,1.0051917446252407,1633.7906689244871,1.0286126569960423,1633.771224502281,1.0117540227311277
1633.7934466987556,1.018258361845261,1633.7934466987556,1.0051797225189367,1633.792057811854,1.0328147082896562,1633.7726133896483,1.0031454499750738
1633.7948355861224,1.0103333865459205,1633.7948355861224,1.0052159574539608,1633.7934466987556,1.0235326576122066,1633.7740022770151,0.9909261199195164
1633.7962244734888,1.027599815402233,1633.7962244734888,1.0052643437593527,1633.7948355861224,1.01560324250446,1633.7753911639168,0.9976664067474468
1633.7976133608556,1.0244491990426483,1633.7976133608556,1.0052519758691005,1633.7962244734888,1.0330094540775576,1633.7767800512836,1.042050202417722
1633.7990022482234,0.9968820601085381,1633.7990022482234,1.005238008111465,1633.7976133608556,1.0298295815151397,1633.7795578260177,1.0846799090933892
1633.800391135125,1.0148655578734096,1633.800391135125,1.0052727041546705,1633.7990022482234,1.0021037364255605,1633.780946713384,1.0801177114796834
1633.8017800224914,1.000129836572922,1633.8017800224914,1.0052446555492902,1633.800391135125,1.0202166437168407,1633.782335600751,1.0535600829481089
1633.8031689098575,1.0010366842854788,1633.8031689098575,1.0052193735099912,1633.8017800224914,1.0053751730703149,1633.7837244881189,1.0277033843513368
1633.8045577972246,1.0118823395349252,1633.8045577972246,1.0051263066181464,1633.8031689098575,1.0062614686379678,1633.7851133750194,1.0219542098695238
1633.8059466845918,0.9936537299658127,1633.8059466845918,1.0051479888380466,1633.8045577972246,1.0170695586688685,1633.7865022623855,1.031044698848401
1633.807335571493,1.0100441217900322,1633.807335571493,1.0051463373342262,1633.8059466845918,0.99876904827656,1633.787891149753,1.019575953309891
1633.8087244588603,1.002621140237826,1633.8087244588603,1.0051371542182532,1633.807335571493,1.015242149563216,1633.78928003712,1.0323782298821276
1633.8101133462271,1.0151291972637715,1633.8101133462271,1.0051419220913065,1633.8087244588603,1.0077717596577087,1633.7906689244871,1.0286126569960423
1633.8115022335935,0.9957191202639921,1633.8115022335935,1.0051930203710073,1633.8101133462271,1.0203489125087122,1633.792057811854,1.0328147082896562
1633.812891120495,1.003426677467405,1633.812891120495,1.0051902710701048,1633.8115022335935,1.0008899099393245,1633.7934466987556,1.0235326576122066
1633.8142800078624,0.982317350508659,1633.8142800078624,1.0052417288676232,1633.812891120495,1.0086347339224355,1633.7948355861224,1.01560324250446
1633.8156688952297,0.9817635331668112,1633.8156688952297,1.0052320205628233,1633.8142800078624,0.9874663917219874,1633.7962244734888,1.0330094540775576
1633.817057782596,1.0093209351928236,1633.817057782596,1.005248726164225,1633.8156688952297,0.98690014016017,1633.7976133608556,1.0298295815151397
1633.8184466694968,1.0018796083355264,1633.8184466694968,1.0052552660518257,1633.817057782596,1.01461858439347,1633.7990022482234,1.0021037364255605
1633.8198355568636,0.9959653005237981,1633.8198355568636,1.0051960844340704,1633.8184466694968,1.0071447522292285,1633.800391135125,1.0202166437168407
1633.821224444231,0.9984301619035475,1633.821224444231,1.005201066302956,1633.8198355568636,1.001140420318724,1633.8017800224914,1.0053751730703149
1633.8226133315975,0.9944725148804879,1633.8226133315975,1.005184377747042,1633.821224444231,1.003623063374479,1633.8031689098575,1.0062614686379678
1633.8240022184991,1.012970188175127,1633.8240022184991,1.0051371039473493,1633.8226133315975,0.9996282360566792,1633.8045577972246,1.0170695586688685
1633.8253911058662,0.9997045589066309,1633.8253911058662,1.0051038912022916,1633.8240022184991,1.0181739213273486,1633.8059466845918,0.99876904827656
1633.8267799932323,0.9963949465096352,1633.8267799932323,1.0050509392064946,1633.8253911058662,1.0048069422097252,1633.807335571493,1.015242149563216
1633.8281688801335,1.0030072901785176,1633.8281688801335,1.004988618182303,1633.8267799932323,1.0014276768101138,1633.8087244588603,1.0077717596577087
1633.8295577675017,1.0003983170934936,1633.8295577675017,1.0049788314207055,1633.8281688801335,1.0080109105832846,1633.8101133462271,1.0203489125087122
1633.8309466548687,1.006127419501229,1633.8309466548687,1.0048659101712316,1633.8295577675017,1.0053791316678595,1633.8115022335935,1.0008899099393245
1633.8323355417697,1.0011612736987558,1633.8323355417697,1.00483830018568,1633.8309466548687,1.011023145145335,1633.812891120495,1.0086347339224355
1633.8337244291358,1.0033141889831974,1633.8337244291358,1.0048307939169299,1633.8323355417697,1.006005192475188,1633.8142800078624,0.9874663917219874
1633.8351133165029,1.0090514145671126,1633.8351133165029,1.0048434833505486,1633.8337244291358,1.008160993064107,1633.8156688952297,0.98690014016017
1633.8365022034047,1.0154902500702028,1633.8365022034047,1.0048531062913435,1633.8351133165029,1.013938738293416,1633.817057782596,1.01461858439347
1633.837891090772,0.9902820916606064,1633.837891090772,1.0048839025453415,1633.8365022034047,1.0204185321916164,1633.8184466694968,1.0071447522292285
1633.8392799781384,0.9824441606118809,1633.8392799781384,1.004839470402138,1633.837891090772,0.9951185328886738,1633.8198355568636,1.001140420318724
1633.8406688650396,0.9982287665787956,1633.8406688650396,1.0047778173522182,1633.8392799781384,0.9871986700489154,1633.821224444231,1.003623063374479
1633.842057752406,0.9864456960180915,1633.842057752406,1.00476828516698,1633.8406688650396,1.002998121301239,1633.8226133315975,0.9996282360566792
1633.8434466397732,1.008474043739823,1633.8434466397732,1.0047357674800614,1633.842057752406,0.9911493503984458,1633.8240022184991,1.0181739213273486
1633.844835526675,0.9890617268066033,1633.844835526675,1.0047552379833775,1633.8434466397732,1.013249942320652,1633.8253911058662,1.0048069422097252
1633.846224414042,0.9890947324660977,1633.846224414042,1.0046825573617313,1633.844835526675,0.993764950697819,1633.8267799932323,1.0014276768101138
1633.8476133014085,1.0040828400466308,1633.8476133014085,1.0046426606322134,1633.846224414042,0.9937262252870565,1633.8281688801335,1.0080109105832846
1633.8490021883092,0.9982944437827483,1633.8490021883092,1.0045301690541173,1633.8476133014085,1.0087444559195964,1633.8295577675017,1.0053791316678595
1633.850391075676,1.009327870682039,1633.850391075676,1.004500217106415,1633.8490021883092,1.0028168863788702,1633.8309466548687,1.011023145145335
1633.851779962578,1.007154163181242,1633.851779962578,1.004567441497497,1633.850391075676,1.0138700652316637,1633.8323355417697,1.006005192475188
1633.8531688499454,0.996431232417326,1633.8531688499454,1.0044568553704827,1633.851779962578,1.0117542809005329,1633.8337244291358,1.008160993064107
1633.8545577373118,1.0107743130282836,1633.8545577373118,1.0043691282979728,1633.8531688499454,1.0008721823068418,1633.8351133165029,1.013938738293416
1633.855946624213,1.0080132477861015,1633.855946624213,1.0043345971886117,1633.8545577373118,1.0151905156821994,1633.8365022034047,1.0204185321916164
1633.8573355115802,0.9854158466934211,1633.8573355115802,1.004300824335768,1633.855946624213,1.0123825791760386,1633.837891090772,0.9951185328886738
1633.8587243984814,1.0107870822456266,1633.8587243984814,1.00429326770521,1633.8573355115802,0.9896539471477316,1633.8392799781384,0.9871986700489154
1633.860113285849,1.0179033533078239,1633.860113285849,1.0042918250393433,1633.8587243984814,1.0151266617826753,1633.8406688650396,1.002998121301239
1633.8615021732155,0.9831397532891655,1633.8615021732155,1.004211067648891,1633.860113285849,1.022272016407182,1633.842057752406,0.9911493503984458
1633.8628910601162,0.9969211222028396,1633.8628910601162,1.004167414611997,1633.8615021732155,0.98727982129858,1633.8434466397732,1.013249942320652
1633.8642799474826,1.00602905171367,1633.8642799474826,1.004094043833504,1633.8628910601162,1.001075705854516,1633.844835526675,0.993764950697819
1633.8656688343838,0.9959640591199425,1633.8656688343838,1.004043050350131,1633.8642799474826,1.0101477787491642,1633.846224414042,0.9937262252870565
1633.8670577217515,0.9999881068019476,1633.8670577217515,1.0039417087052935,1633.8656688343838,0.9999907919578852,1633.8476133014085,1.0087444559195964
1633.8684466086531,0.9948127252181406,1633.8684466086531,1.003927990664243,1633.8670577217515,1.0039297686277189,1633.8490021883092,1.0028168863788702
1633.8698354960195,1.0091576830689795,1633.8698354960195,1.0038315312428387,1633.8684466086531,0.9987203403154676,1633.850391075676,1.0138700652316637
1633.871224382921,0.9964047421300634,1633.871224382921,1.0038064426075672,1633.8698354960195,1.013024302260609,1633.851779962578,1.0117542809005329
1633.872613270288,0.9941433757487216,1633.872613270288,1.0037804500587195,1633.871224382921,1.0001974995948892,1633.8531688499454,1.0008721823068418
1633.8740021576548,1.0007597163064694,1633.8740021576548,1.0036785191687874,1633.872613270288,0.9979016851319464,1633.8545577373118,1.0151905156821994
1633.8753910445564,0.9867732982612358,1633.8753910445564,1.0035831905731138,1633.8740021576548,1.004441030106253,1633.855946624213,1.0123825791760386
1633.8767799319232,1.0141002434034425,1633.8767799319232,1.0034943844637845,1633.8753910445564,0.990309095041366,1633.8573355115802,0.9896539471477316
1633.8781688188246,1.0208680325718953,1633.8781688188246,1.0034451214527402,1633.8767799319232,1.0176438995387116,1633.8587243984814,1.0151266617826753
1633.8795577061908,0.9832123630883965,1633.8795577061908,1.0033956509346005,1633.8781688188246,1.0243850469313254,1633.860113285849,1.022272016407182
1633.8809465930915,0.9850269379430303,1633.8809465930915,1.0034255765652582,1633.8795577061908,0.9865510090680284,1633.8615021732155,0.98727982129858
1633.8823354804592,1.0053808461469804,1633.8823354804592,1.0033876351550102,1633.8809465930915,0.988401223137796,1633.8628910601162,1.001075705854516
1633.8837243673609,0.985178270870408,1633.8837243673609,1.0032754588284634,1633.8823354804592,1.0087867096455618,1633.8642799474826,1.0101477787491642
1633.8851132547272,0.9915425315382923,1633.8851132547272,1.0031747205189478,1633.8837243673609,0.9884051817353408,1633.8656688343838,0.9999907919578852
1633.8865021416284,1.0136416825948666,1633.8865021416284,1.003177478063924,1633.8851132547272,0.9946904019585764,1633.8670577217515,1.0039297686277189
1633.8878910289957,0.9956042160403163,1633.8878910289957,1.0031201152467806,1633.8865021416284,1.0168625068059909,1633.8684466086531,0.9987203403154676
1633.8892799158969,0.9855358642182306,1633.8892799158969,1.0031278064630906,1633.8878910289957,0.9987106159345428,1633.8698354960195,1.013024302260609
1633.890668803264,1.0077043947509146,1633.890668803264,1.0030745005004928,1633.8892799158969,0.98861842966394,1633.871224382921,1.0001974995948892
1633.8920576901653,1.0032705459701419,1633.8920576901653,1.0031278494532991,1633.890668803264,1.010802582416925,1633.872613270288,0.9979016851319464
1633.893446577067,1.015537617374203,1633.893446577067,1.0031545736344722,1633.8920576901653,1.0064086251988658,1633.8740021576548,1.004441030106253
1633.894835464433,0.9941979838422689,1633.894835464433,1.0031014006423682,1633.893446577067,1.0187412055667864,1633.8753910445564,0.990309095041366
1633.8962243513336,1.0016160819842774,1633.8962243513336,1.0030765964784871,1633.894835464433,0.9972813901079984,1633.8767799319232,1.0176438995387116
1633.8976132387013,0.9821694351987715,1633.8976132387013,1.0029983229211046,1633.8962243513336,1.0046976504949063,1633.8781688188246,1.0243850469313254
1633.899002125603,0.9923475220917826,1633.899002125603,1.002944573180075,1633.8976132387013,0.9851142963287364,1633.8795577061908,0.9865510090680284
1633.9003910129693,1.001300695983623,1633.9003910129693,1.0028879606267462,1633.899002125603,0.995269561990648,1633.8809465930915,0.988401223137796
1633.9017798998705,1.0031489467097994,1633.9017798998705,1.002801641504423,1633.9003910129693,1.0041924129691573,1633.8823354804592,1.0087867096455618
1633.9031687872375,1.0061974791484887,1633.9031687872375,1.0027579341727368,1633.9017798998705,1.0059594104340197,1633.8837243673609,0.9884051817353408
1633.904557674139,1.0118641063694607,1633.904557674139,1.0026745551944096,1633.9031687872375,1.008972505560754,1633.8851132547272,0.9946904019585764
1633.9059465610403,0.9928099256730529,1633.9059465610403,1.0025862323884884,1633.904557674139,1.0145703927711878,1633.8865021416284,1.0168625068059909
1633.9073354484074,0.9922804485582116,1633.9073354484074,1.0025186367036525,1633.9059465610403,0.9953775628584414,1633.8878910289957,0.9987106159345428
1633.908724335309,0.9960229725342952,1633.908724335309,1.0024284610493797,1633.9073354484074,0.994779642516267,1633.8892799158969,0.98861842966394
1633.9101132226751,0.998442676442982,1633.9101132226751,1.0024618244120374,1633.908724335309,0.998441775527382,1633.890668803264,1.010802582416925
1633.9115021095756,0.9835188540853103,1633.9115021095756,1.0024699509880144,1633.9101132226751,1.0009006669978693,1633.8920576901653,1.0064086251988658
1633.9128909964777,0.9917324536372008,1633.9128909964777,1.0024051270236074,1633.9115021095756,0.985948097450689,1633.893446577067,1.0187412055667864
1633.9142798838454,1.0118013737999434,1633.9142798838454,1.0023062700301582,1633.9128909964777,0.994117696161632,1633.894835464433,0.9972813901079984
1633.9156687707462,0.9978875014657914,1633.9156687707462,1.0022622827523957,1633.9142798838454,1.014134860984811,1633.8962243513336,1.0046976504949063
1633.9170576581123,1.0047018510423351,1633.9170576581123,1.002267099261084,1633.9156687707462,1.0001450051491887,1633.8976132387013,0.9851142963287364
1633.918446545014,1.004678481809704,1633.918446545014,1.0021804304471784,1633.9170576581123,1.006979609866443,1633.899002125603,0.995269561990648
1633.9198354319149,0.9983690304253784,1633.9198354319149,1.0020799623230616,1633.918446545014,1.006869113361067,1633.9003910129693,1.0041924129691573
1633.9212243192817,1.001338385901063,1633.9212243192817,1.0020045485598887,1633.9198354319149,1.0004456003931748,1633.9017798998705,1.0059594104340197
1633.9226132061838,1.013026586812706,1633.9226132061838,1.00198676088497,1633.9212243192817,1.0033456173204822,1633.9031687872375,1.008972505560754
1633.9240020930854,0.9956399246918036,1633.9240020930854,1.0019102009092742,1633.9226132061838,1.01503922841082,1633.904557674139,1.0145703927711878
1633.9253909804518,0.9949280543546122,1633.9253909804518,1.0018292355457434,1633.9240020930854,0.9975417969812596,1633.9059465610403,0.9953775628584414
1633.9267798673525,0.9889775097155031,1633.9267798673525,1.0018083050851572,1633.9253909804518,0.996748012117095,1633.9073354484074,0.994779642516267
1633.928168754254,0.9987904560435015,1633.928168754254,1.0017212522924421,1633.9267798673525,0.9907658827754278,1633.908724335309,0.998441775527382
1633.9295576416218,0.9950781070575186,1633.9295576416218,1.0015992931099014,1633.928168754254,1.0005096264056357,1633.9101132226751,1.0009006669978693
1633.9309465285226,1.000093356348737,1633.9309465285226,1.0015565450622588,1633.9295576416218,0.9966695286179494,1633.9115021095756,0.985948097450689
1633.9323354154233,0.9927052747998054,1633.9323354154233,1.0014591229228251,1633.9309465285226,1.0016500467243594,1633.9128909964777,0.994117696161632
1633.9337243027906,0.9887046247107827,1633.9337243027906,1.0014418451145377,1633.9323354154233,0.9941537538218752,1633.9142798838454,1.014134860984811
1633.9351131896915,1.0013298941998967,1633.9351131896915,1.001398215667023,1633.9337243027906,0.9901301836436428,1633.9156687707462,1.0001450051491887
1633.9365020765931,0.9929858689680118,1633.9365020765931,1.0013465165139273,1633.9351131896915,1.0027299693458254,1633.9170576581123,1.006979609866443
1633.9378909639602,0.9856169748748024,1633.9378909639602,1.001390163126051,1633.9365020765931,0.9943229408386736,1633.918446545014,1.006869113361067
1633.9392798508618,1.0072375126829975,1633.9392798508618,1.001282861564724,1633.9378909639602,0.9869871432496832,1633.9198354319149,1.0004456003931748
1633.9406687377625,1.0021844983743122,1633.9406687377625,1.0012654947779946,1633.9392798508618,1.0085296589745667,1633.9212243192817,1.0033456173204822
1633.9420576251289,0.9747159482905255,1633.9420576251289,1.0011981389935787,1633.9406687377625,1.003452757623592,1633.9226132061838,1.01503922841082
1633.9434465120305,0.9965991302506925,1633.9434465120305,1.0011051995544251,1633.9420576251289,0.9758837934758354,1633.9240020930854,0.9975417969812596
1633.9448353989326,1.003043048077052,1633.9448353989326,1.0010579376568824,1633.9434465120305,0.997700571165386,1633.9253909804518,0.996748012117095
1633.9462242858333,0.9815818295283175,1633.9462242858333,1.0010244593875677,1633.9448353989326,1.004104205089087,1633.9267798673525,0.9907658827754278
1633.9476131731997,1.0000535523171379,1633.9476131731997,1.0010128052007299,1633.9462242858333,0.9825874202482436,1633.928168754254,1.0005096264056357
1633.9490020601013,0.988506157135955,1633.9490020601013,1.0009067551119983,1633.9476131731997,1.0010664117559331,1633.9295576416218,0.9966695286179494
1633.9503909470025,0.9845818215329591,1633.9503909470025,1.000947416929902,1633.9490020601013,0.9894024901471798,1633.9309465285226,1.0016500467243594
1633.9517798343695,0.989792563209465,1633.9517798343695,1.000869025836362,1633.9503909470025,0.9855146310195532,1633.9323354154233,0.9941537538218752
1633.953168721271,0.997161767022322,1633.953168721271,1.0007726611482444,1633.9517798343695,0.9906527185195328,1633.9337243027906,0.9901301836436428
1633.9545576081723,1.0051425448823148,1633.9545576081723,1.0007628576573768,1633.953168721271,0.9979322351782148,1633.9351131896915,1.0027299693458254
1633.9559464950732,0.9967034500411891,1633.9559464950732,1.0007088451740702,1633.9545576081723,1.0059093255694336,1633.9365020765931,0.9943229408386736
1633.957335381974,0.9842963115215195,1633.957335381974,1.0006747987272537,1633.9559464950732,0.99740995847173,1633.9378909639602,0.9869871432496832
1633.9587242693417,0.9777880659432228,1633.9587242693417,1.0005932693780377,1633.957335381974,0.9849605134197748,1633.9392798508618,1.0085296589745667
1633.9601131562436,1.007884241593852,1633.9601131562436,1.0005804294935696,1633.9587242693417,0.9783681576609576,1633.9406687377625,1.003452757623592
1633.961502043144,1.0136059384060363,1633.961502043144,1.0005232660135863,1633.9601131562436,1.008469247333777,1633.9420576251289,0.9758837934758354
1633.9628909300448,0.9954687337047665,1633.9628909300448,1.0005196892920305,1633.961502043144,1.0141363239447734,1633.9434465120305,0.997700571165386
1633.964279817412,0.9967730043238558,1633.964279817412,1.0004647920767429,1633.9628909300448,0.995986068146224,1633.9448353989326,1.004104205089087
1633.9656687043132,0.9984661455671004,1633.9656687043132,1.0003889533804091,1633.964279817412,0.9972362965185768,1633.9462242858333,0.9825874202482436
1633.9670575912148,0.9944493862922269,1633.9670575912148,1.0003965694970558,1633.9656687043132,0.9988545023496428,1633.9476131731997,1.0010664117559331
1633.968446478116,0.9847911456744131,1633.968446478116,1.0003428220719601,1633.9670575912148,0.9948437545851962,1633.9490020601013,0.9894024901471798
1633.9698353650176,0.991710203153225,1633.9698353650176,1.000297357802378,1633.968446478116,0.9851287538154212,1633.9503909470025,0.9855146310195532
1633.9712242523844,0.9887735051606407,1633.9712242523844,1.000230114945886,1633.9698353650176,0.9920050959198304,1633.9517798343695,0.9906527185195328
1633.9726131392852,0.9988586594367288,1633.9726131392852,1.0002043327796382,1633.9712242523844,0.9890010367222744,1633.953168721271,0.9979322351782148
1633.9740020261868,0.9833744416633398,1633.9740020261868,1.0000996398740705,1633.9726131392852,0.9990627590030772,1633.9545576081723,1.0059093255694336
1633.9753909130889,1.0020650924580867,1633.9753909130889,0.9999861780653463,1633.9740020261868,0.9834724249688712,1633.9559464950732,0.99740995847173
1633.9767797999891,0.9876447258107273,1633.9767797999891,0.999915629835819,1633.9753909130889,1.00205124197986,1633.957335381974,0.9849605134197748
1633.9781686868898,0.9928336354644375,1633.9781686868898,0.9998855977462847,1633.9767797999891,0.9875613980630582,1633.9587242693417,0.9783681576609576
1633.9795575742571,0.995856267443708,1633.9795575742571,0.9998032617390313,1633.9781686868898,0.992720053058976,1633.9601131562436,1.008469247333777
1633.9809464611585,0.9944634217654503,1633.9809464611585,0.9997591345074962,1633.9795575742571,0.9956603444134764,1633.961502043144,1.0141363239447734
1633.98233534806,0.9925112074719549,1633.98233534806,0.9996398972907254,1633.9809464611585,0.9942238898435898,1633.9628909300448,0.995986068146224
1633.983724234961,0.9837139836493146,1633.983724234961,0.9996687980770993,1633.98233534806,0.9921538014971588,1633.964279817412,0.9972362965185768
1633.9851131218627,1.0039906824951543,1633.9851131218627,0.9996250135150844,1633.983724234961,0.9833881756863456,1633.9656687043132,0.9988545023496428
1633.986502008764,0.9844729373269201,1633.986502008764,0.9995854638412329,1633.9851131218627,1.0036141995582375,1633.9670575912148,0.9948437545851962
1633.9878908956646,0.9946860947858819,1633.9878908956646,0.9995396516335413,1633.986502008764,0.9840648376970704,1633.968446478116,0.9851287538154212
1633.989279783032,0.986172873941739,1633.989279783032,0.9994148169273663,1633.9878908956646,0.994228192667008,1633.9698353650176,0.9920050959198304
1633.990668669934,0.9956012105982062,1633.990668669934,0.9994135401703915,1633.989279783032,0.9855957822692178,1633.9712242523844,0.9890010367222744
1633.992057556835,0.9788453612960173,1633.992057556835,0.9994134893608992,1633.990668669934,0.9950173304818808,1633.9726131392852,0.9990627590030772
1633.9934464437358,1.0205620349805529,1633.9934464437358,0.9994319570911032,1633.992057556835,0.9782712580775828,1633.9740020261868,0.9834724249688712
1633.9948353306363,1.0009859741942264,1633.9948353306363,0.9995220580945535,1633.9934464437358,1.019982311953493,1633.9753909130889,1.00205124197986
1633.9962242175377,0.9994176414151921,1633.9962242175377,0.9995174730109758,1633.9948353306363,1.0005075610503948,1633.9767797999891,0.9875613980630582
1633.997613104439,0.9995541675201859,1633.997613104439,0.9994064359942387,1633.9962242175377,0.9989353954299024,1633.9781686868898,0.992720053058976
1633.9990019913405,0.9972422024648377,1633.9990019913405,0.9993792297580218,1633.997613104439,0.9989608681445372,1633.9795575742571,0.9956603444134764
1634.000390878242,0.9925013887003278,1634.000390878242,0.9993666894781964,1633.9990019913405,0.9966231441815028,1633.9809464611585,0.9942238898435898
1634.0017797651433,0.9881774610731943,1634.0017797651433,0.9992500303965037,1634.000390878242,0.9918728271279592,1633.98233534806,0.9921538014971588
1634.0031686525097,0.998018891316259,1634.0031686525097,0.9991959332144354,1634.0017797651433,0.9874363580145292,1633.983724234961,0.9833881756863456
1634.0045575394113,0.9812395899275315,1634.0045575394113,0.9991833351116601,1634.0031686525097,0.9972164174743856,1633.9851131218627,1.0036141995582375
1634.0059464263134,0.9925066551171313,1634.0059464263134,0.9991977720845854,1634.0045575394113,0.9804382460073886,1633.986502008764,0.9840648376970704
1634.0073353132143,0.9907007203221725,1634.0073353132143,0.9991013204122122,1634.0059464263134,0.9917104385721616,1633.9878908956646,0.994228192667008
1634.0087242001152,0.9975014491317644,1634.0087242001152,0.9990658338648094,1634.0073353132143,0.9898103978072124,1633.989279783032,0.9855957822692178
1634.010113087016,0.9905605739695088,1634.010113087016,0.9990517205061066,1634.0087242001152,0.996569617058182,1633.990668669934,0.9950173304818808
1634.0115019739171,0.9891281116208767,1634.0115019739171,0.9990069860383413,1634.010113087016,0.9896212456897542,1633.992057556835,0.9782712580775828
1634.0128908608187,1.0009048640130986,1634.0128908608187,0.9989852134994374,1634.0115019739171,0.988145893596168,1633.9934464437358,1.019982311953493
1634.01427974772,0.9818318973932062,1634.01427974772,0.9990145973490359,1634.0128908608187,0.9998891592687508,1633.9948353306363,1.0005075610503948
1634.0156686346215,0.9742412594240067,1634.0156686346215,0.9990654232858253,1634.01427974772,0.9808643976387138,1633.9962242175377,0.9989353954299024
1634.0170575215227,0.9957096747540252,1634.0170575215227,0.9990092641399242,1634.0156686346215,0.9733307562289608,1633.997613104439,0.9989608681445372
1634.0184464084234,0.9841498762688385,1634.0184464084234,0.9989851280004066,1634.0170575215227,0.994723189473022,1633.9990019913405,0.9966231441815028
1634.019835295325,0.9919810256740416,1634.019835295325,0.9989780341191914,1634.0184464084234,0.98315109011601,1634.000390878242,0.9918728271279592
1634.0212241822271,0.9996726226667545,1634.0212241822271,0.9989874047895454,1634.019835295325,0.9909672549113931,1634.0017797651433,0.9874363580145292
1634.0226130691285,1.0035909797725786,1634.0226130691285,0.9988849104885117,1634.0212241822271,0.9986603589570195,1634.0031686525097,0.9972164174743856
1634.024001956029,0.9718908098542558,1634.024001956029,0.9988985461026315,1634.0226130691285,1.00247188599721,1634.0045575394113,0.9804382460073886
1634.0253908429297,0.9955682203814752,1634.0253908429297,0.9989944925268822,1634.024001956029,0.9708203169339252,1634.0059464263134,0.9917104385721616
1634.0267797298309,1.0066140997977049,1634.0267797298309,0.9990135471567378,1634.0253908429297,0.994567169095883,1634.0073353132143,0.9898103978072124
1634.028168616733,0.9813161229609125,1634.028168616733,0.9990668228329522,1634.0267797298309,1.0056211224568916,1634.0087242001152,0.996569617058182
1634.0295575036346,0.9883294166381551,1634.0295575036346,0.9991292221798062,1634.028168616733,0.9804003811613096,1634.010113087016,0.9896212456897542
1634.0309463905353,1.0051636200118257,1634.0309463905353,0.9990830104124244,1634.0295575036346,0.9874688013031014,1634.0115019739171,0.988145893596168
1634.0323352774365,1.0247375681782909,1634.0323352774365,0.9990836716560348,1634.0309463905353,1.004241895438465,1634.0128908608187,0.9998891592687508
1634.037890825042,1.0314416637281838,1634.037890825042,0.999061056073041,1634.0323352774365,1.0237985720994431,1634.01427974772,0.9808643976387138
1634.0392797119428,1.0098197485867728,1634.0392797119428,0.9990599252997142,1634.037890825042,1.0304731978420136,1634.0156686346215,0.9733307562289608
1634.0406685988437,1.0246300817254452,1634.0406685988437,0.9991001230130141,1634.0392797119428,1.0088704425892774,1634.0170575215227,0.994723189473022
1634.044835259083,1.0222027582867335,1634.044835259083,0.9991267083994276,1634.0406685988437,1.023708040694727,1634.0184464084234,0.98315109011601
1634.0462241459834,1.0277353703050176,1634.0462241459834,0.9991227444413009,1634.044835259083,1.0213100772038397,1634.019835295325,0.9909672549113931
1634.0476130328846,1.0175940088649598,1634.0476130328846,0.9991568296786484,1634.0462241459834,1.026833783738546,1634.0212241822271,0.9986603589570195
1634.0490019197862,1.0012634942149006,1634.0490019197862,0.999117388154938,1634.0476130328846,1.0167360037974995,1634.0226130691285,1.00247188599721
1634.0503908066871,1.0190219005535273,1634.0503908066871,0.9990744480764606,1634.0490019197862,1.0003797671948784,1634.024001956029,0.9708203169339252
1634.051779693589,1.0133165907285375,1634.051779693589,0.9990616174362504,1634.0503908066871,1.018078742873341,1634.0253908429297,0.994567169095883
1634.05316858049,1.0106678271820393,1634.05316858049,0.999079454545797,1634.051779693589,1.0123657121082397,1634.0267797298309,1.0056211224568916
1634.0545574673909,0.9964139169681617,1634.0545574673909,0.999086097058725,1634.05316858049,1.0097374615080177,1634.028168616733,0.9804003811613096
1634.0559463542916,1.0249671360057673,1634.0559463542916,0.9990813881638619,1634.0545574673909,0.9955032913587172,1634.0295575036346,0.9874688013031014
1634.0573352411932,1.0160096879975806,1634.0573352411932,0.999129956292248,1634.0559463542916,1.02402558906298,1634.0309463905353,1.004241895438465
1634.0587241276294,1.0144117492286508,1634.0587241276294,0.9990927427068184,1634.0573352411932,1.0151257151615232,1634.0323352774365,1.0237985720994431
1634.0601130145308,1.0106452725141974,1634.0601130145308,0.9990686277391563,1634.0587241276294,1.013491416770874,1634.0337241643372,1.0374269047114797
1634.0615019014317,1.017875376301453,1634.0615019014317,0.9990714550357864,1634.0601130145308,1.0097039855418248,1634.0351130512388,1.0385398730167965
1634.0628907883329,1.0161253563070958,1634.0628907883329,0.9991175975017467,1634.0615019014317,1.0169302332465913,1634.0365019381409,1.041217347916921
1634.0642796752345,1.0146506091789678,1634.0642796752345,0.9991294585914237,1634.0628907883329,1.0152287247541518,1634.037890825042,1.0304731978420136
1634.065668562135,1.0183450206454605,1634.065668562135,0.9991918484901836,1634.0642796752345,1.0137673138084402,1634.0392797119428,1.0088704425892774
1634.0670574490362,1.0013415296843218,1634.0670574490362,0.9992469020719379,1634.065668562135,1.0175220435795118,1634.0406685988437,1.023708040694727
1634.0684463354726,1.0192588468094568,1634.0684463354726,0.999230827365686,1634.0670574490362,1.000587421453034,1634.0420574857449,1.0531055326822245
1634.0698352223733,1.0022250269744508,1634.0698352223733,0.9991932575185589,1634.0684463354726,1.0184748607972085,1634.0434463726467,1.0415543450470244
1634.071224109274,0.9983139287680082,1634.071224109274,0.9992387186006233,1634.0698352223733,1.001416489469227,1634.044835259083,1.0213100772038397
1634.0726129961756,0.9855781467953435,1634.0726129961756,0.9992571116381401,1634.071224109274,0.9975539309432984,1634.0462241459834,1.026833783738546
1634.0740018830777,1.0020048136873,1634.0740018830777,0.9992105095237802,1634.0726129961756,0.9848459722603858,1634.0476130328846,1.0167360037974995
1634.0753907699789,1.0123002414747087,1634.0753907699789,0.9992085311980483,1634.0740018830777,1.0012137404297676,1634.0490019197862,1.0003797671948784
1634.076779656414,1.0074146450240449,1634.076779656414,0.9992375793880366,1634.0753907699789,1.0114990374153732,1634.0503908066871,1.018078742873341
1634.078168543315,1.003985024070786,1634.078168543315,0.9992795591671048,1634.076779656414,1.0066465713338848,1634.051779693589,1.0123657121082397
1634.0795574302167,1.0076906338971379,1634.0795574302167,0.9992955126576292,1634.078168543315,1.00326171226383,1634.05316858049,1.0097374615080177
1634.0809463171174,0.9905921931261608,1634.0809463171174,0.9993318818716266,1634.0795574302167,1.0069807286005317,1634.0545574673909,0.9955032913587172
1634.0823352040186,0.9999888851853177,1634.0823352040186,0.99933194974112,1634.0809463171174,0.989930360524108,1634.0559463542916,1.02402558906298
1634.083724090455,1.0124595871856354,1634.083724090455,0.9993635515790869,1634.0823352040186,0.9993208423516926,1634.0573352411932,1.0151257151615232
1634.0851129773566,1.0015037055947182,1634.0851129773566,0.9993781035645772,1634.083724090455,1.0118152088801329,1634.0587241276294,1.013491416770874
1634.0865018642571,0.9739123696243983,1634.0865018642571,0.9993515575253135,1634.0851129773566,1.0008808740101462,1634.0601130145308,1.0097039855418248
1634.087890751158,1.0074847797460984,1634.087890751158,0.9992987070079621,1634.0865018642571,0.9732808434773113,1634.0615019014317,1.0169302332465913
1634.0892796375945,0.9885286614691929,1634.0892796375945,0.9993858376497246,1634.087890751158,1.0067782377304777,1634.0628907883329,1.0152287247541518
1634.0906685244956,1.004909831993399,1634.0906685244956,0.9994178799920057,1634.0892796375945,0.9879215443831504,1634.0642796752345,1.0137673138084402
1634.0920574113964,0.9855697142785339,1634.0920574113964,0.9994545267886239,1634.0906685244956,1.0043248538739653,1634.065668562135,1.0175220435795118
1634.0934462982975,0.9878971126936087,1634.0934462982975,0.9995552040093246,1634.0920574113964,0.9850321124014514,1634.0670574490362,1.000587421453034
1634.0948351847337,0.9965465899743929,1634.0948351847337,0.9995258765964494,1634.0934462982975,0.9874577000186828,1634.0684463354726,1.0184748607972085
1634.0962240716342,0.9942071655118476,1634.0962240716342,0.9995473318154794,1634.0948351847337,0.9960741039133576,1634.0698352223733,1.001416489469227
1634.0976129585354,0.9822539274669599,1634.0976129585354,0.9996268005873177,1634.0962240716342,0.993757119559198,1634.071224109274,0.9975539309432984
1634.0990018454374,0.9807710839234194,1634.0990018454374,0.9996093941799127,1634.0976129585354,0.9818873508781244,1634.0726129961756,0.9848459722603858
1634.1003907318734,1.00785378981342,1634.1003907318734,0.9996379457309154,1634.0990018454374,0.9803879890298656,1634.0740018830777,1.0012137404297676
1634.101779618774,1.0127095789486338,1634.101779618774,0.9996119271585874,1634.1003907318734,1.007488892046205,1634.0753907699789,1.0114990374153732
1634.1031685056748,0.9792967699571592,1634.1031685056748,0.9996157427515305,1634.101779618774,1.0123165738648054,1634.076779656414,1.0066465713338848
1634.104557392577,0.98040998339668,1634.104557392577,0.9996656980197545,1634.1031685056748,0.9789204680749004,1634.078168543315,1.00326171226383
1634.105946279013,0.9859386674471404,1634.105946279013,0.999613557915937,1634.104557392577,0.980082230397778,1634.0795574302167,1.0069807286005317
1634.1073351659138,1.0064828100414343,1634.1073351659138,0.9996042062965098,1634.105946279013,0.9855576592537338,1634.0809463171174,0.989930360524108
1634.1087240528143,0.9979633401474174,1634.1087240528143,0.9996934924757507,1634.1073351659138,1.0060844504825488,1634.0823352040186,0.9993208423516926
1634.1101129392505,0.9753089961220098,1634.1101129392505,0.9996934099581734,1634.1087240528143,0.9976574568747372,1634.083724090455,1.0118152088801329
1634.111501826151,0.9845930094889802,1634.111501826151,0.999637845088721,1634.1101129392505,0.9750099760960949,1634.0851129773566,1.0008808740101462
1634.112890713052,1.0062550752793553,1634.112890713052,0.9996869307211897,1634.111501826151,0.9842364342949828,1634.0865018642571,0.9732808434773113
1634.1142795994886,0.9914068683870952,1634.1142795994886,0.9996809639244735,1634.112890713052,1.0059400477286384,1634.087890751158,1.0067782377304777
1634.1156684863902,1.0046675993241236,1634.1156684863902,0.999631522442035,1634.1142795994886,0.991090573830555,1634.0892796375945,0.9879215443831504
1634.117057373291,0.9904814652827115,1634.117057373291,0.9996343083406946,1634.1156684863902,1.0042974018605582,1634.0906685244956,1.0043248538739653
1634.118446259726,0.979404656717857,1634.118446259726,0.9996202948911931,1634.117057373291,0.990119254472161,1634.0920574113964,0.9850321124014514
1634.119835146628,0.9915503119031737,1634.119835146628,0.999625824479823,1634.118446259726,0.979032771766112,1634.0934462982975,0.9874577000186828
1634.12122403353,0.975668899237925,1634.12122403353,0.9995971023455096,1634.119835146628,0.9911792980494356,1634.0948351847337,0.9960741039133576
1634.1226129199651,0.997937748488872,1634.1226129199651,0.9996546258992697,1634.12122403353,0.9752758045268628,1634.0962240716342,0.993757119559198
1634.1240018068656,0.9940809416308521,1634.1240018068656,0.9996725184163704,1634.1226129199651,0.9975930866364028,1634.0976129585354,0.9818873508781244
1634.125390693767,0.9958272819658222,1634.125390693767,0.99969012046079,1634.1240018068656,0.9937553984298308,1634.0990018454374,0.9803879890298656
1634.126779580202,0.9971174968867962,1634.126779580202,0.9997714192359891,1634.125390693767,0.9955186954665538,1634.1003907318734,1.007488892046205
1634.1281684671033,1.0041737380640758,1634.1281684671033,0.9997293638886017,1634.126779580202,0.9968895750075492,1634.101779618774,1.0123165738648054
1634.1295573535397,0.986700600591323,1634.1295573535397,0.999672912799035,1634.1281684671033,1.003901972388438,1634.1031685056748,0.9789204680749004
1634.1309462404413,1.0069376792633014,1634.1309462404413,0.9997571335495046,1634.1295573535397,0.9863778634536852,1634.104557392577,0.980082230397778
1634.132335127342,0.9822987205741187,1634.132335127342,0.9998098721807742,1634.1309462404413,1.0066931278832685,1634.105946279013,0.9855576592537338
1634.133724013777,0.990370068186615,1634.133724013777,0.9998066169264347,1634.132335127342,0.9821119582605476,1634.1073351659138,1.0060844504825488
1634.1351129006791,0.9879369102929323,1634.1351129006791,0.9998684196082918,1634.133724013777,0.990178547378862,1634.1087240528143,0.9976574568747372
1634.1365017875812,1.0103184797147782,1634.1365017875812,0.9999048913689353,1634.1351129006791,0.987806917167293,1634.1101129392505,0.9750099760960949
1634.1378906740165,0.9829230009003266,1634.1378906740165,0.9998744912867121,1634.1365017875812,1.010222389707233,1634.111501826151,0.9842364342949828
1634.139279560917,1.0204791334989767,1634.139279560917,0.9998455755320904,1634.1378906740165,0.9827996354992226,1634.112890713052,1.0059400477286384
1634.1406684473525,0.9944415617315415,1634.1406684473525,0.9998866006235472,1634.139279560917,1.0203215465517732,1634.1142795994886,0.991090573830555
1634.1420573342536,1.009799013058462,1634.1420573342536,0.9998914069880833,1634.1406684473525,0.9943287926785224,1634.1156684863902,1.0042974018605582
1634.1434462206896,1.010467407114571,1634.1434462206896,0.9998692572170883,1634.1420573342536,1.0096893559422035,1634.117057373291,0.990119254472161
1634.1448351075908,1.0036648750557702,1634.1448351075908,0.9998479907388772,1634.1434462206896,1.0103352957937233,1634.118446259726,0.979032771766112
1634.1462239944924,0.9953973612755354,1634.1462239944924,0.9998740305041469,1634.1448351075908,1.003512308699698,1634.119835146628,0.9911792980494356
1634.1476128809277,0.9987596526275806,1634.1476128809277,0.9999113534354508,1634.1462239944924,0.995271971571762,1634.12122403353,0.9752758045268628
1634.1490017678282,1.0036930755741653,1634.1490017678282,0.9999679709321608,1634.1476128809277,0.9986711160155648,1634.1226129199651,0.9975930866364028
1634.1503906542646,0.9894166656961237,1634.1503906542646,0.9999994151837512,1634.1490017678282,1.003660928220558,1634.1240018068656,0.9937553984298308
1634.151779541167,0.9947828995959936,1634.151779541167,0.9999462917981371,1634.1503906542646,0.9894160870691808,1634.125390693767,0.9955186954665538
1634.1531684276017,0.9927808083955267,1634.1531684276017,0.9999852645524718,1634.151779541167,0.9947294715952124,1634.126779580202,0.9968895750075492
1634.1545573145024,0.9894016653896528,1634.1545573145024,0.999922727084726,1634.1531684276017,0.9927661793260176,1634.1281684671033,1.003901972388438
1634.155946200938,0.9890421777262295,1634.155946200938,0.9998465954544544,1634.1545573145024,0.9893252114385912,1634.1295573535397,0.9863778634536852
1634.157335087839,0.995854416166635,1634.157335087839,0.9999403593746147,1634.155946200938,0.98889045416043,1634.1309462404413,1.0066931278832685
1634.158723974275,0.9946482356949751,1634.158723974275,0.9999292256352659,1634.157335087839,0.995795022786462,1634.132335127342,0.9821119582605476
1634.1601128611762,1.015125707308673,1634.1601128611762,1.0000003468326348,1634.158723974275,0.9945778400979598,1634.133724013777,0.990178547378862
1634.1615017476122,0.9925844325019226,1634.1615017476122,1.0000624190931344,1634.1601128611762,1.0151260593873968,1634.1351129006791,0.987806917167293
1634.162890634513,0.9682798459736666,1634.162890634513,1.0000748311600476,1634.1615017476122,0.9926463887220588,1634.1365017875812,1.010222389707233
1634.164279520948,0.9921655758716325,1634.164279520948,1.0001468595224134,1634.162890634513,0.9683523034777914,1634.1378906740165,0.9827996354992226
1634.16566840785,0.9982267597806627,1634.16566840785,1.0001450508785883,1634.164279520948,0.99231128483426,1634.139279560917,1.0203215465517732
1634.1670572942865,0.9872395830602722,1634.1670572942865,1.000211347630779,1634.16566840785,0.9983715534491991,1634.1406684473525,0.9943287926785224
1634.1684461811872,0.9843163075075191,1634.1684461811872,1.000180437669727,1634.1670572942865,0.9874482338071632,1634.1420573342536,1.0096893559422035
1634.1698350676222,0.9906552285553297,1634.1698350676222,1.0002199358297377,1634.1684461811872,0.98449391524832,1634.1434462206896,1.0103352957937233
1634.1712239545234,0.9854533817158657,1634.1712239545234,1.0002951412686503,1634.1698350676222,0.990873109135006,1634.1448351075908,1.003512308699698
1634.1726128409591,0.9941991560891316,1634.1726128409591,1.0003144165222957,1634.1712239545234,0.985744229677141,1634.1462239944924,0.995271971571762
1634.1740017278603,0.9934429659016718,1634.1740017278603,1.0003177864102852,1634.1726128409591,0.9945117487302584,1634.1476128809277,0.9986711160155648
1634.175390614296,0.9799364368726896,1634.175390614296,1.0003745597075833,1634.1740017278603,0.9937586685756288,1634.1490017678282,1.003660928220558
1634.1767795011976,0.991397859105304,1634.1767795011976,1.0004684124267385,1634.175390614296,0.9803034815779348,1634.1503906542646,0.9894160870691808
1634.1781683876331,0.988885178569284,1634.1781683876331,1.0004594246661807,1634.1767795011976,0.9918622421823508,1634.151779541167,0.9947294715952124
1634.179557274534,0.984039539843464,1634.179557274534,1.0005390528544935,1634.1781683876331,0.9893394968123392,1634.1531684276017,0.9927661793260176
1634.1823350474062,0.9708082846884198,1634.1823350474062,1.0006719951167198,1634.179557274534,0.9845699891663512,1634.1545573145024,0.9893252114385912
1634.183723934307,0.996291777883577,1634.183723934307,1.000786509591426,1634.1823350474062,0.9714606631150016,1634.155946200938,0.98889045416043
1634.185112820742,1.0001651866693146,1634.185112820742,1.0008509136059796,1634.183723934307,0.9970753709227412,1634.157335087839,0.995795022786462
1634.1865017076432,0.9802040776128352,1634.1865017076432,1.0009084179943888,1634.185112820742,1.0010162408348786,1634.158723974275,0.9945778400979598
1634.1878905940791,0.9967626201219737,1634.1878905940791,1.0010325998743994,1634.1865017076432,0.981094512635112,1634.1601128611762,1.0151260593873968
1634.1892794805146,0.9891109697397565,1634.1892794805146,1.001108911812632,1634.1878905940791,0.9977918770783176,1634.1615017476122,0.9926463887220588
1634.1906683674158,0.9921356115906066,1634.1906683674158,1.001108811954675,1634.1892794805146,0.9902078065781048,1634.162890634513,0.9683523034777914
1634.1920572538518,0.9854218290969508,1634.1920572538518,1.001078728434382,1634.1906683674158,0.993235703417397,1634.164279520948,0.99231128483426
1634.193446140753,0.9923177461023651,1634.193446140753,1.0012009287806956,1634.1920572538518,0.9864848316438584,1634.16566840785,0.9983715534491991
1634.194835027188,0.9948034104939266,1634.194835027188,1.0012722273309953,1634.193446140753,0.9935094490432544,1634.1670572942865,0.9874482338071632
1634.196223913624,0.9923177515938724,1634.196223913624,1.0013251968600092,1634.194835027188,0.9960690265817244,1634.1684461811872,0.98449391524832
1634.197612800526,0.9999915455240785,1634.197612800526,1.0014715129354026,1634.196223913624,0.993632767962416,1634.1698350676222,0.990873109135006
1634.199001686961,0.9870571875675548,1634.199001686961,1.0015566046758482,1634.197612800526,1.0014630460186105,1634.1712239545234,0.985744229677141
1634.2003905738618,1.0037395620663407,1634.2003905738618,1.0016598678150577,1634.199001686961,0.988593645401052,1634.1726128409591,0.9945117487302584
1634.2017794602973,0.9829860158371315,1634.2017794602973,1.001742445807734,1634.2003905738618,1.0054056370601148,1634.1740017278603,0.9937586685756288
1634.2031683467333,0.9945446882677796,1634.2031683467333,1.0018382318314047,1634.2017794602973,0.984698815699488,1634.175390614296,0.9803034815779348
1634.2045572336344,0.9929882942059333,1634.2045572336344,1.0018488894296715,1634.2031683467333,0.996372891971508,1634.1767795011976,0.9918622421823508
1634.2059461200702,0.9974982806395023,1634.2059461200702,1.0018788960638665,1634.2045572336344,0.9948242197668782,1634.1781683876331,0.9893394968123392
1634.207335006506,0.994436452910349,1634.207335006506,1.0018548502999371,1634.2059461200702,0.9993724762327094,1634.179557274534,0.9845699891663512
1634.208723893407,0.9829538527904952,1634.208723893407,1.0019434925004465,1634.207335006506,0.9962809836632982,1634.1809461609698,1.0521497895446037
1634.210112779842,0.999323459395969,1634.210112779842,1.0020402808875226,1634.208723893407,0.9848642162316784,1634.1823350474062,0.9714606631150016
1634.211501666278,0.9960411564755749,1634.211501666278,1.0019813647121902,1634.210112779842,1.0013623599506276,1634.183723934307,0.9970753709227412
1634.2128905531802,1.0015905798225646,1634.2128905531802,1.0019466869248754,1634.211501666278,0.9980146772749048,1634.185112820742,1.0010162408348786
1634.2142794396157,0.9897114458199708,1634.2142794396157,1.001985688480105,1634.2128905531802,1.0035403631083837,1634.1865017076432,0.981094512635112
1634.2156683260507,0.9963528270220133,1634.2156683260507,1.0020751750234853,1634.2142794396157,0.9916767044365636,1634.1878905940791,0.9977918770783176
1634.2170572129514,0.9978183743972705,1634.2170572129514,1.002113173815189,1634.2156683260507,0.9984204335232284,1634.1892794805146,0.9902078065781048
1634.2184460993874,1.0009330088612127,1634.2184460993874,1.0022193203410266,1634.2170572129514,0.9999269380583612,1634.1906683674158,0.993235703417397
1634.219834985823,0.9875456627661313,1634.219834985823,1.0023455815861817,1634.2184460993874,1.0031543998477834,1634.1920572538518,0.9864848316438584
1634.2212238722589,0.9951291471231708,1634.2212238722589,1.0023581306543372,1634.219834985823,0.9898620316882292,1634.193446140753,0.9935094490432544
1634.22261275916,1.0030868581338,1634.22261275916,1.002473875206184,1634.2212238722589,0.9974757916700264,1634.194835027188,0.9960690265817244
1634.2240016455955,0.9866664159218294,1634.2240016455955,1.0024982205269863,1634.22261275916,1.005568369841786,1634.196223913624,0.993632767962416
1634.2253905320306,0.9766915860490089,1634.2253905320306,1.0025554794193665,1634.2240016455955,0.9891313262153734,1634.197612800526,1.0014630460186105
1634.2267794189313,0.9888865237122144,1634.2267794189313,1.0026142475953743,1634.2253905320306,0.9791875012962256,1634.199001686961,0.988593645401052
1634.2281683053675,1.0004502537751054,1634.2281683053675,1.0027225411130503,1634.2267794189313,0.9914717179289272,1634.2003905738618,1.0054056370601148
1634.229557191804,0.9925937928620733,1634.229557191804,1.002836879576838,1634.2281683053675,1.0031740207225697,1634.2017794602973,0.984698815699488
1634.2309460782392,0.9997790875661497,1634.2309460782392,1.0029381921102498,1634.229557191804,0.99540966192114,1634.2031683467333,0.996372891971508
1634.23233496514,0.9802016078467201,1634.23233496514,1.0030412773957058,1634.2309460782392,1.0027166305932294,1634.2045572336344,0.9948242197668782
1634.233723851576,1.0056590950737485,1634.233723851576,1.0031059928091948,1634.23233496514,0.9831826728398988,1634.2059461200702,0.9993724762327094
1634.2351127380114,1.000505049595976,1634.2351127380114,1.0032258483928311,1634.233723851576,1.0087826649915488,1634.207335006506,0.9962809836632982
1634.236501624447,1.0034411158890182,1634.236501624447,1.0032201055724568,1634.2351127380114,1.0037325272022346,1634.208723893407,0.9848642162316784
1634.2378905113485,1.001356027288479,1634.2378905113485,1.003352309378331,1634.236501624447,1.0066723022179247,1634.210112779842,1.0013623599506276
1634.2392793977842,0.9842967976020888,1634.2392793977842,1.003380681318802,1634.2378905113485,1.0047128824898064,1634.211501666278,0.9980146772749048
1634.240668284219,1.0103396929303405,1634.240668284219,1.0034646017322955,1634.2392793977842,0.9876243913978988,1634.2128905531802,1.0035403631083837
1634.242057170654,1.0122189287750567,1634.242057170654,1.0035496280133067,1634.240668284219,1.013840117580674,1634.2142794396157,0.9916767044365636
1634.2434460570903,0.9955349906273498,1634.2434460570903,1.0035752284717834,1634.242057170654,1.015811929440236,1634.2156683260507,0.9984204335232284
1634.2448349439926,1.0206670008701073,1634.2448349439926,1.0034971509192667,1634.2434460570903,0.9990942556704974,1634.2170572129514,0.9999269380583612
1634.2462238304277,1.0080691464227238,1634.2462238304277,1.0035838424385246,1634.2448349439926,1.0242364274104654,1634.2184460993874,1.0031543998477834
1634.2476127168627,0.984932276998999,1634.2476127168627,1.003626512967816,1634.2462238304277,1.011681907410641,1634.219834985823,0.9898620316882292
1634.249001603299,0.9952071089144369,1634.249001603299,1.0037148529028124,1634.2476127168627,0.9885041466739564,1634.2212238722589,0.9974757916700264
1634.250390489735,1.0039946795322316,1634.250390489735,1.0036923663962307,1634.249001603299,0.9989041569318872,1634.22261275916,1.005568369841786
1634.2517793766365,0.9874291446368063,1634.2517793766365,1.003773842252481,1634.250390489735,1.007701795748931,1634.2240016455955,0.9891313262153734
1634.2531682630713,0.989989491896637,1634.2531682630713,1.0038830026928565,1634.2517793766365,0.9911555464641678,1634.2253905320306,0.9791875012962256
1634.2545571495073,1.004410036628246,1634.2545571495073,1.0039551953420294,1634.2531682630713,0.9938336237595712,1634.2267794189313,0.9914717179289272
1634.255946035942,1.0026740393851943,1634.255946035942,1.0040187550215387,1634.2545571495073,1.0083826745266056,1634.2281683053675,1.0031740207225697
1634.257334922377,0.9908322630761635,1634.257334922377,1.0041212169493807,1634.255946035942,1.00670354071594,1634.229557191804,0.99540966192114
1634.258723808813,0.9988723640564438,1634.258723808813,1.004218205386066,1634.257334922377,0.9949156977927462,1634.2309460782392,1.0027166305932294
1634.2601126957154,1.0038424727601614,1634.2601126957154,1.0042587835839785,1634.258723808813,1.003085812842499,1634.23233496514,0.9831826728398988
1634.2615015821505,0.9820646941775124,1634.2615015821505,1.0043807236669127,1634.2601126957154,1.0081176206040527,1634.233723851576,1.0087826649915488
1634.2628904685855,0.998711430165093,1634.2628904685855,1.004431296310837,1634.2615015821505,0.9863668482257352,1634.2351127380114,1.0037325272022346
1634.2642793550217,0.9927365903960056,1634.2642793550217,1.0044813102854675,1634.2628904685855,1.0031370164411744,1634.236501624447,1.0066723022179247
1634.265668241458,1.014235934638446,1634.265668241458,1.0045352829947887,1634.2642793550217,0.9971853510893072,1634.2378905113485,1.0047128824898064
1634.2670571278934,0.9890054825950427,1634.2670571278934,1.004636350301365,1634.265668241458,1.0188357816255154,1634.2392793977842,0.9876243913978988
1634.2684460143284,1.0017765195342858,1634.2684460143284,1.004733418651043,1634.2670571278934,0.993590858462324,1634.240668284219,1.013840117580674
1634.2698349007644,0.9989400773412075,1634.2698349007644,1.0048163150926281,1634.2684460143284,1.0065183471960264,1634.242057170654,1.015811929440236
1634.271223787665,1.0007756274984931,1634.271223787665,1.004899266729734,1634.2698349007644,1.003751287512337,1634.2434460570903,0.9990942556704974
1634.2726126740995,0.9807993309493801,1634.2726126740995,1.0049172858335418,1634.271223787665,1.0056786942342253,1634.2448349439926,1.0242364274104654
1634.274001560536,1.001303802062907,1634.274001560536,1.0049518987310269,1634.2726126740995,0.9856222016050048,1634.2462238304277,1.011681907410641
1634.2753904469726,1.00592575301437,1634.2753904469726,1.0050288668970284,1634.274001560536,1.0062621570897148,1634.2476127168627,0.9885041466739564
1634.2767793334076,0.9967393499366243,1634.2767793334076,1.005128015078175,1634.2753904469726,1.0109844197345723,1634.249001603299,0.9989041569318872
1634.2781682198429,1.0109640148200552,1634.2781682198429,1.0051027182489298,1634.2767793334076,1.0018506443521096,1634.250390489735,1.007701795748931
1634.2795571062786,1.0144203950578055,1634.2795571062786,1.005160401234981,1634.2781682198429,1.016122679347489,1634.2517793766365,0.9911555464641678
1634.280945992715,0.9809083395049341,1634.280945992715,1.0052648830721007,1634.2795571062786,1.0196552113172517,1634.2531682630713,0.9938336237595712
1634.2823348791503,0.9951820659417986,1634.2823348791503,1.005261864034251,1634.280945992715,0.986072707216876,1634.2545571495073,1.0083826745266056
1634.2837237655856,1.000459878652686,1634.2837237655856,1.0052500492750813,1634.2823348791503,1.0004185786621094,1634.255946035942,1.00670354071594
1634.2851126520216,0.995296027170848,1634.2851126520216,1.005284756967952,1634.2837237655856,1.0057123423133545,1634.257334922377,0.9949156977927462
1634.286501538457,1.0149359116284742,1634.286501538457,1.0052931520627888,1634.2851126520216,1.000555924785614,1634.258723808813,1.003085812842499
1634.2878904253578,0.9947469625762669,1634.2878904253578,1.0052481629314456,1634.286501538457,1.0203081217427088,1634.2601126957154,1.0081176206040527
1634.2892793117933,1.0083349668673403,1634.2892793117933,1.0052461112659101,1634.2878904253578,0.9999675567114278,1634.2615015821505,0.9863668482257352
1634.2906681982297,1.0119947547679924,1634.2906681982297,1.0052492699908335,1634.2892793117933,1.013624804296834,1634.2628904685855,1.0031370164411744
1634.2920570846647,1.0070337442447166,1634.2920570846647,1.005126720803777,1634.2906681982297,1.017306988465077,1634.2642793550217,0.9971853510893072
1634.2934459710998,1.014265698854207,1634.2934459710998,1.0051880516509097,1634.2920570846647,1.0121965250914415,1634.265668241458,1.0188357816255154
1634.2948348575358,0.9983373725279064,1634.2948348575358,1.0052384637558898,1634.2934459710998,1.0195277616876086,1634.2670571278934,0.993590858462324
1634.2962237439722,1.0162216206047066,1634.2962237439722,1.0051514459627784,1634.2948348575358,1.003567126670044,1634.2684460143284,1.0065183471960264
1634.2976126304077,1.0181693851955482,1634.2976126304077,1.0050525431582873,1634.2962237439722,1.0214566313694589,1634.2698349007644,1.003751287512337
1634.2990015168427,0.9916157696537731,1634.2990015168427,1.00496466407594,1634.2976126304077,1.0233137299566957,1634.271223787665,1.0056786942342253
1634.3003904032787,0.9882020533144754,1634.3003904032787,1.004998476080845,1634.2990015168427,0.9965388088425088,1634.2726126740995,0.9856222016050048
1634.3017792897142,1.0031203844085952,1634.3017792897142,1.0050050259499133,1634.3003904032787,0.9931415576410098,1634.274001560536,1.0062621570897148
1634.3031681761493,1.0040689563314433,1634.3031681761493,1.004947187183752,1634.3017792897142,1.008141027963447,1634.2753904469726,1.0109844197345723
1634.3045570625852,1.002351804026501,1634.3045570625852,1.004987066671569,1634.3031681761493,1.0090362734038096,1634.2767793334076,1.0018506443521096
1634.3059459490214,1.0071736695859543,1634.3059459490214,1.0050386022879203,1634.3045570625852,1.0073505993015486,1634.2781682198429,1.016122679347489
1634.3073348354562,1.0044351470680208,1634.3073348354562,1.0050004531725951,1634.3059459490214,1.0122484171418633,1634.2795571062786,1.0196552113172517
1634.3087237218913,0.9984217796362357,1634.3087237218913,1.0049028325740221,1634.3073348354562,1.0094577779858431,1634.280945992715,0.986072707216876
1634.3101126083272,0.9981752543315341,1634.3101126083272,1.0048301317152002,1634.3087237218913,1.0033168744600494,1634.2823348791503,1.0004185786621094
1634.3115014947637,1.0116345298356066,1634.3115014947637,1.0048654391286542,1634.3101126083272,1.0029965722848089,1634.2837237655856,1.0057123423133545
1634.3128903811992,1.00779926784642,1634.3128903811992,1.0048046106843558,1634.3115014947637,1.0165565760609665,1634.2851126520216,1.000555924785614
1634.3142792676342,1.0088851338223277,1634.3142792676342,1.004757040664181,1634.3128903811992,1.012641350976401,1634.286501538457,1.0203081217427088
1634.3156681536043,0.9987065324551613,1634.3156681536043,1.004741342713399,1634.3142792676342,1.0136844414294082,1634.2878904253578,0.9999675567114278
1634.31705704004,0.9967960933594162,1634.31705704004,1.0046468156400579,1634.3156681536043,1.0034417423956417,1634.2892793117933,1.013624804296834
1634.318445926475,1.0030607693559208,1634.318445926475,1.004641706967591,1634.31705704004,1.0014280210359874,1634.2906681982297,1.017306988465077
1634.319834812911,0.9945095961255809,1634.319834812911,1.0046372275847482,1634.318445926475,1.0077166835179574,1634.2920570846647,1.0121965250914415
1634.3212236993472,1.0150465230524506,1634.3212236993472,1.0046611841179338,1634.319834812911,0.9991213634580312,1634.2934459710998,1.0195277616876086
1634.322612585783,1.0227512775655534,1634.322612585783,1.0047021862473569,1634.3212236993472,1.0197778417846666,1634.2948348575358,1.003567126670044
1634.324001472218,0.982097556319976,1634.324001472218,1.0047433569360915,1634.322612585783,1.0275604445573887,1634.2962237439722,1.0214566313694589
1634.325390358653,1.0156396485345922,1634.325390358653,1.0047032609535043,1634.324001472218,0.9867559955756648,1634.2976126304077,1.0233137299566957
1634.3267792450897,1.0111207619987086,1634.3267792450897,1.0047194050287502,1634.325390358653,1.0204164668363758,1634.2990015168427,0.9965388088425088
1634.328168131525,1.0080007052878794,1634.328168131525,1.0047370798557822,1634.3267792450897,1.0158926504075592,1634.3003904032787,0.9931415576410098
1634.32955701796,1.0099947736755757,1634.32955701796,1.004744970433831,1634.328168131525,1.012775685123513,1634.3017792897142,1.008141027963447
1634.330945904396,1.0123182130546315,1634.330945904396,1.0046758477796567,1634.32955701796,1.01478716901499,1634.3031681761493,1.0090362734038096
1634.3323347903658,1.0063019397413455,1634.3323347903658,1.0047178928632463,1634.330945904396,1.017051658923449,1634.3045570625852,1.0073505993015486
1634.333723676801,1.0091910148065586,1634.333723676801,1.0046963835912388,1634.3323347903658,1.0110495644811222,1634.3059459490214,1.0122484171418633
1634.3351125632369,1.0172744960424422,1634.3351125632369,1.0047049756516389,1634.333723676801,1.0139305629289217,1634.3073348354562,1.0094577779858431
1634.3365014496733,1.0260411594495271,1634.3365014496733,1.0047228943051716,1634.3351125632369,1.0220607477773551,1634.3087237218913,1.0033168744600494
1634.3378903361088,0.9973385535901932,1634.3378903361088,1.0048176768560537,1634.3365014496733,1.030887043398363,1634.3101126083272,1.0029965722848089
1634.3392792225438,1.009849734951954,1634.3392792225438,1.0047549738369017,1634.3378903361088,1.0021434084574747,1634.3115014947637,1.0165565760609665
1634.340668108979,0.9934470081895279,1634.340668108979,1.0047798823115148,1634.3392792225438,1.0146515440208526,1634.3128903811992,1.012641350976401
1634.3420569954153,1.0050227269592011,1634.3420569954153,1.0047530799526243,1634.340668108979,0.9981955679714004,1634.3142792676342,1.0136844414294082
1634.3434458813852,1.0135644292477317,1634.3434458813852,1.004762867534291,1634.3420569954153,1.0097996803346427,1634.3156681536043,1.0034417423956417
1634.3448347678202,1.027846790178208,1634.3448347678202,1.0047857697123965,1634.3434458813852,1.0183919023617078,1634.31705704004,1.0014280210359874
1634.3462236542562,0.9938004871284636,1634.3462236542562,1.0047784832528022,1634.3448347678202,1.032765828215627,1634.318445926475,1.0077166835179574
1634.3476125406917,1.0078942669483244,1634.3476125406917,1.0047742811552947,1634.3462236542562,0.9985493461128336,1634.319834812911,0.9991213634580312
1634.3490014271267,1.0003985904438122,1634.3490014271267,1.00488634104112,1634.3476125406917,1.0127062375535454,1634.3212236993472,1.0197778417846666
1634.350390313563,1.0232218563969113,1634.350390313563,1.004914550005777,1634.3490014271267,1.0052868791337763,1634.322612585783,1.0275604445573887
1634.3517791995334,1.0017249072016003,1634.3517791995334,1.0049631020499337,1634.350390313563,1.028250531377178,1634.324001472218,0.9867559955756648
1634.353168085969,1.0183286637782953,1634.353168085969,1.0048838480891331,1634.3517791995334,1.0066965701420023,1634.325390358653,1.0204164668363758
1634.354556972404,1.0195375601747478,1634.354556972404,1.004897495249373,1634.353168085969,1.0233020262769985,1634.3267792450897,1.0158926504075592
1634.355945858839,0.9966595277177354,1634.355945858839,1.0049107119722256,1634.354556972404,1.024530740532261,1634.328168131525,1.012775685123513
1634.3573347452757,1.0226269633484482,1634.3573347452757,1.004952990416447,1634.355945858839,1.0015538355927316,1634.32955701796,1.01478716901499
1634.3587236312462,1.0071293293351655,1634.3587236312462,1.0049366501843549,1634.3573347452757,1.0276920248975132,1634.330945904396,1.017051658923449
1634.3601125176813,1.0166811968676088,1634.3601125176813,1.004975731243266,1634.3587236312462,1.0121011745244972,1634.3323347903658,1.0110495644811222
1634.3712236082335,1.0011868018549708,1634.3712236082335,1.005367085174507,1634.3601125176813,1.021739929263304,1634.333723676801,1.0139305629289217
1634.372612494669,1.0187398017232319,1634.372612494669,1.0054007521635702,1634.3712236082335,1.0065602566961185,1634.3351125632369,1.0220607477773551
1634.3740013811057,0.9961055380639733,1634.3740013811057,1.0054484324066284,1634.372612494669,1.0242417629115037,1634.3365014496733,1.030887043398363
1634.3753902675414,1.0020898952064028,1634.3753902675414,1.0054491390850278,1634.3740013811057,1.001532751757983,1634.3378903361088,1.0021434084574747
1634.3767791535108,1.002327983194212,1634.3767791535108,1.0054513950340056,1634.3753902675414,1.0075504224210834,1634.3392792225438,1.0146515440208526
1634.3781680399463,0.999735656936108,1634.3781680399463,1.005436052665856,1634.3767791535108,1.007792068984242,1634.340668108979,0.9981955679714004
1634.3809458123517,1.0255172499052703,1634.3809458123517,1.0054828912049936,1634.3781680399463,1.0051702726191467,1634.3420569954153,1.0097996803346427
1634.382334698788,0.9966091116869832,1634.382334698788,1.0054375051319597,1634.3809458123517,1.031140049415345,1634.3434458813852,1.0183919023617078
1634.3837235852236,1.0023620404039393,1634.3837235852236,1.0055479880097773,1634.382334698788,1.002028178846339,1634.3448347678202,1.032765828215627
1634.385112471193,0.9999102227094774,1634.385112471193,1.0056238852162676,1634.3837235852236,1.0079231329855562,1634.3462236542562,0.9985493461128336
1634.386501357628,1.0299459579366892,1634.386501357628,1.0056231807113378,1634.385112471193,1.005533603028568,1634.3476125406917,1.0127062375535454
1634.3878902440636,1.0003827134790257,1634.3878902440636,1.0055441971826702,1634.386501357628,1.0357375301810792,1634.3490014271267,1.0052868791337763
1634.3892791305,0.9870631018614355,1634.3892791305,1.0055576840747311,1634.3878902440636,1.0059290325006882,1634.350390313563,1.028250531377178
1634.3906680164705,0.9946827735663982,1634.3906680164705,1.005441597261816,1634.3892791305,0.9925488867434056,1634.3517791995334,1.0066965701420023
1634.392056902905,1.0180228833773626,1634.392056902905,1.0055461304189912,1634.3906680164705,1.0000954366234127,1634.353168085969,1.0233020262769985
1634.3934457893408,1.0312621686395447,1634.3934457893408,1.005490604159991,1634.392056902905,1.0236689710580908,1634.354556972404,1.024530740532261
1634.3948346753111,1.0226869032606798,1634.3948346753111,1.0054984366913036,1634.3934457893408,1.0369244209927182,1634.355945858839,1.0015538355927316
1634.3976124481826,1.0041482061687874,1634.3976124481826,1.0055572528360248,1634.3948346753111,1.028310082453284,1634.3573347452757,1.0276920248975132
1634.3990013341524,0.9967484740947008,1634.3990013341524,1.005603424895527,1634.3976124481826,1.009728511635308,1634.3587236312462,1.0121011745244972
1634.4003902205875,0.994663033153936,1634.4003902205875,1.0056212642107976,1634.3990013341524,1.0023336793090216,1634.3601125176813,1.021739929263304
1634.401779106557,0.9892992531043189,1634.401779106557,1.005625176510429,1634.4003902205875,1.0002542968640076,1634.3712236082335,1.0065602566961185
1634.4031679929926,1.0141363687477256,1634.4031679929926,1.0056180765954381,1634.401779106557,0.9948642360246662,1634.372612494669,1.0242417629115037
1634.4045568794288,0.9925154607186991,1634.4045568794288,1.0056127382412565,1634.4031679929926,1.0198338645455698,1634.3740013811057,1.001532751757983
1634.405945765399,0.9931066869159105,1634.405945765399,1.0056196035719411,1634.4045568794288,0.9980861902001132,1634.3753902675414,1.0075504224210834
1634.4073346518342,1.0157117253266714,1634.4073346518342,1.0056295208823658,1634.405945765399,0.9986875528010218,1634.3767791535108,1.007792068984242
1634.4087235382697,0.9866517944980226,1634.4087235382697,1.0056855556056736,1634.4073346518342,1.0214296956948616,1634.3781680399463,1.0051702726191467
1634.41011242424,1.0061025409873896,1634.41011242424,1.0057251470622042,1634.4087235382697,0.9922614581390788,1634.3809458123517,1.031140049415345
1634.4115013106757,1.0069185544867745,1634.4115013106757,1.0056976622764675,1634.41011242424,1.0118626259941996,1634.382334698788,1.002028178846339
1634.4128901966458,0.9879719197364781,1634.4128901966458,1.0057666984807045,1634.4115013106757,1.0126556363501489,1634.3837235852236,1.0079231329855562
1634.4142790830813,1.002407728156969,1634.4142790830813,1.0057336080976316,1634.4128901966458,0.9936692559050012,1634.385112471193,1.005533603028568
1634.4156679695163,1.0183657612554158,1634.4156679695163,1.0057804247016706,1634.4142790830813,1.0081551412242582,1634.386501357628,1.0357375301810792
1634.4170568554855,1.0224736650999848,1634.4170568554855,1.005770837551744,1634.4156679695163,1.0242523478571122,1634.3878902440636,1.0059290325006882
1634.4198346278924,1.014323699321368,1634.4198346278924,1.0058383190980085,1634.4170568554855,1.0283741945222131,1634.3892791305,0.9925488867434056
1634.421223514328,1.0122564439204789,1634.421223514328,1.0058588355570846,1634.4184457419217,1.0415672535172784,1634.3906680164705,1.0000954366234127
1634.422612400297,1.0015847901029087,1634.422612400297,1.0058623680318877,1634.4198346278924,1.0202456447466786,1634.392056902905,1.0236689710580908
1634.4240012867328,1.0127253432804617,1634.4240012867328,1.0058497717933372,1634.421223514328,1.018187087967008,1634.3934457893408,1.0369244209927182
1634.4253901727031,1.0282616560076254,1634.4253901727031,1.0058393645098629,1634.422612400297,1.007456448757633,1634.3948346753111,1.028310082453284
1634.4267790591389,1.0072873667258775,1634.4267790591389,1.0059049147161319,1634.4240012867328,1.0186495554279815,1634.3976124481826,1.009728511635308
1634.4281679455746,0.9818558420714298,1634.4281679455746,1.0060086349492372,1634.4253901727031,1.0342660506285692,1634.3990013341524,1.0023336793090216
1634.4295568315445,1.008652869765708,1634.4295568315445,1.0060664033433688,1634.4267790591389,1.0132353127210307,1634.4003902205875,1.0002542968640076
1634.4309457179804,1.0028147761724862,1634.4309457179804,1.0061214803118377,1634.4281679455746,0.987755455399213,1634.401779106557,0.9948642360246662
1634.4323346039498,1.0181905829034248,1634.4323346039498,1.0061121946183431,1634.4295568315445,1.0147717649071533,1634.4031679929926,1.0198338645455698
1634.4337234903849,1.0122288875798482,1634.4337234903849,1.0060737655601435,1634.4309457179804,1.008953487081246,1634.4045568794288,0.9980861902001132
1634.4351123763556,1.0275783636128106,1634.4351123763556,1.0060627518845777,1634.4323346039498,1.0244139619046948,1634.405945765399,0.9986875528010218
1634.4365012627911,1.017369345361961,1634.4365012627911,1.0060386321747652,1634.4337234903849,1.018376928536213,1634.4073346518342,1.0214296956948616
1634.4378901487603,1.0148585846529787,1634.4378901487603,1.0060472743343207,1634.4351123763556,1.0338083162733556,1634.4087235382697,0.9922614581390788
1634.439279035196,0.9984072609975622,1634.439279035196,1.006047359571687,1634.4365012627911,1.0235128646244835,1634.41011242424,1.0118626259941996
1634.4406679211663,1.0024113206350989,1634.4406679211663,1.006079926102928,1634.4378901487603,1.0209957129249156,1634.4115013106757,1.0126556363501489
1634.4420568076018,0.9945817168720787,1634.4420568076018,1.0060810794299324,1634.439279035196,1.0044449887037976,1634.4128901966458,0.9936692559050012
1634.443445693572,1.0050490515760397,1634.443445693572,1.0060972631948504,1634.4406679211663,1.0085059073892988,1634.4142790830813,1.0081551412242582
1634.4448345800076,1.0051274062557347,1634.4448345800076,1.0060916933793331,1634.4420568076018,1.0006298472919364,1634.4156679695163,1.0242523478571122
1634.446223465978,1.0105812688117028,1634.446223465978,1.0060830537589667,1634.443445693572,1.0111771001672336,1634.4170568554855,1.0283741945222131
1634.447612352413,1.0108151801884782,1634.447612352413,1.0060762727480657,1634.4448345800076,1.011250334221809,1634.4184457419217,1.0415672535172784
1634.4490012383824,1.013734294943991,1634.4490012383824,1.006083315707671,1634.446223465978,1.0167286889976892,1634.4198346278924,1.0202456447466786
1634.4503901243531,1.0080651293448393,1634.4503901243531,1.0060828057946158,1634.447612352413,1.0169571689211885,1634.421223514328,1.018187087967008
1634.4517790107886,1.0004923333622877,1634.4517790107886,1.0060646793204646,1634.4490012383824,1.0199011607038284,1634.422612400297,1.007456448757633
1634.453167896758,1.0082547053613795,1634.453167896758,1.0061194793102017,1634.4503901243531,1.0141969937549682,1634.4240012867328,1.0186495554279815
1634.4545567831935,0.9941323092643946,1634.4545567831935,1.0061124155484038,1634.4517790107886,1.0065599985267133,1634.4253901727031,1.0342660506285692
1634.4559456691638,1.005203688428475,1634.4559456691638,1.006101468459685,1634.453167896758,1.014424699170252,1634.4267790591389,1.0132353127210307
1634.4573345555991,0.9841023131817316,1634.4573345555991,1.0060757529178928,1634.4545567831935,1.0002088590487128,1634.4281679455746,0.987755455399213
1634.4587234415696,1.002800488918832,1634.4587234415696,1.0060586661698856,1634.4559456691638,1.0113369070289804,1634.4295568315445,1.0147717649071533
1634.4601123280052,1.0050545851575676,1634.4601123280052,1.0060579025204972,1634.4573345555991,0.9900814756825504,1634.4309457179804,1.008953487081246
1634.4615012139757,0.9881858004824995,1634.4615012139757,1.006020579526414,1634.4587234415696,1.0088761223161893,1634.4323346039498,1.0244139619046948
1634.4628900999448,1.0004634874911607,1634.4628900999448,1.0060040573900237,1634.4601123280052,1.0111431078622308,1634.4337234903849,1.018376928536213
1634.46427898638,0.9999244299120714,1634.46427898638,1.0059626273459876,1634.4615012139757,0.9941352516811776,1634.4351123763556,1.0338083162733556
1634.4656678723509,1.0179857343137846,1634.4656678723509,1.0059827654659907,1634.4628900999448,1.0064703276866809,1634.4365012627911,1.0235128646244835
1634.467056758787,1.000984192043177,1634.467056758787,1.005955392155753,1634.46427898638,1.0058866066617862,1634.4378901487603,1.0209957129249156
1634.4684456447562,1.0144198077358075,1634.4684456447562,1.0059948934544263,1634.4656678723509,1.0240761042099082,1634.439279035196,1.0044449887037976
1634.4698345307254,1.0135981107726137,1634.4698345307254,1.0059605580516797,1634.467056758787,1.0069454454485036,1634.4406679211663,1.0085059073892988
1634.4712234171614,0.9901623250092183,1634.4712234171614,1.0059647787317827,1634.4684456447562,1.0205011464012432,1634.4420568076018,1.0006298472919364
1634.4726123031312,1.0129150882150766,1634.4726123031312,1.0059384873250328,1634.4698345307254,1.0196397211529469,1634.443445693572,1.0111771001672336
1634.4740011891015,0.999317058865291,1634.4740011891015,1.0059726083613914,1634.4712234171614,0.9960684241864458,1634.4448345800076,1.011250334221809
1634.475390075537,0.9963120846621718,1634.475390075537,1.0059840260958963,1634.4726123031312,1.0189302716277762,1634.446223465978,1.0167286889976892
1634.4767789615073,1.0117480626513582,1634.4767789615073,1.0060128012229042,1634.4740011891015,1.0052855882867509,1634.447612352413,1.0169571689211885
1634.4781678479424,1.0075478977884398,1634.4781678479424,1.0060497457862512,1634.475390075537,1.002274042176447,1634.4490012383824,1.0199011607038284
1634.4795567339115,1.0170442366944632,1634.4795567339115,1.0060730419125883,1634.4767789615073,1.017831502639739,1634.4503901243531,1.0141969937549682
1634.4809456198825,1.0170367183234013,1634.4809456198825,1.00614580194444,1634.4781678479424,1.0136433064375316,1634.4517790107886,1.0065599985267133
1634.482334506319,1.0140499743043856,1634.482334506319,1.0060903936369359,1634.4795567339115,1.023220788970865,1634.453167896758,1.014424699170252
1634.4837233922883,1.0009170735868214,1634.4837233922883,1.0061715897499988,1634.4809456198825,1.0232872245644402,1634.4545567831935,1.0002088590487128
1634.4851122782577,1.009508385033624,1634.4851122782577,1.0060909002517042,1634.482334506319,1.020225937815424,1634.4559456691638,1.0113369070289804
1634.4865011646932,0.9969082832375481,1634.4865011646932,1.006086884700656,1634.4837233922883,1.0070943231387686,1634.4573345555991,0.9900814756825504
1634.487890050663,1.020289143374303,1634.487890050663,1.0060813322914477,1634.4851122782577,1.0156571999101227,1634.4587234415696,1.0088761223161893
1634.4892789366334,0.9947213704047636,1634.4892789366334,1.0060923537195423,1634.4865011646932,1.002976349014744,1634.4601123280052,1.0111431078622308
1634.4906678230689,1.0012978405595918,1634.4906678230689,1.0060989727663279,1634.487890050663,1.0264938606885188,1634.4615012139757,0.9941352516811776
1634.4920567090392,1.0074675747826491,1634.4920567090392,1.0060014861796134,1634.4892789366334,1.0007815648456573,1634.4628900999448,1.0064703276866809
1634.4934455950086,0.9895415069067038,1634.4934455950086,1.0058984331255896,1634.4906678230689,1.0074047288201478,1634.46427898638,1.0058866066617862
1634.494834480978,0.9955366082086834,1634.494834480978,1.0058672576630032,1634.4920567090392,1.013513877509116,1634.4656678723509,1.0240761042099082
1634.4962233674144,1.0185958447599572,1634.4962233674144,1.005790639932014,1634.4934455950086,0.9953782513101882,1634.467056758787,1.0069454454485036
1634.4976122533851,1.0023218834879692,1634.4976122533851,1.0057089892841509,1634.494834480978,1.001377678001996,1634.4684456447562,1.0205011464012432
1634.4990011393545,1.0203995940524244,1634.4990011393545,1.0057075319344673,1634.4962233674144,1.0244941665332077,1634.4698345307254,1.0196397211529469
1634.5003900257896,0.9840713883811385,1634.5003900257896,1.0056852508818852,1634.4976122533851,1.008044128380072,1634.4712234171614,0.9960684241864458
1634.5017789117594,1.0052163515751276,1634.5017789117594,1.005614087283744,1634.4990011393545,1.026223557321396,1634.4726123031312,1.0189302716277762
1634.5031677977292,1.0100295094831977,1634.5031677977292,1.0056257407511835,1634.5003900257896,0.9896660811097704,1634.4740011891015,1.0052855882867509
1634.5045566836995,1.0080166096428593,1634.5045566836995,1.0056162680662168,1634.5017789117594,1.010859723911917,1634.475390075537,1.002274042176447
1634.505945570135,0.9984281988952536,1634.505945570135,1.0055496204380416,1634.5031677977292,1.0157116736545952,1634.4767789615073,1.017831502639739
1634.5073344561054,1.0112495254893084,1634.5073344561054,1.0054901199794972,1634.5045566836995,1.0136779011378128,1634.4781678479424,1.0136433064375316
1634.5087233420747,1.0077686130410375,1634.5087233420747,1.0055061087788137,1634.505945570135,1.0039690964337598,1634.4795567339115,1.023220788970865
1634.510112228044,0.9998784015709888,1634.510112228044,1.0054570745873617,1634.5073344561054,1.0168014067134543,1634.4809456198825,1.0232872245644402
1634.5115011144806,1.0189048083520216,1634.5115011144806,1.005387257328212,1634.5087233420747,1.0133174966483156,1634.482334506319,1.020225937815424
1634.5128900004513,0.996816484388131,1634.5128900004513,1.0054041094947364,1634.510112228044,1.0053348125866537,1634.4837233922883,1.0070943231387686
1634.5142788864207,1.0053469166069677,1634.5142788864207,1.0053491830702983,1634.5115011144806,1.0243939107475666,1634.4851122782577,1.0156571999101227
1634.51566777239,0.9970147424520216,1634.51566777239,1.0053561823885893,1634.5128900004513,1.0022033898159226,1634.4865011646932,1.002976349014744
1634.51705665836,1.0120074095896106,1634.51705665836,1.005256002716365,1634.5142788864207,1.0107247013130582,1634.487890050663,1.0264938606885188
1634.5184455447964,1.0275945869563743,1634.5184455447964,1.0052419063037756,1634.51566777239,1.002354935256707,1634.4892789366334,1.0007815648456573
1634.5198344307664,1.0034797883154554,1634.5198344307664,1.005173516862506,1634.51705665836,1.017326523283395,1634.4906678230689,1.0074047288201478
1634.5212233167356,1.0056050209028071,1634.5212233167356,1.0051219520903316,1634.5184455447964,1.0329811414994667,1634.4920567090392,1.013513877509116
1634.522612202706,0.9975549622034582,1634.522612202706,1.0051176421184667,1634.5198344307664,1.0086713079214893,1634.4934455950086,0.9953782513101882
1634.5240010886753,1.0045957405751877,1634.5240010886753,1.0051347319353257,1634.5212233167356,1.0107556816416683,1634.494834480978,1.001377678001996
1634.5253899751103,1.0088789886820873,1634.5253899751103,1.0050700668542685,1634.522612202706,1.002660091493516,1634.4962233674144,1.0244941665332077
1634.526778861081,1.0138123770101903,1634.526778861081,1.0050099696176547,1634.5240010886753,1.0097540704064112,1634.4976122533851,1.008044128380072
1634.5281677470518,0.9950291637321019,1634.5281677470518,1.0049902202783356,1634.5253899751103,1.0139940726025722,1634.4990011393545,1.026223557321396
1634.5295566330212,0.9995905513656147,1634.5295566330212,1.0049039484237037,1634.526778861081,1.0188915462170136,1634.5003900257896,0.9896660811097704
1634.5309455189906,1.0102688447912958,1634.5309455189906,1.004852138106527,1634.5281677470518,0.9999945784424932,1634.5017789117594,1.010859723911917
1634.5323344049605,0.998646892359446,1634.5323344049605,1.0049617148581007,1634.5295566330212,1.0044924918743332,1634.5031677977292,1.0157116736545952
1634.5337232913964,1.0125638507342924,1634.5337232913964,1.0049117147886655,1634.5309455189906,1.0151708087509446,1634.5045566836995,1.0136779011378128
1634.5351121773665,1.0077675010311973,1634.5351121773665,1.0048814570939557,1634.5323344049605,1.003601893483262,1634.505945570135,1.0039690964337598
1634.536501063336,1.0020707666888868,1634.536501063336,1.004855416283202,1634.5337232913964,1.017537275574412,1634.5073344561054,1.0168014067134543
1634.5378899493064,0.9900975263317746,1634.5378899493064,1.0047626682915642,1634.5351121773665,1.012686874848164,1634.5087233420747,1.0133174966483156
1634.5392788352758,1.0154395822634577,1634.5392788352758,1.0047525639257189,1634.536501063336,1.0069362374063888,1634.510112228044,1.0053348125866537
1634.5406677212452,1.0049031386239746,1634.5406677212452,1.0046494815017857,1634.5378899493064,0.9948130324259912,1634.5115011144806,1.0243939107475666
1634.542056607216,0.9839382513145218,1634.542056607216,1.0045353877999668,1634.5392788352758,1.02026552379087,1634.5128900004513,1.0022033898159226
1634.5434454936524,1.0187620185115056,1634.5434454936524,1.0044814003635492,1634.5406677212452,1.009575417178093,1634.5142788864207,1.0107247013130582
1634.5448343796218,1.0128042146064928,1634.5448343796218,1.00438365131159,1634.542056607216,0.9884007928554543,1634.51566777239,1.002354935256707
1634.5462232655912,0.994878795917202,1634.5462232655912,1.0043387959632213,1634.5434454936524,1.0233274989916332,1634.51705665836,1.017326523283395
1634.547612151561,0.9917812304372227,1634.547612151561,1.0042235435369546,1634.5448343796218,1.0172439951302366,1634.5184455447964,1.0329811414994667
1634.5490010375313,0.9912417111583801,1634.5490010375313,1.0041079766465624,1634.5462232655912,0.999195372020822,1634.5198344307664,1.0086713079214893
1634.5503899235011,1.0038601510462166,1634.5503899235011,1.0040783911749256,1634.547612151561,0.9959700616431088,1634.5212233167356,1.0107556816416683
1634.5517788094712,1.026032858776028,1634.5517788094712,1.0040831874192706,1634.5490010375313,0.9953137089589172,1634.522612202706,1.002660091493516
1634.5531676954413,0.9953497806383055,1634.5531676954413,1.003998260146972,1634.5503899235011,1.007954285427103,1634.5240010886753,1.0097540704064112
1634.554556581411,1.021737320164434,1634.554556581411,1.0039322687582328,1634.5517788094712,1.0302223432367403,1634.5253899751103,1.0139940726025722
1634.55594546738,1.0034571106730064,1634.55594546738,1.0039056312566117,1634.5531676954413,0.9993294479985289,1634.526778861081,1.0188915462170136
1634.5573343533508,1.006238021550504,1634.5573343533508,1.0038152193610728,1634.554556581411,1.025755065907637,1634.5281677470518,0.9999945784424932
1634.5587232397872,0.9867533893718008,1634.5587232397872,1.003738268354974,1634.55594546738,1.00737624412912,1634.5295566330212,1.0044924918743332
1634.5601121257566,0.9932261987154666,1634.5601121257566,1.0036718982723278,1634.5573343533508,1.010077040332171,1634.5309455189906,1.0151708087509446
1634.561501011726,1.0169230742624784,1634.561501011726,1.0036218541793884,1634.5587232397872,0.9904421383414528,1634.5323344049605,1.003601893483262
1634.562889897696,0.9990184670370404,1634.562889897696,1.0035468292994785,1634.5601121257566,0.9968732242785606,1634.5337232913964,1.017537275574412
1634.5642787836662,1.0009358889403763,1634.5642787836662,1.0034405629191503,1634.561501011726,1.0206062213491125,1634.5351121773665,1.012686874848164
1634.565667669636,1.006808268986099,1634.565667669636,1.0033369282714024,1634.562889897696,1.0025618150066475,1634.536501063336,1.0069362374063888
1634.5670565556063,0.9905426593737087,1634.5670565556063,1.0033004051551242,1634.5642787836662,1.0043796718443114,1634.5378899493064,0.9948130324259912
1634.5684454415762,0.9961916412607648,1634.5684454415762,1.003250095828383,1634.565667669636,1.0101679159627606,1634.5392788352758,1.02026552379087
1634.569834327546,1.0134953204630253,1634.569834327546,1.0031975316205641,1634.5670565556063,0.993811851473076,1634.5406677212452,1.009575417178093
1634.5712232135154,1.0039708320299396,1634.5712232135154,1.0031690813915461,1634.5684454415762,0.9994293595582964,1634.542056607216,0.9884007928554543
1634.5726120994857,1.0029365014138685,1634.5726120994857,1.0030535283054114,1634.569834327546,1.0167360037974995,1634.5434454936524,1.0233274989916332
1634.5740009854565,0.99773854271889,1634.5740009854565,1.0029176958051922,1634.5712232135154,1.0071524973113808,1634.5448343796218,1.0172439951302366
1634.5753898714258,0.9859664071968036,1634.5753898714258,1.002913122545259,1634.5726120994857,1.005998996409466,1634.5462232655912,0.999195372020822
1634.5767787573952,1.0131081568056184,1634.5767787573952,1.0027799801361614,1634.5740009854565,1.0006496402796594,1634.547612151561,0.9959700616431088
1634.578167643365,1.0078991074199735,1634.578167643365,1.0026574458817046,1634.5753898714258,0.9888386481664766,1634.5490010375313,0.9953137089589172
1634.5809454153052,0.9768975258862194,1634.5809454153052,1.0024948553587147,1634.5767787573952,1.0159245773573211,1634.5503899235011,1.007954285427103
1634.5823343012755,0.9994651993432843,1634.5823343012755,1.002376647434636,1634.578167643365,1.0105775447521603,1634.5517788094712,1.0302223432367403
1634.5837231872454,0.9729924418077869,1634.5837231872454,1.0022670534181992,1634.5809454153052,0.9793347439135918,1634.5531676954413,0.9993294479985289
1634.5851120732152,1.011878713713349,1634.5851120732152,1.0021557565851458,1634.5823343012755,1.0018405757453115,1634.554556581411,1.025755065907637
1634.587889845155,1.0158350306649748,1634.587889845155,1.0019543376374584,1634.5837231872454,0.9751982676488692,1634.55594546738,1.00737624412912
1634.5892787311257,0.9893827513214809,1634.5892787311257,1.0018830613081837,1634.5851120732152,1.0140600779138054,1634.5573343533508,1.010077040332171
1634.5906676166294,0.9952677401619408,1634.5906676166294,1.001785184445313,1634.587889845155,1.017820315298852,1634.5587232397872,0.9904421383414528
1634.5920565025988,0.9966594334502015,1634.5920565025988,1.0017744145356176,1634.5892787311257,0.9912458196994788,1634.5601121257566,0.9968732242785606
1634.5934453885686,0.9899505380205346,1634.5934453885686,1.001710482271671,1634.5906676166294,0.9970444766505996,1634.561501011726,1.0206062213491125
1634.594834274539,0.9950963807547217,1634.594834274539,1.0016081413637017,1634.5920565025988,0.9984279204359758,1634.562889897696,1.0025618150066475
1634.5962231605088,0.9920404085923918,1634.5962231605088,1.0014841236142278,1634.5934453885686,0.9916438308656498,1634.5642787836662,1.0043796718443114
1634.597612046479,0.990927820623407,1634.597612046479,1.0014306073553374,1634.594834274539,0.9966966364054832,1634.565667669636,1.0101679159627606
1634.599000932449,1.01606599136947,1634.599000932449,1.0013356290663733,1634.5962231605088,0.993512719189052,1634.5670565556063,0.993811851473076
1634.600389818419,0.996770767774823,1634.600389818419,1.0012567455831907,1634.597612046479,0.9923454492521994,1634.5684454415762,0.9994293595582964
1634.6017787043882,1.021712009566334,1634.6017787043882,1.0011234658744115,1634.599000932449,1.0174230786408964,1634.569834327546,1.0167360037974995
1634.6031675903585,0.9924460115306589,1634.6031675903585,1.0010287830892872,1634.600389818419,0.9980234550346776,1634.5712232135154,1.0071524973113808
1634.6045564763292,0.993779674599314,1634.6045564763292,1.0008854267863183,1634.6017787043882,1.022859868142558,1634.5726120994857,1.005998996409466
1634.6059453618334,0.9931629844789123,1634.6059453618334,1.0008231656686044,1634.6031675903585,0.9934670232043522,1634.5740009854565,1.0006496402796594
1634.6073342478028,1.0004930534277432,1634.6073342478028,1.0008287955681325,1634.6045564763292,0.994659593742903,1634.5753898714258,0.9888386481664766
1634.6087231337722,1.0011969392358016,1634.6087231337722,1.000705355294581,1634.6059453618334,0.993980522151064,1634.5767787573952,1.0159245773573211
1634.6101120197425,1.0064806582052734,1634.6101120197425,1.0006145872224657,1634.6073342478028,1.0013222576363714,1634.578167643365,1.0105775447521603
1634.6115009057123,1.0134276972006657,1634.6115009057123,1.0004792196186516,1634.6087231337722,1.00190313879781,1634.5809454153052,0.9793347439135918
1634.6128897916826,0.9970001618529633,1634.6128897916826,1.0005001071345754,1634.6101120197425,1.0070992283574651,1634.5823343012755,1.0018405757453115
1634.6142786776525,1.007609383045572,1634.6142786776525,1.0004562300808826,1634.6115009057123,1.0139133516352492,1634.5837231872454,0.9751982676488692
1634.6156675636228,0.9783082087810276,1634.6156675636228,1.0004796376430707,1634.6128897916826,0.9974987687470788,1634.5851120732152,1.0140600779138054
1634.6170564491265,1.0253034998901462,1634.6170564491265,1.0004337911228607,1634.6142786776525,1.0080690847558968,1634.587889845155,1.017820315298852
1634.6184453350963,1.0151433921767494,1634.6184453350963,1.0003631314295978,1634.6156675636228,0.978777442224484,1634.5892787311257,0.9912458196994788
1634.619834221067,1.0120365423317383,1634.619834221067,1.0003026360641203,1634.6170564491265,1.0257482674466365,1634.5906676166294,0.9970444766505996
1634.621223107037,0.9998086977381925,1634.621223107037,1.0002847279990899,1634.6184453350963,1.0155120226479972,1634.5920565025988,0.9984279204359758
1634.6226119930063,1.0033010917701484,1634.6226119930063,1.0002131809501886,1634.619834221067,1.0123428210876555,1634.5934453885686,0.9916438308656498
1634.6240008789755,1.0085406020403938,1634.6240008789755,1.0000803649339325,1634.621223107037,1.000093371268172,1634.594834274539,0.9966966364054832
1634.6253897644804,0.9939793277635812,1634.6253897644804,1.0000202487214374,1634.6226119930063,1.0035149764502171,1634.5962231605088,0.993512719189052
1634.6267786504502,0.9976266671619226,1634.6267786504502,0.9999388222659479,1634.6240008789755,1.008621653339245,1634.597612046479,0.9923454492521994
1634.6281675364205,0.9891329633146775,1634.6281675364205,0.9998452215331021,1634.6253897644804,0.9939994545741035,1634.599000932449,1.0174230786408964
1634.6295564223904,0.9888050582909156,1634.6295564223904,0.9997580826198867,1634.6267786504502,0.9975656346229956,1634.600389818419,0.9980234550346776
1634.6309453083609,1.0141716882895633,1634.6309453083609,0.9996924092461809,1634.6281675364205,0.9889798668310574,1634.6017787043882,1.022859868142558
1634.6323341938642,0.9970001064439504,1634.6323341938642,0.9995847878639456,1634.6295564223904,0.9885658491617711,1634.6031675903585,0.9934670232043522
1634.6337230798342,1.0190646793127003,1634.6337230798342,0.999529054028525,1634.6309453083609,1.0138597384554602,1634.6045564763292,0.994659593742903
1634.635111965805,1.0110543456078307,1634.635111965805,0.999451808224154,1634.6323341938642,0.9965861399001074,1634.6059453618334,0.993980522151064
1634.6365008517748,0.9849565214991909,1634.6365008517748,0.9994449669518123,1634.6337230798342,1.0185847549073055,1634.6073342478028,1.0013222576363714
1634.6378897372786,0.9851614422536186,1634.6378897372786,0.9993468774085538,1634.635111965805,1.0105000939306352,1634.6087231337722,1.00190313879781
1634.639278623248,0.9769104055064595,1634.639278623248,0.999265368343748,1634.6365008517748,0.9844098380787308,1634.6101120197425,1.0070992283574651
1634.6406675092182,0.9847671979501875,1634.6406675092182,0.9992912321057368,1634.6378897372786,0.984518011059461,1634.6115009057123,1.0139133516352492
1634.642056395188,1.0305083521912946,1634.642056395188,0.9992434521705557,1634.639278623248,0.9761927361972524,1634.6128897916826,0.9974987687470788
1634.6434452806927,0.9970446143274262,1634.6434452806927,0.9991374368846345,1634.6406675092182,0.9840692265769568,1634.6142786776525,1.0080690847558968
1634.6448341666626,1.0131280372570377,1634.6448341666626,0.9990978013943889,1634.642056395188,1.02972872333422,1634.6156675636228,0.978777442224484
1634.6462230526329,0.9921107656847176,1634.6462230526329,0.9990684983295854,1634.6434452806927,0.9961846004187336,1634.6170564491265,1.0257482674466365
1634.6476119386025,1.0229991851982148,1634.6476119386025,0.9990146902735799,1634.6448341666626,1.0122139945545188,1634.6184453350963,1.0155120226479972
1634.6490008241065,1.0106726359209304,1634.6490008241065,0.9989583040365948,1634.6462230526329,0.991186612849246,1634.619834221067,1.0123428210876555
1634.6503897100772,1.0085000184383706,1634.6503897100772,0.9988916704650176,1634.6476119386025,1.021991214150919,1634.621223107037,1.000093371268172
1634.651778596047,0.980041458782897,1634.651778596047,0.9988365989109717,1634.6490008241065,1.0096198223157675,1634.6226119930063,1.0035149764502171
1634.6531674820164,0.9933848183714105,1634.6531674820164,0.9987908459465894,1634.6503897100772,1.0073822680819051,1634.6240008789755,1.008621653339245
1634.6545563675202,0.9813525154243811,1634.6545563675202,0.9986736574669869,1634.651778596047,0.978901277482456,1634.6253897644804,0.9939994545741035
1634.6559452534905,0.9940606050276777,1634.6559452534905,0.9986171564155948,1634.6531674820164,0.9921836630916802,1634.6267786504502,0.9975656346229956
1634.6573341394612,0.9950402835403913,1634.6573341394612,0.9985470692253947,1634.6545563675202,0.9800509058432944,1634.6281675364205,0.9889798668310574
1634.6587230249654,1.0101357055017532,1634.6587230249654,0.9984153505143617,1634.6559452534905,0.9926859746975052,1634.6295564223904,0.9885658491617711
1634.6601119109348,1.0060977134807854,1634.6601119109348,0.9984739615908369,1634.6573341394612,0.9935945588904636,1634.6309453083609,1.0138597384554602
1634.661500796905,1.010410827159569,1634.661500796905,0.9983825666418598,1634.6587230249654,1.008534994475605,1634.6323341938642,0.9965861399001074
1634.6628896824088,1.010997238471505,1634.6628896824088,0.9982884030508613,1634.6601119109348,1.0045623697266426,1634.6337230798342,1.0185847549073055
1634.664278568379,0.9959911710474301,1634.664278568379,0.9983454462949805,1634.661500796905,1.0087765549822951,1634.635111965805,1.0105000939306352
1634.6656674543494,1.0062584301172626,1634.6656674543494,0.9982300788032304,1634.6628896824088,1.0092668186825495,1634.6365008517748,0.9844098380787308
1634.6670563398538,0.9975731570489447,1634.6670563398538,0.9981601732153935,1634.664278568379,0.9943432501652067,1634.6378897372786,0.984518011059461
1634.668445225823,0.9849446803010993,1634.668445225823,0.9980928453135874,1634.6656674543494,1.00447743199237,1634.639278623248,0.9761927361972524
1634.6698341117924,1.0093031281214226,1634.6698341117924,0.9980260767526152,1634.6670563398538,0.9957377952350016,1634.6406675092182,0.9840692265769568
1634.671222997297,1.0001379452093293,1634.671222997297,0.997920133263877,1634.668445225823,0.983066238438206,1634.642056395188,1.02972872333422
1634.6726118832678,0.9840479637590651,1634.6726118832678,0.9978082975431141,1634.6698341117924,1.0073108412131655,1634.6434452806927,0.9961846004187336
1634.6740007692376,0.989630100498794,1634.6740007692376,0.9977004860290751,1634.671222997297,0.998057791565554,1634.6448341666626,1.0122139945545188
1634.6753896547414,0.9898905631648619,1634.6753896547414,0.9976234014660406,1634.6726118832678,0.9818912234192008,1634.6462230526329,0.991186612849246
1634.6767785407117,1.0109905867400717,1634.6767785407117,0.997531181021006,1634.6740007692376,0.9873544322566492,1634.6476119386025,1.021991214150919
1634.6781674262154,1.0204799198448158,1634.6781674262154,0.9974829070038963,1634.6753896547414,0.987537990703664,1634.6490008241065,1.0096198223157675
1634.6795563121848,1.0085835914669317,1634.6795563121848,0.9975274181491319,1634.6767785407117,1.0084946339919436,1634.6503897100772,1.0073822680819051
1634.6809451981555,1.0079693521296353,1634.6809451981555,0.9974119882310969,1634.6781674262154,1.01791127698591,1634.651778596047,0.978901277482456
1634.6823340836606,1.0070738595590718,1634.6823340836606,0.9973155933587051,1634.6795563121848,1.0060897859835871,1634.6531674820164,0.9921836630916802
1634.6837229696298,0.9927104232351432,1634.6837229696298,0.9971972690987313,1634.6809451981555,1.0053607155836302,1634.6545563675202,0.9800509058432944
1634.6851118551333,0.9963111090329226,1634.6851118551333,0.9971465930548813,1634.6823340836606,1.0043704638021969,1634.6559452534905,0.9926859746975052
1634.6865007411036,0.9957293189977956,1634.6865007411036,0.9970643393156968,1634.6837229696298,0.9899281230559306,1634.6573341394612,0.9935945588904636
1634.6878896270744,0.980717525928883,1634.6878896270744,0.9969800212411021,1634.6851118551333,0.9934682279949092,1634.6587230249654,1.008534994475605
1634.6892785125783,1.001283278340134,1634.6892785125783,0.9969235523696857,1634.6865007411036,0.9928061955838058,1634.6601119109348,1.0045623697266426
1634.690667398548,0.9754061973707279,1634.690667398548,0.9968961814478842,1634.6878896270744,0.9777557798320988,1634.661500796905,1.0087765549822951
1634.6920562840526,0.9968658310015874,1634.6920562840526,0.9968191865806452,1634.6892785125783,0.998202882771211,1634.6628896824088,1.0092668186825495
1634.693445170022,0.9992663041130303,1634.693445170022,0.9968223354286999,1634.690667398548,0.9723787135194798,1634.664278568379,0.9943432501652067
1634.6948340555257,0.9939792339493077,1634.6948340555257,0.9967728989324824,1634.6920562840526,0.9936949867890412,1634.6656674543494,1.00447743199237
1634.6962229414964,0.9838744154629349,1634.6962229414964,0.9966834081195858,1634.693445170022,0.9960909709811564,1634.6670563398538,0.9957377952350016
1634.6976118274672,0.9868268681258603,1634.6976118274672,0.9965896161792486,1634.6948340555257,0.9907715625023396,1634.668445225823,0.983066238438206
1634.6990007129707,1.006528313798437,1634.6990007129707,0.9964843253959316,1634.6962229414964,0.9806113055652632,1634.6698341117924,1.0073108412131655
1634.70038959894,0.9896618719161037,1634.70038959894,0.996376125024099,1634.6976118274672,0.983461409740921,1634.671222997297,0.998057791565554
1634.7017784844445,1.005262962627325,1634.7017784844445,0.9963293818838157,1634.6990007129707,1.00298968776734,1634.6726118832678,0.9818912234192008
1634.7031673704153,1.0086073697346758,1634.7031673704153,0.9962267150328378,1634.70038959894,0.9860754610238636,1634.6740007692376,0.9873544322566492
1634.7045562559194,0.9842973261732018,1634.7045562559194,0.9961635496852738,1634.7017784844445,1.001573026185176,1634.6753896547414,0.987537990703664
1634.7059451418888,0.9928790931614704,1634.7059451418888,0.9960968171095869,1634.7031673704153,1.004801606708687,1634.6767785407117,1.0084946339919436
1634.7073340273937,0.9972988168502297,1634.7073340273937,0.9959798125974223,1634.7045562559194,0.9805211183864204,1634.6781674262154,1.01791127698591
1634.7087229133629,0.9914671217302197,1634.7087229133629,0.9959904435931993,1634.7059451418888,0.9890037044727936,1634.6795563121848,1.0060897859835871
1634.7101117988666,0.9908500069246298,1634.7101117988666,0.995949996338776,1634.7073340273937,0.9932894887101228,1634.6809451981555,1.0053607155836302
1634.7115006848371,0.995916851711571,1634.7115006848371,0.9958510850708312,1634.7087229133629,0.987491778380154,1634.6823340836606,1.0043704638021969
1634.7128895703424,0.9972284981514122,1634.7128895703424,0.9958701168433742,1634.7101117988666,0.9868370607688612,1634.6837229696298,0.9899281230559306
1634.7142784563118,0.9835166628480648,1634.7142784563118,0.9958098554228783,1634.7115006848371,0.991784877417294,1634.6851118551333,0.9934682279949092
1634.715667341815,1.002195138873084,1634.715667341815,0.9957299468229244,1634.7128895703424,0.9931100609735896,1634.6865007411036,0.9928061955838058
1634.7170562277854,0.99222478076847,1634.7170562277854,0.9956358960753197,1634.7142784563118,0.9793955858367231,1634.6878896270744,0.9777557798320988
1634.7184451132905,1.0138063192973243,1634.7184451132905,0.9956071193105518,1634.715667341815,0.9979157123362894,1634.6892785125783,0.998202882771211
1634.7198339992603,0.9990460395761257,1634.7198339992603,0.9955095309902268,1634.7170562277854,0.9878946087085532,1634.690667398548,0.9723787135194798
1634.721222884764,0.9840196888191414,1634.721222884764,0.995392978904512,1634.7184451132905,1.0093527890944425,1634.6920562840526,0.9936949867890412
1634.7226117702687,0.9921063147076244,1634.7226117702687,0.9953729489423212,1634.7198339992603,0.9945598542960724,1634.693445170022,0.9960909709811564
1634.7240006562386,1.0178468101125993,1634.7240006562386,0.9952688978044539,1634.721222884764,0.979486289354376,1634.6948340555257,0.9907715625023396
1634.7253895417423,0.9816261116781547,1634.7253895417423,0.9951926495425355,1634.7226117702687,0.9875157881348268,1634.6962229414964,0.9806113055652632
1634.7267784277126,1.0046342034728837,1634.7267784277126,0.9951358483175636,1634.7240006562386,1.013031272834546,1634.6976118274672,0.983461409740921
1634.7281673132177,1.0066201462968432,1634.7281673132177,0.9951180701652003,1634.7253895417423,0.9769070909411196,1634.6990007129707,1.00298968776734
1634.729556199187,1.013071042252796,1634.729556199187,0.99509400980157,1634.7267784277126,0.999747510321828,1634.70038959894,0.9860754610238636
1634.7309450846906,1.0147508221132577,1634.7309450846906,0.9949883637722959,1634.7281673132177,1.001705897372326,1634.7017784844445,1.001573026185176
1634.732333970195,0.9899892231539302,1634.732333970195,0.9949184406099888,1634.729556199187,1.0081009256491906,1634.7031673704153,1.004801606708687
1634.7337228561655,1.013677100531347,1634.7337228561655,0.9948201361991292,1634.7309450846906,1.0096652601310625,1634.7045562559194,0.9805211183864204
1634.73511174167,0.9957638000015353,1634.73511174167,0.9947016756193523,1634.732333970195,0.9849585341210024,1634.7059451418888,0.9890037044727936
1634.736500627639,1.008217263204578,1634.736500627639,0.9946957044129464,1634.7337228561655,1.008426391212533,1634.7073340273937,0.9932894887101228
1634.737889513144,1.0110138346643196,1634.737889513144,0.9946164959514907,1634.73511174167,0.9904879203826208,1634.7087229133629,0.987491778380154
1634.739278398648,1.0122623889550981,1634.739278398648,0.9946224945483704,1634.736500627639,1.0028693808245708,1634.7101117988666,0.9868370607688612
1634.7406672846175,0.9976787709602337,1634.7406672846175,0.9945467075350872,1634.737889513144,1.0055710375923053,1634.7115006848371,0.991784877417294
1634.7420561701222,0.9947466625529174,1634.7420561701222,0.9945168705856804,1634.739278398648,1.0068189424400125,1634.7128895703424,0.9931100609735896
1634.743445056093,0.9906436270600802,1634.743445056093,0.9943925591330952,1634.7406672846175,0.9922381368361528,1634.7142784563118,0.9793955858367231
1634.7448339415969,0.9949937063165357,1634.7448339415969,0.9943994199356787,1634.7420561701222,0.9892923378676772,1634.715667341815,0.9979157123362894
1634.7462228271004,1.0074907339029238,1634.7462228271004,0.9943716926683992,1634.743445056093,0.9850886515011648,1634.7170562277854,0.9878946087085532
1634.7476117130702,0.9993284755513283,1634.7476117130702,0.9943436082964165,1634.7448339415969,0.9894211644008142,1634.7184451132905,1.0093527890944425
1634.749000598575,0.9892475100148932,1634.749000598575,0.9942556596958753,1634.7462228271004,1.001820266418778,1634.7198339992603,0.9945598542960724
1634.7503894840795,0.9988856043934261,1634.7503894840795,0.9942782337403663,1634.7476117130702,0.993675882253065,1634.721222884764,0.979486289354376
1634.751778370049,0.986432867582584,1634.751778370049,0.9942410945318527,1634.749000598575,0.9835649356723596,1634.7226117702687,0.9875157881348268
1634.7531672555535,1.001189015568173,1634.7531672555535,0.9941606375134866,1634.7503894840795,0.993170214444974,1634.7240006562386,1.013031272834546
1634.7545561410575,0.9956586742346641,1634.7545561410575,0.994159759093951,1634.751778370049,0.9807520939475024,1634.7253895417423,0.9769070909411196
1634.755945027027,0.9986112173725804,1634.755945027027,0.9940561758690276,1634.7531672555535,0.995342709988755,1634.7267784277126,0.999747510321828
1634.7573339125315,0.9974121194011221,1634.7573339125315,0.993960149114695,1634.7545561410575,0.9898437877169364,1634.7281673132177,1.001705897372326
1634.7587227980368,1.0047999007601747,1634.7587227980368,0.9939178782990435,1634.755945027027,0.9926756479213016,1634.729556199187,1.0081009256491906
1634.7601116840062,0.9955483422939285,1634.7601116840062,0.9938497461051586,1634.7573339125315,0.9913878989287432,1634.7309450846906,1.0096652601310625
1634.76150056951,0.9967992919559095,1634.76150056951,0.9938074448361147,1634.7587227980368,0.9986885854786424,1634.732333970195,0.9849585341210024
1634.762889455014,1.0008094483019205,1634.762889455014,0.9937579542450711,1634.7601116840062,0.9894254672242324,1634.7337228561655,1.008426391212533
1634.764278340985,0.9886729303837416,1634.764278340985,0.9937007139578317,1634.76150056951,0.9906265573531507,1634.73511174167,0.9904879203826208
1634.7656672264893,1.0053630024546847,1634.7656672264893,0.9936386081977671,1634.762889455014,0.9945623499336548,1634.736500627639,1.0028693808245708
1634.7670561119928,0.9996475428980974,1634.7670561119928,0.9936098319573952,1634.764278340985,0.9824449967931056,1634.737889513144,1.0055710375923053
1634.7684449974977,0.9932182433263683,1634.7684449974977,0.9935962141906874,1634.7656672264893,0.9989674944926012,1634.739278398648,1.0068189424400125
1634.7698338834673,0.9899634059250799,1634.7698338834673,0.9935951630014161,1634.7670561119928,0.9932596271156016,1634.7406672846175,0.9922381368361528
1634.771222768971,0.983746457803331,1634.771222768971,0.9935881609593882,1634.7684449974977,0.9868578864342046,1634.7420561701222,0.9892923378676772
1634.7726116544757,1.01102574227771,1634.7726116544757,0.9935740879889415,1634.7698338834673,0.9836228516755668,1634.743445056093,0.9850886515011648
1634.7740005404464,1.0005480196694123,1634.7740005404464,0.9935406869777662,1634.771222768971,0.977438833859124,1634.7448339415969,0.9894211644008142
1634.7753894259506,0.9956809872980487,1634.7753894259506,0.9934878740479809,1634.7726116544757,1.0045289798169184,1634.7462228271004,1.001820266418778
1634.7767783114543,0.9743501625589942,1634.7767783114543,0.9934235695890083,1634.7740005404464,0.9940851668165914,1634.7476117130702,0.993675882253065
1634.778167196958,0.9730726004546926,1634.778167196958,0.9933685607308194,1634.7753894259506,0.989196987300733,1634.749000598575,0.9835649356723596
1634.7795560829288,1.001058640202918,1634.7795560829288,0.99335274710398,1634.7767783114543,0.9679424165189866,1634.7503894840795,0.993170214444974
1634.7809449684332,1.0118755600583376,1634.7809449684332,0.9933634566234587,1634.778167196958,0.9666197286002736,1634.751778370049,0.9807520939475024
1634.7823338539367,1.0214554121007795,1634.7823338539367,0.993345364110588,1634.7795560829288,0.9944043502577434,1634.7531672555535,0.995342709988755
1634.7837227394414,0.9881480897081631,1634.7837227394414,0.993341506082089,1634.7809449684332,1.0051602040123484,1634.7545561410575,0.9898437877169364
1634.7851116249456,1.0056569571812208,1634.7851116249456,0.993289035928142,1634.7823338539367,1.0146579982559796,1634.755945027027,0.9926756479213016
1634.786500510915,0.9774253688959296,1634.786500510915,0.9931709939497628,1634.7837227394414,0.981568511662846,1634.7573339125315,0.9913878989287432
1634.7878893964196,1.0030321596721181,1634.7878893964196,0.9931498900707665,1634.7851116249456,0.9989080294729636,1634.7587227980368,0.9986885854786424
1634.789278281925,1.004392345384173,1634.789278281925,0.9931910624820619,1634.786500510915,0.970750525138084,1634.7601116840062,0.9894254672242324
1634.7906671674289,0.9873390703822336,1634.7906671674289,0.9931368049048208,1634.7878893964196,0.9961612791158077,1634.76150056951,0.9906265573531507
1634.7920560529326,0.98798483051257,1634.7920560529326,0.9931119447621614,1634.789278281925,0.9975535006609568,1634.762889455014,0.9945623499336548
1634.793444938902,0.968929469337355,1634.793444938902,0.9931872929895503,1634.7906671674289,0.9805627697171074,1634.764278340985,0.9824449967931056
1634.794833824407,1.00208807621287,1634.794833824407,0.9932141572752533,1634.7920560529326,0.9811795364258528,1634.7656672264893,0.9989674944926012
1634.7962227099115,0.9997137181756356,1634.7962227099115,0.9931814009977976,1634.793444938902,0.9623284367489692,1634.7670561119928,0.9932596271156016
1634.7976115954152,0.9974700263317187,1634.7976115954152,0.9931093222501155,1634.794833824407,0.9952880641313456,1634.7684449974977,0.9868578864342046
1634.7990004809196,0.9792993395843982,1634.7990004809196,0.9931139319915269,1634.7962227099115,0.9928970712143952,1634.7698338834673,0.9836228516755668
1634.8003893668897,0.9947799874231459,1634.8003893668897,0.9931509846596785,1634.7976115954152,0.990596781815098,1634.771222768971,0.977438833859124
1634.8017782523932,1.00138116365439,1634.8017782523932,0.9930498251130344,1634.7990004809196,0.9725558177313672,1634.7726116544757,1.0045289798169184
1634.8031671378978,0.9846339062519215,1634.8031671378978,0.9930321889489568,1634.8003893668897,0.98796672402904,1634.7740005404464,0.9940851668165914
1634.804556023403,1.0009974768683627,1634.804556023403,0.9930559770961543,1634.8017782523932,0.9944213894384788,1634.7753894259506,0.989196987300733
1634.8059449089071,1.0082291718325176,1634.8059449089071,0.9930595822330629,1634.8031671378978,0.9777731632387076,1634.7767783114543,0.9679424165189866
1634.8073337944109,0.9983613657716398,1634.8073337944109,0.9930454290359414,1634.804556023403,0.9940465274622972,1634.778167196958,0.9666197286002736
1634.8087226799146,0.9782626196127812,1634.8087226799146,0.992990689367466,1634.8059449089071,1.0012316401751868,1634.7795560829288,0.9944043502577434
1634.8101115654197,0.985802986581485,1634.8101115654197,0.9930598286095297,1634.8073337944109,0.9914181908056064,1634.7809449684332,1.0051602040123484
1634.81150045139,0.997884008794111,1634.81150045139,0.9930410690672189,1634.8087226799146,0.9714056730317188,1634.7823338539367,1.0146579982559796
1634.8128893368937,1.0053635903332778,1634.8128893368937,0.9930580194693751,1634.8101115654197,0.978961344897372,1634.7837227394414,0.981568511662846
1634.814278222398,0.9850695961455156,1634.814278222398,0.9930457682806412,1634.81150045139,0.990939802897986,1634.7851116249456,0.9989080294729636
1634.815667107902,0.9952406635691002,1634.815667107902,0.9930539225688773,1634.8128893368937,0.998384375862985,1634.786500510915,0.970750525138084
1634.8170559934058,1.0022190836718148,1634.8170559934058,0.9930432830047476,1634.814278222398,0.9782191939142244,1634.7878893964196,0.9961612791158077
1634.8184448789104,0.9951728867788978,1634.8184448789104,0.9930412208042834,1634.815667107902,0.9883276448573473,1634.789278281925,0.9975535006609568
1634.8198337644155,1.0033372751869327,1634.8198337644155,0.9930672727934275,1634.8170559934058,0.9952469291394688,1634.7906671674289,0.9805627697171074
1634.8212226499195,0.9991963232932075,1634.8212226499195,0.9930732509574814,1634.8184448789104,0.9882476983982396,1634.7920560529326,0.9811795364258528
1634.8226115354234,0.9972292697423945,1634.8226115354234,0.9930199528746038,1634.8198337644155,0.996381411561876,1634.793444938902,0.9623284367489692
1634.8240004209272,0.9891709864232019,1634.8240004209272,0.9929810537489171,1634.8212226499195,0.9922751411175482,1634.794833824407,0.9952880641313456
1634.825389306898,0.9839088606305468,1634.825389306898,0.9929603396205783,1634.8226115354234,0.990268562444768,1634.7962227099115,0.9928970712143952
1634.8267781924026,0.9870667734927446,1634.8267781924026,0.9930367567732158,1634.8240004209272,0.9822280484363668,1634.7976115954152,0.990596781815098
1634.8281670779063,0.9868454132379998,1634.8281670779063,0.9929814135478013,1634.825389306898,0.976982476407404,1634.7990004809196,0.9725558177313672
1634.8295559634105,0.9665878898200326,1634.8295559634105,0.9929249563786764,1634.8267781924026,0.9801935874678376,1634.8003893668897,0.98796672402904
1634.830944848915,0.9758756164806927,1634.830944848915,0.9929024363710843,1634.8281670779063,0.9799191533902332,1634.8017782523932,0.9944213894384788
1634.8323337344184,0.9951115611768844,1634.8323337344184,0.9930097130973926,1634.8295559634105,0.9597492383357128,1634.8031671378978,0.9777731632387076
1634.833722619923,0.9852362643565824,1634.833722619923,0.9929966569050069,1634.830944848915,0.9689492771988136,1634.804556023403,0.9940465274622972
1634.835111505428,0.9788047371053291,1634.835111505428,0.993109082388511,1634.8323337344184,0.9881554458641564,1634.8059449089071,1.0012316401751868
1634.8365003909323,0.9923310009893453,1634.8365003909323,0.993108143538645,1634.833722619923,0.978336316767664,1634.8073337944109,0.9914181908056064
1634.837889276436,1.0080247792987447,1634.837889276436,0.9931462865770291,1634.835111505428,0.9720598743042012,1634.8087226799146,0.9714056730317188
1634.8392781619398,0.9868856669934416,1634.8392781619398,0.9931555976502517,1634.8365003909323,0.985491998168374,1634.8101115654197,0.978961344897372
1634.8406670474444,0.9997917486700073,1634.8406670474444,0.9931664625036145,1634.837889276436,1.0011160663381775,1634.81150045139,0.990939802897986
1634.8420559329495,1.0027740322442382,1634.8420559329495,0.9932058406867003,1634.8392781619398,0.9801310244153388,1634.8128893368937,0.998384375862985
1634.8434448184537,1.00332571082307,1634.8434448184537,0.993224358446531,1634.8406670474444,0.992959634266894,1634.814278222398,0.9782191939142244
1634.8448337039574,1.0010260796598918,1634.8448337039574,0.9932028053481025,1634.8420559329495,0.995961025713931,1634.815667107902,0.9883276448573473
1634.8462225894618,0.9873634176147353,1634.8462225894618,0.9932121981984339,1634.8434448184537,0.9965275354451534,1634.8170559934058,0.9952469291394688
1634.847611474965,0.9887813041819422,1634.847611474965,0.9932531561033615,1634.8448337039574,0.9942219105448176,1634.8184448789104,0.9882476983982396
1634.84900036047,0.9987169373643113,1634.84900036047,0.9933093495699971,1634.8462225894618,0.9806613904298496,1634.8198337644155,0.996381411561876
1634.850389245975,0.9788978992362035,1634.850389245975,0.9933112693812175,1634.847611474965,0.982110151074712,1634.8212226499195,0.9922751411175482
1634.8517781314793,0.9812328195320382,1634.8517781314793,0.9933510916045513,1634.84900036047,0.9920348714578836,1634.8226115354234,0.990268562444768
1634.853167016983,0.981780696043208,1634.853167016983,0.9933379307277643,1634.850389245975,0.9723503148849204,1634.8240004209272,0.9822280484363668
1634.8545559024867,0.9844076770982629,1634.8545559024867,0.9933938897637037,1634.8517781314793,0.9747086924003618,1634.825389306898,0.976982476407404
1634.8559447879911,1.0092902452613035,1634.8559447879911,0.9934223485803086,1634.853167016983,0.9752400050360244,1634.8267781924026,0.9801935874678376
1634.8573336734964,1.009288690822867,1634.8573336734964,0.9934495431888568,1634.8545559024867,0.9779045714658954,1634.8281670779063,0.9799191533902332
1634.8587225590006,0.9934155823781521,1634.8587225590006,0.9934630297570471,1634.8559447879911,1.00265148584668,1634.8295559634105,0.9597492383357128
1634.8601114445044,0.998961145913378,1634.8601114445044,0.9934014581713497,1634.8573336734964,1.0026773888436566,1634.830944848915,0.9689492771988136
1634.861500329543,0.9920128487924383,1634.861500329543,0.9934063476641225,1634.8587225590006,0.9869216542772604,1634.8323337344184,0.9881554458641564
1634.8628892150468,1.0107656104054246,1634.8628892150468,0.9933314716800452,1634.8601114445044,0.9923694590068722,1634.833722619923,0.978336316767664
1634.8642781005512,0.9989983200201158,1634.8642781005512,0.993339166361353,1634.861500329543,0.9854718609547776,1634.835111505428,0.9720598743042012
1634.8656669860563,1.0120153402473546,1634.8656669860563,0.9932762530754262,1634.8628892150468,1.0040252913075995,1634.8365003909323,0.985491998168374
1634.8670558715603,0.9969448850984632,1634.8670558715603,0.9933673538060735,1634.8642781005512,0.992344158405174,1634.837889276436,1.0011160663381775
1634.8684447570645,0.987183322663348,1634.8684447570645,0.9934025462598486,1634.8656669860563,1.005210805215745,1634.8392781619398,0.9801310244153388
1634.869833642568,0.9915224595582753,1634.869833642568,0.9933937528135052,1634.8670558715603,0.9903325024007604,1634.8406670474444,0.992959634266894
1634.8712225280726,1.0040343094634165,1634.8712225280726,0.9933496399472356,1634.8684447570645,0.9806704263590276,1634.8420559329495,0.995961025713931
1634.8726114135775,0.9979026858339951,1634.8726114135775,0.9932817124482313,1634.869833642568,0.984972217099472,1634.8434448184537,0.9965275354451534
1634.874000299082,0.9886834165926309,1634.874000299082,0.9932760311699175,1634.8712225280726,0.9973571198001562,1634.8448337039574,0.9942219105448176
1634.87538918412,0.9942359283217953,1634.87538918412,0.9932775128010779,1634.8726114135775,0.99119848864188,1634.8462225894618,0.9806613904298496
1634.8767780696246,0.9756275287211663,1634.8767780696246,0.993334240239512,1634.874000299082,0.9820355401166426,1634.847611474965,0.982110151074712
1634.878166955128,0.9907426722951018,1634.878166955128,0.9933656519024536,1634.87538918412,0.9875521900209436,1634.84900036047,0.9920348714578836
1634.8795558406323,0.9903240308715542,1634.8795558406323,0.993424520901647,1634.8767780696246,0.9691242299989924,1634.850389245975,0.9723503148849204
1634.8809447261376,0.9825371467011357,1634.8809447261376,0.9934174057558113,1634.878166955128,0.9841697405320028,1634.8517781314793,0.9747086924003618
1634.8823336116418,0.9964379572812012,1634.8823336116418,0.9934165443032456,1634.8795558406323,0.9838121759059616,1634.853167016983,0.9752400050360244
1634.8837224971455,0.9945267689861227,1634.8837224971455,0.9934420990953154,1634.8809447261376,0.9760695033345592,1634.8545559024867,0.9779045714658954
1634.8851113821836,0.9979140739043574,1634.8851113821836,0.9934413839258627,1634.8823336116418,0.989877952134876,1634.8559447879911,1.00265148584668
1634.8865002676882,1.010647172214359,1634.8865002676882,0.9934413240970137,1634.8837224971455,0.9880047609880556,1634.8573336734964,1.0026773888436566
1634.887889153193,0.9893183444128555,1634.887889153193,0.9935103332445471,1634.8851113821836,0.9913691386186404,1634.8587225590006,0.9869216542772604
1634.8892780386975,0.9905890018651815,1634.8892780386975,0.9935911635358033,1634.8865002676882,1.0040186649595355,1634.8601114445044,0.9923694590068722
1634.8906669242012,1.0053238406182854,1634.8906669242012,0.9936701243799083,1634.887889153193,0.9828979980425596,1634.861500329543,0.9854718609547776
1634.892055809706,0.9935358249408515,1634.892055809706,0.9937559560976302,1634.8892780386975,0.9842404789489958,1634.8628892150468,1.0040252913075995
1634.893444694744,0.9971753391734058,1634.893444694744,0.9937862397655012,1634.8906669242012,0.9989602657492588,1634.8642781005512,0.992344158405174
1634.894833580248,1.0039656252263587,1634.894833580248,0.9938290373470989,1634.892055809706,0.9873321436313436,1634.8656669860563,1.005210805215745
1634.8962224657532,1.0128542172109583,1634.8962224657532,0.9938250852130058,1634.893444694744,0.9909791307040272,1634.8670558715603,0.9903325024007604
1634.8976113512574,0.9924712046387922,1634.8976113512574,0.9938987607924654,1634.894833580248,0.9977701908482904,1634.8684447570645,0.9806704263590276
1634.8990002367611,1.003204592497213,1634.8990002367611,0.9938913867194359,1634.8962224657532,1.006599928728033,1634.869833642568,0.984972217099472
1634.9003891217992,0.9919078065520386,1634.9003891217992,0.9938332492473871,1634.8976113512574,0.986415900412701,1634.8712225280726,0.9973571198001562
1634.9017780073038,0.992907211857404,1634.9017780073038,0.9937687875576976,1634.8990002367611,0.9970764036003616,1634.8726114135775,0.99119848864188
1634.903166892809,0.9821398373310674,1634.903166892809,0.9938828028060926,1634.9003891217992,0.9857909583394612,1634.874000299082,0.9820355401166426
1634.9045557783131,0.9918622346305872,1634.9045557783131,0.9939370426180572,1634.9017780073038,0.9867201960848264,1634.87538918412,0.9875521900209436
1634.9059446633512,0.985036554573238,1634.9059446633512,0.9940513494698078,1634.903166892809,0.9761318942741212,1634.8767780696246,0.9691242299989924
1634.9073335488558,0.9788042130397111,1634.9073335488558,0.9941184961360291,1634.9045557783131,0.9858486161732634,1634.878166955128,0.9841697405320028
1634.9087224343596,0.9868616276592969,1634.9087224343596,0.9941814815461908,1634.9059446633512,0.9791769163506172,1634.8795558406323,0.9838121759059616
1634.9101113198635,1.010996489331223,1634.9101113198635,0.9941840392025265,1634.9073335488558,0.973047372278647,1634.8809447261376,0.9760695033345592
1634.9115002049032,0.9984123276462208,1634.9115002049032,0.994196879269271,1634.9087224343596,0.981119555067405,1634.8823336116418,0.989877952134876
1634.9128890904076,0.9973630644613873,1634.9128890904076,0.994199983161313,1634.9101113198635,1.0051165733828893,1634.8837224971455,0.9880047609880556
1634.914277975911,1.0109826027378208,1634.914277975911,0.9941971843255715,1634.9115002049032,0.9926184203698416,1634.8851113821836,0.9913691386186404
1634.9156668614148,0.9808886300237766,1634.9156668614148,0.9942598304225513,1634.9128890904076,0.9915783418932268,1634.8865002676882,1.0040186649595355
1634.9170557464538,1.0023660218214812,1634.9170557464538,0.9942590020068534,1634.914277975911,1.0051160570440791,1634.887889153193,0.9828979980425596
1634.918444631959,1.0007647553321677,1634.918444631959,0.9943010803971365,1634.9156668614148,0.9752581629508488,1634.8892780386975,0.9842404789489958
1634.919833517463,0.9724361131076036,1634.919833517463,0.9943752983639994,1634.9170557464538,0.9966114405018056,1634.8906669242012,0.9989602657492588
1634.9212224029668,0.9952060977103485,1634.9212224029668,0.9943759668957226,1634.918444631959,0.9950614774501504,1634.892055809706,0.9873321436313436
1634.9226112880058,0.9940192820671641,1634.9226112880058,0.9944195626352095,1634.919833517463,0.9669664501113012,1634.893444694744,0.9909791307040272
1634.92400017351,0.9804574175502128,1634.92400017351,0.9944730320092532,1634.9212224029668,0.9896090256712468,1634.894833580248,0.9977701908482904
1634.9253890590146,1.0010211845753636,1634.9253890590146,0.9945602074184594,1634.9226112880058,0.9884722197241942,1634.8962224657532,1.006599928728033
1634.9267779440531,0.9868466941696596,1634.9267779440531,0.994653123463767,1634.92400017351,0.9750384607871224,1634.8976113512574,0.986415900412701
1634.9281668295578,1.006459235956081,1634.9281668295578,0.9946263950180599,1634.9253890590146,0.9955758369615456,1634.8990002367611,0.9970764036003616
1634.9295557150613,1.0042388874539274,1634.9295557150613,0.994628144865315,1634.9267779440531,0.9815701467357448,1634.9003891217992,0.9857909583394612
1634.930944600099,0.9879525873660999,1634.930944600099,0.994629337140794,1634.9281668295578,1.001050921591628,1634.9017780073038,0.9867201960848264
1634.9323334856035,0.9958854863353229,1634.9323334856035,0.9946147851510274,1634.9295557150613,0.9988442616299078,1634.903166892809,0.9761318942741212
1634.9337223711088,0.9788244170139792,1634.9337223711088,0.9946202105078966,1634.930944600099,0.9826466270984764,1634.9045557783131,0.9858486161732634
1634.9351112561474,1.006426248749911,1634.9351112561474,0.9947075634296407,1634.9323334856035,0.9905224290264336,1634.9059446633512,0.9791769163506172
1634.936500141651,0.9906616207492355,1634.936500141651,0.9947785192184894,1634.9337223711088,0.9735585477007132,1634.9073335488558,0.973047372278647
1634.9378890271555,0.9980869998952158,1634.9378890271555,0.9948182304518468,1634.9351112561474,1.0010998016656574,1634.9087224343596,0.981119555067405
1634.9392779121945,1.0062081901039057,1634.9392779121945,0.994883103798917,1634.936500141651,0.9854889001355132,1634.9101113198635,1.0051165733828893
1634.940666797699,1.0034646352945056,1634.940666797699,0.9948659292694603,1634.9378890271555,0.9929151430727512,1634.9115002049032,0.9926184203698416
1634.942055683203,0.9979378162142809,1634.942055683203,0.9949857468570442,1634.9392779121945,1.0010595272384644,1634.9128890904076,0.9915783418932268
1634.943444568242,1.0062877226504816,1634.943444568242,0.9950589764236832,1634.940666797699,0.9983127768813084,1634.914277975911,1.0051160570440791
1634.9448334537456,1.0041555858364428,1634.9448334537456,0.9951179040996933,1634.942055683203,0.992933903382854,1634.9156668614148,0.9752581629508488
1634.9462223387834,0.9940335930793998,1634.9462223387834,0.9951799012531704,1634.943444568242,1.0013156312883076,1634.9170557464538,0.9966114405018056
1634.947611224288,0.9962661992982839,1634.947611224288,0.9953035568850543,1634.9448334537456,0.9992532019675606,1634.918444631959,0.9950614774501504
1634.9490001097931,0.9862753062883799,1634.9490001097931,0.9953100748950025,1634.9462223387834,0.9892422530030912,1634.919833517463,0.9669664501113012
1634.9503889948317,0.9864352633267971,1634.9503889948317,0.9953061466833512,1634.947611224288,0.9915872917659364,1634.9212224029668,0.9896090256712468
1634.9517778803354,1.004208244578448,1634.9517778803354,0.9953381491107635,1634.9490001097931,0.9816497489689788,1634.9226112880058,0.9884722197241942
1634.9531667653744,0.9850019547971546,1634.9531667653744,0.995366103367325,1634.9503889948317,0.9818050808943712,1634.92400017351,0.9750384607871224
1634.9545556508783,1.0028320674511304,1634.9545556508783,0.9953696434284659,1634.9517778803354,0.9995267754804812,1634.9253890590146,0.9955758369615456
1634.9559445359175,0.986220035150143,1634.9559445359175,0.9954869708133631,1634.9531667653744,0.9804375575556418,1634.9267779440531,0.9815701467357448
1634.9573334214217,0.9842118811122356,1634.9573334214217,0.995523256551369,1634.9545556508783,0.998188597397463,1634.9281668295578,1.001050921591628
1634.9587223069263,0.9968835627522656,1634.9587223069263,0.9956067974310007,1634.9559445359175,0.9817691953470644,1634.9295557150613,0.9988442616299078
1634.9601111919644,1.0033161085250912,1634.9601111919644,0.9956402844861889,1634.9573334214217,0.9798058170214016,1634.930944600099,0.9826466270984764
1634.961500077468,0.9664618641948441,1634.961500077468,0.9957393402459145,1634.9587223069263,0.9925040513233891,1634.9323334856035,0.9905224290264336
1634.962888962507,1.001852688305089,1634.962888962507,0.9958306509886256,1634.9601111919644,0.9989419357214978,1634.9337223711088,0.9735585477007132
1634.9642778480118,1.0019225965113083,1634.9642778480118,0.9958094387718697,1634.961500077468,0.9623440990262108,1634.9351112561474,1.0010998016656574
1634.9656667330505,0.9922021904121471,1634.9656667330505,0.9959288239965461,1634.962888962507,0.9976756147895612,1634.936500141651,0.9854889001355132
1634.967055618554,0.9888188268976787,1634.967055618554,0.9959780444712488,1634.9642778480118,0.9977239785247805,1634.9378890271555,0.9929151430727512
1634.968444503593,1.0045784607233381,1634.968444503593,0.9960712673589915,1634.9656667330505,0.9881627606639668,1634.9392779121945,1.0010595272384644
1634.9698333890972,0.9883911575485939,1634.9698333890972,0.9960807531969235,1634.967055618554,0.9848418415499044,1634.940666797699,0.9983127768813084
1634.9712222741362,0.9725265213352251,1634.9712222741362,0.9960726077787531,1634.968444503593,1.0006317405342402,1634.942055683203,0.992933903382854
1634.9726111596403,0.9947075351463788,1634.9726111596403,0.9961758850408781,1634.9698333890972,0.9845174086641824,1634.943444568242,1.0013156312883076
1634.974000044679,0.9701305957718731,1634.974000044679,0.9962807986918739,1634.9712222741362,0.9687070282403768,1634.9448334537456,0.9992532019675606
1634.975388930183,0.9925230627698062,1634.975388930183,0.9962801130094545,1634.9726111596403,0.9909036591812742,1634.9462223387834,0.9892422530030912
1634.976777815221,0.9951772994830452,1634.976777815221,0.9964131755421942,1634.974000044679,0.9665224847910252,1634.947611224288,0.9915872917659364
1634.9781667007253,1.0092278028515986,1634.9781667007253,0.9963994371023335,1634.975388930183,0.9888309891407924,1634.9490001097931,0.9816497489689788
1634.980944471269,0.9862854292163203,1634.980944471269,0.9963423594666435,1634.976777815221,0.9916077732054064,1634.9503889948317,0.9818050808943712
1634.982333356307,0.996401876434764,1634.982333356307,0.9963186135192325,1634.9781667007253,1.0055940146693576,1634.9517778803354,0.9995267754804812
1634.9837222418116,0.9926242227903364,1634.9837222418116,0.9964371943347494,1634.9795555857647,1.0283954504698984,1634.9531667653744,0.9804375575556418
1634.98511112685,0.9704364877048592,1634.98511112685,0.9964521843009354,1634.980944471269,0.9826779516529598,1634.9545556508783,0.998188597397463
1634.986500012354,1.012598982275931,1634.986500012354,0.9965578513498331,1634.982333356307,0.9927337360374456,1634.9559445359175,0.9817691953470644
1634.9878888973928,0.9855288734182648,1634.9878888973928,0.9965626883256538,1634.9837222418116,0.989087695585914,1634.9573334214217,0.9798058170214016
1634.989277782898,1.0086512343145193,1634.989277782898,0.9965403627899386,1634.98511112685,0.9669935578988348,1634.9587223069263,0.9925040513233891
1634.990666667936,0.9877378603933948,1634.990666667936,0.9965614853021934,1634.986500012354,1.0091134660559296,1634.9601111919644,0.9989419357214978
1634.9920555534395,1.0030293860310782,1634.9920555534395,0.9965625347724235,1634.9878888973928,0.9821413035162588,1634.961500077468,0.9623440990262108
1634.9934444384785,0.9753744896697899,1634.9934444384785,0.9966628425620232,1634.989277782898,1.0051616669723105,1634.962888962507,0.9976756147895612
1634.9948333235177,1.0001222706630983,1634.9948333235177,0.9967064348453731,1634.990666667936,0.984341509242852,1634.9642778480118,0.9977239785247805
1634.996222209022,0.9984854408645729,1634.996222209022,0.9967462334768805,1634.9920555534395,0.999581507394359,1634.9656667330505,0.9881627606639668
1634.99761109406,1.0009235027345138,1634.99761109406,0.9967758291944779,1634.9934444384785,0.9721195114367756,1634.967055618554,0.9848418415499044
1634.9989999795646,0.9937272905482883,1634.9989999795646,0.9968214990451418,1634.9948333235177,0.996828302802076,1634.968444503593,1.0006317405342402
1635.000388864603,1.021191175346675,1635.000388864603,0.9969513122389053,1634.996222209022,0.9952366023632656,1634.9698333890972,0.9845174086641824
1635.0017777496412,0.9750726301934803,1635.0017777496412,0.9970253105617779,1634.99761109406,0.9976963543984364,1634.9712222741362,0.9687070282403768
1635.0031666351458,0.9903811364307028,1635.0031666351458,0.9971400154740728,1634.9989999795646,0.990568727406412,1634.9726111596403,0.9909036591812742
1635.0045555201852,1.0144110379089886,1635.0045555201852,0.9971698340702946,1635.000388864603,1.0180778823086576,1634.974000044679,0.9665224847910252
1635.005944405689,0.9888003433008596,1635.005944405689,0.9972257166744104,1635.0017777496412,0.9721720919389444,1634.975388930183,0.9888309891407924
1635.007333290727,0.9877557267209945,1635.007333290727,0.9973200761609782,1635.0031666351458,0.9875486617057408,1634.976777815221,0.9916077732054064
1635.0087221757656,1.0000677630816535,1635.0087221757656,0.9974178418878205,1635.0045555201852,1.0115400863507815,1634.9781667007253,1.0055940146693576
1635.0114999463094,0.9988912186838828,1635.0114999463094,0.9975300521978573,1635.005944405689,0.9860571309961028,1634.9795555857647,1.0283954504698984
1635.012888831813,0.9955650165812956,1635.012888831813,0.9975787111540849,1635.007333290727,0.9851086166018246,1634.980944471269,0.9826779516529598
1635.014277716852,0.9935389467435174,1635.014277716852,0.9975748556237676,1635.0087221757656,0.997485429994483,1634.982333356307,0.9927337360374456
1635.017055487394,0.9994367397702731,1635.017055487394,0.9977187556373143,1635.0114999463094,0.9964240095137148,1634.9837222418116,0.989087695585914
1635.0184443724331,1.0049073578598826,1635.0184443724331,0.9978049845775694,1635.012888831813,0.993154466111264,1634.98511112685,0.9669935578988348
1635.0198332574726,0.9960822420607232,1635.0198332574726,0.9979101436963435,1635.014277716852,0.9911294713542544,1634.986500012354,1.0091134660559296
1635.0212221429767,1.0074035218346342,1635.0212221429767,0.9979861306788302,1635.017055487394,0.9971567803418112,1634.9878888973928,0.9821413035162588
1635.0226110280148,1.0056879400393417,1635.0226110280148,0.9980666850269553,1635.0184443724331,1.002701570711266,1634.989277782898,1.0051616669723105
1635.0239999130529,0.9972327425771645,1635.0239999130529,0.9980234325474394,1635.0198332574726,0.9940005733081922,1634.990666667936,0.984341509242852
1635.0253887980923,0.9964260011956562,1635.0253887980923,0.9980819042390385,1635.0212221429767,1.0053747427879731,1634.9920555534395,0.999581507394359
1635.0295554536735,0.9981801318306864,1635.0295554536735,0.9983035254885,1635.0226110280148,1.0037436284866532,1634.9934444384785,0.9721195114367756
1635.0309443391775,1.0127800751326477,1635.0309443391775,0.9983215758381043,1635.0239999130529,0.9952616447955588,1634.9948333235177,0.996828302802076
1635.0323332242158,1.0032582287652694,1635.0323332242158,0.9982895622018686,1635.0253887980923,0.994514760706651,1634.996222209022,0.9952366023632656
1635.0337221092548,1.004234836121998,1635.0337221092548,0.9982235749658345,1635.0295554536735,0.99648674467915,1634.99761109406,0.9976963543984364
1635.0364998797984,0.9786956314892646,1635.0364998797984,0.9983643010767167,1635.0309443391775,1.0110802005838586,1634.9989999795646,0.990568727406412
1635.0378887648365,1.0018833697790561,1635.0378887648365,0.9984527549010989,1635.0323332242158,1.0015422179695028,1635.000388864603,1.0180778823086576
1635.0392776498743,1.0194753670147336,1635.0392776498743,0.9984993854644125,1635.0337221092548,1.0024508882189298,1635.0017777496412,0.9721720919389444
1635.0406665353796,0.9920462405329239,1635.0406665353796,0.9985527128870673,1635.0364998797984,0.9770947800986156,1635.0031666351458,0.9875486617057408
1635.0420554204186,1.0021114404104388,1635.0420554204186,0.9986169358753301,1635.0378887648365,1.000333210645495,1635.0045555201852,1.0115400863507815
1635.0434443054564,1.0066022666704535,1635.0434443054564,0.9987209394578586,1635.0392776498743,1.017945527460318,1635.005944405689,0.9860571309961028
1635.0448331904952,1.0107049186820356,1635.0448331904952,0.9987997007150499,1635.0406665353796,0.9906104647935672,1635.007333290727,0.9851086166018246
1635.0462220759994,0.9978663904410823,1635.0462220759994,0.9988501673522465,1635.0420554204186,1.0007254560282857,1635.0087221757656,0.997485429994483
1635.0476109610374,0.9839809060673966,1635.0476109610374,0.998910831828807,1635.0434443054564,1.0053147614295252,1635.0114999463094,0.9964240095137148
1635.0489998460764,0.9979544292769549,1635.0489998460764,0.9989972927473921,1635.0448331904952,1.009491770290846,1635.012888831813,0.993154466111264
1635.0503887311158,1.019899703110433,1635.0503887311158,0.9990255203363229,1635.0462220759994,0.9967190110872572,1635.014277716852,0.9911294713542544
1635.0517776161544,0.9828295619000162,1635.0517776161544,0.9991238971581579,1635.0476109610374,0.9829091853834464,1635.017055487394,0.9971567803418112
1635.053166501658,0.9922813872924598,1635.053166501658,0.9991377208838189,1635.0489998460764,0.9969537731329468,1635.0184443724331,1.002701570711266
1635.0545553866962,1.0174943208307639,1635.0545553866962,0.9992730742919278,1635.0503887311158,1.0189058315907615,1635.0198332574726,0.9940005733081922
1635.0559442717356,0.999269451198715,1635.0559442717356,0.9993452497854306,1635.0517776161544,0.9819685021277892,1635.0212221429767,1.0053747427879731
1635.0573331567746,1.0026579290627062,1635.0573331567746,0.999329949118316,1635.053166501658,0.9914257637748224,1635.0226110280148,1.0037436284866532
1635.0601109273168,1.009106567344062,1635.0601109273168,0.9995435962472397,1635.0545553866962,1.0167546780511345,1635.0239999130529,0.9952616447955588
1635.0628886973934,1.0100627932282586,1635.0628886973934,0.9996333502672535,1635.0559442717356,0.99861517931113,1635.0253887980923,0.994514760706651
1635.0642775824324,1.0000805192649027,1635.0642775824324,0.999690853590903,1635.0573331567746,1.0019860972333103,1635.0295554536735,0.99648674467915
1635.0656664674718,1.0086871412063585,1635.0656664674718,0.9997332200835488,1635.0601109273168,1.0086460073197911,1635.0309443391775,1.0110802005838586
1635.0670553525104,1.004157876108029,1635.0670553525104,0.9998006895799407,1635.0628886973934,1.0096924539750645,1635.0323332242158,1.0015422179695028
1635.069833123052,1.0085183498208827,1635.069833123052,0.9998885096658483,1635.0642775824324,0.999771347963564,1635.0337221092548,1.0024508882189298
1635.0712220080916,1.010429330707966,1635.0712220080916,0.9999352115335954,1635.0656664674718,1.008418043735102,1635.0364998797984,0.9770947800986156
1635.0739997781686,0.995714247873106,1635.0739997781686,1.0000290936073921,1635.0670553525104,1.003957736979936,1635.0378887648365,1.000333210645495
1635.0753886632071,0.9958709092159104,1635.0753886632071,1.000064825396866,1635.069833123052,1.008405909773063,1635.0392776498743,1.017945527460318
1635.076777548246,1.013282283817206,1635.076777548246,1.0001478759170668,1635.0712220080916,1.0103638665412191,1635.0406665353796,0.9906104647935672
1635.0781664332835,0.9922519651342804,1635.0781664332835,1.000203578659071,1635.0739997781686,0.9957432167925084,1635.0420554204186,1.0007254560282857
1635.0809442038278,0.9878715753245468,1635.0809442038278,1.0002949345437548,1635.0753886632071,0.9959354669428276,1635.0434443054564,1.0053147614295252
1635.0823330888663,1.0087577309390956,1635.0823330888663,1.0002835461565138,1635.076777548246,1.013432123864173,1635.0448331904952,1.009491770290846
1635.0837219739044,0.9982575452231642,1635.0837219739044,1.0003125687967271,1635.0781664332835,0.992453966458803,1635.0462220759994,0.9967190110872572
1635.0851108589425,1.0111583410579226,1635.0851108589425,1.0003335324301073,1635.0809442038278,0.9881629327769036,1635.0476109610374,0.9829091853834464
1635.086499743982,1.0143421329255469,1635.086499743982,1.000386397484381,1635.0823330888663,1.009043760316557,1635.0489998460764,0.9969537731329468
1635.0878886290209,1.0198763932431252,1635.0878886290209,1.0004526785340182,1635.0837219739044,0.9985695693828984,1635.0503887311158,1.0189058315907615
1635.089277514059,1.0116152985149902,1635.089277514059,1.0005052222475155,1635.0851108589425,1.011495595156639,1635.0517776161544,0.9819685021277892
1635.0920552841364,1.0088202638064645,1635.0920552841364,1.0005941505988718,1635.086499743982,1.014734072174011,1635.053166501658,0.9914257637748224
1635.0934441691743,1.019534973068665,1635.0934441691743,1.000572215938362,1635.0878886290209,1.0203380693936983,1635.0545553866962,1.0167546780511345
1635.094833054213,0.9864046013485899,1635.094833054213,1.0005913561316635,1635.089277514059,1.012126389069727,1635.0559442717356,0.99861517931113
1635.0962219392525,1.0241001800275558,1635.0962219392525,1.0005547101272176,1635.0920552841364,1.0094196549703591,1635.0573331567746,1.0019860972333103
1635.097610824291,1.0019780532296076,1635.097610824291,1.0006545822988961,1635.0934441691743,1.0201183672299723,1635.0601109273168,1.0086460073197911
1635.098999709329,1.0037638431001321,1635.098999709329,1.0006743048027682,1635.094833054213,0.9869879177578984,1635.0628886973934,1.0096924539750645
1635.1003885943671,1.0063090531125425,1635.1003885943671,1.000738443477608,1635.0962219392525,1.0246682587687024,1635.0642775824324,0.999771347963564
1635.1017774794066,1.0119134174496254,1635.1017774794066,1.0008054272813294,1635.097610824291,1.002633930327134,1635.0656664674718,1.008418043735102
1635.1031663644455,0.9979112916694821,1635.1031663644455,1.0008126392546703,1635.098999709329,1.0044406858803796,1635.0670553525104,1.003957736979936
1635.1045552494836,1.0066490804924648,1635.1045552494836,1.000896414275566,1635.1003885943671,1.0070521554692715,1635.069833123052,1.008405909773063
1635.105944134522,0.9999946331255483,1635.105944134522,1.0010011316428082,1635.1017774794066,1.0127284401223826,1635.0712220080916,1.0103638665412191
1635.107333019561,0.9988141105117737,1635.107333019561,1.0010497021389857,1635.1031663644455,0.9987222335577716,1635.0739997781686,0.9957432167925084
1635.108721904599,1.0183703462622724,1635.108721904599,1.0010016683081706,1635.1045552494836,1.0075514550987037,1635.0753886632071,0.9959354669428276
1635.1101107896377,0.9877789820589431,1635.1101107896377,1.0010931628843522,1635.105944134522,1.0009957593954086,1635.076777548246,1.013432123864173
1635.1114996746771,1.0098514317482548,1635.1114996746771,1.0011768150389064,1635.107333019561,0.999862567820027,1635.0781664332835,0.992453966458803
1635.1128885597157,0.9895607141366176,1635.1128885597157,1.0012641474768629,1635.108721904599,1.019390415564104,1635.0809442038278,0.9881629327769036
1635.1142774447535,0.9979081869432764,1635.1142774447535,1.0012986794319105,1635.1101107896377,0.9888587853800732,1635.0823330888663,1.009043760316557
1635.1156663297918,0.9905313419778943,1635.1156663297918,1.0013954024481848,1635.1114996746771,1.0110398401001972,1635.0837219739044,0.9985695693828984
1635.1170552148312,1.0001710599394327,1635.1170552148312,1.001324547016691,1635.1128885597157,0.990811664816596,1635.0851108589425,1.011495595156639
1635.1184440998702,1.0094984644238094,1635.1184440998702,1.0013857893504061,1635.1142774447535,0.9992041497805948,1635.086499743982,1.014734072174011
1635.1198329849085,1.0026422940308588,1635.1198329849085,1.0014961668175293,1635.1156663297918,0.991913531837494,1635.0878886290209,1.0203380693936983
1635.1212218699468,1.0265171652007616,1635.1212218699468,1.0015639292379968,1635.1170552148312,1.0014958335330562,1635.089277514059,1.012126389069727
1635.1226107549858,0.9825684368333566,1635.1226107549858,1.0015731333942157,1635.1184440998702,1.0108974166450593,1635.0920552841364,1.0094196549703591
1635.1239996400236,1.0002334044247756,1635.1239996400236,1.0016215085093647,1635.1198329849085,1.004142414161039,1635.0934441691743,1.0201183672299723
1635.1253885250624,1.0083282880931552,1635.1253885250624,1.0016743957480545,1635.1212218699468,1.0281225654087247,1635.094833054213,0.9869879177578984
1635.1267774101018,1.0088098925166318,1635.1267774101018,1.0017789158526675,1635.1226107549858,0.9841141480534414,1635.0962219392525,1.0246682587687024
1635.1281662951403,1.0166690039272894,1635.1281662951403,1.0018201795961614,1635.1239996400236,1.0018552914014012,1635.097610824291,1.002633930327134
1635.1295551801784,0.9993818983788082,1635.1295551801784,1.0019276956779808,1635.1253885250624,1.0100166286913814,1635.098999709329,1.0044406858803796
1635.1309440652165,0.9850098619565988,1635.1309440652165,1.001932149867053,1635.1267774101018,1.0106044804267575,1635.1003885943671,1.0070521554692715
1635.1323329497902,1.0078979604525127,1635.1323329497902,1.0019345464763803,1635.1281662951403,1.0185195241042877,1635.1017774794066,1.0127284401223826
1635.1337218348297,1.0005184449966023,1635.1337218348297,1.001942709431698,1635.1295551801784,1.0013084025449652,1635.1031663644455,0.9987222335577716
1635.1351107198675,1.0040986397347393,1635.1351107198675,1.0019657061210243,1635.1309440652165,0.9869130486304242,1635.1045552494836,1.0075514550987037
1635.1364996049058,1.0083923398509198,1635.1364996049058,1.0020163076391626,1635.1323329497902,1.0098477859004569,1635.105944134522,1.0009957593954086
1635.1378884899448,1.0225239332283091,1635.1378884899448,1.0020451635716847,1635.1337218348297,1.002462161616285,1635.107333019561,0.999862567820027
1635.1392773749828,1.0196122176179097,1635.1392773749828,1.002086700759527,1635.1351107198675,1.006072402576978,1635.108721904599,1.019390415564104
1635.1406662600214,0.9961911111071349,1635.1406662600214,1.0021111185931686,1635.1364996049058,1.0104255690290342,1635.1101107896377,0.9888587853800732
1635.1420551450608,1.0016137655984378,1635.1420551450608,1.0021250566414186,1635.1378884899448,1.0246151619277235,1635.1114996746771,1.0110398401001972
1635.1434440296337,1.0194852560260688,1635.1434440296337,1.0021844838831435,1635.1392773749828,1.021739843206836,1635.1128885597157,0.990811664816596
1635.1448329146715,1.0048796429337865,1635.1448329146715,1.0021782342590637,1635.1406662600214,0.9982941886841424,1635.1142774447535,0.9992041497805948
1635.1462217997098,1.014646646441844,1635.1462217997098,1.0022465516465853,1635.1420551450608,1.003742251583159,1635.1156663297918,0.991913531837494
1635.1476106847488,1.0094411973768505,1635.1476106847488,1.0022362917171586,1635.1434440296337,1.02171230513696,1635.1170552148312,1.0014958335330562
1635.1489995697882,0.9993784457637634,1635.1489995697882,1.0022354698061184,1635.1448329146715,1.0070685061982605,1635.1184440998702,1.0108974166450593
1635.1517773393991,0.9893584932991264,1635.1517773393991,1.0023316641027875,1635.1462217997098,1.01692610253611,1635.1198329849085,1.004142414161039
1635.153166224438,1.0078103518861095,1635.153166224438,1.002343562849547,1635.1476106847488,1.011698602365503,1635.1212218699468,1.0281225654087247
1635.1545551094762,1.0185223970919266,1635.1545551094762,1.0024108474698732,1635.1489995697882,1.001612526104154,1635.1226107549858,0.9841141480534414
1635.1559439945147,1.0105966342885546,1635.1559439945147,1.0024084288544637,1635.1517773393991,0.99166534498274,1635.1239996400236,1.0018552914014012
1635.157332879554,1.0073083071940845,1635.157332879554,1.0025237878961222,1635.153166224438,1.0101722187861786,1635.1253885250624,1.0100166286913814
1635.1587217645929,1.0108962449526222,1635.1587217645929,1.002508034415401,1635.1545551094762,1.0209778992359648,1635.1267774101018,1.0106044804267575
1635.160110649165,1.0075446420801992,1635.160110649165,1.0025486250531144,1635.1559439945147,1.0130305843827991,1635.1281662951403,1.0185195241042877
1635.1614995342031,1.0074512646122151,1635.1614995342031,1.0025641576077429,1635.157332879554,1.0098505397074442,1635.1295551801784,1.0013084025449652
1635.162888419242,1.0133347516619937,1635.162888419242,1.0025537072875894,1635.1587217645929,1.0134316075253629,1635.1309440652165,0.9869130486304242
1635.1642773042815,1.016545670915815,1635.1642773042815,1.0026193955607583,1635.160110649165,1.010112495597136,1635.1323329497902,1.0098477859004569
1635.1656661888544,1.013209218695949,1635.1656661888544,1.0025882291901342,1635.1614995342031,1.0100345284368006,1635.1337218348297,1.002462161616285
1635.1670550738925,1.001621322608653,1635.1670550738925,1.0026063645217567,1635.162888419242,1.0159225120020805,1635.1351107198675,1.006072402576978
1635.1684439589314,1.0032342574491964,1635.1684439589314,1.0026247555414516,1635.1642773042815,1.0192084061335198,1635.1364996049058,1.0104255690290342
1635.1698328439695,1.0246575366758335,1635.1698328439695,1.0026277070338514,1635.1656661888544,1.015831636371491,1635.1378884899448,1.0246151619277235
1635.1712217285424,1.0171330235859715,1635.1712217285424,1.0026807289084898,1635.1670550738925,1.0042319128881352,1635.1392773749828,1.021739843206836
1635.1726106135818,1.0083423128671223,1635.1726106135818,1.0027388767913743,1635.1684439589314,1.00586750212581,1635.1406662600214,0.9982941886841424
1635.1739994986208,0.9925175206487101,1635.1739994986208,1.002806083487542,1635.1698328439695,1.0273500364922454,1635.1420551450608,1.003742251583159
1635.1753883836586,1.017814976089107,1635.1753883836586,1.0027995455947862,1635.1712217285424,1.019859681486078,1635.1434440296337,1.02171230513696
1635.1767772682308,1.0178173877097019,1635.1767772682308,1.0027657169545183,1635.1726106135818,1.0111040382255947,1635.1448329146715,1.0070685061982605
1635.1781661532698,1.0250385030437934,1635.1781661532698,1.0027676952971443,1635.1739994986208,0.9953026076744986,1635.1462217997098,1.01692610253611
1635.1795550383092,1.0090534446982062,1635.1795550383092,1.0027231689743388,1635.1753883836586,1.0206643955217247,1635.1476106847488,1.011698602365503
1635.1809439233475,1.0191088698816908,1635.1809439233475,1.0026840702716922,1635.1767772682308,1.0206323825154942,1635.1489995697882,1.001612526104154
1635.18233280792,0.9989190144122906,1635.18233280792,1.0027034046072187,1635.1781661532698,1.0278754972880595,1635.1517773393991,0.99166534498274
1635.1837216929591,1.0196802241186693,1635.1837216929591,1.0026947788146297,1635.1795550383092,1.011801267732258,1635.153166224438,1.0101722187861786
1635.1851105779972,1.0028440991915084,1635.1851105779972,1.002794033133831,1635.1809439233475,1.021844229702958,1635.1545551094762,1.0209778992359648
1635.18649946257,1.0102174275333147,1635.18649946257,1.002848934643363,1635.18233280792,1.0016194966780911,1635.1559439945147,1.0130305843827991
1635.1878883476095,0.996693786867889,1635.1878883476095,1.0028594818497705,1635.1837216929591,1.022428036784321,1635.157332879554,1.0098505397074442
1635.1920550022585,1.0055052161598848,1635.1920550022585,1.002929573212341,1635.1851105779972,1.0056460788327164,1635.1587217645929,1.0134316075253629
1635.1934438872977,1.0169466438752337,1635.1934438872977,1.002922629640905,1635.18649946257,1.0130954709599436,1635.160110649165,1.010112495597136
1635.1948327718712,1.0088190068821488,1635.1948327718712,1.0029805018770264,1635.1878883476095,0.9995438146612168,1635.1614995342031,1.0100345284368006
1635.1962216569098,1.0240076995382614,1635.1962216569098,1.0029971529201596,1635.1892772326485,1.040435008563049,1635.162888419242,1.0159225120020805
1635.1976105419478,1.0132734835512245,1635.1976105419478,1.003000839840111,1635.1920550022585,1.008450917306016,1635.1642773042815,1.0192084061335198
1635.1989994265211,0.9824579270114797,1635.1989994265211,1.0029987253043913,1635.1934438872977,1.0199188022798424,1635.1656661888544,1.015831636371491
1635.2003883115592,0.9990624548934512,1635.2003883115592,1.0029995164634802,1635.1948327718712,1.011825793825741,1635.1670550738925,1.0042319128881352
1635.2017771965975,0.990252746831289,1635.2017771965975,1.003062287951353,1635.1962216569098,1.0270768072051983,1635.1684439589314,1.00586750212581
1635.2031660811715,1.0051443627334502,1635.2031660811715,1.0030829544221036,1635.1976105419478,1.0163141549895929,1635.1698328439695,1.0273500364922454
1635.2045549662105,1.0026892530974059,1635.2045549662105,1.003086216467494,1635.1989994265211,0.9854040484577088,1635.1712217285424,1.019859681486078
1635.205943850783,1.0189347247946638,1635.205943850783,1.003112103688765,1635.2003883115592,1.002059159174949,1635.1726106135818,1.0111040382255947
1635.2073327358207,0.9934008061200584,1635.2073327358207,1.0032100458099147,1635.2017771965975,0.9932851858867048,1635.1739994986208,0.9953026076744986
1635.2087216208597,1.01219041793516,1635.2087216208597,1.0032087384566208,1635.2031660811715,1.0082431769913918,1635.1753883836586,1.0206643955217247
1635.2101105054332,0.9915592729548086,1635.2101105054332,1.0032673107450103,1635.2045549662105,1.0057837691820943,1635.1767772682308,1.0206323825154942
1635.2114993904718,1.0040778328474778,1635.2114993904718,1.0032515041122405,1635.205943850783,1.022105755310308,1635.1781661532698,1.0278754972880595
1635.2128882750442,1.0166878925680722,1635.2128882750442,1.0032032708130834,1635.2073327358207,0.99658966821531,1635.1795550383092,1.011801267732258
1635.2142771600832,0.9851920198305789,1635.2142771600832,1.0031848516013646,1635.2087216208597,1.0154382722546116,1635.1809439233475,1.021844229702958
1635.2156660451212,1.0121900310696963,1635.2156660451212,1.003196198838577,1635.2101105054332,0.9947990052216484,1635.18233280792,1.0016194966780911
1635.217054929694,1.0069992096847202,1635.217054929694,1.0032323966935643,1635.2114993904718,1.0073425960499909,1635.1837216929591,1.022428036784321
1635.2184438147335,1.020198755286912,1635.2184438147335,1.0032815600448635,1635.2128882750442,1.0199446192203507,1635.1851105779972,1.0056460788327164
1635.2198326993068,1.0169129842187754,1635.2198326993068,1.0032385590241946,1635.2142771600832,0.988329710212588,1635.18649946257,1.0130954709599436
1635.221221584345,0.9896794066448406,1635.221221584345,1.003243132368368,1635.2156660451212,1.0154251916714203,1635.1878883476095,0.9995438146612168
1635.2226104689173,1.0021651894514423,1635.2226104689173,1.0032996527724032,1635.217054929694,1.010254230600527,1635.1892772326485,1.040435008563049
1635.2239993539558,1.0167766868808836,1635.2239993539558,1.0033871759004773,1635.2184438147335,1.0235465987600811,1635.1920550022585,1.008450917306016
1635.2253882389953,1.018419619361568,1635.2253882389953,1.0033904717209252,1635.2198326993068,1.0202063169406377,1635.1934438872977,1.0199188022798424
1635.226777123568,1.0124398935542795,1635.226777123568,1.0033876379210882,1635.221221584345,0.9928890679628376,1635.1948327718712,1.011825793825741
1635.2295548931795,0.997700002305356,1635.2295548931795,1.0033864182231909,1635.2226104689173,1.0054719865972217,1635.1962216569098,1.0270768072051983
1635.2323326627904,1.0282834160868886,1635.2323326627904,1.0032830424041996,1635.2239993539558,1.0202206883708538,1635.1976105419478,1.0163141549895929
1635.23372154783,1.014975936701666,1635.23372154783,1.0032834896652807,1635.2253882389953,1.0218725422810488,1635.1989994265211,0.9854040484577088
1635.2351104324032,1.013564491406591,1635.2351104324032,1.0032801137730363,1635.226777123568,1.0158696733305066,1635.2003883115592,1.002059159174949
1635.2364993174413,1.0149379639135865,1635.2364993174413,1.0032311491410169,1635.2295548931795,1.0010786317744405,1635.2017771965975,0.9932851858867048
1635.2378882020137,1.0007033481409429,1635.2378882020137,1.0032424699293399,1635.2323326627904,1.031659314145437,1635.2031660811715,1.0082431769913918
1635.2392770870522,1.0328599051713556,1635.2392770870522,1.0032499929649243,1635.23372154783,1.0183085997003345,1635.2045549662105,1.0057837691820943
1635.240665971626,1.012573308930977,1635.240665971626,1.0032762548696652,1635.2351104324032,1.0168890982547143,1635.205943850783,1.022105755310308
1635.2420548566645,0.9891529974968333,1635.2420548566645,1.0033349052190512,1635.2364993174413,1.0182173798438712,1635.2073327358207,0.99658966821531
1635.243443741237,1.0066816612696132,1635.243443741237,1.003314028993155,1635.2378882020137,1.0039480986554796,1635.2087216208597,1.0154382722546116
1635.244832626276,0.9922191479077525,1635.244832626276,1.00334285517059,1635.2392770870522,1.036216692596915,1635.2101105054332,0.9947990052216484
1635.2462215108485,0.9934783424146085,1635.2462215108485,1.0033992368336824,1635.240665971626,1.0158907571652551,1635.2114993904718,1.0073425960499909
1635.2476103954211,1.0049143570452121,1635.2476103954211,1.0033852455823413,1635.2420548566645,0.9924517289906256,1635.2128882750442,1.0199446192203507
1635.2489992804606,0.9990567264489754,1635.2489992804606,1.003351196598028,1635.243443741237,1.0100178334819383,1635.2142771600832,0.988329710212588
1635.250388165034,1.0170367561998404,1635.250388165034,1.0033440803589015,1635.244832626276,0.9955359928166944,1635.2156660451212,1.0154251916714203
1635.251777050072,1.0043104429456429,1635.251777050072,1.0032647185595869,1635.2462215108485,0.99685541058961,1635.217054929694,1.010254230600527
1635.2531659346444,1.0036766966274557,1635.2531659346444,1.0032481147850674,1635.2476103954211,1.008316238933031,1635.2184438147335,1.0235465987600811
1635.2545548196829,0.9976973575496231,1635.2545548196829,1.0032614205370198,1635.2489992804606,1.002404761951888,1635.2198326993068,1.0202063169406377
1635.2559437042569,0.9978658208848332,1635.2559437042569,1.0031606937518427,1635.250388165034,1.0204378088405293,1635.221221584345,0.9928890679628376
1635.2573325888295,1.0187843015538076,1635.2573325888295,1.0031631571760955,1635.251777050072,1.0075892338883143,1635.2226104689173,1.0054719865972217
1635.2587214738676,1.0137150460153244,1635.2587214738676,1.0032260183804835,1635.2531659346444,1.006936753745199,1635.2239993539558,1.0202206883708538
1635.260110358441,1.0103585294662314,1635.260110358441,1.0032538259265495,1635.2545548196829,1.0009512682012658,1635.2253882389953,1.0218725422810488
1635.261499243479,0.9970709180202191,1635.261499243479,1.0031979954792882,1635.2559437042569,1.0010197691500813,1635.226777123568,1.0158696733305066
1635.2628881280518,0.9980112647767835,1635.2628881280518,1.0032486083066647,1635.2573325888295,1.022006876428161,1635.2295548931795,1.0010786317744405
1635.2642770130913,0.9905451765071599,1635.2642770130913,1.0032333053412232,1635.2587214738676,1.0169853093863426,1635.2323326627904,1.031659314145437
1635.2656658976646,1.0015151947250192,1635.2656658976646,1.00326373915084,1635.260110358441,1.0136460602445192,1635.23372154783,1.0183085997003345
1635.267054782237,1.0075379057625145,1635.267054782237,1.0032136031982155,1635.261499243479,1.0002595463085775,1635.2351104324032,1.0168890982547143
1635.268443667275,1.0108339958789436,1635.268443667275,1.003205297008159,1635.2628881280518,1.0012534124616823,1635.2364993174413,1.0182173798438712
1635.269832551848,1.0082333354563657,1635.269832551848,1.0032044656486772,1635.2642770130913,0.9937479115170834,1635.2378882020137,1.0039480986554796
1635.2712214364217,0.9981465116170966,1635.2712214364217,1.003217164260823,1635.2656658976646,1.0047838790762045,1635.2392770870522,1.036216692596915
1635.2726103214604,0.9967020702304575,1635.2726103214604,1.0031313245590732,1635.267054782237,1.0107757327987963,1635.240665971626,1.0158907571652551
1635.2739992060326,0.9924439098090698,1635.2739992060326,1.0030725292509837,1635.268443667275,1.01407401906168,1635.2420548566645,0.9924517289906256
1635.275388090606,1.0034752723548235,1635.275388090606,1.0030326217112755,1635.269832551848,1.0114641845456869,1635.243443741237,1.0100178334819383
1635.276776975644,0.9885448842321449,1635.276776975644,1.0030097606450927,1635.2712214364217,1.0013577129013362,1635.244832626276,0.9955359928166944
1635.2781658602169,1.0081377878937796,1635.2781658602169,1.0029409406768848,1635.2726103214604,0.9998230679010492,1635.2462215108485,0.99685541058961
1635.2795547447906,1.0044214429976295,1635.2795547447906,1.0029301419959833,1635.2739992060326,0.9954932227519188,1635.2476103954211,1.008316238933031
1635.2837213989744,0.9948742087344359,1635.2837213989744,1.0027314156082725,1635.275388090606,1.0065184332524948,1635.2489992804606,1.002404761951888
1635.285110284013,0.9987320011048644,1635.285110284013,1.0027054744224868,1635.276776975644,0.9915201677206146,1635.250388165034,1.0204378088405293
1635.2864991685867,1.0126586942835807,1635.2864991685867,1.0026424302104557,1635.2781658602169,1.011102661322101,1635.251777050072,1.0075892338883143
1635.28788805316,1.0006824041457918,1635.28788805316,1.002660021061796,1635.2795547447906,1.007364540449423,1635.2531659346444,1.006936753745199
1635.289276938198,1.003538598785236,1635.289276938198,1.002604105085416,1635.2837213989744,0.9975916236764408,1635.2545548196829,1.0009512682012658
1635.290665822771,1.0075128125423547,1635.290665822771,1.0024804479031495,1635.285110284013,1.0014340449887726,1635.2559437042569,1.0010197691500813
1635.2934435919158,1.0042194970495844,1635.2934435919158,1.0024802904924726,1635.2864991685867,1.0153345742102362,1635.2573325888295,1.022006876428161
1635.2948324769552,1.003799288763429,1635.2948324769552,1.0023981645281792,1635.28788805316,1.0033442404169883,1635.2587214738676,1.0169853093863426
1635.296221361529,1.0041634608307382,1635.296221361529,1.0023010729136062,1635.289276938198,1.006151918753744,1635.260110358441,1.0136460602445192
1635.2976102461014,1.0041546132019445,1635.2976102461014,1.0022558272481419,1635.290665822771,1.0100118955856217,1635.261499243479,1.0002595463085775
1635.2989991306738,1.0083640365972286,1635.2989991306738,1.0022563385445842,1635.2934435919158,1.006710253120472,1635.2628881280518,1.0012534124616823
1635.3003880157123,0.9880130322692252,1635.3003880157123,1.0022612942323825,1635.2948324769552,1.006206564611153,1635.2642770130913,0.9937479115170834
1635.301776900286,1.0088702242273337,1635.301776900286,1.002143801412634,1635.296221361529,1.0064741141712887,1635.2656658976646,1.0047838790762045
1635.3031657848594,0.9952760559027374,1635.3031657848594,1.0021463654038183,1635.2976102461014,1.0064198125397528,1635.267054782237,1.0107757327987963
1635.3045546694318,1.0201089349536034,1635.3045546694318,1.002147858655797,1635.2989991306738,1.0106392472399754,1635.268443667275,1.01407401906168
1635.3059435544703,1.0075944279974713,1635.3059435544703,1.0020270392950572,1635.3003880157123,0.9902472204406144,1635.269832551848,1.0114641845456869
1635.3073324390427,0.9965739302942238,1635.3073324390427,1.0020387677658664,1635.301776900286,1.0110330416391968,1635.2712214364217,1.0013577129013362
1635.3087213236151,1.0156624843477222,1635.3087213236151,1.002051687859356,1635.3031657848594,0.9974122819963758,1635.2726103214604,0.9998230679010492
1635.310110208189,1.0075748203886365,1635.310110208189,1.0019819693558987,1635.3045546694318,1.0222999847593994,1635.2739992060326,0.9954932227519188
1635.3114990932283,1.0048792786068816,1635.3114990932283,1.0018873406814706,1635.3059435544703,1.009636861496503,1635.275388090606,1.0065184332524948
1635.3128879778008,0.9856756997056432,1635.3128879778008,1.00181173868665,1635.3073324390427,0.9986057130996104,1635.276776975644,0.9915201677206146
1635.3142768623732,1.0103020731023744,1635.3142768623732,1.0017205344275435,1635.3087213236151,1.0177463067360617,1635.2781658602169,1.011102661322101
1635.315665746946,0.9904441047090846,1635.315665746946,1.0017242805905455,1635.310110208189,1.009571802806422,1635.2795547447906,1.007364540449423
1635.3170546315198,1.0013071144599446,1635.3170546315198,1.0016275212228287,1635.3114990932283,1.0067758281493633,1635.2837213989744,0.9975916236764408
1635.3198324011312,1.000440610699724,1635.3198324011312,1.001476937225705,1635.3128879778008,0.9874614865032908,1635.285110284013,1.0014340449887726
1635.321221285704,1.0036857817008353,1635.321221285704,1.0013905553594646,1635.3142768623732,1.0120403326013656,1635.2864991685867,1.0153345742102362
1635.3226101702764,1.0120017411090982,1635.3226101702764,1.0013236213635535,1635.315665746946,0.9921519082548548,1635.28788805316,1.0033442404169883
1635.3239990548489,0.9877783642173404,1635.3239990548489,1.0012595807593032,1635.3170546315198,1.0029367630392976,1635.289276938198,1.006151918753744
1635.3253879394226,0.991597100084278,1635.3253879394226,1.0012666397215946,1635.3198324011312,1.0019181986797734,1635.290665822771,1.0100118955856217
1635.3267768239964,1.000507700430388,1635.3267768239964,1.0012731081635966,1635.321221285704,1.0050814623437978,1635.2934435919158,1.006710253120472
1635.3281657090345,0.9959227025031946,1635.3281657090345,1.0011781255402696,1635.3226101702764,1.0133412482335835,1635.2948324769552,1.006206564611153
1635.3309434781795,0.9996843030322123,1635.3309434781795,1.0010889138769496,1635.3239990548489,0.9890225508393646,1635.296221361529,1.0064741141712887
1635.3323323627535,0.984539026576364,1635.3323323627535,1.0011097998257723,1635.3253879394226,0.9928530963590628,1635.2976102461014,1.0064198125397528
1635.3337212473268,0.9937517235302818,1635.3337212473268,1.001007450252029,1635.3267768239964,1.0017814549515471,1635.2989991306738,1.0106392472399754
1635.3351101318992,0.9893574352968975,1635.3351101318992,1.000954155379144,1635.3281657090345,0.997096024475148,1635.3003880157123,0.9902472204406144
1635.336499016472,0.9987469162315572,1635.336499016472,1.0008630385793762,1635.3309434781795,1.0007728731423529,1635.301776900286,1.0110330416391968
1635.3378879010454,1.0010969641429244,1635.3378879010454,1.0007458914191067,1635.3323323627535,0.9856316678165246,1635.3031657848594,0.9974122819963758
1635.3392767856176,1.0137066552288514,1635.3392767856176,1.0006337142036086,1635.3337212473268,0.9947528789546066,1635.3045546694318,1.0222999847593994
1635.3406656706563,0.9866246116462769,1635.3406656706563,1.0005564588232085,1635.3351101318992,0.990301436015682,1635.3059435544703,1.009636861496503
1635.34205455523,1.0102847948494957,1635.34205455523,1.0005421592220447,1635.336499016472,0.999608873351298,1635.3073324390427,0.9986057130996104
1635.3434434398025,0.9903976804423076,1635.3434434398025,1.0004692637107289,1635.3378879010454,1.0018436737781724,1635.3087213236151,1.0177463067360617
1635.3462212089478,0.9821442300206953,1635.3462212089478,1.0003226199597866,1635.3392767856176,1.0143490555345624,1635.310110208189,1.009571802806422
1635.3476100935216,1.0075517595532877,1635.3476100935216,1.0001941797252794,1635.3406656706563,0.9871736276166222,1635.3114990932283,1.0067758281493633
1635.3489989780949,0.9903955100452778,1635.3489989780949,1.0001149423607139,1635.34205455523,1.0108325300679148,1635.3128879778008,0.9874614865032908
1635.3503878626673,1.0061517117117957,1635.3503878626673,1.0000257793389271,1635.3434434398025,0.9908624381329292,1635.3142768623732,1.0120403326013656
1635.35177674724,1.0030109286247944,1635.35177674724,0.9999331782967562,1635.3462212089478,0.9824610893526892,1635.315665746946,0.9921519082548548
1635.3531656318137,0.9879020181687389,1635.3531656318137,0.9998333492341811,1635.3476100935216,1.0077474056771625,1635.3170546315198,1.0029367630392976
1635.3545545163856,1.0055525257949003,1635.3545545163856,0.999773048059119,1635.3489989780949,0.9905093484432428,1635.3198324011312,1.0019181986797734
1635.3559434009587,1.0090339587225057,1635.3559434009587,0.9996689109909213,1635.3503878626673,1.006177649637784,1635.321221285704,1.0050814623437978
1635.3573322855325,1.0183991272973603,1635.3573322855325,0.999662334903218,1635.35177674724,1.0029439057261715,1635.3226101702764,1.0133412482335835
1635.358721170105,0.9670929537892093,1635.358721170105,0.9996614125557954,1635.3531656318137,0.987737383540857,1635.3239990548489,0.9890225508393646
1635.3601100546773,1.0083602614721738,1635.3601100546773,0.9995926960169661,1635.3545545163856,1.0053243136975134,1635.3253879394226,0.9928530963590628
1635.3614989392502,1.0097899447972332,1635.3614989392502,0.9996419075814403,1635.3559434009587,1.0086998786689854,1635.3267768239964,1.0017814549515471
1635.362887823824,1.0063599829908596,1635.362887823824,0.9995753645557028,1635.3573322855325,1.0180552494574786,1635.3281657090345,0.997096024475148
1635.3642767083973,1.0142614428829666,1635.3642767083973,0.9995464180204389,1635.358721170105,0.9667655082576776,1635.3309434781795,1.0007728731423529
1635.3656655929697,1.0266885451554124,1635.3656655929697,0.9994781160167745,1635.3601100546773,1.007949552321343,1635.3323323627535,0.9856316678165246
1635.3670544775423,0.9910371115451136,1635.3670544775423,0.9994494890408584,1635.3614989392502,1.0094283466736635,1635.3337212473268,0.9947528789546066
1635.3684433621158,1.003754378843347,1635.3684433621158,0.9993693430457122,1635.362887823824,1.0059326468723595,1635.3351101318992,0.990301436015682
1635.3698322466882,1.0117766299418782,1635.3698322466882,0.9993195868672105,1635.3642767083973,1.0138013921699112,1635.336499016472,0.999608873351298
1635.3726100158349,1.0001951633545243,1635.3726100158349,0.9991084695846257,1635.3656655929697,1.0261527328479347,1635.3378879010454,1.0018436737781724
1635.3739989004073,1.0017527512299185,1635.3739989004073,0.999113154358092,1635.3670544775423,0.990491534754292,1635.3392767856176,1.0143490555345624
1635.3753877849797,0.9985563876562629,1635.3753877849797,0.9990344445276579,1635.3684433621158,1.0031213541639326,1635.3406656706563,0.9871736276166222
1635.3767766695526,1.0107193971986532,1635.3767766695526,0.9989869282710573,1635.3698322466882,1.0110882038354163,1635.34205455523,1.0108325300679148
1635.3795544386996,1.013671800926585,1635.3795544386996,0.9987257045259142,1635.3726100158349,0.9993034589450835,1635.3434434398025,0.9908624381329292
1635.380943323272,0.9882308264897243,1635.380943323272,0.9986623483761613,1635.3739989004073,1.000864351168221,1635.3462212089478,0.9824610893526892
1635.382332207845,0.9894456281502528,1635.382332207845,0.9987068402268735,1635.3753877849797,0.9975922260717192,1635.3476100935216,1.0077474056771625
1635.3837210924182,0.9936322504957384,1635.3837210924182,0.9987002753864056,1635.3767766695526,1.0096954659514572,1635.3489989780949,0.9905093484432428
1635.3851099769906,0.9955468122756892,1635.3851099769906,0.9986281986140328,1635.3795544386996,1.012380083538456,1635.3503878626673,1.006177649637784
1635.3878877456716,1.014071954842401,1635.3878877456716,0.9984963239624421,1635.380943323272,0.9869089179199428,1635.35177674724,1.0029439057261715
1635.389276630244,0.9973696942715775,1635.389276630244,0.998353702089802,1635.382332207845,0.988166116866233,1635.3531656318137,0.987737383540857
1635.3906655148164,0.9947602363518606,1635.3906655148164,0.9982316977031579,1635.3837210924182,0.992340802202908,1635.3545545163856,1.0053243136975134
1635.3948321685364,0.990822435763655,1635.3948321685364,0.9979728235982882,1635.3851099769906,0.9941811197788142,1635.3559434009587,1.0086998786689854
1635.3962210531088,1.0162807197534123,1635.3962210531088,0.9979085016563302,1635.3878877456716,1.0125471191435451,1635.3573322855325,1.0180552494574786
1635.3976099376816,1.0067022090188746,1635.3976099376816,0.9977738782343497,1635.389276630244,0.9957277266282034,1635.358721170105,0.9667655082576776
1635.3989988217893,0.9882238516728609,1635.3989988217893,0.9976499283799998,1635.3906655148164,0.9930011995411124,1635.3601100546773,1.007949552321343
1635.4017765909346,1.0053694439480172,1635.4017765909346,0.9975554027866995,1635.3948321685364,0.9888138639035884,1635.3614989392502,1.0094283466736635
1635.4031654755083,0.9937427294580554,1635.4031654755083,0.9976263583552023,1635.3962210531088,1.0141551703113445,1635.362887823824,1.0059326468723595
1635.4045543600807,1.0069265553681628,1635.4045543600807,0.997502770903854,1635.3976099376816,1.0044611673198496,1635.3642767083973,1.0138013921699112
1635.4059432446531,0.9852767616672498,1635.4059432446531,0.9973629667113889,1635.3989988217893,0.9859014548448372,1635.3656655929697,1.0261527328479347
1635.407332129226,1.0199327614667917,1635.407332129226,0.9973069966535714,1635.4017765909346,1.0029117206070044,1635.3670544775423,0.990491534754292
1635.408721013334,0.9845887714242648,1635.408721013334,0.9971962494190227,1635.4031654755083,0.9913839403311988,1635.3684433621158,1.0031213541639326
1635.4101098979074,0.9999256477534312,1635.4101098979074,0.9970937424910371,1635.4045543600807,1.0044120290764154,1635.3698322466882,1.0110882038354163
1635.4114987824798,1.0115305744679384,1635.4114987824798,0.9969745902558105,1635.4059432446531,0.9826785540482382,1635.3726100158349,0.9993034589450835
1635.4128876670527,0.9922420232298085,1635.4128876670527,0.9968973316190384,1635.407332129226,1.0171860791270295,1635.3739989004073,1.000864351168221
1635.414276551626,1.0087206898088625,1635.414276551626,0.9967552393588681,1635.408721013334,0.9818282300843604,1635.3753877849797,0.9975922260717192
1635.4156654357328,1.0021161933009388,1635.4156654357328,0.9967196920433237,1635.4101098979074,0.9970196063312432,1635.3767766695526,1.0096954659514572
1635.4170543203056,0.9978319921930109,1635.4170543203056,0.9966080324868636,1635.4114987824798,1.0084702800113974,1635.3795544386996,1.012380083538456
1635.4184432048794,1.0040381762096053,1635.4184432048794,0.9965430677314772,1635.4128876670527,0.989163425278072,1635.380943323272,0.9869089179199428
1635.4198320894518,0.9993092642346112,1635.4198320894518,0.9964607670823817,1635.414276551626,1.0054476326166752,1635.382332207845,0.988166116866233
1635.4212209735583,1.0116639770694382,1635.4212209735583,0.9964092117684423,1635.4156654357328,0.9988289435785396,1635.3837210924182,0.992340802202908
1635.4253876272785,0.9934213915908671,1635.4253876272785,0.9961481812121,1635.4170543203056,0.994447378491924,1635.3851099769906,0.9941811197788142
1635.426776511851,0.9887284802888494,1635.426776511851,0.9960204865878435,1635.4184432048794,1.0005672842394375,1635.3878877456716,1.0125471191435451
1635.428165395958,0.9837287203432306,1635.428165395958,0.9958909631249077,1635.4198320894518,0.9957724759917512,1635.389276630244,0.9957277266282034
1635.4295542805314,0.9957900685356439,1635.4295542805314,0.9958095292867761,1635.4212209735583,1.0080313059662864,1635.3906655148164,0.9930011995411124
1635.4309431651038,0.9927779976102784,1635.4309431651038,0.9956891643585247,1635.4253876272785,0.9895949124104356,1635.3948321685364,0.9888138639035884
1635.432332049211,0.997500821506991,1635.432332049211,0.9955818469846149,1635.426776511851,0.9847938220405588,1635.3962210531088,1.0141551703113445
1635.4337209337848,0.9908722301698248,1635.4337209337848,0.9955377931151831,1635.428165395958,0.9796865427562528,1635.3976099376816,1.0044611673198496
1635.4351098183572,1.0176100530168086,1635.4351098183572,0.9954039657933829,1635.4295542805314,0.991617239416926,1635.3989988217893,0.9859014548448372
1635.4364987029296,1.017758099037511,1635.4364987029296,0.9953298593935925,1635.4309431651038,0.9884982948341076,1635.4017765909346,1.0029117206070044
1635.4378875870368,0.9958428352759601,1635.4378875870368,0.9952046543227164,1635.432332049211,0.9930937102446008,1635.4031654755083,0.9913839403311988
1635.4392764716106,0.9971946531538926,1635.4392764716106,0.9951595054575141,1635.4337209337848,0.9864507532823872,1635.4045543600807,1.0044120290764154
1635.440665356184,1.0043645866168465,1635.440665356184,0.9951059265367125,1635.4351098183572,1.0129330824041458,1635.4059432446531,0.9826785540482382
1635.4420542402906,1.0204727647068559,1635.4420542402906,0.9950635581831679,1635.4364987029296,1.0130050256116958,1635.407332129226,1.0171860791270295
1635.4434431248635,0.99563108730298,1635.4434431248635,0.9950561407444504,1635.4378875870368,0.9910674246405656,1635.408721013334,0.9818282300843604
1635.4448320094368,1.0310041602007527,1635.4448320094368,0.9949364670414104,1635.4392764716106,0.992367737877505,1635.4101098979074,0.9970196063312432
1635.4476097781164,0.9958912144462867,1635.4476097781164,0.9947818009997327,1635.440665356184,0.9994491525460192,1635.4114987824798,1.0084702800113974
1635.4489986626902,0.9961363760644859,1635.4489986626902,0.9947167508650469,1635.4420542402906,1.0154352602782188,1635.4128876670527,0.989163425278072
1635.450387546797,0.9912206728348206,1635.450387546797,0.994779611434183,1635.4434431248635,0.9907088273369042,1635.414276551626,1.0054476326166752
1635.4517764313694,1.008061375457542,1635.4517764313694,0.9947282169480001,1635.4448320094368,1.0257836366551332,1635.4156654357328,0.9988289435785396
1635.45455420005,0.9838115514146248,1635.45455420005,0.9946404941380033,1635.4476097781164,0.990694455906688,1635.4170543203056,0.994447378491924
1635.457331969196,1.015460887862189,1635.457331969196,0.9944738856883838,1635.4489986626902,0.9908735394173478,1635.4184432048794,1.0005672842394375
1635.4587208533032,0.9930724747675448,1635.4587208533032,0.9944058506032069,1635.450387546797,0.9860461157681524,1635.4198320894518,0.9957724759917512
1635.4601097378766,1.010675707504182,1635.4601097378766,0.994344533159609,1635.4517764313694,1.0027470945830292,1635.4212209735583,1.0080313059662864
1635.461498622449,1.001122129003959,1635.461498622449,0.9942831908559866,1635.45455420005,0.978538807637718,1635.4253876272785,0.9895949124104356
1635.4628875065562,0.9977585889576659,1635.4628875065562,0.9941823496742775,1635.457331969196,1.009849334916887,1635.426776511851,0.9847938220405588
1635.46427639113,0.9994140024355541,1635.46427639113,0.9940784657375119,1635.4587208533032,0.987517078981852,1635.428165395958,0.9796865427562528
1635.4656652752367,1.0060060037319818,1635.4656652752367,0.9941430259834618,1635.4601097378766,1.0049598645540032,1635.4295542805314,0.991617239416926
1635.467054159809,1.004485872991408,1635.467054159809,0.9940009713314772,1635.461498622449,0.995398904862595,1635.4309431651038,0.9884982948341076
1635.4684430443824,1.0067781113484273,1635.4684430443824,0.9938794526599554,1635.4628875065562,0.991953978377624,1635.432332049211,0.9930937102446008
1635.4698319284896,0.9958564024340284,1635.4698319284896,0.993817796246916,1635.46427639113,0.9934959381777216,1635.4337209337848,0.9864507532823872
1635.4712208130625,0.9856046723286678,1635.4712208130625,0.9938011604591078,1635.4656652752367,1.000113852707642,1635.4351098183572,1.0129330824041458
1635.47260969717,1.0161417586023593,1635.47260969717,0.9938172728967934,1635.467054159809,0.9984599334422064,1635.4364987029296,1.0130050256116958
1635.473998581743,1.0155165819772973,1635.473998581743,0.9937358201263181,1635.4684430443824,1.0006160782569986,1635.4378875870368,0.9910674246405656
1635.4753874658506,1.0089372833167594,1635.4753874658506,0.9936195092299117,1635.4698319284896,0.989699815245368,1635.4392764716106,0.992367737877505
1635.476776350423,0.9906968720365693,1635.476776350423,0.9935048680992413,1635.4712208130625,0.9794950671141488,1635.440665356184,0.9994491525460192
1635.4781652345305,1.0084653777228227,1635.4781652345305,0.993379522924156,1635.47260969717,1.0098592314107486,1635.4420542402906,1.0154352602782188
1635.479554119104,1.00422247773291,1635.479554119104,0.9933702044330887,1635.473998581743,1.0091552034430848,1635.4434431248635,0.9907088273369042
1635.4809430036764,0.9902142598659736,1635.4809430036764,0.9933304165286866,1635.4753874658506,1.0024997682929588,1635.4448320094368,1.0257836366551332
1635.4823318877832,0.9961212894953885,1635.4823318877832,0.9933190550434634,1635.476776350423,0.9842621651790228,1635.4476097781164,0.990694455906688
1635.4837207723565,0.9837995850273268,1635.4837207723565,0.9932531026360041,1635.4781652345305,1.0017888558078265,1635.4489986626902,0.9908735394173478
1635.4851096564637,0.990651478192576,1635.4851096564637,0.9931229125032054,1635.479554119104,0.9975646880018436,1635.450387546797,0.9860461157681524
1635.4864985410368,0.9957748044331485,1635.4864985410368,0.9930322522246076,1635.4809430036764,0.9836099432053126,1635.4517764313694,1.0027470945830292
1635.4878874251442,1.019197792739028,1635.4878874251442,0.992976176970536,1635.4823318877832,0.9894662579902356,1635.45455420005,0.978538807637718
1635.489276309717,0.9985622296530595,1635.489276309717,0.9928694606597934,1635.4837207723565,0.9771619902004056,1635.457331969196,1.009849334916887
1635.4906651938247,1.017957759438071,1635.4906651938247,0.9929261573586112,1635.4851096564637,0.9838386812982168,1635.4587208533032,0.987517078981852
1635.4934429625043,1.0018925188324788,1635.4934429625043,0.9929737411220805,1635.4864985410368,0.9888364967547676,1635.4601097378766,1.0049598645540032
1635.4962207311848,1.0150865106152784,1635.4962207311848,0.9929943769402932,1635.4878874251442,1.0120391278108087,1635.461498622449,0.995398904862595
1635.4976096157573,0.998227799614573,1635.4976096157573,0.9930384703738648,1635.489276309717,0.991441942390874,1635.4628875065562,0.991953978377624
1635.498998499865,0.9933669214761024,1635.498998499865,0.9929382841211364,1635.4906651938247,1.0107568864322254,1635.46427639113,0.9934959381777216
1635.500387383972,0.9915552672471678,1635.500387383972,0.9928843238006733,1635.4934429625043,0.9948529626273108,1635.4656652752367,1.000113852707642
1635.5017762685454,0.9767022509775832,1635.5017762685454,0.9927942783794723,1635.4962207311848,1.0079751971489148,1635.467054159809,0.9984599334422064
1635.5031651526526,0.983928462867477,1635.5031651526526,0.9927308232853035,1635.4976096157573,0.9912786072139244,1635.4684430443824,1.0006160782569986
1635.5045540372255,1.0004966694885218,1635.5045540372255,0.9926504317011196,1635.498998499865,0.9863520465131768,1635.4698319284896,0.989699815245368
1635.5059429213331,0.9923955459344599,1635.5059429213331,0.9926548916033099,1635.500387383972,0.9844996810317,1635.4712208130625,0.9794950671141488
1635.5073318059056,0.9877792871627715,1635.5073318059056,0.9926114353829282,1635.5017762685454,0.969664406450896,1635.47260969717,1.0098592314107486
1635.5114984586933,0.9855975816311883,1635.5114984586933,0.9924661193502523,1635.5031651526526,0.9767761129962736,1635.473998581743,1.0091552034430848
1635.5128873428,1.0144275295675214,1635.5128873428,0.9924814705935772,1635.5045540372255,0.9931434508833136,1635.4753874658506,1.0024997682929588
1635.514276227373,0.9903995632737791,1635.514276227373,0.992501747681657,1635.5059429213331,0.9851062930771788,1635.476776350423,0.9842621651790228
1635.5156651114803,0.9766335285396646,1635.5156651114803,0.9924863872126061,1635.5073318059056,0.9804810160721642,1635.4781652345305,1.0017888558078265
1635.5170539960538,0.9975949804187274,1635.5170539960538,0.9924899475577335,1635.5114984586933,0.978172207082499,1635.479554119104,0.9975646880018436
1635.518442880161,1.002811578147132,1635.518442880161,0.9924387962187033,1635.5128873428,1.006800526355783,1635.4809430036764,0.9836099432053126
1635.5198317642682,1.0102672348627673,1635.5198317642682,0.9923516791893272,1635.514276227373,0.9829732974523756,1635.4823318877832,0.9894662579902356
1635.5212206488409,0.979201470009173,1635.5212206488409,0.992291461206744,1635.5156651114803,0.9692954823710312,1635.4837207723565,0.9771619902004056
1635.5226095329474,0.9923579125187358,1635.5226095329474,0.9922937147544473,1635.5170539960538,0.9901029897996408,1635.4851096564637,0.9838386812982168
1635.5239984170555,0.9843024499912278,1635.5239984170555,0.9923145530762632,1635.518442880161,0.995229115450518,1635.4864985410368,0.9888364967547676
1635.5253873016293,0.9947513499573394,1635.5253873016293,0.9923607538691304,1635.5198317642682,1.0025403869460254,1635.4878874251442,1.0120391278108087
1635.526776185736,0.9886271259399392,1635.526776185736,0.9922517309206381,1635.5212206488409,0.971653257491194,1635.489276309717,0.991441942390874
1635.5281650698428,0.9894435817842694,1635.5281650698428,0.9922103369379012,1635.5226095329474,0.9847105193791852,1635.4906651938247,1.0107568864322254
1635.529553954416,1.0079692887709724,1635.529553954416,0.992205902839436,1635.5239984170555,0.9767376457549162,1635.4934429625043,0.9948529626273108
1635.5309428385233,0.9947202238316798,1635.5309428385233,0.9922024286838719,1635.5253873016293,0.9871521995560004,1635.4962207311848,1.0079751971489148
1635.532331722631,0.9976584130893503,1635.532331722631,0.992265022653937,1635.526776185736,0.9809669769490004,1635.4976096157573,0.9912786072139244
1635.5337206072038,0.9943935357201157,1635.5337206072038,0.9923082349652138,1635.5281650698428,0.9817361496632137,1635.498998499865,0.9863520465131768
1635.5351094913112,1.004711336649575,1635.5351094913112,0.9923528177221674,1635.529553954416,1.0001130781994267,1635.500387383972,0.9844996810317
1635.5364983754178,0.9957301125518938,1635.5364983754178,0.9922929437721878,1635.5309428385233,0.9869638219467574,1635.5017762685454,0.969664406450896
1635.5378872599902,0.9783560275882149,1635.5378872599902,0.9922672320479035,1635.532331722631,0.989941547864995,1635.5031651526526,0.9767761129962736
1635.5392761440985,0.9846625940645937,1635.5392761440985,0.9922703468015924,1635.5337206072038,0.9867448942912462,1635.5045540372255,0.9931434508833136
1635.5406650282064,0.9888268059421075,1635.5406650282064,0.9922382102614795,1635.5351094913112,0.9970281259216108,1635.5059429213331,0.9851062930771788
1635.5434427968855,0.9971883709280832,1635.5434427968855,0.9922405802878033,1635.5364983754178,0.9880559645867306,1635.5073318059056,0.9804810160721642
1635.5448316809932,0.9899189602409201,1635.5448316809932,0.9922411112491988,1635.5378872599902,0.9707906274523403,1635.5114984586933,0.978172207082499
1635.5462205651004,0.9922512587904215,1635.5462205651004,0.9922361092575445,1635.5392761440985,0.97705149369503,1635.5128873428,1.006800526355783
1635.5476094496737,0.9887522588276928,1635.5476094496737,0.9921423437405961,1635.5406650282064,0.981151740186572,1635.514276227373,0.9829732974523756
1635.548998333781,0.9913355487891513,1635.548998333781,0.9921435009414769,1635.5434427968855,0.9894507678259304,1635.5156651114803,0.9692954823710312
1635.5503872178886,1.0058896093491467,1635.5503872178886,0.9921409765702934,1635.5448316809932,0.982238289156102,1635.5170539960538,0.9901029897996408
1635.5517761024607,0.9956235637515567,1635.5517761024607,0.9922120913519331,1635.5462205651004,0.9845475284281088,1635.518442880161,0.995229115450518
1635.5531649865673,0.9848929796793862,1635.5531649865673,0.9920999232624989,1635.5476094496737,0.9809829834521157,1635.5198317642682,1.0025403869460254
1635.5545538706754,0.977773197414319,1635.5545538706754,0.9920981839903976,1635.548998333781,0.9835471219834088,1635.5212206488409,0.971653257491194
1635.5559427547837,0.9914368008419726,1635.5559427547837,0.9920979889562762,1635.5503872178886,0.9979842993415734,1635.5226095329474,0.9847105193791852
1635.5587205234626,1.0131954939810492,1635.5587205234626,0.9920093092202562,1635.5517761024607,0.9878697383891968,1635.5239984170555,0.9767376457549162
1635.5601094075705,0.9908186873894738,1635.5601094075705,0.991945029869932,1635.5531649865673,0.9771122495616928,1635.5253873016293,0.9871521995560004
1635.5614982916777,0.9919762637143223,1635.5614982916777,0.991945376250286,1635.5545538706754,0.9700470135092304,1635.526776185736,0.9809669769490004
1635.5628871757851,0.9879785808514961,1635.5628871757851,0.9919423286062944,1635.5559427547837,0.9836024562925652,1635.5281650698428,0.9817361496632137
1635.564276060358,0.9962869459869889,1635.564276060358,0.9920289154919886,1635.5587205234626,1.005099362089217,1635.529553954416,1.0001130781994267
1635.5656649444657,1.0086308191884732,1635.5656649444657,0.991989338945585,1635.5601094075705,0.9828376724582384,1635.5309428385233,0.9869638219467574
1635.5670538285722,0.9812678902912333,1635.5670538285722,0.992048685471097,1635.5614982916777,0.9839862681414564,1635.532331722631,0.989941547864995
1635.5684427126787,0.9903718223739942,1635.5684427126787,0.9920156625048636,1635.5628871757851,0.9800177741029752,1635.5337206072038,0.9867448942912462
1635.5698315967868,0.9897907448458242,1635.5698315967868,0.9920715996748511,1635.564276060358,0.988345458546298,1635.5351094913112,0.9970281259216108
1635.571220480895,0.9964938664351514,1635.571220480895,0.9920784592210173,1635.5656649444657,1.0005510195669174,1635.5364983754178,0.9880559645867306
1635.572609365467,0.9682458599216637,1635.572609365467,0.9920859621252085,1635.5670538285722,0.9734655206584146,1635.5378872599902,0.9707906274523403
1635.573998249574,0.9929307025178564,1635.573998249574,0.9920378079797834,1635.5684427126787,0.982464359498487,1635.5392761440985,0.97705149369503
1635.5753871336815,1.0052440237126343,1635.5753871336815,0.9921142607205703,1635.5698315967868,0.9819432875825592,1635.5406650282064,0.981151740186572
1635.576776017789,1.0053024026006394,1635.576776017789,0.9921131453763778,1635.571220480895,0.9886000996361792,1635.5434427968855,0.9894507678259304
1635.5781649018966,0.998836811980089,1635.5781649018966,0.9921267925246657,1635.572609365467,0.9605831255141336,1635.5448316809932,0.982238289156102
1635.5795537860038,0.9814072923508711,1635.5795537860038,0.992153470299103,1635.573998249574,0.9850247976016406,1635.5462205651004,0.9845475284281088
1635.580942670577,0.9929243775078109,1635.580942670577,0.9921913791804718,1635.5753871336815,0.9973169314294316,1635.5476094496737,0.9809829834521157
1635.5823315546838,1.0016690631673697,1635.5823315546838,0.9922013286525697,1635.576776017789,0.99737372869855,1635.548998333781,0.9835471219834088
1635.5837204387904,0.984288360185483,1635.5837204387904,0.9922871410283911,1635.5781649018966,0.9909727625253684,1635.5503872178886,0.9979842993415734
1635.5851093228982,0.9924671016755543,1635.5851093228982,0.9923441771265887,1635.5795537860038,0.973706650882763,1635.5517761024607,0.9878697383891968
1635.5864982070063,0.9986697936193679,1635.5864982070063,0.9923992241002954,1635.580942670577,0.9851710075413864,1635.5531649865673,0.9771122495616928
1635.587887091113,0.9919084388127454,1635.587887091113,0.9924166306091595,1635.5823315546838,0.993857375344839,1635.5545538706754,0.9700470135092304
1635.5892759752198,0.9984410902478578,1635.5892759752198,0.9923784001136032,1635.5837204387904,0.9766966828759762,1635.5559427547837,0.9836024562925652
1635.5906648593275,1.001134242786444,1635.5906648593275,0.9922919546869259,1635.5851093228982,0.9848689493374384,1635.5587205234626,1.005099362089217
1635.5920537434347,1.0050249406148413,1635.5920537434347,0.9923781376168489,1635.5864982070063,0.9910791283202628,1635.5601094075705,0.9828376724582384
1635.593442628008,1.001368570367945,1635.593442628008,0.9923388805010002,1635.587887091113,0.9843864307193364,1635.5614982916777,0.9839862681414564
1635.5948315121152,0.982269739003851,1635.5948315121152,0.9923133378728849,1635.5892759752198,0.9908313717478509,1635.5628871757851,0.9800177741029752
1635.5962203962229,0.987648326062275,1635.5962203962229,0.9923345764742264,1635.5906648593275,0.993417454678576,1635.564276060358,0.988345458546298
1635.5976092803296,0.9924262294083543,1635.5976092803296,0.992433258561713,1635.5920537434347,0.9973647788258404,1635.5656649444657,1.0005510195669174
1635.5989981644364,0.9826575457708132,1635.5989981644364,0.9924369255627348,1635.593442628008,0.9936969660878135,1635.5670538285722,0.9734655206584146
1635.6003870485436,0.9844662789430579,1635.6003870485436,0.9925109637651429,1635.5948315121152,0.9747193634024388,1635.5684427126787,0.982464359498487
1635.6017759326517,0.9927205952630047,1635.6017759326517,0.9925015917293122,1635.5962203962229,0.9800775833484864,1635.5698315967868,0.9819432875825592
1635.6031648167589,0.996850048264765,1635.6031648167589,0.9925125059084199,1635.5976092803296,0.9849167967338472,1635.571220480895,0.9886000996361792
1635.6045537008656,0.9893883270721215,1635.6045537008656,0.9925219037791977,1635.5989981644364,0.9752256336058082,1635.572609365467,0.9605831255141336
1635.6059425849733,0.9866538499039551,1635.6059425849733,0.9925183942676058,1635.6003870485436,0.9770935753080584,1635.573998249574,0.9850247976016406
1635.611498121403,1.0076044630223202,1635.611498121403,0.9925031477170458,1635.6017759326517,0.9852767709410024,1635.5753871336815,0.9973169314294316
1635.6128870055095,1.0035767037088097,1635.6128870055095,0.9925038164490549,1635.6031648167589,0.9893861394181912,1635.576776017789,0.99737372869855
1635.6142758896165,0.9867275268609621,1635.6142758896165,0.9924531807476231,1635.6045537008656,0.9819895859625376,1635.5781649018966,0.9909727625253684
1635.6156647737237,0.9859002157034319,1635.6156647737237,0.9924335439933664,1635.6059425849733,0.9792720948046248,1635.5795537860038,0.973706650882763
1635.6170536578318,0.9905808269729602,1635.6170536578318,0.9924453190028479,1635.611498121403,1.0000506012033965,1635.580942670577,0.9851710075413864
1635.6184425419392,0.9821893575909177,1635.6184425419392,0.9925171239818069,1635.6128870055095,0.996053708530356,1635.5823315546838,0.993857375344839
1635.6212203101534,0.9788144801330797,1635.6212203101534,0.9924606407972394,1635.6142758896165,0.9792808725643976,1635.5837204387904,0.9766966828759762
1635.6226091942606,0.9943230681482179,1635.6226091942606,0.9925005921360454,1635.6156647737237,0.9784404450943812,1635.5851093228982,0.9848689493374384
1635.6239980783682,0.9931942863336686,1635.6239980783682,0.9925385768967981,1635.6170536578318,0.9830973048232844,1635.5864982070063,0.9910791283202628
1635.6253869624754,0.9889648021351608,1635.6253869624754,0.9925547677130361,1635.6184425419392,0.9748397564016762,1635.587887091113,0.9843864307193364
1635.6281647306898,0.9860969025961089,1635.6281647306898,0.9925897339968518,1635.6212203101534,0.971434846174493,1635.5892759752198,0.9908313717478509
1635.6295536147966,0.9806126809813459,1635.6295536147966,0.9926323783105039,1635.6226091942606,0.9868662339116356,1635.5906648593275,0.993417454678576
1635.6309424989038,0.9935352281238322,1635.6309424989038,0.9926321852501298,1635.6239980783682,0.9857836435396504,1635.5920537434347,0.9973647788258404
1635.632331383012,1.0048545396406592,1635.632331383012,0.9926941531164093,1635.6253869624754,0.9816017294596332,1635.593442628008,0.9936969660878135
1635.633720267119,1.0154337634968538,1635.633720267119,0.9927575976728498,1635.6281647306898,0.9787896622429912,1635.5948315121152,0.9747193634024388
1635.6351091507602,0.9908837214415407,1635.6351091507602,0.9927888794307389,1635.6295536147966,0.9733878977239528,1635.5962203962229,0.9800775833484864
1635.6364980348678,0.9925626275500234,1635.6364980348678,0.9928285305585658,1635.6309424989038,0.9862150446155458,1635.5976092803296,0.9849167967338472
1635.637886918975,1.006473845029329,1635.637886918975,0.9928930068943542,1635.632331383012,0.9975132262337636,1635.5989981644364,0.9752256336058082
1635.639275803083,0.9855638549669131,1635.639275803083,0.9928781647774153,1635.633720267119,1.0080795836450371,1635.6003870485436,0.9770935753080584
1635.64066468719,0.9921406759854099,1635.64066468719,0.9929401652705991,1635.6351091507602,0.9837383394561076,1635.6017759326517,0.9852767709410024
1635.6420535712975,0.9945890931325599,1635.6420535712975,0.992995417824771,1635.6364980348678,0.9854444949978388,1635.6031648167589,0.9893861394181912
1635.6434424554045,0.99589771267287,1635.6434424554045,0.9929820235902281,1635.637886918975,0.9993208423516926,1635.6045537008656,0.9819895859625376
1635.644831339511,0.990012613297043,1635.644831339511,0.9930264029698138,1635.639275803083,0.9785448315905034,1635.6059425849733,0.9792720948046248
1635.6462202236182,0.999329654900602,1635.6462202236182,0.9931112601913298,1635.64066468719,0.9851363267846368,1635.611498121403,1.0000506012033965
1635.647609107261,0.9863424927567405,1635.647609107261,0.9930620358284312,1635.6420535712975,0.9876224120991264,1635.6128870055095,0.996053708530356
1635.6489979913683,0.9834529387761098,1635.6489979913683,0.9930530630161177,1635.6434424554045,0.988908526018786,1635.6142758896165,0.9792808725643976
1635.6503868754749,1.00265866054613,1635.6503868754749,0.9931403144419361,1635.644831339511,0.983108664277108,1635.6156647737237,0.9784404450943812
1635.6517757595825,0.9820285239226199,1635.6517757595825,0.993217994718527,1635.6462202236182,0.9924455329249036,1635.6170536578318,0.9830973048232844
1635.6531646436897,1.014841901555329,1635.6531646436897,0.9932386383329925,1635.647609107261,0.9794992838810984,1635.6184425419392,0.9748397564016762
1635.6545535277971,0.9817799559207836,1635.6545535277971,0.9932952034176612,1635.6489979913683,0.9766209531838184,1635.6212203101534,0.971434846174493
1635.6559424119043,0.9853757285347015,1635.6559424119043,0.9933090264645343,1635.6503868754749,0.995780737412714,1635.6226091942606,0.9868662339116356
1635.6573312955463,1.0061976031227955,1635.6573312955463,0.9933927542954764,1635.6517757595825,0.9753684012868196,1635.6239980783682,0.9857836435396504
1635.658720179653,0.9887071169757544,1635.658720179653,0.9933233324499046,1635.6531646436897,1.0079801884240798,1635.6253869624754,0.9816017294596332
1635.6601090637598,0.964895110039394,1635.6601090637598,0.9934330925495799,1635.6545535277971,0.9751973210277172,1635.6281647306898,0.9787896622429912
1635.661497947867,0.9847704457256683,1635.661497947867,0.9934641820358748,1635.6559424119043,0.9787826056125856,1635.6295536147966,0.9733878977239528
1635.6628868319751,0.998424996610834,1635.6628868319751,0.9934616283707908,1635.6573312955463,0.9995494083316604,1635.6309424989038,0.9862150446155458
1635.6642757156171,0.9831311814179217,1635.6642757156171,0.9935395660619609,1635.658720179653,0.982105848251294,1635.632331383012,0.9975132262337636
1635.6656645997236,1.0124706385638578,1635.6656645997236,0.9935471268070803,1635.6601090637598,0.9585587331524024,1635.633720267119,1.0080795836450371
1635.667053483831,0.9969189543078215,1635.667053483831,0.9935949277392019,1635.661497947867,0.978334165355955,1635.6351091507602,0.9837383394561076
1635.6684423679385,0.995532214951323,1635.6684423679385,0.9936235473723792,1635.6628868319751,0.9918969229391004,1635.6364980348678,0.9854444949978388
1635.669831252046,0.9944513167523277,1635.669831252046,0.9936670965944895,1635.6642757156171,0.9767797273679448,1635.637886918975,0.9993208423516926
1635.6712201356877,1.0056845741389373,1635.6712201356877,0.9937269180952059,1635.6656645997236,1.0059372939216509,1635.639275803083,0.9785448315905034
1635.6726090197951,0.9835895833612813,1635.6726090197951,0.9936209037251589,1635.667053483831,0.9905336163673206,1635.64066468719,0.9851363267846368
1635.673997903902,1.0028797908782023,1635.673997903902,0.9936247109050508,1635.6684423679385,0.9891842509434156,1635.6420535712975,0.9876224120991264
1635.6753867880086,0.9842500509324879,1635.6753867880086,0.9937143826204162,1635.669831252046,0.9881535526218524,1635.6434424554045,0.988908526018786
1635.67677567165,0.9904542980376236,1635.67677567165,0.993798843672328,1635.6712201356877,0.9993758324349756,1635.644831339511,0.983108664277108
1635.6781645557585,0.9851995109763104,1635.6781645557585,0.9938194079393092,1635.6726090197951,0.9773151707140888,1635.6462202236182,0.9924455329249036
1635.679553439866,0.9994132336964243,1635.679553439866,0.9939304374892101,1635.673997903902,0.9964861422838716,1635.647609107261,0.9794992838810984
1635.6809423239729,0.9875128124590988,1635.6809423239729,0.994008942149485,1635.6753867880086,0.9780634317064903,1635.6489979913683,0.9766209531838184
1635.6823312076142,0.9946487615533339,1635.6823312076142,0.9941156278699905,1635.67677567165,0.9843123361000776,1635.6503868754749,0.995780737412714
1635.6837200917214,0.9986323201255304,1635.6837200917214,0.9941952817176148,1635.6781645557585,0.9791103947005738,1635.6517757595825,0.9753684012868196
1635.685108975829,0.9841705287712648,1635.685108975829,0.9942746374279523,1635.679553439866,0.9933472326003931,1635.6531646436897,1.0079801884240798
1635.6864978594706,0.9957031331949677,1635.6864978594706,0.9942350716011787,1635.6809423239729,0.9815965660715316,1635.6545535277971,0.9751973210277172
1635.6878867435782,0.9887174600110873,1635.6878867435782,0.9942157043834484,1635.6823312076142,0.988795878101701,1635.6559424119043,0.9787826056125856
1635.689275627685,0.9956634107226615,1635.689275627685,0.9942913318959932,1635.6837200917214,0.992835540839517,1635.6573312955463,0.9995494083316604
1635.6906645117915,0.9964711570005806,1635.6906645117915,0.9943644234937095,1635.685108975829,0.9785357956613254,1635.658720179653,0.982105848251294
1635.6920533954333,0.9941638430273739,1635.6920533954333,0.9944128572085603,1635.6864978594706,0.9899629759256168,1635.6601090637598,0.9585587331524024
1635.6934422795414,1.0118076227841115,1635.6934422795414,0.9943585853332227,1635.6878867435782,0.9829984259411372,1635.661497947867,0.978334165355955
1635.694831163649,0.9945672354892776,1635.694831163649,0.9943704295882073,1635.689275627685,0.9899794987675424,1635.6628868319751,0.9918969229391004
1635.69622004729,1.0014179257211395,1635.69622004729,0.9943811056426116,1635.6906645117915,0.990855467558992,1635.6642757156171,0.9767797273679448
1635.697608931397,0.9959916949024022,1635.697608931397,0.9944107426401425,1635.6920533954333,0.9886093076782936,1635.6656645997236,1.0059372939216509
1635.6989978155048,1.002288872380948,1635.6989978155048,0.9945039047160125,1635.6934422795414,1.0060995964209802,1635.667053483831,0.9905336163673206
1635.7003866991463,1.0049866960844043,1635.7003866991463,0.9945341182902093,1635.694831163649,0.9889682492078288,1635.6684423679385,0.9891842509434156
1635.7017755832535,0.9960258937466435,1635.7017755832535,0.994637526740606,1635.69622004729,0.9957910641889174,1635.669831252046,0.9881535526218524
1635.7031644668955,1.005242647207624,1635.7031644668955,0.9946817943931798,1635.697608931397,0.990424840991312,1635.6712201356877,0.9993758324349756
1635.7045533510025,0.9831612515990878,1635.7045533510025,0.994737229552509,1635.6989978155048,0.996780197236262,1635.6726090197951,0.9773151707140888
1635.7059422351092,0.9968176291803531,1635.7059422351092,0.9948688210519695,1635.7003866991463,0.9994935576836936,1635.673997903902,0.9964861422838716
1635.7073311187507,0.9875024837588401,1635.7073311187507,0.9949096180625335,1635.7017755832535,0.9906847315257632,1635.6753867880086,0.9780634317064903
1635.7087200028589,0.9898785795467818,1635.7087200028589,0.9949041983392204,1635.7031644668955,0.9998965601250296,1635.67677567165,0.9843123361000776
1635.7101088869665,1.0006682789902046,1635.7101088869665,0.9949756301163811,1635.7045533510025,0.9779870996190538,1635.6781645557585,0.9791103947005738
1635.7114977706076,0.9798609265208035,1635.7114977706076,0.9949518620748015,1635.7059422351092,0.9917027795464772,1635.679553439866,0.9933472326003931
1635.7128866547148,0.9907542069055449,1635.7128866547148,0.9950184027997351,1635.7073311187507,0.9824757189523108,1635.6809423239729,0.9815965660715316
1635.7142755383568,0.9939768315156831,1635.7142755383568,0.9951246130840592,1635.7087200028589,0.9848343546371572,1635.6823312076142,0.988795878101701
1635.715664422464,1.0031164948782638,1635.715664422464,0.9952126646690461,1635.7101088869665,0.9956405514257536,1635.6837200917214,0.992835540839517
1635.7170533065712,0.9835509535691681,1635.7170533065712,0.9952757994077263,1635.7114977706076,0.9749144534162136,1635.685108975829,0.9785357956613254
1635.7184421902132,0.9858619939853156,1635.7184421902132,0.9953359372320653,1635.7128866547148,0.9858186685222736,1635.6864978594706,0.9899629759256168
1635.721219957961,1.0075966296477192,1635.721219957961,0.9954236919267256,1635.7142755383568,0.9891308098765632,1635.6878867435782,0.9829984259411372
1635.7226088420682,1.000636516884082,1635.7226088420682,0.9955133326974689,1635.715664422464,0.9983142398412704,1635.689275627685,0.9899794987675424
1635.723997725711,0.993520927032653,1635.723997725711,0.9954869268194206,1635.7170533065712,0.9789044615717852,1635.6906645117915,0.990855467558992
1635.7253866098183,0.9793849508393273,1635.7253866098183,0.99549699856526,1635.7184421902132,0.9812638717648468,1635.6920533954333,0.9886093076782936
1635.726775493925,0.9814102362117287,1635.726775493925,0.995533353256049,1635.721219957961,1.0029855570568584,1635.6934422795414,1.0060995964209802
1635.7281643775666,0.9731442203509812,1635.7281643775666,0.995619959165122,1635.7226088420682,0.9961469937420596,1635.694831163649,0.9889682492078288
1635.7295532616731,0.9983117080765928,1635.7295532616731,0.9956301980751594,1635.723997725711,0.9890370943825176,1635.69622004729,0.9957910641889174
1635.730942145315,0.9962122215996428,1635.730942145315,0.9956589643598414,1635.7253866098183,0.974974779000535,1635.697608931397,0.990424840991312
1635.7323310294232,0.996617001527354,1635.7323310294232,0.9957340672379552,1635.726775493925,0.9770266233756734,1635.6989978155048,0.996780197236262
1635.733719913065,0.9810789031297802,1635.733719913065,0.9958345691952543,1635.7281643775666,0.9688818089276184,1635.7003866991463,0.9994935576836936
1635.7351087971715,0.9823090065337495,1635.7351087971715,0.9959564645260104,1635.7295532616731,0.9939492836530488,1635.7017755832535,0.9906847315257632
1635.7364976808128,0.9923122984694771,1635.7364976808128,0.9960392852832849,1635.730942145315,0.9918876288405172,1635.7031644668955,0.9998965601250296
1635.73788656492,0.9974427052979619,1635.73788656492,0.9961243007112299,1635.7323310294232,0.9923655004093276,1635.7045533510025,0.9779870996190538
1635.7392754485625,0.9826515631308835,1635.7392754485625,0.9960585334882703,1635.733719913065,0.9769922868447972,1635.7059422351092,0.9917027795464772
1635.74066433267,1.011571164161564,1635.74066433267,0.9961298043285869,1635.7351087971715,0.9783370052194108,1635.7073311187507,0.9824757189523108
1635.7420532163112,1.0063778412043232,1635.7420532163112,0.9961413734082032,1635.7364976808128,0.9883820325453516,1635.7087200028589,0.9848343546371572
1635.7434421004184,1.0208929053631024,1635.7434421004184,0.9962198324968281,1635.73788656492,0.9935769173144496,1635.7101088869665,0.9956405514257536
1635.7448309840595,1.0063770678700859,1635.7448309840595,0.9963046100770032,1635.7392754485625,0.9787784749021043,1635.7114977706076,0.9749144534162136
1635.7462198681671,1.006637560771338,1635.7462198681671,0.9963787449902484,1635.74066433267,1.0076561858206994,1635.7128866547148,0.9858186685222736
1635.7476087518096,1.0121136167341063,1635.7476087518096,0.9963502734623559,1635.7420532163112,1.002494604904857,1635.7142755383568,0.9891308098765632
1635.7489976354511,0.9879149167776062,1635.7489976354511,0.99637869801895,1635.7434421004184,1.01703375917803,1635.715664422464,0.9983142398412704
1635.750386519558,0.9951499230227574,1635.750386519558,0.9964942882777887,1635.7448309840595,1.0026581121947438,1635.7170533065712,0.9789044615717852
1635.751775403199,0.9644083812776827,1635.751775403199,0.9965128398536673,1635.7462198681671,1.0029922694613906,1635.7184421902132,0.9812638717648468
1635.7531642873062,0.9944729341921948,1635.7531642873062,0.9965524585830317,1635.7476087518096,1.0084196788080009,1635.721219957961,1.0029855570568584
1635.7545531709486,0.9926895589444654,1635.7545531709486,0.9966150376367756,1635.7489976354511,0.9843373785323706,1635.7226088420682,0.9961469937420596
1635.7559420550565,1.0055466237022173,1635.7559420550565,0.996614615587529,1635.750386519558,0.9916612142722588,1635.723997725711,0.9890370943825176
1635.7573309386974,0.9973248052723459,1635.7573309386974,0.9966679729487351,1635.751775403199,0.961045334805702,1635.7253866098183,0.974974779000535
1635.758719822339,0.9897285679603839,1635.758719822339,0.9967235565382778,1635.7531642873062,0.9910444475635132,1635.726775493925,0.9770266233756734
1635.7601087064456,0.99538686087851,1635.7601087064456,0.9967874036166192,1635.7545531709486,0.9893293421490726,1635.7281643775666,0.9688818089276184
1635.7614975900867,1.0095796041629856,1635.7614975900867,0.9968487954950029,1635.7559420550565,1.0021424618363228,1635.7295532616731,0.9939492836530488
1635.7628864741948,1.0078443716017642,1635.7628864741948,0.9969814302287247,1635.7573309386974,0.994001692042281,1635.730942145315,0.9918876288405172
1635.7642753578373,1.0124745549892933,1635.7642753578373,0.9970101077392967,1635.758719822339,0.9864857782650104,1635.7323310294232,0.9923655004093276
1635.7656642414784,0.9925008322407213,1635.7656642414784,0.9970940603271046,1635.7601087064456,0.992189084649187,1635.733719913065,0.9769922868447972
1635.767053125585,1.0090098927533129,1635.767053125585,0.9972317679945922,1635.7614975900867,1.006398212366194,1635.7351087971715,0.9783370052194108
1635.7684420092266,0.9984115070554557,1635.7684420092266,0.9973395315071935,1635.7628864741948,1.004802123047497,1635.7364976808128,0.9883820325453516
1635.7698308933348,0.9894434716107783,1635.7698308933348,0.9974237930203627,1635.7642753578373,1.0094473651531717,1635.73788656492,0.9935769173144496
1635.7712197769767,0.996977367533286,1635.7712197769767,0.9974733028532908,1635.7656642414784,0.9896166846969312,1635.7392754485625,0.9787784749021043
1635.7726086606178,1.0043822612479587,1635.7726086606178,0.9976183177930054,1635.767053125585,1.00621671927442,1635.74066433267,1.0076561858206994
1635.773997544725,1.0075086085690932,1635.773997544725,0.9977567331921701,1635.7684420092266,0.9957552646980792,1635.7420532163112,1.002494604904857
1635.775386428366,1.021180701109782,1635.775386428366,0.9977957419109373,1635.7698308933348,0.986894460433258,1635.7434421004184,1.01703375917803
1635.7767753120072,0.9862187417595106,1635.7767753120072,0.9979193995606175,1635.7712197769767,0.994458307663406,1635.7448309840595,1.0026581121947438
1635.7781641961153,0.9833795166405691,1635.7781641961153,0.9979357586782274,1635.7726086606178,1.0019901418873234,1635.7462198681671,1.0029922694613906
1635.7795530797578,1.008671936182033,1635.7795530797578,0.9980725015451081,1635.773997544725,1.0052484979488872,1635.7476087518096,1.0084196788080009
1635.7809419633988,1.0074536639769622,1635.7809419633988,0.9981568427740025,1635.775386428366,1.018929755288966,1635.7489976354511,0.9843373785323706
1635.7823308475056,1.012174256388036,1635.7823308475056,0.9982799124534837,1635.7767753120072,0.9841668146120786,1635.750386519558,0.9916612142722588
1635.7837197311471,1.00341292907831,1635.7837197311471,0.9983824798885595,1635.7781641961153,0.9813495840073349,1635.751775403199,0.961045334805702
1635.7851086147896,1.0172686343551098,1635.7851086147896,0.9984962862823213,1635.7795530797578,1.0067277225835494,1635.7531642873062,0.9910444475635132
1635.7864974984316,0.9925570261283807,1635.7864974984316,0.9985092857150419,1635.7809419633988,1.0055967684763454,1635.7545531709486,0.9893293421490726
1635.7878863825383,1.0007217088084397,1635.7878863825383,0.9986094312275676,1635.7823308475056,1.0104332280547186,1635.7559420550565,1.0021424618363228
1635.78927526618,1.00578450847041,1635.78927526618,0.9986436279724504,1635.7837197311471,1.0017898884854466,1635.7573309386974,0.994001692042281
1635.790664149821,0.9991566795465421,1635.790664149821,0.9987579853734092,1635.7851086147896,1.0157389535550658,1635.758719822339,0.9864857782650104
1635.7920530339277,0.9969657444237178,1635.7920530339277,0.9988954605341467,1635.7864974984316,0.9910774071908957,1635.7601087064456,0.992189084649187
1635.79344191757,1.004795328341022,1635.79344191757,0.9989650527934675,1635.7878863825383,0.9993301364502756,1635.7614975900867,1.006398212366194
1635.7948308012126,1.0079298835319608,1635.7948308012126,0.9990844386428179,1635.78927526618,1.004420290497378,1635.7628864741948,1.004802123047497
1635.7962196848537,1.0049507060450757,1635.7962196848537,0.9991819888139496,1635.790664149821,0.9979157123362894,1635.7642753578373,1.0094473651531717
1635.7976085689604,0.9858780915228905,1635.7976085689604,0.999312378635291,1635.7920530339277,0.995864556412898,1635.7656642414784,0.9896166846969312
1635.798997452602,1.0077175718812044,1635.798997452602,0.9993621391760055,1635.79344191757,1.0037554182228186,1635.767053125585,1.00621671927442
1635.8003863362444,1.015183024501561,1635.8003863362444,0.9994620575136213,1635.7948308012126,1.00700706187985,1635.7684420092266,0.9957552646980792
1635.8017752198864,1.0166454896733264,1635.8017752198864,0.9994772002290468,1635.7962196848537,1.0041286451261016,1635.7698308933348,0.986894460433258
1635.8031641039931,0.9674873742909917,1635.8031641039931,0.9995325508839122,1635.7976085689604,0.9852001806841608,1635.7712197769767,0.994458307663406
1635.804552987635,0.9973619804541547,1635.804552987635,0.9996650035709236,1635.798997452602,1.0070747883204505,1635.7726086606178,1.0019901418873234
1635.8059418712758,1.0004844336295826,1635.8059418712758,0.9996843899405323,1635.8003863362444,1.014636914421231,1635.773997544725,1.0052484979488872
1635.8073307549168,0.9789824384776967,1635.8073307549168,0.9997146536741648,1635.8017752198864,1.0161139876441845,1635.775386428366,1.018929755288966
1635.8087196385593,1.005015858622614,1635.8087196385593,0.9997626705728487,1635.8031641039931,0.9670351231730534,1635.7767753120072,0.9841668146120786
1635.8101085226674,0.9908233115768936,1635.8101085226674,0.999682347358819,1635.804552987635,0.997027867752206,1635.7781641961153,0.9813495840073349
1635.8114974063085,1.0106343359615264,1635.8114974063085,0.9998103748423451,1635.8059418712758,1.0001686706779882,1635.7795530797578,1.0067277225835494
1635.8128862899496,1.0053445546596085,1635.8128862899496,0.9998900733117877,1635.8073307549168,0.97870308943582,1635.7809419633988,1.0055967684763454
1635.814275173591,1.0129467079917682,1635.814275173591,0.9999608067263336,1635.8087196385593,1.004777338784609,1635.7823308475056,1.0104332280547186
1635.8156640572336,0.9963216091565995,1635.8156640572336,0.9999634568536737,1635.8101085226674,0.9905085739350276,1635.7837197311471,1.0017898884854466
1635.8170529413412,1.0103409308078122,1635.8170529413412,1.0000079655927374,1635.8114974063085,1.0104426942662383,1635.7851086147896,1.0157389535550658
1635.8184418249823,0.9947939993588348,1635.8184418249823,1.0001193075728194,1635.8128862899496,1.0052340404622024,1635.7864974984316,0.9910774071908957
1635.8198307086238,1.0065397710650905,1635.8198307086238,1.0002068222185634,1635.814275173591,1.0129070072942323,1635.7878863825383,0.9993301364502756
1635.821219592265,1.0038402286970605,1635.821219592265,1.0003242615284778,1635.8156640572336,0.996285200430248,1635.78927526618,1.004420290497378
1635.822608475906,1.0106022338013005,1635.822608475906,1.0003122674937828,1635.8170529413412,1.0103489787721929,1635.790664149821,0.9979157123362894
1635.8239973595485,0.9947841699373065,1635.8239973595485,1.0003633659941773,1635.8184418249823,0.9949126858163536,1635.7920530339277,0.995864556412898
1635.825386243191,1.014110656576022,1635.825386243191,1.000412691794635,1635.8198307086238,1.0067479458536144,1635.79344191757,1.0037554182228186
1635.8281640109387,1.006409106834418,1635.8281640109387,1.0005133416215357,1635.821219592265,1.0041657354639653,1635.7948308012126,1.00700706187985
1635.8295528945805,1.0032305217005824,1635.8295528945805,1.0006216809939732,1635.822608475906,1.0109178120280609,1635.7962196848537,1.0041286451261016
1635.8309417782227,0.9996205525704343,1635.8309417782227,1.0007596749941048,1635.8239973595485,0.9951456406762076,1635.7976085689604,0.9852001806841608
1635.8323306618647,1.0028997387936156,1635.8323306618647,1.0008460833216983,1635.825386243191,1.0145291717228428,1635.798997452602,1.0070747883204505
1635.8337195455058,1.001977722139713,1635.8337195455058,1.0009196154790176,1635.8281640109387,1.0069257385172488,1635.8003863362444,1.014636914421231
1635.835108429147,1.0130300856100156,1635.835108429147,1.0009605074277224,1635.8295528945805,1.0038542110484974,1635.8017752198864,1.0161139876441845
1635.8364973127884,1.0003489019227776,1635.8364973127884,1.0009984800566172,1635.8309417782227,1.0003799393078152,1635.8031641039931,0.9670351231730534
1635.8378861964295,1.002781270451372,1635.8378861964295,1.0010942511692282,1635.8323306618647,1.0037482755359446,1635.804552987635,0.997027867752206
1635.84066396418,0.9876530229906976,1635.84066396418,1.0012329474118251,1635.8337195455058,1.0028991563626235,1635.8059418712758,1.0001686706779882
1635.8420528478212,1.0180185516467937,1635.8420528478212,1.0012242483478861,1635.835108429147,1.0140031085317502,1635.8073307549168,0.97870308943582
1635.8434417314622,0.998088660200182,1635.8434417314622,1.0012860158764503,1635.8364973127884,1.0013477303510063,1635.8087196385593,1.004777338784609
1635.8448306151042,0.9838564357009122,1635.8448306151042,1.0013490872749602,1635.8378861964295,1.0038785650290436,1635.8101085226674,0.9905085739350276
1635.8462194987458,1.0281081023974012,1635.8462194987458,1.0014260655787959,1635.84066396418,0.9888707472291752,1635.8114974063085,1.0104426942662383
1635.8476083823873,1.009913282969573,1635.8476083823873,1.0015378082593949,1635.8420528478212,1.0192648591767648,1635.8128862899496,1.0052340404622024
1635.8489972660293,1.0096366448285292,1635.8489972660293,1.0015721200945142,1635.8434417314622,0.9993722180633045,1635.814275173591,1.0129070072942323
1635.8503861496708,1.016529817538515,1635.8503861496708,1.0016970313076885,1635.8448306151042,0.985183743898704,1635.8156640572336,0.996285200430248
1635.851775033312,1.0202968830668842,1635.851775033312,1.0018338692405144,1635.8462194987458,1.0295742519735114,1635.8170529413412,1.0103489787721929
1635.853163916953,1.0049797599272081,1635.853163916953,1.001942158944605,1635.8476083823873,1.011466335957396,1635.8184418249823,0.9949126858163536
1635.8545528005957,0.9877339414031897,1635.8545528005957,1.002050316045637,1635.8489972660293,1.011223914886022,1635.8198307086238,1.0067479458536144
1635.855941684238,1.0187704274908236,1635.855941684238,1.0021680670468682,1635.8503861496708,1.0182549004640766,1635.821219592265,1.0041657354639653
1635.857330567879,0.9970945386675644,1635.857330567879,1.002280087334375,1635.851775033312,1.0221679741369332,1635.822608475906,1.0109178120280609
1635.85871945152,1.0030246462157155,1635.85871945152,1.0022603873212685,1635.853163916953,1.0069315903570977,1635.8239973595485,0.9951456406762076
1635.860108335162,0.9898992421655719,1635.860108335162,1.0022304459198341,1635.8545528005957,0.989759108152069,1635.825386243191,1.0145291717228428
1635.8614972188036,0.9998805136303329,1635.8614972188036,1.0022598947079586,1635.855941684238,1.0209791900829903,1635.8281640109387,1.0069257385172488
1635.8628861024454,1.0117844332034087,1635.8628861024454,1.0022649599443392,1635.857330567879,0.9993680012963546,1635.8295528945805,1.0038542110484974
1635.8642749860871,0.9940462554753838,1635.8642749860871,1.0022311447861698,1635.85871945152,1.0052918704089413,1635.8309417782227,1.0003799393078152
1635.865663869729,0.99912870544625,1635.865663869729,1.0023523967059138,1635.860108335162,0.992107158891307,1635.8323306618647,1.0037482755359446
1635.8670527533698,0.998199066984279,1635.8670527533698,1.0024677539121931,1635.8614972188036,1.002140138311677,1635.8337195455058,1.0028991563626235
1635.8684416370108,1.0020691674841868,1635.8684416370108,1.0025557265133245,1635.8628861024454,1.0140760844169203,1635.835108429147,1.0140031085317502
1635.8698305206533,0.9923938994209603,1635.8698305206533,1.002683167307372,1635.8642749860871,0.9962641165954994,1635.8364973127884,1.0013477303510063
1635.8712194042955,1.0184185684428106,1635.8712194042955,1.0026211197428088,1635.865663869729,1.0014790525217256,1635.8378861964295,1.0038785650290436
1635.8726082879368,0.9982568485593627,1635.8726082879368,1.0026456764462275,1635.8670527533698,1.0006623766369769,1635.84066396418,0.9888707472291752
1635.873997171578,1.005023848250491,1635.873997171578,1.0027060899005826,1635.8684416370108,1.0046301822237111,1635.8420528478212,1.0192648591767648
1635.87538605522,1.0157356626508296,1635.87538605522,1.0027472578783336,1635.8698305206533,0.995056658287922,1635.8434417314622,0.9993722180633045
1635.8767749383958,1.0121479005705127,1635.8767749383958,1.0027829103638415,1635.8712194042955,1.021087965458999,1635.8448306151042,0.985183743898704
1635.8781638220378,1.0018358940312408,1635.8781638220378,1.0028453453701967,1635.8726082879368,1.0008979131908815,1635.8462194987458,1.0295742519735114
1635.879552705679,0.9998864659457943,1635.879552705679,1.0029270523250537,1635.873997171578,1.0077435331360862,1635.8476083823873,1.011466335957396
1635.8809415893209,1.0084501022463948,1635.8809415893209,1.003003162753646,1635.87538605522,1.0185261504523515,1635.8489972660293,1.011223914886022
1635.882330472962,0.9983075851315922,1635.882330472962,1.0030843487973455,1635.8767749383958,1.014964617452751,1635.8503861496708,1.0182549004640766
1635.883719356603,1.0237504714690997,1635.883719356603,1.0031354333149165,1635.8781638220378,1.0046864631540195,1635.851775033312,1.0221679741369332
1635.8851082402457,1.026174467366618,1635.8851082402457,1.003081106104228,1635.879552705679,1.0028131859507308,1635.853163916953,1.0069315903570977
1635.886497123888,1.023604201618559,1635.886497123888,1.0032077373891093,1635.8809415893209,1.0114786420323716,1635.8545528005957,0.989759108152069
1635.887886007529,1.0179951200519934,1635.887886007529,1.0032583028987887,1635.882330472962,1.0013867139311738,1635.855941684238,1.0209791900829903
1635.8892748907044,1.0010136561671668,1635.8892748907044,1.003273714867594,1635.883719356603,1.0269603728035055,1635.857330567879,0.9993680012963546
1635.8906637743464,1.0004138517589443,1635.8906637743464,1.0033942912490699,1635.8851082402457,1.0293362197820242,1635.85871945152,1.0052918704089413
1635.892052657988,1.0032478358077217,1635.892052657988,1.0034284772175615,1635.886497123888,1.0268876550877402,1635.860108335162,0.992107158891307
1635.89344154163,0.986934059652829,1635.89344154163,1.003521300273496,1635.887886007529,1.0213120565026117,1635.8614972188036,1.002140138311677
1635.8948304252715,0.9995745782217357,1635.8948304252715,1.0035712723162689,1635.8892748907044,1.004290689456026,1635.8628861024454,1.0140760844169203
1635.8962193089133,1.0150898747238364,1635.8962193089133,1.0036553784897047,1635.8906637743464,1.003809547741418,1635.8642749860871,0.9962641165954994
1635.897608192554,0.9936899793235903,1635.897608192554,1.0037528678640726,1635.892052657988,1.0066874481563564,1635.865663869729,1.0014790525217256
1635.8989970757295,0.9980588191355968,1635.8989970757295,1.0037869563652362,1635.89344154163,0.990409350827007,1635.8670527533698,1.0006623766369769
1635.900385959372,1.003954569657295,1635.900385959372,1.0037890393407476,1635.8948304252715,1.0031443312409851,1635.8684416370108,1.0046301822237111
1635.9017748430144,1.008212417773507,1635.9017748430144,1.0038324130545493,1635.8962193089133,1.018800412417019,1635.8698305206533,0.995056658287922
1635.9031637266555,1.007831306926508,1635.9031637266555,1.0039254503641857,1635.897608192554,0.9974191665138448,1635.8712194042955,1.021087965458999
1635.9045526102966,1.0195162358087773,1635.9045526102966,1.0039450234656462,1635.8989970757295,1.0018384243336025,1635.8726082879368,1.0008979131908815
1635.905941493473,1.015051109593127,1635.905941493473,1.004017230530188,1635.900385959372,1.0077585930180497,1635.873997171578,1.0077435331360862
1635.907330377114,1.0215639459619494,1635.907330377114,1.0041396319359293,1635.9017748430144,1.0120763042051408,1635.87538605522,1.0185261504523515
1635.9087192607556,0.9896044137298212,1635.9087192607556,1.004113542760136,1635.9031637266555,1.0117874986973203,1635.8767749383958,1.014964617452751
1635.910108144398,1.0087509390833636,1635.910108144398,1.0041613895317298,1635.9045526102966,1.02353825128265,1635.8781638220378,1.0046864631540195
1635.91149702804,1.0233093415820562,1635.91149702804,1.0041992611728359,1635.905941493473,1.0191288039002857,1635.879552705679,1.0028131859507308
1635.9128859112152,1.0030842214945401,1635.9128859112152,1.0042701608095217,1635.907330377114,1.0257928446972475,1635.8809415893209,1.0114786420323716
1635.914274794856,1.0221230661068246,1635.914274794856,1.0042967353987056,1635.9087192607556,0.9936751938013182,1635.882330472962,1.0013867139311738
1635.9156636784985,1.0172743691398924,1635.9156636784985,1.0043942138442103,1635.910108144398,1.0129487446813876,1635.883719356603,1.0269603728035055
1635.917052562141,1.0057298379405966,1635.917052562141,1.0043882359349918,1635.91149702804,1.027606484767962,1635.8851082402457,1.0293362197820242
1635.9184414453164,0.9963658573152042,1635.9184414453164,1.0044241264114036,1635.9128859112152,1.0073675524258157,1635.886497123888,1.0268876550877402
1635.9198303289577,1.0160412603800373,1635.9198303289577,1.0044780672444444,1635.914274794856,1.0265148584667991,1635.887886007529,1.0213120565026117
1635.9212192125997,1.0199558616314335,1635.9212192125997,1.0045394524128144,1635.9156636784985,1.0217444902561272,1635.8892748907044,1.004290689456026
1635.9226080962403,0.9773424248643453,1635.9226080962403,1.004537936599617,1635.917052562141,1.010143217756341,1635.8906637743464,1.003809547741418
1635.9239969794164,0.9956122086351278,1635.9239969794164,1.0045287439996722,1635.9184414453164,1.0007739058199732,1635.892052657988,1.0066874481563564
1635.9253858630589,1.0080859726514548,1635.9253858630589,1.0045049244249065,1635.9198303289577,1.0205911614671492,1635.89344154163,0.990409350827007
1635.9267747467009,1.0054128274058112,1635.9267747467009,1.0045672895990927,1635.9212192125997,1.0245859027284805,1635.8948304252715,1.0031443312409851
1635.928163629876,0.989481537915818,1635.928163629876,1.0046168215547497,1635.9226080962403,0.9817775428244956,1635.8962193089133,1.018800412417019
1635.929552513517,1.0133199470598215,1635.929552513517,1.0047113588148937,1635.9239969794164,1.0001210814509844,1635.897608192554,0.9974191665138448
1635.9309413971594,1.0014296289666773,1635.9309413971594,1.0047114234890908,1635.9253858630589,1.012627323772058,1635.8989970757295,1.0018384243336025
1635.9323302808018,1.012223545387583,1635.9323302808018,1.0047827321752363,1635.9267747467009,1.010004838955216,1635.900385959372,1.0077585930180497
1635.9337191639772,1.0034856591424715,1635.9337191639772,1.0048550499027602,1635.928163629876,0.9940497976080948,1635.9017748430144,1.0120763042051408
1635.9351080476183,0.9962715385308223,1635.9351080476183,1.0048458142276595,1635.929552513517,1.0180940609247096,1635.9031637266555,1.0117874986973203
1635.9364969312603,0.9959313135569644,1635.9364969312603,1.0049391060808655,1635.9309413971594,1.0061477880432623,1635.9045526102966,1.02353825128265
1635.9378858144355,1.0233445387008289,1635.9378858144355,1.004983371282857,1635.9323302808018,1.01706473950664,1635.905941493473,1.0191288039002857
1635.9392746980773,1.0020871193596887,1635.9392746980773,1.0049869849089368,1635.9337191639772,1.0083576320943124,1635.907330377114,1.0257928446972475
1635.9406635817195,1.0088811915341351,1635.9406635817195,1.0050242845794324,1635.9351080476183,1.0010992853268472,1635.9087192607556,0.9936751938013182
1635.942052464896,1.0140627587181514,1635.942052464896,1.0050234559419766,1635.9364969312603,1.000850323963878,1635.910108144398,1.0129487446813876
1635.943441348537,0.9932101197015931,1635.943441348537,1.0050935249182797,1635.9378858144355,1.0284442444874593,1635.91149702804,1.027606484767962
1635.9448302321778,0.9888034491966011,1635.9448302321778,1.0050450969733216,1635.9392746980773,1.0070845127013754,1635.9128859112152,1.0073675524258157
1635.9462191153546,1.0152921884742874,1635.9462191153546,1.005093630604004,1635.9406635817195,1.0139500977472395,1635.914274794856,1.0265148584667991
1635.9476079989963,0.9966740341495068,1635.9476079989963,1.0050719676605104,1635.942052464896,1.0191568583089714,1635.9156636784985,1.0217444902561272
1635.948996882172,1.0063937972570447,1635.948996882172,1.0051323204439313,1635.943441348537,0.9982690601953808,1635.917052562141,1.010143217756341
1635.9503857658135,0.9918207258558577,1635.9503857658135,1.0051398039909503,1635.9448302321778,0.9937920584853528,1635.9184414453164,1.0007739058199732
1635.9517746494555,1.0103727771697257,1635.9517746494555,1.0051725943986978,1635.9462191153546,1.0204637118375062,1635.9198303289577,1.0205911614671492
1635.953163532631,1.0111508098283437,1635.953163532631,1.0052340657915209,1635.9476079989963,1.0017291326187836,1635.9212192125997,1.0245859027284805
1635.9545524162725,1.0215663313626084,1635.9545524162725,1.005195169712809,1635.948996882172,1.0115589327173526,1635.9226080962403,0.9817775428244956
1635.9559412994493,1.005869650670612,1635.9559412994493,1.0051888708139667,1635.9503857658135,0.9969184899809188,1635.9239969794164,1.0001210814509844
1635.9573301830912,1.0288511749855302,1635.9573301830912,1.0052493135193277,1635.9517746494555,1.0155990257375105,1635.9253858630589,1.012627323772058
1635.9587190667323,1.0025816802347858,1635.9587190667323,1.0052564553950323,1635.953163532631,1.0164432396921348,1635.9267747467009,1.010004838955216
1635.9601079499075,0.9991118776880498,1635.9601079499075,1.005311236594748,1635.9545524162725,1.0268735418269288,1635.928163629876,0.9940497976080948
1635.9614968335495,1.0336994625618836,1635.9614968335495,1.005323308403183,1635.9559412994493,1.0110889783436317,1635.929552513517,1.0180940609247096
1635.962885716726,1.008598317730037,1635.962885716726,1.0053372135140988,1635.9573301830912,1.034251937367758,1635.9309413971594,1.0061477880432623
1635.9642746003672,1.0158568235183116,1635.9642746003672,1.005349325833862,1635.9587190667323,1.0078517061168164,1635.9323302808018,1.01706473950664
1635.965663483543,1.0081818214763425,1635.965663483543,1.0053650089138682,1635.9601079499075,1.004418397255074,1635.9337191639772,1.0083576320943124
1635.967052367185,1.0153240911086634,1635.967052367185,1.005331748215742,1635.9614968335495,1.039202163597305,1635.9351080476183,1.0010992853268472
1635.9684412503605,1.012574273051144,1635.9684412503605,1.005379682727659,1635.962885716726,1.0139814223017232,1635.9364969312603,1.000850323963878
1635.969830134002,1.0140254998147111,1635.969830134002,1.0053902589114176,1635.9642746003672,1.0212909726678632,1635.9378858144355,1.0284442444874593
1635.9712190171788,0.9910274565138004,1635.9712190171788,1.0053990419848018,1635.965663483543,1.013590725935363,1635.9392746980773,1.0070845127013754
1635.9726079008208,0.9985737724190666,1635.9726079008208,1.005362870374077,1635.967052367185,1.0207375435198318,1635.9406635817195,1.0139500977472395
1635.973996784462,0.9980868892234057,1635.973996784462,1.005366582999969,1635.9684412503605,1.0180216013783492,1635.942052464896,1.0191568583089714
1635.9753856676373,1.0202842275276875,1635.9753856676373,1.0053982571290188,1635.969830134002,1.019491359801492,1635.943441348537,0.9982690601953808
1635.9767745512795,1.0066855799012764,1635.9767745512795,1.00541578882045,1635.9712190171788,0.9963780553596098,1635.9448302321778,0.9937920584853528
1635.9781634344556,0.9964946818903098,1635.9781634344556,1.0054787793140556,1635.9726079008208,1.003928994119503,1635.9462191153546,1.0204637118375062
1635.9795523180967,0.998830980678865,1635.9795523180967,1.0054909120222937,1635.973996784462,1.003443205355604,1635.9476079989963,1.0017291326187836
1635.9809412012726,0.998804950258149,1635.9809412012726,1.0055017803105364,1635.9753856676373,1.0257919841325642,1635.948996882172,1.0115589327173526
1635.982330084449,0.9964175696979743,1635.982330084449,1.0055550381626546,1635.9767745512795,1.012137576410614,1635.9503857658135,0.9969184899809188
1635.98371896809,1.0106115891121805,1635.98371896809,1.0056093080693786,1635.9781634344556,1.0019542563400168,1635.9517746494555,1.0155990257375105
1635.985107851266,1.005364220188762,1635.985107851266,1.005622397002405,1635.9795523180967,1.004315473718914,1635.953163532631,1.0164432396921348
1635.9864967349083,0.9974448242838766,1635.9864967349083,1.005606175077607,1635.9809412012726,1.0043001556675455,1635.9545524162725,1.0268735418269288
1635.9878856180846,1.0018411427800227,1635.9878856180846,1.0056301546043398,1635.982330084449,1.001952707323586,1635.9559412994493,1.0110889783436317
1635.9892745017255,0.9907036322985759,1635.9892745017255,1.0056226510221435,1635.98371896809,1.016280420853995,1635.9573301830912,1.034251937367758
1635.9906633849012,1.0042211027003232,1635.9906633849012,1.0056091165523615,1635.985107851266,1.0110167769666765,1635.9587190667323,1.0078517061168164
1635.9920522685436,1.0181430840914856,1635.9920522685436,1.0056026329841532,1635.9864967349083,1.003036674599065,1635.9601079499075,1.004418397255074
1635.9934411517197,1.0188054016122798,1635.9934411517197,1.0056118034507626,1635.9878856180846,1.0074816633028627,1635.9614968335495,1.039202163597305
1635.994830034895,1.0222061905415236,1635.994830034895,1.005518113659225,1635.9892745017255,0.9962740130893608,1635.962885716726,1.0139814223017232
1635.9962189185364,1.0116077288039487,1635.9962189185364,1.005475634944511,1635.9906633849012,1.0098538959097103,1635.9642746003672,1.0212909726678632
1635.9976078017128,0.9972129800050841,1635.9976078017128,1.005456035446123,1635.9920522685436,1.023847366117004,1635.965663483543,1.013590725935363
1635.998996685354,0.9926588838586433,1635.998996685354,1.005385605389996,1635.9934411517197,1.0245227372807033,1635.967052367185,1.0207375435198318
1636.0003855685295,1.0215146518179083,1636.0003855685295,1.0053925239326695,1635.994830034895,1.0278468404840952,1635.9684412503605,1.0180216013783492
1636.0017744521722,0.9852594914207716,1636.0017744521722,1.0054151329086516,1635.9962189185364,1.017146923433925,1635.969830134002,1.019491359801492
1636.0031633353483,0.9870376800010017,1636.0031633353483,1.0053861924481227,1635.9976078017128,1.0026538093713258,1635.9712190171788,0.9963780553596098
1636.004552218524,0.9941988278921912,1636.004552218524,1.0054568475091048,1635.998996685354,0.99800495289398,1635.9726079008208,1.003928994119503
1636.005941102165,0.9876392958904915,1636.005941102165,1.0054790246661676,1636.0003855685295,1.027023194025409,1635.973996784462,1.003443205355604
1636.0073299853418,0.9956227999391236,1636.0073299853418,1.0054388479950889,1636.0017744521722,0.9905948025163256,1635.9753856676373,1.0257919841325642
1636.0101077521588,1.0057774708153697,1636.0101077521588,1.0054417679766436,1636.0031633353483,0.9923540548990356,1635.9767745512795,1.012137576410614
1636.0114966353349,1.005142654575126,1636.0114966353349,1.0054367922271348,1636.004552218524,0.9996240192897295,1635.9781634344556,1.0019542563400168
1636.012885518511,1.0158875493252097,1636.012885518511,1.0053963442689864,1636.005941102165,0.9930505959539518,1635.9795523180967,1.004315473718914
1636.014274402152,1.009549358456453,1636.014274402152,1.0053406794613893,1636.0073299853418,1.0010378410084373,1635.9809412012726,1.0043001556675455
1636.015663285328,1.0002548876292914,1636.015663285328,1.005297330275981,1636.0101077521588,1.0112506784476825,1635.982330084449,1.001952707323586
1636.0170521685047,1.0102676428018154,1636.0170521685047,1.0053521585753822,1636.0114966353349,1.0106074063466817,1635.98371896809,1.016280420853995
1636.0184410521458,1.0156125692172528,1636.0184410521458,1.0052897145579736,1636.012885518511,1.0213696282799454,1635.985107851266,1.0110167769666765
1636.0198299353212,1.0105325779415821,1636.0198299353212,1.0052758473881889,1636.014274402152,1.01494103798042,1635.9864967349083,1.003036674599065
1636.0212188184976,1.0152332808105056,1636.0212188184976,1.0053138514896434,1636.015663285328,1.0055535681292278,1635.9878856180846,1.0074816633028627
1636.02260770214,1.00839671279271,1636.02260770214,1.0053023273108996,1636.0170521685047,1.0156747554296683,1635.9892745017255,0.9962740130893608
1636.023996585316,1.0175642932979119,1636.023996585316,1.0052596459242347,1636.0184410521458,1.0209848698099022,1635.9906633849012,1.0098538959097103
1636.025385468491,0.9901527617699976,1636.025385468491,1.0052049730552328,1636.0198299353212,1.015863993603595,1635.9920522685436,1.023847366117004
1636.026774352133,1.0201912949534258,1636.026774352133,1.0050977681734017,1636.0212188184976,1.020628079692076,1635.9934411517197,1.0245227372807033
1636.0281632353092,0.9817122301696035,1636.0281632353092,1.0051029220520726,1636.02260770214,1.0137435622231723,1635.994830034895,1.0278468404840952
1636.0295521184846,1.0238309743584664,1636.0295521184846,1.005096785731495,1636.023996585316,1.022916321185803,1635.9962189185364,1.017146923433925
1636.0309410016605,1.0122216964862663,1636.0309410016605,1.0050321381905993,1636.025385468491,0.9953064802155748,1635.9976078017128,1.0026538093713258
1636.032329885303,1.0155140071407505,1636.032329885303,1.0050000143504045,1636.026774352133,1.0253919936676208,1635.998996685354,0.99800495289398
1636.0337187684784,1.0149301792426546,1636.0337187684784,1.0049610245444274,1636.0281632353092,0.9867218311577254,1636.0003855685295,1.027023194025409
1636.0351076516538,1.0132443516211216,1636.0351076516538,1.0049129506519823,1636.0295521184846,1.0290492214600393,1636.0017744521722,0.9905948025163256
1636.03649653483,0.9953309984133853,1636.03649653483,1.0048106507311916,1636.0309410016605,1.017315335942508,1636.0031633353483,0.9923540548990356
1636.0378854184726,1.0075426289869354,1636.0378854184726,1.0048057674236697,1636.032329885303,1.020591591749491,1636.004552218524,0.9996240192897295
1636.0392743016484,0.9856474359367888,1636.0392743016484,1.0047694406125558,1636.0337187684784,1.0199652727727575,1636.005941102165,0.9930505959539518
1636.040663184824,1.004344982482975,1636.040663184824,1.0047432272842005,1636.0351076516538,1.018222371119036,1636.0073299853418,1.0010378410084373
1636.0420520680002,1.0205520201929799,1636.0420520680002,1.0047248818064578,1636.03649653483,1.0001191882086804,1636.0087188685177,1.0396083501279705
1636.0434409516415,1.0210637679693573,1636.0434409516415,1.0047113337622346,1636.0378854184726,1.0123846445312792,1636.0101077521588,1.0112506784476825
1636.0448298348172,1.019481347975807,1636.0448298348172,1.004654760108779,1636.0392743016484,0.9903484228474072,1636.0114966353349,1.0106074063466817
1636.046218717993,1.0023900965271282,1636.046218717993,1.0046092190201468,1636.040663184824,1.0091088190066382,1636.012885518511,1.0213696282799454
1636.0476076011698,1.0141409640286054,1636.0476076011698,1.004550098082154,1636.0420520680002,1.0253740078657334,1636.014274402152,1.01494103798042
1636.0489964843453,0.9914615452568517,1636.0489964843453,1.0045830174821115,1636.0434409516415,1.025874340172786,1636.015663285328,1.0055535681292278
1636.0503853679863,1.0035026457973977,1636.0503853679863,1.0045484420219257,1636.0448298348172,1.0242267890860088,1636.0170521685047,1.0156747554296683
1636.051774251163,0.9966737414760448,1636.051774251163,1.0044437672281579,1636.046218717993,1.0070103320256478,1636.0184410521458,1.0209848698099022
1636.0531631343397,0.9968128903733009,1636.0531631343397,1.0044148345617308,1636.0476076011698,1.018755404884066,1636.0198299353212,1.015863993603595
1636.054552017515,1.010469123179037,1636.054552017515,1.0043650306092495,1636.0489964843453,0.9960054308516052,1636.0212188184976,1.020628079692076
1636.0559409006908,0.9835384842611625,1636.0559409006908,1.0043649853882182,1636.0503853679863,1.0080670194006562,1636.02260770214,1.0137435622231723
1636.057329783867,0.98850750316317,1636.057329783867,1.0043592904413843,1636.051774251163,1.0011027275855815,1636.023996585316,1.022916321185803
1636.0587186675086,1.0067905866587903,1636.0587186675086,1.0044462498728128,1636.0531631343397,1.0012136543732997,1636.025385468491,0.9953064802155748
1636.060107550684,0.9808879651318069,1636.060107550684,1.00438939338729,1636.054552017515,1.014879851831415,1636.026774352133,1.0253919936676208
1636.06149643386,1.0132729501011941,1636.06149643386,1.0044037189520698,1636.0559409006908,0.9878316153737128,1636.0281632353092,0.9867218311577254
1636.0628853170367,0.9997246997751172,1636.0628853170367,1.0043342280350076,1636.057329783867,0.9928166944729458,1636.0295521184846,1.0290492214600393
1636.064274200212,0.9962014208140358,1636.064274200212,1.0042713337501001,1636.0587186675086,1.011267029176671,1636.0309410016605,1.017315335942508
1636.0656630833876,0.9849816936717621,1636.0656630833876,1.0041908863282487,1636.060107550684,0.9851934682796288,1636.032329885303,1.020591591749491
1636.067051966564,1.0068867198835352,1636.067051966564,1.0041678757404506,1636.06149643386,1.0177351193951745,1636.0337187684784,1.0199652727727575
1636.0684408497398,1.005300276556854,1636.0684408497398,1.004082593599925,1636.0628853170367,1.004057734596172,1636.0351076516538,1.018222371119036
1636.0698297333818,1.000848713388659,1636.0698297333818,1.0040868569298071,1636.064274200212,1.0004565295646566,1636.03649653483,1.0001191882086804
1636.0712186165576,1.008082845777233,1636.0712186165576,1.004086927432261,1636.0656630833876,0.9891096399853464,1636.0378854184726,1.0123846445312792
1636.072607499734,0.9804829828228652,1636.072607499734,1.0040267003841148,1636.067051966564,1.0110832986167198,1636.0392743016484,0.9903484228474072
1636.07399638291,0.9997610305413206,1636.07399638291,1.0039327644395886,1636.0684408497398,1.0094045090319277,1636.040663184824,1.0091088190066382
1636.0753852660853,0.9940810726786052,1636.0753852660853,1.0040048985266121,1636.0698297333818,1.00493903888866,1636.0420520680002,1.0253740078657334
1636.0767741492612,1.0161148011493506,1636.0767741492612,1.0039518447376041,1636.0712186165576,1.0122028072136318,1636.0434409516415,1.025874340172786
1636.078163032438,0.9974844710676801,1636.078163032438,1.003925283667787,1636.072607499734,0.984431094026416,1636.0448298348172,1.0242267890860088
1636.0795519156134,1.0252747502493107,1636.0795519156134,1.0039207229096874,1636.07399638291,1.00369285517032,1636.046218717993,1.0070103320256478
1636.0809407987888,1.0174163195127182,1636.0809407987888,1.003884535717917,1636.0753852660853,0.9980622665019088,1636.0476076011698,1.018755404884066
1636.0823296819651,1.0027353722601624,1636.0823296819651,1.003871521933714,1636.0767741492612,1.0201303290790744,1636.0489964843453,0.9960054308516052
1636.083718565141,1.0069041285416125,1636.083718565141,1.003845228418845,1636.078163032438,1.0013998805708333,1636.0503853679863,1.0080670194006562
1636.085107448317,0.9903113532207698,1636.085107448317,1.0037830138675379,1636.0795519156134,1.0292945684513373,1636.051774251163,1.0011027275855815
1636.0864963314932,0.992036044784763,1636.0864963314932,1.0036913904299216,1636.0809407987888,1.021368509545857,1636.0531631343397,1.0012136543732997
1636.0878852146695,1.0107043023007665,1636.0878852146695,1.0036435305707354,1636.0823296819651,1.0066174842475786,1636.054552017515,1.014879851831415
1636.089274097845,0.9934062142655775,1636.089274097845,1.003607316342181,1636.083718565141,1.010775904911733,1636.0559409006908,0.9878316153737128
1636.0906629810202,1.0084845905149429,1636.0906629810202,1.0035591918798872,1636.085107448317,0.9940577148031842,1636.057329783867,0.9928166944729458
1636.0920518641967,0.9875914115578736,1636.0920518641967,1.0036158003456732,1636.0864963314932,0.9956980371466188,1636.0587186675086,1.011267029176671
1636.0934407473735,1.0087593013615244,1636.0934407473735,1.0035038622106018,1636.0878852146695,1.014386834324173,1636.060107550684,0.9851934682796288
1636.094829630549,1.0048357444398364,1636.094829630549,1.0034758202766565,1636.089274097845,0.996989744736722,1636.06149643386,1.0177351193951745
1636.0962185137244,0.9988116705759508,1636.0962185137244,1.0035214602821803,1636.0906629810202,1.012073980680495,1636.0628853170367,1.004057734596172
1636.097607396901,1.0051457162856152,1636.097607396901,1.0034238960685251,1636.0920518641967,0.9911623449251684,1636.064274200212,1.0004565295646566
1636.0989962800766,0.9911187950364182,1636.0989962800766,1.003352505907766,1636.0934407473735,1.012293854957158,1636.0656630833876,0.9891096399853464
1636.100385163253,1.0126449766665457,1636.100385163253,1.0032501206146685,1636.094829630549,1.0083283728950696,1636.067051966564,1.0110832986167198
1636.1017740464288,1.0220561896656701,1636.1017740464288,1.003214475823062,1636.0962185137244,1.002328946203262,1636.0684408497398,1.0094045090319277
1636.103162929605,1.0093481927773897,1636.103162929605,1.0031913813434366,1636.097607396901,1.0085872307519004,1636.0698297333818,1.00493903888866
1636.1045518127803,1.0127274876842538,1636.1045518127803,1.003113317988443,1636.0989962800766,0.9944415266520756,1636.0712186165576,1.0122028072136318
1636.105940695956,1.0094879308730953,1636.105940695956,1.0031387002146015,1636.100385163253,1.01593619498055,1636.072607499734,0.984431094026416
1636.1073295791327,1.0098044250674765,1636.1073295791327,1.003022519074515,1636.1017740464288,1.025341564577161,1636.07399638291,1.00369285517032
1636.1087184623093,0.9949775561141628,1636.1087184623093,1.0029879297448228,1636.103162929605,1.012569407768851,1636.0753852660853,0.9980622665019088
1636.1101073454845,0.9913332907599283,1636.1101073454845,1.002908230906112,1636.1045518127803,1.0158804303890518,1636.0767741492612,1.0201303290790744
1636.11149622866,1.0046611852683371,1636.11149622866,1.0028941630070032,1636.105940695956,1.0126564108583642,1636.078163032438,1.0013998805708333
1636.1128851118362,0.9982550499430135,1636.1128851118362,1.0028928277968534,1636.1073295791327,1.0128565782037726,1636.0795519156134,1.0292945684513373
1636.114273995012,0.9871088988035411,1636.114273995012,1.0027971078805225,1636.1087184623093,0.9979504791495074,1636.0809407987888,1.021368509545857
1636.1156628781885,1.0122974984764006,1636.1156628781885,1.0028058457631641,1636.1101073454845,0.994216316874374,1636.0823296819651,1.0066174842475786
1636.1170517613643,1.011157816565725,1636.1170517613643,1.0027607883596736,1636.11149622866,1.0075688385053128,1636.083718565141,1.010775904911733
1636.118440644075,1.0019307462955787,1636.118440644075,1.0027035102343451,1636.1128851118362,1.001142829899838,1636.085107448317,0.9940577148031842
1636.1198295272504,1.0158948249020043,1636.1198295272504,1.0026332728813745,1636.114273995012,0.9898699488833184,1636.0864963314932,0.9956980371466188
1636.121218410426,0.9884051038788244,1636.121218410426,1.0026144963014942,1636.1156628781885,1.0151378491235623,1636.0878852146695,1.014386834324173
1636.1226072936026,0.9902645344732522,1636.1226072936026,1.0024992991886659,1636.1170517613643,1.0139494092954926,1636.089274097845,0.996989744736722
1636.1239961767794,0.9999299361937282,1636.1239961767794,1.0024867897282792,1636.118440644075,1.004639476322294,1636.0906629810202,1.012073980680495
1636.1253850599546,0.995492458688845,1636.1253850599546,1.0023880637895244,1636.1198295272504,1.0185699531947474,1636.0920518641967,0.9911623449251684
1636.1267739431298,0.9934235541829669,1636.1267739431298,1.0023151813429452,1636.121218410426,0.9909892853672936,1636.0934407473735,1.012293854957158
1636.1281628258405,1.0267800106874427,1636.1281628258405,1.0022104453060192,1636.1226072936026,0.9927395018208258,1636.094829630549,1.0083283728950696
1636.1295517090164,1.0026831425662581,1636.1295517090164,1.002123780963275,1636.1239961767794,1.0024165516880537,1636.0962185137244,1.002328946203262
1636.1309405921927,1.0049843003927883,1636.1309405921927,1.0020613670883032,1636.1253850599546,0.9978697581821844,1636.097607396901,1.0085872307519004
1636.1323294753686,1.0042298520162494,1636.1323294753686,1.0019719000646425,1636.1267739431298,0.9957235098612536,1636.0989962800766,0.9944415266520756
1636.133718358545,1.0058448697165785,1636.133718358545,1.0019013194897384,1636.1281628258405,1.029049651742381,1636.100385163253,1.01593619498055
1636.1351072417203,0.9952709563202133,1636.1351072417203,1.001811691322903,1636.1295517090164,1.0048126219366371,1636.1017740464288,1.025341564577161
1636.13649612443,1.017099725966129,1636.13649612443,1.0016911312748977,1636.1309405921927,1.0070559419538794,1636.103162929605,1.012569407768851
1636.1378850076069,0.9982606938256957,1636.1378850076069,1.0016862162597528,1636.1323294753686,1.0062100929263562,1636.1045518127803,1.0158804303890518
1636.1392738907837,1.001136534082635,1636.1392738907837,1.0015538044653787,1636.133718358545,1.007757302171024,1636.105940695956,1.0126564108583642
1636.1406627739589,1.0148924808545936,1636.1406627739589,1.0014923897352692,1636.1351072417203,0.997074080075716,1636.1073295791327,1.0128565782037726
1636.142051657134,0.9928957887972484,1636.142051657134,1.0014140485509933,1636.13649612443,1.0188197751224002,1636.1087184623093,0.9979504791495074
1636.1434405398447,1.0155011578505204,1636.1434405398447,1.0013188744190158,1636.1378850076069,0.9999439772390968,1636.1101073454845,0.994216316874374
1636.1448294230202,0.9999974463888353,1636.1448294230202,1.001349512900087,1636.1392738907837,1.0026921044997463,1636.11149622866,1.0075688385053128
1636.146218306196,1.0069987516974284,1636.146218306196,1.001274574500153,1636.1406627739589,1.016407095975423,1636.1128851118362,1.001142829899838
1636.1476071893728,1.0156550851151245,1636.1476071893728,1.0011438191204793,1636.142051657134,0.9942997916486844,1636.114273995012,0.9898699488833184
1636.1489960725492,0.9961432158223296,1636.1489960725492,1.0011347195153206,1636.1434405398447,1.0168404763500904,1636.1156628781885,1.0151378491235623
1636.150384955259,0.9745139254122875,1636.150384955259,1.0010574105976935,1636.1448294230202,1.001346955842791,1636.1170517613643,1.0139494092954926
1636.1517738384343,1.0058315080685782,1636.1517738384343,1.0009722981951443,1636.146218306196,1.008282246628028,1636.118440644075,1.004639476322294
1636.1531627216111,1.0090402192734815,1636.1531627216111,1.0009346560688366,1636.1476071893728,1.0168168108212912,1636.1198295272504,1.0185699531947474
1636.1545516043225,1.0145378773264955,1636.1545516043225,1.0008972473500708,1636.1489960725492,0.9972735589693774,1636.121218410426,0.9909892853672936
1636.1559404874977,1.0056557699807087,1636.1559404874977,1.0007643665270771,1636.150384955259,0.9755443867646184,1636.1226072936026,0.9927395018208258
1636.1573293706729,1.0232199146902368,1636.1573293706729,1.0006432376623273,1636.1517738384343,1.0068094762284927,1636.1239961767794,1.0024165516880537
1636.158718253849,0.9933542446090989,1636.158718253849,1.0005029448691125,1636.1531627216111,1.0099833248381256,1636.1253850599546,0.9978697581821844
1636.1601071365587,0.9994188143557932,1636.1601071365587,1.0004686379798515,1636.1545516043225,1.015448168748473,1636.1267739431298,0.9957235098612536
1636.1614960197346,1.0113424885923656,1636.1614960197346,1.000378583258507,1636.1559404874977,1.006424459589044,1636.1281628258405,1.029049651742381
1636.1628849029114,1.0066199514495033,1636.1628849029114,1.000340366029613,1636.1573293706729,1.0238780882762089,1636.1295517090164,1.0048126219366371
1636.164273785622,0.9963478499440376,1636.164273785622,1.0003048060695283,1636.158718253849,0.9938538470296362,1636.1309405921927,1.0070559419538794
1636.1656626687975,1.0107176101675008,1636.1656626687975,1.0001767078016695,1636.1601071365587,0.9998871799699784,1636.1323294753686,1.0062100929263562
1636.167051551973,1.004583834053617,1636.167051551973,1.0000534181101524,1636.1614960197346,1.0117253659271634,1636.133718358545,1.007757302171024
1636.1684404351497,0.9983972310067886,1636.1684404351497,0.9999403205414905,1636.1628849029114,1.0069625706857075,1636.1351072417203,0.997074080075716
1636.1698293178608,1.0027018076934286,1636.1698293178608,0.999904412540422,1636.164273785622,0.996651542816062,1636.13649612443,1.0188197751224002
1636.1712182010365,1.0048109172678588,1636.1712182010365,0.999836231448855,1636.1656626687975,1.0108962118545022,1636.1378850076069,0.9999439772390968
1636.172607083746,0.9993135716446407,1636.172607083746,0.9997108658730892,1636.167051551973,1.004637497023522,1636.1392738907837,1.0026921044997463
1636.173995966922,0.9845643386937767,1636.173995966922,0.999721408537538,1636.1684404351497,0.9983376472006648,1636.1406627739589,1.016407095975423
1636.175384850097,0.992891375518615,1636.175384850097,0.9996554058603264,1636.1698293178608,1.0026059619749168,1636.142051657134,0.9942997916486844
1636.1767737328075,1.004879582195988,1636.1767737328075,0.9995382284478745,1636.1712182010365,1.004646360839763,1636.1434405398447,1.0168404763500904
1636.1781626159843,0.9987410916073874,1636.1781626159843,0.9994520654352235,1636.172607083746,0.9990246359875932,1636.1448294230202,1.001346955842791
1636.1795514991609,1.0152173253768273,1636.1795514991609,0.999421422866956,1636.173995966922,0.984290047474772,1636.146218306196,1.008282246628028
1636.1809403818704,0.9940472316467007,1636.1809403818704,0.9993179714516344,1636.175384850097,0.9925492309692788,1636.1476071893728,1.0168168108212912
1636.1823292650458,1.0090791204339429,1636.1823292650458,0.9992242822894134,1636.1767737328075,1.004415557391618,1636.1489960725492,0.9972735589693774
1636.1837181482226,1.0088074176095971,1636.1837181482226,0.9990934935365533,1636.1781626159843,0.9981938468420332,1636.150384955259,0.9755443867646184
1636.1851070309338,0.9888625309402367,1636.1851070309338,0.9989855826306924,1636.1795514991609,1.014629943847294,1636.1517738384343,1.0068094762284927
1636.1864959141092,1.0163151495829459,1636.1864959141092,0.9989211935101294,1636.1809403818704,0.9933692630562938,1636.1531627216111,1.0099833248381256
1636.187884796819,1.003505323798268,1636.187884796819,0.9988398231625113,1636.1823292650458,1.008296359888839,1636.1545516043225,1.015448168748473
1636.1892736799948,0.9919144321145892,1636.1892736799948,0.9987561979109337,1636.1837181482226,1.007892927165161,1636.1559404874977,1.006424459589044
1636.1906625627046,0.9707061422381331,1636.1906625627046,0.9987033314314115,1636.1851070309338,0.9878594116129934,1636.1573293706729,1.0238780882762089
1636.1920514458805,0.9822489081042731,1636.1920514458805,0.998598266255615,1636.1864959141092,1.015218742203822,1636.158718253849,0.9938538470296362
1636.1934403290572,1.0124584036276862,1636.1934403290572,0.9984619610124825,1636.187884796819,1.0023410801653008,1636.1601071365587,0.9998871799699784
1636.194829211768,0.9844411981332575,1636.194829211768,0.9984133532772068,1636.1892736799948,0.99068068687175,1636.1614960197346,1.0117253659271634
1636.196218094943,1.004197425689218,1636.196218094943,0.9984831459472767,1636.1906625627046,0.9694474580941572,1636.1628849029114,1.0069625706857075
1636.197606977653,0.98667002002365,1636.197606977653,0.9984282298592798,1636.1920514458805,0.980872056664398,1636.164273785622,0.996651542816062
1636.19899586083,1.0099394230790788,1636.19899586083,0.9983615186890202,1636.1934403290572,1.0109012031296671,1636.1656626687975,1.0108962118545022
1636.20038474354,1.0004121813321534,1636.20038474354,0.9982840819897975,1636.194829211768,0.9828792377324568,1636.167051551973,1.004637497023522
1636.2017736267155,1.0086045472299559,1636.2017736267155,0.9982306523233271,1636.196218094943,1.0026742047543271,1636.1684404351497,0.9983376472006648
1636.2031625094262,1.0056942521968602,1636.2031625094262,0.9981410269443951,1636.197606977653,0.985119201547433,1636.1698293178608,1.0026059619749168
1636.204551392602,0.9947642044194775,1636.204551392602,0.9980707877269345,1636.19899586083,1.008284656209142,1636.1712182010365,1.004646360839763
1636.2059402753118,0.9923266911131543,1636.2059402753118,0.9979684502926874,1636.20038474354,0.9986955560525794,1636.172607083746,0.9990246359875932
1636.2073291584877,1.0065870555984096,1636.2073291584877,0.9978502353814901,1636.2017736267155,1.0068199751176328,1636.173995966922,0.984290047474772
1636.2087180411988,0.9810357887315637,1636.2087180411988,0.9977855424067006,1636.2031625094262,1.0038246936798494,1636.175384850097,0.9925492309692788
1636.2101069243752,1.0041710713161531,1636.2101069243752,0.9976749854636506,1636.204551392602,0.9928450931075052,1636.1767737328075,1.004415557391618
1636.211495807085,0.9759301521494214,1636.211495807085,0.9976008542997092,1636.2059402753118,0.990310730114265,1636.1781626159843,0.9981938468420332
1636.2128846902604,1.0007918363960722,1636.2128846902604,0.9975930684594158,1636.2073291584877,1.004423130360834,1636.1795514991609,1.014629943847294
1636.2142735729706,0.981119582442626,1636.2142735729706,0.9975822642707567,1636.2087180411988,0.9788633265799086,1636.1809403818704,0.9933692630562938
1636.215662456147,0.9984474212045134,1636.215662456147,0.9974839672863375,1636.2101069243752,1.0018363589783617,1636.1823292650458,1.008296359888839
1636.2170513388571,0.9839451437308212,1636.2170513388571,0.997455147111499,1636.211495807085,0.973588753521108,1636.1837181482226,1.007892927165161
1636.2184402220337,1.0057026479922766,1636.2184402220337,0.9973412712061176,1636.2128846902604,0.9983829989594912,1636.1851070309338,0.9878594116129934
1636.2198291047437,0.9985940964305617,1636.2198291047437,0.9972405052889585,1636.2142735729706,0.9787474945734942,1636.1864959141092,1.015218742203822
1636.221217987919,1.009953602242912,1636.221217987919,0.9972276942873852,1636.215662456147,0.9959352948298908,1636.187884796819,1.0023410801653008
1636.2226068706293,0.9982636916452402,1636.2226068706293,0.9972860049233573,1636.2170513388571,0.9814411480896712,1636.1892736799948,0.99068068687175
1636.2239957533404,0.998997876191422,1636.2239957533404,0.9972261121177195,1636.2184402220337,1.0030287574039758,1636.1906625627046,0.9694474580941572
1636.2253846365168,1.0024632268655835,1636.2253846365168,0.9971463075988443,1636.2198291047437,0.9958384813029844,1636.1920514458805,0.980872056664398
1636.2267735192263,1.0050173242463825,1636.2267735192263,0.997127844445944,1636.221217987919,1.007153702101938,1636.1934403290572,1.0109012031296671
1636.228162402402,1.0133313025057102,1636.228162402402,0.9970247251539833,1636.2226068706293,0.9955544089009238,1636.194829211768,0.9828792377324568
1636.2295512851122,1.0087279469031674,1636.2295512851122,0.9970022977750752,1636.2239957533404,0.9962267680882306,1636.196218094943,1.0026742047543271
1636.2309401682885,1.0000811997908483,1636.2309401682885,0.9969827124553133,1636.2253846365168,0.9996025051726392,1636.197606977653,0.985119201547433
1636.2351068168853,1.0036733300280407,1636.2351068168853,0.9968331276323995,1636.2267735192263,1.0021307581566257,1636.19899586083,1.008284656209142
1636.236495699595,0.9919283746306081,1636.236495699595,0.9967139604435428,1636.228162402402,1.0103163633706838,1636.20038474354,0.9986955560525794
1636.2378845823057,0.9793879038636133,1636.2378845823057,0.9967288882739003,1636.2295512851122,1.0057040808923918,1636.2017736267155,1.0068199751176328
1636.2392734654825,0.9915516594536213,1636.2392734654825,0.996688196917955,1636.2309401682885,0.9970636672430442,1636.2031625094262,1.0038246936798494
1636.2406623481927,0.9880412838822297,1636.2406623481927,0.9966706416944704,1636.2351068168853,1.0004948246930774,1636.204551392602,0.9928450931075052
1636.2420512309025,1.009748601441219,1636.2420512309025,0.9965822432058019,1636.236495699595,0.9886688587543996,1636.2059402753118,0.990310730114265
1636.243440114078,1.0079145091683004,1636.243440114078,0.9965496122961193,1636.2378845823057,0.9761842166068848,1636.2073291584877,1.004423130360834
1636.244828996788,0.9974848053637553,1636.244828996788,0.9964622063978653,1636.2392734654825,0.988267835611836,1636.2087180411988,0.9788633265799086
1636.2462178799644,0.9869518026963454,1636.2462178799644,0.9963564743158889,1636.2406623481927,0.9847517404275302,1636.2101069243752,1.0018363589783617
1636.2476067626746,1.0022930480170875,1636.2476067626746,0.9962267412872031,1636.2420512309025,1.0062975262982112,1636.211495807085,0.973588753521108
1636.248995645385,0.9879813326683337,1636.248995645385,0.9961987446004829,1636.243440114078,1.0044368133393031,1636.2128846902604,0.9983829989594912
1636.2503845280955,0.9970944010501422,1636.2503845280955,0.9962259452139811,1636.244828996788,0.9939559100011128,1636.2142735729706,0.9787474945734942
1636.251773411271,1.0026060660844516,1636.251773411271,0.9962275453720473,1636.2462178799644,0.9833558184542416,1636.215662456147,0.9959352948298908
1636.2531622939816,1.002151828520825,1636.2531622939816,0.9962232907661951,1636.2476067626746,0.9985111370408812,1636.2170513388571,0.9814411480896712
1636.2545511766928,1.0124898219833396,1636.2545511766928,0.9961988419614551,1636.248995645385,0.984225763292906,1636.2184402220337,1.0030287574039758
1636.255940059868,0.9805160852604691,1636.255940059868,0.996182463082663,1636.2503845280955,0.9933313121537464,1636.2198291047437,0.9958384813029844
1636.2573289425775,0.9954052366096422,1636.2573289425775,0.9961666794234229,1636.251773411271,0.9988237801904378,1636.221217987919,1.007153702101938
1636.2587178252882,0.9871156252451833,1636.2587178252882,0.9962046310051924,1636.2531622939816,0.998366992456376,1636.2226068706293,0.9955544089009238
1636.2601067079984,0.9977111754724488,1636.2601067079984,0.996195321577837,1636.2545511766928,1.0086411881575628,1636.2239957533404,0.9962267680882306
1636.2614955911747,0.9908499917931627,1636.2614955911747,0.996112683765491,1636.255940059868,0.9767729289069444,1636.2253846365168,0.9996025051726392
1636.262884473885,1.0015743491591345,1636.262884473885,0.9960345327752474,1636.2573289425775,0.9915895292341138,1636.2267735192263,1.0021307581566257
1636.2642733565956,0.9949278619887374,1636.2642733565956,0.9959994808626883,1636.2587178252882,0.9833691572068376,1636.228162402402,1.0103163633706838
1636.2656622393058,0.9768737886616258,1636.2656622393058,0.9958974727832155,1636.2601067079984,0.9939152052915778,1636.2295512851122,1.0057040808923918
1636.2670511224812,1.0090493846044,1636.2670511224812,0.9959149180819793,1636.2614955911747,0.986998244534102,1636.2309401682885,0.9970636672430442
1636.268440005192,0.9898493096535238,1636.268440005192,0.9958488241251937,1636.262884473885,0.997602638904391,1636.2351068168853,1.0004948246930774
1636.269828887903,0.9878079339573691,1636.269828887903,0.9958015082187316,1636.2642733565956,0.9909476340366068,1636.236495699595,0.9886688587543996
1636.2712177706126,1.0051351151591668,1636.2712177706126,0.9957856440255227,1636.2656622393058,0.972866137356278,1636.2378845823057,0.9761842166068848
1636.2726066537878,0.9903504847772903,1636.2726066537878,0.9957776903297759,1636.2670511224812,1.0049273352089627,1636.2392734654825,0.988267835611836
1636.2739955364984,0.9928299591941191,1636.2739955364984,0.9956847260069687,1636.268440005192,0.9857402710795964,1636.2406623481927,0.9847517404275302
1636.2753844192086,0.9871769353808754,1636.2753844192086,0.9956014948987664,1636.269828887903,0.9836606304651774,1636.2420512309025,1.0062975262982112
1636.276773301919,0.9908551281691153,1636.276773301919,0.9956506854169925,1636.2712177706126,1.0008991179814388,1636.243440114078,1.0044368133393031
1636.2781621846295,0.9855598090506856,1636.2781621846295,0.995541315921346,1636.2726066537878,0.986168918348504,1636.244828996788,0.9939559100011128
1636.279551067806,0.9916409903565283,1636.279551067806,0.9955322959603375,1636.2739955364984,0.9885456258917064,1636.2462178799644,0.9833558184542416
1636.280939950516,0.994921214646534,1636.280939950516,0.9954464213346754,1636.2753844192086,0.9828348325947824,1636.2476067626746,0.9985111370408812
1636.2823288332258,1.0035375857646684,1636.2823288332258,0.995340542502363,1636.276773301919,0.9865455875105216,1636.248995645385,0.984225763292906
1636.2837177159363,1.0071774040281944,1636.2837177159363,0.9952261663913018,1636.2781621846295,0.98116550922151,1636.2503845280955,0.9933313121537464
1636.2851065986476,0.990402259567546,1636.2851065986476,0.995175791952536,1636.279551067806,0.9872106318980176,1636.251773411271,0.9988237801904378
1636.2864954813574,0.9946568533353201,1636.2864954813574,0.9951076972495136,1636.280939950516,0.9903907626298408,1636.2531622939816,0.998366992456376
1636.2878843645326,0.9916881050152725,1636.2878843645326,0.9950935442086825,1636.2823288332258,0.9988616450365168,1636.2545511766928,1.0086411881575628
1636.289273247243,0.9920663127927082,1636.289273247243,0.995088832597389,1636.2837177159363,1.0023693066869233,1636.255940059868,0.9767729289069444
1636.2906621299533,0.9774792826471639,1636.2906621299533,0.9950838022012505,1636.2851065986476,0.9856243530167138,1636.2573289425775,0.9915895292341138
1636.292051012664,0.9826961459238381,1636.292051012664,0.9950852585578357,1636.2864954813574,0.9897906908759576,1636.2587178252882,0.9833691572068376
1636.293439895374,0.9980039614210661,1636.293439895374,0.9950610441104686,1636.2878843645326,0.9868224311692396,1636.2601067079984,0.9939152052915778
1636.2948287780848,0.9944390262499807,1636.2948287780848,0.9950158658299572,1636.289273247243,0.9871941090560922,1636.2614955911747,0.986998244534102
1636.296217660795,1.002317497301397,1636.296217660795,0.9949429969959074,1636.2906621299533,0.9726738011494906,1636.262884473885,0.997602638904391
1636.2976065435048,0.9907846759721836,1636.2976065435048,0.9949138014715365,1636.292051012664,0.9778664484504112,1636.2642733565956,0.9909476340366068
1636.2989954262157,1.0036382161198933,1636.2989954262157,0.9949110564721505,1636.293439895374,0.9930748638780298,1636.2656622393058,0.972866137356278
1636.3003843093925,1.0043294539196712,1636.3003843093925,0.9949267798975081,1636.2948287780848,0.989482608719224,1636.2670511224812,1.0049273352089627
1636.301773192102,0.9925048817946991,1636.301773192102,0.994843257297948,1636.296217660795,0.9972487747064892,1636.268440005192,0.9857402710795964
1636.3031620748118,1.01337742347896,1636.3031620748118,0.9948415609804516,1636.2976065435048,0.9857453484112296,1636.269828887903,0.9836606304651774
1636.304550957522,0.9884205260584665,1636.304550957522,0.9948716925260669,1636.2989954262157,0.9985307579156676,1636.2712177706126,1.0008991179814388
1636.3059398402322,1.0022084737523882,1636.3059398402322,0.9948197331986601,1636.3003843093925,0.9992342695445212,1636.2726066537878,0.986168918348504
1636.3073287229429,1.0040421654785476,1636.3073287229429,0.9948979329041919,1636.301773192102,0.9873867894887532,1636.2739955364984,0.9885456258917064
1636.308717605653,1.0167514219904048,1636.308717605653,0.9949545069069298,1636.3031620748118,1.008149977836157,1636.2753844192086,0.9828348325947824
1636.3101064883638,0.9965695549763829,1636.3101064883638,0.9948568093369162,1636.304550957522,0.983351601687292,1636.276773301919,0.9865455875105216
1636.3114953710735,1.0005429387988618,1636.3114953710735,0.9949243828985453,1636.3059398402322,0.9970167664677873,1636.2781621846295,0.98116550922151
1636.3128842537833,0.9797092065516386,1636.3128842537833,0.9948447978419637,1636.3073287229429,0.9989194749832556,1636.279551067806,0.9872106318980176
1636.3142731364944,0.995128581802266,1636.3142731364944,0.994792157476713,1636.308717605653,1.0116214097133829,1636.280939950516,0.9903907626298408
1636.3156620192055,1.0000536382843286,1636.3156620192055,0.9947979682981388,1636.3101064883638,0.9914440077461149,1636.2823288332258,0.9988616450365168
1636.3170509019153,0.9940537734006181,1636.3170509019153,0.9948668275635257,1636.3114953710735,0.9954645659479546,1636.2837177159363,1.0023693066869233
1636.318439784625,0.9947359669714382,1636.318439784625,0.9948354595556607,1636.3128842537833,0.9746586075357756,1636.2851065986476,0.9856243530167138
1636.3198286673353,1.0010096900798773,1636.3198286673353,0.9948369302433466,1636.3142731364944,0.989946108857818,1636.2864954813574,0.9897906908759576
1636.3212175500455,1.011972348101301,1636.3212175500455,0.9948521177595074,1636.3156620192055,0.994851327554412,1636.2878843645326,0.9868224311692396
1636.3226064327562,0.9866315670412424,1636.3226064327562,0.9948331045124553,1636.3170509019153,0.9889511239706248,1636.289273247243,0.9871941090560922
1636.3239953154664,0.9889672596741876,1636.3239953154664,0.9949119276570806,1636.318439784625,0.9895986128385752,1636.2906621299533,0.9726738011494906
1636.325384198177,1.0161134594284091,1636.325384198177,0.9949120676747887,1636.3198286673353,0.9958414072229088,1636.292051012664,0.9778664484504112
1636.3267730808868,0.9691535085403881,1636.3267730808868,0.9949228310615872,1636.3212175500455,1.0067628336226409,1636.293439895374,0.9930748638780298
1636.3281619635966,1.0033806029624368,1636.3281619635966,0.9949254054101708,1636.3226064327562,0.981533744849628,1636.2948287780848,0.989482608719224
1636.3295508463077,1.0111426790145122,1636.3295508463077,0.994877510108266,1636.3239953154664,0.9839353227121866,1636.296217660795,0.9972487747064892
1636.3309397290188,1.001191840654981,1636.3309397290188,0.9948005964646949,1636.325384198177,1.010943542912101,1636.2976065435048,0.9857453484112296
1636.3323286117286,0.9751705900897735,1636.3323286117286,0.9947804737415786,1636.3267730808868,0.964232952450273,1636.2989954262157,0.9985307579156676
1636.3337174944384,1.0045587195772152,1636.3337174944384,0.994759935648509,1636.3281619635966,0.998288853183104,1636.3003843093925,0.9992342695445212
1636.3351063771486,0.9881976807669989,1636.3351063771486,0.9947556304620054,1636.3295508463077,1.0059631108621594,1636.301773192102,0.9873867894887532
1636.3364952598592,0.9801124132287805,1636.3364952598592,0.9947515321773893,1636.3309397290188,0.9959862402591608,1636.3031620748118,1.008149977836157
1636.3378841425697,0.9839676839838974,1636.3378841425697,0.9947300010579021,1636.3323286117286,0.9700806615883596,1636.304550957522,0.983351601687292
1636.3392730252797,1.0013225118926943,1636.3392730252797,0.9946842693490036,1636.3337174944384,0.9992947672417792,1636.3059398402322,0.9970167664677873
1636.3406619075247,0.9976198508629959,1636.3406619075247,0.9946841168776765,1636.3351063771486,0.9830152069524676,1636.3073287229429,0.9989194749832556
1636.3420507902345,0.9586349928981514,1636.3420507902345,0.9946185556944472,1636.3364952598592,0.974968324765408,1636.308717605653,1.0116214097133829
1636.3434396729442,0.9960327072199748,1636.3434396729442,0.9946454970811072,1636.3378841425697,0.9787821753302438,1636.3101064883638,0.9914440077461149
1636.344828555655,0.9978177956433036,1636.344828555655,0.9945832152924347,1636.3392730252797,0.9959997511246936,1636.3114953710735,0.9954645659479546
1636.3462174383665,1.0054479732355577,1636.3462174383665,0.9945879656180323,1636.3406619075247,0.9923166203352984,1636.3128842537833,0.9746586075357756
1636.3476063210762,0.9984889227769543,1636.3476063210762,0.9946005871353937,1636.3420507902345,0.953476152074516,1636.3142731364944,0.989946108857818
1636.348995203786,0.97372652232714,1636.348995203786,0.9945964592607699,1636.3434396729442,0.9906994471818528,1636.3156620192055,0.994851327554412
1636.3503840864962,0.9864260015759914,1636.3503840864962,0.9946368466154071,1636.344828555655,0.9924128314669264,1636.3170509019153,0.9889511239706248
1636.3517729687403,1.0122028824133293,1636.3517729687403,0.9946377779064375,1636.3462174383665,1.000006454235127,1636.318439784625,0.9895986128385752
1636.3531618514507,1.0161204631956016,1636.3531618514507,0.9946305565058323,1636.3476063210762,0.9930976688421456,1636.3198286673353,0.9958414072229088
1636.3545507341616,0.9812416785416228,1636.3545507341616,0.9945640697045088,1636.348995203786,0.9684649513948764,1636.3212175500455,1.0067628336226409
1636.3559396168723,0.9730842639219371,1636.3559396168723,0.9945452448634872,1636.3503840864962,0.9811356476269886,1636.3226064327562,0.981533744849628
1636.357328499582,0.9810804471717077,1636.357328499582,0.9945422607551878,1636.3517729687403,1.006775225754085,1636.3239953154664,0.9839353227121866
1636.3587173822918,0.99716513077605,1636.3587173822918,0.9945100375392362,1636.3531618514507,1.0106644617852052,1636.325384198177,1.010943542912101
1636.3601062645373,0.9890339974120445,1636.3601062645373,0.9945429534245275,1636.3545507341616,0.9759077171740398,1636.3267730808868,0.964232952450273
1636.3614951472484,0.9829427346126349,1636.3614951472484,0.9945931982240953,1636.3559396168723,0.9677763275350492,1636.3281619635966,0.998288853183104
1636.3628840299582,1.0073014728854714,1636.3628840299582,0.9945993611433593,1636.357328499582,0.9757259659128608,1636.3295508463077,1.0059631108621594
1636.364272912668,0.9963770497150424,1636.364272912668,0.994601541120356,1636.3587173822918,0.9916907316409068,1636.3309397290188,0.9959862402591608
1636.3656617953782,0.9693748246004262,1636.3656617953782,0.9946238630292409,1636.3601062645373,0.9836367928234412,1636.3323286117286,0.9700806615883596
1636.3670506776225,0.9765000052863633,1636.3670506776225,0.9946050524401282,1636.3614951472484,0.9776281580895188,1636.3337174944384,0.9992947672417792
1636.368439560333,0.9920236282908343,1636.368439560333,0.9945767194354851,1636.3628840299582,1.0018614014106548,1636.3351063771486,0.9830152069524676
1636.3698284430438,0.9932963944026552,1636.3698284430438,0.9945918216054622,1636.364272912668,0.9909981491835348,1636.3364952598592,0.974968324765408
1636.3712173257543,0.9765176225220912,1636.3712173257543,0.9945921320660587,1636.3656617953782,0.9641633327673688,1636.3378841425697,0.9787821753302438
1636.372606208464,0.9780793718888453,1636.372606208464,0.9946381642754432,1636.3670506776225,0.9712318389656288,1636.3392730252797,0.9959997511246936
1636.373995090708,1.0036289294113097,1636.373995090708,0.9946439053960675,1636.368439560333,0.986643605827985,1636.3406619075247,0.9923166203352984
1636.3753839734184,0.9919239379615735,1636.3753839734184,0.9946624482061799,1636.3698284430438,0.9879244703030744,1636.3420507902345,0.953476152074516
1636.3767728561295,1.0041788835211112,1636.3767728561295,0.9946532130647979,1636.3712173257543,0.9712367441843254,1636.3434396729442,0.9906994471818528
1636.3781617388402,0.9774843426255903,1636.3781617388402,0.9946926013403664,1636.372606208464,0.9728350709711996,1636.344828555655,0.9924128314669264
1636.3795506210845,0.9871779101557622,1636.3795506210845,0.9947197906201005,1636.373995090708,0.9982533979181392,1636.3462174383665,1.000006454235127
1636.3809395037945,0.9951115872440162,1636.3809395037945,0.9947139329646115,1636.3753839734184,0.9866294925671736,1636.3476063210762,0.9930976688421456
1636.3823283865042,0.9974633964946465,1636.3823283865042,0.9947121890181999,1636.3767728561295,0.9988097529860948,1636.348995203786,0.9684649513948764
1636.3837172687493,0.983399835409608,1636.3837172687493,0.994716593200178,1636.3781617388402,0.9722964435357264,1636.3503840864962,0.9811356476269886
1636.3851061514604,1.0025318732706379,1636.3851061514604,0.9946777960795299,1636.3795506210845,0.9819654040949282,1636.3517729687403,1.006775225754085
1636.3864950341706,0.9901497484843464,1636.3864950341706,0.9947091664246763,1636.3809395037945,0.9898513606861524,1636.3531618514507,1.0106644617852052
1636.3878839168804,1.022972618627887,1636.3878839168804,0.9946776315876755,1636.3823283865042,0.9921889985927186,1636.3545507341616,0.9759077171740398
1636.3892727991245,0.9868311255203109,1636.3892727991245,0.9947013429282437,1636.3837172687493,0.978204134032261,1636.3559396168723,0.9677763275350492
1636.390661681835,0.996599257918657,1636.390661681835,0.9946993601452709,1636.3851061514604,0.9971961942043206,1636.357328499582,0.9757259659128608
1636.3920505645451,0.9900222311765668,1636.3920505645451,0.9946655260444957,1636.3864950341706,0.9849110309504672,1636.3587173822918,0.9916907316409068
1636.39343944679,0.9833414213035065,1636.39343944679,0.9947079469398747,1636.3878839168804,1.017527981475829,1636.3601062645373,0.9836367928234412
1636.3948283295006,1.0022994758641297,1636.3948283295006,0.9947088040286793,1636.3892727991245,0.9816022457984436,1636.3614951472484,0.9776281580895188
1636.3962172122108,0.9880029059106039,1636.3962172122108,0.9947247502173263,1636.390661681835,0.99131664417294,1636.3628840299582,1.0018614014106548
1636.3976060944549,0.984927525002331,1636.3976060944549,0.9947282676611423,1636.3920505645451,0.9847409833689852,1636.364272912668,0.9909981491835348
1636.3989949771656,0.965609128932174,1636.3989949771656,0.9947209319065927,1636.39343944679,0.9781375263257494,1636.3656617953782,0.9641633327673688
1636.400383859411,0.9854077788156262,1636.400383859411,0.9947549679694013,1636.3948283295006,0.9969961129153806,1636.3670506776225,0.9712318389656288
1636.4017727421212,0.9936360934266265,1636.4017727421212,0.9948701743292413,1636.3962172122108,0.982790943795918,1636.368439560333,0.986643605827985
1636.403161624831,1.0076667274149465,1636.403161624831,0.9947866098251558,1636.3976060944549,0.9797352507173452,1636.3698284430438,0.9879244703030744
1636.404550507075,1.0073857776560646,1636.404550507075,0.9947847043055282,1636.3989949771656,0.9605116125889254,1636.3712173257543,0.9712367441843254
1636.405939389785,0.9907579612363979,1636.405939389785,0.9947834130684629,1636.400383859411,0.9802392834525372,1636.372606208464,0.9728350709711996
1636.407328272496,0.9909169632577132,1636.407328272496,0.9947734250686313,1636.4017727421212,0.9885389134871742,1636.373995090708,0.9982533979181392
1636.4087171547403,0.9846198411602141,1636.4087171547403,0.9947110954391365,1636.403161624831,1.002413367598724,1636.3753839734184,0.9866294925671736
1636.4101060374512,0.9886384791075841,1636.4101060374512,0.9947068557600331,1636.404550507075,1.0021319629471828,1636.3767728561295,0.9988097529860948
1636.4114949196958,0.9950082081265608,1636.4114949196958,0.9947201552595535,1636.405939389785,0.9855895862034958,1636.3781617388402,0.9722964435357264
1636.4128838024055,1.0111418816765172,1636.4128838024055,0.9946904608172994,1636.407328272496,0.9857378614984824,1636.3795506210845,0.9819654040949282
1636.4142726846503,1.0043795292934852,1636.4142726846503,0.9946843930535576,1636.4087171547403,0.9794122807915852,1636.3809395037945,0.9898513606861524
1636.4156615673617,0.9856142894294521,1636.4156615673617,0.9947239611996547,1636.4101060374512,0.9834054730364862,1636.3823283865042,0.9921889985927186
1636.417050450072,0.9748744021604956,1636.417050450072,0.9947084260428265,1636.4114949196958,0.9897547192721826,1636.3837172687493,0.978204134032261
1636.418439332316,0.9801464004472346,1636.418439332316,0.9946986005990415,1636.4128838024055,1.005773184236486,1636.3851061514604,0.9971961942043206
1636.4198282150255,0.9979266124259392,1636.4198282150255,0.9946701721995606,1636.4142726846503,0.9990406424907082,1636.3864950341706,0.9849110309504672
1636.4212170972703,1.002334571000343,1636.4212170972703,0.9946875411494117,1636.4156615673617,0.9804141501962474,1636.3878839168804,1.017527981475829
1636.422605979981,0.9905093622051685,1636.422605979981,0.9946922505453663,1636.417050450072,0.969715782162508,1636.3892727991245,0.9816022457984436
1636.4239948622255,0.9918410508130762,1636.4239948622255,0.9947211035823854,1636.418439332316,0.974950252907052,1636.390661681835,0.99131664417294
1636.4253837449362,0.9897121955349844,1636.4253837449362,0.994814428031243,1636.4198282150255,0.992607835424233,1636.3920505645451,0.9847409833689852
1636.4267726271808,0.9854764405026263,1636.4267726271808,0.9948796080489912,1636.4212170972703,0.9970097098373816,1636.39343944679,0.9781375263257494
1636.4281615098903,0.9686050374821643,1636.4281615098903,0.9948872062915796,1636.422605979981,0.9852519866781144,1636.3948283295006,0.9969961129153806
1636.4295503921355,0.9701339981828166,1636.4295503921355,0.9948755762460147,1636.4239948622255,0.986605224643096,1636.3962172122108,0.982790943795918
1636.4309392748469,0.9940174745345831,1636.4309392748469,0.9948692202801124,1636.4253837449362,0.9845799717166812,1636.3976060944549,0.9797352507173452
1636.4323281570912,0.9903241879382281,1636.4323281570912,0.9949272516281595,1636.4267726271808,0.9804304148687678,1636.3989949771656,0.9605116125889254
1636.433717039801,0.9842967509384799,1636.433717039801,0.9949328637006715,1636.4281615098903,0.9636527597405812,1636.400383859411,0.9802392834525372
1636.435105922045,0.9841274702308498,1636.435105922045,0.9949417061872359,1636.4295503921355,0.96516262047798,1636.4017727421212,0.9885389134871742
1636.4364948047553,0.9713186026408672,1636.4364948047553,0.9950262902791505,1636.4309392748469,0.9889173898350272,1636.403161624831,1.002413367598724
1636.4378836870003,0.9869438985739166,1636.4378836870003,0.9950213908724256,1636.4323281570912,0.9853005225262702,1636.404550507075,1.0021319629471828
1636.4392725697105,0.9967784499110677,1636.4392725697105,0.9950281030242241,1636.433717039801,0.9793091851424884,1636.405939389785,0.9855895862034958
1636.4406614519555,1.0007798618487118,1636.4406614519555,0.995098069660631,1636.435105922045,0.9791494643372098,1636.407328272496,0.9857378614984824
1636.4420503346655,0.9928633718729906,1636.4420503346655,0.9952014616204208,1636.4364948047553,0.9664875458648704,1636.4087171547403,0.9794122807915852
1636.4434392169098,0.9820486816136569,1636.4434392169098,0.9952979124359027,1636.4378836870003,0.9820302906720726,1636.4101060374512,0.9834054730364862
1636.4448280991548,0.9918340927288635,1636.4448280991548,0.9952317526473421,1636.4392725697105,0.9918225701504362,1636.4114949196958,0.9897547192721826
1636.446216981866,1.0152137435509319,1636.446216981866,0.9953309645518549,1636.4406614519555,0.995874108680886,1636.4128838024055,1.005773184236486
1636.44760586411,1.0055086553834391,1636.44760586411,0.995310874202326,1636.4420503346655,0.9880990788773796,1636.4142726846503,0.9990406424907082
1636.4489947468198,0.9913729549786375,1636.4489947468198,0.9953745472185898,1636.4434392169098,0.9774310027205032,1636.4156615673617,0.9804141501962474
1636.4503836290644,0.9975353103326977,1636.4503836290644,0.9953849809923161,1636.4448280991548,0.9871047824419332,1636.417050450072,0.969715782162508
1636.4517725113092,0.9871743083447037,1636.4517725113092,0.995427354389594,1636.446216981866,1.0104736745948484,1636.418439332316,0.974950252907052
1636.4531613940196,0.9969265656143061,1636.4531613940196,0.995417018162432,1636.44760586411,1.0007936988076962,1636.4198282150255,0.992607835424233
1636.4545502762642,1.0014159122824473,1636.4545502762642,0.9953484963931297,1636.4489947468198,0.9867874061866168,1636.4212170972703,0.9970097098373816
1636.4559391589748,0.9935157324943956,1636.4559391589748,0.9953881899158175,1636.4503836290644,0.9929316659146764,1636.422605979981,0.9852519866781144
1636.4573280412194,0.983938729613498,1636.4573280412194,0.9954668341432568,1636.4517725113092,0.9826603100769457,1636.4239948622255,0.986605224643096
1636.4587169234635,0.9970015234547093,1636.4587169234635,0.9954879659628276,1636.4531613940196,0.9923576692707068,1636.4253837449362,0.9845799717166812
1636.4601058061742,0.9826614358213152,1636.4601058061742,0.9955558298606055,1636.4545502762642,0.9967578225544882,1636.4267726271808,0.9804304148687678
1636.4614946884196,0.9915804371043254,1636.4614946884196,0.9955843250373125,1636.4559391589748,0.988933826620484,1636.4281615098903,0.9636527597405812
1636.4628835706635,1.0052564743046026,1636.4628835706635,0.9956352091544292,1636.4573280412194,0.9794783721592868,1636.4295503921355,0.96516262047798
1636.4642724533735,1.014174438348622,1636.4642724533735,0.9956660201636091,1636.4587169234635,0.992503018645769,1636.4309392748469,0.9889173898350272
1636.465661335618,0.994200737816016,1636.465661335618,0.9957853856831771,1636.4601058061742,0.9782943212111036,1636.4323281570912,0.9853005225262702
1636.467050217863,1.0084419103572324,1636.467050217863,0.9958468354601423,1636.4614946884196,0.9872019401947132,1636.433717039801,0.9793091851424884
1636.4684391005733,0.9899309578395661,1636.4684391005733,0.9959587201615652,1636.4628835706635,1.000868740048107,1636.435105922045,0.9791494643372098
1636.4698279828178,0.9932297895748695,1636.4698279828178,0.9959761854276774,1636.4642724533735,1.009779026782236,1636.4364948047553,0.9664875458648704
1636.4712168650628,1.0146124403445467,1636.4712168650628,0.996038566834201,1636.465661335618,0.9900105651526208,1636.4378836870003,0.9820302906720726
1636.472605747773,1.0153647844860045,1636.472605747773,0.9960170549625753,1636.467050217863,1.0042536851746304,1636.4392725697105,0.9918225701504362
1636.4739946300172,0.9942696832474683,1636.4739946300172,0.9960705942907924,1636.4684391005733,0.9859303698182066,1636.4406614519555,0.995874108680886
1636.4753835122622,0.9881792490336326,1636.4753835122622,0.9961307217519086,1636.4698279828178,0.9892332170739132,1636.4420503346655,0.9880990788773796
1636.4767723945076,1.0106963618790046,1636.4767723945076,0.9961774095199721,1636.4712168650628,1.0105931209729335,1636.4434392169098,0.9774310027205032
1636.4781612772174,0.9896727522759252,1636.4781612772174,0.9962098702869926,1636.472605747773,1.0113206423564602,1636.4448280991548,0.9871047824419332
1636.4795501594615,1.000786410444073,1636.4795501594615,0.9962189580443812,1636.4739946300172,0.9903627942776236,1636.446216981866,1.0104736745948484
1636.480939041706,1.003538433273461,1636.480939041706,0.9962461115175458,1636.4753835122622,0.9843557085601315,1636.44760586411,1.0007936988076962
1636.4823279244167,0.9795677189919821,1636.4823279244167,0.9962459101568439,1636.4767723945076,1.006832883587887,1636.4489947468198,0.9867874061866168
1636.4837168066613,1.004469836230468,1636.4837168066613,0.9963080936184964,1636.4781612772174,0.9859217641713705,1636.4503836290644,0.9929316659146764
1636.4851056889058,1.00450624581075,1636.4851056889058,0.9963708448509864,1636.4795501594615,0.9970023950375708,1636.4517725113092,0.9826603100769457
1636.4864945711508,0.9815534367351119,1636.4864945711508,0.9964164385652516,1636.480939041706,0.9997712619070956,1636.4531613940196,0.9923576692707068
1636.487883453395,1.0104312410613534,1636.487883453395,0.9965151861123693,1636.4823279244167,0.9758903337674308,1636.4545502762642,0.9967578225544882
1636.4892723361047,1.0011186912695476,1636.4892723361047,0.9966293672791637,1636.4837168066613,1.0007614276320609,1636.4559391589748,0.988933826620484
1636.4906612183502,0.9956551058702576,1636.4906612183502,0.9967289697734861,1636.4851056889058,1.0008607367965496,1636.4573280412194,0.9794783721592868
1636.4920501005956,0.9917129902151445,1636.4920501005956,0.9968344572010989,1636.4864945711508,0.9780359796930832,1636.4587169234635,0.992503018645769
1636.4934389828395,1.006471281112012,1636.4934389828395,0.9968215845175044,1636.487883453395,1.006910076240007,1636.4601058061742,0.9782943212111036
1636.4948278655495,0.9934427558669302,1636.4948278655495,0.9968388120321799,1636.4892723361047,0.9977442878513136,1636.4614946884196,0.9872019401947132
1636.496216747794,0.9851616006552218,1636.496216747794,0.9969182259330307,1636.4906612183502,0.9923982879237732,1636.4628835706635,1.000868740048107
1636.497605630039,0.9740620328645145,1636.497605630039,0.9970313613304564,1636.4920501005956,0.9885736803003922,1636.4642724533735,1.009779026782236
1636.4989945122836,0.9990264113682832,1636.4989945122836,0.997052568040979,1636.4934389828395,1.0032722972094383,1636.465661335618,0.9900105651526208
1636.5003833945284,1.0073279515574058,1636.5003833945284,0.9971022143192407,1636.4948278655495,0.9903022965803656,1636.467050217863,1.0042536851746304
1636.5017722767732,1.0137796878225251,1636.5017722767732,0.9971812682722182,1636.496216747794,0.9821255551825486,1636.4684391005733,0.9859303698182066
1636.503161159483,0.9923241671103106,1636.503161159483,0.9972103488237076,1636.497605630039,0.9711703946472188,1636.4698279828178,0.9892332170739132
1636.504550041727,0.9889371944964215,1636.504550041727,0.9972694144689792,1636.4989945122836,0.9960818489955102,1636.4712168650628,1.0105931209729335
1636.5059389239725,0.9986897537346945,1636.5059389239725,0.9972590750457155,1636.5003833945284,1.0044089310435542,1636.472605747773,1.0113206423564602
1636.507327806218,0.9919399204635824,1636.507327806218,0.9973545885936156,1636.5017722767732,1.010922114851479,1636.4739946300172,0.9903627942776236
1636.508716688462,1.0154129569385533,1636.508716688462,0.9974380154335972,1636.503161159483,0.989555928830268,1636.4753835122622,0.9843557085601315
1636.5101055707062,0.9966088144091195,1636.5101055707062,0.9975154299398197,1636.504550041727,0.9862368169020412,1636.4767723945076,1.006832883587887
1636.5114944529507,0.9925770716575922,1636.5114944529507,0.9975857927016677,1636.5059389239725,0.9959524200670948,1636.4781612772174,0.9859217641713705
1636.5128833351955,0.9936465706991918,1636.5128833351955,0.9976741426702108,1636.507327806218,0.98931583128354,1636.4795501594615,0.9970023950375708
1636.514272217906,1.0045146100425495,1636.514272217906,0.9977250393868486,1636.508716688462,1.0128114846143512,1636.480939041706,0.9997712619070956
1636.515661100151,0.9887751423901527,1636.515661100151,0.9977712445988521,1636.5101055707062,0.9941326699871268,1636.4823279244167,0.9758903337674308
1636.5170499823955,1.0138409561167903,1636.5170499823955,0.997848866692596,1636.5114944529507,0.9901807848470392,1636.4837168066613,1.0007614276320609
1636.5184388646396,0.9975421715734694,1636.5184388646396,0.9977517261402968,1636.5128833351955,0.9913354905395112,1636.4851056889058,1.0008607367965496
1636.5198277468835,1.0014222128680135,1636.5198277468835,0.9977760638939509,1636.514272217906,1.0022293788693677,1636.4864945711508,0.9780359796930832
1636.5212166291285,1.0095229696816335,1636.5212166291285,0.9978667904761068,1636.515661100151,0.98657140445103,1636.487883453395,1.006910076240007
1636.5226055113735,1.011904359547532,1636.5226055113735,0.997895503154865,1636.5170499823955,1.011660049067677,1636.4892723361047,0.9977442878513136
1636.5239943936188,0.9914326731749721,1636.5239943936188,0.9979580022369071,1636.5184388646396,0.9952994235851692,1636.4906612183502,0.9923982879237732
1636.5253832758629,0.9915575100253289,1636.5253832758629,0.9980564492422842,1636.5198277468835,0.9991951138514168,1636.4920501005956,0.9885736803003922
1636.5267721581074,1.008861545786674,1636.5267721581074,0.9981527634785436,1636.5212166291285,1.0073694456681197,1636.4934389828395,1.0032722972094383
1636.5281610403515,0.9794784477227411,1636.5281610403515,0.9982487955315901,1636.5226055113735,1.009774810015286,1636.4948278655495,0.9903022965803656
1636.5295499225963,0.985714565518697,1636.5295499225963,0.9983552610590208,1636.5239943936188,0.9894081698740916,1636.496216747794,0.9821255551825486
1636.530938804842,0.985443949417752,1636.530938804842,0.9984697879014738,1636.5253832758629,0.9896303676754004,1636.497605630039,0.9711703946472188
1636.5323276870863,0.9856838710302246,1636.5323276870863,0.998504213720878,1636.5267721581074,1.006997939894204,1636.4989945122836,0.9960818489955102
1636.5337165693306,0.9812935989230562,1636.5337165693306,0.9985211277193758,1636.5281610403515,0.9777631806883778,1636.5003833945284,1.0044089310435542
1636.5351054515747,0.9981042632152246,1636.5351054515747,0.9984859770698584,1636.5295499225963,0.984093322388098,1636.5017722767732,1.010922114851479
1636.5364943338193,0.9949605931414399,1636.5364943338193,0.9985811194479384,1636.530938804842,0.9839360111639336,1636.503161159483,0.989555928830268
1636.5378832160648,0.9982164732697639,1636.5378832160648,0.9986796968144714,1636.5323276870863,0.9842094986203858,1636.504550041727,0.9862368169020412
1636.5392720983098,1.010797984912156,1636.5392720983098,0.9987927060756936,1636.5337165693306,0.979842391020455,1636.5059389239725,0.9959524200670948
1636.540660980554,0.9902332484008853,1636.540660980554,0.9989038952738263,1636.5351054515747,0.9965931104740446,1636.507327806218,0.98931583128354
1636.5420498627984,1.0108145394628059,1636.5420498627984,0.9989794823454227,1636.5364943338193,0.9935488629057638,1636.508716688462,1.0128114846143512
1636.5434387450423,1.0005057095896077,1636.5434387450423,0.9991076596807597,1636.5378832160648,0.9968985248802588,1636.5101055707062,0.9941326699871268
1636.5448276272875,0.9949015367771737,1636.5448276272875,0.9991624929728419,1636.5392720983098,1.0095776546462705,1636.5114944529507,0.9901807848470392
1636.546216509533,0.9893924228121721,1636.546216509533,0.9992197961342808,1636.540660980554,0.9891478490572988,1636.5128833351955,0.9913354905395112
1636.5476053917776,0.999659796847124,1636.5476053917776,0.9992835302019886,1636.5420498627984,1.0097829853797806,1636.514272217906,1.0022293788693677
1636.5489942740217,1.0106892935830978,1636.5489942740217,0.9993984794027515,1636.5434387450423,0.9996129180053108,1636.515661100151,0.98657140445103
1636.5503831562658,1.0001241054808512,1636.5503831562658,0.9994566948324416,1636.5448276272875,0.9940682997487924,1636.5170499823955,1.011660049067677
1636.5517720385103,0.9873365604865514,1636.5517720385103,0.999475877284112,1636.546216509533,0.9886204950191808,1636.5184388646396,0.9952994235851692
1636.553160920755,1.0012079128094882,1636.553160920755,0.9994671553629219,1636.5476053917776,0.9989435707943968,1636.5198277468835,0.9991951138514168
1636.554549803,1.0179170720841406,1636.554549803,0.9994935662496757,1636.5489942740217,1.010081343155589,1636.5212166291285,1.0073694456681197
1636.5559386852449,0.9967118301261122,1636.5559386852449,0.9996222129406949,1636.5503831562658,0.9995807328861438,1636.5226055113735,1.009774810015286
1636.5573275674894,1.0077534584683947,1636.5573275674894,0.9996940033675953,1636.5517720385103,0.9868190749669736,1636.5239943936188,0.9894081698740916
1636.558716449268,1.0079136468237173,1636.558716449268,0.9997235567797773,1636.553160920755,1.0006744245425474,1636.5253832758629,0.9896303676754004
1636.560105331513,0.9846495182718129,1636.560105331513,0.9996105410660366,1636.554549803,1.017401564523806,1636.5267721581074,1.006997939894204
1636.5614942137584,1.002020464479413,1636.5614942137584,0.9996093737132034,1636.5559386852449,0.9963352852948342,1636.5281610403515,0.9777631806883778
1636.562883096003,0.9897773926923336,1636.562883096003,0.9996666108247113,1636.5573275674894,1.0074450893038092,1636.5295499225963,0.984093322388098
1636.564271978247,0.9915850163851251,1636.564271978247,0.9998029454622791,1636.558716449268,1.007635015929483,1636.530938804842,0.9839360111639336
1636.565660860491,1.0020080991528084,1636.565660860491,0.9999178374866542,1636.560105331513,0.9842660377200992,1636.5323276870863,0.9842094986203858
1636.5670497427357,1.006286021066045,1636.5670497427357,0.9999256579103416,1636.5614942137584,1.0016290489460793,1636.5337165693306,0.979842391020455
1636.568438624981,1.0003116346203937,1636.568438624981,1.0000349039004335,1636.562883096003,0.9894474116236645,1636.5351054515747,0.9965931104740446
1636.5698275067596,1.0100763135468593,1636.5698275067596,1.0001213598842653,1636.564271978247,0.9913896200581104,1636.5364943338193,0.9935488629057638
1636.5712163890046,1.0188174312540021,1636.5712163890046,1.0002029942076767,1636.565660860491,1.001925771648989,1636.5378832160648,0.9968985248802588
1636.5726052712491,1.026287784979512,1636.5726052712491,1.0002328287283724,1636.5670497427357,1.006211211660445,1636.5392720983098,1.0095776546462705
1636.5739941534932,1.0017126882903227,1636.5739941534932,1.0003526653398291,1636.568438624981,1.000346549398091,1636.540660980554,0.9891478490572988
1636.5753830357382,1.003318922420341,1636.5753830357382,1.000411721969807,1636.5698275067596,1.0101988962913706,1636.5420498627984,1.0097829853797806
1636.5767719179837,1.0001166203874101,1636.5767719179837,1.0004259159751219,1636.5712163890046,1.0190242452912268,1636.5434387450423,0.9996129180053108
1636.5781607997626,1.0109173282564794,1636.5781607997626,1.0005209456841055,1636.5726052712491,1.0265267342594329,1636.5448276272875,0.9940682997487924
1636.5795496820067,0.9913932907087994,1636.5795496820067,1.00054359393732,1636.5739941534932,1.0020659576359496,1636.546216509533,0.9886204950191808
1636.5809385642508,0.9784151285438253,1636.5809385642508,1.0005747140418477,1636.5753830357382,1.0037320108634245,1636.5476053917776,0.9989435707943968
1636.5823274464956,1.000741514439935,1636.5823274464956,1.000600177200567,1636.5767719179837,1.000542586033018,1636.5489942740217,1.010081343155589
1636.5837163282747,0.9999029553759238,1636.5837163282747,1.0006769588031073,1636.5781607997626,1.011443961275622,1636.5503831562658,0.9995807328861438
1636.5851052105193,1.007747576611423,1636.5851052105193,1.000641145816798,1636.5795496820067,0.9919322060911284,1636.5517720385103,0.9868190749669736
1636.5864940927645,0.9924801191082789,1636.5864940927645,1.0006770285962752,1636.5809385642508,0.9789774374569556,1636.553160920755,1.0006744245425474
1636.5878829750088,0.9873864680987577,1636.5878829750088,1.0007356590727423,1636.5823274464956,1.0013421366805628,1636.554549803,1.017401564523806
1636.5892718567873,0.9952614403825504,1636.5892718567873,1.0007824650395112,1636.5837163282747,1.0005798484838184,1636.5559386852449,0.9963352852948342
1636.5906607390325,0.9961204347562133,1636.5906607390325,1.0008396076658452,1636.5851052105193,1.0083936897545558,1636.5573275674894,1.0074450893038092
1636.5920496212775,0.9897550925841089,1636.5920496212775,1.00091335131373,1636.5864940927645,0.9931520565301498,1636.558716449268,1.007635015929483
1636.5934385035218,0.9974558652563897,1636.5934385035218,1.0008790270323238,1636.5878829750088,0.9881128479123176,1636.560105331513,0.9842660377200992
1636.5948273853005,0.9909848160871247,1636.5948273853005,1.0009608716004266,1636.5892718567873,0.9960401976648232,1636.5614942137584,1.0016290489460793
1636.5962162675448,1.0111979413741143,1636.5962162675448,1.0009868446371877,1636.5906607390325,0.9969567851093396,1636.562883096003,0.9894474116236645
1636.5976051497898,1.019283455105703,1636.5976051497898,1.0010543342381755,1636.5920496212775,0.9906590866981916,1636.564271978247,0.9913896200581104
1636.5989940320344,1.0188870153681122,1636.5989940320344,1.0010852129837509,1636.5934385035218,0.9983326559255,1636.565660860491,1.001925771648989
1636.6003829138133,1.0040833609353552,1636.6003829138133,1.0011215736433627,1636.5948273853005,0.9919370252533568,1636.5670497427357,1.006211211660445
1636.6017717960583,1.0123796058339247,1636.6017717960583,1.0012309919454598,1636.5962162675448,1.0121958366396946,1636.568438624981,1.000346549398091
1636.6031606783029,0.9974414480458919,1636.6031606783029,1.001190632652143,1636.5976051497898,1.0203581205508268,1636.5698275067596,1.0101988962913706
1636.6045495600813,0.9922483814920712,1636.6045495600813,1.001151927378176,1636.5989940320344,1.0199927247861649,1636.5712163890046,1.0190242452912268
1636.6059384423263,1.001904376456579,1636.6059384423263,1.0012166400654294,1636.6003829138133,1.0052095143687194,1636.5726052712491,1.0265267342594329
1636.6073273245718,1.008163563573388,1636.6073273245718,1.0013113057240932,1636.6017717960583,1.0136258369744542,1636.5739941534932,1.0020659576359496
1636.6087162063502,0.9976212538163791,1636.6087162063502,1.001401725244625,1636.6031606783029,0.998629034402536,1636.5753830357382,1.0037320108634245
1636.6101050885943,1.0074005181907115,1636.6101050885943,1.0014440060109142,1636.6045495600813,0.9933913795686626,1636.5767719179837,1.000542586033018
1636.6114939708389,1.003855805670483,1636.6114939708389,1.0014495799757441,1636.6059384423263,1.003123333462705,1636.5781607997626,1.011443961275622
1636.6128828526182,1.0103409951461375,1636.6128828526182,1.0014489038501104,1636.6073273245718,1.009485574225124,1636.5795496820067,0.9919322060911284
1636.6142717348628,1.0002004531140785,1636.6142717348628,1.0014835467031324,1636.6087162063502,0.999019644712428,1636.5809385642508,0.9789774374569556
1636.615660616642,1.0284324565149887,1636.615660616642,1.0014974875446052,1636.6101050885943,1.008855210594377,1636.5823274464956,1.0013421366805628
1636.617049498887,1.0021483547736523,1636.617049498887,1.0015597377238492,1636.6114939708389,1.0053109749449174,1636.5837163282747,1.0005798484838184
1636.6184383811312,0.9986106784050562,1636.6184383811312,1.0016231546350904,1636.6128828526182,1.0118048821039292,1636.5851052105193,1.0083936897545558
1636.6198272629097,1.0106690515741648,1636.6198272629097,1.0016917775122047,1636.6142717348628,1.0016842971987674,1636.5864940927645,0.9931520565301498
1636.621216145155,1.0075631685697553,1636.621216145155,1.0017486847443775,1636.615660616642,1.0299725213090876,1636.5878829750088,0.9881128479123176
1636.6226050269345,1.0007674522058687,1636.6226050269345,1.001820503721058,1636.617049498887,1.003711443367486,1636.5892718567873,0.9960401976648232
1636.6239939091786,0.9921879245430466,1636.6239939091786,1.0018213698297154,1636.6184383811312,1.0002315779563602,1636.5906607390325,0.9969567851093396
1636.625382791423,1.0082326795940297,1636.625382791423,1.001836299701466,1636.6198272629097,1.0123788787478991,1636.5920496212775,0.9906590866981916
1636.6267716732016,1.0318885283579962,1636.6267716732016,1.0019118331541195,1636.621216145155,1.00932507891163,1636.5934385035218,0.9983326559255
1636.6281605554466,1.0173746061008917,1636.6281605554466,1.0019416279030722,1636.6226050269345,1.002589353076523,1636.5948273853005,0.9919370252533568
1636.6295494372257,1.0077182502018713,1636.6295494372257,1.0019724904638054,1636.6239939091786,0.9939950656942173,1636.5962162675448,1.0121958366396946
1636.6309383194705,0.9979259224338222,1636.6309383194705,1.0020719206552005,1636.625382791423,1.0100840969625766,1636.5976051497898,1.0203581205508268
1636.6323272012494,1.0042539330749545,1636.6323272012494,1.0021368244559101,1636.6267716732016,1.0338613270578665,1636.5989940320344,1.0199927247861649
1636.6337160834937,1.0057867205347402,1636.6337160834937,1.002137297205317,1636.6281605554466,1.0193499690239742,1636.6003829138133,1.0052095143687194
1636.635104965272,0.9945455904425055,1636.635104965272,1.0022583703810395,1636.6295494372257,1.0097059648405973,1636.6017717960583,1.0136258369744542
1636.6364938475174,1.0032208834185368,1636.6364938475174,1.0022440474763143,1636.6309383194705,0.9999935457648728,1636.6031606783029,0.998629034402536
1636.6378827292972,0.9969626927207104,1636.6378827292972,1.0022832448457613,1636.6323272012494,1.006399847439093,1636.6045495600813,0.9933913795686626
1636.6392716115413,1.005228586197735,1636.6392716115413,1.0021662790058643,1636.6337160834937,1.007936385681684,1636.6059384423263,1.003123333462705
1636.6406604933195,1.0039676481191413,1636.6406604933195,1.00224901168454,1636.635104965272,0.9967916427465542,1636.6073273245718,1.009485574225124
1636.6420493755645,0.994394270727837,1636.6420493755645,1.002323047076327,1636.6364938475174,1.005472158710158,1636.6087162063502,0.999019644712428
1636.6434382573436,1.0068291713190314,1636.6434382573436,1.0024092324532452,1636.6378827292972,0.9992390026502812,1636.6101050885943,1.008855210594377
1636.6448271395882,1.0120969319137179,1636.6448271395882,1.0024109063774473,1636.6392716115413,1.0074061917801098,1636.6114939708389,1.0053109749449174
1636.6462160213675,1.0203959142692234,1636.6462160213675,1.0023718609155154,1636.6406604933195,1.0062255830906612,1636.6128828526182,1.0118048821039292
1636.647604903612,1.0076582891646615,1636.647604903612,1.002429149071335,1636.6420493755645,0.9967042954311676,1636.6142717348628,1.0016842971987674
1636.6489937853903,1.0053842240421418,1636.6489937853903,1.002532159745503,1636.6434382573436,1.0092548568334472,1636.615660616642,1.0299725213090876
1636.6503826676346,1.0205596069729386,1636.6503826676346,1.0025128768240823,1636.6448271395882,1.0145370028614635,1636.617049498887,1.003711443367486
1636.6517715494144,1.014767920829746,1636.6517715494144,1.0025200950425517,1636.6462160213675,1.0228161514566303,1636.6184383811312,1.0002315779563602
1636.65316043166,0.9836259232884967,1636.65316043166,1.0025513816694593,1636.647604903612,1.0101060413620089,1636.6198272629097,1.0123788787478991
1636.6545493134383,1.0180928053413154,1636.6545493134383,1.0025121963529418,1636.6489937853903,1.007930017503025,1636.621216145155,1.00932507891163
1636.6559381956824,1.0150507140616851,1636.6559381956824,1.0024613916041332,1636.6503826676346,1.0231241475568955,1636.6226050269345,1.002589353076523
1636.657327077461,1.0007899390521497,1636.657327077461,1.0024597615431798,1636.6517715494144,1.0173252324363695,1636.6239939091786,0.9939950656942173
1636.658715959241,0.9882820608071319,1636.658715959241,1.0024743489980394,1636.65316043166,0.98613552843878,1636.625382791423,1.0100840969625766
1636.6601048414852,0.9904566964566134,1636.6601048414852,1.0024777032100756,1636.6545493134383,1.0206504543738502,1636.6267716732016,1.0338613270578665
1636.6614937232646,1.0007684419197795,1636.6614937232646,1.0025432080867676,1636.6559381956824,1.0175491513670458,1636.6281605554466,1.0193499690239742
1636.6628826055091,0.9960013833506025,1636.6628826055091,1.002576422804176,1636.657327077461,1.0032516436570316,1636.6295494372257,1.0097059648405973
1636.6642714872876,1.0023201041823224,1636.6642714872876,1.002532853593609,1636.658715959241,0.9907274155340704,1636.6309383194705,0.9999935457648728
1636.665660369066,1.013081643577799,1636.665660369066,1.0025458665847367,1636.6601048414852,0.9929107541928648,1636.6323272012494,1.006399847439093
1636.6670492513106,1.0017371130531592,1636.6670492513106,1.0026549859611187,1636.6614937232646,1.0033136043142517,1636.6337160834937,1.007936385681684
1636.6684381330904,0.997010651724515,1636.6684381330904,1.0026392429835636,1636.6628826055091,0.9985675040276578,1636.635104965272,0.9967916427465542
1636.6698270148695,0.9891247656306734,1636.6698270148695,1.0026447268426073,1636.6642714872876,1.0048588342601472,1636.6364938475174,1.005472158710158
1636.6712158971138,1.0102411021809623,1636.6712158971138,1.0026381986000859,1636.665660369066,1.0156608142817938,1636.6378827292972,0.9992390026502812
1636.6726047788927,1.003544615654089,1636.6726047788927,1.0026432854275764,1636.6670492513106,1.004396711025047,1636.6392716115413,1.0074061917801098
1636.6739936606712,1.0047285192477842,1636.6739936606712,1.0027192024193514,1636.6684381330904,0.999642005091617,1636.6406604933195,1.0062255830906612
1636.6753825429162,1.0118024029550572,1636.6753825429162,1.0027304286953895,1636.6698270148695,0.9917407304490246,1636.6420493755645,0.9967042954311676
1636.676771424696,1.004977069785616,1636.676771424696,1.0028323131891808,1636.6712158971138,1.0129063188424854,1636.6434382573436,1.0092548568334472
1636.6781603064749,1.0039944277351625,1636.6781603064749,1.0029020770689385,1636.6726047788927,1.0061972705125704,1636.6448271395882,1.0145370028614635
1636.679549188719,1.0332542550339285,1636.679549188719,1.0029292264451255,1636.6739936606712,1.0074605794681142,1636.6462160213675,1.0228161514566303
1636.6809380704974,1.0178598285584433,1636.6809380704974,1.0029558164742851,1636.6753825429162,1.0145650572701497,1636.647604903612,1.0101060413620089
1636.6823269522763,1.0181024978175097,1636.6823269522763,1.0030635690287297,1636.676771424696,1.007823479595194,1636.6489937853903,1.007930017503025
1636.6837158345218,1.0157198621725818,1636.6837158345218,1.003091588039142,1636.6781603064749,1.0069080969412347,1636.6503826676346,1.0231241475568955
1636.685104716301,1.01039810081244,1636.685104716301,1.003198522259126,1636.679549188719,1.0362808907223124,1636.6517715494144,1.0173252324363695
1636.6864935980796,1.0084469353344392,1636.6864935980796,1.0032801546506824,1636.6809380704974,1.0208684354082094,1636.65316043166,0.98613552843878
1636.6878824798584,1.0071232256067375,1636.6878824798584,1.0032351517383233,1636.6823269522763,1.0212215250978958,1636.6545493134383,1.0206504543738502
1636.6892713621023,1.0008976334226147,1636.6892713621023,1.0032617319430084,1636.6837158345218,1.0188600495495934,1636.6559381956824,1.0175491513670458
1636.690660243882,1.00515161031554,1636.690660243882,1.0032789727419398,1636.685104716301,1.0136298816284672,1636.657327077461,1.0032516436570316
1636.6920491256617,1.0043100550838764,1636.6920491256617,1.0032553376823174,1636.6864935980796,1.0117547972393428,1636.658715959241,0.9907274155340704
1636.6934380074406,1.0032018536408125,1636.6934380074406,1.0032610446346246,1636.6878824798584,1.010381422060765,1636.6601048414852,0.9929107541928648
1636.6948268896847,0.9891941249390178,1636.6948268896847,1.0032690918075067,1636.6892713621023,1.0041622932052308,1636.6614937232646,1.0033136043142517
1636.6962157714631,1.019611773483028,1636.6962157714631,1.0033508765918917,1636.690660243882,1.0084474750472816,1636.6628826055091,0.9985675040276578
1636.697604653242,0.9945051362946984,1636.697604653242,1.0033636559566699,1636.6920491256617,1.0075794234509212,1636.6642714872876,1.0048588342601472
1636.6989935350214,0.9970508991457527,1636.6989935350214,1.0033177406791853,1636.6934380074406,1.0064733396630734,1636.665660369066,1.0156608142817938
1636.700382417266,1.0122111786240582,1636.700382417266,1.003319515675315,1636.6948268896847,0.9924278913488896,1636.6670492513106,1.004396711025047
1636.7017712990453,1.0167918669820193,1636.7017712990453,1.0034080812838375,1636.6962157714631,1.0230283667076094,1636.6684381330904,0.999642005091617
1636.7031601808242,1.025525652086119,1636.7031601808242,1.003472033785348,1636.697604653242,0.9978503094203348,1636.6698270148695,0.9917407304490246
1636.7045490626026,0.9844136684117497,1636.7045490626026,1.0034629721210124,1636.6989935350214,1.000358855473067,1636.6712158971138,1.0129063188424854
1636.705937944382,0.9982950057689431,1636.705937944382,1.0035297298023547,1636.700382417266,1.0155712294982298,1636.6726047788927,1.0061972705125704
1636.7073268261618,1.007347515159952,1636.7073268261618,1.003633186756898,1636.7017712990453,1.020257176313439,1636.6739936606712,1.0074605794681142
1636.7087157084063,1.0092292019936513,1636.7087157084063,1.0036689859207002,1636.7031601808242,1.029086311797903,1636.6753825429162,1.0145650572701497
1636.7101045901848,1.032972525920751,1636.7101045901848,1.0037709327383257,1636.7045490626026,0.9878226655010032,1636.676771424696,1.007823479595194
1636.7114934719632,1.0070739438479446,1636.7114934719632,1.0037608968204144,1636.705937944382,1.0018187174023476,1636.6781603064749,1.0069080969412347
1636.7128823537423,0.9895741394282775,1636.7128823537423,1.003873023854924,1636.7073268261618,1.011007396811625,1636.679549188719,1.0362808907223124
1636.7142712355214,1.002250666533705,1636.7142712355214,1.0038287810112283,1636.7087157084063,1.0129320497265255,1636.6809380704974,1.0208684354082094
1636.7156601173003,1.0114448018676496,1636.7156601173003,1.0038193827584672,1636.7101045901848,1.0368677958365364,1636.6823269522763,1.0212215250978958
1636.7170489990797,1.0122264237314293,1636.7170489990797,1.0038575254097448,1636.7114934719632,1.0108614450412845,1636.6837158345218,1.0188600495495934
1636.7184378813242,1.0084673026642463,1636.7184378813242,1.0037972397778796,1636.7128823537423,0.9934067836764991,1636.685104716301,1.0136298816284672
1636.719826763103,1.0042582096375325,1636.719826763103,1.0038021715874148,1636.7142712355214,1.00608806485422,1636.6864935980796,1.0117547972393428
1636.721215644882,1.0162280523196963,1636.721215644882,1.00384411109043,1636.7156601173003,1.0153078967050442,1636.6878824798584,1.010381422060765
1636.7226045266618,0.9975906665886154,1636.7226045266618,1.003781578954751,1636.7170489990797,1.0161311128813884,1636.6892713621023,1.0041622932052308
1636.7239934084407,1.0056966834379362,1636.7239934084407,1.0037011985243418,1636.7184378813242,1.012296694820614,1636.690660243882,1.0084474750472816
1636.7253822902192,1.018291056103784,1636.7253822902192,1.003732824973507,1636.719826763103,1.0080765716686444,1636.6920491256617,1.0075794234509212
1636.7267711719976,1.0119750598414148,1636.7267711719976,1.003756685964037,1636.721215644882,1.0201345458460245,1636.6934380074406,1.0064733396630734
1636.728160053777,1.0204054460050704,1636.728160053777,1.0036927224778884,1636.7226045266618,1.001363134458843,1636.6948268896847,0.9924278913488896
1636.7295489355558,1.017233313215206,1636.7295489355558,1.0037092343705585,1636.7239934084407,1.0094189665186122,1636.6962157714631,1.0230283667076094
1636.7309378173347,1.012819901830399,1636.7309378173347,1.0036900565199798,1636.7253822902192,1.022092158388307,1636.697604653242,0.9978503094203348
1636.732326699114,0.9932967071714279,1636.732326699114,1.0037465504244452,1636.7267711719976,1.0157767323446765,1636.6989935350214,1.000358855473067
1636.733715580893,1.0175235554923716,1636.733715580893,1.003790239265091,1636.728160053777,1.0241735201320932,1636.700382417266,1.0155712294982298
1636.7351044626714,1.0167166683681372,1636.7351044626714,1.0037700768139095,1636.7295489355558,1.021006469983461,1636.7017712990453,1.020257176313439
1636.7364933444508,1.0188109856538712,1636.7364933444508,1.0037398122901153,1636.7309378173347,1.0165572645127134,1636.7031601808242,1.029086311797903
1636.7378822266962,1.0158096368964324,1636.7378822266962,1.0037609861073284,1636.732326699114,0.997018143371281,1636.7045490626026,0.9878226655010032
1636.739271108475,1.00625714362541,1636.739271108475,1.0036818871682065,1636.733715580893,1.0213802132255538,1636.705937944382,1.0018187174023476
1636.740659990253,1.0119992376732891,1636.740659990253,1.0036518357251658,1636.7351044626714,1.0205497683058673,1636.7073268261618,1.011007396811625
1636.742048872032,1.0228957392226106,1636.742048872032,1.0036696071361975,1636.7364933444508,1.022621147499324,1636.7087157084063,1.0129320497265255
1636.7434377538111,0.9991507627812352,1636.7434377538111,1.0037862036667415,1636.7378822266962,1.0196300828284903,1636.7101045901848,1.0368677958365364
1636.7448266355902,1.0054010055907123,1636.7448266355902,1.0037936894727686,1636.739271108475,1.0099620688904405,1636.7114934719632,1.0108614450412845
1636.7462155169037,1.0199441378753134,1636.7462155169037,1.0037912982372714,1636.740659990253,1.015694892643265,1636.7128823537423,0.9934067836764991
1636.7476043986828,1.0110717736639054,1636.7476043986828,1.0037976996766038,1636.742048872032,1.0266493647268478,1636.7142712355214,1.00608806485422
1636.7489932804615,0.9997332981390177,1636.7489932804615,1.0038101464977682,1636.7434377538111,1.002933751062905,1636.7156601173003,1.0153078967050442
1636.7503821622402,0.9936949210475372,1636.7503821622402,1.0038036481337227,1636.7448266355902,1.0092151848015327,1636.7170489990797,1.0161311128813884
1636.7517710440195,1.0107589455200419,1636.7517710440195,1.0037506131689247,1636.7462155169037,1.0238110502873554,1636.7184378813242,1.012296694820614
1636.7531599257993,1.0021743488834922,1636.7531599257993,1.0037030872405983,1636.7476043986828,1.014911520611772,1636.719826763103,1.0080765716686444
1636.7545488075775,1.0203929918594203,1636.7545488075775,1.0037263099506784,1636.7489932804615,1.0035424284636243,1636.721215644882,1.0201345458460245
1636.7559376893562,1.0019222045578644,1636.7559376893562,1.003839554615227,1636.7503821622402,0.9974745868794694,1636.7226045266618,1.001363134458843
1636.757326571135,1.0009996232206773,1636.757326571135,1.0038235480387712,1636.7517710440195,1.0145499113317178,1636.7239934084407,1.0094189665186122
1636.7587154529144,1.0093946206713542,1636.7587154529144,1.0038236169850805,1636.7531599257993,1.0058854879276975,1636.7253822902192,1.022092158388307
1636.760104334693,0.999044770366415,1636.760104334693,1.0037483305719554,1636.7545488075775,1.0241952924185886,1636.7267711719976,1.0157767323446765
1636.7614932164724,1.0078633298710808,1636.7614932164724,1.0037510448773128,1636.7559376893562,1.005769139582473,1636.728160053777,1.0241735201320932
1636.7628820982516,1.005026641120122,1636.7628820982516,1.0037498251469987,1636.757326571135,1.0048269933668534,1636.7295489355558,1.021006469983461
1636.76427098003,1.0273367269733902,1636.76427098003,1.0037546402716286,1636.7587154529144,1.013254159087602,1636.7309378173347,1.0165572645127134
1636.7656598613428,0.9976570203657696,1636.7656598613428,1.003701102722908,1636.760104334693,1.0027895204219317,1636.732326699114,0.997018143371281
1636.7670487431226,0.9967795870944467,1636.7670487431226,1.0037493424854589,1636.7614932164724,1.0116438704516253,1636.733715580893,1.0213802132255538
1636.7684376249024,0.9714928097852515,1636.7684376249024,1.0036496935089563,1636.7628820982516,1.008795315292398,1636.7351044626714,1.0205497683058673
1636.7698265066808,0.9886516950750924,1636.7698265066808,1.0036410137919347,1636.76427098003,1.0311940068210077,1636.7364933444508,1.022621147499324
1636.7712153884593,1.0025878686134846,1636.7712153884593,1.003599484510817,1636.7656598613428,1.0013494514803736,1636.7378822266962,1.0196300828284903
1636.7726042702382,1.0044521166558824,1636.7726042702382,1.0035142331779687,1636.7670487431226,1.000516855148978,1636.739271108475,1.0099620688904405
1636.7739931520175,0.9973326301615619,1636.7739931520175,1.0034845625805415,1636.7684376249024,0.9750384607871224,1636.740659990253,1.015694892643265
1636.7753820333307,1.009147645135228,1636.7753820333307,1.0034981082741532,1636.7698265066808,0.9922513895322804,1636.742048872032,1.0266493647268478
1636.77677091511,1.0033946960823465,1636.77677091511,1.0035799037856141,1636.7712153884593,1.0061966681172918,1636.7434377538111,1.002933751062905
1636.778159796889,1.0070575032965603,1636.778159796889,1.0034961419306148,1636.7726042702382,1.0079819956099154,1636.7448266355902,1.0092151848015327
1636.7795486786674,1.004716936817859,1636.7795486786674,1.0034918695003046,1636.7739931520175,1.000807898124976,1636.7462155169037,1.0238110502873554
1636.780937560446,1.0177528569066556,1636.780937560446,1.0034920424774405,1636.7753820333307,1.0126777528625177,1636.7476043986828,1.014911520611772
1636.7837153235398,0.9994150180223932,1636.7837153235398,1.003577795368377,1636.77677091511,1.006986752553317,1636.7489932804615,1.0035424284636243
1636.7851042053182,0.9907417081777495,1636.7851042053182,1.0035783908438354,1636.778159796889,1.0105783192603757,1636.7503821622402,0.9974745868794694
1636.7864930870967,1.0052854796048276,1636.7864930870967,1.0035772428810474,1636.7795486786674,1.0082252772459728,1636.7517710440195,1.0145499113317178
1636.7878819688756,1.021335782696827,1636.7878819688756,1.0035750390312506,1636.780937560446,1.0213068931145102,1636.7531599257993,1.0058854879276975
1636.7892708501893,1.017315016392748,1636.7892708501893,1.0035561287693906,1636.7837153235398,1.0029907204449602,1636.7545488075775,1.0241952924185886
1636.7906597319682,1.0207010505901843,1636.7906597319682,1.0034709258646413,1636.7851042053182,0.9942869692348986,1636.7559376893562,1.005769139582473
1636.7920486137475,0.9965275510670096,1636.7920486137475,1.0034888666677462,1636.7864930870967,1.0088816299301644,1636.757326571135,1.0048269933668534
1636.7934374955264,1.0124820509373846,1636.7934374955264,1.003415130580967,1636.7878819688756,1.024987097983981,1636.7587154529144,1.013254159087602
1636.7948263768392,1.0017783831918874,1636.7948263768392,1.0033782226272365,1636.7892708501893,1.0209327195900753,1636.760104334693,1.0027895204219317
1636.7962152586176,0.9990857154890098,1636.7962152586176,1.0034138178024232,1636.7906597319682,1.0242438282667443,1636.7614932164724,1.0116438704516253
1636.7976041403974,1.0125471553121943,1636.7976041403974,1.0034086616013982,1636.7920486137475,1.000004302823418,1636.7628820982516,1.008795315292398
1636.7989930217116,1.0252526846743093,1636.7989930217116,1.0033671941633715,1636.7934374955264,1.0159398093522212,1636.76427098003,1.0311940068210077
1636.80038190349,1.0090286419535412,1636.80038190349,1.0033020933480599,1636.7948263768392,1.0051626135934626,1636.7656598613428,1.0013494514803736
1636.8017707852684,1.0013891643012884,1636.8017707852684,1.0032900606673836,1636.7962152586176,1.002496412090693,1636.7670487431226,1.000516855148978
1636.803159667047,0.9809509001058048,1636.803159667047,1.0032971381036035,1636.7976041403974,1.015998585920112,1636.7684376249024,0.9750384607871224
1636.80454854836,1.0201833205255073,1636.80454854836,1.003282989402832,1636.7989930217116,1.0287049095301255,1636.7698265066808,0.9922513895322804
1636.8059374301397,1.0131741128111107,1636.8059374301397,1.003227213600267,1636.80038190349,1.012360548720138,1636.7712153884593,1.0061966681172918
1636.8073263119193,1.0140276792051677,1636.8073263119193,1.0032667876637862,1636.8017707852684,1.0046837954035002,1636.7726042702382,1.0079819956099154
1636.8087151932325,1.003123291063759,1636.8087151932325,1.0031963511621296,1636.803159667047,0.9841852306963078,1636.7739931520175,1.000807898124976
1636.810104075011,0.9757650395324637,1636.810104075011,1.0031869686161607,1636.80454854836,1.0235325715557384,1636.7753820333307,1.0126777528625177
1636.8114929567894,0.9879549068489321,1636.8114929567894,1.003231212392058,1636.8059374301397,1.0164438420874131,1636.77677091511,1.006986752553317
1636.8128818381026,1.0072387187796528,1636.8128818381026,1.0032386201422854,1636.8073263119193,1.0173402923183328,1636.778159796889,1.0105783192603757
1636.8142707198824,1.0214211040603358,1636.8142707198824,1.0033187451477499,1636.8087151932325,1.00632962536091,1636.7795486786674,1.0082252772459728
1636.815659601196,1.0184252342834736,1636.815659601196,1.003333817466341,1636.810104075011,0.9788747720902006,1636.780937560446,1.0213068931145102
1636.8170484829743,0.9933388889009589,1636.8170484829743,1.0032797689062893,1636.8114929567894,0.9911471989867368,1636.78232644176,1.0418878999183927
1636.8184373647534,1.0112224910148282,1636.8184373647534,1.0031956047095272,1636.8128818381026,1.0105007823823822,1636.7837153235398,1.0029907204449602
1636.8198262460662,1.0049661359327322,1636.8198262460662,1.00313693888403,1636.8142707198824,1.0248109403932453,1636.7851042053182,0.9942869692348986
1636.8212151278456,1.0172017506310413,1636.8212151278456,1.0030470716279005,1636.815659601196,1.0218204781176905,1636.7864930870967,1.0088816299301644
1636.8226040091597,1.0186588463176722,1636.8226040091597,1.0029648345733704,1636.8170484829743,0.9965968109021842,1636.7878819688756,1.024987097983981
1636.8239928909386,1.0072143369011413,1636.8239928909386,1.002963011116854,1636.8184373647534,1.014453958369495,1636.7892708501893,1.0209327195900753
1636.825381772717,0.9932721881533692,1636.825381772717,1.0029816102213682,1636.8198262460662,1.008118653281673,1636.7906597319682,1.0242438282667443
1636.8267706540298,1.0127478264700398,1636.8267706540298,1.0029544963557961,1636.8212151278456,1.02030123722524,1636.7920486137475,1.000004302823418
1636.8281595358087,1.0128421800911582,1636.8281595358087,1.0029218990194586,1636.8226040091597,1.0216790012837045,1636.7934374955264,1.0159398093522212
1636.8295484171224,1.001284919551986,1636.8295484171224,1.0028437719840313,1636.8239928909386,1.010198724178434,1636.7948263768392,1.0051626135934626
1636.8309372989013,1.0124863587074158,1636.8309372989013,1.0028487882278379,1636.825381772717,0.996233738662168,1636.7962152586176,1.002496412090693
1636.832326180215,0.9988682704570305,1636.832326180215,1.0028470450660287,1636.8267706540298,1.015739986232686,1636.7976041403974,1.015998585920112
1636.833715061994,1.0015117046814888,1636.833715061994,1.0028071844292659,1636.8281595358087,1.0158016026640329,1636.7989930217116,1.0287049095301255
1636.8351039433066,0.9883070580125313,1636.8351039433066,1.0027543641766115,1636.8295484171224,1.004132345554241,1636.80038190349,1.012360548720138
1636.836492825086,0.9907797188232912,1636.836492825086,1.0026806097456895,1636.8309372989013,1.0153707179269478,1636.8017707852684,1.0046837954035002
1636.8378817068658,0.9936598797020324,1636.8378817068658,1.0026595661038633,1636.832326180215,1.001712093438048,1636.803159667047,0.9841852306963078
1636.839270588179,0.9913438432365987,1636.839270588179,1.0027160400307134,1636.833715061994,1.004323132744598,1636.80454854836,1.0235325715557384
1636.8406594699577,1.0062198781485006,1636.8406594699577,1.0026792515812384,1636.8351039433066,0.9910292155686132,1636.8059374301397,1.0164438420874131
1636.8420483512705,1.0063217827604096,1636.8420483512705,1.002637149347921,1636.836492825086,0.9934356125934004,1636.8073263119193,1.0173402923183328
1636.8434372330494,0.9887636656940214,1636.8434372330494,1.002655360601165,1636.8378817068658,0.9963025838368568,1636.8087151932325,1.00632962536091
1636.8448261143628,1.0121915451965353,1636.8448261143628,1.002606020076407,1636.839270588179,0.9940363727990306,1636.810104075011,0.9788747720902006
1636.846214995676,0.9958686063430854,1636.846214995676,1.002596028361441,1636.8406594699577,1.0089157943481035,1636.8114929567894,0.9911471989867368
1636.8476038774554,1.0185843785089883,1636.8476038774554,1.0025415497314794,1636.8420483512705,1.0089756035936148,1636.8128818381026,1.0105007823823822
1636.8489927587686,1.0005009530452855,1636.8489927587686,1.002439063074292,1636.8434372330494,0.9913891897757688,1636.8142707198824,1.0248109403932453
1636.850381640547,0.9936161997406798,1636.850381640547,1.0023867399495519,1636.8448261143628,1.014829336684487,1636.815659601196,1.0218204781176905
1636.8517705218608,1.0066091894259597,1636.8517705218608,1.002343182548182,1636.846214995676,0.9984539094894208,1636.8170484829743,0.9965968109021842
1636.8531594036406,0.9943791047814006,1636.8531594036406,1.002238636740767,1636.8476038774554,1.0211731613626769,1636.8184373647534,1.014453958369495
1636.8545482849534,0.9994891244400494,1636.8545482849534,1.0022099847643913,1636.8489927587686,1.0029412379756524,1636.8198262460662,1.008118653281673
1636.8559371667318,0.997463997416238,1636.8559371667318,1.0022176238802718,1636.850381640547,0.9959877032191228,1636.8212151278456,1.02030123722524
1636.857326048045,1.0290736704825096,1636.857326048045,1.0021447261959113,1636.8517705218608,1.0089678585114623,1636.8226040091597,1.0216790012837045
1636.8587149293587,1.0040402643458963,1636.8587149293587,1.002091843353904,1636.8531594036406,0.9966051583796152,1636.8239928909386,1.010198724178434
1636.8601038111376,0.9983514803472511,1636.8601038111376,1.002079648642162,1636.8545482849534,1.0016979801772368,1636.825381772717,0.996233738662168
1636.8614926924508,0.9847247543555718,1636.8614926924508,1.001984272765422,1636.8559371667318,0.9996759973966196,1636.8267706540298,1.015739986232686
1636.8628815742302,0.9780198642562167,1636.8628815742302,1.0019164567374275,1636.857326048045,1.031280751741116,1636.8281595358087,1.0158016026640329
1636.8642704555434,1.0079176091130528,1636.8642704555434,1.001821864370479,1636.8587149293587,1.0061405592999204,1636.8295484171224,1.004132345554241
1636.8656593368562,0.9928174821494611,1636.8656593368562,1.0017963232055085,1636.8601038111376,1.0004277006477555,1636.8309372989013,1.0153707179269478
1636.8670482186355,1.0055753335727624,1636.8670482186355,1.0017451406047813,1636.8614926924508,0.9866787168670764,1636.832326180215,1.001712093438048
1636.8684370999497,1.00060476760404,1636.8684370999497,1.0016772961272251,1636.8628815742302,0.9798941970144084,1636.833715061994,1.004323132744598
1636.8698259812625,1.0021482719833767,1636.8698259812625,1.0016159807482505,1636.8642704555434,1.0097538982934744,1636.8351039433066,0.9910292155686132
1636.871214863041,1.0014554319737055,1636.871214863041,1.001515613136359,1636.8656593368562,0.9946009032314806,1636.836492825086,0.9934356125934004
1636.872603744354,1.0046226567862286,1636.872603744354,1.0014285983278415,1636.8670482186355,1.0073302039185468,1636.8378817068658,0.9963025838368568
1636.8739926256678,0.9870477638221941,1636.8739926256678,1.0013814204057565,1636.8684370999497,1.0022830781056251,1636.839270588179,0.9940363727990306
1636.8753815074467,1.0001650744559716,1636.8753815074467,1.0013618588234636,1636.8698259812625,1.0037677242977945,1636.8406594699577,1.0089157943481035
1636.8767703887602,1.0034264481501294,1636.8767703887602,1.0012672045599302,1636.871214863041,1.0029732509818827,1636.8420483512705,1.0089756035936148
1636.8781592700736,1.0028285518910327,1636.8781592700736,1.0011877002179579,1636.872603744354,1.0060578590338252,1636.8434372330494,0.9913891897757688
1636.8795481518523,0.9962924206381054,1636.8795481518523,1.0010638242125176,1636.8739926256678,0.9884112917445944,1636.8448261143628,1.014829336684487
1636.8809370331653,1.008445398012883,1636.8809370331653,1.0009686579496044,1636.8753815074467,1.0015271580875396,1636.846214995676,0.9984539094894208
1636.882325914479,1.0027421382764956,1636.882325914479,1.0009064079542553,1636.8767703887602,1.00469799472078,1636.8476038774554,1.0211731613626769
1636.8837147957931,0.9914682885355653,1636.8837147957931,1.0008644850969182,1636.8781592700736,1.004019611580688,1636.8489927587686,1.0029412379756524
1636.8851036775716,1.0166371870998536,1636.8851036775716,1.000802657344551,1636.8795481518523,0.997352300637928,1636.850381640547,0.9959877032191228
1636.8864925588844,0.9929445802355954,1636.8864925588844,1.0007717721767622,1636.8809370331653,1.00942223666441,1636.8517705218608,1.0089678585114623
1636.8878814401976,0.9967547487486128,1636.8878814401976,1.0007020653521912,1636.882325914479,1.0036510317266965,1636.8531594036406,0.9966051583796152
1636.8892703215113,0.9844618521534327,1636.8892703215113,1.0006810990514188,1636.8837147957931,0.9923253980950713,1636.8545482849534,1.0016979801772368
1636.8906592032902,1.005909619811207,1636.8906592032902,1.0005870999326023,1636.8851036775716,1.017453198404823,1636.8559371667318,0.9996759973966196
1636.892048084604,1.006297230420212,1636.892048084604,1.0004990346652078,1636.8864925588844,0.993710907235688,1636.857326048045,1.031280751741116
1636.893436965917,1.004883361226546,1636.893436965917,1.0004551665139187,1636.8878814401976,0.9974545357223412,1636.8587149293587,1.0061405592999204
1636.89482584723,0.9875392560149315,1636.89482584723,1.0003517322880568,1636.8892703215113,0.9851323681870924,1636.8601038111376,1.0004277006477555
1636.8962147290083,0.9833368908077128,1636.8962147290083,1.0002777669144944,1636.8906592032902,1.0065001892812022,1636.8614926924508,0.9866787168670764
1636.8976036103224,1.0007450129878428,1636.8976036103224,1.0001620735547188,1636.892048084604,1.0067994076216944,1636.8628815742302,0.9798941970144084
1636.8989924916366,1.0126786485532862,1636.8989924916366,1.0000539270097208,1636.893436965917,1.0053407504829703,1636.8642704555434,1.0097538982934744
1636.9003813729494,0.9976679253113079,1636.9003813729494,0.9999877819406352,1636.89482584723,0.9878866054569956,1636.8656593368562,0.9946009032314806
1636.901770254262,0.989423822118237,1636.901770254262,0.9999601749740281,1636.8962147290083,0.983610029261781,1636.8670482186355,1.0073302039185468
1636.9031591355754,0.9974690426916781,1636.9031591355754,0.9998400831387255,1636.8976036103224,1.0009072072894647,1636.8684370999497,1.0022830781056251
1636.9045480173547,0.993986659288664,1636.9045480173547,0.9998308010817321,1636.8989924916366,1.0127332592846108,1636.8698259812625,1.0037677242977945
1636.905936898668,0.989764808845395,1636.905936898668,0.9997000138016556,1636.9003813729494,0.99765573574537,1636.871214863041,1.0029732509818827
1636.9073257799816,0.983603523404655,1636.9073257799816,0.999598118770168,1636.901770254262,0.989384418288824,1636.872603744354,1.0060578590338252
1636.9087146612949,0.992594664501655,1636.9087146612949,0.9995406756627204,1636.9031591355754,0.9973095305731524,1636.8739926256678,0.9884112917445944
1636.9101035426077,0.9883802384834115,1636.9101035426077,0.9995427046412597,1636.9045480173547,0.9938184778211396,1636.8753815074467,1.0015271580875396
1636.9114924239204,1.0040327060636796,1636.9114924239204,0.9995204341079981,1636.905936898668,0.9894678930631344,1636.8767703887602,1.00469799472078
1636.9128813052346,0.998957893597676,1636.9128813052346,0.9994873923920488,1636.9073257799816,0.983208231611002,1636.8781592700736,1.004019611580688
1636.9142701870144,0.9968937540927765,1636.9142701870144,0.9994271013370818,1636.9087146612949,0.9921387416151956,1636.8795481518523,0.997352300637928
1636.9156590683272,1.0024186724009159,1636.9156590683272,0.9994267321502565,1636.9101035426077,0.9879282567876824,1636.8809370331653,1.00942223666441
1636.91704794964,1.0160283420847418,1636.91704794964,0.9993004909712316,1636.9114924239204,1.003551206223397,1636.882325914479,1.0036510317266965
1636.9184368309532,0.9921438348635391,1636.9184368309532,0.9992117967000048,1636.9128813052346,0.9984458201813948,1636.8837147957931,0.9923253980950713
1636.919825712266,0.9934505629492635,1636.919825712266,0.9991492912303198,1636.9142701870144,0.9963226349939852,1636.8851036775716,1.017453198404823
1636.9212145935796,0.9912596147682692,1636.9212145935796,0.9991376376870904,1636.9156590683272,1.0018440180040458,1636.8864925588844,0.993710907235688
1636.9226034748938,0.9676279153093003,1636.9226034748938,0.9990408832545041,1636.91704794964,1.015317621085969,1636.8878814401976,0.9974545357223412
1636.923992356207,1.0072492249762433,1636.923992356207,0.9990515623879227,1636.9184368309532,0.9913618238188298,1636.8892703215113,0.9851323681870924
1636.9253812375198,0.9927275563241539,1636.9253812375198,0.9989494250604238,1636.919825712266,0.9926054258431188,1636.8906592032902,1.0065001892812022
1636.9267701188326,1.0145933652286097,1636.9267701188326,0.99885664876823,1636.9212145935796,0.9904047898341838,1636.892048084604,1.0067994076216944
1636.9281590001467,1.006002580215931,1636.9281590001467,0.9987781343179033,1636.9226034748938,0.9666998471723178,1636.893436965917,1.0053407504829703
1636.9295478814608,1.0075639532851348,1636.9295478814608,0.9987106243324156,1636.923992356207,1.0062939119265402,1636.89482584723,0.9878866054569956
1636.9309367627736,1.0075860688645335,1636.9309367627736,0.998648903175001,1636.9253812375198,0.991684621631653,1636.8962147290083,0.983610029261781
1636.9323256440864,1.0178329364357088,1636.9323256440864,0.9985180587506566,1636.9267701188326,1.01343332865473,1636.8976036103224,1.0009072072894647
1636.9337145253996,0.9978649114870173,1636.9337145253996,0.9984028516858688,1636.9281590001467,1.0047733801870644,1636.8989924916366,1.0127332592846108
1636.9351034067124,1.0194874463608468,1636.9351034067124,0.9983328285079898,1636.9295478814608,1.006264824840234,1636.9003813729494,0.99765573574537
1636.936492288026,1.0112956179225396,1636.936492288026,0.9982351915067291,1636.9309367627736,1.0062247225259775,1636.901770254262,0.989384418288824
1636.9378811693402,0.9922818112244748,1636.9378811693402,0.9982216426597262,1636.9323256440864,1.0163245678222643,1636.9031591355754,0.9973095305731524
1636.9392700506537,0.9992208633499228,1636.9392700506537,0.9981100857423502,1636.9337145253996,0.9962711732259052,1636.9045480173547,0.9938184778211396
1636.9406589319665,0.9754700350491143,1636.9406589319665,0.998046267385965,1636.9351034067124,1.0177877859538116,1636.905936898668,0.9894678930631344
1636.942047813279,0.9865563421025757,1636.942047813279,0.9979559618943591,1636.936492288026,1.0095108748268222,1636.9073257799816,0.983208231611002
1636.9434366945932,0.993264137880981,1636.9434366945932,0.9978585681090024,1636.9378811693402,0.9905171795818636,1636.9087146612949,0.9921387416151956
1636.9448255759064,0.9771762248686249,1636.9448255759064,0.9977832425094534,1636.9392700506537,0.9973324215937366,1636.9101035426077,0.9879282567876824
1636.9462144572192,1.010246336516205,1636.9462144572192,0.9977730210129787,1636.9406589319665,0.973564227427625,1636.9114924239204,1.003551206223397
1636.9476033385329,1.016972937355055,1636.9476033385329,0.9976626852834983,1636.942047813279,0.9845397833459564,1636.9128813052346,0.9984458201813948
1636.948992219846,0.9888523790954162,1636.948992219846,0.9976702492129212,1636.9434366945932,0.9911371303799384,1636.9142701870144,0.9963226349939852
1636.9503811011589,0.9908499876857249,1636.9503811011589,0.9976175579011304,1636.9448255759064,0.9750100621525633,1636.9156590683272,1.0018440180040458
1636.9517699824726,1.0156604590042806,1636.9517699824726,0.9974926936088423,1636.9462144572192,1.0079965391530683,1636.91704794964,1.015317621085969
1636.9531588637867,1.007115171792396,1636.9531588637867,0.9974795885811635,1636.9476033385329,1.014595951542291,1636.9184368309532,0.9913618238188298
1636.9545477451,0.986611578932516,1636.9545477451,0.9973676730286837,1636.948992219846,0.986548599486914,1636.919825712266,0.9926054258431188
1636.9559366264127,1.0131888469710402,1636.9559366264127,0.9973496443533716,1636.9503811011589,0.988489344961398,1636.9212145935796,0.9904047898341838
1636.9573255072598,1.0223893301713374,1636.9573255072598,0.9972724748623004,1636.9517699824726,1.013113887044173,1636.9226034748938,0.9666998471723178
1636.958714388574,1.0034334031148338,1636.958714388574,0.9971701026950807,1636.9531588637867,1.004576827213327,1636.923992356207,1.0062939119265402
1636.9601032698872,1.0244576034123958,1636.9601032698872,0.9970968809105409,1636.9545477451,0.984014494663079,1636.9253812375198,0.991684621631653
1636.9614921512,0.9913353384003708,1636.9614921512,0.9970271313095196,1636.9559366264127,1.0105035361893695,1636.9267701188326,1.01343332865473
1636.9628810325137,1.0228233616602864,1636.9628810325137,0.9969888677537667,1636.9573255072598,1.0196007375727791,1636.9281590001467,1.0047733801870644
1636.964269913827,0.9902945370711411,1636.964269913827,0.9969884995096419,1636.958714388574,1.000593789631693,1636.9295478814608,1.006264824840234
1636.9656587951397,1.0107510118634935,1636.9656587951397,0.9969463512485902,1636.9601032698872,1.0214834809875877,1636.9309367627736,1.0062247225259775
1636.9670476759875,1.003418043626717,1636.9670476759875,0.9968586082744858,1636.9614921512,0.9883882286110736,1636.9323256440864,1.0163245678222643
1636.968436557302,0.9899622148673428,1636.968436557302,0.9968270763288178,1636.9628810325137,1.0197435052537904,1636.9337145253996,0.9962711732259052
1636.9698254386146,0.9938149716787948,1636.9698254386146,0.9967071420853069,1636.964269913827,0.9873122645871524,1636.9351034067124,1.0177877859538116
1636.9712143199274,0.9725028737966509,1636.9712143199274,0.9966173247421573,1636.9656587951397,1.0076645332981304,1636.936492288026,1.0095108748268222
1636.9726032012406,1.0003405765858608,1636.9726032012406,0.9965229887663014,1636.9670476759875,1.0002659144872363,1636.9378811693402,0.9905171795818636
1636.9739920820884,0.9947352054289854,1636.9739920820884,0.9964415366580179,1636.968436557302,0.9868211403222144,1636.9392700506537,0.9973324215937366
1636.975380963402,1.0029551717986638,1636.975380963402,0.9963402559522488,1636.9698254386146,0.9905424801835618,1636.9406589319665,0.973564227427625
1636.9767698447151,1.0005074809530583,1636.9767698447151,0.9962192145941602,1636.9712143199274,0.969213212387278,1636.942047813279,0.9845397833459564
1636.9781587260288,0.9967064497347168,1636.9781587260288,0.996132186657318,1636.9726032012406,0.9968623811635472,1636.9434366945932,0.9911371303799384
1636.979547607342,0.9986583992295277,1636.979547607342,0.9960132292652949,1636.9739920820884,0.9911954766654874,1636.9448255759064,0.9750100621525633
1636.9809364881892,0.9959748692071839,1636.9809364881892,0.9959206074689185,1636.975380963402,0.9992846125785124,1636.9462144572192,1.0079965391530683
1636.9823253695029,1.016926332913568,1636.9823253695029,0.9959180149652497,1636.9767698447151,0.9967247768706374,1636.9476033385329,1.014595951542291
1636.983714250817,1.0090036274520755,1636.983714250817,0.9959256250973926,1636.9781587260288,0.9928513752296956,1636.948992219846,0.986548599486914
1636.9851031321298,0.9790422777080474,1636.9851031321298,0.9958094804519814,1636.979547607342,0.994676977149512,1636.9503811011589,0.988489344961398
1636.986492012977,0.981279120823131,1636.986492012977,0.9956786510057098,1636.9809364881892,0.9919118967645952,1636.9517699824726,1.013113887044173
1636.98788089429,1.0025121513848714,1636.98788089429,0.9956801554292386,1636.9823253695029,1.0127752548411713,1636.9531588637867,1.004576827213327
1636.9892697756038,0.9908889896601781,1636.9892697756038,0.9955858302579131,1636.983714250817,1.0048925683957448,1636.9545477451,0.984014494663079
1636.9906586564514,0.9856709641967575,1636.9906586564514,0.9954892898608396,1636.9851031321298,0.9749395819049752,1636.9559366264127,1.0105035361893695
1636.9920475377646,1.0012495154644503,1636.9920475377646,0.9954215172715223,1636.986492012977,0.977038671281244,1636.9573255072598,1.0196007375727791
1636.9934364190783,1.0232778822914652,1636.9934364190783,0.9953215453007793,1636.98788089429,0.9981814547105892,1636.958714388574,1.000593789631693
1636.9948252999254,1.0096374619675157,1636.9948252999254,0.9952490019409094,1636.9892697756038,0.9865150374642532,1636.9601032698872,1.0214834809875877
1636.9962141812382,0.9868387717733753,1636.9962141812382,0.9952192153621607,1636.9906586564514,0.9812248881846792,1636.9614921512,0.9883882286110736
1636.9976030625523,0.9968889372966219,1636.9976030625523,0.9951364831823948,1636.9920475377646,0.9966653118509996,1636.9628810325137,1.0197435052537904
1636.9989919434008,1.006952615074008,1636.9989919434008,0.9950138473279951,1636.9934364190783,1.01849052307445,1636.964269913827,0.9873122645871524
1637.0003808247136,0.981438789799293,1637.0003808247136,0.9949867910179478,1636.9948252999254,1.0048406763453228,1636.9656587951397,1.0076645332981304
1637.0017697060264,0.9974801501953247,1637.0017697060264,0.9949775973485951,1636.9962141812382,0.982120908133257,1636.9670476759875,1.0002659144872363
1637.003158586874,0.9706103452298952,1637.003158586874,0.9949723138665791,1636.9976030625523,0.9920405511847952,1636.968436557302,0.9868211403222144
1637.0045474681876,1.0018059575284988,1637.0045474681876,0.9948772115077814,1636.9989919434008,1.0019317956017744,1636.9698254386146,0.9905424801835618
1637.0059363495009,1.0206559026875366,1637.0059363495009,0.9948564295388205,1637.0003808247136,0.9765186320429368,1636.9712143199274,0.969213212387278
1637.007325230349,0.9967229818956852,1637.007325230349,0.9948293798525298,1637.0017697060264,0.99247040324426,1636.9726032012406,0.9968623811635472
1637.008714111662,0.9863555842994992,1637.008714111662,0.9947739882537862,1637.003158586874,0.965730421056228,1636.9739920820884,0.9911954766654874
1637.0101029925092,1.002893136781403,1637.0101029925092,0.9947161832806488,1637.0045474681876,0.9966739174978358,1636.975380963402,0.9992846125785124
1637.011491873822,1.0002301951274537,1637.011491873822,0.9946949852747958,1637.0059363495009,1.0154060871354444,1636.9767698447151,0.9967247768706374
1637.0128807551362,0.9948412899583088,1637.0128807551362,0.9946810036463359,1637.007325230349,0.9915693059640488,1636.9781587260288,0.9928513752296956
1637.0142696359846,0.9819397361142583,1637.0142696359846,0.9946241439484452,1637.008714111662,0.9812008784300064,1636.979547607342,0.994676977149512
1637.0156585172974,0.9905081055905123,1637.0156585172974,0.9945515486938061,1637.0101029925092,0.9975940332575548,1636.9809364881892,0.9919118967645952
1637.0170473981443,1.0067671652807593,1637.0170473981443,0.9944901433816088,1637.011491873822,0.9949239592137088,1636.9823253695029,1.0127752548411713
1637.0184362794578,0.9935616912969011,1637.0184362794578,0.9945253755043999,1637.0128807551362,0.989549732764546,1636.983714250817,1.0048925683957448
1637.019825160305,0.9805798068443615,1637.019825160305,0.9945289060582484,1637.0142696359846,0.9766609694416064,1636.9851031321298,0.9749395819049752
1637.0212140416186,0.9847197072481882,1637.0212140416186,0.9945579557459467,1637.0156585172974,0.985111370408812,1636.986492012977,0.977038671281244
1637.022602922467,0.9929180271700006,1637.022602922467,0.994461292177264,1637.0170473981443,1.001220022551958,1636.98788089429,0.9981814547105892
1637.0239918037803,1.0087878434040627,1637.0239918037803,0.9943706743174628,1637.0184362794578,0.9881223141238372,1636.9892697756038,0.9865150374642532
1637.025380685093,0.9998657603531493,1637.025380685093,0.9943033213081737,1637.019825160305,0.9752149626037314,1636.9906586564514,0.9812248881846792
1637.0267695659402,1.0135073229072586,1637.0267695659402,0.9942032379520346,1637.0212140416186,0.9793608190235052,1636.9920475377646,0.9966653118509996
1637.0281584472543,0.9860400402358385,1637.0281584472543,0.9942040441487078,1637.022602922467,0.9874185443255784,1636.9934364190783,1.01849052307445
1637.0295473281028,0.9928165986628315,1637.0295473281028,0.9940923944508809,1637.0239918037803,1.0031090480889568,1636.9948252999254,1.0048406763453228
1637.03093620895,0.9906550150166288,1637.03093620895,0.9939973442797497,1637.025380685093,0.9941698463814588,1636.9962141812382,0.982120908133257
1637.0323250902627,1.0132823067279761,1637.0323250902627,0.9939263367481945,1637.0267695659402,1.007632262122495,1636.9976030625523,0.9920405511847952
1637.0337139711105,0.9914837113955236,1637.0337139711105,0.9939568213191156,1637.0281584472543,0.9803249956950252,1636.9989919434008,1.0019317956017744
1637.035102852423,0.9946752315438865,1637.035102852423,0.9939423531642161,1637.0295473281028,0.9869514298153134,1637.0003808247136,0.9765186320429368
1637.036491733271,0.9743193034347016,1637.036491733271,0.9939741181043438,1637.03093620895,0.9847084540239446,1637.0017697060264,0.99247040324426
1637.0378806145852,0.998873136583235,1637.0378806145852,0.9939717037493552,1637.0323250902627,1.0071279712178978,1637.003158586874,0.965730421056228
1637.0392694954328,1.00012702120072,1637.0392694954328,0.9938780301555719,1637.0337139711105,0.985491998168374,1637.0045474681876,0.9966739174978358
1637.0406583767456,0.9939751192632453,1637.0406583767456,0.9938720705118385,1637.035102852423,0.988649840274892,1637.0059363495009,1.0154060871354444
1637.042047257593,1.0008104411744505,1637.042047257593,0.9938915376815652,1637.036491733271,0.968448170383546,1637.007325230349,0.9915693059640488
1637.0434361384412,0.99888008517677,1637.0434361384412,0.9938334060481041,1637.0378806145852,0.9928516333991004,1637.008714111662,0.9812008784300064
1637.0448250197553,0.9967170768439462,1637.0448250197553,0.9937384977718526,1637.0392694954328,0.9940042737363316,1637.0101029925092,0.9975940332575548
1637.0462139006024,1.0080826626485204,1637.0462139006024,0.9936807652020017,1637.0406583767456,0.9878841098194132,1637.011491873822,0.9949239592137088
1637.0476027819152,0.989931178824565,1637.0476027819152,0.9936250752930061,1637.042047257593,0.9946970283066402,1637.0128807551362,0.989549732764546
1637.0489916627628,0.9855776480039492,1637.0489916627628,0.993550746131406,1637.0434361384412,0.9927203972848496,1637.0142696359846,0.9766609694416064
1637.05038054361,1.0023560720193874,1637.05038054361,0.9935433176768568,1637.0448250197553,0.9904761306464552,1637.0156585172974,0.985111370408812
1637.0517694249236,1.0031779343615235,1637.0517694249236,0.9935410353953522,1637.0462139006024,1.001712351607453,1637.0170473981443,1.001220022551958
1637.053158305772,0.9968446909319123,1637.053158305772,0.9935524050483022,1637.0476027819152,0.9836204420944528,1637.0184362794578,0.9881223141238372
1637.0545471870853,1.003744413581185,1637.0545471870853,0.9936439926519547,1637.0489916627628,0.97922140754476,1637.019825160305,0.9752149626037314
1637.0559360679324,1.0074036145751268,1637.0559360679324,0.9936463276483837,1637.05038054361,0.9958841772876844,1637.0212140416186,0.9793608190235052
1637.0573249487795,1.0116460657404887,1637.0573249487795,0.9936413741440447,1637.0517694249236,0.9966984435913188,1637.022602922467,0.9874185443255784
1637.0587138300937,0.9785422599295704,1637.0587138300937,0.9936290080844006,1637.053158305772,0.990417440135033,1637.0239918037803,1.0031090480889568
1637.0601027109412,1.012003748076172,1637.0601027109412,0.9935636566796232,1637.0545471870853,0.9973646067129036,1637.025380685093,0.9941698463814588
1637.0614915917884,1.00382311288544,1637.0614915917884,0.9936706804220987,1637.0559360679324,1.0010029020822826,1637.0267695659402,1.007632262122495
1637.0628804726364,1.0095471905298505,1637.0628804726364,0.9937021885930423,1637.0573249487795,1.0052133869097957,1637.0281584472543,0.9803249956950252
1637.0642693539496,1.013595212775366,1637.0642693539496,0.9936903960024881,1637.0587138300937,0.9723079751024868,1637.0295473281028,0.9869514298153134
1637.0656582347967,1.0012431691583026,1637.0656582347967,0.9936439423467015,1637.0601027109412,1.0054901445120457,1637.03093620895,0.9847084540239446
1637.0670471156448,0.9859050858657811,1637.0670471156448,0.9936569409791327,1637.0614915917884,0.9974695956043044,1637.0323250902627,1.0071279712178978
1637.068435996959,0.9908021921240181,1637.068435996959,0.9936170070786219,1637.0628804726364,1.0031892527174695,1637.0337139711105,0.985491998168374
1637.0698248778065,0.9892447626148919,1637.0698248778065,0.9935990209784149,1637.0642693539496,1.0071998283689796,1637.035102852423,0.988649840274892
1637.0712137586536,0.9892018995335939,1637.0712137586536,0.9935676061364922,1637.0656582347967,0.9948792098501612,1637.036491733271,0.968448170383546
1637.0726026395007,1.0031754030187088,1637.0726026395007,0.9935460301654878,1637.0670471156448,0.9796514317171612,1637.0378806145852,0.9928516333991004
1637.0739915208148,1.0255735652432008,1637.0739915208148,0.9935451863421807,1637.068435996959,0.9844779087452046,1637.0392694954328,0.9940042737363316
1637.0753804016624,1.0119335925754864,1637.0753804016624,0.9935232601493104,1637.0698248778065,0.982912627642181,1637.0406583767456,0.9878841098194132
1637.0767692825095,1.0049663749249818,1637.0767692825095,0.9935510590902862,1637.0712137586536,0.9828389633052638,1637.042047257593,0.9946970283066402
1637.0781581633576,0.9993474546994631,1637.0781581633576,0.9934609280788177,1637.0726026395007,0.9967009392289014,1637.0434361384412,0.9927203972848496
1637.0795470446708,0.9996902598646152,1637.0795470446708,0.993360172710637,1637.0739915208148,1.0189536789871705,1637.0448250197553,0.9904761306464552
1637.080935925518,1.0001002193320438,1637.080935925518,0.9933626499008736,1637.0753804016624,1.0053795619502013,1637.0462139006024,1.001712351607453
1637.082324806366,0.9878101056873858,1637.082324806366,0.9932992812518692,1637.0767692825095,0.9984854061568412,1637.0476027819152,0.9836204420944528
1637.0837136872144,0.9792407093713624,1637.0837136872144,0.9932126755607369,1637.0781581633576,0.9928126498189328,1637.0489916627628,0.97922140754476
1637.0851025680615,0.9926060020594693,1637.0851025680615,0.9932089237519273,1637.0795470446708,0.9930524891962558,1637.05038054361,0.9958841772876844
1637.0864914489086,0.9987106244600427,1637.0864914489086,0.9932335968051881,1637.080935925518,0.993462204042124,1637.0517694249236,0.9966984435913188
1637.087880330222,0.9885437663431066,1637.087880330222,0.9932795884568314,1637.082324806366,0.9811910679926132,1637.053158305772,0.990417440135033
1637.0892692110704,1.0089643586359518,1637.0892692110704,0.9932194378295705,1637.0837136872144,0.9725942849727248,1637.0545471870853,0.9973646067129036
1637.090658091918,0.9890973073415675,1637.090658091918,0.9932433880856877,1637.0851025680615,0.9858651390151888,1637.0559360679324,1.0010029020822826
1637.092046972765,0.9927292741942609,1637.092046972765,0.99324327524383,1637.0864914489086,0.9919529457000036,1637.0573249487795,1.0052133869097957
1637.093435853613,0.9732787688293546,1637.093435853613,0.9932088009269324,1637.087880330222,0.981900345404847,1637.0587138300937,0.9723079751024868
1637.0948247344606,0.9917939217550739,1637.0948247344606,0.9932233718717235,1637.0892692110704,1.0021230130744732,1637.0601027109412,1.0054901445120457
1637.0962136153078,0.9950699147245201,1637.0962136153078,0.9932250173423317,1637.090658091918,0.9824143606903692,1637.0614915917884,0.9974695956043044
1637.0976024966214,1.006322880941356,1637.0976024966214,0.993246167932842,1637.092046972765,0.986021675731138,1637.0628804726364,1.0031892527174695
1637.09899137747,0.9786225980165937,1637.09899137747,0.9931998258092274,1637.093435853613,0.9666690389566444,1637.0642693539496,1.0071998283689796
1637.100380258317,1.009413978059909,1637.100380258317,0.993193582385071,1637.0948247344606,0.9850729031674548,1637.0656582347967,0.9948792098501612
1637.1017691391642,1.0021236430477,1637.1017691391642,0.9932323203428193,1637.0962136153078,0.988328333309094,1637.0670471156448,0.9796514317171612
1637.1031580200115,0.9915080688738478,1637.1031580200115,0.9932328479705801,1637.0976024966214,0.9995263451981394,1637.068435996959,0.9844779087452046
1637.1045469008602,0.9984143009897543,1637.1045469008602,0.9932716994880069,1637.09899137747,0.9719677938830544,1637.0698248778065,0.982912627642181
1637.105935781708,1.0018279648420985,1637.105935781708,0.9932200891062899,1637.100380258317,1.0025434849788866,1637.0712137586536,0.9828389633052638
1637.107324662555,0.9939559235405326,1637.107324662555,0.9932316134003201,1637.1017691391642,0.9953415912546664,1637.0726026395007,0.9967009392289014
1637.108713543403,1.003541863339118,1637.108713543403,0.9932409315895998,1637.1031580200115,0.984798383033382,1637.0739915208148,1.0189536789871705
1637.11010242425,1.00296375153268,1637.11010242425,0.9932297269522884,1637.1045469008602,0.9916966695372236,1637.0753804016624,1.0053795619502013
1637.1114913050972,0.9871209130480068,1637.1114913050972,0.9932565587024687,1637.105935781708,0.995035660509642,1637.0767692825095,0.9984854061568412
1637.1128801859456,0.9825008417746467,1637.1128801859456,0.9933355182816723,1637.107324662555,0.9872284455869684,1637.0781581633576,0.9928126498189328
1637.114269066794,0.9927663867812537,1637.114269066794,0.9934187794629018,1637.108713543403,0.9967588552321084,1637.0795470446708,0.9930524891962558
1637.1156579476412,1.0026214817475658,1637.1156579476412,0.9934067408265946,1637.11010242425,0.9961734130778466,1637.080935925518,0.993462204042124
1637.1170468284884,1.006143728652614,1637.1170468284884,0.9934544991072628,1637.1114913050972,0.980464321117302,1637.082324806366,0.9811910679926132
1637.118435709336,0.9842634759447425,1637.118435709336,0.9934512967752172,1637.1128801859456,0.975952982876398,1637.0837136872144,0.9725942849727248
1637.119824590184,0.9918679236883539,1637.119824590184,0.9933816175099032,1637.114269066794,0.9862327722480282,1637.0851025680615,0.9858651390151888
1637.1212134710315,0.9925709550114419,1637.1212134710315,0.9933781191092556,1637.1156579476412,0.9960109384655804,1637.0864914489086,0.9919529457000036
1637.122602351879,0.9957385048999254,1637.122602351879,0.9933915088810542,1637.1170468284884,0.9995580139784964,1637.087880330222,0.981900345404847
1637.1239912327271,0.9751286696916409,1637.1239912327271,0.9933915365327692,1637.118435709336,0.9778178265457872,1637.0892692110704,1.0021230130744732
1637.1253801135742,0.9965512639071896,1637.1253801135742,0.9934474603238959,1637.119824590184,0.9853033623897262,1637.090658091918,0.9824143606903692
1637.1267689944214,0.9951891807931366,1637.1267689944214,0.9934290478187947,1637.1212134710315,0.9859982683717436,1637.092046972765,0.986021675731138
1637.1281578752698,0.9982061525861187,1637.1281578752698,0.9934022634745966,1637.122602351879,0.989158175833502,1637.093435853613,0.9666690389566444
1637.1295467561183,0.9875460671171781,1637.1295467561183,0.993413057163562,1637.1239912327271,0.9686845675021344,1637.0948247344606,0.9850729031674548
1637.1309356369654,0.9798513427119682,1637.1309356369654,0.9934196317035929,1637.1253801135742,0.990021322211166,1637.0962136153078,0.988328333309094
1637.1323245178123,0.9872334762357285,1637.1323245178123,0.9933781429114545,1637.1267689944214,0.988649840274892,1637.0976024966214,0.9995263451981394
1637.13371339866,1.0038271440833346,1637.13371339866,0.9933542100893288,1637.1281578752698,0.9916202513933188,1637.09899137747,0.9719677938830544
1637.1351022795072,1.0003170942021067,1637.1351022795072,0.9934041659552777,1637.1295467561183,0.981041157624728,1637.100380258317,1.0025434849788866
1637.1364911598896,0.9957102448599181,1637.1364911598896,0.9934045783476867,1637.1309356369654,0.9734035600011944,1637.1017691391642,0.9953415912546664
1637.137880040738,0.9967908463718537,1637.137880040738,0.9934541276689227,1637.1323245178123,0.9806961572430676,1637.1031580200115,0.984798383033382
1637.1392689215857,1.0011238302696062,1637.1392689215857,0.9934917019839989,1637.13371339866,0.9971559197771276,1637.1045469008602,0.9916966695372236
1637.1406578024328,0.9823429916794617,1637.1406578024328,0.9935562818264467,1637.1351022795072,0.9937191686566508,1637.105935781708,0.995035660509642
1637.14204668328,0.9810897930978978,1637.14204668328,0.9934758187539804,1637.1364911598896,0.9891431159515388,1637.107324662555,0.9872284455869684
1637.1434355641284,0.9905918665493146,1637.1434355641284,0.9934615413205239,1637.137880040738,0.990265980750717,1637.108713543403,0.9967588552321084
1637.1448244449768,0.988959094553212,1637.1448244449768,0.9934689557945723,1637.1392689215857,0.9946082180312912,1637.11010242425,0.9961734130778466
1637.1462133253583,1.0028424343869617,1637.1462133253583,0.9935459628980837,1637.1406578024328,0.976013050291314,1637.1114913050972,0.980464321117302
1637.1476022062054,0.9945464692549731,1637.1476022062054,0.9936265410878171,1637.14204668328,0.9746889854691072,1637.1128801859456,0.975952982876398
1637.148991087053,0.9853103105281273,1637.148991087053,0.993647911338147,1637.1434355641284,0.9841149225616568,1637.114269066794,0.9862327722480282
1637.1503799679,0.999554895831507,1637.1503799679,0.9936452776144892,1637.1448244449768,0.9825001589893252,1637.1156579476412,0.9960109384655804
1637.151768848748,1.0145960293457752,1637.151768848748,0.9936219995399702,1637.1462133253583,0.9963700521080522,1637.1170468284884,0.9995580139784964
1637.153157729131,0.9912853558497975,1637.153157729131,0.9936843167634024,1637.1476022062054,0.98820776819692,1637.118435709336,0.9778178265457872
1637.1545466099783,0.9850299255439123,1637.1545466099783,0.993727539993575,1637.148991087053,0.9790515320762148,1637.119824590184,0.9853033623897262
1637.1559354908256,0.9851424169081875,1637.1559354908256,0.9937359276201054,1637.1503799679,0.9932030019594196,1637.1212134710315,0.9859982683717436
1637.1573243716728,0.9972516601919955,1637.1573243716728,0.9937798229217221,1637.151768848748,1.0081249354038635,1637.122602351879,0.989158175833502
1637.1587132520556,0.9968471949016117,1637.1587132520556,0.9938482611544819,1637.153157729131,0.9850247115451722,1637.1239912327271,0.9686845675021344
1637.1601021329031,0.971563543334045,1637.1601021329031,0.9939118258643187,1637.1545466099783,0.9788513647308064,1637.1253801135742,0.990021322211166
1637.1614910137505,0.9926395132715113,1637.1614910137505,0.993978705319932,1637.1559354908256,0.9789714135041704,1637.1267689944214,0.988649840274892
1637.1628798945983,1.002554728722044,1637.1628798945983,0.9939945172809601,1637.1573243716728,0.9910485782739946,1637.1281578752698,0.9916202513933188
1637.1642687749802,0.9816045023543801,1637.1642687749802,0.9940175229247822,1637.1587132520556,0.9907148512896896,1637.1295467561183,0.981041157624728
1637.165657655827,1.0107818481021194,1637.165657655827,0.9940570708047717,1637.1601021329031,0.9656484952983478,1637.1309356369654,0.9734035600011944
1637.1670465366751,0.981817756964845,1637.1670465366751,0.9940490548361963,1637.1614910137505,0.9866625382510243,1637.1323245178123,0.9806961572430676
1637.1684354175238,0.9847650529854178,1637.1684354175238,0.9940209521522707,1637.1628798945983,0.996533903623812,1637.13371339866,0.9971559197771276
1637.1698242979055,0.988588427922647,1637.1698242979055,0.9940908501592093,1637.1642687749802,0.9757320759221144,1637.1351022795072,0.9937191686566508
1637.1712131787529,0.9942178508502807,1637.1712131787529,0.9941054000324608,1637.165657655827,1.0047748431470265,1637.1364911598896,0.9891431159515388
1637.1726020596,0.9955828885162448,1637.1726020596,0.9941746703730419,1637.1670465366751,0.9759750133322984,1637.137880040738,0.990265980750717
1637.1739909399828,1.0145747605716082,1637.1739909399828,0.994261168580509,1637.1684354175238,0.9788770956148464,1637.1392689215857,0.9946082180312912
1637.1753798208304,0.982105060793832,1637.1753798208304,0.9942494798923699,1637.1698242979055,0.9827467107711804,1637.1406578024328,0.976013050291314
1637.1767687016777,0.9976879684703953,1637.1767687016777,0.9943034404854171,1637.1712131787529,0.9883573343389318,1637.14204668328,0.9746889854691072
1637.1781575820598,0.9965807788710453,1637.1781575820598,0.9942966669488226,1637.1726020596,0.9897832900196786,1637.1434355641284,0.9841149225616568
1637.1795464629074,0.9978309910122414,1637.1795464629074,0.9943099523816825,1637.1739909399828,1.0087522870582173,1637.1448244449768,0.9825001589893252
1637.1809353437543,0.9976951119180476,1637.1809353437543,0.9943050331049537,1637.1753798208304,0.9764574458939318,1637.1462133253583,0.9963700521080522
1637.182324224137,0.9838717111635604,1637.182324224137,0.9943121138670188,1637.1767687016777,0.9920045795810204,1637.1476022062054,0.98820776819692
1637.1837131049854,0.9915342774395114,1637.1837131049854,0.9942734321684823,1637.1781575820598,0.990896946776742,1637.148991087053,0.9790515320762148
1637.1851019853668,1.0039188536957562,1637.1851019853668,0.9943179139625512,1637.1795464629074,0.9921532851583488,1637.1503799679,0.9932030019594196
1637.1864908662135,0.9960072926761561,1637.1864908662135,0.9943165445547661,1637.1809353437543,0.9920132712843248,1637.151768848748,1.0081249354038635
1637.1878797470615,1.0133213860021733,1637.1878797470615,0.9942746696517327,1637.182324224137,0.9782755609010008,1637.153157729131,0.9850247115451722
1637.1892686274443,0.987339403160717,1637.1892686274443,0.9943565353700553,1637.1837131049854,0.9858561891424792,1637.1545466099783,0.9788513647308064
1637.190657508292,0.9929815590849063,1637.190657508292,0.9944008721822365,1637.1851019853668,0.9982145003944398,1637.1559354908256,0.9789714135041704
1637.1920463886734,0.9915927741970977,1637.1920463886734,0.9945185286169969,1637.1864908662135,0.9903465296051032,1637.1573243716728,0.9910485782739946
1637.1934352695214,0.9915615804168798,1637.1934352695214,0.9946057074263984,1637.1878797470615,1.0075197863183467,1637.1587132520556,0.9907148512896896
1637.1948241499033,0.9969094584450329,1637.1948241499033,0.9946359549149673,1637.1892686274443,0.9817673881612288,1637.1601021329031,0.9656484952983478
1637.1962130307504,0.9952147462153135,1637.1962130307504,0.994770277046943,1637.190657508292,0.9874217284149078,1637.1614910137505,0.9866625382510243
1637.1976019111328,0.9699462195441156,1637.1976019111328,0.9947479800861062,1637.1920463886734,0.9861573867817436,1637.1628798945983,0.996533903623812
1637.1989907919813,1.0047345409527377,1637.1989907919813,0.9947237577879328,1637.1934352695214,0.9862128071473684,1637.1642687749802,0.9757320759221144
1637.2003796723627,0.9934672514752443,1637.2003796723627,0.9948188874510581,1637.1948241499033,0.9915619911642382,1637.165657655827,1.0047748431470265
1637.2017685532096,0.9842173574042408,1637.2017685532096,0.9948876503182984,1637.1962130307504,0.9900100488138104,1637.1670465366751,0.9759750133322984
1637.2031574335915,1.0153889708607788,1637.2031574335915,0.9947728980705574,1637.1976019111328,0.964852042683664,1637.1684354175238,0.9788770956148464
1637.2045463144402,0.982235155486482,1637.2045463144402,0.9947762048587299,1637.1989907919813,0.9994333181558408,1637.1698242979055,0.9827467107711804
1637.205935194822,0.9803230237379449,1637.205935194822,0.9948637630825884,1637.2003796723627,0.988319985831663,1637.1712131787529,0.9883573343389318
1637.2073240756692,0.9847427658581872,1637.2073240756692,0.9948650007295361,1637.2017685532096,0.97918569411039,1637.1726020596,0.9897832900196786
1637.2087129560516,0.9909921032670397,1637.2087129560516,0.9948382428525009,1637.2031574335915,1.0100814292120577,1637.1739909399828,1.0087522870582173
1637.2101018368987,1.0008503749699642,1637.2101018368987,0.9948487725057824,1637.2045463144402,0.977104160253667,1637.1753798208304,0.9764574458939318
1637.2114907172802,0.9894279351220355,1637.2114907172802,0.9948553985761847,1637.205935194822,0.9752878524324334,1637.1767687016777,0.9920045795810204
1637.212879598129,1.006189396248535,1637.212879598129,0.9949279432944618,1637.2073240756692,0.9796861124739108,1637.1781575820598,0.990896946776742
1637.2142684785117,0.9983881511914442,1637.2142684785117,0.9949288770695952,1637.2087129560516,0.9858768426948858,1637.1795464629074,0.9921532851583488
1637.2156573593586,1.0007723108302427,1637.2156573593586,0.9950238873114221,1637.2101018368987,0.995694767000821,1637.1809353437543,0.9920132712843248
1637.21704623974,0.9954166192542314,1637.21704623974,0.9950046025776302,1637.2114907172802,0.984337722758244,1637.182324224137,0.9782755609010008
1637.218435120122,1.009949309206953,1637.218435120122,0.9950423252663769,1637.212879598129,1.0010859465742512,1637.1837131049854,0.9858561891424792
1637.2198240009704,0.9846831904087885,1637.2198240009704,0.9951303958533357,1637.2142684785117,0.9933252021444928,1637.1851019853668,0.9982145003944398
1637.2212128813524,0.9929203001255048,1637.2212128813524,0.9952005647824655,1637.2156573593586,0.9957923550359428,1637.1864908662135,0.9903465296051032
1637.2226017621997,0.9952959723034275,1637.2226017621997,0.9952798968628077,1637.21704623974,0.9904441176402248,1637.1878797470615,1.0075197863183467
1637.2239906425818,0.984410686542734,1637.2239906425818,0.9953308614038849,1637.218435120122,1.0049423090344576,1637.1892686274443,0.9817673881612288
1637.2253795229633,0.9890840697721396,1637.2253795229633,0.9953911179653502,1637.2198240009704,0.9798881730616232,1637.190657508292,0.9874217284149078
1637.2267684038104,0.9869551501922817,1637.2267684038104,0.9953990192827256,1637.2212128813524,0.9881548434688776,1637.1920463886734,0.9861573867817436
1637.2281572841932,0.998129277208,1637.2281572841932,0.9954541098315964,1637.2226017621997,0.9905980726621232,1637.1934352695214,0.9862128071473684
1637.229546164576,0.9842590501696679,1637.229546164576,0.9954775586277548,1637.2239906425818,0.9798143366117692,1637.1948241499033,0.9915619911642382
1637.2309350454232,0.9902175203272442,1637.2309350454232,0.9955348349575875,1637.2253795229633,0.9845254979722085,1637.1962130307504,0.9900100488138104
1637.2323239258046,1.0178151716343473,1637.2323239258046,0.9955374214785849,1637.2267684038104,0.9824141885774323,1637.1976019111328,0.964852042683664
1637.2337128061863,1.003174689457985,1637.2337128061863,0.9955239752986091,1637.2281572841932,0.9935918911399444,1637.1989907919813,0.9994333181558408
1637.2351016870343,0.9852504027854824,1637.2351016870343,0.9955559335762337,1637.229546164576,0.9798077963201738,1637.2003796723627,0.988319985831663
1637.2364905674165,0.9785171998682067,1637.2364905674165,0.995612304344125,1637.2309350454232,0.9857960356710946,1637.2017685532096,0.97918569411039
1637.2378794477984,1.016275599881185,1637.2378794477984,0.995668199762522,1637.2323239258046,1.0132730915106414,1637.2031574335915,1.0100814292120577
1637.2392683281807,0.9910429508321933,1637.2392683281807,0.9956611004234392,1637.2337128061863,0.9986844547681608,1637.2045463144402,0.977104160253667
1637.240657209028,0.9838654802461222,1637.240657209028,0.9956955901636947,1637.2351016870343,0.9808718845514612,1637.205935194822,0.9752878524324334
1637.242046089409,1.0007602626975092,1637.242046089409,0.9957489045233999,1637.2364905674165,0.974223764201146,1637.2073240756692,0.9796861124739108
1637.243434969792,0.9900157787264446,1637.243434969792,0.99574587209838,1637.2378794477984,1.0118732969962765,1637.2087129560516,0.9858768426948858
1637.244823850174,0.9902698343455899,1637.244823850174,0.9956829865110394,1637.2392683281807,0.986742914992474,1637.2101018368987,0.995694767000821
1637.2462127310212,1.007720999265821,1637.2462127310212,0.995644392604756,1637.240657209028,0.9796305199953496,1637.2114907172802,0.984337722758244
1637.2476016114035,0.9938085213731137,1637.2476016114035,0.995758408182875,1637.242046089409,0.9965059352715946,1637.212879598129,1.0010859465742512
1637.2489904917854,0.9752380909072522,1637.2489904917854,0.9958336109288977,1637.243434969792,0.9858041249791204,1637.2142684785117,0.9933252021444928
1637.2503793721678,1.0013220303819494,1637.2503793721678,0.9958080207082104,1637.244823850174,0.9859948261130091,1637.2156573593586,0.9957923550359428
1637.2517682530154,0.9995676666698556,1637.2517682530154,0.9959009789745373,1637.2462127310212,1.003331762229076,1637.21704623974,0.9904441176402248
1637.2531571333973,1.0141097128856325,1637.2531571333973,0.9959960261289796,1637.2476016114035,0.9895931912810684,1637.218435120122,1.0049423090344576
1637.2545460137796,0.9904791530025554,1637.2545460137796,0.9960420906108383,1637.2489904917854,0.9711748695835736,1637.2198240009704,0.9798881730616232
1637.255934894161,1.0064485775642018,1637.255934894161,0.9960445983802012,1637.2503793721678,0.9971245091661756,1637.2212128813524,0.9881548434688776
1637.2573237745426,1.0052473081292888,1637.2573237745426,0.9959747317097155,1637.2517682530154,0.9954704177878032,1637.2226017621997,0.9905980726621232
1637.2587126549254,0.9982032188130623,1637.2587126549254,0.9960503204325766,1637.2531571333973,1.0100492440928903,1637.2239906425818,0.9798143366117692
1637.260101535773,1.0020737267402693,1637.260101535773,0.9961484165598693,1637.2545460137796,0.9865589262631176,1637.2253795229633,0.9845254979722085
1637.2614904161544,1.0017117379690812,1637.2614904161544,0.99614620082325,1637.255934894161,1.00246766923026,1637.2267684038104,0.9824141885774323
1637.2628792965368,1.0091249740448323,1637.2628792965368,0.9961529484229329,1637.2573237745426,1.001200918015982,1637.2281572841932,0.9935918911399444
1637.264268176919,0.9981643181950359,1637.264268176919,0.9961814746406351,1637.2587126549254,0.99426063595558,1637.229546164576,0.9798077963201738
1637.265657057301,0.9830359512543687,1637.265657057301,0.9963061804902481,1637.260101535773,0.9982141561685663,1637.2309350454232,0.9857960356710946
1637.267045937683,0.9904656824657773,1637.267045937683,0.9963584307116614,1637.2614904161544,0.9978513420979552,1637.2323239258046,1.0132730915106414
1637.268434818065,1.0121488489558397,1637.268434818065,0.9963976388851981,1637.2628792965368,1.0052428182219753,1637.2337128061863,0.9986844547681608
1637.2698236984463,0.9824951548222842,1637.2698236984463,0.9964347614549449,1637.264268176919,0.994352802433195,1637.2351016870343,0.9808718845514612
1637.2712125792934,1.0028471563634815,1637.2712125792934,0.9964940807212671,1637.265657057301,0.9794047938788378,1637.2364905674165,0.974223764201146
1637.2726014596758,0.9841622878005699,1637.2726014596758,0.9965484807306904,1637.267045937683,0.9868588330553566,1637.2378794477984,1.0118732969962765
1637.2739903400586,0.9878405827714721,1637.2739903400586,0.9965975897204598,1637.268434818065,1.0085027232999697,1637.2392683281807,0.986742914992474
1637.2753792204403,0.9878962175842763,1637.2753792204403,0.9965943411564986,1637.2698236984463,0.978992325225982,1637.240657209028,0.9796305199953496
1637.276768100822,0.9914846242050648,1637.276768100822,0.9966825021192578,1637.2712125792934,0.9993312551843644,1637.242046089409,0.9965059352715946
1637.2781569812043,1.0107164172035181,1637.2781569812043,0.9966342789650566,1637.2726014596758,0.9807654327000984,1637.243434969792,0.9858041249791204
1637.2795458615865,0.9900007766879613,1637.2795458615865,0.9966866325214054,1637.2739903400586,0.9844795438181034,1637.244823850174,0.9859948261130091
1637.2809347419677,0.988458324745531,1637.2809347419677,0.9967210505496334,1637.2753792204403,0.9845317800943988,1637.2462127310212,1.003331762229076
1637.28232362235,0.995624869135163,1637.28232362235,0.9968134345534346,1637.276768100822,0.988195376065476,1637.2476016114035,0.9895931912810684
1637.283712502733,1.003532413449194,1637.283712502733,0.9967643793497932,1637.2781569812043,1.0073146276977736,1637.2489904917854,0.9711748695835736
1637.285101383114,1.0041486156466297,1637.285101383114,0.9968085777391518,1637.2795458615865,0.9867205403107,1637.2503793721678,0.9971245091661756
1637.2864902634954,1.0044992153035854,1637.2864902634954,0.9969047808870555,1637.2809347419677,0.9852172198648964,1637.2517682530154,0.9954704177878032
1637.2878791438775,1.0106958891259767,1637.2878791438775,0.9969492960564007,1637.28232362235,0.9924522453294358,1637.2531571333973,1.0100492440928903
1637.2892680242603,0.9848591258538199,1637.2892680242603,0.9969786059359589,1637.283712502733,1.000285363249086,1637.2545460137796,0.9865589262631176
1637.2906569046424,1.0061175418873625,1637.2906569046424,0.9970373405775218,1637.285101383114,1.000943953401455,1637.255934894161,1.00246766923026
1637.292045785024,1.0200256032093489,1637.292045785024,0.9971400393636484,1637.2864902634954,1.00139007013344,1637.2573237745426,1.001200918015982
1637.2934346654065,0.9921872020251712,1637.2934346654065,0.9971522484484506,1637.2878791438775,1.0076125551912405,1637.2587126549254,0.99426063595558
1637.2948235457875,0.9862672459637658,1637.2948235457875,0.997209542344785,1637.2892680242603,0.9818834783370484,1637.260101535773,0.9982141561685663
1637.2962124261692,0.9933088104747024,1637.2962124261692,0.9972617318743061,1637.2906569046424,1.0031367582717692,1637.2614904161544,0.9978513420979552
1637.297601306552,0.9934577686008775,1637.297601306552,0.9972666525104483,1637.292045785024,1.0171083701360992,1637.2628792965368,1.0052428182219753
1637.2989901869348,0.9928276904982091,1637.2989901869348,0.9972959210682036,1637.2934346654065,0.9893616993811766,1637.264268176919,0.994352802433195
1637.3003790668504,1.0022937161492627,1637.3003790668504,0.9974307722783122,1637.2948235457875,0.9835151089771784,1637.265657057301,0.9794047938788378
1637.3017679472316,1.0114171123013715,1637.3017679472316,0.997440811443896,1637.2962124261692,0.9905888646200086,1637.267045937683,0.9868588330553566
1637.303156827614,1.014548498079023,1637.303156827614,0.997411849039372,1637.297601306552,0.9907423033030968,1637.268434818065,1.0085027232999697
1637.3045457079968,1.0063753136610527,1637.3045457079968,0.9974645973845754,1637.2989901869348,0.9901430060574288,1637.2698236984463,0.978992325225982
1637.3059345883787,1.0046307457278685,1637.3059345883787,0.9974895213048808,1637.3003790668504,0.9997185953484584,1637.2712125792934,0.9993312551843644
1637.3073234687602,1.0085293954334626,1637.3073234687602,0.9974502994448666,1637.3017679472316,1.008828705202122,1637.2726014596758,0.9807654327000984
1637.3087123491423,1.0054236795242162,1637.3087123491423,0.9974517769633094,1637.303156827614,1.011922693409116,1637.2739903400586,0.9844795438181034
1637.310101229524,0.9940117657593264,1637.310101229524,0.9975822176507767,1637.3045457079968,1.0038237470586977,1637.2753792204403,0.9845317800943988
1637.3114901094398,1.0154489244794584,1637.3114901094398,0.997607604611079,1637.3059345883787,1.0021086416442568,1637.276768100822,0.988195376065476
1637.3128789898226,1.000928790526996,1637.3128789898226,0.9976078895863031,1637.3073234687602,1.0059579474740576,1637.2781569812043,1.0073146276977736
1637.3142678702054,1.0067193906611167,1637.3142678702054,0.9975472472025523,1637.3087123491423,1.0028616357424185,1637.2795458615865,0.9867205403107
1637.3156567505869,0.9943323834850094,1637.3156567505869,0.9975732462828885,1637.310101229524,0.9916084616571532,1637.2809347419677,0.9852172198648964
1637.317045630968,1.009139182705571,1637.317045630968,0.9976594133958994,1637.3114901094398,1.013019569154849,1637.28232362235,0.9924522453294358
1637.3184345108846,0.9887169895437444,1637.3184345108846,0.9977272245251719,1637.3128789898226,0.9985344583438072,1637.283712502733,1.000285363249086
1637.3198233912665,1.0041941241816303,1637.3198233912665,0.9977867123119404,1637.3142678702054,1.0042501568594278,1637.285101383114,1.000943953401455
1637.3212122716488,1.0018032268645152,1637.3212122716488,0.9978345077364321,1637.3156567505869,0.9919193836773428,1637.2864902634954,1.00139007013344
1637.3226011520308,1.0001254265532162,1637.3226011520308,0.9978881387016785,1637.317045630968,1.0067772050528572,1637.2878791438775,1.0076125551912405
1637.3239900319477,1.003751996613254,1637.3239900319477,0.9979552046456576,1637.3184345108846,0.9864698578183636,1637.2892680242603,0.9818834783370484
1637.325378912329,1.003268471876304,1637.325378912329,0.9979089886745252,1637.3198233912665,1.0019715536901572,1637.2906569046424,1.0031367582717692
1637.3267677927104,1.0049717552057522,1637.3267677927104,0.9979329449428522,1637.3212122716488,0.9996338297271228,1637.292045785024,1.0171083701360992
1637.3281566730932,0.984593287892238,1637.3281566730932,0.9979394083364208,1637.3226011520308,0.9980133003714112,1637.2934346654065,0.9893616993811766
1637.3295455530103,0.980917177226176,1637.3295455530103,0.9980058555975742,1637.3239900319477,1.0016995291936672,1637.2948235457875,0.9835151089771784
1637.3309344333918,1.0070565939424858,1637.3309344333918,0.9980322994301071,1637.325378912329,1.001170626139119,1637.2962124261692,0.9905888646200086
1637.3323233137733,0.9928578279638377,1637.3323233137733,0.9980172123200304,1637.3267677927104,1.0028944232568635,1637.297601306552,0.9907423033030968
1637.3337121941552,0.9798507656622178,1637.3337121941552,0.9980693790134753,1637.3281566730932,0.9825644431711912,1637.2989901869348,0.9901430060574288
1637.3351010740714,1.004838618142201,1637.3351010740714,0.9981798417764011,1637.3295455530103,0.978961086727967,1637.3003790668504,0.9997185953484584
1637.3364899544538,0.9983009025717668,1637.3364899544538,0.9981905988972436,1637.3309344333918,1.0050750081086708,1637.3017679472316,1.008828705202122
1637.3378788348357,1.0063299101734773,1637.3378788348357,0.9981879071770573,1637.3323233137733,0.9908892016945896,1637.303156827614,1.011922693409116
1637.3392677147524,0.9833037361718449,1637.3392677147524,0.9983168782751406,1637.3337121941552,0.977959045210368,1637.3045457079968,1.0038237470586977
1637.340656595134,1.0012818161163528,1637.340656595134,0.9983397702897531,1637.3351010740714,1.0030096528679997,1637.3059345883787,1.0021086416442568
1637.3420454755153,1.016112011409483,1637.3420454755153,0.9983611238085646,1637.3364899544538,0.9964945758177708,1637.3073234687602,1.0059579474740576
1637.3434343554325,0.9990481263642552,1637.3434343554325,0.9984272870158338,1637.3378788348357,1.0045063469657394,1637.3087123491423,1.0028616357424185
1637.3448232358144,0.9953320220833567,1637.3448232358144,0.9984971681845385,1637.3392677147524,0.9816487162913586,1637.310101229524,0.9916084616571532
1637.3462121157302,1.0142662107143787,1637.3462121157302,0.9985471541385957,1637.340656595134,0.9996194582969063,1637.3114901094398,1.013019569154849
1637.3476009961123,1.0060575928616862,1637.3476009961123,0.9986021408583318,1637.3420454755153,1.0144467296261526,1637.3128789898226,0.9985344583438072
1637.3489898764944,0.9930744127788922,1637.3489898764944,0.9986173279920336,1637.3434343554325,0.9974769104041152,1637.3142678702054,1.0042501568594278
1637.3503787564107,1.0023208886653179,1637.3503787564107,0.9987370088421859,1637.3448232358144,0.9938362054536222,1637.3156567505869,0.9919193836773428
1637.351767636793,1.0090615992328658,1637.351767636793,0.998763703034907,1637.3462121157302,1.01279263824778,1637.317045630968,1.0067772050528572
1637.3531565167093,1.0149630056929813,1637.3531565167093,0.9987520703637802,1637.3476009961123,1.0046512660584597,1637.3184345108846,0.9864698578183636
1637.3545453970917,1.013551601256352,1637.3545453970917,0.9988466082251123,1637.3489898764944,0.9917013165865152,1637.3198233912665,1.0019715536901572
1637.3559342770077,0.9917818091689219,1637.3559342770077,0.9988607724530146,1637.3503787564107,1.0010549662456412,1637.3212122716488,0.9996338297271228
1637.357323157389,1.002364190580342,1637.357323157389,0.9988449657706601,1637.351767636793,1.0078140994401423,1637.3226011520308,0.9980133003714112
1637.3587120377715,0.9982204751024014,1637.3587120377715,0.9989626858346483,1637.3531565167093,1.0136964032785103,1637.3239900319477,1.0016995291936672
1637.360100917688,1.0030397943693599,1637.360100917688,0.9989742053316952,1637.3545453970917,1.0123825791760386,1637.325378912329,1.001170626139119
1637.3614897980694,1.0124508373524215,1637.3614897980694,0.9989766068259157,1637.3559342770077,0.9906519440113176,1637.3267677927104,1.0028944232568635
1637.362878677986,1.0158842505882648,1637.362878677986,0.9990989816885478,1637.357323157389,1.001206425629957,1637.3281566730932,0.9825644431711912
1637.364267558368,1.0022241864960721,1637.364267558368,0.9991519355007963,1637.3587120377715,0.9971850068634336,1637.3295455530103,0.978961086727967
1637.3656564382843,1.0043502928404717,1637.3656564382843,0.9992213399628459,1637.360100917688,1.0020108814961983,1637.3309344333918,1.0050750081086708
1637.367045318667,1.0111207271126643,1637.367045318667,0.9992596342549322,1637.3614897980694,1.011414702076379,1637.3323233137733,0.9908892016945896
1637.368434198583,1.0189854064014825,1637.368434198583,0.9992451007214274,1637.362878677986,1.014968920276169,1637.3337121941552,0.977959045210368
1637.3698230789644,0.9867354637438837,1637.3698230789644,0.9992890881461699,1637.364267558368,1.0013742357432616,1637.3351010740714,1.0030096528679997
1637.3712119588802,1.0217500909851618,1637.3712119588802,0.9994058729313872,1637.3656564382843,1.0035682454041328,1637.3364899544538,0.9964945758177708
1637.3726008387969,1.0097653634956125,1637.3726008387969,0.9994351143495652,1637.367045318667,1.010372127962182,1637.3378788348357,1.0045063469657394
1637.3739897191797,1.018106421818866,1637.3739897191797,0.9994833232140257,1637.368434198583,1.018216175053314,1637.3392677147524,0.9816487162913586
1637.375378599096,1.0010950036923976,1637.375378599096,0.9995293350266372,1637.3698230789644,0.9860339818061136,1637.340656595134,0.9996194582969063
1637.3767674794774,0.9975541813495983,1637.3767674794774,0.9995742778525742,1637.3712119588802,1.02114304159875,1637.3420454755153,1.0144467296261526
1637.378156359394,0.9976927000083236,1637.378156359394,0.999619912185763,1637.3726008387969,1.0091949615314677,1637.3434343554325,0.9974769104041152
1637.3795452397756,1.0145951389607435,1637.3795452397756,0.9995948594072206,1637.3739897191797,1.0175803898650608,1637.3448232358144,0.9938362054536222
1637.3809341196918,0.9992155480992111,1637.3809341196918,0.9996865557649145,1637.375378599096,1.0006238233391511,1637.3462121157302,1.01279263824778
1637.382322999609,0.9966095690153612,1637.382322999609,0.9998128593898785,1637.3767674794774,0.9971295004413406,1637.3476009961123,1.0046512660584597
1637.3837118799909,0.9982614558434337,1637.3837118799909,0.9998737391465129,1637.378156359394,0.9973134891706972,1637.3489898764944,0.9917013165865152
1637.385100759907,1.0045663897267874,1637.385100759907,0.9999291793492256,1637.3795452397756,1.014184085284714,1637.3503787564107,1.0010549662456412
1637.3864896398225,1.0062083510011257,1637.3864896398225,1.0000274743517878,1637.3809341196918,0.9989023497460516,1637.351767636793,1.0078140994401423
1637.3878785202048,1.017086126392932,1637.3878785202048,1.0000318541425284,1637.382322999609,0.9964230628925628,1637.3531565167093,1.0136964032785103
1637.389267400122,1.0164310546701165,1637.389267400122,1.0000260424901861,1637.3837118799909,0.9981354145000156,1637.3545453970917,1.0123825791760386
1637.3906562800382,1.000041747907709,1637.3906562800382,1.0001191727129153,1637.385100759907,1.0044952456813208,1637.3559342770077,0.9906519440113176
1637.3920451604197,0.9872672502112411,1637.3920451604197,1.0002038018236135,1637.3864896398225,1.006235995923333,1637.357323157389,1.001206425629957
1637.3934340403364,1.001445640824271,1637.3934340403364,1.0002739737412412,1637.3878785202048,1.0171185247993657,1637.3587120377715,0.9971850068634336
1637.3948229202522,1.013765851718601,1637.3948229202522,1.0002763941894337,1637.389267400122,1.0164575250658827,1637.360100917688,1.0020108814961983
1637.396211800634,1.0183628589746405,1637.396211800634,1.000399917928984,1637.3906562800382,1.0001609255958357,1637.3614897980694,1.011414702076379
1637.3976006805512,1.0070834230669838,1637.3976006805512,1.0003718546468283,1637.3920451604197,0.987468457077228,1637.362878677986,1.014968920276169
1637.3989895604675,1.0079065106335054,1637.3989895604675,1.0003686902308107,1637.3934340403364,1.0017200106331372,1637.364267558368,1.0013742357432616
1637.400378440849,1.0078208586021347,1637.400378440849,1.0004078552139435,1637.3948229202522,1.0140460507094624,1637.3656564382843,1.0035682454041328
1637.4017673207647,0.9899136819594467,1637.4017673207647,1.0003803166536043,1637.396211800634,1.0187701205401558,1637.367045318667,1.010372127962182
1637.4031562006817,1.0054565388864622,1637.4031562006817,1.0003097059827157,1637.3976006805512,1.007457911717595,1637.368434198583,1.018216175053314
1637.4045450805977,1.0114102956593614,1637.4045450805977,1.0003706502839864,1637.3989895604675,1.0082781159175465,1637.3698230789644,0.9860339818061136
1637.4059339605144,1.0303088793073714,1637.4059339605144,1.0004144027918775,1637.400378440849,1.0082319035940366,1637.3712119588802,1.02114304159875
1637.4073228408963,0.9974861185446452,1637.4073228408963,1.000481750284019,1637.4017673207647,0.9902901626183266,1637.3726008387969,1.0091949615314677
1637.408711720813,1.0005923495870521,1637.408711720813,1.0005344154183236,1637.4031562006817,1.005767934791916,1637.3739897191797,1.0175803898650608
1637.4101006007288,1.0076819421961356,1637.4101006007288,1.000597521492164,1637.4045450805977,1.0117851751726743,1637.375378599096,1.0006238233391511
1637.411489480645,1.0023447280816817,1637.411489480645,1.0006189822471183,1637.4059339605144,1.0307358421834525,1637.3767674794774,0.9971295004413406
1637.412878361028,1.0126650894308376,1637.412878361028,1.0006354948027274,1637.4073228408963,0.9979666577655592,1637.378156359394,0.9973134891706972
1637.4142672409446,1.0037316470851454,1637.4142672409446,1.0007088033723102,1637.408711720813,1.001127081566128,1637.3795452397756,1.014184085284714
1637.41565612086,1.0055421708864987,1637.41565612086,1.0007363008809118,1637.4101006007288,1.0082840538138635,1637.3809341196918,0.9989023497460516
1637.4170450007755,0.9991338768207635,1637.4170450007755,1.0006884104250178,1637.411489480645,1.0029651616738569,1637.382322999609,0.9964230628925628
1637.4184338806924,0.9997658074892938,1637.4184338806924,1.0007482109086827,1637.412878361028,1.0133086328320744,1637.3837118799909,0.9981354145000156
1637.419822760609,1.012835833726099,1637.419822760609,1.0007744686273847,1637.4142672409446,1.0044430954614938,1637.385100759907,1.0044952456813208
1637.4212116405254,0.995376115839856,1637.4212116405254,1.0009010308340862,1637.41565612086,1.0062825524727164,1637.3864896398225,1.006235995923333
1637.4226005209073,1.0202328032635446,1637.4226005209073,1.0009244085301932,1637.4170450007755,0.9998216909975554,1637.3878785202048,1.0171185247993657
1637.423989400824,1.0171389032541052,1637.423989400824,1.0009828046705802,1637.4184338806924,1.0005138431725853,1637.389267400122,1.0164575250658827
1637.4253782807398,1.0224796168323154,1637.4253782807398,1.0010010208461801,1637.419822760609,1.013620243304011,1637.3906562800382,1.0001609255958357
1637.4267671606556,1.001037149105231,1637.4267671606556,1.0010950550101214,1637.4212116405254,0.9962729804117406,1637.3920451604197,0.987468457077228
1637.4281560405727,1.006214738150048,1637.4281560405727,1.0010740241762588,1637.4226005209073,1.0211759151696642,1637.3934340403364,1.0017200106331372
1637.429544920489,1.0104396928984967,1637.429544920489,1.0011844118013775,1637.423989400824,1.0181385521188522,1637.3948229202522,1.0140460507094624
1637.4309338004048,1.0206199692745028,1637.4309338004048,1.001218160476369,1637.4253782807398,1.0235031402435588,1637.396211800634,1.0187701205401558
1637.432322680321,1.0082515265125414,1637.432322680321,1.0012589426658258,1637.4267671606556,1.0021333398506764,1637.3976006805512,1.007457911717595
1637.4337115602375,0.9967907817978936,1637.4337115602375,1.0013069173850913,1637.4281560405727,1.0072954371053289,1637.3989895604675,1.0082781159175465
1637.435100440154,1.0166595040577795,1637.435100440154,1.0013302969093538,1637.429544920489,1.011636469595346,1637.400378440849,1.0082319035940366
1637.436489320071,1.0066854364758446,1637.436489320071,1.0012872647555728,1637.4309338004048,1.021863248182466,1637.4017673207647,0.9902901626183266
1637.437878199987,1.0288410162815957,1637.437878199987,1.001378822756379,1637.432322680321,1.009520857377152,1637.4031562006817,1.005767934791916
1637.4392670799036,1.009030080281842,1637.4392670799036,1.0013364338108637,1637.4337115602375,0.998093504999924,1637.4045450805977,1.0117851751726743
1637.4406559598194,1.010162060145951,1637.4406559598194,1.0013829906501703,1637.435100440154,1.0180119630538929,1637.4059339605144,1.0307358421834525
1637.4420448397352,1.0164633904458837,1637.4420448397352,1.0014600784712526,1637.436489320071,1.0079813071581685,1637.4073228408963,0.9979666577655592
1637.4434337196524,1.0228740764316995,1637.4434337196524,1.0014716286270207,1637.437878199987,1.0302596056875408,1637.408711720813,1.001127081566128
1637.4448225995686,1.0304914019472808,1637.4448225995686,1.0015741210796152,1637.4392670799036,1.010378582197309,1637.4101006007288,1.0082840538138635
1637.4462114794844,1.008884142677323,1637.4462114794844,1.0016379732641851,1637.4406559598194,1.0115591048302894,1637.411489480645,1.0029651616738569
1637.447600359401,1.0001433523836185,1637.447600359401,1.001642256026499,1637.4420448397352,1.0179475067590902,1637.412878361028,1.0133086328320744
1637.4489892393174,1.0248251276172085,1637.4489892393174,1.001705060342788,1637.4434337196524,1.0243793672044137,1637.4142672409446,1.0044430954614938
1637.4503781192336,1.0178748392050818,1637.4503781192336,1.0017543489085583,1637.4448225995686,1.0321135201854483,1637.41565612086,1.0062825524727164
1637.4517669991503,0.99927961645527,1637.4517669991503,1.0018418213547169,1637.4462114794844,1.0105366679296888,1637.4170450007755,0.9998216909975554
1637.4531558790666,0.9822761301133361,1637.4531558790666,1.001961945711849,1637.447600359401,1.0017858438314335,1637.4184338806924,1.0005138431725853
1637.4545447589824,1.0036458890157895,1637.4545447589824,1.0019578546007832,1637.4489892393174,1.0265725163006012,1637.419822760609,1.013620243304011
1637.4559336388982,1.0263156406078966,1637.4559336388982,1.0020350343881903,1637.4503781192336,1.0196605468182902,1637.4212116405254,0.9962729804117406
1637.4573225188149,1.0092233116222442,1637.4573225188149,1.0021053643164541,1637.4517669991503,1.0011201109921906,1637.4226005209073,1.0211759151696642
1637.4587113982664,1.026552000669326,1637.4587113982664,1.002222214806107,1637.4531558790666,0.9842033025546636,1637.423989400824,1.0181385521188522
1637.4601002781826,1.0010006488225203,1637.4601002781826,1.002265164985293,1637.4545447589824,1.0056108817371563,1637.4253782807398,1.0235031402435588
1637.4614891580984,1.015211822842972,1637.4614891580984,1.0022531413848381,1637.4559336388982,1.0284042282296713,1637.4267671606556,1.0021333398506764
1637.462878038015,0.9986648226405264,1637.462878038015,1.0023150092232762,1637.4573225188149,1.0113480943698674,1637.4281560405727,1.0072954371053289
1637.4642669179314,1.0166681934331996,1637.4642669179314,1.0023660957851073,1637.4587113982664,1.0288332197244523,1637.429544920489,1.011636469595346
1637.4656557978476,1.0067925621453955,1637.4656557978476,1.0024135433130041,1637.4601002781826,1.0032680804424885,1637.4309338004048,1.021863248182466
1637.4670446772986,1.001065245496258,1637.4670446772986,1.002439731185023,1637.4614891580984,1.0174992386153965,1637.432322680321,1.009520857377152
1637.468433557215,1.0077665675858893,1637.468433557215,1.002447740748867,1637.462878038015,1.0009767409159007,1637.4337115602375,0.998093504999924
1637.4698224371307,1.0170638423728775,1637.4698224371307,1.0024618410484532,1637.4642669179314,1.0190737277605344,1637.435100440154,1.0180119630538929
1637.4712113170465,1.0026306688168123,1637.4712113170465,1.0024786096567286,1637.4656557978476,1.0092224996013437,1637.436489320071,1.0079813071581685
1637.4726001969632,0.9997477195184444,1637.4726001969632,1.0024813387230993,1637.4670446772986,1.003507575593938,1637.437878199987,1.0302596056875408
1637.473989076415,1.0093751011905303,1637.473989076415,1.002499120280773,1637.468433557215,1.0102333188787151,1637.4392670799036,1.010378582197309
1637.475377956331,1.0019164551658128,1637.475377956331,1.002512101584697,1637.4698224371307,1.0195676918889285,1637.4406559598194,1.0115591048302894
1637.4767668362467,0.9986148888150279,1637.4767668362467,1.0025438567406786,1637.4712113170465,1.005115798874674,1637.4420448397352,1.0179475067590902
1637.4781557161634,1.0163642257225804,1637.4781557161634,1.0025837462566893,1637.4726001969632,1.0022284322482158,1637.4434337196524,1.0243793672044137
1637.479544595613,0.9948023642193098,1637.479544595613,1.0026704403592794,1637.473989076415,1.0118976509768227,1637.4448225995686,1.0321135201854483
1637.4809334755298,1.0238186766326922,1637.4809334755298,1.002717342682868,1637.475377956331,1.0044333710805688,1637.4462114794844,1.0105366679296888
1637.482322355447,0.9897049002038646,1637.482322355447,1.0028273989087704,1637.4767668362467,1.001155222031282,1637.447600359401,1.0017858438314335
1637.4837112353632,1.0237355201231144,1637.4837112353632,1.0027169162779372,1637.4781557161634,1.018990252986224,1637.4489892393174,1.0265725163006012
1637.4851001148131,1.013944577786713,1637.4851001148131,1.002741238744776,1637.479544595613,0.9974589246022276,1637.4503781192336,1.0196605468182902
1637.497600032664,1.0172977000383403,1637.497600032664,1.002792838940848,1637.4809334755298,1.0266007428222237,1637.4517669991503,1.0011201109921906
1637.4989889125802,1.003771721703354,1637.4989889125802,1.0028055772624573,1637.482322355447,0.9925031907587056,1637.4531558790666,0.9842033025546636
1637.501766671946,1.0291816723639475,1637.501766671946,1.0028464598384519,1637.4837112353632,1.0265169238220395,1637.4545447589824,1.0056108817371563
1637.5031555513972,1.0167659077138271,1637.5031555513972,1.0028320119156098,1637.4851001148131,1.0167240419483976,1637.4559336388982,1.0284042282296713
1637.5087110705974,1.0035901968973973,1637.5087110705974,1.0027389751584483,1637.497600032664,1.0201388486694425,1637.4573225188149,1.0113480943698674
1637.5100999500476,1.004287861788172,1637.5100999500476,1.0027807687635357,1637.4989889125802,1.0065878808224624,1637.4587113982664,1.0288332197244523
1637.5156554687812,1.0075509517322345,1637.5156554687812,1.0027861112341547,1637.501766671946,1.0321111966608023,1637.4601002781826,1.0032680804424885
1637.5170443486977,0.997198386630589,1637.5170443486977,1.0027886002839048,1637.5031555513972,1.0196454008798586,1637.4614891580984,1.0174992386153965
1637.5184332281483,1.0052402968414444,1637.5184332281483,1.002830649426068,1637.5087110705974,1.0063390055159616,1637.462878038015,1.0009767409159007
1637.5253776263332,0.9994377367296051,1637.5253776263332,1.002902221441227,1637.5100999500476,1.0070805541038308,1637.4642669179314,1.0190737277605344
1637.5267665062495,1.0148046869830392,1637.5267665062495,1.0029784182828991,1637.5156554687812,1.010358100757839,1637.4656557978476,1.0092224996013437
1637.5323220245175,1.003511998505332,1637.5323220245175,1.0032857660049257,1637.5170443486977,0.9999791743346566,1637.4670446772986,1.003507575593938
1637.5364886633358,1.004223082471758,1637.5364886633358,1.0034532866478472,1637.5184332281483,1.008085779710759,1637.468433557215,1.0102333188787151
1637.5406553021523,1.0275848015590385,1637.5406553021523,1.0035185158783415,1637.5253776263332,1.0023383263583132,1637.4698224371307,1.0195676918889285
1637.5420441820695,1.0064503992586593,1637.5420441820695,1.003521911523682,1637.5267665062495,1.017827199816321,1637.4712113170465,1.005115798874674
1637.5448219409711,1.0040238815361078,1637.5448219409711,1.0034608090055648,1637.5323220245175,1.006809304115556,1637.4726001969632,1.0022284322482158
1637.5462108204213,0.9991998889837863,1637.5462108204213,1.0034788203423877,1637.5364886633358,1.0076909526339175,1637.473989076415,1.0118976509768227
1637.5475997003375,0.9992867869220718,1637.5475997003375,1.003502047116333,1637.5406553021523,1.0312003749996663,1637.475377956331,1.0044333710805688
1637.5489885797876,0.9890648172747025,1637.5489885797876,1.0035004026114391,1637.5420441820695,1.0099950285178227,1637.4767668362467,1.001155222031282
1637.5503774592387,1.0186139431812005,1637.5503774592387,1.0035521947856891,1637.5448219409711,1.00749861642713,1637.4781557161634,1.018990252986224
1637.5531552186064,0.9870063235657516,1637.5531552186064,1.003561173405077,1637.5462108204213,1.0026759258836946,1637.479544595613,0.9974589246022276
1637.5545440980566,0.9973114022560293,1637.5545440980566,1.0035055767287573,1637.5475997003375,1.002786336332602,1637.4809334755298,1.0266007428222237
1637.5559329775067,0.9998033032139018,1637.5559329775067,1.0034487606338576,1637.5489885797876,0.9925269423439734,1637.482322355447,0.9925031907587056
1637.5573218569582,0.9887620033250613,1637.5573218569582,1.003471341695123,1637.5503774592387,1.022232258318799,1637.4837112353632,1.0265169238220395
1637.5587107364097,1.0021020072158304,1637.5587107364097,1.003462269000862,1637.5531552186064,0.9905212242358766,1637.4851001148131,1.0167240419483976
1637.5600996163255,1.0159886434224137,1637.5600996163255,1.0034666520214195,1637.5545440980566,1.0008075538991024,1637.497600032664,1.0201388486694425
1637.5614884957756,1.0250430000557245,1637.5614884957756,1.0035297961044338,1637.5559329775067,1.0032513854876266,1637.4989889125802,1.0065878808224624
1637.5628773752262,0.9940675610620722,1637.5628773752262,1.003480945266553,1637.5573218569582,0.992194334093757,1637.501766671946,1.0321111966608023
1637.5642662546763,0.9878815303710392,1637.5642662546763,1.0034505093589854,1637.5587107364097,1.0055715539311154,1637.5031555513972,1.0196454008798586
1637.5656551341274,1.0127721579070195,1637.5656551341274,1.0034412476550079,1637.5600996163255,1.0195107225068731,1637.5087110705974,1.0063390055159616
1637.5670440135789,1.0136847531666298,1637.5670440135789,1.003491241909762,1637.5614884957756,1.0286611928441982,1637.5100999500476,1.0070805541038308
1637.5698217724796,0.9953728518230127,1637.5698217724796,1.0034896221609562,1637.5628773752262,0.997527855833385,1637.5156554687812,1.010358100757839
1637.5712106523954,0.9941487437256298,1637.5712106523954,1.0034580364768098,1637.5642662546763,0.9912902248371532,1637.5170443486977,0.9999791743346566
1637.573988411298,1.009175736649889,1637.573988411298,1.003450050134631,1637.5656551341274,1.0162573577204743,1637.5184332281483,1.008085779710759
1637.575377290748,1.0010380481039103,1637.575377290748,1.003418881800422,1637.5670440135789,1.0172237718601718,1637.5253776263332,1.0023383263583132
1637.5767661701989,1.005884094509434,1637.5767661701989,1.0033687539463645,1637.5698217724796,0.9988463269851484,1637.5267665062495,1.017827199816321
1637.5795439290994,1.0065240677462077,1637.5795439290994,1.0033342365447844,1637.5712106523954,0.9975865463448076,1637.5323220245175,1.006809304115556
1637.5809328085504,0.9958302866447857,1637.5809328085504,1.003321881230042,1637.573988411298,1.0126574435359843,1637.5364886633358,1.0076909526339175
1637.582321688002,0.9869464244643588,1637.582321688002,1.0032537705893232,1637.575377290748,1.0044604788681026,1637.5406553021523,1.0312003749996663
1637.5837105674525,0.9924240268423432,1637.5837105674525,1.0033782595197995,1637.5767661701989,1.009272670522398,1637.5420441820695,1.0099950285178227
1637.5850994469026,1.0059533337148503,1637.5850994469026,1.0034469193285465,1637.5795439290994,1.0098800570760922,1637.5448219409711,1.00749861642713
1637.5864883263528,0.985545897896709,1637.5864883263528,1.003395004914896,1637.5809328085504,0.9991383165822983,1637.5462108204213,1.0026759258836946
1637.5878772058038,0.9880269999282875,1637.5878772058038,1.0033714903162005,1637.582321688002,0.9901577217135186,1637.5475997003375,1.002786336332602
1637.5892660852544,1.0147707080415558,1637.5892660852544,1.0033480800460217,1637.5837105674525,0.9957766927587012,1637.5489885797876,0.9925269423439734
1637.5906549647054,1.00376712709654,1637.5906549647054,1.0033482309099713,1637.5850994469026,1.0094207737044478,1637.5503774592387,1.022232258318799
1637.592043844156,0.9875281313376257,1637.592043844156,1.003306702378383,1637.5864883263528,0.988891831063924,1637.5531552186064,0.9905212242358766
1637.593432723607,0.9978155938854013,1637.593432723607,1.00318290149254,1637.5878772058038,0.9913581233906904,1637.5545440980566,1.0008075538991024
1637.5948216025913,0.9999369146219044,1637.5948216025913,1.0031668256334696,1637.5892660852544,1.018168241600437,1637.5559329775067,1.0032513854876266
1637.596210482042,0.994566306963104,1637.596210482042,1.0032153310543626,1637.5906549647054,1.0071279712178978,1637.5573218569582,0.992194334093757
1637.5975993614936,0.9964952420995125,1637.5975993614936,1.0030950473311924,1637.592043844156,0.99079359295824,1637.5587107364097,1.0055715539311154
1637.5989882409438,0.9992237223393599,1637.5989882409438,1.0031059137860228,1637.593432723607,1.0009915426284588,1637.5600996163255,1.0195107225068731
1637.600377120394,1.0088702843576265,1637.600377120394,1.0031889205562732,1637.5948216025913,1.0031035404749815,1637.5614884957756,1.0286611928441982
1637.6017659998445,1.005379070863565,1637.6017659998445,1.0031902249341287,1637.596210482042,0.9977641668955052,1637.5628773752262,0.997527855833385
1637.6031548792955,0.9898403852294119,1637.6031548792955,1.0031104899332906,1637.5975993614936,0.9995794420391184,1637.5642662546763,0.9912902248371532
1637.604543758746,1.0037190701291945,1637.604543758746,1.0029988763264819,1637.5989882409438,1.0023272250738946,1637.5656551341274,1.0162573577204743
1637.6059326377317,0.9918745325549918,1637.6059326377317,1.002881363441454,1637.600377120394,1.0120874915460276,1637.5670440135789,1.0172237718601718
1637.607321517182,0.9888007373161393,1637.607321517182,1.0028932231480308,1637.6017659998445,1.008586456243685,1637.5698217724796,0.9988463269851484
1637.6087103966322,1.0201082356765956,1637.6087103966322,1.0029179100512648,1637.6031548792955,0.9929192737832324,1637.5712106523954,0.9975865463448076
1637.6114881555338,0.9937600351543544,1637.6114881555338,1.0029035154870218,1637.604543758746,1.0067290994870433,1637.573988411298,1.0126574435359843
1637.6128770345197,1.0073965984834798,1637.6128770345197,1.0028512581613447,1637.6059326377317,0.994732483571605,1637.575377290748,1.0044604788681026
1637.6142659139698,0.9944156589666613,1637.6142659139698,1.0027673321602302,1637.607321517182,0.9916615584981322,1637.5767661701989,1.009272670522398
1637.61565479342,0.9986977799901622,1637.61565479342,1.002747329538857,1637.6087103966322,1.0230848197508544,1637.5795439290994,1.0098800570760922
1637.6170436728703,1.0004206873998318,1637.6170436728703,1.0027174233237677,1637.6114881555338,0.9966454328068084,1637.5809328085504,0.9991383165822983
1637.618432551856,0.9940780475722486,1637.618432551856,1.0026142774723357,1637.6128770345197,1.0102689462566168,1637.582321688002,0.9901577217135186
1637.6198214313065,0.9923366468787778,1637.6198214313065,1.002524994672259,1637.6142659139698,0.9971675374003562,1637.5837105674525,0.9957766927587012
1637.6212103107575,1.0094539119994657,1637.6212103107575,1.0025471084676933,1637.61565479342,1.00144153190152,1637.5850994469026,1.0094207737044478
1637.622599190208,0.9919971258153208,1637.622599190208,1.002431415863428,1637.6170436728703,1.0031392539093518,1637.5864883263528,0.988891831063924
1637.6267658280942,0.9974923017994036,1637.6267658280942,1.002212479073465,1637.618432551856,0.9966768434177602,1637.5878772058038,0.9913581233906904
1637.6295435865302,0.9774586716245098,1637.6295435865302,1.002202300558465,1637.6198214313065,0.994842291625234,1637.5892660852544,1.018168241600437
1637.6309324659803,1.0024960451521483,1637.6309324659803,1.0021754357480304,1637.6212103107575,1.0120251006064658,1637.5906549647054,1.0071279712178978
1637.6323213449652,1.016036866298061,1637.6323213449652,1.0021303430165693,1637.622599190208,0.9944090833635032,1637.592043844156,0.99079359295824
1637.6337102244154,0.9969992226809195,1637.6337102244154,1.0021087617703488,1637.6267658280942,0.9996992326430773,1637.593432723607,1.0009915426284588
1637.6350991038664,1.0064417242471606,1637.6350991038664,1.0020795302421872,1637.6295435865302,0.979611329402905,1637.5948216025913,1.0031035404749815
1637.6364879828525,1.0205200895535438,1637.6364879828525,1.0020341034162867,1637.6309324659803,1.0046769108860314,1637.596210482042,0.9977641668955052
1637.6378768623028,0.9884231067510659,1637.6378768623028,1.0019520454283637,1637.6323213449652,1.018201373340756,1637.5975993614936,0.9995794420391184
1637.639265741287,0.9867608791634966,1637.639265741287,1.0018878798712216,1637.6337102244154,0.9991016565267764,1637.5989882409438,1.0023272250738946
1637.6406546207377,1.0217138263540564,1637.6406546207377,1.0017649316186819,1637.6350991038664,1.0085346502497317,1637.600377120394,1.0120874915460276
1637.6420434997233,1.0026263782630969,1637.6420434997233,1.0017108493411464,1637.6364879828525,1.022595932954094,1637.6017659998445,1.008586456243685
1637.6434323791748,1.0004726176487428,1637.6434323791748,1.0017205788362042,1637.6378768623028,0.9903525535578884,1637.6031548792955,0.9929192737832324
1637.644821258625,0.9837538830739547,1637.644821258625,1.0016556349623167,1637.639265741287,0.9886237651649784,1637.604543758746,1.0067290994870433
1637.6462101376094,1.0257150218791715,1637.6462101376094,1.001561807027344,1637.6406546207377,1.0235170813914332,1637.6059326377317,0.994732483571605
1637.64759901706,0.9881811612131252,1637.64759901706,1.0014268281647585,1637.6420434997233,1.0043417209417642,1637.607321517182,0.9916615584981322
1637.6489878960444,0.9858021707760096,1637.6489878960444,1.0013322842689978,1637.6434323791748,1.0021940096608712,1637.6087103966322,1.0230848197508544
1637.6503767754955,0.9938196577460278,1637.6503767754955,1.001227374844837,1637.644821258625,0.9853826203970868,1637.6114881555338,0.9966454328068084
1637.651765654481,0.9829388843373248,1637.651765654481,1.001126761076568,1637.6462101376094,1.0273169908083948,1637.6128770345197,1.0102689462566168
1637.653154533932,0.9922936294104554,1637.653154533932,1.0011503317267216,1637.64759901706,0.9895911259258278,1637.6142659139698,0.9971675374003562
1637.6559322919009,0.9950673167116507,1637.6559322919009,1.0009431969139515,1637.6489878960444,0.9871155395004784,1637.61565479342,1.00144153190152
1637.6573211713524,1.000270630753702,1637.6573211713524,1.000827484009372,1637.6503767754955,0.9950394469942498,1637.6170436728703,1.0031392539093518
1637.6587100503375,1.0013273218706171,1637.6587100503375,1.0007922300784322,1637.651765654481,0.9840464216128412,1637.618432551856,0.9966768434177602
1637.6600989297874,1.004243857894143,1637.6600989297874,1.0007911327042336,1637.653154533932,0.99343509625459,1637.6198214313065,0.994842291625234
1637.6614878087728,0.9989237087570203,1637.6614878087728,1.0006812507692233,1637.6559322919009,0.9960058611339472,1637.6212103107575,1.0120251006064658
1637.6628766882234,0.9911819082959562,1637.6628766882234,1.0006416731377614,1637.6573211713524,1.001098338705695,1637.622599190208,0.9944090833635032
1637.6642655672078,1.0113906672401998,1637.6642655672078,1.0005529218639562,1637.6587100503375,1.002120603493359,1637.6267658280942,0.9996992326430773
1637.6656544461932,0.9939190338773284,1637.6656544461932,1.0004627436507119,1637.6600989297874,1.0050383480531488,1637.6295435865302,0.979611329402905
1637.6670433256447,0.9948065906436502,1637.6670433256447,1.0003626194940578,1637.6614878087728,0.9996042263020064,1637.6309324659803,1.0046769108860314
1637.6698210836137,0.9928917580440249,1637.6698210836137,1.0002339067431647,1637.6628766882234,0.9918179231011448,1637.6323213449652,1.018201373340756
1637.6712099630645,1.0221596252702363,1637.6712099630645,1.0000993465398376,1637.6642655672078,1.011949887253118,1637.6337102244154,0.9991016565267764
1637.67259884205,0.9952251936210562,1637.67259884205,1.000074586098291,1637.6656544461932,0.9943789635995768,1637.6350991038664,1.0085346502497317
1637.6739877210357,1.003829301975858,1637.6739877210357,0.9999566601416972,1637.6670433256447,0.9951673269062348,1637.6364879828525,1.022595932954094
1637.6753766004854,1.0126466483916876,1637.6753766004854,0.9998164770641332,1637.6698210836137,0.993124002121464,1637.6378768623028,0.9903525535578884
1637.6767654794703,1.009547099326056,1637.6767654794703,0.9997111178888778,1637.6712099630645,1.0222611732921685,1637.639265741287,0.9886237651649784
1637.6781543584557,0.9801272406317196,1637.6781543584557,0.9996451042969879,1637.67259884205,0.9952994235851692,1637.6406546207377,1.0235170813914332
1637.6795432379056,1.0238419067782856,1637.6795432379056,0.9995419507950861,1637.6739877210357,1.00378579615615,1637.6420434997233,1.0043417209417642
1637.680932116891,1.0002078421637979,1637.680932116891,0.9994185354469598,1637.6753766004854,1.012460804505779,1637.6434323791748,1.0021940096608712
1637.6823209958768,1.0026112849229964,1637.6823209958768,0.9993579866493989,1637.6767654794703,1.0092554592287255,1637.644821258625,0.9853826203970868
1637.6837098748613,1.0004692773548578,1637.6837098748613,0.9992310906281906,1637.6781543584557,0.9797793976856144,1637.6462101376094,1.0273169908083948
1637.6850987543114,0.9954165076076045,1637.6850987543114,0.9992836052879819,1637.6795432379056,1.0233729368069282,1637.64759901706,0.9895911259258278
1637.6864876332963,0.9840117815618249,1637.6864876332963,0.9991426400771948,1637.680932116891,0.9996262567579068,1637.6489878960444,0.9871155395004784
1637.6878765122822,1.0110161874969685,1637.6878765122822,0.9990538068136743,1637.6823209958768,1.0019675950926126,1637.6503767754955,0.9950394469942498
1637.6892653912676,1.0000274535638272,1637.6892653912676,0.9989554737125799,1637.6837098748613,0.9997000071512924,1637.651765654481,0.9840464216128412
1637.690654270252,1.000203250783889,1637.690654270252,0.9988217967873673,1637.6850987543114,0.9947033964852988,1637.653154533932,0.99343509625459
1637.6920431497026,1.0075053815341328,1637.6920431497026,0.9986813048492015,1637.6864876332963,0.9831681292967456,1637.6559322919009,0.9960058611339472
1637.693432028687,0.9921780227545557,1637.693432028687,0.9985442016234615,1637.6878765122822,1.0100595708690938,1637.6573211713524,1.001098338705695
1637.6948209076716,1.032053062636186,1637.6948209076716,0.9984180877239899,1637.6892653912676,0.998982898600438,1637.6587100503375,1.002120603493359
1637.6962097866574,1.007304445242353,1637.6962097866574,0.9983104303861006,1637.690654270252,0.9990248081005296,1637.6600989297874,1.0050383480531488
1637.6975986656432,0.993144753173942,1637.6975986656432,0.9981730497827896,1637.6920431497026,1.0061767890731004,1637.6614878087728,0.9996042263020064
1637.6989875446277,1.0159185139350229,1637.6989875446277,0.9980847053086298,1637.693432028687,0.9907336115997925,1637.6628766882234,0.9918179231011448
1637.7003764236122,1.012193538430106,1637.7003764236122,0.9980420545580411,1637.6948209076716,1.030420445226908,1637.6642655672078,1.011949887253118
1637.701765302597,1.0107028826570081,1637.701765302597,0.9979725690999539,1637.6962097866574,1.0056025342597257,1637.6656544461932,0.9943789635995768
1637.703154181583,1.0203127569061794,1637.703154181583,0.9979090587597936,1637.6975986656432,0.9913303271514096,1637.6670433256447,0.9951673269062348
1637.704543061034,1.0114551312705946,1637.704543061034,0.9979262322676746,1637.6989875446277,1.0139727305984183,1637.6698210836137,0.993124002121464
1637.7059319400184,1.010238337194311,1637.7059319400184,0.9978858687167297,1637.7003764236122,1.0102117187051565,1637.6712099630645,1.0222611732921685
1637.7073208190034,1.010641156797842,1637.7073208190034,0.9978324811898217,1637.701765302597,1.0086537524019437,1637.67259884205,0.9952994235851692
1637.7087096979878,1.0248074760905121,1637.7087096979878,0.9977040234689624,1637.703154181583,1.0181793428848556,1637.6739877210357,1.00378579615615
1637.7100985769723,1.001785164862456,1637.7100985769723,0.997675881700041,1637.704543061034,1.0093576082566706,1637.6753766004854,1.012460804505779
1637.711487455958,0.9939968590499344,1637.711487455958,0.9976573485860954,1637.7059319400184,1.0081025607220897,1637.6767654794703,1.0092554592287255
1637.7142652139285,1.0137248881901546,1637.7142652139285,0.9975841619104227,1637.7073208190034,1.0084505730801423,1637.6781543584557,0.9797793976856144
1637.715654092913,1.0056788396682084,1637.715654092913,0.9974612345610254,1637.7087096979878,1.0224545421765765,1637.6795432379056,1.0233729368069282
1637.717042971898,1.0034482450161109,1637.717042971898,0.9974287589060056,1637.7100985769723,0.9994568976281718,1637.680932116891,0.9996262567579068
1637.7184318508832,0.9955618562567439,1637.7184318508832,0.9973748538367753,1637.711487455958,0.9916682709026644,1637.6823209958768,1.0019675950926126
1637.7198207298682,1.010409847845505,1637.7198207298682,0.9972580997284979,1637.7142652139285,1.0112758929929122,1637.6837098748613,0.9997000071512924
1637.7212096088535,0.9979186854613386,1637.7212096088535,0.9971408859271371,1637.715654092913,1.0031256569873506,1637.6850987543114,0.9947033964852988
1637.7225984878385,0.9924735856534556,1637.7225984878385,0.997084669112675,1637.717042971898,1.0008681376528288,1637.6864876332963,0.9831681292967456
1637.7239873663573,0.9984649859978467,1637.7239873663573,0.9970269432160775,1637.7184318508832,0.9929483608695386,1637.6878765122822,1.0100595708690938
1637.7253762453415,0.9982716801132042,1637.7253762453415,0.997011218447547,1637.7198207298682,1.007639404809369,1637.6892653912676,0.998982898600438
1637.7267651243276,1.0022748645988466,1637.7267651243276,0.9969113550549672,1637.7212096088535,0.9950655221041632,1637.690654270252,0.9990248081005296
1637.7281540033125,0.9742565135553479,1637.7281540033125,0.9969620916925611,1637.7225984878385,0.9895801967543458,1637.6920431497026,1.0061767890731004
1637.729542882297,1.0144012649387948,1637.729542882297,0.9969033887824948,1637.7239873663573,0.9954964928977168,1637.693432028687,0.9907336115997925
1637.7309317612824,1.005313079058903,1637.7309317612824,0.9968398905664844,1637.7253762453415,0.9952880641313456,1637.6948209076716,1.030420445226908
1637.7323206402673,1.0302712272872636,1637.7323206402673,0.9967693846871107,1637.7267651243276,0.99917919340477,1637.6962097866574,1.0056025342597257
1637.7337095192518,0.9918129561089255,1637.7337095192518,0.9967989735421625,1637.7281540033125,0.9712968115992416,1637.6975986656432,0.9913303271514096
1637.7378761557422,0.9991257040565454,1637.7378761557422,0.996684664116495,1637.729542882297,1.0112600586027338,1637.6989875446277,1.0139727305984183
1637.7392650347267,0.9897671098250167,1637.7392650347267,0.9967306513698121,1637.7309317612824,1.0021361797141324,1637.7003764236122,1.0102117187051565
1637.7406539137112,1.0046612903657013,1637.7406539137112,0.9967423296422928,1637.7323206402673,1.02694281728396,1637.701765302597,1.0086537524019437
1637.7420427922314,0.993781009524583,1637.7420427922314,0.9967845883351093,1637.7337095192518,0.9886381365951948,1637.703154181583,1.0181793428848556
1637.7434316712165,1.009013236917219,1637.7434316712165,0.9968554995486119,1637.7378761557422,0.9958132667577546,1637.704543061034,1.0093576082566706
1637.7448205502008,0.9975500985238949,1637.7448205502008,0.9968740454666304,1637.7392650347267,0.9865312160803053,1637.7059319400184,1.0081025607220897
1637.746209429186,1.0064442458304683,1637.746209429186,0.9968349369577504,1637.7406539137112,1.001388435060541,1637.7073208190034,1.0084505730801423
1637.7475983077054,0.9947164553910923,1637.7475983077054,0.9967644143998304,1637.7420427922314,0.9905855944742108,1637.7087096979878,1.0224545421765765
1637.74898718669,0.9813021928314773,1637.74898718669,0.9966663781107137,1637.7434316712165,1.005840394338276,1637.7100985769723,0.9994568976281718
1637.7503760656753,1.0148405307683126,1637.7503760656753,0.9965470179517192,1637.7448205502008,0.9944318022711508,1637.711487455958,0.9916682709026644
1637.7517649441954,0.9951673556546341,1637.7517649441954,0.9965131516363084,1637.746209429186,1.0032587863439055,1637.7142652139285,1.0112758929929122
1637.75315382318,0.9904093901096062,1637.75315382318,0.99648865685213,1637.7475983077054,0.9914979651517772,1637.715654092913,1.0031256569873506
1637.7545427021644,0.9861085143450408,1637.7545427021644,0.9963635902486301,1637.74898718669,0.9780309023614496,1637.717042971898,1.0008681376528288
1637.7559315806836,0.9744624975594566,1637.7559315806836,0.9963304579731076,1637.7503760656753,1.0113363046337018,1637.7184318508832,0.9929483608695386
1637.7573204596697,1.0032587437781586,1637.7573204596697,0.9963100041044781,1637.7517649441954,0.9916973579889704,1637.7198207298682,1.007639404809369
1637.7587093386544,0.9983163277234621,1637.7587093386544,0.9962817574648791,1637.75315382318,0.9869317228840586,1637.7212096088535,0.9950655221041632
1637.7614870961586,0.9962357913439742,1637.7614870961586,0.996161385988305,1637.7545427021644,0.9825226197275676,1637.7225984878385,0.9895801967543458
1637.762875975143,1.0086280854886798,1637.762875975143,0.9962108612820854,1637.7559315806836,0.9708866664710316,1637.7239873663573,0.9954964928977168
1637.7656537326477,0.9804173437268275,1637.7656537326477,0.9961973869725447,1637.7573204596697,0.9995567231314708,1637.7253762453415,0.9952880641313456
1637.767042611168,0.9824765405345015,1637.767042611168,0.9960875082633747,1637.7587093386544,0.994604345490215,1637.7267651243276,0.99917919340477
1637.7684314901524,1.0036676282781611,1637.7684314901524,0.9960663408908347,1637.7614870961586,0.9924116266763692,1637.7281540033125,0.9712968115992416
1637.7698203686712,1.0041592023356956,1637.7698203686712,0.9959554659044882,1637.762875975143,1.0048062537579785,1637.729542882297,1.0112600586027338
1637.771209247656,1.007940766058675,1637.771209247656,0.9959499940197344,1637.7656537326477,0.9766891959632288,1637.7309317612824,1.0021361797141324
1637.7725981261765,0.985948920196017,1637.7725981261765,0.9959071692129446,1637.767042611168,0.978632609188232,1637.7323206402673,1.02694281728396
1637.7739870051614,0.9837711673345286,1637.7739870051614,0.995857178188968,1637.7684314901524,0.9997195419696104,1637.7337095192518,0.9886381365951948
1637.77537588368,1.0148570002940236,1637.77537588368,0.9958919028511246,1637.7698203686712,1.000097846204527,1637.7378761557422,0.9958132667577546
1637.7767647626654,1.0117638346605518,1637.7767647626654,0.9959019209304534,1637.771209247656,1.0038585999283838,1637.7392650347267,0.9865312160803053
1637.779542520169,1.0165399031933395,1637.779542520169,0.99578968373866,1637.7725981261765,0.9819135981009748,1637.7406539137112,1.001388435060541
1637.7809313986888,1.018069636479157,1637.7809313986888,0.9957609369058114,1637.7739870051614,0.9796955786854308,1637.7420427922314,0.9905855944742108
1637.782320277675,1.0201929747631122,1637.782320277675,0.9957317350914289,1637.77537588368,1.0106878691445995,1637.7434316712165,1.005840394338276
1637.7837091561937,1.0255285000182923,1637.7837091561937,0.9956661436939502,1637.7767647626654,1.0076175464664052,1637.7448205502008,0.9944318022711508
1637.785098035178,1.0236068785257926,1637.785098035178,0.9956661436939502,1637.779542520169,1.0122599487086237,1637.746209429186,1.0032587863439055
1637.7864869136972,0.997133904733142,1637.7864869136972,0.9956622680788498,1637.7809313986888,1.0137539750558442,1637.7475983077054,0.9914979651517772
1637.787875792217,1.0098974441533346,1637.787875792217,0.9956028311817977,1637.782320277675,1.01583852088896,1637.74898718669,0.9780309023614496
1637.789264671202,0.9932237482944574,1637.789264671202,0.9956028311817977,1637.7837091561937,1.0210840068614544,1637.7503760656753,1.0113363046337018
1637.7906535497211,1.0220409616146653,1637.7906535497211,0.995623919425264,1637.785098035178,1.0191707134003776,1637.7517649441954,0.9916973579889704
1637.7920424282408,1.0081502694823212,1637.7920424282408,0.9955752920479226,1637.7864869136972,0.99280860516492,1637.75315382318,0.9869317228840586
1637.793431307225,0.9826826260817009,1637.793431307225,0.9955350625905076,1637.787875792217,1.0054567546023214,1637.7545427021644,0.9825226197275676
1637.794820185744,1.0066973401182073,1637.794820185744,0.9955918534845286,1637.789264671202,0.988856375798959,1637.7559315806836,0.9708866664710316
1637.7962090642643,1.0014606955905538,1637.7962090642643,0.9955422729329708,1637.7906535497211,1.0175684280159587,1637.7573204596697,0.9995567231314708
1637.7975979432492,1.003921132487105,1637.7975979432492,0.995446822675358,1637.7920424282408,1.0036894989680538,1637.7587093386544,0.994604345490215
1637.798986821768,0.9886323842165055,1637.798986821768,0.9953686183727931,1637.793431307225,0.9782950096628504,1637.7614870961586,0.9924116266763692
1637.8003757002878,1.008219621287011,1637.8003757002878,0.9953883374228453,1637.794820185744,1.002259670746231,1637.762875975143,1.0048062537579785
1637.801764579273,1.0181464122505708,1637.801764579273,0.9953371085670369,1637.7962090642643,0.996996457141254,1637.7656537326477,0.9766891959632288
1637.8031534577924,0.9988891134901167,1637.8031534577924,0.9952940933603054,1637.7975979432492,0.9993501015509356,1637.767042611168,0.978632609188232
1637.8045423363117,0.9760809941227439,1637.8045423363117,0.9953785933676119,1637.798986821768,0.9840536503561834,1637.7684314901524,0.9997195419696104
1637.8059312148312,0.9927165720147565,1637.8059312148312,0.9953761089858807,1637.8003757002878,1.0035700525899685,1637.7698203686712,1.000097846204527
1637.8073200933509,1.0110075836305614,1637.8073200933509,0.9954020849766736,1637.801764579273,1.0133989060673856,1637.771209247656,1.0038585999283838
1637.811486729374,1.0105222228556274,1637.811486729374,0.9953740752372581,1637.8031534577924,0.9941884345786248,1637.7725981261765,0.9819135981009748
1637.8142644864122,0.9946637725542031,1637.8142644864122,0.9953623193066097,1637.8045423363117,0.971570126942757,1637.7739870051614,0.9796955786854308
1637.8156533653976,1.0065278326943647,1637.8156533653976,0.9953849509321663,1637.8059312148312,0.9881263587778502,1637.77537588368,1.0106878691445995
1637.8184311224366,1.007827474476288,1637.8184311224366,0.9952643402370556,1637.8073200933509,1.0063590566730896,1637.7767647626654,1.0076175464664052
1637.8198200009558,0.9999770513082602,1637.8198200009558,0.9952824198697656,1637.811486729374,1.0058476230816185,1637.7781536411842,1.053072831224247
1637.8212088794755,0.9827864916259359,1637.8212088794755,0.9952639164149178,1637.8142644864122,0.9900508395798138,1637.779542520169,1.0122599487086237
1637.822597757994,1.0022679372895358,1637.822597757994,0.9952519265665397,1637.8156533653976,1.00188265735834,1637.7809313986888,1.0137539750558442
1637.8239866365127,0.9784657283253393,1637.8239866365127,0.9952519265665397,1637.8184311224366,1.0030547464574209,1637.782320277675,1.01583852088896
1637.8253755150324,1.0005064315446317,1637.8253755150324,0.9952070274412057,1637.8198200009558,0.995259579440318,1637.7837091561937,1.0210840068614544
1637.8267643935526,0.98913110829785,1637.8267643935526,0.9952063184487121,1637.8212088794755,0.9781319326553058,1637.785098035178,1.0191707134003776
1637.828153272072,1.0020589403939628,1637.828153272072,0.995086957830548,1637.822597757994,0.9975090955232824,1637.7864869136972,0.99280860516492
1637.829542150591,0.9895230823582406,1637.829542150591,0.9950326430076148,1637.8239866365127,0.9738199011951264,1637.787875792217,1.0054567546023214
1637.8309310291104,0.9917805921323302,1637.8309310291104,0.9950186226976008,1637.8253755150324,0.9957110316733412,1637.789264671202,0.988856375798959
1637.8323199076292,0.9955119049194283,1637.8323199076292,0.9950598652376895,1637.8267643935526,0.9843895287521977,1637.7906535497211,1.0175684280159587
1637.8337087861485,1.0261328025498626,1637.8337087861485,0.9951098908408371,1637.828153272072,0.997135782563531,1637.7920424282408,1.0036894989680538
1637.8350976646686,1.0120022522897756,1637.8350976646686,0.9951069951848439,1637.829542150591,0.9846077679559618,1637.793431307225,0.9782950096628504
1637.8364865431884,0.9853965379051154,1637.8364865431884,0.9950895306843072,1637.8309310291104,0.9868401588017222,1637.794820185744,1.002259670746231
1637.837875421707,0.9895681877774473,1637.837875421707,0.9951401706223929,1637.8323199076292,0.990593941951642,1637.7962090642643,0.996996457141254
1637.8392643002255,0.9747020089267978,1637.8392643002255,0.9951252129624398,1637.8337087861485,1.021114901133596,1637.7975979432492,0.9993501015509356
1637.8406531787452,0.994394514019984,1637.8406531787452,0.9951056671178408,1637.8350976646686,1.0070505203963729,1637.798986821768,0.9840536503561834
1637.8420420572654,0.9907333292222341,1637.8420420572654,0.9950439744355911,1637.8364865431884,0.9805577784419424,1637.8003757002878,1.0035700525899685
1637.843430935785,0.9901099769835106,1637.843430935785,0.9950091755516277,1637.837875421707,0.984759055227341,1637.801764579273,1.0133989060673856
1637.8448198143035,0.9975834739976998,1637.8448198143035,0.995029647791321,1637.8392643002255,0.9699505442081976,1637.8031534577924,0.9941884345786248
1637.847597571342,0.9916405226587188,1637.847597571342,0.9949753652224429,1637.8406531787452,0.9895276162521772,1637.8045423363117,0.971570126942757
1637.8489864493956,1.0116261971811231,1637.8489864493956,0.9949981499067664,1637.8420420572654,0.9858232295150968,1637.8059312148312,0.9881263587778502
1637.8503753279158,1.0131108770973982,1637.8503753279158,0.9949344344865321,1637.843430935785,0.985168511903804,1637.8073200933509,1.0063590566730896
1637.8517642064355,1.006472819919475,1637.8517642064355,0.9948430595752185,1637.8448198143035,0.9926251327743736,1637.811486729374,1.0058476230816185
1637.8531530849543,0.9834108739203894,1637.8531530849543,0.9948407153890668,1637.847597571342,0.986657891201733,1637.8142644864122,0.9900508395798138
1637.854541963473,0.984336272703817,1637.854541963473,0.9948501652179971,1637.8489864493956,1.0065661945924351,1637.8156533653976,1.00188265735834
1637.8559308419924,0.9899375645806501,1637.8559308419924,0.994792497852025,1637.8503753279158,1.0079788975770545,1637.8184311224366,1.0030547464574209
1637.857319720046,0.9991661427989752,1637.857319720046,0.994825899281124,1637.8517642064355,1.0012824995479883,1637.8198200009558,0.995259579440318
1637.8587085985655,1.0105703428661614,1637.8587085985655,0.9948385627007453,1637.8531530849543,0.9783371773323476,1637.8212088794755,0.9781319326553058
1637.860097477085,0.9826391146745901,1637.860097477085,0.9947872748782662,1637.854541963473,0.9792671035294598,1637.822597757994,0.9975090955232824
1637.8614863556047,0.9643894523296831,1637.8614863556047,0.9947663663501018,1637.8559308419924,0.9847824625867352,1637.8239866365127,0.9738199011951264
1637.862875233658,0.9713244337258947,1637.862875233658,0.9947569179106026,1637.857319720046,0.9939963565412424,1637.8253755150324,0.9957110316733412
1637.8642641121771,1.0041374971353791,1637.8642641121771,0.9946961796908238,1637.8587085985655,1.0053543474049715,1637.8267643935526,0.9843895287521977
1637.8656529906973,1.003275945619384,1637.8656529906973,0.9946631019445598,1637.860097477085,0.9775168870759277,1637.828153272072,0.997135782563531
1637.8670418687514,1.003758675660806,1637.8670418687514,0.994628420763239,1637.8614863556047,0.9593421912403636,1637.829542150591,0.9846077679559618
1637.8684307472702,0.9954940575584325,1637.8684307472702,0.9946389049741975,1637.862875233658,0.9662316999844324,1637.8309310291104,0.9868401588017222
1637.869819625789,1.0042411131012678,1637.869819625789,0.9946890962891299,1637.8642641121771,0.9988117322848672,1637.8323199076292,0.990593941951642
1637.8712085038426,0.9994936932612836,1637.8712085038426,0.9947431973049194,1637.8656529906973,0.997921564176138,1637.8337087861485,1.021114901133596
1637.8725973823618,0.9996668590905096,1637.8725973823618,0.9947009590266865,1637.8670418687514,0.9983669063999075,1637.8350976646686,1.0070505203963729
1637.8753751389352,0.9948613931552829,1637.8753751389352,0.9948241314113034,1637.8684307472702,0.99015711931824,1637.8364865431884,0.9805577784419424
1637.876764017455,0.9919019265000908,1637.876764017455,0.9948418150836432,1637.869819625789,0.99890768524709,1637.837875421707,0.984759055227341
1637.8781528959737,0.9955689004922803,1637.8781528959737,0.9948130776859279,1637.8712085038426,0.9942395521208316,1637.8392643002255,0.9699505442081976
1637.8795417740273,1.005109814537209,1637.8795417740273,0.9948130776859279,1637.8725973823618,0.9943695834445254,1637.8406531787452,0.9895276162521772
1637.8809306525477,1.0138507174283002,1637.8809306525477,0.9949362509225517,1637.8753751389352,0.9897121213203436,1637.8420420572654,0.9858232295150968
1637.8823195306006,0.988489023192339,1637.8823195306006,0.9949184539830569,1637.876764017455,0.9867855129443128,1637.843430935785,0.985168511903804
1637.8837084091194,0.9962292846595552,1637.8837084091194,0.9948853758392704,1637.8781528959737,0.9904049619471206,1637.8448198143035,0.9926251327743736
1637.8850972871735,0.996936694377756,1637.8850972871735,0.9949196233827966,1637.8795417740273,0.999896388012093,1637.847597571342,0.986657891201733
1637.8864861656928,1.0008704277995133,1637.8864861656928,0.9949220444067246,1637.8809306525477,1.0087168317932524,1637.8489864493956,1.0065661945924351
1637.8878750437466,0.9909014432851201,1637.8878750437466,0.9949404662393118,1637.8823195306006,0.983465970733744,1637.8503753279158,1.0079788975770545
1637.889263922266,0.9591441078839372,1637.889263922266,0.9950312578100119,1637.8837084091194,0.991133946290609,1637.8517642064355,1.0012824995479883
1637.8906528003197,0.9823722000410883,1637.8906528003197,0.9951314977096628,1637.8850972871735,0.9918718805068072,1637.8531530849543,0.9783371773323476
1637.8920416788385,0.9905201393458163,1637.8920416788385,0.9951415449115062,1637.8864861656928,0.9957880522125248,1637.854541963473,0.9792671035294598
1637.8934305568916,0.9790481873598312,1637.8934305568916,0.9951593524034933,1637.8878750437466,0.9858879439793043,1637.8559308419924,0.9847824625867352
1637.8948194354114,0.9905116830083723,1637.8948194354114,0.9951247584567171,1637.889263922266,0.9543783680888158,1637.857319720046,0.9939963565412424
1637.896208313466,1.0002759404190817,1637.896208313466,0.995234689834105,1637.8906528003197,0.9775895187352246,1637.8587085985655,1.0053543474049715
1637.8975971915197,0.9894100736957523,1637.8975971915197,0.9952673666255076,1637.8920416788385,0.985707741734556,1637.860097477085,0.9775168870759277
1637.8989860700383,0.9805996516037714,1637.8989860700383,0.9952745646507819,1637.8934305568916,0.9743089601048236,1637.8614863556047,0.9593421912403636
1637.9003749480923,0.9832596361132634,1637.9003749480923,0.9953553738138794,1637.8948194354114,0.9856826993022628,1637.862875233658,0.9662316999844324
1637.9017638266116,0.9812749774070045,1637.9017638266116,0.9953723144024038,1637.896208313466,0.9955093153115024,1637.8642641121771,0.9988117322848672
1637.9031527046657,0.9713638808267079,1637.9031527046657,0.9954887012472516,1637.8975971915197,0.9847275585599208,1637.8656529906973,0.997921564176138
1637.9045415827193,0.9843062005892179,1637.9045415827193,0.9955522730521075,1637.8989860700383,0.975965891346652,1637.8670418687514,0.9983669063999075
1637.9059304612383,0.9938720047917307,1637.9059304612383,0.9955633650929139,1637.9003749480923,0.9786927626596164,1637.8684307472702,0.99015711931824
1637.9073193392917,0.9909202106991161,1637.9073193392917,0.9956078718954071,1637.9017638266116,0.9767339453267766,1637.869819625789,0.99890768524709
1637.9087082173448,0.9946377064085503,1637.9087082173448,0.995570702958963,1637.9031527046657,0.9669817681626696,1637.8712085038426,0.9942395521208316
1637.911485973919,0.9874292449005643,1637.911485973919,0.9955437121840545,1637.9045415827193,0.9799282753758796,1637.8725973823618,0.9943695834445254
1637.912874851973,0.968511112685791,1637.912874851973,0.9955886985743612,1637.9059304612383,0.989462557562096,1637.8753751389352,0.9897121213203436
1637.9142637300258,1.0008903565949712,1637.9142637300258,0.9955868925144684,1637.9073193392917,0.9865679621922954,1637.876764017455,0.9867855129443128
1637.9156526085455,0.9826897601374855,1637.9156526085455,0.9955393072614632,1637.9087082173448,0.990232160558651,1637.8781528959737,0.9904049619471206
1637.9170414865987,0.9881359909995173,1637.9170414865987,0.9955730624764236,1637.911485973919,0.9830289759874056,1637.8795417740273,0.999896388012093
1637.9184303646523,0.9776615559081303,1637.9184303646523,0.9956389042730772,1637.912874851973,0.9642387182336531,1637.8809306525477,1.0087168317932524
1637.9198192427068,0.9768176524429726,1637.9198192427068,0.9956900566783138,1637.9142637300258,0.9964733198700856,1637.8823195306006,0.983465970733744
1637.9212081207604,0.9784154066340461,1637.9212081207604,0.9957272329113628,1637.9156526085455,0.9783062830602058,1637.8837084091194,0.991133946290609
1637.9225969992792,0.9957596344405135,1637.9225969992792,0.9957385043833116,1637.9170414865987,0.9837615747025652,1637.8850972871735,0.9918718805068072
1637.9239858773324,0.9965439586895347,1637.9239858773324,0.9957440116262527,1637.9184303646523,0.9733978802742826,1637.8864861656928,0.9957880522125248
1637.9253747553864,0.9769025192017958,1637.9253747553864,0.995747410635162,1637.9198192427068,0.9726076237253208,1637.8878750437466,0.9858879439793043
1637.92676363344,0.9984636361087633,1637.92676363344,0.9956832274101732,1637.9212081207604,0.9742348654855646,1637.889263922266,0.9543783680888158
1637.928152511494,0.9731696282322629,1637.928152511494,0.9956808024718682,1637.9225969992792,0.99151620912307,1637.8906528003197,0.9775895187352246
1637.9295413895477,0.9916001141545753,1637.9295413895477,0.9958025346465756,1637.9239858773324,0.992302679187424,1637.8920416788385,0.985707741734556
1637.9309302676018,0.9751806924933328,1637.9309302676018,0.9957542071349976,1637.9253747553864,0.9727481539381548,1637.8934305568916,0.9743089601048236
1637.9323191461206,1.0062051907977865,1637.9323191461206,0.9957888793279424,1637.92676363344,0.9941534956524702,1637.8948194354114,0.9856826993022628
1637.9337080241742,0.9868529826981872,1637.9337080241742,0.9958224550887774,1637.928152511494,0.9689663163795492,1637.896208313466,0.9955093153115024
1637.935096902229,1.0118820444364767,1637.935096902229,0.9958025871693725,1637.9295413895477,0.9874379070309598,1637.8975971915197,0.9847275585599208
1637.9364857802825,0.98995873273296,1637.9364857802825,0.9958454123079152,1637.9309302676018,0.9710402772670566,1637.8989860700383,0.975965891346652
1637.9378746583354,0.9957227134661528,1637.9378746583354,0.995966341281408,1637.9323191461206,1.0019679393184862,1637.9003749480923,0.9786927626596164
1637.9392635363886,0.9950336421976385,1637.9392635363886,0.9959067438475295,1637.9337080241742,0.9827303600421916,1637.9017638266116,0.9767339453267766
1637.9406524144426,0.98052765007094,1637.9406524144426,0.9959280421120955,1637.935096902229,1.0076347577600775,1637.9031527046657,0.9669817681626696
1637.9420412924962,0.9830812855911436,1637.9420412924962,0.9959679486139537,1637.9364857802825,0.9858458623662758,1637.9045415827193,0.9799282753758796
1637.9434301705503,0.9916048145917268,1637.9434301705503,0.9959860510736526,1637.9378746583354,0.99170630786168,1637.9059304612383,0.989462557562096
1637.944819048604,0.9916420795993832,1637.944819048604,0.9960375741516889,1637.9392635363886,0.9909607146197978,1637.9073193392917,0.9865679621922954
1637.946207926658,0.9865585469416458,1637.946207926658,0.996075343326167,1637.9406524144426,0.9765349827719252,1637.9087082173448,0.990232160558651
1637.947596804711,0.9815802045052437,1637.947596804711,0.9960949534649778,1637.9420412924962,0.9791174513309796,1637.911485973919,0.9830289759874056
1637.948985682299,0.9868949576038579,1637.948985682299,0.9961807808819924,1637.9434301705503,0.9876245635108354,1637.912874851973,0.9642387182336531
1637.9503745603536,1.0049121106913768,1637.9503745603536,0.9961175215803442,1637.944819048604,0.9877127713909056,1637.9142637300258,0.9964733198700856
1637.95315231646,0.9940812213770583,1637.95315231646,0.9960473396313866,1637.946207926658,0.9826866433562642,1637.9156526085455,0.9783062830602058
1637.9545411945137,0.9708112687532274,1637.9545411945137,0.9960488893812756,1637.947596804711,0.9777470881287942,1637.9170414865987,0.9837615747025652
1637.9587078286752,0.9890925671768597,1637.9587078286752,0.9960536396756862,1637.948985682299,0.983125789514312,1637.9184303646523,0.9733978802742826
1637.9600967062631,1.0054374857166313,1637.9600967062631,0.9960366122769726,1637.9503745603536,1.0010105611079667,1637.9198192427068,0.9726076237253208
1637.9614855843165,1.0037714819335821,1637.9614855843165,0.996081338952307,1637.95315231646,0.9901519559301384,1637.9212081207604,0.9742348654855646
1637.964263340424,1.0050442813859752,1637.964263340424,0.9962162554985626,1637.9545411945137,0.9669754860404792,1637.9225969992792,0.99151620912307
1637.9656522180128,0.99230077315416,1637.9656522180128,0.9961179785338146,1637.9587078286752,0.9851892515126792,1637.9239858773324,0.992302679187424
1637.967041096066,1.006078781278995,1637.967041096066,0.9961161187389287,1637.9600967062631,1.0014525471294704,1637.9253747553864,0.9727481539381548
1637.968429974119,0.9979400493195003,1637.968429974119,0.9961478532668836,1637.9614855843165,0.999838041726544,1637.92676363344,0.9941534956524702
1637.9698188521727,0.9713897825474261,1637.9698188521727,0.9962055246771582,1637.964263340424,1.00124145061258,1637.928152511494,0.9689663163795492
1637.9712077297602,0.9933743431284492,1637.9712077297602,0.9961530853892009,1637.9656522180128,0.9884486402518632,1637.9295413895477,0.9874379070309598
1637.9725966078142,0.998969949164179,1637.9725966078142,0.9962261919859338,1637.967041096066,1.002171290753224,1637.9309302676018,0.9710402772670566
1637.9739854858688,0.9954110394806949,1637.9739854858688,0.996327035195131,1637.968429974119,0.9940958378186682,1637.9323191461206,1.0019679393184862
1637.9753743634567,1.010635686325288,1637.9753743634567,0.99639832241379,1637.9698188521727,0.9677038679886892,1637.9337080241742,0.9827303600421916
1637.9767632415098,0.9872164276558906,1637.9767632415098,0.9964360777146605,1637.9712077297602,0.9895529168538754,1637.935096902229,1.0076347577600775
1637.978152119563,1.0173728029222107,1637.978152119563,0.9964902518621529,1637.9725966078142,0.995200028364212,1637.9364857802825,0.9858458623662758
1637.9795409971518,1.0034145831691277,1637.9795409971518,0.9966182201471248,1637.9739854858688,0.9917549297663042,1637.9378746583354,0.99170630786168
1637.9809298752064,0.9867837831309771,1637.9809298752064,0.9966082747398627,1637.9753743634567,1.0069957024260263,1637.9392635363886,0.9909607146197978
1637.9823187527938,0.9978817090671966,1637.9823187527938,0.9966445319791366,1637.9767632415098,0.9836980650289144,1637.9406524144426,0.9765349827719252
1637.983707630847,1.0013299985604367,1637.983707630847,0.9966560804388199,1637.978152119563,1.013802080621658,1637.9420412924962,0.9791174513309796
1637.9850965089008,1.010352506682282,1637.9850965089008,0.9967398537083854,1637.9795409971518,1.000021255947685,1637.9434301705503,0.9876245635108354
1637.986485386488,0.9936832043400228,1637.986485386488,0.9967598083772032,1637.9809298752064,0.983436883647438,1637.944819048604,0.9877127713909056
1637.987874264542,0.9988979400482388,1637.987874264542,0.9967621923093164,1637.9823187527938,0.9945333489038172,1637.946207926658,0.9826866433562642
1637.989263142131,1.0088445864837319,1637.989263142131,0.9968186151544386,1637.983707630847,0.997981631591054,1637.947596804711,0.9777470881287942
1637.9906520201846,1.0018832004784037,1637.9906520201846,0.996922365759635,1637.9850965089008,1.0070586097043983,1637.948985682299,0.983125789514312
1637.992040897772,1.0080466160613295,1637.992040897772,0.996866946049703,1637.986485386488,0.9904634803456064,1637.9503745603536,1.0010105611079667
1637.9934297758252,1.0186904064431463,1637.9934297758252,0.9968577984345252,1637.987874264542,0.9956637006157426,1637.95315231646,0.9901519559301384
1637.994818653414,1.0034041171897068,1637.994818653414,0.9968203848039799,1637.989263142131,1.005635063604766,1637.9545411945137,0.9669754860404792
1637.996207531468,0.9924607207357121,1637.996207531468,0.9968719740265981,1637.9906520201846,0.998799770435765,1637.9587078286752,0.9851892515126792
1637.9975964090556,0.9806574305465693,1637.9975964090556,0.9969076432723729,1637.992040897772,1.004888351628795,1637.9600967062631,1.0014525471294704
1637.9989852866436,0.9939324043844802,1637.9989852866436,0.996933890574585,1637.9934297758252,1.0154894758532864,1637.9614855843165,0.999838041726544
1638.0003741646976,0.9808978721162016,1638.0003741646976,0.9969902557658437,1637.994818653414,1.0002136782109412,1637.964263340424,1.00124145061258
1638.001763042285,0.9930768918696279,1638.001763042285,0.9969833550277151,1637.996207531468,0.9893562778236696,1637.9656522180128,0.9884486402518632
1638.0031519203387,0.9994581022786457,1638.0031519203387,0.9970467489717564,1637.9975964090556,0.9776248879437212,1637.967041096066,1.002171290753224
1638.0045407979276,0.9866019781652322,1638.0045407979276,0.9970931119174562,1637.9989852866436,0.9908848988711716,1637.968429974119,0.9940958378186682
1638.005929675515,0.9926883667166628,1638.005929675515,0.9972224599614689,1638.0003741646976,0.9779456204013036,1637.9698188521727,0.9677038679886892
1638.0073185535682,0.9950492617357828,1638.0073185535682,0.9972975239207728,1638.001763042285,0.990081131456677,1637.9712077297602,0.9895529168538754
1638.0087074311562,0.9935294725486893,1638.0087074311562,0.9973498963774726,1638.0031519203387,0.9965064516104049,1637.9725966078142,0.995200028364212
1638.010096308745,0.9962976893745144,1638.010096308745,0.9974239899985071,1638.0045407979276,0.9837340366326895,1637.9739854858688,0.9917549297663042
1638.011485186799,0.9980561360323638,1638.011485186799,0.9974239899985071,1638.005929675515,0.9899311350323232,1637.9753743634567,1.0069957024260263
1638.0128740643866,1.0086186936030748,1638.0128740643866,0.9975069506393057,1638.0073185535682,0.9923601649082892,1637.9767632415098,0.9836980650289144
1638.0142629419745,0.9836259121119967,1638.0142629419745,0.9975362598938777,1638.0087074311562,0.9908965164944002,1637.978152119563,1.013802080621658
1638.015651819563,1.0088180087738912,1638.015651819563,0.9975270548602995,1638.010096308745,0.9937312165622214,1637.9795409971518,1.000021255947685
1638.0170406976158,0.9883238561202928,1638.0170406976158,0.9976246468301744,1638.011485186799,0.995485133443893,1637.9809298752064,0.983436883647438
1638.0198184527928,0.9863960843726659,1638.0198184527928,0.9977677285640799,1638.0128740643866,1.0061041574138034,1637.9823187527938,0.9945333489038172
1638.0212073303803,0.9973490920347831,1638.0212073303803,0.9978233077757099,1638.0142629419745,0.9812025135029052,1637.983707630847,0.997981631591054
1638.0225962079678,0.989922309968419,1638.0225962079678,0.9978583775422891,1638.015651819563,1.0063232571822514,1637.9850965089008,1.0070586097043983
1638.0239850860214,0.9878283769744348,1638.0239850860214,0.9979887018050012,1638.0170406976158,0.9859762379158432,1637.986485386488,0.9904634803456064
1638.0253739636105,1.0042259102569357,1638.0253739636105,0.9981266149805366,1638.0198184527928,0.9841941805690174,1637.987874264542,0.9956637006157426
1638.026762841199,1.006054461303623,1638.026762841199,0.9980660140215551,1638.0212073303803,0.9951781700212482,1637.989263142131,1.005635063604766
1638.028151718786,0.9897579807414487,1638.028151718786,0.9980847406685107,1638.0225962079678,0.9878022701180016,1637.9906520201846,0.998799770435765
1638.029540596374,0.9969849307322581,1638.029540596374,0.9981296841539545,1638.0239850860214,0.9858415595428576,1637.992040897772,1.004888351628795
1638.0309294739616,0.992282173712704,1638.0309294739616,0.9981369805212053,1638.0253739636105,1.0023446084805034,1637.9934297758252,1.0154894758532864
1638.032318351549,0.992164422915214,1638.032318351549,0.9981249023221223,1638.026762841199,1.00410876608191,1637.994818653414,1.0002136782109412
1638.033707229138,0.9954798864113158,1638.033707229138,0.9981228826503702,1638.028151718786,0.9878623375329176,1637.996207531468,0.9893562778236696
1638.0364849843145,0.9969547834715063,1638.0364849843145,0.9980305605874786,1638.029540596374,0.995120254018041,1637.9975964090556,0.9776248879437212
1638.0378738619015,0.9974888267781931,1638.0378738619015,0.998122915151212,1638.0309294739616,0.9904335326946164,1637.9989852866436,0.9908848988711716
1638.0406516170772,1.002056298812443,1638.0406516170772,0.99819293615503,1638.032318351549,0.9903040177097328,1638.0003741646976,0.9779456204013036
1638.0420404946656,0.9914231273726418,1638.0420404946656,0.9981394768386298,1638.033707229138,0.9936112538453256,1638.001763042285,0.990081131456677
1638.0434293722544,1.0011792370370043,1638.0434293722544,0.9981745661495667,1638.0364849843145,0.9949913414284358,1638.0031519203387,0.9965064516104049
1638.0448182498424,1.0101756432049855,1638.0448182498424,0.9983023591262452,1638.0378738619015,0.9956164556146124,1638.0045407979276,0.9837340366326895
1638.04620712743,0.9982491722420528,1638.04620712743,0.9982677573754142,1638.0406516170772,1.0002455191042348,1638.005929675515,0.9899311350323232
1638.047596005017,0.9827273985218868,1638.047596005017,0.9982737007033224,1638.0420404946656,0.989578561681447,1638.0073185535682,0.9923601649082892
1638.0489848826062,0.9887533038864224,1638.0489848826062,0.998265448936766,1638.0434293722544,0.999351650567366,1638.0087074311562,0.9908965164944002
1638.050373760195,0.9979169457095894,1638.050373760195,0.998376662957633,1638.0448182498424,1.0084607277434092,1638.010096308745,0.9937312165622214
1638.0517626377823,0.9958231425828382,1638.0517626377823,0.9983997429421017,1638.04620712743,0.9965199624759375,1638.011485186799,0.995485133443893
1638.05315151537,0.9877958151303603,1638.05315151537,0.9984007445536851,1638.047596005017,0.9810309169049928,1638.0128740643866,1.0061041574138034
1638.0545403924923,1.0114509354279866,1638.0545403924923,0.9984625611512654,1638.0489848826062,0.98703826079189,1638.0142629419745,0.9812025135029052
1638.0559292700798,1.0017110121130128,1638.0559292700798,0.998586665861765,1638.050373760195,0.9962969901664134,1638.015651819563,1.0063232571822514
1638.0573181476682,1.0170552893103397,1638.0573181476682,0.9986792542706486,1638.0517626377823,0.9942295695705016,1638.0170406976158,0.9859762379158432
1638.058707025257,0.9854168878577477,1638.058707025257,0.9986133568363494,1638.05315151537,0.986216077293166,1638.0198184527928,0.9841941805690174
1638.060095902845,1.0097347513400612,1638.060095902845,0.998661810691393,1638.0545403924923,1.0098958914662706,1638.0212073303803,0.9951781700212482
1638.0614847799668,1.0073619305404788,1638.0614847799668,0.9987102427587982,1638.0559292700798,1.0002952597429475,1638.0225962079678,0.9878022701180016
1638.0628736575543,1.001672562137738,1638.0628736575543,0.9987301546177908,1638.0573181476682,1.0157120178804688,1638.0239850860214,0.9858415595428576
1638.0642625351431,0.9962634853623006,1638.0642625351431,0.9987908061668733,1638.058707025257,0.984050466266854,1638.0253739636105,1.0023446084805034
1638.0684291674413,0.9966099486279028,1638.0684291674413,0.9988658323152994,1638.060095902845,1.008383535091289,1638.026762841199,1.00410876608191
1638.0698180450293,0.9999571177889778,1638.0698180450293,0.9988054250264391,1638.0614847799668,1.006062678196053,1638.028151718786,0.9878623375329176
1638.0753735544502,0.9993191285153188,1638.0753735544502,0.9992344294481166,1638.0628736575543,1.0004005928602218,1638.029540596374,0.995120254018041
1638.0767624320376,1.0231102486612007,1638.0767624320376,0.999252618205545,1638.0642625351431,0.9950588096996312,1638.0309294739616,0.9904335326946164
1638.07815130916,0.9803765196313261,1638.07815130916,0.9993865369507667,1638.0684291674413,0.9954796258299178,1638.032318351549,0.9903040177097328
1638.0795401867488,0.9826580321349447,1638.0795401867488,0.999463467970968,1638.0698180450293,0.998762594041433,1638.033707229138,0.9936112538453256
1638.0809290643372,1.0050059337727113,1638.0809290643372,0.9995190852927233,1638.0753735544502,0.9985540792185936,1638.0364849843145,0.9949913414284358
1638.0823179414588,1.011176405841903,1638.0823179414588,0.9995493732609295,1638.0767624320376,1.022345594687631,1638.0378738619015,0.9956164556146124
1638.083706819047,1.0002604593022588,1638.083706819047,0.999649961028615,1638.07815130916,0.9797750948621964,1638.0406516170772,1.0002455191042348
1638.0864845737567,1.0039670247978678,1638.0864845737567,0.9995518807641792,1638.0795401867488,0.9821308046271188,1638.0420404946656,0.989578561681447
1638.0878734508794,0.9991090057144149,1638.0878734508794,0.9996532794009456,1638.0809290643372,1.0045226116382595,1638.0434293722544,0.999351650567366
1638.0892623284683,0.9884570705489959,1638.0892623284683,0.9997564054435115,1638.0823179414588,1.0107207427155136,1638.0448182498424,1.0084607277434092
1638.09065120559,1.002940927039223,1638.09065120559,0.9998732341160018,1638.083706819047,0.9999103291599676,1638.04620712743,0.9965199624759375
1638.092040082712,0.9938053376327562,1638.092040082712,0.9999442941607014,1638.0864845737567,1.0035171278619262,1638.047596005017,0.9810309169049928
1638.0934289603,0.9808782603329841,1638.0934289603,1.0000521063024936,1638.0878734508794,0.998762594041433,1638.0489848826062,0.98703826079189
1638.094817837423,1.005621659097004,1638.094817837423,1.000133477424762,1638.0892623284683,0.9882162877872877,1638.050373760195,0.9962969901664134
1638.0975955921333,0.9946547244700704,1638.0975955921333,1.0002930034968978,1638.09065120559,1.002813788346009,1638.0517626377823,0.9942295695705016
1638.0989844692556,1.004319193212588,1638.0989844692556,1.0003826563554339,1638.092040082712,0.993749976872324,1638.05315151537,0.986216077293166
1638.100373346843,0.98929747073214,1638.100373346843,1.000355287616541,1638.0934289603,0.9809293702723264,1638.0545403924923,1.0098958914662706
1638.101762223965,0.9891383092986024,1638.101762223965,1.000381227712568,1638.094817837423,1.0057558868863452,1638.0559292700798,1.0002952597429475
1638.103151101088,1.0071511467116105,1638.103151101088,1.000395757140353,1638.0975955921333,0.994946161782546,1638.0573181476682,1.0157120178804688
1638.104539978677,0.9941977717410679,1638.104539978677,1.0005176642797213,1638.0989844692556,1.004703502334755,1638.058707025257,0.984050466266854
1638.1059288557988,0.9932343761395426,1638.1059288557988,1.0005668529607654,1638.100373346843,0.9896489558725664,1638.060095902845,1.008383535091289
1638.1073177329206,1.0009741599400648,1638.1073177329206,1.0006272562270606,1638.101762223965,0.9895153962336698,1638.0614847799668,1.006062678196053
1638.1087066100429,0.9934344921182922,1638.1087066100429,1.0006610387059185,1638.103151101088,1.0075497339693364,1638.0628736575543,1.0004005928602218
1638.1100954871656,0.9922848224748052,1638.1100954871656,1.000610331205123,1638.104539978677,0.9947124324144768,1638.0642625351431,0.9950588096996312
1638.1114843647536,0.9904496053950638,1638.1114843647536,1.0006876379636456,1638.1059288557988,0.9937973939863912,1638.0684291674413,0.9954796258299178
1638.1156509961204,0.9901244792527546,1638.1156509961204,1.0007805197892332,1638.1073177329206,1.001602027215014,1638.0698180450293,0.998762594041433
1638.1184287503654,1.0054218617246269,1638.1184287503654,1.0007745654036941,1638.1087066100429,0.9940911907693768,1638.0753735544502,0.9985540792185936
1638.1198176279534,1.015526552295211,1638.1198176279534,1.0008256426828903,1638.1100954871656,0.9928904448663316,1638.0767624320376,1.022345594687631
1638.1212065050752,1.0184611858761743,1638.1212065050752,1.000866081845337,1638.1114843647536,0.9911306761448112,1638.07815130916,0.9797750948621964
1638.122595382198,0.9979904130800858,1638.122595382198,1.0008946299666688,1638.1156509961204,0.9908972910026156,1638.0795401867488,0.9821308046271188
1638.1239842593202,1.0170947738910519,1638.1239842593202,1.0009236875581933,1638.1184287503654,1.0062006267148365,1638.0809290643372,1.0045226116382595
1638.125373136443,1.0151936054319224,1638.125373136443,1.000911863223278,1638.1198176279534,1.0163650143623943,1638.0823179414588,1.0107207427155136
1638.1267620135652,0.99652768071278,1638.1267620135652,1.0010033147237982,1638.1212065050752,1.019343256619442,1638.083706819047,0.9999103291599676
1638.130928644932,1.0064351614146472,1638.130928644932,1.0012988943922754,1638.122595382198,0.9988832452100754,1638.0864845737567,1.0035171278619262
1638.132317522054,1.00035334379776,1638.132317522054,1.0013023527575835,1638.1239842593202,1.0180342516791985,1638.0878734508794,0.998762594041433
1638.133706399177,0.998269816280757,1638.133706399177,1.0013912047490607,1638.125373136443,1.0161193231452228,1638.0892623284683,0.9882162877872877
1638.1350952762994,1.017412836580126,1638.1350952762994,1.001433693803847,1638.1267620135652,0.9975275116075116,1638.09065120559,1.002813788346009
1638.1364841534212,1.015075992861855,1638.1364841534212,1.001470123310277,1638.130928644932,1.0077424144019975,1638.092040082712,0.993749976872324
1638.137873030544,1.013480132413058,1638.137873030544,1.0015026957434523,1638.132317522054,1.001656156733613,1638.0934289603,0.9809293702723264
1638.1392619072003,1.0128021649098,1638.1392619072003,1.0015647236210072,1638.133706399177,0.9996586139900108,1638.094817837423,1.0057558868863452
1638.1406507843233,1.0142274568023102,1638.1406507843233,1.001612222077823,1638.1350952762994,1.0188714950598854,1638.0975955921333,0.994946161782546
1638.1420396614456,1.0187350209602128,1638.1420396614456,1.001676203337876,1638.1364841534212,1.0165682797406637,1638.0989844692556,1.004703502334755
1638.1434285385683,1.0148197654688205,1638.1434285385683,1.0017357000740754,1638.137873030544,1.0150030846941085,1638.100373346843,0.9896489558725664
1638.146206292812,1.0088961858816454,1638.146206292812,1.0017411685215123,1638.1392619072003,1.0143869203806417,1638.101762223965,0.9895153962336698
1638.1475951694686,1.0099725365743781,1638.1475951694686,1.0017620210946345,1638.1406507843233,1.015862616700101,1638.103151101088,1.0075497339693364
1638.1489840465915,0.9892963048862204,1638.1489840465915,1.001792196117475,1638.1420396614456,1.0204426280027576,1638.104539978677,0.9947124324144768
1638.150372923714,1.023306714177046,1638.150372923714,1.0019020537280507,1638.1434285385683,1.016581188210918,1638.1059288557988,0.9937973939863912
1638.151761800836,0.9963317442226912,1638.151761800836,1.002012942740939,1638.146206292812,1.0106528441619764,1638.1073177329206,1.001602027215014
1638.153150677493,1.0138053597215781,1638.153150677493,1.0021027526237476,1638.1475951694686,1.0117521294888236,1638.1087066100429,0.9940911907693768
1638.1545395546148,1.0044804312935118,1638.1545395546148,1.0021117569818228,1638.1489840465915,0.9910693178828698,1638.1100954871656,0.9928904448663316
1638.155928431737,0.995464796970504,1638.155928431737,1.002212763844322,1638.150372923714,1.0252530985276858,1638.1114843647536,0.9911306761448112
1638.1573173083946,1.021596010323521,1638.1573173083946,1.0023231275231774,1638.151761800836,0.9983373029747914,1638.1156509961204,0.9908972910026156
1638.1587061855173,0.9915258418066049,1638.1587061855173,1.0024316559522108,1638.153150677493,1.015937141601702,1638.1184287503654,1.0062006267148365
1638.1600950626391,1.0064046512573295,1638.1600950626391,1.0024594197611338,1638.1545395546148,1.0066016498574002,1638.1198176279534,1.0163650143623943
1638.1614839392953,0.9917881216268306,1638.1614839392953,1.0025202318976305,1638.155928431737,0.9976675254815356,1638.1212065050752,1.019343256619442
1638.1628728164176,1.0117136110995095,1638.1628728164176,1.0025658886937916,1638.1573173083946,1.023969308132672,1638.122595382198,0.9988832452100754
1638.164261693075,0.9889104305030454,1638.164261693075,1.002579653957992,1638.1587061855173,0.9939368915216048,1638.1239842593202,1.0180342516791985
1638.1656505701976,0.9961547040914496,1638.1656505701976,1.002633593115589,1638.1600950626391,1.0088798227443287,1638.125373136443,1.0161193231452228
1638.1670394473192,0.9983271143247261,1638.1670394473192,1.0027592313611944,1638.1614839392953,0.9942876576866456,1638.1267620135652,0.9975275116075116
1638.1684283239765,1.0072638652126562,1638.1684283239765,1.0028569648631027,1638.1628728164176,1.0143095556155848,1638.130928644932,1.0077424144019975
1638.169817201098,1.0037902560915668,1638.169817201098,1.0029133435905009,1638.164261693075,0.9914614772091922,1638.132317522054,1.001656156733613
1638.1712060777547,0.9973432556343909,1638.1712060777547,1.0029602991489832,1638.1656505701976,0.9987781702622064,1638.133706399177,0.9996586139900108
1638.172594954878,1.0120079357445975,1638.172594954878,1.0029658177230527,1638.1670394473192,1.0010817298073016,1638.1350952762994,1.0188714950598854
1638.173983831535,0.9933512903666563,1638.173983831535,1.0030108113999374,1638.1684283239765,1.010141582683442,1638.1364841534212,1.0165682797406637
1638.1753727086568,1.0015361913056042,1638.1753727086568,1.0029957594209538,1638.169817201098,1.0067146420003583,1638.137873030544,1.0150030846941085
1638.176761585313,0.9927147223881884,1638.176761585313,1.0030187318671828,1638.1712060777547,1.0002956900252895,1638.1392619072003,1.0143869203806417
1638.1781504619696,1.005218876455344,1638.1781504619696,1.003071522145685,1638.172594954878,1.0150093668162987,1638.1406507843233,1.015862616700101
1638.1795393390923,1.0171309888305005,1638.1795393390923,1.0030620282318037,1638.173983831535,0.9963420837558348,1638.1420396614456,1.0204426280027576
1638.180928215749,0.9930475584797837,1638.180928215749,1.0031436660987607,1638.1753727086568,1.004536552786134,1638.1434285385683,1.016581188210918
1638.1823170924056,1.018709554854744,1638.1823170924056,1.003210153247605,1638.176761585313,0.9957114619556832,1638.146206292812,1.0106528441619764
1638.1837059695283,1.0096085383769624,1638.1837059695283,1.0032158493677203,1638.1781504619696,1.0083064284956371,1638.1475951694686,1.0117521294888236
1638.1850948461845,0.9925982240665907,1638.1850948461845,1.0032836667378033,1638.1795393390923,1.0202454726337418,1638.1489840465915,0.9910693178828698
1638.186483722841,0.9999081457351155,1638.186483722841,1.003298018817842,1638.180928215749,0.9961693684238336,1638.150372923714,1.0252530985276858
1638.1878725999643,1.0112269912917033,1638.1878725999643,1.0033442369453112,1638.1823170924056,1.0219797686406271,1638.151761800836,0.9983373029747914
1638.1906503532766,0.9999918314789853,1638.1906503532766,1.0034537256130944,1638.1837059695283,1.0128552873567471,1638.153150677493,1.015937141601702
1638.1920392303994,1.0050201826979097,1638.1920392303994,1.0035023068888824,1638.1850948461845,0.9958575858389608,1638.1545395546148,1.0066016498574002
1638.193428107056,1.0116923072273747,1638.193428107056,1.0035549197280642,1638.186483722841,1.0032058616158634,1638.155928431737,0.9976675254815356
1638.194816983713,0.9972371664910381,1638.194816983713,1.0035877004834592,1638.1878725999643,1.014608773956077,1638.1573173083946,1.023969308132672
1638.1962058603697,1.011023732571804,1638.1962058603697,1.0036850348152542,1638.1906503532766,1.0034455288802495,1638.1587061855173,0.9939368915216048
1638.1975947370263,1.0097701453579577,1638.1975947370263,1.0037599218957447,1638.1920392303994,1.0085400718072384,1638.1600950626391,1.0088798227443287
1638.1989836136825,1.015763947455043,1638.1989836136825,1.0037855484645517,1638.193428107056,1.015288792169068,1638.1614839392953,0.9942876576866456
1638.2003724908045,0.9924151392570116,1638.2003724908045,1.0038450961736576,1638.194816983713,1.0008149547553815,1638.1628728164176,1.0143095556155848
1638.2017613674614,0.9904167312644894,1638.2017613674614,1.0039069043767603,1638.1962058603697,1.0147493902253792,1638.164261693075,0.9914614772091922
1638.203150244119,1.0038877602420078,1638.203150244119,1.003853699106163,1638.1975947370263,1.0135668022371584,1638.1656505701976,0.9987781702622064
1638.2045391207755,1.0115296159997436,1638.2045391207755,1.0038641896880824,1638.1989836136825,1.0196091711066784,1638.1670394473192,1.0010817298073016
1638.2059279974317,1.0072193793469184,1638.2059279974317,1.0038252878378386,1638.2003724908045,0.9962310709116486,1638.1684283239765,1.010141582683442
1638.2073168740887,1.0015854716776373,1638.2073168740887,1.0038252878378386,1638.2017613674614,0.9942861947266832,1638.169817201098,1.0067146420003583
1638.2087057507454,1.0105280190150614,1638.2087057507454,1.003857786435608,1638.203150244119,1.0077564416063405,1638.1712060777547,1.0002956900252895
1638.2100946274024,1.0233103645704404,1638.2100946274024,1.0039053503771525,1638.2045391207755,1.0154383583110798,1638.172594954878,1.0150093668162987
1638.211483504059,1.0077006473995314,1638.211483504059,1.0039161640861685,1638.2059279974317,1.0110722833887695,1638.173983831535,0.9963420837558348
1638.212872380716,1.022292610778973,1638.212872380716,1.0038926196787028,1638.2073168740887,1.0054168244010018,1638.1753727086568,1.004536552786134
1638.2142612573718,1.0129527707701502,1638.2142612573718,1.0038926196787028,1638.2087057507454,1.0144264202996194,1638.176761585313,0.9957114619556832
1638.215650134028,0.9850681584005049,1638.215650134028,1.0038756920432486,1638.2100946274024,1.0273067500886597,1638.1781504619696,1.0083064284956371
1638.217039010685,0.9988375463919716,1638.217039010685,1.003879980126484,1638.211483504059,1.0116469684844862,1638.1795393390923,1.0202454726337418
1638.2184278873426,1.0197573636337502,1638.2184278873426,1.0038884805366528,1638.212872380716,1.0262720071130835,1638.180928215749,0.9961693684238336
1638.2198167639992,1.0005396226739884,1638.2198167639992,1.0039301808896854,1638.2142612573718,1.0168958106592467,1638.1823170924056,1.0219797686406271
1638.2225945168468,1.0108886366630774,1638.2225945168468,1.0039566522103844,1638.215650134028,0.9888859792240752,1638.1837059695283,1.0128552873567471
1638.223983393503,1.015209628036631,1638.223983393503,1.003952093040836,1638.217039010685,1.0027130162215585,1638.1850948461845,0.9958575858389608
1638.2253722701596,1.009621373829136,1638.2253722701596,1.0040132671161843,1638.2184278873426,1.0237226702943485,1638.186483722841,1.0032058616158634
1638.2267611468171,0.9987538248517174,1638.2267611468171,1.003994805700163,1638.2198167639992,1.0044719243783948,1638.1878725999643,1.014608773956077
1638.2281500234742,1.014065437287658,1638.2281500234742,1.0040004953852448,1638.2225945168468,1.014888371421783,1638.1892614766205,1.040027273015953
1638.2295388996645,1.0084866611874748,1638.2295388996645,1.0039582783832621,1638.223983393503,1.0192218309425842,1638.1906503532766,1.0034455288802495
1638.2309277763204,1.0038466054879451,1638.2309277763204,1.0039360886992854,1638.2253722701596,1.0136732540885214,1638.1920392303994,1.0085400718072384
1638.2323166529775,1.0083719562800804,1638.2323166529775,1.0040426968692795,1638.2267611468171,1.0027436523242947,1638.193428107056,1.015288792169068
1638.233705529634,1.0073476063828966,1638.233705529634,1.0040335859505303,1638.2281500234742,1.0181222013898636,1638.194816983713,1.0008149547553815
1638.2350944058255,1.0023587777925036,1638.2350944058255,1.0040748304869827,1638.2295388996645,1.0124785321382614,1638.1962058603697,1.0147493902253792
1638.236483282482,0.9966593680693855,1638.236483282482,1.0040354218497156,1638.2309277763204,1.0077978347676222,1638.1975947370263,1.0135668022371584
1638.2378721591392,0.9930966395560334,1638.2378721591392,1.0041362842740238,1638.2323166529775,1.012448498430803,1638.1989836136825,1.0196091711066784
1638.2392610353295,1.022190124322297,1638.2392610353295,1.004174360671955,1638.233705529634,1.0114108295353028,1638.2003724908045,0.9962310709116486
1638.2406499119863,1.00606944464621,1638.2406499119863,1.0041947812268228,1638.2350944058255,1.006443219899147,1638.2017613674614,0.9942861947266832
1638.2420387881782,0.9863355760532531,1638.2420387881782,1.0042182456471649,1638.236483282482,1.0006813090600164,1638.203150244119,1.0077564416063405
1638.2434276648353,0.9843610851755047,1638.2434276648353,1.0041569542090496,1638.2378721591392,0.997204369568815,1638.2045391207755,1.0154383583110798
1638.2448165414912,0.9931936799303706,1638.2448165414912,1.0040555906365287,1638.2392610353295,1.0264571145765289,1638.2059279974317,1.0110722833887695
1638.2462054176815,1.001152885353656,1638.2462054176815,1.0040262563190832,1638.2406499119863,1.010289685865492,1638.2073168740887,1.0054168244010018
1638.2475942943386,1.0151873840674084,1638.2475942943386,1.0040400411509531,1638.2420387881782,0.9904961818035836,1638.2087057507454,1.0144264202996194
1638.2503720471866,0.9905303124967089,1638.2503720471866,1.004136525904093,1638.2434276648353,0.9884530291317496,1638.2100946274024,1.0273067500886597
1638.2517609233776,1.0228157236466482,1638.2517609233776,1.0041650228701426,1638.2448165414912,0.9972216669189556,1638.211483504059,1.0116469684844862
1638.2531498000346,1.000402485802658,1638.2531498000346,1.0042438020399338,1638.2462054176815,1.0051837834846795,1638.212872380716,1.0262720071130835
1638.255927552416,1.0112678541675821,1638.255927552416,1.0042463203698564,1638.2475942943386,1.0192887828749693,1638.2142612573718,1.0168958106592467
1638.2573164290736,0.9949196762004981,1638.2573164290736,1.0042992585753516,1638.2503720471866,0.994627666793141,1638.215650134028,0.9888859792240752
1638.258705305264,1.0095789651659315,1638.258705305264,1.0043087751395896,1638.2517609233776,1.027075774527578,1638.217039010685,1.0027130162215585
1638.2600941819203,1.007942557961879,1638.2600941819203,1.0043947885749693,1638.2531498000346,1.004647995912662,1638.2184278873426,1.0237226702943485
1638.262871934303,1.0072410619618224,1638.262871934303,1.0044473671981327,1638.255927552416,1.015562021456115,1638.2198167639992,1.0044719243783948
1638.2642608109593,1.010143053054994,1638.2642608109593,1.0044115085245462,1638.2573164290736,0.9991970931501892,1638.2225945168468,1.014888371421783
1638.2656496871507,0.9911998655108256,1638.2656496871507,1.0044563226815213,1638.258705305264,1.013929013912491,1638.223983393503,1.0192218309425842
1638.2670385633417,0.9974750480104653,1638.2670385633417,1.0045048682794242,1638.2600941819203,1.0123722523998353,1638.2253722701596,1.0136732540885214
1638.2684274395322,1.0133313696416855,1638.2684274395322,1.0045216923473765,1638.262871934303,1.0117206328214037,1638.2267611468171,1.0027436523242947
1638.2698163161883,0.9961688448400571,1638.2698163161883,1.0045109861979051,1638.2642608109593,1.0145993077445572,1638.2281500234742,1.0181222013898636
1638.2712051923802,1.0142288123519212,1638.2712051923802,1.0045495493888648,1638.2656496871507,0.9956169719534224,1638.2295388996645,1.0124785321382614
1638.272594068572,1.0178980432566578,1638.272594068572,1.0045534839660708,1638.2670385633417,1.0019685417137647,1638.2309277763204,1.0077978347676222
1638.2739829447626,1.010184257941394,1638.2739829447626,1.004574736857653,1638.2684274395322,1.0179133423411508,1638.2323166529775,1.012448498430803
1638.275371820953,1.0144722377068374,1638.275371820953,1.0045749522885938,1638.2698163161883,1.0006625487499137,1638.233705529634,1.0114108295353028
1638.2767606971445,0.9925379653119738,1638.2767606971445,1.0045337157346395,1638.2712051923802,1.018843096425326,1638.2350944058255,1.006443219899147
1638.2781495738004,1.0092883633202645,1638.2781495738004,1.004491874186155,1638.272594068572,1.022533025675722,1638.236483282482,1.0006813090600164
1638.2795384499916,1.0031568895117315,1638.2795384499916,1.0045442435408958,1638.2739829447626,1.0148055850992193,1638.2378721591392,0.997204369568815
1638.2809273261837,1.017281821499196,1638.2809273261837,1.0045837073466388,1638.275371820953,1.019113399792449,1638.2392610353295,1.0264571145765289
1638.2823162023744,1.0047226861211673,1638.2823162023744,1.0046598160621165,1638.2767606971445,0.9970378503025358,1638.2406499119863,1.010289685865492
1638.283705078565,1.0097995746058834,1638.283705078565,1.0046563428118402,1638.2781495738004,1.0138219596658495,1638.2420387881782,0.9904961818035836
1638.2850939547554,1.0077914653090407,1638.2850939547554,1.0047126532380959,1638.2795384499916,1.0077154787274003,1638.2434276648353,0.9884530291317496
1638.2864828309473,0.989888190195735,1638.2864828309473,1.004751986459241,1638.2809273261837,1.021944743658004,1638.2448165414912,0.9972216669189556
1638.2878717071392,1.0116762204837049,1638.2878717071392,1.0047371795699351,1638.2823162023744,1.0094045090319277,1638.2462054176815,1.0051837834846795
1638.2906494595202,1.008737106895582,1638.2906494595202,1.0047192731470584,1638.283705078565,1.014501547596499,1638.2475942943386,1.0192887828749693
1638.2920383357116,0.996237956550116,1638.2920383357116,1.0047034682331324,1638.2850939547554,1.012540837021355,1638.2503720471866,0.994627666793141
1638.2934272114362,1.009154653625182,1638.2934272114362,1.0047607251485589,1638.2864828309473,0.9945921254717076,1638.2517609233776,1.027075774527578
1638.2948160876274,1.0215689069683387,1638.2948160876274,1.0047860954938306,1638.2878717071392,1.0164687124067695,1638.2531498000346,1.004647995912662
1638.2962049638193,0.9906276584623995,1638.2962049638193,1.0047223063125665,1638.2906494595202,1.0134976128365958,1638.255927552416,1.015562021456115
1638.2989827162007,0.9930076889393291,1638.2989827162007,1.0047820846408828,1638.2920383357116,1.0009237301313902,1638.2573164290736,0.9991970931501892
1638.3003715923912,1.024414511704698,1638.3003715923912,1.004791053858354,1638.2934272114362,1.0139589615634808,1638.258705305264,1.013929013912491
1638.3017604681174,1.0045153257882153,1638.3017604681174,1.004814091043891,1638.2948160876274,1.0264582333106174,1638.2600941819203,1.0123722523998353
1638.3031493443088,1.0089775910314485,1638.3031493443088,1.0048191759023968,1638.2962049638193,0.9953057057073595,1638.262871934303,1.0117206328214037
1638.3045382204994,1.0017597977236214,1638.3045382204994,1.0048353222434738,1638.2989827162007,0.9977563357568844,1638.2642608109593,1.0145993077445572
1638.3059270966903,1.0068216853227565,1638.3059270966903,1.0047634431954862,1638.3003715923912,1.0293225368035548,1638.2656496871507,0.9956169719534224
1638.307315972416,1.0015533013719573,1638.307315972416,1.0047853277182996,1638.3017604681174,1.0093511540215436,1638.2670385633417,1.0019685417137647
1638.3087048486066,0.9891393277835151,1638.3087048486066,1.004724784648069,1638.3031493443088,1.0138400315242055,1638.2684274395322,1.0179133423411508
1638.3100937247975,1.0044279573168173,1638.3100937247975,1.0047813738169067,1638.3045382204994,1.0066036291561724,1638.2698163161883,1.0006625487499137
1638.3114826005235,1.005663664787579,1638.3114826005235,1.0048055119063466,1638.3059270966903,1.011617623228775,1638.2712051923802,1.018843096425326
1638.3128714767142,1.0207594278558612,1638.3128714767142,1.0047597406059545,1638.307315972416,1.0063460621463671,1638.272594068572,1.022533025675722
1638.3142603529047,1.0235252744865688,1638.3142603529047,1.004726371397372,1638.3087048486066,0.9938127980942278,1638.2739829447626,1.0148055850992193
1638.31564922863,1.005133312243219,1638.31564922863,1.0047690783832084,1638.3100937247975,1.009230502852901,1638.275371820953,1.019113399792449
1638.317038104822,0.9938779222197763,1638.317038104822,1.0047358725380573,1638.3114826005235,1.0104963935024958,1638.2767606971445,0.9970378503025358
1638.3198158567382,0.986445385794751,1638.3198158567382,1.00472149211487,1638.3128714767142,1.0256179779535377,1638.2781495738004,1.0138219596658495
1638.3212047324637,1.0155496469461363,1638.3212047324637,1.0047176464055896,1638.3142603529047,1.0283628350683895,1638.2795384499916,1.0077154787274003
1638.322593608654,1.0191401292837499,1638.322593608654,1.0046614741322326,1638.31564922863,1.0099268717948806,1638.2809273261837,1.021944743658004
1638.3239824843788,1.0092435992464501,1638.3239824843788,1.0046362766604062,1638.317038104822,0.9985848013777984,1638.2823162023744,1.0094045090319277
1638.325371360571,1.008650000760917,1638.325371360571,1.0045773863451024,1638.3198158567382,0.9911028799055308,1638.283705078565,1.014501547596499
1638.3267602362969,0.9948068642879145,1638.3267602362969,1.0045509505200436,1638.3212047324637,1.0203406510877495,1638.2850939547554,1.012540837021355
1638.3281491124874,1.0153713299992047,1638.3281491124874,1.004446508135238,1638.322593608654,1.0238908246335263,1638.2864828309473,0.9945921254717076
1638.3295379882122,1.0108806445185712,1638.3295379882122,1.0044895875375643,1638.3239824843788,1.0139227317903008,1638.2878717071392,1.0164687124067695
1638.3309268639375,0.9929252415152214,1638.3309268639375,1.0045410254826814,1638.325371360571,1.0132669815013875,1638.2906494595202,1.0134976128365958
1638.3323157401294,0.9887749368400368,1638.3323157401294,1.004482599347125,1638.3267602362969,0.9993341811042886,1638.2920383357116,1.0009237301313902
1638.3337046158551,1.0099695053089623,1638.3337046158551,1.0044015878271544,1638.3281491124874,1.0198861868783335,1638.2934272114362,1.0139589615634808
1638.33509349158,0.9827818771291301,1638.33509349158,1.0043701833138519,1638.3295379882122,1.0154190816621669,1638.2948160876274,1.0264582333106174
1638.336482367771,1.014162146628091,1638.336482367771,1.0043701833138519,1638.3309268639375,0.9974341403393396,1638.2962049638193,0.9953057057073595
1638.3378712434958,1.0007568818030255,1638.3378712434958,1.0043496009850275,1638.3323157401294,0.9932072187263694,1638.2975938400102,1.0405566924093117
1638.3392601192206,1.00238350482589,1638.3392601192206,1.0043178336208032,1638.3337046158551,1.0144149747893274,1638.2989827162007,0.9977563357568844
1638.3406489949468,1.0236069007812827,1638.3406489949468,1.004361415470032,1638.33509349158,0.9870768140897158,1638.3003715923912,1.0293225368035548
1638.342037870673,1.0000090582487524,1638.342037870673,1.0043090441882865,1638.336482367771,1.0185942211188252,1638.3017604681174,1.0093511540215436
1638.3434267468635,1.0053902717541394,1638.3434267468635,1.0043525572046208,1638.3378712434958,1.005109774921889,1638.3031493443088,1.0138400315242055
1638.3448156225884,0.9997122043420426,1638.3448156225884,1.004358488287831,1638.3392601192206,1.0067116300239658,1638.3045382204994,1.0066036291561724
1638.3462044983137,1.0139548378860932,1638.3462044983137,1.0043038568528413,1638.3406489949468,1.0280712757535817,1638.3059270966903,1.011617623228775
1638.3475933740383,1.0189030075389367,1638.3475933740383,1.0043134371491007,1638.342037870673,1.004318141469433,1638.307315972416,1.0063460621463671
1638.3489822497645,1.001587803557269,1638.3489822497645,1.0043566860635635,1638.3434267468635,1.0097662904249185,1638.3087048486066,0.9938127980942278
1638.3503711254905,0.996676949957134,1638.3503711254905,1.0042932319179323,1638.3448156225884,1.004069438275869,1638.3100937247975,1.009230502852901
1638.3517600012158,1.0139512738264296,1638.3517600012158,1.0042891394376985,1638.3462044983137,1.0183187543636008,1638.3114826005235,1.0104963935024958
1638.3531488769406,0.9998996911958608,1638.3531488769406,1.00431148428089,1638.3475933740383,1.0232979816229857,1638.3128714767142,1.0256179779535377
1638.3545377526657,1.008405139996786,1638.3545377526657,1.0042515079458707,1638.3489822497645,1.0059514071824622,1638.3142603529047,1.0283628350683895
1638.3559266283917,0.9915669999227373,1638.3559266283917,1.0042877610251115,1638.3503711254905,1.0009559152505574,1638.31564922863,1.0099268717948806
1638.3573155041174,0.9939097747708704,1638.3573155041174,1.0042865989519159,1638.3517600012158,1.0183002522229032,1638.317038104822,0.9985848013777984
1638.3587043798425,0.9984579708306726,1638.3587043798425,1.0042323987304096,1638.3531488769406,1.0042107429969185,1638.3198158567382,0.9911028799055308
1638.3600932555676,0.9888518297702229,1638.3600932555676,1.0043156367551458,1638.3545377526657,1.0126923824621392,1638.3212047324637,1.0203406510877495
1638.3614821312929,0.9984830222922596,1638.3614821312929,1.00436759742207,1638.3559266283917,0.9958186022587928,1638.322593608654,1.0238908246335263
1638.3628710070177,0.9997045348335449,1638.3628710070177,1.0043605981767467,1638.3573155041174,0.9981702673697022,1638.3239824843788,1.0139227317903008
1638.3642598827437,1.0082990666094893,1638.3642598827437,1.0043203704724577,1638.3587043798425,1.0026838430787837,1638.325371360571,1.0132669815013875
1638.3656487584697,0.9880926801788387,1638.3656487584697,1.004344429789626,1638.3600932555676,0.9931193550721724,1638.3267602362969,0.9993341811042886
1638.3670376337288,1.0021728453396357,1638.3670376337288,1.0043438943843428,1638.3614821312929,1.002843994166404,1638.3281491124874,1.0198861868783335
1638.3684265094537,0.9846891596341041,1638.3684265094537,1.0042858468665723,1638.3628710070177,1.0040638446054255,1638.3295379882122,1.0154190816621669
1638.369815385179,0.9974328158352032,1638.369815385179,1.004252760658928,1638.3642598827437,1.0126552921242755,1638.3309268639375,0.9974341403393396
1638.3712042609052,1.0037389007871418,1638.3712042609052,1.0041643592489227,1638.3656487584697,0.992385379453519,1638.3323157401294,0.9932072187263694
1638.3753708876154,0.994186858427574,1638.3753708876154,1.0039669695789262,1638.3670376337288,1.0065261783346473,1638.3337046158551,1.0144149747893274
1638.3767597633407,1.0068258834075698,1638.3767597633407,1.0038670006523915,1638.3684265094537,0.9889093865834696,1638.33509349158,0.9870768140897158
1638.3781486386,1.0169478136481913,1638.3781486386,1.0038371739664693,1638.369815385179,1.0016746588743108,1638.336482367771,1.0185942211188252
1638.3795375143256,1.0176523979313705,1638.3795375143256,1.0038008216091645,1638.3712042609052,1.0079188301621382,1638.3378712434958,1.005109774921889
1638.3809263895862,1.009981650567084,1638.3809263895862,1.0038008216091645,1638.3753708876154,0.9981307674507244,1638.3392601192206,1.0067116300239658
1638.382315265311,1.0083331113395197,1638.382315265311,1.0037244625792439,1638.3767597633407,1.0107192797555515,1638.3406489949468,1.0280712757535817
1638.383704141036,1.000175524833501,1638.383704141036,1.0036781266688937,1638.3781486386,1.02085001932398,1638.342037870673,1.004318141469433
1638.3864818920215,0.9964918470949609,1638.3864818920215,1.0036199030736066,1638.3795375143256,1.0215203131560462,1638.3434267468635,1.0097662904249185
1638.3878707672818,1.0013850884788247,1638.3878707672818,1.0035411284385436,1638.3809263895862,1.013820410649419,1638.3448156225884,1.004069438275869
1638.3892596430069,0.9976453637415289,1638.3892596430069,1.0034572429727482,1638.382315265311,1.0120886102801163,1638.3462044983137,1.0183187543636008
1638.3906485182663,1.0099353022543704,1638.3906485182663,1.0033653673505143,1638.383704141036,1.0038542971049658,1638.3475933740383,1.0232979816229857
1638.3920373939911,0.9954487484771329,1638.3920373939911,1.0033035803878732,1638.3864818920215,1.0000990509950838,1638.3489822497645,1.0059514071824622
1638.3948151445109,0.9864194220677415,1638.3948151445109,1.0031283909157642,1638.3878707672818,1.0049311216935706,1638.3503711254905,1.0009559152505574
1638.396204020237,0.9763824455590493,1638.396204020237,1.003103916661484,1638.3892596430069,1.001094466164619,1638.3517600012158,1.0183002522229032
1638.3975928954962,0.9970317934817061,1638.3975928954962,1.0030671534160251,1638.3906485182663,1.013334105546709,1638.3531488769406,1.0042107429969185
1638.3989817707554,0.9908462424835045,1638.3989817707554,1.0030411219660993,1638.3920373939911,0.9987372934397348,1638.3545377526657,1.0126923824621392
1638.4003706464807,1.010199358103275,1638.4003706464807,1.0030292401799885,1638.3948151445109,0.9895053276268716,1638.3559266283917,0.9958186022587928
1638.4017595217408,1.0052343970916857,1638.4017595217408,1.0029819836721583,1638.396204020237,0.9794130552998004,1638.3573155041174,0.9981702673697022
1638.4031483970005,1.0038915295045914,1638.4031483970005,1.003001702134892,1638.3975928954962,1.0000898429529692,1638.3587043798425,1.0026838430787837
1638.4045372722603,0.9908506129485948,1638.4045372722603,1.0029304788322293,1638.3989817707554,0.993859526756548,1638.3600932555676,0.9931193550721724
1638.4059261479858,1.0065940700603775,1638.4059261479858,1.002925225805354,1638.4003706464807,1.0132594945886402,1638.3614821312929,1.002843994166404
1638.407315023245,1.0067877862225385,1638.407315023245,1.00293619922794,1638.4017595217408,1.008231989650505,1638.3628710070177,1.0040638446054255
1638.4087038985042,1.0304119861023255,1638.4087038985042,1.0028810957362524,1638.4031483970005,1.0069049128519054,1638.3642598827437,1.0126552921242755
1638.4100927737647,0.9935671821127484,1638.4100927737647,1.0028954181996115,1638.4045372722603,0.993754279695742,1638.3656487584697,0.992385379453519
1638.4114816490244,1.0174745285046014,1638.4114816490244,1.0028450632482828,1638.4059261479858,1.0095385850096346,1638.3670376337288,1.0065261783346473
1638.4128705242836,0.9946328588991096,1638.4128705242836,1.0028446897566965,1638.407315023245,1.0097439157431445,1638.3684265094537,0.9889093865834696
1638.4142593995437,0.9982652489085618,1638.4142593995437,1.0027918066196724,1638.4087038985042,1.0333807016820684,1638.369815385179,1.0016746588743108
1638.4156482748033,1.0021779314985744,1638.4156482748033,1.0028444111844677,1638.4100927737647,0.9964439746143744,1638.3712042609052,1.0079188301621382
1638.417037150529,1.0185568353485608,1638.417037150529,1.0028417270587253,1638.4114816490244,1.0203693078917138,1638.3753708876154,0.9981307674507244
1638.418426025789,1.0098094277493814,1638.418426025789,1.0028440410694208,1638.4128705242836,0.9974622808044936,1638.3767597633407,1.0107192797555515
1638.422592651102,0.9897906283438822,1638.422592651102,1.0027725370564198,1638.4142593995437,1.0010522124386536,1638.3781486386,1.02085001932398
1638.423981526361,0.9988492845774798,1638.423981526361,1.0027117160827828,1638.4156482748033,1.0050285376157555,1638.3795375143256,1.0215203131560462
1638.4253704016216,0.9830284802005791,1638.4253704016216,1.0027333965091032,1638.417037150529,1.0214512958684203,1638.3809263895862,1.013820410649419
1638.4267592768813,0.993200861523203,1638.4267592768813,1.002713382047995,1638.418426025789,1.012681367234189,1638.382315265311,1.0120886102801163
1638.4281481521405,1.00418027128592,1638.4281481521405,1.0027294962038993,1638.422592651102,0.9925348595390626,1638.383704141036,1.0038542971049658
1638.4295370274006,0.9919705640622716,1638.4295370274006,1.0026379232832192,1638.423981526361,1.0015578802467446,1638.3864818920215,1.0000990509950838
1638.4309259026602,1.005302427950778,1638.4309259026602,1.0025300111244873,1638.4253704016216,0.9857154868167084,1638.3878707672818,1.0049311216935706
1638.4323147774546,1.0071487062811604,1638.4323147774546,1.002548591693974,1638.4267592768813,0.9958957949109132,1638.3892596430069,1.001094466164619
1638.4350925279743,1.0019857180552236,1638.4350925279743,1.0024184107065257,1638.4281481521405,1.0069211775244256,1638.3906485182663,1.013334105546709
1638.4364814032335,1.008512220863239,1638.4364814032335,1.0024340105726781,1638.4295370274006,0.9945873063094796,1638.3920373939911,0.9987372934397348
1638.437870278027,0.9978685148995784,1638.437870278027,1.0023953625804343,1638.4309259026602,1.0078458542769675,1638.3948151445109,0.9895053276268716
1638.439259153287,1.0085873716215261,1638.439259153287,1.002331161465595,1638.4323147774546,1.0097155171085852,1638.396204020237,0.9794130552998004
1638.4406480285472,0.995276890445865,1638.4406480285472,1.0022848199760994,1638.4350925279743,1.0044089310435542,1638.3975928954962,1.0000898429529692
1638.4420369033414,1.0009027693425505,1638.4420369033414,1.002242979264253,1638.4364814032335,1.0109669502714953,1638.3989817707554,0.993859526756548
1638.4434257786004,1.0004964152916764,1638.4434257786004,1.0021954599128806,1638.437870278027,1.0002587718003624,1638.4003706464807,1.0132594945886402
1638.4448146533948,0.996130727367268,1638.4448146533948,1.0021155380931501,1638.439259153287,1.010938551636936,1638.4017595217408,1.008231989650505
1638.446203528654,1.0106770192458583,1638.446203528654,1.0021003363570884,1638.4406480285472,0.9975509189669058,1638.4031483970005,1.0069049128519054
1638.447592403448,1.0051350118885096,1638.447592403448,1.0020439081551225,1638.4420369033414,1.0031477734997194,1638.4045372722603,0.993754279695742
1638.4489812787083,0.9959521324545036,1638.4489812787083,1.0020015434591163,1638.4434257786004,1.00269296506443,1638.4059261479858,1.0095385850096346
1638.450370153503,1.0021384966690992,1638.450370153503,1.0018484192128263,1638.4448146533948,0.9982380798667708,1638.407315023245,1.0097439157431445
1638.451759028762,1.0137311915248688,1638.451759028762,1.0018809895648382,1638.446203528654,1.012799780934654,1638.4087038985042,1.0333807016820684
1638.4531479035556,0.9880260538494599,1638.4531479035556,1.0019157137613055,1638.447592403448,1.0071894155363077,1638.4100927737647,0.9964439746143744
1638.4545367788153,0.9922817051229431,1638.4545367788153,1.0017966754118688,1638.4489812787083,0.9979455739308108,1638.4114816490244,1.0203693078917138
1638.4559256536097,0.9878723033867581,1638.4559256536097,1.0017314738511998,1638.450370153503,1.0039908687202552,1638.4128705242836,0.9974622808044936
1638.458703403663,1.0095361117687833,1638.458703403663,1.001592583546958,1638.451759028762,1.015638009317678,1638.4142593995437,1.0010522124386536
1638.4600922784578,1.0001384353830223,1638.4600922784578,1.0015075301047534,1638.4531479035556,0.9899188289573476,1638.4156482748033,1.0050285376157555
1638.462870028511,0.9924844148807267,1638.462870028511,1.0013726053947147,1638.4545367788153,0.9940645132641848,1638.417037150529,1.0214512958684203
1638.4656477781002,0.9962444598992393,1638.4656477781002,1.0011186682903765,1638.4559256536097,0.9895827784483968,1638.418426025789,1.012681367234189
1638.4670366528935,0.9770345356330706,1638.4670366528935,1.001141247885907,1638.458703403663,1.0111438823704462,1638.422592651102,0.9925348595390626
1638.4725921525353,0.9930493345999428,1638.4725921525353,1.0007519087490808,1638.4600922784578,1.0016461741832832,1638.423981526361,1.0015578802467446
1638.4739810273295,0.9932190398067746,1638.4739810273295,1.0006624484494164,1638.462870028511,0.9938467043427622,1638.4253704016216,0.9857154868167084
1638.4753699021237,1.0062260267858323,1638.4753699021237,1.0005670107482993,1638.4656477781002,0.9973589269859918,1638.4267592768813,0.9958957949109132
1638.4767587769172,1.0025726662330456,1638.4767587769172,1.0004648777459806,1638.4670366528935,0.97814957423132,1638.4281481521405,1.0069211775244256
1638.4781476517112,0.9898964552941362,1638.4781476517112,1.000365907620775,1638.4725921525353,0.9937960170828974,1638.4295370274006,0.9945873063094796
1638.4809254012996,0.9943155174495818,1638.4809254012996,1.000144385478774,1638.4739810273295,0.9938769962196254,1638.4309259026602,1.0078458542769675
1638.4823142760931,1.0158538083362751,1638.4823142760931,1.0000668690288235,1638.4753699021237,1.0067965677582384,1638.4323147774546,1.0097155171085852
1638.4837031508875,0.991543502881216,1638.4837031508875,0.9999140635170262,1638.4767587769172,1.0030387399543057,1638.4350925279743,1.0044089310435542
1638.4850920256815,1.0071453593784718,1638.4850920256815,0.9997491260395326,1638.4781476517112,0.9902586659509064,1638.4364814032335,1.0109669502714953
1638.4864809000103,0.9989140388113279,1638.4864809000103,0.9996809149416213,1638.4809254012996,0.9944590821716212,1638.437870278027,1.0002587718003624
1638.4878697748045,1.01647881399111,1638.4878697748045,0.9996124725593788,1638.4823142760931,1.0159217374938652,1638.439259153287,1.010938551636936
1638.490647524392,1.0107867595966067,1638.490647524392,0.9993589837678417,1638.4837031508875,0.9914582931198628,1638.4406480285472,0.9975509189669058
1638.4920363991853,1.0047541873079358,1638.4920363991853,0.999183336432427,1638.4850920256815,1.006892692833398,1638.4420369033414,1.0031477734997194
1638.4934252735145,0.9867640765249439,1638.4934252735145,0.9990782776987923,1638.4864809000103,0.9985953002669384,1638.4434257786004,1.00269296506443
1638.4948141483094,0.9808889659463371,1638.4948141483094,0.9989002220613131,1638.4878697748045,1.0160849005578785,1638.4448146533948,0.9982380798667708
1638.496203023103,0.993740435356775,1638.496203023103,0.9987185906203727,1638.490647524392,1.0101388288764546,1638.446203528654,1.012799780934654
1638.4975918974308,0.9960076085196671,1638.4975918974308,0.9984833695721024,1638.4920363991853,1.003933641168795,1638.447592403448,1.0071894155363077
1638.500369646553,1.0050659847643535,1638.500369646553,0.9980769871460328,1638.4934252735145,0.9858545540695802,1638.4489812787083,0.9979455739308108
1638.501758521347,1.0021286360407842,1638.501758521347,0.9979224289576659,1638.4948141483094,0.979810205901288,1638.450370153503,1.0039908687202552
1638.503147396142,1.0121958884495126,1638.503147396142,0.9975520650941667,1638.496203023103,0.992467047041994,1638.451759028762,1.015638009317678
1638.504536270471,0.9997474314705095,1638.504536270471,0.9972169121393842,1638.4975918974308,0.9944970330741686,1638.4531479035556,0.9899188289573476
1638.505925145264,0.9900346960184365,1638.505925145264,0.9971883636083828,1638.500369646553,1.0031332299565665,1638.4545367788153,0.9940645132641848
1638.508702894386,0.9988053062840767,1638.508702894386,0.9967597750836544,1638.501758521347,1.000046642605852,1638.4559256536097,0.9895827784483968
1638.5100917687143,1.0153742767181966,1638.5100917687143,0.9965860164497062,1638.503147396142,1.0097180988026362,1638.458703403663,1.0111438823704462
1638.5114806430431,1.0017958476192277,1638.5114806430431,0.9960568100636065,1638.504536270471,0.9969650465303022,1638.4600922784578,1.0016461741832832
1638.514258392166,1.0029104952237011,1638.514258392166,0.9955235693249048,1638.505925145264,0.9872510784381474,1638.462870028511,0.9938467043427622
1638.5156472664935,1.0074187517271078,1638.5156472664935,0.9950807650367406,1638.508702894386,0.9955689524440768,1638.4656477781002,0.9973589269859918
1638.5170361412877,1.0260605826163955,1638.5170361412877,0.9949770489510245,1638.5100917687143,1.0119078056400892,1638.4670366528935,0.97814957423132
1638.518425015617,1.0003215163408183,1638.518425015617,0.9946020269977093,1638.5114806430431,0.9978455763145748,1638.4725921525353,0.9937960170828974
1638.5198138899457,1.0077638300272749,1638.5198138899457,0.9942991430915911,1638.514258392166,0.998421035918507,1638.4739810273295,0.9938769962196254
1638.5212027642733,1.0067476592650784,1638.5212027642733,0.9939102848231698,1638.5156472664935,1.0024630221809687,1638.4753699021237,1.0067965677582384
1638.5225916390666,1.0033720400037502,1638.5225916390666,0.9932893091166372,1638.5170361412877,1.0209067305366302,1638.4767587769172,1.0030387399543057
1638.5239805133954,1.0041807600701609,1638.5239805133954,0.9929936943314002,1638.518425015617,0.994921807802,1638.4781476517112,0.9902586659509064
1638.5253693877237,0.9917072539379607,1638.5253693877237,0.9929566464348492,1638.5198138899457,1.0020187126348192,1638.4809254012996,0.9944590821716212
1638.5267582620525,0.997309598505028,1638.5267582620525,0.9925841153570881,1638.5212027642733,1.0006168527652135,1638.4823142760931,1.0159217374938652
1638.5281471363808,1.0010744586820144,1638.5281471363808,0.9923693527265982,1638.5225916390666,0.996638720402276,1638.4837031508875,0.9914582931198628
1638.5295360107095,1.0119938454748738,1638.5295360107095,0.9921516528061157,1638.5239805133954,0.9971451627185824,1638.4850920256815,1.006892692833398
1638.5323137593657,1.0185964027085679,1638.5323137593657,0.9916748689752504,1638.5253693877237,0.9847223091153507,1638.4864809000103,0.9985953002669384
1638.533702633695,0.9961953209755187,1638.533702633695,0.9910853497534757,1638.5267582620525,0.989913665569246,1638.4878697748045,1.0160849005578785
1638.5350915080228,1.0170107249272977,1638.5350915080228,0.9906299848991369,1638.5281471363808,0.9934356125934004,1638.490647524392,1.0101388288764546
1638.5364803823506,1.0236850297975462,1638.5364803823506,0.99031570156198,1638.5295360107095,1.004051366417513,1638.4920363991853,1.003933641168795
1638.5378692566792,0.9973954968717826,1638.5378692566792,0.990083189501724,1638.5323137593657,1.0101164541946803,1638.4934252735145,0.9858545540695802
1638.5392581310075,0.9960094516252909,1638.5392581310075,0.9896848371356742,1638.533702633695,0.987314588111798,1638.4948141483094,0.979810205901288
1638.540647005336,1.0156276116669958,1638.540647005336,0.989259402826697,1638.5350915080228,1.0074813190769891,1638.496203023103,0.992467047041994
1638.5420358796648,1.0073612387449917,1638.5420358796648,0.9888235364196646,1638.5364803823506,1.0137713584624533,1638.4975918974308,0.9944970330741686
1638.5434247535277,1.0171802863200077,1638.5434247535277,0.988355105231741,1638.5378692566792,0.9875045147374714,1638.500369646553,1.0031332299565665
1638.5462025021832,1.0065067300665116,1638.5462025021832,0.9870553635083145,1638.5392581310075,0.9857354519173682,1638.501758521347,1.000046642605852
1638.5475913765124,1.015107996347901,1638.5475913765124,0.9867009764195817,1638.540647005336,1.0047191646119968,1638.503147396142,1.0097180988026362
1638.548980250376,0.9830154376767497,1638.548980250376,0.9863950028312418,1638.5420358796648,0.9961025025479168,1638.504536270471,0.9969650465303022
1638.5503691247038,0.993328788970247,1638.5503691247038,0.9861275171762034,1638.5434247535277,1.0053353289254636,1638.505925145264,0.9872510784381474
1638.5517579990317,1.0161675277158482,1638.5517579990317,0.9857817544017904,1638.5462025021832,0.9934778663193656,1638.508702894386,0.9955689524440768
1638.5531468728948,1.0110444328201997,1638.5531468728948,0.9848963177356205,1638.5475913765124,1.0016080511677992,1638.5100917687143,1.0119078056400892
1638.5545357472224,1.0110126821214984,1638.5545357472224,0.9844543266509572,1638.548980250376,0.969641515430312,1638.5114806430431,0.9978455763145748
1638.5559246210853,1.0092200527023816,1638.5559246210853,0.9838639170625908,1638.5503691247038,0.9795488524068746,1638.514258392166,0.998421035918507
1638.5573134954143,1.0218734109920737,1638.5573134954143,0.9834892512850455,1638.5517579990317,1.0017194082378589,1638.5156472664935,1.0024630221809687
1638.5587023697428,1.0190898200032719,1638.5587023697428,0.9829548058106458,1638.5531468728948,0.9957739389517136,1638.5170361412877,1.0209067305366302
1638.5614801174672,1.0328803845708205,1638.5614801174672,0.9819286168991801,1638.5545357472224,0.995295809213498,1638.518425015617,0.994921807802
1638.5628689917964,0.9947579031175798,1638.5628689917964,0.9816291439661863,1638.5559246210853,0.9929351942298794,1638.5198138899457,1.0020187126348192
1638.56425786566,0.9999088050786382,1638.56425786566,0.9813004366529576,1638.5573134954143,1.00500151588469,1638.5212027642733,1.0006168527652135
1638.56703561385,0.9930598207859341,1638.56703561385,0.9807000578582297,1638.5587023697428,1.001719236124922,1638.5225916390666,0.996638720402276
1638.5684244877132,1.0234127588297015,1638.5684244877132,0.9802256958665321,1638.5614801174672,1.014214807443919,1638.5239805133954,0.9971451627185824
1638.5698133620408,1.0136841647705457,1638.5698133620408,0.9799709685879505,1638.5628689917964,0.9764833488909084,1638.5253693877237,0.9847223091153507
1638.5712022359037,1.018558586419069,1638.5712022359037,0.9796611795074806,1638.56425786566,0.9812109470368048,1638.5267582620525,0.989913665569246
1638.5725911097672,1.0029560153525667,1638.5725911097672,0.9792888504222469,1638.56703561385,0.9738938237014488,1638.5281471363808,0.9934356125934004
1638.57397998363,1.0205047025019616,1638.57397998363,0.9789508515605552,1638.5684244877132,1.0031754836825315,1638.5295360107095,1.004051366417513
1638.575368857492,1.0077204943856168,1638.575368857492,0.9786354850926495,1638.5698133620408,0.9933810527924593,1638.5323137593657,1.0101164541946803
1638.57675773182,1.0023569768771114,1638.57675773182,0.9783483892681797,1638.5712022359037,0.9978423061687772,1638.533702633695,0.987314588111798
1638.5781466056835,0.9993161250048872,1638.5781466056835,0.9780515039527697,1638.5725911097672,0.9821836432986925,1638.5350915080228,1.0074813190769891
1638.5795354795466,1.025285783067072,1638.5795354795466,0.9777231434689481,1638.57397998363,0.9990239475358462,1638.5364803823506,1.0137713584624533
1638.5809243534088,1.026397161689319,1638.5809243534088,0.9775006375524425,1638.575368857492,0.9861910348608728,1638.5378692566792,0.9875045147374714
1638.5823132272717,1.0108200973197798,1638.5823132272717,0.9773644379064663,1638.57675773182,0.980654333799444,1638.5392581310075,0.9857354519173682
1638.5837021011346,1.0147725530431948,1638.5837021011346,0.9771693885480333,1638.5781466056835,0.977382638985284,1638.540647005336,1.0047191646119968
1638.5850909749968,1.014305836609345,1638.5850909749968,0.9770249485045203,1638.5795354795466,1.0024456387743597,1638.5420358796648,0.9961025025479168
1638.587868722723,1.0228753367116168,1638.587868722723,0.9767481452157214,1638.5809243534088,1.003303879933327,1638.5434247535277,1.0053353289254636
1638.5892575965852,1.0135190171318835,1638.5892575965852,0.9765363843207178,1638.5823132272717,0.9879396162415062,1638.5462025021832,0.9934778663193656
1638.5906464704474,0.991360156590884,1638.5906464704474,0.9762773887216348,1638.5837021011346,0.9916046751725454,1638.5475913765124,1.0016080511677992
1638.59203534431,1.0069097914392087,1638.59203534431,0.9760781163638256,1638.5850909749968,0.9910021077810796,1638.548980250376,0.969641515430312
1638.593424217708,0.9870924415778833,1638.593424217708,0.9759272299463668,1638.587868722723,0.9990915879199782,1638.5503691247038,0.9795488524068746
1638.594813091571,1.0023466420893776,1638.594813091571,0.9758369153457538,1638.5892575965852,0.9897381964302572,1638.5517579990317,1.0017194082378589
1638.5962019654332,1.0188586940533346,1638.5962019654332,0.9756526719466486,1638.5906464704474,0.9678425049592192,1638.5531468728948,0.9957739389517136
1638.597590839296,1.0312042374002053,1638.597590839296,0.9755701542974057,1638.59203534431,0.9828226125762752,1638.5545357472224,0.995295809213498
1638.6003685865546,1.0130912653596822,1638.6003685865546,0.9753356917964676,1638.593424217708,0.9633303922100996,1638.5559246210853,0.9929351942298794
1638.6017574604182,1.0083266145109704,1638.6017574604182,0.9752874700990476,1638.594813091571,0.9781268553236726,1638.5573134954143,1.00500151588469
1638.603146333816,1.0222253156263734,1638.603146333816,0.9751810162586665,1638.5962019654332,0.994052207189209,1638.5587023697428,1.001719236124922
1638.6045352076785,0.9997125562804468,1638.6045352076785,0.9750611689865224,1638.597590839296,1.0060120769926568,1638.5614801174672,1.014214807443919
1638.6059240810748,1.0274568942488183,1638.6059240810748,0.9749830498235914,1638.6003685865546,0.9881040701525444,1638.5628689917964,0.9764833488909084
1638.6073129549377,1.0189049022288637,1638.6073129549377,0.9750013285062059,1638.6017574604182,0.983408312899942,1638.56425786566,0.9812109470368048
1638.608701828335,1.009501480021818,1638.608701828335,0.9749537402176635,1638.603146333816,0.996854722137863,1638.56703561385,0.9738938237014488
1638.6128684494577,1.0118955566677226,1638.6128684494577,0.974877365638283,1638.6045352076785,0.974780893777317,1638.5684244877132,1.0031754836825315
1638.6142573228542,1.0215088977259688,1638.6142573228542,0.9748728662678561,1638.6059240810748,1.001753056316988,1638.5698133620408,0.9933810527924593
1638.6156461967164,1.0337059225411487,1638.6156461967164,0.9748357492616896,1638.6073129549377,0.993433633294628,1638.5712022359037,0.9978423061687772
1638.6170350701143,1.0161936053931666,1638.6170350701143,0.9748691582506597,1638.608701828335,0.9842172437025384,1638.5725911097672,0.9821836432986925
1638.6184239435122,1.0177399487242291,1638.6184239435122,0.974892891226287,1638.6100907021976,1.012086630981344,1638.57397998363,0.9990239475358462
1638.6198128169087,1.0242688934552011,1638.6198128169087,0.9749454786725616,1638.6128684494577,0.9864740745853132,1638.575368857492,0.9861910348608728
1638.621201690771,0.9989052728931898,1638.621201690771,0.9749518517144073,1638.6142573228542,0.9958413070442335,1638.57675773182,0.980654333799444
1638.622590564168,1.0176872808458781,1638.622590564168,0.9749622643850732,1638.6156461967164,1.0076934875166468,1638.5781466056835,0.977382638985284
1638.6239794375654,1.03003595495554,1638.6239794375654,0.9751059606148126,1638.6170350701143,0.9906558047093394,1638.5795354795466,1.0024456387743597
1638.6253683109624,1.0198730235458884,1638.6253683109624,0.9752128849893371,1638.6184239435122,0.9921874411282569,1638.5809243534088,1.003303879933327
1638.6267571843598,1.0103779368552606,1638.6267571843598,0.9752514638980327,1638.6198128169087,0.9986063266190961,1638.5823132272717,0.9879396162415062
1638.6281460582225,1.0029359622106238,1638.6281460582225,0.9752707162482669,1638.621201690771,0.9738845454945008,1638.5837021011346,0.9916046751725454
1638.629534931619,0.9972222117465429,1638.629534931619,0.9751996114527807,1638.622590564168,0.9922066957693851,1638.5850909749968,0.9910021077810796
1638.6323126784134,1.0022995854293002,1638.6323126784134,0.9751501087701567,1638.6239794375654,1.0043941993247176,1638.587868722723,0.9990915879199782
1638.6337015518109,0.9995640261957337,1638.6337015518109,0.9751661244960821,1638.6253683109624,0.994593313614984,1638.5892575965852,0.9897381964302572
1638.6350904252074,0.992012170391903,1638.6350904252074,0.9751375237251597,1638.6267571843598,0.985372562008367,1638.5906464704474,0.9678425049592192
1638.6378681715355,1.022865733195656,1638.6378681715355,0.975288809431996,1638.6281460582225,0.9781340742162998,1638.59203534431,0.9828226125762752
1638.6392570449332,0.9959698361807716,1638.6392570449332,0.9752838030294005,1638.629534931619,0.9724907134273112,1638.593424217708,0.9633303922100996
1638.6406459183302,1.002646751482727,1638.6406459183302,0.9753057685801466,1638.6323126784134,0.977392549751665,1638.594813091571,0.9781268553236726
1638.6420347917276,0.9844321113071495,1638.6420347917276,0.9752520737731477,1638.6337015518109,0.9747409776109939,1638.5962019654332,0.994052207189209
1638.643423665124,0.9998849329921858,1638.643423665124,0.9752809119181386,1638.6350904252074,0.9673482913411815,1638.597590839296,1.0060120769926568
1638.644812538055,0.9794938165545807,1638.644812538055,0.9754147992483094,1638.6378681715355,0.9975895031371771,1638.6003685865546,0.9881040701525444
1638.646201411452,0.9924211133347356,1638.646201411452,0.9754675443458592,1638.6392570449332,0.971353249532952,1638.6017574604182,0.983408312899942
1638.64759028485,0.9786044298727842,1638.64759028485,0.9755529669803641,1638.6406459183302,0.9778871605692484,1638.603146333816,0.996854722137863
1638.6489791577817,0.9816631563253994,1638.6489791577817,0.9755590698377671,1638.6420347917276,0.9600694580411757,1638.6045352076785,0.974780893777317
1638.6503680311782,1.0077761849092286,1638.6503680311782,0.9756137116804328,1638.643423665124,0.9751686892618259,1638.6059240810748,1.001753056316988
1638.6517569045752,0.9706785392114188,1638.6517569045752,0.9756241691353205,1638.644812538055,0.9554127644395467,1638.6073129549377,0.993433633294628
1638.653145777506,0.9514520043408494,1638.653145777506,0.9756517368136937,1638.646201411452,0.9680745863816183,1638.608701828335,0.9842172437025384
1638.6545346509026,0.9851698216769672,1638.6545346509026,0.9756520617831349,1638.64759028485,0.9546804550625222,1638.6100907021976,1.012086630981344
1638.6559235238349,0.9776622100348874,1638.6559235238349,0.9756943286763229,1638.6489791577817,0.9576703956788132,1638.6128684494577,0.9864740745853132
1638.6573123972328,0.9595131208526957,1638.6573123972328,0.9756982793437107,1638.6503680311782,0.9832002643024387,1638.6142573228542,0.9958413070442335
1638.6587012701636,0.968503926656728,1638.6587012701636,0.9757164174744279,1638.6517569045752,0.947017443315627,1638.6156461967164,1.0076934875166468
1638.6600901435602,0.9879380600085357,1638.6600901435602,0.9757107042048906,1638.653145777506,0.9282858005300197,1638.6170350701143,0.9906558047093394
1638.6614790164915,0.9765656966040391,1638.6614790164915,0.975738493975921,1638.6545346509026,0.9611829677256564,1638.6184239435122,0.9921874411282569
1638.6628678894233,0.9590339798724586,1638.6628678894233,0.9757192089331016,1638.6559235238349,0.9538994736921996,1638.6198128169087,0.9986063266190961
1638.6642567628203,0.9608097768697489,1638.6642567628203,0.9757380946559863,1638.6573123972328,0.9361953010236891,1638.621201690771,0.9738845454945008
1638.665645635752,0.9547298430804736,1638.665645635752,0.975745116269122,1638.6587012701636,0.9449851816274187,1638.622590564168,0.9922066957693851
1638.6670345086834,0.9526576300056377,1638.6670345086834,0.9757383427453794,1638.6600901435602,0.9639417402417418,1638.6239794375654,1.0043941993247176
1638.6684233816145,0.9630215653047937,1638.6684233816145,0.975708679752148,1638.6614790164915,0.9528727420729713,1638.6253683109624,0.994593313614984
1638.6698122550108,0.9674066266145025,1638.6698122550108,0.9757097146747096,1638.6628678894233,0.9357478761811194,1638.6267571843598,0.985372562008367
1638.671201127943,0.9664322738442432,1638.671201127943,0.9758254370934201,1638.6642567628203,0.9374987010097321,1638.6281460582225,0.9781340742162998
1638.6725900008753,0.9687545144150296,1638.6725900008753,0.9759631801294876,1638.665645635752,0.9315729817421573,1638.629534931619,0.9724907134273112
1638.6739788738062,0.9792214507099295,1638.6739788738062,0.976026213258579,1638.6670345086834,0.9295445771054418,1638.6323126784134,0.977392549751665
1638.675367746737,0.9647647516046103,1638.675367746737,0.9760647297980805,1638.6684233816145,0.9396285000563872,1638.6337015518109,0.9747409776109939
1638.6767566196684,0.9835344428043935,1638.6767566196684,0.976148963081871,1638.6698122550108,0.9439080436284595,1638.6350904252074,0.9673482913411815
1638.6781454926002,0.9651781094561452,1638.6781454926002,0.9761231557107833,1638.671201127943,0.9430691960452465,1638.6378681715355,0.9975895031371771
1638.6795343655317,0.9429697095785987,1638.6795343655317,0.9761279845638097,1638.6725900008753,0.9454687366532898,1638.6392570449332,0.971353249532952
1638.6809232384633,0.954997400431209,1638.6809232384633,0.9761717713409411,1638.6739788738062,0.9557458044779847,1638.6406459183302,0.9778871605692484
1638.6823121113946,0.969430592152906,1638.6823121113946,0.9761970871963401,1638.675367746737,0.9416728465936661,1638.6420347917276,0.9600694580411757
1638.6837009843257,0.9614952388778117,1638.6837009843257,0.9762014756060833,1638.6767566196684,0.9600761264988146,1638.643423665124,0.9751686892618259
1638.6850898572563,0.9725693471506087,1638.6850898572563,0.9763150207106803,1638.6781454926002,0.9421327020253003,1638.644812538055,0.9554127644395467
1638.6864787301886,0.9525720179915766,1638.6864787301886,0.9763245181135046,1638.6795343655317,0.9204591221156785,1638.646201411452,0.9680745863816183
1638.6878676026545,0.9644493144869598,1638.6878676026545,0.9763509506274493,1638.6809232384633,0.9322415040049273,1638.64759028485,0.9546804550625222
1638.6892564755851,0.9635683908728531,1638.6892564755851,0.9763714127258233,1638.6823121113946,0.94635532029869,1638.6489791577817,0.9576703956788132
1638.690645348517,0.9855923036680184,1638.690645348517,0.9763958422141568,1638.6837009843257,0.9386130709807433,1638.6503680311782,0.9832002643024387
1638.6920342214482,0.975101917258009,1638.6920342214482,0.9764229766956211,1638.6850898572563,0.9495340623059194,1638.6517569045752,0.947017443315627
1638.6934230939144,0.9688143056664114,1638.6934230939144,0.9764351700522865,1638.6864787301886,0.9300194164340347,1638.653145777506,0.9282858005300197
1638.6948119668457,0.9339718992477906,1638.6948119668457,0.9764440145566605,1638.6878676026545,0.941641005031335,1638.6545346509026,0.9611829677256564
1638.6962008397777,0.9472029767533168,1638.6962008397777,0.9764825371683493,1638.6892564755851,0.9408006310544759,1638.6559235238349,0.9538994736921996
1638.6975897122427,0.9389796557498208,1638.6975897122427,0.9764689116556862,1638.690645348517,0.9623282274197258,1638.6573123972328,0.9361953010236891
1638.6989785851736,0.9688374086875312,1638.6989785851736,0.9764853762302363,1638.6920342214482,0.9521119166306723,1638.6587012701636,0.9449851816274187
1638.7003674576392,0.9605999239915353,1638.7003674576392,0.9765160899378864,1638.6934230939144,0.9459843613024703,1638.6600901435602,0.9639417402417418
1638.7031452030371,0.9665548065463724,1638.7031452030371,0.9765092829832119,1638.6948119668457,0.9119712707846215,1638.6614790164915,0.9528727420729713
1638.7045340755024,0.9483586960570471,1638.7045340755024,0.9765736709913634,1638.6962008397777,0.9249271659534918,1638.6628678894233,0.9357478761811194
1638.705922948434,0.9714244593171949,1638.705922948434,0.9766184701274798,1638.6975897122427,0.9168844425168584,1638.6642567628203,0.9374987010097321
1638.7073118208991,0.9594769219272004,1638.7073118208991,0.9766831153298382,1638.6989785851736,0.9460555615281712,1638.665645635752,0.9315729817421573
1638.708700693831,0.9621553186458739,1638.708700693831,0.9767936298250073,1638.7003674576392,0.9380412817708449,1638.6670345086834,0.9295445771054418
1638.7100895662973,0.9616632917140119,1638.7100895662973,0.9767866930014235,1638.7031452030371,0.9438497411045752,1638.6684233816145,0.9396285000563872
1638.7114784387634,0.9729885805069375,1638.7114784387634,0.9768293672815379,1638.7045340755024,0.9261421332250132,1638.6698122550108,0.9439080436284595
1638.7128673112286,0.9713571323641569,1638.7128673112286,0.9769549028701983,1638.705922948434,0.9487110693027732,1638.671201127943,0.9430691960452465
1638.7142561836938,0.9667341376628669,1638.7142561836938,0.9770087359971201,1638.7073118208991,0.9371049091949419,1638.6725900008753,0.9454687366532898
1638.7156450566251,0.985577403460751,1638.7156450566251,0.9771460537185919,1638.708700693831,0.9398271861555396,1638.6739788738062,0.9557458044779847
1638.717033929091,0.9497117718332554,1638.717033929091,0.9771849778781022,1638.7100895662973,0.9393399064941929,1638.675367746737,0.9416728465936661
1638.718422801557,0.969055685830032,1638.718422801557,0.9773001946428443,1638.7114784387634,0.9504438194687534,1638.6767566196684,0.9600761264988146
1638.7198116740226,0.979961929704239,1638.7198116740226,0.9774544280254196,1638.7128673112286,0.9489721129010992,1638.6781454926002,0.9421327020253003
1638.7212005464887,0.9550812286206132,1638.7212005464887,0.9775516830830261,1638.7142561836938,0.9445076978832635,1638.6795343655317,0.9204591221156785
1638.722589418954,0.9458840779180318,1638.722589418954,0.9777023653804806,1638.7156450566251,0.9630530704258893,1638.6809232384633,0.9322415040049273
1638.7239782914196,0.9698026387472075,1638.7239782914196,0.9777372056987198,1638.717033929091,0.9280440767494529,1638.6823121113946,0.94635532029869
1638.7253671638862,0.9691304561809827,1638.7253671638862,0.9777920918613857,1638.718422801557,0.9470583103814453,1638.6837009843257,0.9386130709807433
1638.7267560363514,0.9715230083457488,1638.7267560363514,0.9777928790947008,1638.7198116740226,0.9578681274857433,1638.6850898572563,0.9495340623059194
1638.7281449088166,0.9576591666720825,1638.7281449088166,0.9778399002706398,1638.7212005464887,0.9336412625190849,1638.6864787301886,0.9300194164340347
1638.729533780817,0.952735238174064,1638.729533780817,0.9779386644588445,1638.722589418954,0.9247931003561944,1638.6878676026545,0.941641005031335
1638.7309226532827,0.96641255302201,1638.7309226532827,0.978092811059309,1638.7239782914196,0.9482121220879397,1638.6892564755851,0.9408006310544759
1638.7323115257489,0.9554592276568272,1638.7323115257489,0.9781511359434348,1638.7253671638862,0.9476080960357821,1638.690645348517,0.9623282274197258
1638.7337003982143,0.9718002355926169,1638.7337003982143,0.9781427855694439,1638.7267560363514,0.9499482794371348,1638.6920342214482,0.9521119166306723
1638.7350892702143,0.9672902670705413,1638.7350892702143,0.9781743378047738,1638.7281449088166,0.9364373440318932,1638.6934230939144,0.9459843613024703
1638.7364781426809,0.9514498375562693,1638.7364781426809,0.9782159793376883,1638.729533780817,0.9317166264028233,1638.6948119668457,0.9119712707846215
1638.737867015146,0.9370142150787277,1638.737867015146,0.9782585587007496,1638.7309226532827,0.9452411706283013,1638.6962008397777,0.9249271659534918
1638.739255887146,0.955520179685118,1638.739255887146,0.9782482599390221,1638.7323115257489,0.9345835288801625,1638.6975897122427,0.9168844425168584
1638.7406447596125,0.9640149289435507,1638.7406447596125,0.9783812751000721,1638.7337003982143,0.950559389459604,1638.6989785851736,0.9460555615281712
1638.742033631612,0.9640452607323841,1638.742033631612,0.9783784817808879,1638.7350892702143,0.9461785164567296,1638.7003674576392,0.9380412817708449
1638.7434225040772,0.9602080318866091,1638.7434225040772,0.9784234048897035,1638.7364781426809,0.9307234346357904,1638.7031452030371,0.9438497411045752
1638.7448113760777,0.9700575951055661,1638.7448113760777,0.978543396384117,1638.737867015146,0.9166421755250304,1638.7045340755024,0.9261421332250132
1638.7462002485431,0.9585415285357064,1638.7462002485431,0.978680421414953,1638.739255887146,0.9347359531135885,1638.705922948434,0.9487110693027732
1638.7475891205438,0.9527724203228443,1638.7475891205438,0.978764609127858,1638.7406447596125,0.9431741553952965,1638.7073118208991,0.9371049091949419
1638.7489779930097,0.9472113826953187,1638.7489779930097,0.9788226888235715,1638.742033631612,0.9432011385634101,1638.708700693831,0.9398271861555396
1638.7503668650097,0.9582693913595766,1638.7503668650097,0.9788226888235715,1638.7434225040772,0.9394900119609371,1638.7100895662973,0.9393399064941929
1638.751755737009,0.9467723451119361,1638.751755737009,0.9787153301307828,1638.7448113760777,0.9492434538028093,1638.7114784387634,0.9504438194687534
1638.7531446090086,0.9709006472961688,1638.7531446090086,0.9786287401513005,1638.7462002485431,0.9381058270910584,1638.7128673112286,0.9489721129010992
1638.7545334814752,0.975634544980636,1638.7545334814752,0.9785010400318428,1638.7475891205438,0.9325399255650919,1638.7142561836938,0.9445076978832635
1638.755922353476,0.9426646048145769,1638.755922353476,0.978422375976754,1638.7489779930097,0.9271519924941248,1638.7156450566251,0.9630530704258893
1638.7573112254756,0.9584332174594099,1638.7573112254756,0.9783894290619677,1638.7503668650097,0.9379758222679081,1638.717033929091,0.9280440767494529
1638.7587000974752,0.9502386071159359,1638.7587000974752,0.9783894290619677,1638.751755737009,0.926620608304924,1638.718422801557,0.9470583103814453
1638.7600889694756,0.9498367807243834,1638.7600889694756,0.978314182545858,1638.7531446090086,0.9501512772755318,1638.7198116740226,0.9578681274857433
1638.7614778414752,0.9681177539093218,1638.7614778414752,0.9781887843859429,1638.7545334814752,0.954659416954546,1638.7212005464887,0.9336412625190849
1638.7628667134752,0.9781497626670358,1638.7628667134752,0.9781083440682133,1638.755922353476,0.9223241423918662,1638.722589418954,0.9247931003561944
1638.764255585476,0.945276206426025,1638.764255585476,0.9781083440682133,1638.7573112254756,0.9377209284241368,1638.7239782914196,0.9482121220879397
1638.7656444574766,0.961837999738288,1638.7656444574766,0.9780281903372762,1638.7587000974752,0.9297034082887999,1638.7253671638862,0.9476080960357821
1638.767033329476,0.9396681278599416,1638.767033329476,0.9779353400472266,1638.7600889694756,0.9292387936863645,1638.7267560363514,0.9499482794371348
1638.7684222014752,0.957202991302497,1638.7684222014752,0.9777907063887898,1638.7614778414752,0.9470019288390089,1638.7281449088166,0.9364373440318932
1638.769811073476,0.9630230639349429,1638.769811073476,0.977714254170374,1638.7628667134752,0.9567364446129702,1638.729533780817,0.9317166264028233
1638.7711999454766,0.958700699210687,1638.7711999454766,0.9776185803671725,1638.764255585476,0.9245825449544419,1638.7309226532827,0.9452411706283013
1638.7725888174762,0.97608480110791,1638.7725888174762,0.9775244223419308,1638.7656444574766,0.9407046782816633,1638.7323115257489,0.9345835288801625
1638.7739776890105,0.9533522876766308,1638.7739776890105,0.9774446898101575,1638.767033329476,0.9189346701502528,1638.7337003982143,0.950559389459604
1638.775366561011,0.9471722958593111,1638.775366561011,0.9773606004285837,1638.7684222014752,0.9359441890231311,1638.7350892702143,0.9461785164567296
1638.7767554330103,0.9695668871020887,1638.7767554330103,0.9773298971838755,1638.769811073476,0.9415613767040211,1638.7364781426809,0.9307234346357904
1638.7781443045449,0.9578632198856825,1638.7781443045449,0.9772779057844193,1638.7711999454766,0.9372436165593675,1638.737867015146,0.9166421755250304
1638.7795331765458,0.9551782574833543,1638.7795331765458,0.9772062908798718,1638.7725888174762,0.9541467313597481,1638.739255887146,0.9347359531135885
1638.780922048545,0.9795919914359347,1638.780922048545,0.9770964396892752,1638.7739776890105,0.9318491311078885,1638.7406447596125,0.9431741553952965
1638.7836997920792,0.9661532748279166,1638.7836997920792,0.9769680548974735,1638.775366561011,0.9257288837903764,1638.742033631612,0.9432011385634101
1638.7850886636145,0.9794269172016803,1638.7850886636145,0.9769306226645712,1638.7767554330103,0.9475867060843746,1638.7434225040772,0.9394900119609371
1638.786477535615,0.9566687009597294,1638.786477535615,0.9768117457018544,1638.7781443045449,0.9360985615578005,1638.7448113760777,0.9492434538028093
1638.7878664071488,0.9698625442985301,1638.7878664071488,0.9766760770131568,1638.7795331765458,0.9334062021244077,1638.7462002485431,0.9381058270910584
1638.7892552786832,0.9681290054265713,1638.7892552786832,0.9766284953700499,1638.780922048545,0.9571558471801787,1638.7475891205438,0.9325399255650919
1638.7906441506836,0.9787086673685302,1638.7906441506836,0.9765914343016565,1638.7836997920792,0.9439008856414538,1638.7489779930097,0.9271519924941248
1638.7920330222175,0.9652946878667944,1638.7920330222175,0.9764801818411499,1638.7850886636145,0.9568321480762789,1638.7503668650097,0.9379758222679081
1638.793421893752,0.956039720807449,1638.793421893752,0.9763992616535847,1638.786477535615,0.9344852238427986,1638.751755737009,0.926620608304924
1638.7948107652871,0.9704853753603807,1638.7948107652871,0.9762842256631307,1638.7878664071488,0.9472415450074875,1638.7531446090086,0.9501512772755318
1638.7961996372867,0.9709287584638621,1638.7961996372867,0.9762842256631307,1638.7892552786832,0.9455023738938553,1638.7545334814752,0.954659416954546
1638.7975885088206,0.9585437690147682,1638.7975885088206,0.9762126679425877,1638.7906441506836,0.9557985012288958,1638.755922353476,0.9223241423918662
1638.7989773803552,0.9627943252496336,1638.7989773803552,0.9761098043910426,1638.7920330222175,0.9425911323384635,1638.7573112254756,0.9377209284241368
1638.8003662518902,0.9701988005520621,1638.8003662518902,0.9761375210844729,1638.793421893752,0.9334764775078925,1638.7587000974752,0.9297034082887999
1638.801755123425,0.9809410958061859,1638.801755123425,0.9761226940280332,1638.7948107652871,0.947469563201102,1638.7600889694756,0.9292387936863645
1638.8031439949589,0.9661176211862886,1638.8031439949589,0.9760180824290835,1638.7961996372867,0.9479024311309564,1638.7614778414752,0.9470019288390089
1638.8045328664932,0.9768677203306,1638.8045328664932,0.9759350010984789,1638.7975885088206,0.9357425700896503,1638.7628667134752,0.9567364446129702
1638.805921738027,0.9684108825200592,1638.805921738027,0.9758531640049689,1638.7989773803552,0.9397929804882257,1638.764255585476,0.9245825449544419
1638.807310609561,0.9541925954028934,1638.807310609561,0.9757805613526768,1638.8003662518902,0.9470474521300188,1638.7656444574766,0.9407046782816633
1638.8086994810965,0.9787726828575295,1638.8086994810965,0.9756585385254143,1638.801755123425,0.9575188651211453,1638.767033329476,0.9189346701502528
1638.8100883526315,0.9777480540722351,1638.8100883526315,0.9755500136942254,1638.8031439949589,0.9429482680311891,1638.7684222014752,0.9359441890231311
1638.8114772236995,0.9705970956400107,1638.8114772236995,0.9755500136942254,1638.8045328664932,0.9533593997139126,1638.769811073476,0.9415613767040211
1638.8128660952336,0.9635077183395284,1638.8128660952336,0.9753983720810685,1638.805921738027,0.945026823764044,1638.7711999454766,0.9372436165593675
1638.8142549667682,0.9797761739563763,1638.8142549667682,0.9753942833226572,1638.807310609561,0.9310825863808029,1638.7725888174762,0.9541467313597481
1638.815643838302,0.9850337731676253,1638.815643838302,0.9753649395713784,1638.8086994810965,0.9549479253053761,1638.7739776890105,0.9318491311078885
1638.817032709371,0.9788118718483316,1638.817032709371,0.9753649395713784,1638.8100883526315,0.9538421275396712,1638.775366561011,0.9257288837903764
1638.8184215809065,0.9721863206790818,1638.8184215809065,0.9753768175278595,1638.8114772236995,0.9468660099431879,1638.7767554330103,0.9475867060843746
1638.8198104524406,0.9768151161579051,1638.8198104524406,0.9752557705872527,1638.8128660952336,0.9398038599559206,1638.7781443045449,0.9360985615578005
1638.8211993235088,0.9845721580393281,1638.8211993235088,0.9751768030961615,1638.8142549667682,0.9556680790127947,1638.7795331765458,0.9334062021244077
1638.8225881950427,0.9699774514395132,1638.8225881950427,0.9750750470701556,1638.815643838302,0.9607674066414077,1638.780922048545,0.9571558471801787
1638.8239770661123,0.980120905644683,1638.8239770661123,0.9750443155601494,1638.817032709371,0.9546987822370957,1638.7836997920792,0.9439008856414538
1638.8253659376471,0.9631002933167765,1638.8253659376471,0.9749413240758593,1638.8184215809065,0.9482479995080819,1638.7850886636145,0.9568321480762789
1638.8267548087154,0.9732894450308022,1638.8267548087154,0.9748891827082802,1638.8198104524406,0.9526445788298544,1638.786477535615,0.9344852238427986
1638.828143679784,0.9727071810736313,1638.828143679784,0.9748724643839909,1638.8211993235088,0.9601319294942806,1638.7878664071488,0.9472415450074875
1638.8295325513188,0.9774854500836078,1638.8295325513188,0.9748617333895275,1638.8225881950427,0.9458008091193729,1638.7892552786832,0.9455023738938553
1638.8309214223868,0.9925508972851554,1638.8309214223868,0.974740662292521,1638.8239770661123,0.9556613176105136,1638.7906441506836,0.9557985012288958
1638.8323102934555,0.9915198047511986,1638.8323102934555,0.9746225252078035,1638.8253659376471,0.9389662751841066,1638.7920330222175,0.9425911323384635
1638.833699164991,0.9835957223466875,1638.833699164991,0.974566437239984,1638.8267548087154,0.9488493516046743,1638.793421893752,0.9334764775078925
1638.8350880360592,0.9912581643736722,1638.8350880360592,0.9744904083833125,1638.828143679784,0.9482654467372558,1638.7948107652871,0.947469563201102
1638.8364769071277,0.9848330509883901,1638.8364769071277,0.9744160085970145,1638.8295325513188,0.9529131602315484,1638.7961996372867,0.9479024311309564
1638.837865778196,0.999296844819499,1638.837865778196,0.9744160085970145,1638.8309214223868,0.9674797189787684,1638.7975885088206,0.9357425700896503
1638.8392546492655,0.9853545178745147,1638.8392546492655,0.9743047186269596,1638.8323102934555,0.9663575359001614,1638.7989773803552,0.9397929804882257
1638.8406435203349,0.975378015292425,1638.8406435203349,0.9742434604974082,1638.833699164991,0.9585793788118998,1638.8003662518902,0.9470474521300188
1638.842032391403,0.9915013288581568,1638.842032391403,0.9742694586163071,1638.8350880360592,0.9659715734137925,1638.801755123425,0.9575188651211453
1638.8434212624718,1.0020717699483803,1638.8434212624718,0.9742339273175793,1638.8364769071277,0.9596370906785272,1638.8031439949589,0.9429482680311891
1638.84481013354,1.0098402545743725,1638.84481013354,0.974288891437043,1638.837865778196,0.9737308429326064,1638.8045328664932,0.9533593997139126
1638.8461990046085,0.9844923159435027,1638.8461990046085,0.9742675206574932,1638.8392546492655,0.9600355562855324,1638.805921738027,0.945026823764044
1638.8475878756778,1.0126883552655015,1638.8475878756778,0.974181814885858,1638.8406435203349,0.950255652911586,1638.807310609561,0.9310825863808029
1638.8489767467474,1.0073843892747434,1638.8489767467474,0.974013160978803,1638.842032391403,0.9659894628839855,1638.8086994810965,0.9549479253053761
1638.8503656178157,0.99845271370321,1638.8503656178157,0.974013160978803,1638.8434212624718,0.9762523158908885,1638.8100883526315,0.9538421275396712
1638.8517544884182,1.0144114476767943,1638.8517544884182,0.9739380524040809,1638.84481013354,0.9838761421577666,1638.8114772236995,0.9468660099431879
1638.853143359487,1.00899299520618,1638.853143359487,0.9738936962763832,1638.8461990046085,0.9591588877606299,1638.8128660952336,0.9398038599559206
1638.8545322305563,1.0057322224830527,1638.8545322305563,0.9737879750143801,1638.8475878756778,0.9865425798463208,1638.8142549667682,0.9556680790127947
1638.85592110116,1.0114982404850994,1638.85592110116,0.9737859684793054,1638.8489767467474,0.9812056533181938,1638.815643838302,0.9607674066414077
1638.8573099722282,1.028340764057735,1638.8573099722282,0.9736232606679189,1638.8503656178157,0.9725060837619274,1638.817032709371,0.9546987822370957
1638.858698843297,1.0125180125807567,1638.858698843297,0.9735260784206063,1638.8517544884182,0.9879739096867413,1638.8184215809065,0.9482479995080819
1638.8600877138997,1.0158415222065988,1638.8600877138997,0.9734832858570341,1638.853143359487,0.9826519176183256,1638.8198104524406,0.9526445788298544
1638.8614765849677,1.0129557869375763,1638.8614765849677,0.9733041311705697,1638.8545322305563,0.9793699443384838,1638.8211993235088,0.9601319294942806
1638.8628654555716,1.0307616762749017,1638.8628654555716,0.9733041311705697,1638.85592110116,0.9849827937258959,1638.8225881950427,0.9458008091193729
1638.8642543266412,1.0301071310314796,1638.8642543266412,0.9732443739828153,1638.8573099722282,1.001216487779631,1638.8239770661123,0.9556613176105136
1638.8656431972438,1.0216597641420293,1638.8656431972438,0.9731246626835431,1638.858698843297,0.9857126901179702,1638.8253659376471,0.9389662751841066
1638.8670320678464,1.0360523398564065,1638.8670320678464,0.9729210424334456,1638.8600877138997,0.9889047429476912,1638.8267548087154,0.9488493516046743
1638.868420938915,1.046771360353512,1638.868420938915,0.9727693652428769,1638.8614765849677,0.9859140521194785,1638.828143679784,0.9482654467372558
1638.8698098095183,1.0320877784948046,1638.8698098095183,0.9726568609104921,1638.8628654555716,1.0032445977706632,1638.8295325513188,0.9529131602315484
1638.8711986801216,1.0322204611601842,1638.8711986801216,0.9724456019944234,1638.8642543266412,1.0025459698759662,1638.8309214223868,0.9674797189787684
1638.872587550725,1.041155345223397,1638.872587550725,0.9724526302783862,1638.8656431972438,0.9942023133580604,1638.8323102934555,0.9663575359001614
1638.8739764217937,1.0354648686883334,1638.8739764217937,0.9723248290292391,1638.8670320678464,1.0079971225087054,1638.833699164991,0.9585793788118998
1638.8753652923965,1.0303371667017698,1638.8753652923965,0.9721483145638828,1638.868420938915,1.0182671117655087,1638.8350880360592,0.9659715734137925
1638.8767541629989,1.050050294655394,1638.8767541629989,0.9719656826883398,1638.8698098095183,1.0038672588148398,1638.8364769071277,0.9596370906785272
1638.879531904206,1.0181979609997776,1638.879531904206,0.9719094332950421,1638.8711986801216,1.0037782477438766,1638.837865778196,0.9737308429326064
1638.8809207748084,1.043215395623547,1638.8809207748084,0.9718743475719163,1638.872587550725,1.0124742539908937,1638.8392546492655,0.9600355562855324
1638.882309645412,1.0246855383913986,1638.882309645412,0.9718743475719163,1638.8739764217937,1.0068082014131674,1638.8406435203349,0.950255652911586
1638.8850873866184,1.024099240472778,1638.8850873866184,0.9717914359742947,1638.8753652923965,1.001640540041652,1638.842032391403,0.9659894628839855
1638.8864762567557,1.0285900176690967,1638.8864762567557,0.9718194604735535,1638.8767541629989,1.0206128515018225,1638.8434212624718,0.9762523158908885
1638.8878651273592,1.052938250548784,1638.8878651273592,0.9718194604735535,1638.8781430336028,1.0236409166494052,1638.84481013354,0.9838761421577666
1638.8892539979618,1.0311825870415972,1638.8892539979618,0.9716676242589717,1638.879531904206,0.9895962032574612,1638.8461990046085,0.9591588877606299
1638.8906428685643,1.0434031804831814,1638.8906428685643,0.9716746929874316,1638.8809207748084,1.0138742819986133,1638.8475878756778,0.9865425798463208
1638.8920317387017,1.0207950033376292,1638.8920317387017,0.9716983693013981,1638.882309645412,0.9958655890905184,1638.8489767467474,0.9812056533181938
1638.8934206093056,1.042750094340693,1638.8934206093056,0.9718258915633838,1638.8836985160149,1.0322514687042317,1638.8503656178157,0.9725060837619274
1638.894809479909,1.043203902322733,1638.894809479909,0.9717988503800132,1638.8850873866184,0.9952108714792256,1638.8517544884182,0.9879739096867413
1638.8961983500458,1.0335534941679436,1638.8961983500458,0.9719413068272529,1638.8864762567557,0.9996037960196644,1638.853143359487,0.9826519176183256
1638.897587220649,1.0412938076734266,1638.897587220649,0.9719643760622153,1638.8878651273592,1.0232658825602867,1638.8545322305563,0.9793699443384838
1638.898976090786,1.0307593798905383,1638.898976090786,0.9720846866200427,1638.8892539979618,1.001966734527929,1638.85592110116,0.9849827937258959
1638.900364961389,1.048958179937146,1638.900364961389,0.9721854559538163,1638.8906428685643,1.013848465058105,1638.8573099722282,1.001216487779631
1638.9017538315272,1.048760313893179,1638.9017538315272,0.9721333758233027,1638.8920317387017,0.9919048401341896,1638.858698843297,0.9857126901179702
1638.9031427021307,1.0546204291297365,1638.9031427021307,0.9722873905690183,1638.8934206093056,1.0133715401104466,1638.8600877138997,0.9889047429476912
1638.9045315722676,1.0354989404996269,1638.9045315722676,0.9725024144484262,1638.894809479909,1.0137843529891757,1638.8614765849677,0.9859140521194785
1638.9059204424043,1.0417758371577321,1638.9059204424043,0.9725762948855217,1638.8961983500458,1.0045533337974646,1638.8628654555716,1.0032445977706632
1638.9073093130075,1.0332547126299996,1638.9073093130075,0.9726969267780977,1638.897587220649,1.0121004860727505,1638.8642543266412,1.0025459698759662
1638.9086981831454,1.0476952305961789,1638.9086981831454,0.9729040574230436,1638.898976090786,1.0019854087815634,1638.8656431972438,0.9942023133580604
1638.9100870532827,1.0480676661791957,1638.9100870532827,0.97307356961663,1638.900364961389,1.0197818864386796,1638.8670320678464,1.0079971225087054
1638.9114759234203,1.039168006863866,1638.9114759234203,0.9731394778071911,1638.9017538315272,1.0195349043744826,1638.868420938915,1.0182671117655087
1638.912864793558,1.0313786322097642,1638.912864793558,0.9732700102741065,1638.9031427021307,1.0253941450793298,1638.8698098095183,1.0038672588148398
1638.9142536636948,1.0366546258547955,1638.9142536636948,0.9734761553909316,1638.9045315722676,1.0070252197946743,1638.8711986801216,1.0037782477438766
1638.9156425338322,1.0303848066479335,1638.9156425338322,0.9736923510035974,1638.9059204424043,1.0132064838041297,1638.872587550725,1.0124742539908937
1638.9170314039704,1.029585197545586,1638.9170314039704,0.9739589190115119,1638.9073093130075,1.0050436835541872,1638.8739764217937,1.0068082014131674
1638.9184202741085,1.027301621069294,1638.9184202741085,0.9742030038987484,1638.9086981831454,1.0193069407897937,1638.8753652923965,1.001640540041652
1638.9198091442452,1.0397770897586587,1638.9198091442452,0.9744198752332885,1638.9100870532827,1.0198469451287606,1638.8767541629989,1.0206128515018225
1638.921198014382,1.0524964311375329,1638.921198014382,0.9746116555179662,1638.9114759234203,1.0112554115534422,1638.8781430336028,1.0236409166494052
1638.9225868845194,1.036946354481903,1638.9225868845194,0.9748047424285342,1638.912864793558,1.003809891967291,1638.879531904206,0.9895962032574612
1638.9239757546572,1.0408543385847593,1638.9239757546572,0.9750204763907696,1638.9142536636948,1.009158559645351,1638.8809207748084,1.0138742819986133
1638.9253646247946,1.0461113919823288,1638.9253646247946,0.9751300956279084,1638.9156425338322,1.0032778048234134,1638.882309645412,0.9958655890905184
1638.9267534944668,1.0399903631099519,1638.9267534944668,0.9753093349724966,1638.9170314039704,1.0027736860317529,1638.8836985160149,1.0322514687042317
1638.928142364604,1.014117397277483,1638.928142364604,0.9753963790681415,1638.9184202741085,1.00080032515576,1638.8850873866184,0.9952108714792256
1638.929531234741,1.03702282764835,1638.929531234741,0.9755787979379724,1638.9198091442452,1.013179462073064,1638.8864762567557,0.9996037960196644
1638.9309201044127,1.035797224156435,1638.9309201044127,0.9758310400195601,1638.921198014382,1.025775289177702,1638.8878651273592,1.0232658825602867
1638.932308974551,1.0450710104148067,1638.932308974551,0.9760511960291373,1638.9225868845194,1.0108202239929391,1638.8892539979618,1.001966734527929
1638.933697844688,1.0361655559575764,1638.933697844688,0.9762140238362843,1638.9239757546572,1.0148542930603115,1638.8906428685643,1.013848465058105
1638.9350867143592,1.0303333671957755,1638.9350867143592,0.9764130284330297,1638.9253646247946,1.0200947017011728,1638.8920317387017,0.9919048401341896
1638.936475584497,1.037437960441602,1638.936475584497,0.9765697174906843,1638.9267534944668,1.0143123094225723,1638.8934206093056,1.0133715401104466
1638.937864454169,1.055234161219861,1638.937864454169,0.9768056086774152,1638.928142364604,0.9891664372544648,1638.894809479909,1.0137843529891757
1638.9392533238408,1.0324496984791764,1638.9392533238408,0.9769987163215186,1638.929531234741,1.0116974836314143,1638.8961983500458,1.0045533337974646
1638.9406421939782,1.0497752906033035,1638.9406421939782,0.9771985434313983,1638.9309201044127,1.0107630824979474,1638.897587220649,1.0121004860727505
1638.9420310636503,1.0292886550402083,1638.9420310636503,0.9772890284304823,1638.932308974551,1.020042809650751,1638.898976090786,1.0019854087815634
1638.9434199333216,1.0333183632005065,1638.9434199333216,0.9774384479109834,1638.933697844688,1.0115193467419064,1638.900364961389,1.0197818864386796
1638.9448088034585,1.034970722852838,1638.9448088034585,0.9776184086940863,1638.9350867143592,1.006030923359228,1638.9017538315272,1.0195349043744826
1638.9461976731309,1.0391509950271283,1638.9461976731309,0.9779071226973592,1638.936475584497,1.0131304959425669,1638.9031427021307,1.0253941450793298
1638.9475865428033,1.0259835700446707,1638.9475865428033,0.978172485659633,1638.937864454169,1.030758647147568,1638.9045315722676,1.0070252197946743
1638.9489754124745,1.0421955149876798,1638.9489754124745,0.9784566776225013,1638.9392533238408,1.0087020300806944,1638.9059204424043,1.0132064838041297
1638.9503642821458,1.0398721296395157,1638.9503642821458,0.9786427766396112,1638.9406421939782,1.025838884907821,1638.9073093130075,1.0050436835541872
1638.951753151818,1.0222074613428977,1638.951753151818,0.9788738172043143,1638.9420310636503,1.0059125096587629,1638.9086981831454,1.0193069407897937
1638.9531420214892,1.0396813741841662,1638.9531420214892,0.9788738172043143,1638.9434199333216,1.010005097124621,1638.9100870532827,1.0198469451287606
1638.9545308911609,1.0331896720665201,1638.9545308911609,0.9790857717110413,1638.9448088034585,1.0118064311203596,1638.9114759234203,1.0112554115534422
1638.9559197608337,1.0323995685128562,1638.9559197608337,0.9793597791531231,1638.9461976731309,1.0161931595950768,1638.912864793558,1.003809891967291
1638.9573086305056,1.0295995597490974,1638.9573086305056,0.9795498715122052,1638.9475865428033,1.0035888989565396,1638.9142536636948,1.009158559645351
1638.9586975001769,1.0311381657145096,1638.9586975001769,0.9797866078328472,1638.9489754124745,1.019743161027917,1638.9156425338322,1.0032778048234134
1638.960086369848,1.0235228842187396,1638.960086369848,0.9800220250992614,1638.9503642821458,1.0176633483005613,1638.9170314039704,1.0027736860317529
1638.9614752395198,1.052144622572441,1638.9614752395198,0.9802624918352276,1638.951753151818,1.000612119659454,1638.9184202741085,1.00080032515576
1638.962864108726,1.0360257778953512,1638.962864108726,0.9804407054804498,1638.9531420214892,1.017716875423882,1638.9198091442452,1.013179462073064
1638.964252978398,1.059013106551327,1638.964252978398,0.9806467456161685,1638.9545308911609,1.0115813073991264,1638.921198014382,1.025775289177702
1638.9656418480697,1.0273242201558725,1638.9656418480697,0.9808511484463969,1638.9559197608337,1.0110906134165305,1638.9225868845194,1.0108202239929391
1638.9670307172762,1.0393487920157223,1638.9670307172762,0.9809670489955119,1638.9573086305056,1.0085441164612514,1638.9239757546572,1.0148542930603115
1638.9684195869474,1.0246286368619835,1638.9684195869474,0.981264085070772,1638.9586975001769,1.0102953655924036,1638.9253646247946,1.0200947017011728
1638.9698084566191,1.05622231448581,1638.9698084566191,0.9814976091481032,1638.960086369848,1.003074969727486,1638.9267534944668,1.0143123094225723
1638.971197325826,1.0181913119228516,1638.971197325826,0.9816635205607015,1638.9614752395198,1.031377909493896,1638.928142364604,0.9891664372544648
1638.9725861954971,1.0421652840987077,1638.9725861954971,0.9819466737688465,1638.962864108726,1.01576184457565,1638.929531234741,1.0116974836314143
1638.973975064703,1.0219087885254956,1638.973975064703,0.9822585584351619,1638.964252978398,1.0385177565044277,1638.9309201044127,1.0107630824979474
1638.9753639339094,1.0378536013020434,1638.9753639339094,0.982491395481088,1638.9656418480697,1.0076521411666866,1638.932308974551,1.020042809650751
1638.9767528035811,1.0247249134040346,1638.9767528035811,0.9827630621845317,1638.9670307172762,1.0195669173807131,1638.933697844688,1.0115193467419064
1638.9781416727872,1.047927038163082,1638.9781416727872,0.983119566260596,1638.9684195869474,1.0054312818876865,1638.9350867143592,1.006030923359228
1638.979530542459,1.045381046918064,1638.979530542459,0.9835424239822124,1638.9698084566191,1.0366796763966986,1638.936475584497,1.0131304959425669
1638.9809194116654,1.0494333507893645,1638.9809194116654,0.9837430910196336,1638.971197325826,0.999521267866506,1638.937864454169,1.030758647147568
1638.982308280871,1.033209789815225,1638.982308280871,0.9840071618545786,1638.9725861954971,1.023350734238091,1638.9392533238408,1.0087020300806944
1638.9836971500763,1.0250264762160377,1638.9836971500763,0.9843108765795675,1638.973975064703,1.003778653469276,1638.9406421939782,1.025838884907821
1638.9850860192837,1.0155480238662629,1638.9850860192837,0.9847572988508692,1638.9753639339094,1.0196822330483173,1638.9420310636503,1.0059125096587629
1638.9864748884904,1.0538216139447754,1638.9864748884904,0.9853800047094272,1638.9767528035811,1.007061793793728,1638.9434199333216,1.010005097124621
1638.987863757696,1.028868440324222,1638.987863757696,0.9857416332017447,1638.9781416727872,1.0302375752316404,1638.9448088034585,1.0118064311203596
1638.9892526273673,1.0242021666847654,1638.9892526273673,0.9862604962483479,1638.979530542459,1.0281766088708555,1638.9461976731309,1.0161931595950768
1638.990641496108,1.0290003367147198,1638.990641496108,0.9866542312928861,1638.9809194116654,1.0323728083246209,1638.9475865428033,1.0035888989565396
1638.992030365314,1.027864844765843,1638.992030365314,0.9870162214372629,1638.982308280871,1.0166858328764452,1638.9489754124745,1.019743161027917
1638.9934192345204,1.035939356610352,1638.9934192345204,0.9878349004984557,1638.9836971500763,1.0089447093214732,1638.9503642821458,1.0176633483005613
1638.9948081037269,1.0387952072290532,1638.9948081037269,0.9889689269372157,1638.9850860192837,1.000068328835879,1638.951753151818,1.000612119659454
1638.9961969729327,1.0272882232206306,1638.9961969729327,0.9893630110175005,1638.9864748884904,1.038414746911799,1638.9531420214892,1.017716875423882
1638.9975858421385,1.0356888546750476,1638.9975858421385,0.9901987152761167,1638.987863757696,1.0141984567149305,1638.9545308911609,1.0115813073991264
1638.998974711344,1.0218883122129336,1638.998974711344,0.9907853722821468,1638.9892526273673,1.01013013717315,1638.9559197608337,1.0110906134165305
1639.0003635800851,1.0113790191669814,1639.0003635800851,0.99116151319127,1638.990641496108,1.0152675362213828,1638.9573086305056,1.0085441164612514
1643.0711324773558,1.0178570212030402,1643.0711324773558,0.9919113706490325,1638.992030365314,1.014519275228981,1638.9586975001769,1.0102953655924036
1643.072521344233,1.0155937689471959,1643.072521344233,0.9918199321476125,1638.9934192345204,1.0233370512596214,1638.960086369848,1.003074969727486
1643.0739102111108,1.0195941864731648,1643.0739102111108,0.991732684987548,1638.9948081037269,1.0273361814008393,1638.9614752395198,1.031377909493896
1643.0752990779897,1.0076036401539106,1643.0752990779897,0.9916497168015604,1638.9961969729327,1.0163609697083813,1638.962864108726,1.01576184457565
1643.0766879448677,0.9989403185649836,1643.0766879448677,0.9915886873138575,1638.9975858421385,1.0255377733250248,1638.964252978398,1.0385177565044277
1643.078076811745,1.019999242597817,1643.078076811745,0.9915350121847538,1638.998974711344,1.012471991846666,1638.9656418480697,1.0076521411666866
1643.079465678623,1.0042720288252904,1643.079465678623,0.9914480848626219,1639.0003635800851,1.0024399590474478,1638.9670307172762,1.0195669173807131
1643.0808545459656,1.0123611218653095,1643.0808545459656,0.9913684648540562,1643.0711324773558,1.009623953026249,1638.9684195869474,1.0054312818876865
1643.082243412843,0.9736406716718367,1643.082243412843,0.9913217671650343,1643.072521344233,1.007286143006746,1638.9698084566191,1.0366796763966986
1643.0836322797215,1.0016774815785705,1643.0836322797215,0.9912627309347561,1643.0739102111108,1.0111648801487263,1638.971197325826,0.999521267866506
1643.0850211466002,1.016062615083266,1643.0850211466002,0.9911691654715115,1643.0752990779897,0.9991898644068468,1638.9725861954971,1.023350734238091
1643.0864100134777,0.9955405843174362,1643.0864100134777,0.9911565257687036,1643.0766879448677,0.9905379191907387,1638.973975064703,1.003778653469276
1643.0877988803547,1.011023305739499,1643.0877988803547,0.9910753697390693,1643.078076811745,1.0113649614376663,1638.9753639339094,1.0196822330483173
1643.0891877472327,1.0104407501300443,1643.0891877472327,0.991204912770819,1643.079465678623,0.995683579659934,1638.9767528035811,1.007061793793728
1643.090576614111,1.0014387311151545,1643.090576614111,0.9911890096983232,1643.0808545459656,1.003622891261542,1638.9781416727872,1.0302375752316404
1643.0919654809884,1.0023956272970254,1643.0919654809884,0.9913047858764871,1643.082243412843,0.965191191225476,1638.979530542459,1.0281766088708555
1643.0933543478666,1.0179542067456928,1643.0933543478666,0.9913470592853583,1643.0836322797215,0.9929255559054228,1638.9809194116654,1.0323728083246209
1643.094743214744,1.0149538909160196,1643.094743214744,0.991279298020404,1643.0850211466002,1.0070899342588822,1638.982308280871,1.0166858328764452
1643.0961320816211,0.9941938481412886,1643.0961320816211,0.991189682377115,1643.0864100134777,0.9867365468138152,1638.9836971500763,1.0089447093214732
1643.0975209484989,1.004997207641008,1643.0975209484989,0.991189682377115,1643.0877988803547,1.00200029655059,1638.9850860192837,1.000068328835879
1643.0989098153775,1.0134071833063094,1643.0989098153775,0.9911004125846661,1643.0891877472327,1.0015538355927316,1638.9864748884904,1.038414746911799
1643.1002986822557,1.002249098598695,1643.1002986822557,0.9911248075890453,1643.090576614111,0.9926150641675754,1638.987863757696,1.0141984567149305
1643.101687549133,1.0207564524386268,1643.101687549133,0.991015725506604,1643.0919654809884,0.9936795826812046,1638.9892526273673,1.01013013717315
1643.1030764160107,0.9997339811443471,1643.1030764160107,0.9909095206752776,1643.0933543478666,1.009145909344502,1638.990641496108,1.0152675362213828
1643.104465282888,1.0098378349002703,1643.104465282888,0.9909999140727235,1643.094743214744,1.0061027805103098,1638.992030365314,1.014519275228981
1643.1058541497655,1.0033142137920845,1643.1058541497655,0.990922806686511,1643.0961320816211,0.9854346845604456,1638.9934192345204,1.0233370512596214
1643.1072430166444,1.0025704363017065,1643.1072430166444,0.9909707414658292,1643.0975209484989,0.9961428630315784,1638.9948081037269,1.0273361814008393
1643.1086318835223,1.0304398344682615,1643.1086318835223,0.9909707414658292,1643.0989098153775,1.0043882774911477,1638.9961969729327,1.0163609697083813
1643.1100207503998,0.999701007719733,1643.1100207503998,0.9910015147678817,1643.1002986822557,0.9933539450049256,1638.9975858421385,1.0255377733250248
1643.111409617277,1.0346294441187944,1643.111409617277,0.9909154426170137,1643.101687549133,1.011585696279013,1638.998974711344,1.012471991846666
1643.1127984841548,1.0254465658343517,1643.1127984841548,0.9910505720004632,1643.1030764160107,0.990645920058532,1639.0003635800851,1.0024399590474478
1643.114187351033,1.005718707858901,1643.114187351033,0.9910748370437589,1643.104465282888,1.0007492076135531,1643.0711324773558,1.009623953026249
1643.1155762179108,1.0230987347960003,1643.1155762179108,0.9911963647344028,1643.1058541497655,0.9942069367193226,1643.072521344233,1.007286143006746
1643.116965084789,1.003617185151765,1643.116965084789,0.991300205869082,1643.1072430166444,0.993517968633622,1643.0739102111108,1.0111648801487263
1643.1183539516662,1.007316611182915,1643.1183539516662,0.9913303319381517,1643.1086318835223,1.0211357267989394,1643.0752990779897,0.9991898644068468
1643.1197428185435,0.9843340036106286,1643.1197428185435,0.9913495576016195,1643.1100207503998,0.9907052129652332,1643.0766879448677,0.9905379191907387
1643.121131685422,1.0171811918765024,1643.121131685422,0.9914020444457992,1643.111409617277,1.02523029356357,1643.078076811745,1.0113649614376663
1643.1225205523006,1.025783416770982,1643.1225205523006,0.9913070953593845,1643.1127984841548,1.0162694056260448,1643.079465678623,0.995683579659934
1643.1239094191776,1.020124602830798,1643.1239094191776,0.9912403141027998,1643.114187351033,0.99674250450312,1643.0808545459656,1.003622891261542
1643.1252982860549,1.0045490384779916,1643.1252982860549,0.9911728888643127,1643.1155762179108,1.0140917466941624,1643.082243412843,0.965191191225476
1643.126687152933,0.9982650270094122,1643.126687152933,0.9911477495499025,1643.116965084789,0.9948859222546932,1643.0836322797215,0.9929255559054228
1643.1280760198104,0.9915321299547474,1643.1280760198104,0.9911451063416448,1643.1183539516662,0.9985835105307732,1643.0850211466002,1.0070899342588822
1643.129464886688,1.0154969528758029,1643.129464886688,0.9910580760359736,1643.1197428185435,0.9758190790116276,1643.0864100134777,0.9867365468138152
1643.1308537535667,1.015715891525553,1643.1308537535667,0.9911568332600096,1643.121131685422,1.0084355131981793,1643.0877988803547,1.00200029655059
1643.132242620445,0.9912556104899576,1643.132242620445,0.991205684538514,1643.1225205523006,1.0168663793470671,1643.0891877472327,1.0015538355927316
1643.1336314873222,1.0251720774113975,1643.1336314873222,0.991137292801646,1643.1239094191776,1.011188631733994,1643.090576614111,0.9926150641675754
1643.1350203537338,1.0077534222176798,1643.1350203537338,0.9911118197733944,1643.1252982860549,0.9956817724740984,1643.0919654809884,0.9936795826812046
1643.1364092206124,0.9977241176899863,1643.1364092206124,0.9910196534194372,1643.126687152933,0.9894281349747516,1643.0933543478666,1.009145909344502
1643.1377980874902,0.9974657021199322,1643.1377980874902,0.9911198096637925,1643.1280760198104,0.9827522183851556,1643.094743214744,1.0061027805103098
1643.1391869543677,1.0036174912390672,1643.1391869543677,0.991110490001555,1643.129464886688,1.0064164563374869,1643.0961320816211,0.9854346845604456
1643.1405758212452,1.0116914199089133,1643.1405758212452,0.9910834179783107,1643.1308537535667,1.0067337465363346,1643.0975209484989,0.9961428630315784
1643.1419646881225,1.0192615140955064,1643.1419646881225,0.9910258171498656,1643.132242620445,0.982538195948341,1643.0989098153775,1.0043882774911477
1643.1433535549995,1.0095586050530183,1643.1433535549995,0.9910817056216217,1643.1336314873222,1.016086277461372,1643.1002986822557,0.9933539450049256
1643.1447424218784,1.0022396350319118,1643.1447424218784,0.9910181637194423,1643.1350203537338,0.9987963281770306,1643.101687549133,1.011585696279013
1643.146131288757,1.02567575497309,1643.146131288757,0.9909493517977066,1643.1364092206124,0.988764209321344,1643.1030764160107,0.990645920058532
1643.1475201556343,0.99515013220583,1643.1475201556343,0.9910003535926339,1643.1377980874902,0.9886080168312684,1643.104465282888,1.0007492076135531
1643.1489090225116,0.9952319201202252,1643.1489090225116,0.9909300678971568,1643.1391869543677,0.9946958235160832,1643.1058541497655,0.9942069367193226
1643.1502978893898,0.9923113992228111,1643.1502978893898,0.9908498881908179,1643.1405758212452,1.002670590382656,1643.1072430166444,0.993517968633622
1643.1516867562675,0.9921252771735518,1643.1516867562675,0.9908498881908179,1643.1419646881225,1.0101144748959083,1643.1086318835223,1.0211357267989394
1643.1530756231457,1.0117894885767853,1643.1530756231457,0.9908018540845724,1643.1433535549995,1.0005550642209304,1643.1100207503998,0.9907052129652332
1643.1544644895578,0.9934596689255628,1643.1544644895578,0.9907552854557797,1643.1447424218784,0.9932376827161692,1643.111409617277,1.02523029356357
1643.1558533564355,1.0057851241320312,1643.1558533564355,0.9906874242871331,1643.146131288757,1.016392724545207,1643.1127984841548,1.0162694056260448
1643.1572422233128,1.0176589918795997,1643.1572422233128,0.9906567527913585,1643.1475201556343,0.986194132893734,1643.114187351033,0.99674250450312
1643.15863109019,0.9831925640105785,1643.15863109019,0.9905990178770999,1643.1489090225116,0.9862052341781524,1643.1155762179108,1.0140917466941624
1643.1600199570687,1.0209664944191466,1643.1600199570687,0.9906883615493264,1643.1502978893898,0.9832316389703964,1643.116965084789,0.9948859222546932
1643.1614088239469,1.0015289873699809,1643.1614088239469,0.9906611236071329,1643.1516867562675,0.983047219958698,1643.1183539516662,0.9985835105307732
1643.1627976908242,0.9970645644250132,1643.1627976908242,0.9906539038430653,1643.1530756231457,1.0024829012251602,1643.1197428185435,0.9758190790116276
1643.164186557702,1.0151925948348601,1643.164186557702,0.990616440005956,1643.1544644895578,0.9842754178751504,1643.121131685422,1.0084355131981793
1643.1655754245792,0.9988464677219328,1643.1655754245792,0.9907253539534766,1643.1558533564355,0.9964186740126764,1643.1225205523006,1.0168663793470671
1643.1669642909917,0.9963719766581923,1643.1669642909917,0.9906436987080411,1643.1572422233128,1.0081507523443718,1643.1239094191776,1.011188631733994
1643.1683531578703,0.9814357398085181,1643.1683531578703,0.9906677504878378,1643.15863109019,0.9739495882929468,1643.1252982860549,0.9956817724740984
1643.169742024748,1.007153483280815,1643.169742024748,0.9907048862383895,1643.1600199570687,1.0114596235528637,1643.126687152933,0.9894281349747516
1643.1711308916254,0.9971540323709539,1643.1711308916254,0.990703361346387,1643.1614088239469,0.9921758319530593,1643.1280760198104,0.9827522183851556
1643.1725197585026,1.0039610299047477,1643.1725197585026,0.990803063843776,1643.1627976908242,0.9877459031312248,1643.129464886688,1.0064164563374869
1643.1739086253804,0.9825529378482496,1643.1739086253804,0.9908058715153191,1643.164186557702,1.005666474215718,1643.1308537535667,1.0067337465363346
1643.1752974922586,0.9804336708987288,1643.1752974922586,0.9908170231930759,1643.1655754245792,0.9895825202789916,1643.132242620445,0.982538195948341
1643.1766863591365,1.0050353314474028,1643.1766863591365,0.9908923821900052,1643.1669642909917,0.9870496202457136,1643.1336314873222,1.016086277461372
1643.1780752255488,1.0064075218415827,1643.1780752255488,0.9909388125404422,1643.1683531578703,0.9722767366044716,1643.1350203537338,0.9987963281770306
1643.1794640924263,0.9937987900307876,1643.1794640924263,0.9910174687205243,1643.169742024748,0.9977918770783176,1643.1364092206124,0.988764209321344
1643.1808529593038,1.0180545006950241,1643.1808529593038,0.9911053567697721,1643.1711308916254,0.987883851650008,1643.1377980874902,0.9886080168312684
1643.182241826182,0.995899824263235,1643.182241826182,0.9911469729820954,1643.1725197585026,0.9947276644093768,1643.1391869543677,0.9946958235160832
1643.1836306930606,0.9971676628087383,1643.1836306930606,0.9912468052891517,1643.1739086253804,0.973519219894672,1643.1405758212452,1.002670590382656
1643.185019559938,1.0089423647116118,1643.185019559938,0.991360276735465,1643.1752974922586,0.9714303712381382,1643.1419646881225,1.0101144748959083
1643.186408426815,1.0046807974421694,1643.186408426815,0.9914329766896446,1643.1766863591365,0.9958818537630384,1643.1433535549995,1.0005550642209304
1643.1877972932273,0.9977096846717114,1643.1877972932273,0.9913433828186229,1643.1780752255488,0.9972882746254672,1643.1447424218784,0.9932376827161692
1643.1891861601046,1.0000420919286244,1643.1891861601046,0.9912824060974035,1643.1794640924263,0.984871961313831,1643.146131288757,1.016392724545207
1643.1905750269823,0.9972368960254917,1643.1905750269823,0.9913774154721237,1643.1808529593038,1.008999269122414,1643.1475201556343,0.986194132893734
1643.191963893861,0.9883076179852847,1643.191963893861,0.9913333556458922,1643.182241826182,0.9870830962119062,1643.1489090225116,0.9862052341781524
1643.1933527607391,1.0094667912873014,1643.1933527607391,0.9913769573416146,1643.1836306930606,0.9884392600968118,1643.1502978893898,0.9832316389703964
1643.2044636948292,1.0128675535600105,1643.2044636948292,0.9916351574516495,1643.185019559938,1.000225381890638,1643.1516867562675,0.983047219958698
1643.205852561707,0.9926715445645382,1643.205852561707,0.9916951594931217,1643.186408426815,0.9960736736310158,1643.1530756231457,1.0024829012251602
1643.2086302954629,0.9865895356348559,1643.2086302954629,0.9917389197466125,1643.1877972932273,0.989072893873356,1643.1544644895578,0.9842754178751504
1643.21001916234,0.9884935780096644,1643.21001916234,0.991774028638394,1643.1891861601046,0.9913241310856876,1643.1558533564355,0.9964186740126764
1643.2114080287529,1.0007567094054302,1643.2114080287529,0.9918137760384788,1643.1905750269823,0.9886381365951948,1643.1572422233128,1.0081507523443718
1643.2127968956304,0.9945452867011073,1643.2127968956304,0.991874915610343,1643.191963893861,0.9797423073477508,1643.15863109019,0.9739495882929468
1643.2141857625086,1.0155155006868255,1643.2141857625086,0.9918120561818352,1643.1933527607391,1.0007621160838076,1643.1600199570687,1.0114596235528637
1643.2155746293863,1.0300346253357842,1643.2155746293863,0.9918906898470823,1643.2044636948292,1.004395075952148,1643.1614088239469,0.9921758319530593
1643.2169634957988,1.0111390457010474,1643.2169634957988,0.9919631420711075,1643.205852561707,0.9844275657112131,1643.1627976908242,0.9877459031312248
1643.218352362676,0.9814631115825581,1643.218352362676,0.9920377701615228,1643.2086302954629,0.978439240303824,1643.164186557702,1.005666474215718
1643.219741229553,0.9992705538001844,1643.219741229553,0.9921215807959398,1643.21001916234,0.9803622581458256,1643.1655754245792,0.9895825202789916
1643.2239078297214,0.9890970094367881,1643.2239078297214,0.9923867741672809,1643.2114080287529,0.9925642908512422,1643.1669642909917,0.9870496202457136
1643.2252966965991,0.9822599748577601,1643.2252966965991,0.9924450684159197,1643.2127968956304,0.9864645223173252,1643.1683531578703,0.9722767366044716
1643.2280744303546,0.9996344362810287,1643.2280744303546,0.992490200570135,1643.2141857625086,1.0072005168207263,1643.169742024748,0.9977918770783176
1643.2294632967669,0.9987864974404284,1643.2294632967669,0.9925861226069316,1643.2155746293863,1.0216817550906918,1643.1711308916254,0.987883851650008
1643.2322410305226,0.9996376733061068,1643.2322410305226,0.9927240721062333,1643.2169634957988,1.0030126648443922,1643.1725197585026,0.9947276644093768
1643.2364076306906,0.990047109409226,1643.2364076306906,0.9928949723997782,1643.218352362676,0.9736484767101508,1643.1739086253804,0.973519219894672
1643.240574230858,0.9875307843636777,1643.240574230858,0.9930482257170001,1643.219741229553,0.9913978814790732,1643.1752974922586,0.9714303712381382
1643.2419630977354,1.002025997522363,1643.2419630977354,0.9931311498461238,1643.2239078297214,0.9815667905334788,1643.1766863591365,0.9958818537630384
1643.2433519646129,1.0136041867746501,1643.2433519646129,0.9931986788455891,1643.2252966965991,0.9748390679499292,1643.1780752255488,0.9972882746254672
1643.2447408314913,0.9822104507256368,1643.2447408314913,0.9931955037103406,1643.2280744303546,0.992127382161372,1643.1794640924263,0.984871961313831
1643.2461296979038,0.9883649809106485,1643.2461296979038,0.9932732823899774,1643.2294632967669,0.9913816168065528,1643.1808529593038,1.008999269122414
1643.247518564781,0.9858014173760988,1643.247518564781,0.993347652779375,1643.2322410305226,0.9923643816752388,1643.182241826182,0.9870830962119062
1643.2489074316588,0.9979015326796402,1643.2489074316588,0.9933547822846408,1643.2364076306906,0.9830127973713536,1643.1836306930606,0.9884392600968118
1643.2502962980711,0.9928827922966896,1643.2502962980711,0.9933648892602261,1643.240574230858,0.9806656932532676,1643.185019559938,1.000225381890638
1643.251685164949,1.0046473588089504,1643.251685164949,0.9934397159598695,1643.2419630977354,0.9951432310950936,1643.186408426815,0.9960736736310158
1643.2530740318268,0.9879498957067925,1643.2530740318268,0.9935113398380728,1643.2433519646129,1.0067103391769403,1643.1877972932273,0.989072893873356
1643.254462898705,0.9825049401949751,1643.254462898705,0.9936006227779506,1643.2447408314913,0.9755270033580096,1643.1891861601046,0.9913241310856876
1643.2558517651166,1.0026523181417895,1643.2558517651166,0.993687060775429,1643.2461296979038,0.9817165287884272,1643.1905750269823,0.9886381365951948
1643.257240631994,0.981070691646985,1643.257240631994,0.9937165591590703,1643.247518564781,0.9792435240571288,1643.191963893861,0.9797423073477508
1643.2586294988716,0.9795725221001159,1643.2586294988716,0.9938030709832844,1643.2489074316588,0.9912702597364934,1643.1933527607391,1.0007621160838076
1643.2600183652846,0.9880363744278314,1643.2600183652846,0.993880516666216,1643.2502962980711,0.9862949050181852,1643.2044636948292,1.004395075952148
1643.2614072321628,0.9938373469824374,1643.2614072321628,0.9939292322296123,1643.251685164949,0.9980565867749968,1643.205852561707,0.9844275657112131
1643.26279609904,0.9855457114955484,1643.26279609904,0.9940180506087355,1643.2530740318268,0.9815394245765398,1643.2086302954629,0.978439240303824
1643.2641849654522,0.9950880283599551,1643.2641849654522,0.9940859331649924,1643.254462898705,0.9762175204601404,1643.21001916234,0.9803622581458256
1643.2655738323294,1.0129031266865511,1643.2655738323294,0.9940503290023576,1643.2558517651166,0.9963226349939852,1643.2114080287529,0.9925642908512422
1643.2669626992072,0.9986050464703113,1643.2669626992072,0.9941181611506245,1643.257240631994,0.9749061919952512,1643.2127968956304,0.9864645223173252
1643.2683515660858,1.0067682959145499,1643.2683515660858,0.9941953243744407,1643.2586294988716,0.9735021807139363,1643.2141857625086,1.0072005168207263
1643.2697404324974,0.9892580834410847,1643.2697404324974,0.9942718260569995,1643.2600183652846,0.981990102301348,1643.2155746293863,1.0216817550906918
1643.2711292993747,0.9916925267668103,1643.2711292993747,0.9942878050670733,1643.2614072321628,0.9878039912473688,1643.2169634957988,1.0030126648443922
1643.272518166253,0.9869220321423279,1643.272518166253,0.9943814384546493,1643.26279609904,0.9796502269266042,1643.218352362676,0.9736484767101508
1643.273907032665,0.995017308617703,1643.273907032665,0.994405929909268,1643.2641849654522,0.9892030112535184,1643.219741229553,0.9913978814790732
1643.2752958995432,1.0051976668778826,1643.2752958995432,0.9944690416387985,1643.2655738323294,1.006876686330283,1643.2239078297214,0.9815667905334788
1643.2766847664209,0.9912675390058818,1643.2766847664209,0.9943887066911454,1643.2669626992072,0.9927314125127998,1643.2252966965991,0.9748390679499292
1643.2780736328334,0.9931245327764855,1643.2780736328334,0.994492195713966,1643.2683515660858,1.0009243325266688,1643.2280744303546,0.992127382161372
1643.2794624997107,0.9977506934820876,1643.2794624997107,0.9945633364549196,1643.2697404324974,0.9835914410646148,1643.2294632967669,0.9913816168065528
1643.280851366588,1.004084170071391,1643.280851366588,0.994562768087575,1643.2711292993747,0.9860277857403916,1643.2322410305226,0.9923643816752388
1643.282240233001,1.0107212945264616,1643.282240233001,0.9945776787004114,1643.272518166253,0.9813769499642736,1643.2364076306906,0.9830127973713536
1643.2836290998794,0.9758459385847033,1643.2836290998794,0.9946183185423921,1643.273907032665,0.989451112051804,1643.240574230858,0.9806656932532676
1643.2850179662908,0.9862989393717505,1643.2850179662908,0.9946037414359546,1643.2752958995432,0.999637960437604,1643.2419630977354,0.9951432310950936
1643.286406833168,1.007194889619524,1643.286406833168,0.9946339512204578,1643.2766847664209,0.9857052460969734,1643.2433519646129,1.0067103391769403
1643.2877957000462,1.004756674241418,1643.2877957000462,0.9947115238536096,1643.2780736328334,0.9876545972182936,1643.2447408314913,0.9755270033580096
1643.2891845664578,0.989415766684007,1643.2891845664578,0.9947604781838496,1643.2794624997107,0.9923262586597548,1643.2461296979038,0.9817165287884272
1643.2905734333356,0.9811087747972654,1643.2905734333356,0.9948372080178387,1643.280851366588,0.998624731579118,1643.247518564781,0.9792435240571288
1643.2919623002142,1.007323157571665,1643.2919623002142,0.9947982765116432,1643.282240233001,1.005240838923203,1643.2489074316588,0.9912702597364934
1643.2933511666258,0.9794479433117175,1643.2933511666258,0.9948791783519345,1643.2836290998794,0.97059424659154,1643.2502962980711,0.9862949050181852
1643.294740033503,0.9876324595139445,1643.294740033503,0.9949547826308504,1643.2850179662908,0.9809766152734568,1643.251685164949,0.9980565867749968
1643.2961289003813,0.9906950997659292,1643.2961289003813,0.9949727484116141,1643.286406833168,1.00179023271132,1643.2530740318268,0.9815394245765398
1643.2975177667945,0.9849136028868808,1643.2975177667945,0.9950601100646344,1643.2877957000462,0.9994430425367656,1643.254462898705,0.9762175204601404
1643.298906633672,0.9837286934013307,1643.298906633672,0.9951280783636738,1643.2891845664578,0.984231701189223,1643.2558517651166,0.9963226349939852
1643.3030732338386,0.9904911064190459,1643.3030732338386,0.9952269272093189,1643.2905734333356,0.976043514281114,1643.257240631994,0.9749061919952512
1643.3044621002502,0.9970231714248653,1643.3044621002502,0.9952898404054301,1643.2919623002142,1.0020833410425587,1643.2586294988716,0.9735021807139363
1643.305850967129,1.0029033236311653,1643.305850967129,0.9953272389384699,1643.2933511666258,0.9744323650804536,1643.2600183652846,0.981990102301348
1643.307239833542,0.9769521369933205,1643.307239833542,0.9953858922891001,1643.294740033503,0.9826496390748688,1643.2614072321628,0.9878039912473688
1643.3086287004191,0.9802862503822772,1643.3086287004191,0.995367847191781,1643.2961289003813,0.9857146262520248,1643.26279609904,0.9796502269266042
1643.3100175672964,0.9691260082977552,1643.3100175672964,0.9954035780212551,1643.2975177667945,0.9800482380927752,1643.2641849654522,0.9892030112535184
1643.311406433709,1.0003760703419828,1643.311406433709,0.9953922866342612,1643.298906633672,0.9789360442956738,1643.2655738323294,1.006876686330283
1643.312795300587,0.9827866711431577,1643.312795300587,0.9954639053091835,1643.3030732338386,0.9857634202695856,1643.2669626992072,0.9927314125127998
1643.3141841669992,0.9909909452469567,1643.3141841669992,0.9954658604996711,1643.3044621002502,0.99232703316797,1643.2683515660858,1.0009243325266688
1643.315573033877,0.9789130001479285,1643.315573033877,0.9955158555221096,1643.305850967129,0.9982169960320224,1643.2697404324974,0.9835914410646148
1643.3169619007542,0.995453558836856,1643.3169619007542,0.9955894245018251,1643.307239833542,0.9724443746048396,1643.2711292993747,0.9860277857403916
1643.3197396340436,0.9955173917886828,1643.3197396340436,0.9956588835218383,1643.3086287004191,0.9757454146747104,1643.272518166253,0.9813769499642736
1643.3211285004566,0.966230516379185,1643.3211285004566,0.9957322036860323,1643.3100175672964,0.964671496213042,1643.273907032665,0.989451112051804
1643.3225173673347,0.9879885814238254,1643.3225173673347,0.9956724777494348,1643.311406433709,0.9957666241519028,1643.2752958995432,0.999637960437604
1643.3239062337464,0.9888217395093445,1643.3239062337464,0.9956848680495818,1643.312795300587,0.97832865774198,1643.2766847664209,0.9857052460969734
1643.325295100624,0.9894815509520754,1643.325295100624,0.9956937298317358,1643.3141841669992,0.9864976540576442,1643.2780736328334,0.9876545972182936
1643.3266839675014,0.9655099295603878,1643.3266839675014,0.9957508036705267,1643.315573033877,0.97452341282398,1643.2794624997107,0.9923262586597548
1643.328072833914,0.9922425103940962,1643.328072833914,0.9958494127783463,1643.3169619007542,0.9910630357606792,1643.280851366588,0.998624731579118
1643.3294617007923,0.9839232995025691,1643.3294617007923,0.9958451525936475,1643.3197396340436,0.9911957348348924,1643.282240233001,1.005240838923203
1643.3308505672046,0.9882769419153357,1643.3308505672046,0.9958728140101409,1643.3211285004566,0.9621068413429388,1643.2836290998794,0.97059424659154
1643.332239434082,0.9915109311613833,1643.332239434082,0.9959214397773906,1643.3225173673347,0.9837130388544094,1643.2850179662908,0.9809766152734568
1643.3336283004935,0.9902165554832468,1643.3336283004935,0.9960535951938831,1643.3239062337464,0.9845548432279196,1643.286406833168,1.00179023271132
1643.3350171673712,0.9817817281623061,1643.3350171673712,0.9961494198582727,1643.325295100624,0.9852205760671626,1643.2877957000462,0.9994430425367656
1643.3364060337838,0.9949972255566177,1643.3364060337838,0.9961693629146323,1643.3266839675014,0.9614072883116298,1643.2891845664578,0.984231701189223
1643.3377949006615,0.9838349080687976,1643.3377949006615,0.9962351714911216,1643.328072833914,0.9881241213096728,1643.2905734333356,0.976043514281114
1643.339183767074,1.0116334217199454,1643.339183767074,0.996287377892511,1643.3294617007923,0.979835248333581,1643.2919623002142,1.0020833410425587
1643.3405726339513,0.9946826754601661,1643.3405726339513,0.9962255257665933,1643.3308505672046,0.984198139166562,1643.2933511666258,0.9744323650804536
1643.3419615008286,1.0199078564419137,1643.3419615008286,0.9962616218742837,1643.332239434082,0.987466994117266,1643.294740033503,0.9826496390748688
1643.3433503672416,1.000988901655238,1643.3433503672416,0.9963531502670211,1643.3336283004935,0.9863087601095912,1643.2961289003813,0.9857146262520248
1643.3447392341202,0.9855202927427039,1643.3447392341202,0.9963728848554885,1643.3350171673712,0.9780012989363336,1643.2975177667945,0.9800482380927752
1643.3461281005318,0.9673781909809142,1643.3461281005318,0.9964058522384299,1643.3364060337838,0.9911857522845626,1643.298906633672,0.9789360442956738
1643.3489058338212,0.984200095736035,1643.3489058338212,0.9965855699722359,1643.3377949006615,0.9801309383588704,1643.3030732338386,0.9857634202695856
1643.3502947006984,0.9968794034893447,1643.3502947006984,0.9966170792420824,1643.339183767074,1.007877609113793,1643.3044621002502,0.99232703316797
1643.3516835671105,0.9795862009077164,1643.3516835671105,0.9965837841778111,1643.3405726339513,0.9909282713312256,1643.305850967129,0.9982169960320224
1643.3530724339892,0.9775299167518227,1643.3530724339892,0.996537386626482,1643.3419615008286,1.016095055221145,1643.307239833542,0.9724443746048396
1643.3544613004017,1.00378505802523,1643.3544613004017,0.9966428713613088,1643.3433503672416,0.9973384455465218,1643.3086287004191,0.9757454146747104
1643.355850167279,0.9845068453142751,1643.355850167279,0.9966588774861947,1643.3447392341202,0.9819456971636734,1643.3100175672964,0.964671496213042
1643.3572390336906,1.0281444380732092,1643.3572390336906,0.9967306344797117,1643.3461281005318,0.9639012908212083,1643.311406433709,0.9957666241519028
1643.3600167669813,0.9980665019246828,1643.3600167669813,0.9967854086846085,1643.3489058338212,0.9808396133758256,1643.312795300587,0.97832865774198
1643.3614056338586,0.9670010965907541,1643.3614056338586,0.9968639170333446,1643.3502947006984,0.99350703946214,1643.3141841669992,0.9864976540576442
1643.362794500271,1.0070726080623384,1643.362794500271,0.9968479570622543,1643.3516835671105,0.9762397230289775,1643.315573033877,0.97452341282398
1643.364183367148,1.0001666912990939,1643.364183367148,0.9967307434648851,1643.3530724339892,0.9741451085890638,1643.3169619007542,0.9910630357606792
1643.3655722335595,1.0077573694091406,1643.3655722335595,0.9967488115681168,1643.3544613004017,1.0004152224598433,1643.3197396340436,0.9911957348348924
1643.3669611004382,1.0054677146467978,1643.3669611004382,0.9967334843872563,1643.355850167279,0.9812174873284002,1643.3211285004566,0.9621068413429388
1643.3683499668512,1.0005196074615244,1643.3683499668512,0.9967694851988546,1643.3572390336906,1.0247830580974964,1643.3225173673347,0.9837130388544094
1643.3697388337284,0.9981147793511167,1643.3697388337284,0.9968251389484127,1643.3600167669813,0.9948581260154126,1643.3239062337464,0.9845548432279196
1643.37112770014,1.0011594031284223,1643.37112770014,0.9969457323070458,1643.3614056338586,0.9639685009229988,1643.325295100624,0.9852205760671626
1643.3725165665526,0.9800733787216569,1643.3725165665526,0.9969755048375141,1643.362794500271,1.0038982719602985,1643.3266839675014,0.9614072883116298
1643.3739054334303,0.9872956010124285,1643.3739054334303,0.9969596065758111,1643.364183367148,0.99689688980736,1643.328072833914,0.9881241213096728
1643.3752942998428,0.9872790679336876,1643.3752942998428,0.9969095331521022,1643.3655722335595,1.0044809603075726,1643.3294617007923,0.979835248333581
1643.3766831667206,0.9920097043541118,1643.3766831667206,0.9969165235587248,1643.3669611004382,1.0021833386587944,1643.3308505672046,0.984198139166562
1643.378072033133,0.9946694774576409,1643.378072033133,0.9969173023657114,1643.3683499668512,0.9972874140607836,1643.332239434082,0.987466994117266
1643.37946090001,0.9803868078146962,1643.37946090001,0.9970458925614532,1643.3697388337284,0.9949459036131412,1643.3336283004935,0.9863087601095912
1643.3808497664215,1.0076075362681307,1643.3808497664215,0.9969550211683568,1643.37112770014,0.9981015943079498,1643.3350171673712,0.9780012989363336
1643.3822386333002,1.000486775302903,1643.3822386333002,0.9969819658812281,1643.3725165665526,0.977109151528832,1643.3364060337838,0.9911857522845626
1643.3836274997127,0.9848111113779419,1643.3836274997127,0.997106645448825,1643.3739054334303,0.9842938339593796,1643.3377949006615,0.9801309383588704
1643.38501636659,0.9916751888325395,1643.38501636659,0.9970955637648038,1643.3752942998428,0.984227914704615,1643.339183767074,1.007877609113793
1643.386405233002,0.9779891956275992,1643.386405233002,0.9971760006094429,1643.3766831667206,0.9889508658012196,1643.3405726339513,0.9909282713312256
1643.3877940994137,1.00818027089402,1643.3877940994137,0.9972684505891114,1643.378072033133,0.9916032122125832,1643.3419615008286,1.016095055221145
1643.389182966291,0.9934816166178035,1643.389182966291,0.9973458793632587,1643.37946090001,0.9774906398530776,1643.3433503672416,0.9973384455465218
1643.390571832704,0.9909105888104883,1643.390571832704,0.9974124693397621,1643.3808497664215,1.00453939264959,1643.3447392341202,0.9819456971636734
1643.3919606995826,0.9634041619934575,1643.3919606995826,0.9974343755489586,1643.3822386333002,0.9974672720796588,1643.3461281005318,0.9639012908212083
1643.3933495659942,1.001328920734013,1643.3933495659942,0.9974583069636807,1643.3836274997127,0.9819617036667888,1643.3489058338212,0.9808396133758256
1643.3947384328717,0.9862502367082613,1643.3947384328717,0.9975046516718048,1643.38501636659,0.9887949314805492,1643.3502947006984,0.99350703946214
1643.3961272992835,0.9832948161161766,1643.3961272992835,0.9975236526925834,1643.386405233002,0.9752273547351754,1643.3516835671105,0.9762397230289775
1643.397516165696,1.0007882437621753,1643.397516165696,0.9974851222945154,1643.3877940994137,1.00542637666899,1643.3530724339892,0.9741451085890638
1643.3989050325738,0.9827745239208852,1643.3989050325738,0.9975832814924304,1643.389182966291,0.9908447965569152,1643.3544613004017,1.0004152224598433
1643.4002938989863,0.9685990558406116,1643.4002938989863,0.997708979223331,1643.390571832704,0.9883465772803868,1643.355850167279,0.9812174873284002
1643.4030716322752,0.9874053628581545,1643.4030716322752,0.9979371636022079,1643.3919606995826,0.960932428719212,1643.3572390336906,1.0247830580974964
1643.4044604986873,0.9882523721393518,1643.4044604986873,0.9979668421025182,1643.3933495659942,0.9987838499891182,1643.3600167669813,0.9948581260154126
1643.405849365566,0.9689013473013397,1643.405849365566,0.9980266245115873,1643.3947384328717,0.9837891988289093,1643.3614056338586,0.9639685009229988
1643.4072382319785,0.9893157901320878,1643.4072382319785,0.9980923550649814,1643.3961272992835,0.9808598366458906,1643.362794500271,1.0038982719602985
1643.4086270988555,0.9840899419136944,1643.4086270988555,0.9980415444654032,1643.397516165696,0.9982713837200268,1643.364183367148,0.99689688980736
1643.4100159652678,1.0067177112105103,1643.4100159652678,0.9980996733204085,1643.3989050325738,0.9803994345401577,1643.3655722335595,1.0044809603075726
1643.4114048316794,0.989315905551428,1643.4114048316794,0.998085279755072,1643.4002938989863,0.9663799752794188,1643.3669611004382,1.0021833386587944
1643.4127936985572,0.9920422717392964,1643.4127936985572,0.9981444870487679,1643.4030716322752,0.9853685071362756,1643.3683499668512,0.9972874140607836
1643.41418256497,0.9897295126980221,1643.41418256497,0.9982465686939934,1643.4044604986873,0.9862430990242316,1643.3697388337284,0.9949459036131412
1643.415571431383,1.0128294151532615,1643.415571431383,0.9981967277073538,1643.405849365566,0.9669893411318852,1643.37112770014,0.9981015943079498
1643.41696029826,0.978044896762684,1643.41696029826,0.9983140025073608,1643.4072382319785,0.9874285268759084,1643.3725165665526,0.977109151528832
1643.4183491646716,0.9959481814048894,1643.4183491646716,0.9983915636443754,1643.4086270988555,0.9821626455204124,1643.3739054334303,0.9842938339593796
1643.4197380315493,0.9997864306264749,1643.4197380315493,0.9984989178821322,1643.4100159652678,1.0048046186850796,1643.3752942998428,0.984227914704615
1643.4211268979618,0.9941700917910895,1643.4211268979618,0.9984332567128841,1643.4114048316794,0.9874216423584394,1643.3766831667206,0.9889508658012196
1643.422515764374,1.0154022882328912,1643.422515764374,0.9984654239282987,1643.4127936985572,0.9902015244559144,1643.378072033133,0.9916032122125832
1643.423904631252,1.036283832116714,1643.423904631252,0.9984285559855239,1643.41418256497,0.9879940899859788,1643.37946090001,0.9774906398530776
1643.4252934976637,1.0363313012161592,1643.4252934976637,0.9985306333898695,1643.415571431383,1.0110030079317387,1643.3808497664215,1.00453939264959
1643.426682364075,1.0027801518588075,1643.426682364075,0.9986834563183055,1643.41696029826,0.9763959155190536,1643.3822386333002,0.9974672720796588
1643.4280712309535,1.0245304421175139,1643.4280712309535,0.9987909167304404,1643.4183491646716,0.9943462621415996,1643.3836274997127,0.9819617036667888
1643.4294600973665,1.0042772354598786,1643.4294600973665,0.9988816038058909,1643.4197380315493,0.9982856690937746,1643.38501636659,0.9887949314805492
1643.430848963778,1.02083837837339,1643.430848963778,0.9989830300966901,1643.4211268979618,0.9926124824735244,1643.386405233002,0.9752273547351754
1643.4322378306554,1.0005787477507921,1643.4322378306554,0.9989534525788835,1643.422515764374,1.0138440761782184,1643.3877940994137,1.00542637666899
1643.433626697068,1.0184472004461778,1643.433626697068,0.9990387049859522,1643.423904631252,1.0346553700914358,1643.389182966291,0.9908447965569152
1643.4350155634795,1.0143989854403204,1643.4350155634795,0.9990879227417021,1643.4252934976637,1.034808550605119,1643.390571832704,0.9883465772803868
1643.4364044303572,1.0043328227215234,1643.4364044303572,0.9990281926089905,1643.426682364075,1.001459947985749,1643.3919606995826,0.960932428719212
1643.4377932967702,0.9707565829479937,1643.4377932967702,0.9990325400694176,1643.4280712309535,1.023291699500795,1643.3933495659942,0.9987838499891182
1643.4391821631827,0.9802077710390983,1643.4391821631827,0.9990842357080006,1643.4294600973665,1.0031540556219098,1643.3947384328717,0.9837891988289093
1643.44057103006,1.0175939600454258,1643.44057103006,0.9991945106283169,1643.430848963778,1.0198002164664406,1643.3961272992835,0.9808598366458906
1643.4419598964716,0.9872757509603446,1643.4419598964716,0.9993071467803032,1643.4322378306554,0.9995315946427096,1643.397516165696,0.9982713837200268
1643.4433487628846,1.0005344477272597,1643.4433487628846,0.9994474315074858,1643.433626697068,1.0174681722303178,1643.3989050325738,0.9803994345401577
1643.4447376297624,1.0090464212872712,1643.4447376297624,0.9994381495025412,1643.4350155634795,1.0134737751948597,1643.4002938989863,0.9663799752794188
1643.446126496174,0.9947832721281342,1643.446126496174,0.9994216803324801,1643.4364044303572,1.003356804661369,1643.4030716322752,0.9853685071362756
1643.447515362586,1.0126631922547764,1643.447515362586,0.999382974559595,1643.4377932967702,0.9698174148516424,1643.4044604986873,0.9862430990242316
1643.448904229463,1.0005432504125933,1643.448904229463,0.9994591947917681,1643.4391821631827,0.9793101317636403,1643.405849365566,0.9669893411318852
1643.450293095875,0.9925316837775456,1643.450293095875,0.9994044218248669,1643.44057103006,1.0167742989259203,1643.4072382319785,0.9874285268759084
1643.451681962288,0.9928012713520816,1643.451681962288,0.9994740421350612,1643.4419598964716,0.9865917137775632,1643.4086270988555,0.9821626455204124
1643.453070828701,0.9794415995187938,1643.453070828701,0.9993957947010738,1643.4433487628846,0.9999815839157706,1643.4100159652678,1.0048046186850796
1643.4544596955782,1.0181990851899103,1643.4544596955782,0.9994665701889457,1643.4447376297624,1.008479488053512,1643.4114048316794,0.9874216423584394
1643.4558485619898,1.0010627456383616,1643.4558485619898,0.9994519381539654,1643.446126496174,0.9942079693969428,1643.4127936985572,0.9902015244559144
1643.4572374284023,0.9856789881274155,1643.4572374284023,0.999505417937857,1643.447515362586,1.0120383533025934,1643.41418256497,0.9879940899859788
1643.45862629528,1.0141951270392,1643.45862629528,0.9994696489467819,1643.448904229463,1.000002151411709,1643.415571431383,1.0110030079317387
1643.4600151616924,0.9990474849092172,1643.4600151616924,0.9995008694354113,1643.450293095875,0.9919405535685596,1643.41696029826,0.9763959155190536
1643.4614040281049,1.0002529162992864,1643.4614040281049,0.9995933175918932,1643.451681962288,0.9922790997150928,1643.4183491646716,0.9943462621415996
1643.4627928945167,1.0021790716382157,1643.4627928945167,0.9996315847511107,1643.453070828701,0.9788498157143758,1643.4197380315493,0.9982856690937746
1643.464181761394,0.9802363018273678,1643.464181761394,0.9997451101551634,1643.4544596955782,1.017655947444282,1643.4211268979618,0.9926124824735244
1643.4655706278056,1.0101062587324634,1643.4655706278056,0.9997707794052277,1643.4558485619898,1.0005141013419905,1643.422515764374,1.0138440761782184
1643.4669594942186,1.0038472033974288,1643.4669594942186,0.9997566589459832,1643.4572374284023,0.9851914889808564,1643.423904631252,1.0346553700914358
1643.4683483606311,1.017425846284329,1643.4683483606311,0.9997104603458604,1643.45862629528,1.0136572475854062,1643.4252934976637,1.034808550605119
1643.4697372275084,1.0221348095726925,1643.4697372275084,0.9998578303470543,1643.4600151616924,0.9985488297740236,1643.426682364075,1.001459947985749
1643.4711260939205,1.0080622004769344,1643.4711260939205,0.9999704623618014,1643.4614040281049,0.99984613103457,1643.4280712309535,1.023291699500795
1643.472514960332,1.0193537296908615,1643.472514960332,1.0000488215768324,1643.4627928945167,1.0018098535861064,1643.4294600973665,1.0031540556219098
1643.4739038267446,1.0167704265130535,1643.4739038267446,1.0000700793667243,1643.464181761394,0.9799864495484918,1643.430848963778,1.0198002164664406
1643.4752926936233,1.0018826526781617,1643.4752926936233,1.0001096063830568,1643.4655706278056,1.0098747215750536,1643.4322378306554,0.9995315946427096
1643.476681560035,0.9881153069673929,1643.476681560035,1.000135377251417,1643.4669594942186,1.0036029261608823,1643.433626697068,1.0174681722303178
1643.478070426447,1.0208241707248522,1643.478070426447,1.0001494123326322,1643.4683483606311,1.0171312611566832,1643.4350155634795,1.0134737751948597
1643.4794592928586,1.017801803520276,1643.4794592928586,1.0001860223352115,1643.4697372275084,1.0219894930215518,1643.4364044303572,1.003356804661369
1643.4808481597363,1.0053239392878295,1643.4808481597363,1.0001779083518014,1643.4711260939205,1.0080324247003751,1643.4377932967702,0.9698174148516424
1643.4822370261488,1.007107875318388,1643.4822370261488,1.0002405836621444,1643.472514960332,1.0194034961472949,1643.4391821631827,0.9793101317636403
1643.483625892561,1.0182553957636749,1643.483625892561,1.0003366384839414,1643.4739038267446,1.0168416811406475,1643.44057103006,1.0167742989259203
1643.4850147589734,0.9937103646412572,1643.4850147589734,1.0003808117138258,1643.4752926936233,1.0019924654119692,1643.4419598964716,0.9865917137775632
1643.4864036258512,1.009028335607404,1643.4864036258512,1.00044086619828,1643.476681560035,0.9882490753017332,1643.4433487628846,0.9999815839157706
1643.4877924922628,1.0007245158958191,1643.4877924922628,1.0005629973091763,1643.478070426447,1.0209766944454075,1643.4447376297624,1.008479488053512
1643.4891813586753,1.025273290238564,1643.4891813586753,1.0006131770587914,1643.4794592928586,1.0179911373885493,1643.446126496174,0.9942079693969428
1643.4905702250885,1.0017937251392517,1643.4905702250885,1.0006383764318099,1643.4808481597363,1.0055027948128947,1643.447515362586,1.0120383533025934
1643.4919590914997,1.0134202806096784,1643.4919590914997,1.0006995129876368,1643.4822370261488,1.0073501690192066,1643.448904229463,1.000002151411709
1643.4933479583767,1.0239297391868347,1643.4933479583767,1.000753533407801,1643.483625892561,1.01859817971637,1643.450293095875,0.9919405535685596
1643.4947368247892,0.9932149697668594,1643.4947368247892,1.0006679353175834,1643.4850147589734,0.9940887811882626,1643.451681962288,0.9922790997150928
1643.4961256912009,1.006422996115342,1643.4961256912009,1.0007625542158203,1643.4864036258512,1.00947318209368,1643.453070828701,0.9788498157143758
1643.497514557613,1.0078925199754962,1643.497514557613,1.0009073378147713,1643.4877924922628,1.0012879211054952,1643.4544596955782,1.017655947444282
1643.498903424026,0.9951458457862573,1643.498903424026,1.0010452915990586,1643.4891813586753,1.0259019642991298,1643.4558485619898,1.0005141013419905
1643.500292290904,0.9944738454583668,1643.500292290904,1.0011553630496683,1643.4905702250885,1.0024332466429156,1643.4572374284023,0.9851914889808564
1643.5016811573155,1.0204118691188906,1643.5016811573155,1.0012491221595274,1643.4919590914997,1.0141291812578994,1643.45862629528,1.0136572475854062
1643.503070023727,1.013678455064606,1643.503070023727,1.0013285733115291,1643.4933479583767,1.024701304452553,1643.4600151616924,0.9985488297740236
1643.5044588901403,1.0175710497987245,1643.5044588901403,1.0014460311779565,1643.4947368247892,0.9938783731231192,1643.4614040281049,0.99984613103457
1643.5058477565524,1.0214160861716832,1643.5058477565524,1.00153196859397,1643.4961256912009,1.0071904482139282,1643.4627928945167,1.0018098535861064
1643.5072366234297,0.9973221920588707,1643.5072366234297,1.0015723201530022,1643.497514557613,1.008807018972095,1643.464181761394,0.9799864495484918
1643.508625489842,1.0123594881773357,1643.508625489842,1.0017209707495245,1643.498903424026,0.9961860633786958,1643.4655706278056,1.0098747215750536
1643.5100143562545,1.0204267778633564,1643.5100143562545,1.0017953977138885,1643.500292290904,0.995622823793271,1643.4669594942186,1.0036029261608823
1643.511403222666,1.028271507983893,1643.511403222666,1.0019136855994122,1643.5016811573155,1.0216864881964518,1643.4683483606311,1.0171312611566832
1643.512792089078,1.0126351732340262,1643.512792089078,1.0020120322455992,1643.503070023727,1.015025201206477,1643.4697372275084,1.0219894930215518
1643.514180955491,1.0039269029303197,1643.514180955491,1.0020911615910373,1643.5044588901403,1.0190424892625194,1643.4711260939205,1.0080324247003751
1643.5155698223682,0.9867170935311937,1643.5155698223682,1.0022171826897448,1643.5058477565524,1.022980863537074,1643.472514960332,1.0194034961472949
1643.5169586887798,1.0038872070376463,1643.5169586887798,1.0022545708290105,1643.5072366234297,0.9988903018404812,1643.4739038267446,1.0168416811406475
1643.5183475551923,1.005535971530702,1643.5183475551923,1.0022732025505217,1643.508625489842,1.0141017292444925,1643.4752926936233,1.0019924654119692
1643.5197364216044,1.0104670796729225,1643.5197364216044,1.0022860540442664,1643.5100143562545,1.022258849767523,1643.476681560035,0.9882490753017332
1643.521125288017,0.9993616202268444,1643.521125288017,1.0024227582680703,1643.511403222666,1.0302392963610076,1643.478070426447,1.0209766944454075
1643.522514154429,1.0115974311995497,1643.522514154429,1.0024191862602074,1643.512792089078,1.014672627855601,1643.4794592928586,1.0179911373885493
1643.5239030208415,0.9959991022164959,1643.5239030208415,1.0025384555982824,1643.514180955491,1.0060262763099366,1643.4808481597363,1.0055027948128947
1643.5252918877186,1.0023255730550216,1643.5252918877186,1.0026354773037875,1643.5155698223682,0.9889048255906464,1643.4822370261488,1.0073501690192066
1643.52668075413,0.9742394795302312,1643.52668075413,1.0026203127010676,1643.5169586887798,1.0061505418502503,1643.483625892561,1.01859817971637
1643.528069620543,1.0164554135868429,1643.528069620543,1.002720446493001,1643.5183475551923,1.007821758465827,1643.4850147589734,0.9940887811882626
1643.5294584869555,1.0046034591236155,1643.5294584869555,1.0027422613719534,1643.5197364216044,1.012777062027007,1643.4864036258512,1.00947318209368
1643.530847353367,0.9935045286495569,1643.530847353367,1.0028355781398457,1643.521125288017,1.001782831855041,1643.4877924922628,1.0012879211054952
1643.5322362197792,1.0387161973376846,1643.5322362197792,1.0028992187128092,1643.522514154429,1.0140446738059687,1643.4891813586753,1.0259019642991298
1643.5336250861917,1.0272174045647602,1643.5336250861917,1.002913087740046,1643.5239030208415,0.9985274017134016,1643.4905702250885,1.0024332466429156
1643.535013952603,0.9871467911758686,1643.535013952603,1.0030034076969208,1643.5252918877186,1.004967179353814,1643.4919590914997,1.0141291812578994
1643.536402819481,0.9999093018679206,1643.536402819481,1.0030044123630404,1643.52668075413,0.9767922916123256,1643.4933479583767,1.024701304452553
1643.537791685894,1.0186032848191784,1643.537791685894,1.0029289753674535,1643.528069620543,1.0192206261520271,1643.4947368247892,0.9938783731231192
1643.5391805523057,0.9980231891931772,1643.5391805523057,1.0029763886041485,1643.5294584869555,1.007358344383701,1643.4961256912009,1.0071904482139282
1643.5405694187173,1.009370102548663,1643.5405694187173,1.0029985789523712,1643.530847353367,0.9963216883728332,1643.497514557613,1.008807018972095
1643.541958285129,0.9849385215893901,1643.541958285129,1.0031418732326183,1643.5322362197792,1.041727662774304,1643.498903424026,0.9961860633786958
1643.543347151542,1.016702881783255,1643.543347151542,1.0031944902532908,1643.5336250861917,1.0302097789923597,1643.500292290904,0.995622823793271
1643.544736017954,1.0065612575480238,1643.544736017954,1.0032022659565094,1643.535013952603,0.9901115954464768,1643.5016811573155,1.0216864881964518
1643.5461248843665,0.9965355431357557,1643.5461248843665,1.0032406637890583,1643.536402819481,1.0029134417363716,1643.503070023727,1.015025201206477
1643.5475137507783,1.0112534387019685,1643.5475137507783,1.0033358671361299,1643.537791685894,1.021586748749621,1643.5044588901403,1.0190424892625194
1643.5489026171902,1.0231359168287768,1643.5489026171902,1.0033797479094428,1643.5391805523057,1.0009936940401678,1643.5058477565524,1.022980863537074
1643.5502914840674,1.0072329623568772,1643.5502914840674,1.0035071625474987,1643.5405694187173,1.012396778493318,1643.5072366234297,0.9988903018404812
1643.5516803504804,0.9835370858560161,1643.5516803504804,1.0035466547380707,1643.541958285129,0.9880330735661464,1643.508625489842,1.0141017292444925
1643.553069216893,1.0236812294513047,1643.553069216893,1.0036004119277588,1643.543347151542,1.0199507292296044,1643.5100143562545,1.022258849767523
1643.5544580833046,1.004411234291235,1643.5544580833046,1.003719410434147,1643.544736017954,1.009784534396211,1643.511403222666,1.0302392963610076
1643.5558469497166,1.000485320356393,1643.5558469497166,1.0037935454644662,1643.5461248843665,0.9997649797849052,1643.512792089078,1.014672627855601
1643.5572358161287,1.004174621669559,1643.5572358161287,1.0038031149973055,1643.5475137507783,1.0146268458144327,1643.514180955491,1.0060262763099366
1643.5586246825412,0.9883456346394361,1643.5586246825412,1.0039049664182247,1643.5489026171902,1.0265938583047547,1643.5155698223682,0.9889048255906464
1643.5600135489533,0.9993410258139716,1643.5600135489533,1.004031860548485,1643.5502914840674,1.0107654920790614,1643.5169586887798,1.0061505418502503
1643.5614024153658,0.9904476190613282,1643.5614024153658,1.0040604911886604,1643.5516803504804,0.9870253523216356,1643.5183475551923,1.007821758465827
1643.5627912817774,1.0072168524515566,1643.5627912817774,1.0041208649493798,1643.553069216893,1.027366903560044,1643.5197364216044,1.012777062027007
1643.564180148189,0.9931082388575054,1643.564180148189,1.0041736887951296,1643.5544580833046,1.0081470519162323,1643.521125288017,1.001782831855041
1643.5655690146011,1.0245656930937466,1643.5655690146011,1.0041767125287495,1643.5558469497166,1.004280706905696,1643.522514154429,1.0140446738059687
1643.5669578810136,1.0202044411575217,1643.5669578810136,1.0041883216657115,1643.5572358161287,1.0079936132331442,1643.5239030208415,0.9985274017134016
1643.5683467474255,1.040293438399063,1643.5683467474255,1.0042164944624907,1643.5586246825412,0.9922050911523022,1643.5252918877186,1.004967179353814
1643.5697356138382,1.0048944373072235,1643.5697356138382,1.0042633070063915,1643.5600135489533,1.0033702294704334,1643.52668075413,0.9767922916123256
1643.5711244802503,1.0111105636258053,1643.5711244802503,1.0042667061961403,1643.5614024153658,0.9944693228913564,1643.528069620543,1.0192206261520271
1643.572513346662,0.9914254316354942,1643.572513346662,1.0043086033035544,1643.5627912817774,1.0113674570752489,1643.5294584869555,1.007358344383701
1643.573902213074,1.0071980048760636,1643.573902213074,1.0043852136996627,1643.564180148189,0.9972531635863758,1643.530847353367,0.9963216883728332
1643.5752910799526,1.0173881310853847,1643.5752910799526,1.0045289796234507,1643.5655690146011,1.028845009460618,1643.5322362197792,1.041727662774304
1643.5766799463645,1.0114765939258554,1643.5766799463645,1.0046552223772736,1643.5669578810136,1.024477385521877,1643.5336250861917,1.0302097789923597
1643.578068812776,1.009185890352828,1643.578068812776,1.004733803775172,1643.5683467474255,1.0446798299214382,1643.535013952603,0.9901115954464768
1643.5794576791884,1.0050508353539098,1643.5794576791884,1.0047481839881047,1643.5697356138382,1.0091786108024792,1643.536402819481,1.0029134417363716
1643.5808465456005,0.9961077597307534,1643.5808465456005,1.0048293458173945,1643.5711244802503,1.0154246753326104,1643.537791685894,1.021586748749621
1643.582235412013,1.0041838490460555,1643.582235412013,1.0049287029918184,1643.572513346662,0.9956970905254668,1643.5391805523057,1.0009936940401678
1643.583624278425,1.013093689375571,1643.583624278425,1.0049279295749305,1643.573902213074,1.011614783365319,1643.5405694187173,1.012396778493318
1643.5850131448376,1.0045405920043584,1643.5850131448376,1.0050494184449221,1643.5752910799526,1.021995861200211,1643.541958285129,0.9880330735661464
1643.5864020112492,1.021511770651733,1643.5864020112492,1.0051078340916524,1643.5766799463645,1.0161852423999875,1643.543347151542,1.0199507292296044
1643.5877908776606,0.9966146374912312,1643.5877908776606,1.0050981923340816,1643.578068812776,1.0139631783304306,1643.544736017954,1.009784534396211
1643.5891797440734,1.0193083886374377,1643.5891797440734,1.0050962415005287,1643.5794576791884,1.0098230016375684,1643.5461248843665,0.9997649797849052
1643.590568610486,0.9835548719474337,1643.590568610486,1.005002628621432,1643.5808465456005,1.0009183085738833,1643.5475137507783,1.0146268458144327
1643.5919574768975,0.9951258484653445,1643.5919574768975,1.005007073978576,1643.582235412013,1.0091331729871844,1643.5489026171902,1.0265938583047547
1643.5933463433096,1.0077232926504178,1643.5933463433096,1.0049029106200729,1643.583624278425,1.0180861437296205,1643.5502914840674,1.0107654920790614
1643.594735209722,1.0181548443799844,1643.594735209722,1.0048741867273336,1643.5850131448376,1.0096129377982983,1643.5516803504804,0.9870253523216356
1643.5961240761335,1.0071888394574666,1643.5961240761335,1.004999711860295,1643.5864020112492,1.026729483298892,1643.553069216893,1.027366903560044
1643.5975129425458,1.0307173085150305,1643.5975129425458,1.0049808188548632,1643.5877908776606,1.0016955705961226,1643.5544580833046,1.0081470519162323
1643.5989018089588,1.0130102386496684,1643.5989018089588,1.0049736757512564,1643.5891797440734,1.024503030349449,1643.5558469497166,1.004280706905696
1643.6002906749047,1.0070763872278674,1643.6002906749047,1.0049726458050985,1643.590568610486,0.9884752317005868,1643.5572358161287,1.0079936132331442
1643.6016795413163,0.9807930908474668,1643.6016795413163,1.004980536052528,1643.5919574768975,1.0001085172066035,1643.5586246825412,0.9922050911523022
1643.6030684077289,0.9958207929604754,1643.6030684077289,1.0049818502381722,1643.5933463433096,1.0126640698840483,1643.5600135489533,1.0033702294704334
1643.604457274141,1.0216239890870957,1643.604457274141,1.0049676106632257,1643.594735209722,1.0231175212088317,1643.5614024153658,0.9944693228913564
1643.605846140553,0.9993536396541288,1643.605846140553,1.0049262928143499,1643.5961240761335,1.0122244934436588,1643.5627912817774,1.0113674570752489
1643.6072350069655,1.0019618760206108,1643.6072350069655,1.0050053323103465,1643.5975129425458,1.035851124719316,1643.564180148189,0.9972531635863758
1643.6086238733776,1.011653473186617,1643.6086238733776,1.0048673787844757,1643.5989018089588,1.0180486231094148,1643.5655690146011,1.028845009460618
1643.6100127397892,1.0007584139940155,1643.6100127397892,1.004808632438283,1643.6002906749047,1.01208422140023,1643.5669578810136,1.024477385521877
1643.6114016062008,1.004081854964141,1643.6114016062008,1.0047958612332826,1643.6016795413163,0.9856779661965028,1643.5683467474255,1.0446798299214382
1643.6127904726138,1.0279655751076766,1643.6127904726138,1.0048495675139086,1643.6030684077289,1.0007818230150625,1643.5697356138382,1.0091786108024792
1643.6141793390264,0.9813024648673434,1643.6141793390264,1.0047886965282427,1643.604457274141,1.026699019309092,1643.5711244802503,1.0154246753326104
1643.615568205438,0.9973803033142352,1643.615568205438,1.0048332525197123,1643.605846140553,1.0042767483081514,1643.572513346662,0.9956970905254668
1643.61695707185,1.0040782504449632,1643.61695707185,1.0047610716221553,1643.6072350069655,1.0069770281723922,1643.573902213074,1.011614783365319
1643.6183459382626,0.9966802457881968,1643.6183459382626,1.004814790655085,1643.6086238733776,1.0165775738392466,1643.5752910799526,1.021995861200211
1643.6197348046746,1.0065218157902514,1643.6197348046746,1.0047763676793622,1643.6100127397892,1.005570693366432,1643.5766799463645,1.0161852423999875
1643.621123671087,1.0019148876164794,1643.621123671087,1.00479813945527,1643.6114016062008,1.008897292207406,1643.578068812776,1.0139631783304306
1643.6225125374992,1.0186573784469912,1643.6225125374992,1.0047654565176807,1643.6127904726138,1.0329507635661352,1643.5794576791884,1.0098230016375684
1643.6239014039108,1.0055818615414214,1643.6239014039108,1.0047960250182004,1643.6141793390264,0.9860016245740096,1643.5808465456005,1.0009183085738833
1643.6252902698568,0.9948545424892958,1643.6252902698568,1.0048680172000786,1643.615568205438,1.0022008941783402,1643.582235412013,1.0091331729871844
1643.6266791362689,0.992173445126346,1643.6266791362689,1.0050007879265568,1643.61695707185,1.0088587389095802,1643.583624278425,1.0180861437296205
1643.6280680026814,0.984644935802004,1643.6280680026814,1.0050408032753992,1643.6183459382626,1.0014790525217256,1643.5850131448376,1.0096129377982983
1643.6294568690937,1.0092458424284005,1643.6294568690937,1.005040175650826,1643.6197348046746,1.0113293340597649,1643.5864020112492,1.026729483298892
1643.630845735506,0.9813476851615714,1643.630845735506,1.005044670847789,1643.621123671087,1.0067222149695745,1643.5877908776606,1.0016955705961226
1643.632234601918,1.0252369882737944,1643.632234601918,1.0049854381324697,1643.6225125374992,1.0235117458903948,1643.5891797440734,1.024503030349449
1643.6336234683297,1.0070889316309668,1643.6336234683297,1.0050589087881623,1643.6239014039108,1.0104046573072225,1643.590568610486,0.9884752317005868
1643.6350123347422,1.0064713863116415,1643.6350123347422,1.0050779204671658,1643.6252902698568,0.99969751151371,1643.5919574768975,1.0001085172066035
1643.6364012011552,1.006517071667926,1643.6364012011552,1.0050959118853746,1643.6266791362689,0.997135094111784,1643.5933463433096,1.0126640698840483
1643.6377900675666,1.0045208421965117,1643.6377900675666,1.0051737807035361,1643.6280680026814,0.9896083372195,1643.594735209722,1.0231175212088317
1643.6391789335123,1.0025671759883696,1643.6391789335123,1.0051027597681075,1643.6294568690937,1.0143326187491055,1643.5961240761335,1.0122244934436588
1643.6405677999248,1.0017894870616912,1643.6405677999248,1.005111871832153,1643.630845735506,0.9862982612204512,1643.5975129425458,1.035851124719316
1643.641956666337,1.0026936355717697,1643.641956666337,1.0051683308129318,1643.632234601918,1.030348243849953,1643.5989018089588,1.0180486231094148
1643.6433455327494,1.0173328879486538,1643.6433455327494,1.0051480829760264,1643.6336234683297,1.0121837026776557,1643.6002906749047,1.01208422140023
1643.6447343991615,1.0057706476907637,1643.6447343991615,1.005118659036966,1643.6350123347422,1.0115821679638102,1643.6016795413163,0.9856779661965028
1643.646123265574,0.9921594907573034,1643.646123265574,1.0051641097301316,1643.6364012011552,1.0116461939762709,1643.6030684077289,1.0007818230150625
1643.6475121319856,1.00030895966887,1643.6475121319856,1.0052219972955225,1643.6377900675666,1.0097180127461678,1643.604457274141,1.026699019309092
1643.6489009983973,1.0007590571270777,1643.6489009983973,1.0051976988036462,1643.6391789335123,1.0076830354388282,1643.605846140553,1.0042767483081514
1643.6502898643446,1.0158944315045926,1643.6502898643446,1.005199105015916,1643.6405677999248,1.006910506522349,1643.6072350069655,1.0069770281723922
1643.6516787307569,1.0155236072620404,1643.6516787307569,1.005202027205181,1643.641956666337,1.0078758879844258,1643.6086238733776,1.0165775738392466
1643.6530675971685,1.000278936417863,1643.6530675971685,1.0051386060504832,1643.6433455327494,1.022570202070054,1643.6100127397892,1.005570693366432
1643.6544564635803,1.0043681384465126,1643.6544564635803,1.0051726360356725,1643.6447343991615,1.0109188447056814,1643.6114016062008,1.008897292207406
1643.6558453299929,0.9938990700149603,1643.6558453299929,1.0051718346296925,1643.646123265574,0.9972831112373656,1643.6127904726138,1.0329507635661352
1643.6572341964045,1.0067568061350165,1643.6572341964045,1.005159766591968,1643.6475121319856,1.0055325703509477,1643.6141793390264,0.9860016245740096
1643.6586230628166,0.9910218627323032,1643.6586230628166,1.0051902317636796,1643.6489009983973,1.0059607012810452,1643.615568205438,1.0022008941783402
1643.660011928764,0.9891580588785988,1643.660011928764,1.0051893901861033,1643.6502898643446,1.0211761733390692,1643.61695707185,1.0088587389095802
1643.6614007951755,1.0349896223913342,1643.6614007951755,1.0051606041963865,1643.6516787307569,1.020806388694521,1643.6183459382626,1.0014790525217256
1643.662789661587,1.0375731494870006,1643.662789661587,1.0051588434983538,1643.6530675971685,1.0054189758127108,1643.6197348046746,1.0113293340597649
1643.6641785279996,1.0048201863323385,1643.6641785279996,1.0051729706366448,1643.6544564635803,1.0095633692725223,1643.621123671087,1.0067222149695745
1643.6655673944126,0.9901434899467592,1643.6655673944126,1.0052018704255163,1643.6558453299929,0.9990393516436828,1643.6225125374992,1.0235117458903948
1643.666956260359,1.0125598298062475,1643.666956260359,1.0051196789953867,1643.6572341964045,1.0119514362695483,1643.6239014039108,1.0104046573072225
1643.6683451267706,0.9975602122783978,1643.6683451267706,1.0051089878586998,1643.6586230628166,0.9961654958827574,1643.6252902698568,0.99969751151371
1643.669733993183,0.9988301776984873,1643.669733993183,1.0051052189022838,1643.660011928764,0.9942911860018484,1643.6266791362689,0.997135094111784
1643.6711228595943,0.9617275949994734,1643.6711228595943,1.0050839549777246,1643.6614007951755,1.0403307941798634,1643.6280680026814,0.9896083372195
1643.672511726006,0.9901774319584604,1643.672511726006,1.0051470764204287,1643.662789661587,1.0429258269832982,1643.6294568690937,1.0143326187491055
1643.673900592419,0.9797433635785833,1643.673900592419,1.0050439424507918,1643.6641785279996,1.0100180916513437,1643.630845735506,0.9862982612204512
1643.6752894583658,0.9975700419504077,1643.6752894583658,1.004945789056494,1643.6655673944126,0.9952940880841308,1643.632234601918,1.030348243849953
1643.6766783247774,1.0225510628518615,1643.6766783247774,1.0048576684495116,1643.666956260359,1.017743811098479,1643.6336234683297,1.0121837026776557
1643.6780671911897,1.018775576499675,1643.6780671911897,1.004872477292327,1643.6683451267706,1.00265673529125,1643.6350123347422,1.0115821679638102
1643.679456057602,1.0145904988496022,1643.679456057602,1.004762697754036,1643.669733993183,1.003929424401845,1643.6364012011552,1.0116461939762709
1643.680844924014,1.0053772156755125,1643.680844924014,1.0047699564215034,1643.6711228595943,0.966616974793286,1643.6377900675666,1.0097180127461678
1643.682233789961,0.9974469834832166,1643.682233789961,1.0047370895897183,1643.672511726006,0.9952739508705344,1643.6391789335123,1.0076830354388282
1643.683622656373,1.0024259271536988,1643.683622656373,1.0046983053433745,1643.673900592419,0.9846851327210188,1643.6405677999248,1.006910506522349
1643.6850115227846,0.9957047071556316,1643.6850115227846,1.0045831306882318,1643.6752894583658,1.002503812946972,1643.641956666337,1.0078758879844258
1643.6864003891965,0.9808988773796287,1643.6864003891965,1.0044892011134121,1643.6766783247774,1.0275182768878917,1643.6433455327494,1.022570202070054
1643.687789255143,0.9925899706056339,1643.687789255143,1.004447445488981,1643.6780671911897,1.0237395373621472,1643.6447343991615,1.0109188447056814
1643.6891781215552,0.9966451927938412,1643.6891781215552,1.0044245308432884,1643.679456057602,1.0194226867397396,1643.646123265574,0.9972831112373656
1643.6905669879673,1.027755009633884,1643.6905669879673,1.0044255207497255,1643.680844924014,1.0101728211814571,1643.6475121319856,1.0055325703509477
1643.6919558543798,1.0087149053576905,1643.6919558543798,1.0043248888037581,1643.682233789961,1.0021719792049708,1643.6489009983973,1.0059607012810452
1643.693344720792,1.0112324521742742,1643.693344720792,1.0043557705938428,1643.683622656373,1.007135630243582,1643.6502898643446,1.0211761733390692
1643.6947335867378,0.9946657127885902,1643.6947335867378,1.0043214775039284,1643.6850115227846,1.0002681519554135,1643.6516787307569,1.020806388694521
1643.6961224531494,0.9917626157042142,1643.6961224531494,1.0042595728581991,1643.6864003891965,0.985302329712106,1643.6530675971685,1.0054189758127108
1643.6975113195624,0.9879353570626146,1643.6975113195624,1.004242085612898,1643.687789255143,0.9970044603928117,1643.6544564635803,1.0095633692725223
1643.698900185975,1.013659044112166,1643.698900185975,1.0041864443981998,1643.6891781215552,1.0010548801891728,1643.6558453299929,0.9990393516436828
1643.700289051921,0.9815598480834725,1643.700289051921,1.0041697952252142,1643.6905669879673,1.0323033607546532,1643.6572341964045,1.0119514362695483
1643.701677918333,1.012935709163616,1643.701677918333,1.0041999986005734,1643.6919558543798,1.013077485158056,1643.6586230628166,0.9961654958827574
1643.703066784745,0.9686866485459109,1643.703066784745,1.004184356245473,1643.693344720792,1.0156371487529945,1643.660011928764,0.9942911860018484
1643.7044556511576,1.013966609446275,1643.7044556511576,1.0041915403389567,1643.6947335867378,0.998964138290335,1643.6614007951755,1.0403307941798634
1643.705844517104,0.9970703568381201,1643.705844517104,1.004075117603556,1643.6961224531494,0.9959871008238445,1643.662789661587,1.0429258269832982
1643.7072333835165,0.9941866384813673,1643.7072333835165,1.00409356880855,1643.6975113195624,0.9921262634272832,1643.6641785279996,1.0100180916513437
1643.708622249928,0.9876172570529053,1643.708622249928,1.0041004112851872,1643.698900185975,1.017902671339074,1643.6655673944126,0.9952940880841308
1643.710011115874,0.9873898062312961,1643.710011115874,1.0040502863269374,1643.700289051921,0.985652751651273,1643.666956260359,1.017743811098479
1643.711399982286,0.9994605963911071,1643.711399982286,1.0040134306274255,1643.701677918333,1.017190037724574,1643.6683451267706,1.00265673529125
1643.712788848699,0.9971441798199802,1643.712788848699,1.0039679000759383,1643.703066784745,0.9727399785736603,1643.669733993183,1.003929424401845
1643.7141777151107,1.0102868689535196,1643.7141777151107,1.003940159204116,1643.7044556511576,1.0182166913921242,1643.6711228595943,0.966616974793286
1643.7155665810576,1.0098430433702,1643.7155665810576,1.003982316137038,1643.705844517104,1.001133535801255,1643.672511726006,0.9952739508705344
1643.7169554474697,1.0109999538427403,1643.7169554474697,1.0039972839281461,1643.7072333835165,0.9982564098945318,1643.673900592419,0.9846851327210188
1643.7183443138813,0.988827381420355,1643.7183443138813,1.0039653738831018,1643.708622249928,0.9916668939991706,1643.6752894583658,1.002503812946972
1643.7197331798277,1.0142451797757892,1643.7197331798277,1.0038621923602982,1643.710011115874,0.991389017662832,1643.6766783247774,1.0275182768878917
1643.721122046241,1.0183007597992773,1643.721122046241,1.0037560499311695,1643.711399982286,1.0034718621595682,1643.6780671911897,1.0237395373621472
1643.7225109126523,1.0200145528850424,1643.7225109126523,1.0037183753540044,1643.712788848699,1.0011007482868093,1643.679456057602,1.0194226867397396
1643.7238997785985,1.0013129205033569,1643.7238997785985,1.0036089019959655,1643.7141777151107,1.0142675600590243,1643.680844924014,1.0101728211814571
1643.7252886450108,0.9901067309031741,1643.7252886450108,1.0035289367741438,1643.7155665810576,1.0138645576176886,1643.682233789961,1.0021719792049708
1643.7266775114228,0.9842922087336015,1643.7266775114228,1.0034712152406693,1643.7169554474697,1.0150412077095925,1643.683622656373,1.007135630243582
1643.7280663778354,1.0000990096521631,1643.7280663778354,1.003463127085581,1643.7183443138813,0.9927484516935352,1643.6850115227846,1.0002681519554135
1643.7294552437818,0.9972292962026326,1643.7294552437818,1.0033469171269247,1643.7197331798277,1.0181623897605885,1643.6864003891965,0.985302329712106
1643.7308441101943,0.9860589837324301,1643.7308441101943,1.0032445075056935,1643.721122046241,1.0221255482980312,1643.687789255143,0.9970044603928117
1643.732232976606,1.0128834941891172,1643.732232976606,1.00316535859545,1643.7225109126523,1.023807349859216,1643.6891781215552,1.0010548801891728
1643.7336218425517,1.012440147594593,1643.7336218425517,1.0031157291327548,1643.7238997785985,1.0049265607007476,1643.6905669879673,1.0323033607546532
1643.7350107089644,1.0078029965736426,1643.7350107089644,1.0029909630251355,1643.7252886450108,0.9936007549561856,1643.6919558543798,1.013077485158056
1643.736399575377,1.012779632911241,1643.736399575377,1.002975935142545,1643.7266775114228,0.9877088988498296,1643.693344720792,1.0156371487529945
1643.737788441323,1.0118899327818895,1643.737788441323,1.0029072465180318,1643.7280663778354,1.0035624796207523,1643.6947335867378,0.998964138290335
1643.739177307735,1.0101559615502649,1643.739177307735,1.0028550076397704,1643.7294552437818,1.0005669400135642,1643.6961224531494,0.9959871008238445
1643.7405661741475,1.00363618727888,1643.7405661741475,1.0027203784449934,1643.7308441101943,0.9892582595062064,1643.6975113195624,0.9921262634272832
1643.7419550400934,0.9960354109315823,1643.7419550400934,1.0026622663792821,1643.732232976606,1.0160896336636382,1643.698900185975,1.017902671339074
1643.7433439065055,1.0048468812028841,1643.7433439065055,1.0025466231713722,1643.7336218425517,1.015594636857624,1643.700289051921,0.985652751651273
1643.7447327729185,0.9832165276762237,1643.7447327729185,1.0024231068287208,1643.7350107089644,1.010817298073015,1643.701677918333,1.017190037724574
1643.7461216388645,1.0024706868242979,1643.7461216388645,1.0024008898425831,1643.736399575377,1.0157935994124754,1643.703066784745,0.9727399785736603
1643.747510505276,1.0263566418702106,1643.747510505276,1.0023672834372248,1643.737788441323,1.0148317462656011,1643.7044556511576,1.0182166913921242
1643.7488993712227,1.016328853421045,1643.7488993712227,1.00230255272288,1643.739177307735,1.0130399645378505,1643.705844517104,1.001133535801255
1643.7502882376357,1.0206920705708762,1643.7502882376357,1.0022646515442728,1643.7405661741475,1.0063664575293687,1643.7072333835165,0.9982564098945318
1643.751677104048,1.006861596676504,1643.751677104048,1.0022329335185447,1643.7419550400934,0.99868712251868,1643.708622249928,0.9916668939991706
1643.753065969994,1.0198012837828765,1643.753065969994,1.002138295277851,1643.7433439065055,1.0074058475542365,1643.710011115874,0.991389017662832
1643.754454836406,1.0101821752866027,1643.754454836406,1.0020242030048279,1643.7447327729185,0.9855989663585472,1643.711399982286,1.0034718621595682
1643.7558437028176,0.9998973294243985,1643.7558437028176,1.0019128066071317,1643.7461216388645,1.0048775085137815,1643.712788848699,1.0011007482868093
1643.7572325687636,1.003652359608968,1643.7572325687636,1.0017774217704012,1643.747510505276,1.0287863189491957,1643.7141777151107,1.0142675600590243
1643.7586214351766,1.0313725867924954,1643.7586214351766,1.001755289163646,1643.7488993712227,1.0186690041898312,1643.7155665810576,1.0138645576176886
1643.7600103011234,0.9985123428662105,1643.7600103011234,1.0016625876567737,1643.7502882376357,1.0230035824447214,1643.7169554474697,1.0150412077095925
1643.761399167535,1.0116620305313926,1643.761399167535,1.0015359214647725,1643.751677104048,1.0091098516842585,1643.7183443138813,0.9927484516935352
1643.7627880339471,1.0078077869976527,1643.7627880339471,1.001407936502324,1643.753065969994,1.021981920052336,1643.7197331798277,1.0181623897605885
1643.764176899894,0.9985919677222932,1643.764176899894,1.0012920402068355,1643.754454836406,1.0122269890812414,1643.721122046241,1.0221255482980312
1643.765565766306,1.0226564683635453,1643.765565766306,1.0012048217949232,1643.7558437028176,1.0018099396425748,1643.7225109126523,1.023807349859216
1643.7669546322525,1.0198758868829303,1643.7669546322525,1.0011880350435876,1643.7572325687636,1.0054362731628514,1643.7238997785985,1.0049265607007476
1643.768343498665,0.9961416037126479,1643.768343498665,1.0010977234675238,1643.7586214351766,1.033182943917774,1643.7252886450108,0.9936007549561856
1643.7697323650766,1.0017275362955607,1643.7697323650766,1.0010013056536835,1643.7600103011234,1.000172457162596,1643.7266775114228,0.9877088988498296
1643.7711212310226,1.0201316490531782,1643.7711212310226,1.0008918063244894,1643.761399167535,1.013215863959181,1643.7280663778354,1.0035624796207523
1643.7725100974346,0.9835969974486009,1643.7725100974346,1.0008707542436697,1643.7627880339471,1.009226716368293,1643.7294552437818,1.0005669400135642
1643.7738989633815,1.0131006009670738,1643.7738989633815,1.0007520391308093,1643.764176899894,0.9998821886948134,1643.7308441101943,0.9892582595062064
1643.7752878297936,1.0121520714731511,1643.7752878297936,1.0007028501626785,1643.765565766306,1.023888587165349,1643.732232976606,1.0160896336636382
1643.7766766957404,0.9955699464589362,1643.7766766957404,1.000619463571828,1643.7669546322525,1.021087535176657,1643.7336218425517,1.015594636857624
1643.7780655621525,1.0087019644586872,1643.7780655621525,1.000752791081126,1643.768343498665,0.99723509172802,1643.7350107089644,1.010817298073015
1643.779454428564,0.9931735074244344,1643.779454428564,1.0006424717075781,1643.7697323650766,1.002730571741104,1643.736399575377,1.0157935994124754
1643.780843294511,1.010868413620907,1643.780843294511,1.0005725946055029,1643.7711212310226,1.0210414089096156,1643.737788441323,1.0148317462656011
1643.7822321609235,1.010375810089585,1643.7822321609235,1.0005524484542818,1643.7725100974346,0.98445346870819,1643.739177307735,1.0130399645378505
1643.7836210268697,1.007821509114327,1643.7836210268697,1.000476203476315,1643.7738989633815,1.0138624922624475,1643.7405661741475,1.0063664575293687
1643.785009893281,1.003938495878088,1643.785009893281,1.0004127009271944,1643.7752878297936,1.0128634627212414,1643.7419550400934,0.99868712251868
1643.786398759228,0.9816775017936143,1643.786398759228,1.0003870749016517,1643.7766766957404,0.9961866657739742,1643.7433439065055,1.0074058475542365
1643.78778762564,0.9814685988661916,1643.78778762564,1.0003866759087336,1643.7780655621525,1.009461306301046,1643.7447327729185,0.9855989663585472
1643.7891764915869,1.006717044791707,1643.7891764915869,1.0003503986104174,1643.779454428564,0.9938115933036707,1643.7461216388645,1.0048775085137815
1643.790565357999,0.9918210832460556,1643.790565357999,1.000356372601822,1643.780843294511,1.0114472314214196,1643.747510505276,1.0287863189491957
1643.7919542244117,1.0250146982807162,1643.7919542244117,1.0002373677822125,1643.7822321609235,1.0109339906441128,1643.7488993712227,1.0186690041898312
1643.7933430903574,1.0160086916874647,1643.7933430903574,1.000257961220429,1643.7836210268697,1.0083014372204724,1643.7502882376357,1.0230035824447214
1643.794731956769,0.9866334925997404,1643.794731956769,1.0002238577150664,1643.785009893281,1.0043528222261828,1643.751677104048,1.0091098516842585
1643.7961208227164,0.993684281251467,1643.7961208227164,1.0001158235426162,1643.786398759228,0.9820574845160748,1643.753065969994,1.021981920052336
1643.7975096891284,1.0067821953715885,1643.7975096891284,1.0001363363636155,1643.78778762564,0.9818481091285518,1643.754454836406,1.0122269890812414
1643.7988985550744,0.9952125632773484,1643.7988985550744,1.0000367794093932,1643.7891764915869,1.0070697970452855,1643.7558437028176,1.0018099396425748
1643.8002874214865,1.013358534851925,1643.8002874214865,0.9999003970439704,1643.790565357999,0.992174541106034,1643.7572325687636,1.0054362731628514
1643.801676287433,1.009737626296429,1643.801676287433,0.9998512016732654,1643.7919542244117,1.0252580037463823,1643.7586214351766,1.033182943917774
1643.803065153845,1.0130776004491873,1643.803065153845,0.9998729774947092,1643.7933430903574,1.0162707825295387,1643.7600103011234,1.000172457162596
1643.8044540197914,1.0079576719253485,1643.8044540197914,0.9997673174392175,1643.794731956769,0.9868543581190018,1643.761399167535,1.013215863959181
1643.8058428862043,1.0058101154655794,1643.8058428862043,0.999685813106142,1643.7961208227164,0.9937993732851635,1643.7627880339471,1.009226716368293
1643.8072317521503,1.0005039985418918,1643.8072317521503,0.9996834198891763,1643.7975096891284,1.0069194563950583,1643.764176899894,0.9998821886948134
1643.808620618562,1.0129711234113246,1643.808620618562,0.999584143663076,1643.7988985550744,0.9952491666076464,1643.765565766306,1.023888587165349
1643.8100094845088,1.019284923805435,1643.8100094845088,0.9995576670479897,1643.8002874214865,1.013257601346336,1643.7669546322525,1.021087535176657
1643.8113983509218,1.0006616556303152,1643.8113983509218,0.9995381288629849,1643.801676287433,1.0095873790271952,1643.768343498665,0.99723509172802
1643.8127872168682,1.0113093780789004,1643.8127872168682,0.9995081470441134,1643.803065153845,1.0129489167943242,1643.7697323650766,1.002730571741104
1643.8141760832798,0.9989653370849327,1643.8141760832798,0.99941033937004,1643.8044540197914,1.0077231377530846,1643.7711212310226,1.0210414089096156
1643.8155649492262,0.9886786445554265,1643.8155649492262,0.9994094456225182,1643.8058428862043,1.0054941031095903,1643.7725100974346,0.98445346870819
1643.8169538156378,0.9711903572387603,1643.8169538156378,0.9992822674984231,1643.8072317521503,1.000187258875154,1643.7738989633815,1.0138624922624475
1643.8183426815838,0.9973940138935119,1643.8183426815838,0.9991504120732844,1643.808620618562,1.012549872950533,1643.7752878297936,1.0128634627212414
1643.8197315479968,1.0198754123531155,1643.8197315479968,0.9991516667077647,1643.8100094845088,1.0188340604961483,1643.7766766957404,0.9961866657739742
1643.8211204139436,0.9932122232540076,1643.8211204139436,0.9990565136890993,1643.8113983509218,1.0001994788936617,1643.7780655621525,1.009461306301046
1643.8225092803552,1.0096737945387215,1643.8225092803552,0.9989747301744298,1643.8127872168682,1.0108119625719765,1643.779454428564,0.9938115933036707
1643.8238981463016,1.00290119239418,1643.8238981463016,0.9989724841362665,1643.8141760832798,0.998376286554959,1643.780843294511,1.0114472314214196
1643.8252870122485,1.0266620752691114,1643.8252870122485,0.9989183072639967,1643.8155649492262,0.9880947760539616,1643.7822321609235,1.0109339906441128
1643.8266758786606,1.0188017206898252,1643.8266758786606,0.9988250285837014,1643.8169538156378,0.970493302354152,1643.7836210268697,1.0083014372204724
1643.8280647446074,1.023621616344152,1643.8280647446074,0.9987826810360046,1643.8183426815838,0.9965466399811296,1643.785009893281,1.0043528222261828
1643.8294536110195,0.9948370238478359,1643.8294536110195,0.9986564525628633,1643.8197315479968,1.019010218086884,1643.786398759228,0.9820574845160748
1643.832231343377,1.0115012630893285,1643.832231343377,0.9986659891797249,1643.8211204139436,0.9922751411175482,1643.78778762564,0.9818481091285518
1643.8336202093235,0.9809524774034769,1643.8336202093235,0.9985602598164133,1643.8225092803552,1.008638606463512,1643.7891764915869,1.0070697970452855
1643.8350090757365,1.015700829562026,1643.8350090757365,0.9984440043584675,1643.8238981463016,1.0018706955092378,1643.790565357999,0.992174541106034
1643.8363979416831,1.0054475503769325,1643.8363979416831,0.9983309870821786,1643.8252870122485,1.0255515423599626,1643.7919542244117,1.0252580037463823
1643.8377868076293,0.9835816662073017,1643.8377868076293,0.9982298063213403,1643.8266758786606,1.0176046577891389,1643.7933430903574,1.0162707825295387
1643.8391756740414,0.9841901195907383,1643.8391756740414,0.9981688718467265,1643.8280647446074,1.0223755423386207,1643.794731956769,0.9868543581190018
1643.840564539987,0.9888197398223086,1643.840564539987,0.99803850521517,1643.8294536110195,0.9935004131140764,1643.7961208227164,0.9937993732851635
1643.841953406399,0.994484072481007,1643.841953406399,0.9980130636997785,1643.832231343377,1.0101519094596454,1643.7975096891284,1.0069194563950583
1643.8433422723465,0.993093259599365,1643.8433422723465,0.9979358990772942,1643.8336202093235,0.9795401607035702,1643.7988985550744,0.9952491666076464
1643.8447311382931,0.9918424708234853,1643.8447311382931,0.9978202866981133,1643.8350090757365,1.0141204034981266,1643.8002874214865,1.013257601346336
1643.8461200047043,1.0215457541754858,1643.8461200047043,0.9976889518181844,1643.8363979416831,1.0037694454271615,1643.801676287433,1.0095873790271952
1643.8475088706512,0.9995963593969475,1643.8475088706512,0.9975688197768635,1643.8377868076293,0.981840536159336,1643.803065153845,1.0129489167943242
1643.8488977370632,1.0056068081486387,1643.8488977370632,0.997472265494472,1643.8391756740414,0.9823879413545822,1643.8044540197914,1.0077231377530846
1643.85028660301,0.98653921000091,1643.85028660301,0.9974126607931688,1643.840564539987,0.9868801750595102,1643.8058428862043,1.0054941031095903
1643.8516754694222,0.9980132312475205,1643.8516754694222,0.9973041576251829,1643.841953406399,0.9925080959774024,1643.8072317521503,1.000187258875154
1643.853064335369,0.9937084885653001,1643.853064335369,0.9972941508544855,1643.8433422723465,0.991043414885893,1643.808620618562,1.012549872950533
1643.854453201315,0.9868705806312704,1643.854453201315,0.9972295679395912,1643.8447311382931,0.9896805385964552,1643.8100094845088,1.0188340604961483
1643.8558420677266,0.99141637570975,1643.8558420677266,0.9971696701581844,1643.8461200047043,1.019184912717657,1643.8113983509218,1.0001994788936617
1643.857230933673,1.0092145121175748,1643.857230933673,0.9971092210162698,1643.8475088706512,0.9971661604968624,1643.8127872168682,1.0108119625719765
1643.85861979962,0.9870109238386563,1643.85861979962,0.997044264444605,1643.8488977370632,1.0030649011206876,1643.8141760832798,0.998376286554959
1643.860008666032,0.9925638171035425,1643.860008666032,0.9969061983736144,1643.85028660301,0.9839866984237984,1643.8155649492262,0.9880947760539616
1643.8613975319788,0.9938086194464016,1643.8613975319788,0.9969107707783587,1643.8516754694222,0.9953227448880952,1643.8169538156378,0.970493302354152
1643.8627863983909,1.016566351547827,1643.8627863983909,0.9968550514182475,1643.853064335369,0.9910196633006252,1643.8183426815838,0.9965466399811296
1643.8641752643368,0.9898414231221028,1643.8641752643368,0.9967845784811513,1643.854453201315,0.9841365227352152,1643.8197315479968,1.019010218086884
1643.8655641302832,1.0090682404351472,1643.8655641302832,0.9967667073649231,1643.8558420677266,0.988610340355914,1643.8211204139436,0.9922751411175482
1643.8669529966962,0.985005533896196,1643.8669529966962,0.9966822447011422,1643.857230933673,1.0062970960158697,1643.8225092803552,1.008638606463512
1643.8683418626422,1.017689190547194,1643.8683418626422,0.9966093463996094,1643.85861979962,0.9840935805575032,1643.8238981463016,1.0018706955092378
1643.869730728588,0.9874684791429862,1643.869730728588,0.9965318130623911,1643.860008666032,0.989493021551896,1643.8252870122485,1.0255515423599626
1643.871119595001,1.0023626899412055,1643.871119595001,0.9964541499421289,1643.8613975319788,0.9907385168184888,1643.8266758786606,1.0176046577891389
1643.872508460947,0.9940645213983336,1643.872508460947,0.9963723497753565,1643.8627863983909,1.0133693026422692,1643.8280647446074,1.0223755423386207
1643.873897326894,1.0004127951193944,1643.873897326894,0.9963742343162842,1643.8641752643368,0.9866586657099482,1643.8294536110195,0.9935004131140764
1643.875286193306,1.0079335322208602,1643.875286193306,0.9963085622714593,1643.8655641302832,1.0058056275250582,1643.832231343377,1.0101519094596454
1643.8766750592529,1.02813709021571,1643.8766750592529,0.9962421621550777,1643.8669529966962,0.9817375265667077,1643.8336202093235,0.9795401607035702
1643.8780639251986,1.0041350100626223,1643.8780639251986,0.9961805182123062,1643.8683418626422,1.0142385590291867,1643.8350090757365,1.0141204034981266
1643.87945279161,0.9951480290496815,1643.87945279161,0.9962006961583154,1643.869730728588,0.984043753862322,1643.8363979416831,1.0037694454271615
1643.8808416575573,0.9954534966897303,1643.8808416575573,0.996113543595246,1643.871119595001,0.9988084621390696,1643.8377868076293,0.981840536159336
1643.8822305235042,0.9929815178148187,1643.8822305235042,0.9961219015841638,1643.872508460947,0.9904584030139728,1643.8391756740414,0.9823879413545822
1643.8836193899158,1.0218751132774746,1643.8836193899158,0.9960797519099833,1643.873897326894,0.9967855327373004,1643.840564539987,0.9868801750595102
1643.8850082558622,0.9980160500571128,1643.8850082558622,0.9960422462947333,1643.875286193306,1.0042128083521589,1643.841953406399,0.9925080959774024
1643.886397121809,0.9993389386972452,1643.886397121809,0.9959242285304658,1643.8766750592529,1.024273517748329,1643.8433422723465,0.991043414885893
1643.887785988221,1.0109053811953312,1643.887785988221,0.9958148848235845,1643.8780639251986,1.0002997346793023,1643.8447311382931,0.9896805385964552
1643.889174854167,0.9959614451815205,1643.889174854167,0.9957384090701203,1643.87945279161,0.9913671593198682,1643.8461200047043,1.019184912717657
1643.8905637201144,0.9983504339975239,1643.8905637201144,0.9956488135813303,1643.8808416575573,0.9915847100718856,1643.8475088706512,0.9971661604968624
1643.891952586526,1.0052356299465337,1643.891952586526,0.9956180155913529,1643.8822305235042,0.9891306377636264,1643.8488977370632,1.0030649011206876
1643.893341452472,1.0042113286133616,1643.893341452472,0.9955432468807033,1643.8836193899158,1.017869109316413,1643.85028660301,0.9839866984237984
1643.8947303184186,0.994686154183219,1643.8947303184186,0.9954234971143172,1643.8850082558622,0.9940661483370836,1643.8516754694222,0.9953227448880952
1643.8961191843655,1.005513228038657,1643.8961191843655,0.9953905632100594,1643.886397121809,0.9952658615625084,1643.853064335369,0.9910196633006252
1643.8975080507782,1.0087421919751876,1643.8975080507782,0.9954214881056899,1643.887785988221,1.0066746257425705,1643.854453201315,0.9841365227352152
1643.8988969167242,0.9957276114403689,1643.8988969167242,0.9953329543509496,1643.889174854167,0.9917170649202252,1643.8558420677266,0.988610340355914
1643.9002857826706,0.9931580263861687,1643.9002857826706,0.9952331287389495,1643.8905637201144,0.9940064251480408,1643.857230933673,1.0062970960158697
1643.9016746490822,1.0063224337749315,1643.9016746490822,0.9951020456095095,1643.891952586526,1.0008307030890915,1643.85861979962,0.9840935805575032
1643.9030635150282,0.9897701732961698,1643.9030635150282,0.9950002119620169,1643.893341452472,0.9997358066421308,1643.860008666032,0.989493021551896
1643.9044523809755,1.0033831951074454,1643.9044523809755,0.9949863879464842,1643.8947303184186,0.9901339701282508,1643.8613975319788,0.9907385168184888
1643.9058412469224,0.989421468045252,1643.9058412469224,0.9948792964808564,1643.8961191843655,1.0008783783725637,1643.8627863983909,1.0133693026422692
1643.907230113334,1.0028990086678333,1643.907230113334,0.9948676448383279,1643.8975080507782,1.0041236538509366,1643.8641752643368,0.9866586657099482
1643.9086189792804,1.0035815282830869,1643.9086189792804,0.9948317705724381,1643.8988969167242,0.9910805052237568,1643.8655641302832,1.0058056275250582
1643.9100078452273,0.9897357649627334,1643.9100078452273,0.9948456893863586,1643.9002857826706,0.9884237699325068,1643.8669529966962,0.9817375265667077
1643.9113967111737,0.9749281552804516,1643.9113967111737,0.9948641934717812,1643.9016746490822,1.0013935123921744,1643.8683418626422,1.0142385590291867
1643.9127855775855,0.9892625764340114,1643.9127855775855,0.9948086523344525,1643.9030635150282,0.9848215322233712,1643.869730728588,0.984043753862322
1643.9141744435326,0.9783130798830346,1643.9141744435326,0.9948679978401563,1643.9044523809755,0.9983526210261596,1643.871119595001,0.9988084621390696
1643.9155633094786,1.003226052345017,1643.9155633094786,0.9948260559530886,1643.9058412469224,0.9843549340519164,1643.872508460947,0.9904584030139728
1643.9169521754245,0.9963655993652144,1643.9169521754245,0.994811968536581,1643.907230113334,0.9977517747640612,1643.873897326894,0.9967855327373004
1643.9183410418366,0.9902514979801829,1643.9183410418366,0.9946950791980498,1643.9086189792804,0.9983947886956568,1643.875286193306,1.0042128083521589
1643.9197299077834,0.9985430127395013,1643.9197299077834,0.9945939384845488,1643.9100078452273,0.9846343594046856,1643.8766750592529,1.024273517748329
1643.92111877373,0.997945879550454,1643.92111877373,0.9945749102809519,1643.9113967111737,0.969921112896018,1643.8780639251986,1.0002997346793023
1643.9225076396767,1.012847302120806,1643.9225076396767,0.9946783757164546,1643.9127855775855,0.9841269704672272,1643.87945279161,0.9913671593198682
1643.9238965060888,0.9887721594610005,1643.9238965060888,0.9946231136742788,1643.9141744435326,0.9732923750440716,1643.8808416575573,0.9915847100718856
1643.9252853720348,0.9792455493843821,1643.9252853720348,0.9947035784161181,1643.9155633094786,0.99803541688378,1643.8822305235042,0.9891306377636264
1643.9266742379814,1.0020076259628008,1643.9266742379814,0.9946043202695154,1643.9169521754245,0.9911964232866394,1643.8836193899158,1.017869109316413
1643.9280631039285,1.0102049922700755,1643.9280631039285,0.9945202662869242,1643.9183410418366,0.9849982922093854,1643.8850082558622,0.9940661483370836
1643.9294519698744,0.9976148333557674,1643.9294519698744,0.9944860583833862,1643.9197299077834,0.9931448277868076,1643.886397121809,0.9952658615625084
1643.932229702233,1.0156756818383752,1643.932229702233,0.994279843277288,1643.92111877373,0.9925319336191384,1643.887785988221,1.0066746257425705
1643.933618568179,0.992151315939978,1643.933618568179,0.9942537343233095,1643.9225076396767,1.0074573093223165,1643.889174854167,0.9917170649202252
1643.9350074341262,0.986392935994632,1643.9350074341262,0.9942303935713873,1643.9238965060888,0.9834556439575408,1643.8905637201144,0.9940064251480408
1643.9363963000726,0.9976380413872841,1643.9363963000726,0.9942559854292061,1643.9252853720348,0.9740590521207024,1643.891952586526,1.0008307030890915
1643.9377851664851,0.9782046293473373,1643.9377851664851,0.9943319516081053,1643.9266742379814,0.9966011137256022,1643.893341452472,0.9997358066421308
1643.939174032431,0.9936213501905583,1643.939174032431,0.9942758155868145,1643.9280631039285,1.0046693379168157,1643.8947303184186,0.9901339701282508
1643.940562898377,0.9931761270580091,1643.940562898377,0.9941880415454417,1643.9294519698744,0.9921140434087758,1643.8961191843655,1.0008783783725637
1643.9419517643244,0.997652980100925,1643.9419517643244,0.9941103290593197,1643.932229702233,1.0098658577588124,1643.8975080507782,1.0041236538509366
1643.9433406302708,1.0034671714085934,1643.9433406302708,0.9940872090373476,1643.933618568179,0.9864501508871087,1643.8988969167242,0.9910805052237568
1643.9447294966824,0.9964720005199629,1643.9447294966824,0.9939745247756029,1643.9350074341262,0.9807018369699791,1643.9002857826706,0.9884237699325068
1643.9461183626288,0.9995244306301508,1643.9461183626288,0.9940216752239347,1643.9363963000726,0.9919075939411772,1643.9016746490822,1.0013935123921744
1643.9475072285757,0.9934940591875782,1643.9475072285757,0.9939849187090334,1643.9377851664851,0.9726601181710212,1643.9030635150282,0.9848215322233712
1643.9488960945216,1.0054019328127153,1643.9488960945216,0.9939596285278596,1643.939174032431,0.9879336783451892,1643.9044523809755,0.9983526210261596
1643.950284960468,1.002056395780835,1643.950284960468,0.993876431647217,1643.940562898377,0.9874038286694888,1643.9058412469224,0.9843549340519164
1643.9516738264151,1.0062128797874597,1643.9516738264151,0.993884151978393,1643.9419517643244,0.9917771323351414,1643.907230113334,0.9977517747640612
1643.953062692827,0.9869852986514103,1643.953062692827,0.9937604586564276,1643.9433406302708,0.9975338797861704,1643.9086189792804,0.9983947886956568
1643.954451558773,0.9806889919559962,1643.954451558773,0.9938713156644037,1643.9447294966824,0.9904677831690244,1643.9100078452273,0.9846343594046856
1643.9558404247198,0.987422163846981,1643.9558404247198,0.9938362100417073,1643.9461183626288,0.993548948962232,1643.9113967111737,0.969921112896018
1643.9572292906662,1.01082537933563,1643.9572292906662,0.9938496108966905,1643.9475072285757,0.9875181116594725,1643.9127855775855,0.9841269704672272
1643.9586181566128,0.9809034848947977,1643.9586181566128,0.9938439265015565,1643.9488960945216,0.9993289316597186,1643.9141744435326,0.9732923750440716
1643.9600070225597,1.008189464822559,1643.9600070225597,0.9938899567982027,1643.950284960468,0.9959202349479276,1643.9155633094786,0.99803541688378
1643.961395888506,0.9923806663760533,1643.961395888506,0.9939384478451042,1643.9516738264151,1.000059034737296,1643.9169521754245,0.9911964232866394
1643.9627847549175,0.9895233073119017,1643.9627847549175,0.9939539315790946,1643.953062692827,0.9808269630749766,1643.9183410418366,0.9849982922093854
1643.9641736208634,1.0012374261519421,1643.9641736208634,0.9939477167840264,1643.954451558773,0.9746786586929038,1643.9197299077834,0.9931448277868076
1643.9655624868108,0.9697236683519663,1643.9655624868108,0.9938647646451296,1643.9558404247198,0.9813359010288654,1643.92111877373,0.9925319336191384
1643.9669513527576,1.0200935489112843,1643.9669513527576,0.9937528223734375,1643.9572292906662,1.0046084099372157,1643.9225076396767,1.0074573093223165
1643.9683402187036,1.002536516965736,1643.9683402187036,0.9937231256450548,1643.9586181566128,0.974864970946906,1643.9238965060888,0.9834556439575408
1643.96972908465,0.9973104847170454,1643.96972908465,0.9937565849487793,1643.9600070225597,1.002029383636896,1643.9252853720348,0.9740590521207024
1643.9711179505969,0.9995945988238368,1643.9711179505969,0.9936686576238408,1643.961395888506,0.9863652992093046,1643.9266742379814,0.9966011137256022
1643.9725068165433,1.0058949728266533,1643.9725068165433,0.9936326777897143,1643.9627847549175,0.9835405816918134,1643.9280631039285,1.0046693379168157
1643.9738956829558,0.9779568286651689,1643.9738956829558,0.9936396144760061,1643.9641736208634,0.995177653682438,1643.9294519698744,0.9921140434087758
1643.9752845489022,0.9706993419162776,1643.9752845489022,0.9936021678346152,1643.9655624868108,0.9637741854174388,1643.932229702233,1.0098658577588124
1643.9766734148482,0.983975315432527,1643.9766734148482,0.9935791232756114,1643.9669513527576,1.0137208433155251,1643.933618568179,0.9864501508871087
1643.978062280794,0.985855899615491,1643.978062280794,0.993564581072792,1643.9683402187036,0.9962437212124978,1643.9350074341262,0.9807018369699791
1643.9794511467403,0.9790115092098388,1643.9794511467403,0.9935766129838562,1643.96972908465,0.9910838614260228,1643.9363963000726,0.9919075939411772
1643.9808400126874,0.9751559561970399,1643.9808400126874,0.9935945989623733,1643.9711179505969,0.9932658231813236,1643.9377851664851,0.9726601181710212
1643.9822288786338,0.9921335019151069,1643.9822288786338,0.9936682313319798,1643.9725068165433,0.9994901154249594,1643.939174032431,0.9879336783451892
1643.983617744581,1.0032463498717448,1643.983617744581,0.9936078674172232,1643.9738956829558,0.971736646209036,1643.940562898377,0.9874038286694888
1643.985006610527,0.9887486636902774,1643.985006610527,0.9935722058349947,1643.9752845489022,0.9644889704436478,1643.9419517643244,0.9917771323351414
1643.986395476473,0.9761705266566316,1643.986395476473,0.993569467746724,1643.9766734148482,0.9776573312322934,1643.9433406302708,0.9975338797861704
1643.98778434242,1.0003038407506346,1643.98778434242,0.9935695156417418,1643.978062280794,0.9795115038996058,1643.9447294966824,0.9904677831690244
1643.9891732083672,0.9938864232673199,1643.9891732083672,0.9935143287523872,1643.9794511467403,0.972722939392925,1643.9461183626288,0.993548948962232
1643.9905620747786,0.9869993918261786,1643.9905620747786,0.9935046654758627,1643.9808400126874,0.9689096912233676,1643.9475072285757,0.9875181116594725
1643.9919509407243,0.9936094068508999,1643.9919509407243,0.9935114818889788,1643.9822288786338,0.9858515420931876,1643.9488960945216,0.9993289316597186
1643.9933398066712,0.9831040420517172,1643.9933398066712,0.9934650146936581,1643.983617744581,0.9968334661901778,1643.950284960468,0.9959202349479276
1643.9947286726176,0.9947643067384628,1643.9947286726176,0.9934712395284702,1643.985006610527,0.9823931907991522,1643.9516738264151,1.000059034737296
1643.9961175385645,0.9933384328166542,1643.9961175385645,0.99352745385879,1643.986395476473,0.9698932306002688,1643.953062692827,0.9808269630749766
1643.997506404511,1.0062467543730413,1643.997506404511,0.9934658435271495,1643.98778434242,0.993871402549182,1643.954451558773,0.9746786586929038
1643.9988952704578,1.00062076904158,1643.9988952704578,0.9934137543985031,1643.9891732083672,0.9874404026685424,1643.9558404247198,0.9813359010288654
1644.0002841364037,0.980498623454218,1644.0002841364037,0.9933808306047596,1643.9905620747786,0.9805885006011474,1643.9572292906662,1.0046084099372157
1644.0016730023497,0.9780127612198783,1644.0016730023497,0.9933118634681535,1643.9919509407243,0.9871623542192668,1643.9586181566128,0.974864970946906
1644.003061868296,1.0024177414204436,1644.003061868296,0.9932624210319803,1643.9933398066712,0.976679471582304,1643.9600070225597,1.002029383636896
1644.004450734243,0.9923576167271745,1644.004450734243,0.9932383827216801,1643.9947286726176,0.98826972885414,1643.961395888506,0.9863652992093046
1644.0058396001891,0.996962191533809,1644.0058396001891,0.9932045764661517,1643.9961175385645,0.9869090039764112,1643.9627847549175,0.9835405816918134
1644.007228466136,0.9886612104382683,1644.007228466136,0.9931850974673347,1643.997506404511,0.99967178062967,1643.9641736208634,0.995177653682438
1644.0086173320826,1.0005861537551954,1644.0086173320826,0.9931358335678286,1643.9988952704578,0.9940304349027136,1643.9655624868108,0.9637741854174388
1644.0100061980286,0.9992090308370848,1644.0100061980286,0.9931814542461471,1644.0002841364037,0.9740085369737744,1643.9669513527576,1.0137208433155251
1644.011395063975,0.9923359885371296,1644.011395063975,0.9931902200942218,1644.0016730023497,0.9714716783429516,1643.9683402187036,0.9962437212124978
1644.0127839299223,0.9794226228533622,1644.0127839299223,0.9931430396646099,1644.003061868296,0.9956638727286794,1643.96972908465,0.9910838614260228
1644.0141727958685,0.978356400206884,1644.0141727958685,0.9931336143823551,1644.004450734243,0.9856476743196396,1643.9711179505969,0.9932658231813236
1644.0155616618142,0.9795818792864149,1644.0155616618142,0.9931651854406044,1644.0058396001891,0.9901874111951032,1643.9725068165433,0.9994901154249594
1644.016950527761,0.9880161544882248,1644.016950527761,0.9931780115262402,1644.007228466136,0.9819235806513046,1643.9738956829558,0.971736646209036
1644.018339393707,0.9869113832735533,1644.018339393707,0.9931188189417435,1644.0086173320826,0.9937179638660936,1643.9752845489022,0.9644889704436478
1644.0197282596534,0.9882719607690061,1644.0197282596534,0.9931517783873007,1644.0100061980286,0.9923958783426592,1643.9766734148482,0.9776573312322934
1644.0211171256008,0.9918665720289206,1644.0211171256008,0.9931237259536768,1644.011395063975,0.9855783988626088,1643.978062280794,0.9795115038996058
1644.0225059915476,1.0042491631636827,1644.0225059915476,0.9931246070585156,1644.0127839299223,0.972706760776873,1643.9794511467403,0.972722939392925
1644.0238948574934,0.9863253887988045,1644.0238948574934,0.993216849182755,1644.0141727958685,0.9716386278915726,1643.9808400126874,0.9689096912233676
1644.025283723439,0.9908758279345764,1644.025283723439,0.9932081045327973,1644.0155616618142,0.972886618795748,1643.9822288786338,0.9858515420931876
1644.0266725893864,0.9797463802834356,1644.0266725893864,0.9931130566723564,1644.016950527761,0.9812759196704176,1643.983617744581,0.9968334661901778
1644.0280614553333,1.027274976607115,1644.0280614553333,0.9931430613803887,1644.018339393707,0.9801202673567936,1643.985006610527,0.9823931907991522
1644.0294503212792,0.9977509283766977,1644.0294503212792,0.993047509371629,1644.0197282596534,0.9815040553680432,1643.986395476473,0.9698932306002688
1644.0308391872256,0.9957810210834106,1644.0308391872256,0.9931097083374772,1644.0211171256008,0.9850462256622626,1643.98778434242,0.993871402549182
1644.0322280531725,0.9983010723521939,1644.0322280531725,0.9930627345895678,1644.0225059915476,0.9973445555557756,1643.9891732083672,0.9874404026685424
1644.0336169191185,1.000099150727245,1644.0336169191185,0.9930415478329271,1644.0238948574934,0.9796349949317044,1643.9905620747786,0.9805885006011474
1644.0350057850649,1.007860012170334,1644.0350057850649,0.9930431852562609,1644.025283723439,0.9841459028902668,1643.9919509407243,0.9871623542192668
1644.0363946510122,0.9853397576156968,1644.0363946510122,0.9930142816576726,1644.0266725893864,0.9729989224869596,1643.9933398066712,0.976679471582304
1644.037783516958,1.0097813277364616,1644.037783516958,0.9931105198746644,1644.0280614553333,1.0202310151470573,1643.9947286726176,0.98826972885414
1644.039172382904,1.0147392588261002,1644.039172382904,0.993200617247394,1644.0294503212792,0.9908140743977102,1643.9961175385645,0.9869090039764112
1644.0405612488505,1.009171929547354,1644.0405612488505,0.9932066742601368,1644.0308391872256,0.9889197994161412,1643.997506404511,0.99967178062967
1644.0419501147974,0.9820254405798428,1644.0419501147974,0.9932713261147791,1644.0322280531725,0.9913755928537676,1643.9988952704578,0.9940304349027136
1644.0433389807438,1.0004896058107082,1644.0433389807438,0.9932800119358086,1644.0336169191185,0.9931400086245792,1644.0002841364037,0.9740085369737744
1644.044727846225,1.0150192257425692,1644.044727846225,0.9932827574184931,1644.0350057850649,1.0008485167780423,1644.0016730023497,0.9714716783429516
1644.0461167121714,0.9801922435006926,1644.0461167121714,0.9933592025545095,1644.0363946510122,0.9784564515974964,1644.003061868296,0.9956638727286794
1644.0475055781174,1.0108770082421346,1644.0475055781174,0.9934178075047183,1644.037783516958,1.0028244593480862,1644.004450734243,0.9856476743196396
1644.0488944440633,0.9971237139783549,1644.0488944440633,0.993388907697817,1644.039172382904,1.0078396582112457,1644.0058396001891,0.9901874111951032
1644.0502833100106,0.9845649269851627,1644.0502833100106,0.9933561116750786,1644.0405612488505,1.0023162959024126,1644.007228466136,0.9819235806513046
1644.0516721759575,1.0053288770355366,1644.0516721759575,0.9933561292332935,1644.0419501147974,0.9754177116431906,1644.0086173320826,0.9937179638660936
1644.0530610419034,1.0011517163398456,1644.0530610419034,0.9933548632891572,1644.0433389807438,0.9937663276013128,1644.0100061980286,0.9923958783426592
1644.05444990785,0.9990607285780706,1644.05444990785,0.9933462835254633,1644.044727846225,1.008201095378363,1644.011395063975,0.9855783988626088
1644.0558387737965,0.9950397819782291,1644.0558387737965,0.9933436562381806,1644.0461167121714,0.9736829853539636,1644.0127839299223,0.972706760776873
1644.0572276397431,1.0104716258349367,1644.0572276397431,0.9933351679313283,1644.0475055781174,1.0042232211848303,1644.0141727958685,0.9716386278915726
1644.0586165056895,0.9778530368507202,1644.0586165056895,0.9933215113337077,1644.0488944440633,0.9905316370685484,1644.0155616618142,0.972886618795748
1644.0600053716364,0.9883160222907705,1644.0600053716364,0.9933154335988931,1644.0502833100106,0.978023587561639,1644.016950527761,0.9812759196704176
1644.0613942371167,1.005539060816841,1644.0613942371167,0.9933165758781703,1644.0516721759575,0.9986496018984744,1644.018339393707,0.9801202673567936
1644.0627831030629,0.9927833777923315,1644.0627831030629,0.9933486414991227,1644.0530610419034,0.9944989263164724,1644.0197282596534,0.9815040553680432
1644.064171969009,0.9922200958451973,1644.064171969009,0.9933136849837152,1644.05444990785,0.992413261749268,1644.0211171256008,0.9850462256622626
1644.065560834956,1.0037274639097986,1644.065560834956,0.9933492041984021,1644.0558387737965,0.988416455132696,1644.0225059915476,0.9973445555557756
1644.0669497009023,0.9899366819636406,1644.0669497009023,0.9934366482250844,1644.0572276397431,1.0037370021385892,1644.0238948574934,0.9796349949317044
1644.0683385668492,0.9899892583280557,1644.0683385668492,0.9935487886673235,1644.0586165056895,0.9713224564268133,1644.025283723439,0.9841459028902668
1644.0697274327956,1.0097960097617196,1644.0697274327956,0.9936037457375879,1644.0600053716364,0.98170955821449,1644.0266725893864,0.9729989224869596
1644.0711162987416,0.9905578373592886,1644.0711162987416,0.993606525025448,1644.0613942371167,0.998818616802336,1644.0280614553333,1.0202310151470573
1644.0725051642223,1.001107409396806,1644.0725051642223,0.9936681437921062,1644.0627831030629,0.9861800196329228,1644.0294503212792,0.9908140743977102
1644.0738940301696,1.0015288981171784,1644.0738940301696,0.9936600837242155,1644.064171969009,0.985585799718888,1644.0308391872256,0.9889197994161412
1644.0752828961156,1.004689297777687,1644.0752828961156,0.9935940534747885,1644.065560834956,0.9970518775068788,1644.0322280531725,0.9913755928537676
1644.0766717620616,0.9996628827173606,1644.0766717620616,0.9935830495665876,1644.0669497009023,0.9834393792850205,1644.0336169191185,0.9931400086245792
1644.0780606280084,1.0099979224531752,1644.0780606280084,0.993582591651554,1644.0683385668492,0.9836026284055018,1644.0350057850649,1.0008485167780423
1644.0794494939544,0.9776614497925976,1644.0794494939544,0.9935808639454178,1644.0697274327956,1.0033370977301144,1644.0363946510122,0.9784564515974964
1644.0808383599008,1.0167540530126478,1644.0808383599008,0.9936413908199186,1644.0711162987416,0.9842247306152856,1644.037783516958,1.0028244593480862
1644.0822272253824,1.0092200105671383,1644.0822272253824,0.9936338852271819,1644.0725051642223,0.9947685412318484,1644.039172382904,1.0078396582112457
1644.0836160913293,0.980783275643946,1644.0836160913293,0.9936268746286001,1644.0738940301696,0.9951792887553368,1644.0405612488505,1.0023162959024126
1644.0850049572753,0.9914956471333388,1644.0850049572753,0.993743926453782,1644.0752828961156,0.9982533118616708,1644.0419501147974,0.9754177116431906
1644.0863938232212,0.9763576976708462,1644.0863938232212,0.9936920715536425,1644.0766717620616,0.9932480955488412,1644.0433389807438,0.9937663276013128
1644.0877826891683,0.9977698319515119,1644.0877826891683,0.9937091984369235,1644.0780606280084,1.003516353353711,1644.044727846225,1.008201095378363
1644.089171555115,0.991752447053865,1644.089171555115,0.9938209438702617,1644.0794494939544,0.9713857079310588,1644.0461167121714,0.9736829853539636
1644.0905604205952,0.9863548084272018,1644.0905604205952,0.9939174820216267,1644.0808383599008,1.0102889113572766,1644.0475055781174,1.0042232211848303
1644.0919492865416,0.9772684751345212,1644.0919492865416,0.9940063752240759,1644.0822272253824,1.0027952001488432,1644.0488944440633,0.9905316370685484
1644.0933381524885,0.9780252432992259,1644.0933381524885,0.9940681311458852,1644.0836160913293,0.9745326208660948,1644.0502833100106,0.978023587561639
1644.0947270184345,0.9907188384944947,1644.0947270184345,0.9940436251674605,1644.0850049572753,0.9852927774441176,1644.0516721759575,0.9986496018984744
1644.0961158843809,0.9766254752628559,1644.0961158843809,0.9940361631706605,1644.0863938232212,0.9701989031758882,1644.0530610419034,0.9944989263164724
1644.0975047498623,0.9860905199164122,1644.0975047498623,0.9939984187858398,1644.0877826891683,0.9914930599330808,1644.05444990785,0.992413261749268
1644.0988936158085,0.9905288028737395,1644.0988936158085,0.9940272148186048,1644.089171555115,0.9856243530167138,1644.0558387737965,0.988416455132696
1644.1002824817544,1.007135443743476,1644.1002824817544,0.994050184952789,1644.0905604205952,0.9803552875718884,1644.0572276397431,1.0037370021385892
1644.1016713477013,0.9883294886098286,1644.1016713477013,0.9941353587573947,1644.0919492865416,0.9714110945892254,1644.0586165056895,0.9713224564268133
1644.1030602136475,0.9700934849121716,1644.1030602136475,0.9941950294747498,1644.0933381524885,0.9722237258199612,1644.0600053716364,0.98170955821449
1644.1044490791285,0.9673175132791594,1644.1044490791285,0.9942642706397472,1644.0947270184345,0.9848177457387634,1644.0613942371167,0.998818616802336
1644.105837945075,1.0043409585095473,1644.105837945075,0.9943334139169413,1644.0961158843809,0.970801040285012,1644.0627831030629,0.9861800196329228
1644.1072268110215,0.9962119936407741,1644.1072268110215,0.9944144895982038,1644.0975047498623,0.9801724175766204,1644.064171969009,0.985585799718888
1644.1086156769677,0.997133016424806,1644.1086156769677,0.9943857710497105,1644.0988936158085,0.98461258711819,1644.065560834956,0.9970518775068788
1644.1100045429137,0.9786343076765233,1644.1100045429137,0.9945004636517535,1644.1002824817544,1.0011431741257115,1644.0669497009023,0.9834393792850205
1644.111393408395,1.0122883957244853,1644.111393408395,0.9945786640957759,1644.1016713477013,0.9825332907296443,1644.0683385668492,0.9836026284055018
1644.1127822743422,1.0012350786362743,1644.1127822743422,0.994605590250592,1644.1030602136475,0.9644621208255192,1644.0697274327956,1.0033370977301144
1644.114171140288,0.9979999683175557,1644.114171140288,0.9946023210222804,1644.1044490791285,0.9617692418175574,1644.0711162987416,0.9842247306152856
1644.1155600062343,0.984569663371088,1644.1155600062343,0.9946696650400678,1644.105837945075,0.9986497740114112,1644.0725051642223,0.9947685412318484
1644.1169488717148,0.9791688533263971,1644.1169488717148,0.9946847273994882,1644.1072268110215,0.9906476411878994,1644.0738940301696,0.9951792887553368
1644.1183377376617,0.9974865538388845,1644.1183377376617,0.9948047023204297,1644.1086156769677,0.9915348833767044,1644.0752828961156,0.9982533118616708
1644.1197266036088,0.9878547790286253,1644.1197266036088,0.9947788653259734,1644.1100045429137,0.9732522727298152,1644.0766717620616,0.9932480955488412
1644.1211154695554,0.997541932426897,1644.1211154695554,0.9948791372787712,1644.111393408395,1.0068004402993147,1644.0780606280084,1.003516353353711
1644.1225043350355,0.9956263582256906,1644.1225043350355,0.9949325983124576,1644.1127822743422,0.9958340063666296,1644.0794494939544,0.9713857079310588
1644.1238932009817,1.0230069058586644,1644.1238932009817,0.9949839748547097,1644.114171140288,0.9926130848688032,1644.0808383599008,1.0102889113572766
1644.125282066928,1.0001501204548564,1644.125282066928,0.9949936900768233,1644.1155600062343,0.9793215772739324,1644.0822272253824,1.0027952001488432
1644.126670932875,0.9905513127214024,1644.126670932875,0.9949568016862771,1644.1169488717148,0.9739643039490368,1644.0836160913293,0.9745326208660948
1644.1280597983557,0.9832412279536443,1644.1280597983557,0.9949632621586114,1644.1183377376617,0.9923043142603228,1644.0850049572753,0.9852927774441176
1644.1294486643026,0.9991764567815823,1644.1294486643026,0.9949927942647527,1644.1197266036088,0.982697056188936,1644.0863938232212,0.9701989031758882
1644.130837530249,0.9990677840825416,1644.130837530249,0.9950767331423116,1644.1211154695554,0.9924336571322696,1644.0877826891683,0.9914930599330808
1644.132226396195,0.9933782123258975,1644.132226396195,0.995043371970958,1644.1225043350355,0.990581119537856,1644.089171555115,0.9856243530167138
1644.133615261676,1.002951265052549,1644.133615261676,0.9951283050323887,1644.1238932009817,1.0178754774950718,1644.0905604205952,0.9803552875718884
1644.1350041276237,1.007119104844375,1644.1350041276237,0.9951249290093708,1644.125282066928,0.9951430589821568,1644.0919492865416,0.9714110945892254
1644.1363929935692,0.9847110464946752,1644.1363929935692,0.9951792379080909,1644.126670932875,0.9855557660114298,1644.0933381524885,0.9722237258199612
1644.1377818590493,0.9882716383197448,1644.1377818590493,0.9952179349148043,1644.1280597983557,0.9782888996535968,1644.0947270184345,0.9848177457387634
1644.139170724996,0.9961594820944211,1644.139170724996,0.9951906698669194,1644.1294486643026,0.9941733746966616,1644.0961158843809,0.970801040285012
1644.140559590942,0.99627665948376,1644.140559590942,0.9952153666414119,1644.130837530249,0.9941491067725838,1644.0975047498623,0.9801724175766204
1644.1419484564228,1.0042691585379222,1644.1419484564228,0.9952914016737746,1644.132226396195,0.9884544060352434,1644.0988936158085,0.98461258711819
1644.14333732237,1.00145722909118,1644.14333732237,0.9953089783729211,1644.133615261676,0.998065192421833,1644.1002824817544,1.0011431741257115
1644.144726188317,0.973565760698085,1644.144726188317,0.9953653022304503,1644.1350041276237,1.0022093277122397,1644.1016713477013,0.9825332907296443
1644.146115054263,1.007065985018621,1644.146115054263,0.9954590709499757,1644.1363929935692,0.9799639888102496,1644.1030602136475,0.9644621208255192
1644.1475039197433,1.00882526753521,1644.1475039197433,0.9954584296063761,1644.1377818590493,0.9835456590234468,1644.1044490791285,0.9617692418175574
1644.1488927856897,0.9923052282533662,1644.1488927856897,0.9954504162327756,1644.139170724996,0.9913686222798304,1644.105837945075,0.9986497740114112
1644.1502816516363,0.9886823000220522,1644.1502816516363,0.9955426711423847,1644.140559590942,0.9915098409444112,1644.1072268110215,0.9906476411878994
1644.1516705171173,0.9776372184374061,1644.1516705171173,0.9956060335379149,1644.1419484564228,0.9995404584589508,1644.1086156769677,0.9915348833767044
1644.1530593830637,0.9878505805678159,1644.1530593830637,0.9956515413056525,1644.14333732237,0.9967593715709188,1644.1100045429137,0.9732522727298152
1644.1544482490096,1.0062282562633098,1644.1544482490096,0.9957852960170376,1644.144726188317,0.9690535776384676,1644.111393408395,1.0068004402993147
1644.15583711449,0.9940608503436391,1644.15583711449,0.9958183414049424,1644.146115054263,1.0024929698319585,1644.1127822743422,0.9958340063666296
1644.1572259804373,1.000743857719511,1644.1572259804373,0.9958690205703338,1644.1475039197433,1.0042436165678323,1644.114171140288,0.9926130848688032
1644.1586148463846,1.0048770080186362,1644.1586148463846,0.9959338536668126,1644.1488927856897,0.9877906524947728,1644.1155600062343,0.9793215772739324
1644.1600037118649,1.0031563218651132,1644.1600037118649,0.9959252363000423,1644.1502816516363,0.9842754178751504,1644.1169488717148,0.9739643039490368
1644.1613925778108,1.0014453187635728,1644.1613925778108,0.9959769945250517,1644.1516705171173,0.973341513287506,1644.1183377376617,0.9923043142603228
1644.162781443292,0.9898916598487534,1644.162781443292,0.9960685896189516,1644.1530593830637,0.9835549531220296,1644.1197266036088,0.982697056188936
1644.164170309238,1.0136231833200688,1644.164170309238,0.9961753322110849,1644.1544482490096,1.0019873020238674,1644.1211154695554,0.9924336571322696
1644.1655591751844,1.0031145374455257,1644.1655591751844,0.9963133957096254,1644.15583711449,0.9899040272447894,1644.1225043350355,0.990581119537856
1644.166948040666,0.99571704502903,1644.166948040666,0.9963848711479242,1644.1572259804373,0.9966098054289068,1644.1238932009817,1.0178754774950718
1644.1683369066127,0.9843841297100158,1644.1683369066127,0.99639873036754,1644.1586148463846,1.000791031057177,1644.125282066928,0.9951430589821568
1644.1697257725584,0.976547926001282,1644.1697257725584,0.9965286177252233,1644.1600037118649,0.999068696899394,1644.126670932875,0.9855557660114298
1644.1711146380387,1.0034640557289174,1644.1711146380387,0.9966153094120364,1644.1613925778108,0.9974164987633256,1644.1280597983557,0.9782888996535968
1644.172503503986,1.0082022796605747,1644.172503503986,0.9966409064769375,1644.162781443292,0.9859999895011108,1644.1294486643026,0.9941733746966616
1644.173892369933,0.9849804032814458,1644.173892369933,0.996663115831896,1644.164170309238,1.009746411380727,1644.130837530249,0.9941491067725838
1644.1752812354132,1.0052910891907285,1644.1752812354132,0.9967875629129503,1644.1655591751844,0.999416451088042,1644.132226396195,0.9884544060352434
1644.1766701013596,0.9792046229797026,1644.1766701013596,0.9969099125358324,1644.166948040666,0.992117399611042,1644.133615261676,0.998065192421833
1644.17805896684,0.9897637041033316,1644.17805896684,0.9969688365556214,1644.1683369066127,0.9808390970370156,1644.1350041276237,1.0022093277122397
1644.179447832786,1.002106583691421,1644.179447832786,0.9969353513500516,1644.1697257725584,0.9731579548404912,1644.1363929935692,0.9799639888102496
1644.1808366987332,0.9859981495073041,1644.1808366987332,0.9970329123924815,1644.1711146380387,1.000067640384132,1644.1377818590493,0.9835456590234468
1644.1822255642148,0.9944082412164239,1644.1822255642148,0.9970779455042841,1644.172503503986,1.00481563391303,1644.139170724996,0.9913686222798304
1644.1836144301608,0.9993152062662232,1644.1836144301608,0.9970734092267446,1644.173892369933,0.9816936377678432,1644.140559590942,0.9915098409444112
1644.185003295641,1.004228174792429,1644.185003295641,0.9971543922496522,1644.1752812354132,1.0020616548125316,1644.1419484564228,0.9995404584589508
1644.1863921615875,1.0090058201386978,1644.1863921615875,0.9972860279398225,1644.1766701013596,0.976178795049378,1644.14333732237,0.9967593715709188
1644.1877810270687,1.0034354169542898,1644.1877810270687,0.9973235018850759,1644.17805896684,0.9867635685448808,1644.144726188317,0.9690535776384676
1644.189169893015,0.9885680521894054,1644.189169893015,0.9973835237510826,1644.179447832786,0.9990354791026066,1644.146115054263,1.0024929698319585
1644.190558758962,0.976357196149235,1644.190558758962,0.9974129862986839,1644.1808366987332,0.9830726066168648,1644.1475039197433,1.0042436165678323
1644.1919476244425,0.9790508419371405,1644.1919476244425,0.997520754842038,1644.1822255642148,0.9915025261446004,1644.1488927856897,0.9877906524947728
1644.1933364903882,1.0056300184058846,1644.1933364903882,0.9975438035436001,1644.1836144301608,0.9963906196039906,1644.1502816516363,0.9842754178751504
1644.194725355869,0.9912268601728039,1644.194725355869,0.9975581804501621,1644.185003295641,1.001370535315122,1644.1516705171173,0.973341513287506
1644.1961142218163,1.0083898727717513,1644.1961142218163,0.9976638348055616,1644.1863921615875,1.006267406534285,1644.1530593830637,0.9835549531220296
1644.1975030872975,0.9916975676081343,1644.1975030872975,0.9976445760247334,1644.1877810270687,1.0007497239523635,1644.1544482490096,1.0019873020238674
1644.1988919532434,0.9627245443657749,1644.1988919532434,0.9977613660115013,1644.189169893015,0.9859814873604132,1644.15583711449,0.9899040272447894
1644.20028081919,0.9917146309488418,1644.20028081919,0.9977914162258886,1644.190558758962,0.9738313467054184,1644.1572259804373,0.9966098054289068
1644.2016696846702,0.9897019672778568,1644.2016696846702,0.9977962903712042,1644.1919476244425,0.9766235348778692,1644.1586148463846,1.000791031057177
1644.2030585506166,0.9804445386381333,1644.2030585506166,0.9977721373291192,1644.1933364903882,1.0031599935182267,1644.1600037118649,0.999068696899394
1644.2044474160982,1.0063271214321499,1644.2044474160982,0.9979072753206105,1644.194725355869,0.9888064630473096,1644.1613925778108,0.9974164987633256
1644.205836282045,1.0026640276171295,1644.205836282045,0.9980034956496378,1644.1961142218163,1.0060341074485577,1644.162781443292,0.9859999895011108
1644.2072251475254,1.005074333743601,1644.2072251475254,0.998137365131556,1644.1975030872975,0.9893616993811766,1644.164170309238,1.009746411380727
1644.208614013471,0.9988920518162768,1644.208614013471,0.998124788425962,1644.1988919532434,0.9605693564791958,1644.1655591751844,0.999416451088042
1644.210002878952,1.0041204211895634,1644.210002878952,0.9981738817206542,1644.20028081919,0.9895243461063794,1644.166948040666,0.992117399611042
1644.211391744899,1.002828010741288,1644.211391744899,0.9981975442248331,1644.2016696846702,0.9875209515229284,1644.1683369066127,0.9808390970370156
1644.2127806103797,1.0105519603448208,1644.2127806103797,0.998301721653474,1644.2030585506166,0.9782602428496324,1644.1697257725584,0.9731579548404912
1644.2141694763266,1.0012259748442855,1644.2141694763266,0.9984128127109193,1644.2044474160982,1.00422115582959,1644.1711146380387,1.000067640384132
1644.2155583418066,0.9927534752986138,1644.2155583418066,0.9984476190679021,1644.205836282045,1.00066220452404,1644.172503503986,1.00481563391303
1644.2169472077524,0.983658982892519,1644.2169472077524,0.9985538678068393,1644.2072251475254,1.0032022472441922,1644.173892369933,0.9816936377678432
1644.218336073234,1.002798706744241,1644.218336073234,0.9985312757921474,1644.208614013471,0.9970189178794964,1644.1752812354132,1.0020616548125316
1644.219724939181,1.00222717228158,1644.219724939181,0.998512525779541,1644.210002878952,1.0022867785337648,1644.1766701013596,0.976178795049378
1644.2211138046616,0.9902000349937825,1644.2211138046616,0.9985786437203185,1644.211391744899,1.0010204576018282,1644.17805896684,0.9867635685448808
1644.2225026706076,1.0009367214277132,1644.2225026706076,0.9985820021666715,1644.2127806103797,1.0088357618325277,1644.179447832786,0.9990354791026066
1644.2238915360888,1.0071849921671812,1644.2238915360888,0.99855545681016,1644.2141694763266,0.9996368417035152,1644.1808366987332,0.9830726066168648
1644.2252804020347,0.9971722485519026,1644.2252804020347,0.9986956761878525,1644.2155583418066,0.9912123437332864,1644.1822255642148,0.9915025261446004
1644.2266692675155,0.9907136130743655,1644.2266692675155,0.9988177399092519,1644.2169472077524,0.9822364819702664,1644.1836144301608,0.9963906196039906
1644.2280581334628,0.9826059630747225,1644.2280581334628,0.998940943226164,1644.218336073234,1.0013258720080425,1644.185003295641,1.001370535315122
1644.229446998943,1.0087823088633407,1644.229446998943,0.999069138829881,1644.219724939181,1.0007363851997677,1644.1863921615875,1.006267406534285
1644.230835864889,1.0051339683227096,1644.230835864889,0.9991938196650008,1644.2211138046616,0.9887926079559032,1644.1877810270687,1.0007497239523635
1644.23222473037,1.0045981281984167,1644.23222473037,0.999272765520046,1644.2225026706076,0.9995173953254298,1644.189169893015,0.9859814873604132
1644.2336135963171,0.9955478115081997,1644.2336135963171,0.9993919426603167,1644.2238915360888,1.005730069945837,1644.190558758962,0.9738313467054184
1644.2350024617983,1.0018890689219249,1644.2350024617983,0.9994656088271551,1644.2252804020347,0.9958716130433036,1644.1919476244425,0.9766235348778692
1644.2363913277445,1.0187074622358727,1644.2363913277445,0.9995866673014728,1644.2266692675155,0.9895423319082668,1644.1933364903882,1.0031599935182267
1644.237780193225,1.0160640601599353,1644.237780193225,0.99967715369763,1644.2280581334628,0.9815653275735166,1644.194725355869,0.9888064630473096
1644.239169059171,0.9950007834597587,1644.239169059171,0.9997653800656762,1644.229446998943,1.007843272582917,1644.1961142218163,1.0060341074485577
1644.2405579246513,1.0063617758884318,1644.2405579246513,0.9998687727510592,1644.230835864889,1.0043236490834082,1644.1975030872975,0.9893616993811766
1644.2419467905986,1.009894613886531,1644.2419467905986,0.9999335204766077,1644.23222473037,1.0038675498010934,1644.1988919532434,0.9605693564791958
1644.2433356560805,0.9894436303228736,1644.2433356560805,1.000029827050199,1644.2336135963171,0.9949424613544066,1644.20028081919,0.9895243461063794
1644.2447245215606,1.0117558468884191,1644.2447245215606,1.0001452598242522,1644.2350024617983,1.0013536682473232,1644.2016696846702,0.9875209515229284
1644.2461133875065,0.9969437565378356,1644.2461133875065,1.0002215319983179,1644.2363913277445,1.018286397131497,1644.2030585506166,0.9782602428496324
1644.2475022529875,0.9912326745568072,1644.2475022529875,1.000349332442913,1644.237780193225,1.0157360276351417,1644.2044474160982,1.00422115582959
1644.248891118934,0.987627905515373,1644.248891118934,1.0003156155515578,1644.239169059171,0.9947673364412912,1644.205836282045,1.00066220452404
1644.2502799844149,0.9978008812773895,1644.2502799844149,1.0003744262670764,1644.2405579246513,1.006229713801143,1644.2072251475254,1.0032022472441922
1644.2516688503615,0.9871046643571096,1644.2516688503615,1.0005101266794896,1644.2419467905986,1.0098274765739232,1644.208614013471,0.9970189178794964
1644.253057715842,0.994682999004724,1644.253057715842,1.000640916167092,1644.2433356560805,0.9894731425077044,1644.210002878952,1.0022867785337648
1644.2544465813223,0.9973802398836533,1644.2544465813223,1.0007185036256787,1644.2447245215606,1.0119028143649242,1644.211391744899,1.0010204576018282
1644.2558354472687,0.9978984778643705,1644.2558354472687,1.0008423068311822,1644.2461133875065,0.997164611480432,1644.2127806103797,1.0088357618325277
1644.2572243127504,0.9962946451001629,1644.2572243127504,1.0008814076730035,1644.2475022529875,0.9915789442885052,1644.2141694763266,0.9996368417035152
1644.2586131786973,1.0347140834757271,1644.2586131786973,1.0009161711411283,1644.248891118934,0.9879396162415062,1644.2155583418066,0.9912123437332864
1644.2600020441776,1.0044313572367696,1644.2600020441776,1.0009529318048915,1644.2502799844149,0.9981744841366518,1644.2169472077524,0.9822364819702664
1644.2613909096583,1.0014894956136784,1644.2613909096583,1.000931864132559,1644.2516688503615,0.9876082127818469,1644.218336073234,1.0013258720080425
1644.2627797756045,1.0294104163826356,1644.2627797756045,1.001009093834853,1644.253057715842,0.9953205074199176,1644.219724939181,1.0007363851997677
1644.2641686410857,1.0036499545802733,1644.2641686410857,1.001026222616212,1644.2544465813223,0.99809686120219,1644.2211138046616,0.9887926079559032
1644.2655575070326,1.009550458533006,1644.2655575070326,1.0011333847287402,1644.2558354472687,0.998739014569102,1644.2225026706076,0.9995173953254298
1644.2669463725126,1.01854217089794,1644.2669463725126,1.0011278412288702,1644.2572243127504,0.9971727868449264,1644.2238915360888,1.005730069945837
1644.268335237993,0.9893175222158545,1644.268335237993,1.0012549730882359,1644.2586131786973,1.0356620586583265,1644.2252804020347,0.9958716130433036
1644.2697241039398,1.0051219436500733,1644.2697241039398,1.0013182248040486,1644.2600020441776,1.005388511822911,1644.2266692675155,0.9895423319082668
1644.2711129694203,0.9945858787401841,1644.2711129694203,1.0014129164386019,1644.2613909096583,1.0024227477537755,1644.2280581334628,0.9815653275735166
1644.2725018349015,1.0191766504181476,1644.2725018349015,1.0015295815521992,1644.2627797756045,1.0304491880873408,1644.229446998943,1.007843272582917
1644.273890700848,1.0067363854261864,1644.273890700848,1.001578343164599,1644.2641686410857,1.004679922862424,1644.230835864889,1.0043236490834082
1644.2752795663291,1.0039404026591636,1644.2752795663291,1.001644550126452,1644.2655575070326,1.0106946676056,1644.23222473037,1.0038675498010934
1644.2766684322753,0.9834688676232154,1644.2766684322753,1.0017770402780088,1644.2669463725126,1.0196909247516217,1644.2336135963171,0.9949424613544066
1644.2780572977556,1.020616222564154,1644.2780572977556,1.0017851655138854,1644.268335237993,0.9905590890819556,1644.2350024617983,1.0013536682473232
1644.2794461632373,0.9842144691720847,1644.2794461632373,1.0016926207551138,1644.2697241039398,1.0064469203272866,1644.2363913277445,1.018286397131497
1644.2808350291843,1.0109306285816062,1644.2808350291843,1.0017127406715325,1644.2711129694203,0.9959911454778574,1644.237780193225,1.0157360276351417
1644.2822238946644,1.0288215387469843,1644.2822238946644,1.0017990290342675,1644.2725018349015,1.0207355642210594,1644.239169059171,0.9947673364412912
1644.2836127601447,1.0217873663408388,1644.2836127601447,1.0018379463354556,1644.273890700848,1.0083253609186769,1644.2405579246513,1.006229713801143
1644.2850016260916,1.0137385083570858,1644.2850016260916,1.001905931703465,1644.2752795663291,1.0055914329753068,1644.2419467905986,1.0098274765739232
1644.286390491572,0.9982318033655009,1644.286390491572,1.0019415050657676,1644.2766684322753,0.9852165314131496,1644.2433356560805,0.9894731425077044
1644.2877793570526,1.002944503734753,1644.2877793570526,1.001963967979967,1644.2780572977556,1.0224381914475875,1644.2447245215606,1.0119028143649242
1644.289168223,1.0215712319640828,1644.289168223,1.0019373619956007,1644.2794461632373,0.9858803710100886,1644.2461133875065,0.997164611480432
1644.2905570884802,1.0101800458149517,1644.2905570884802,1.0019421483167053,1644.2808350291843,1.012662090585276,1644.2475022529875,0.9915789442885052
1644.2919459539603,1.0071176583083479,1644.2919459539603,1.0019969124583996,1644.2822238946644,1.03067241856627,1644.248891118934,0.9879396162415062
1644.2933348199074,1.000446905962406,1644.2933348199074,1.0020835999376745,1644.2836127601447,1.0236653566864198,1644.2502799844149,0.9981744841366518
1644.294723685389,1.0096251955072846,1644.294723685389,1.0020744377674196,1644.2850016260916,1.015670624719187,1644.2516688503615,0.9876082127818469
1644.2961125508698,1.0016735751951886,1644.2961125508698,1.0021081764303703,1644.286390491572,1.0001698754685453,1644.253057715842,0.9953205074199176
1644.2975014168155,1.0093870317269584,1644.2975014168155,1.0022033681237374,1644.2877793570526,1.004914254625772,1644.2544465813223,0.99809686120219
1644.2988902822965,1.0253353891182353,1644.2988902822965,1.002192233264019,1644.289168223,1.023550385244689,1644.2558354472687,0.998739014569102
1644.3002791477768,0.9854549711678499,1644.3002791477768,1.0022431823742344,1644.2905570884802,1.0121419652905004,1644.2572243127504,0.9971727868449264
1644.301668013257,1.0104997268702762,1644.301668013257,1.0023549301739867,1644.2919459539603,1.009128784107298,1644.2586131786973,1.0356620586583265
1644.3030568792044,1.0147739589729197,1644.3030568792044,1.0023698789168787,1644.2933348199074,1.0025314370733158,1644.2600020441776,1.005388511822911
1644.3044457446856,1.017142364515452,1644.3044457446856,1.0024669431907145,1644.294723685389,1.0117196001437831,1644.2613909096583,1.0024227477537755
1644.305834610166,1.0167472361224656,1644.305834610166,1.0025698496852964,1644.2961125508698,1.00378527981734,1644.2627797756045,1.0304491880873408
1644.3072234761123,1.000113011803877,1644.3072234761123,1.0026945341316527,1644.2975014168155,1.0116110829371796,1644.2641686410857,1.004679922862424
1644.3086123415935,0.9943630927513325,1644.3086123415935,1.0027438374884199,1644.2988902822965,1.027583163465036,1644.2655575070326,1.0106946676056
1644.3100012070738,1.0044376517125717,1644.3100012070738,1.002849614731419,1644.3002791477768,0.9876655263897752,1644.2669463725126,1.0196909247516217
1644.3113900725546,1.0153400325262902,1644.3113900725546,1.0029135464997672,1644.301668013257,1.0128793831678884,1644.268335237993,0.9905590890819556
1644.312778938502,1.0098444588927862,1644.312778938502,1.0029213990608026,1644.3030568792044,1.0171788503836872,1644.2697241039398,1.0064469203272866
1644.3141678039822,0.9963318653324019,1644.3141678039822,1.002988493706367,1644.3044457446856,1.0196515969455806,1644.2711129694203,0.9959911454778574
1644.3155566694625,1.0051174635865099,1644.3155566694625,1.0030736681901933,1644.305834610166,1.019360123687241,1644.2725018349015,1.0207355642210594
1644.3169455349432,1.0078530474517262,1644.3169455349432,1.0030936528709866,1644.3072234761123,1.0028078504496925,1644.273890700848,1.0083253609186769
1644.3183344008903,1.005717367178998,1644.3183344008903,1.003099469060295,1644.3086123415935,0.9970914634823248,1644.2752795663291,1.0055914329753068
1644.3197232663715,1.007990657528554,1644.3197232663715,1.0031481204466721,1644.3100012070738,1.0072999120416837,1644.2766684322753,0.9852165314131496
1644.321112131852,1.0062507026353231,1644.321112131852,1.0031611547458377,1644.3113900725546,1.0182982729241308,1644.2780572977556,1.0224381914475875
1644.3225009973328,1.016961398827667,1644.3225009973328,1.0031614341725805,1644.312778938502,1.0127946175465523,1644.2794461632373,0.9858803710100886
1644.3238898632787,1.0185729586003716,1644.3238898632787,1.0032076508815462,1644.3141678039822,0.9993093968414006,1644.2808350291843,1.012662090585276
1644.325278728759,0.9840062618470861,1644.325278728759,1.0032310034416554,1644.3155566694625,1.0082068611617434,1644.2822238946644,1.03067241856627
1644.3266675942407,0.9965195771169197,1644.3266675942407,1.0032951663688399,1644.3169455349432,1.010970994925508,1644.2836127601447,1.0236653566864198
1644.3280564597217,1.0144441152384565,1644.3280564597217,1.0033935330155601,1644.3183344008903,1.0088345570419708,1644.2850016260916,1.015670624719187
1644.3294453256674,1.0005768886229536,1644.3294453256674,1.0033946383624424,1644.3197232663715,1.0111639335275742,1644.286390491572,1.0001698754685453
1644.3308341911486,1.0059234405021822,1644.3308341911486,1.0034673284768119,1644.321112131852,1.0094316168194613,1644.2877793570526,1.004914254625772
1644.3322230566291,0.9896789508160356,1644.3322230566291,1.0033800251514926,1644.3225009973328,1.020176455346116,1644.289168223,1.023550385244689
1644.3336119221103,1.0169948889105735,1644.3336119221103,1.0034249870821674,1644.3238898632787,1.0218401850489451,1644.2905570884802,1.0121419652905004
1644.3350007875913,1.0094067170930423,1644.3350007875913,1.0035283720093722,1644.325278728759,0.9871855894657244,1644.2919459539603,1.009128784107298
1644.3363896535382,0.9933575226599517,1644.3363896535382,1.0035379978989247,1644.3266675942407,0.999803274913326,1644.2933348199074,1.0025314370733158
1644.3377785190185,1.0105907213062286,1644.3377785190185,1.0035518745242085,1644.3280564597217,1.0178866648359588,1644.294723685389,1.0117196001437831
1644.3391673844988,1.007879285874223,1644.3391673844988,1.0036462697917743,1644.3294453256674,1.0039734853136462,1644.2961125508698,1.00378527981734
1644.3405562499795,1.0000619454301791,1644.3405562499795,1.0036800781889534,1644.3308341911486,1.009411307492928,1644.2975014168155,1.0116110829371796
1644.3419451154607,1.0071244017854497,1644.3419451154607,1.0036915525597423,1644.3322230566291,0.9930240905616966,1644.2988902822965,1.027583163465036
1644.343333981407,1.0187142081483203,1644.343333981407,1.0036814216868564,1644.3336119221103,1.0204780832677225,1644.3002791477768,0.9876655263897752
1644.344722846888,0.9798544416864814,1644.344722846888,1.0036606629971874,1644.3350007875913,1.0129682794997057,1644.301668013257,1.0128793831678884
1644.346111712369,0.984275997137778,1644.346111712369,1.003718386597084,1644.3363896535382,0.9968720194880036,1644.3030568792044,1.0171788503836872
1644.3475005778494,1.0269811839382834,1644.3475005778494,1.0036928846901598,1644.3377785190185,1.0141802127436377,1644.3044457446856,1.0196515969455806
1644.34888944333,0.9998011859032228,1644.34888944333,1.003748011670742,1644.3391673844988,1.011554285668061,1644.305834610166,1.019360123687241
1644.3502783092774,1.014363734118036,1644.3502783092774,1.0037484285827012,1644.3405562499795,1.003742251583159,1644.3072234761123,1.0028078504496925
1644.3516671747575,1.0215028699875222,1644.3516671747575,1.0038140805753033,1644.3419451154607,1.0108422544488398,1644.3086123415935,0.9970914634823248
1644.353056040238,1.0108326991554435,1644.353056040238,1.0038344489287292,1644.343333981407,1.0224645247269062,1644.3100012070738,1.0072999120416837
1644.3544449057192,1.0014987867509288,1644.3544449057192,1.0038921529856173,1644.344722846888,0.9834413585837928,1644.3113900725546,1.0182982729241308
1644.3558337712,0.9959566498473343,1644.3558337712,1.0038853982250189,1644.346111712369,0.9879359158133666,1644.312778938502,1.0127946175465523
1644.3572226366812,1.0163701947366148,1644.3572226366812,1.0038900800286623,1644.3475005778494,1.0307737070295313,1644.3141678039822,0.9993093968414006
1644.3586115026276,1.0270800211998603,1644.3586115026276,1.0039750175082702,1644.34888944333,1.0035484524164098,1644.3155566694625,1.0082068611617434
1644.3600003681088,1.008727988994694,1644.3600003681088,1.0039731741635938,1644.3502783092774,1.0181660041322596,1644.3169455349432,1.010970994925508
1644.3613892335889,1.001056602602934,1644.3613892335889,1.0039899218198787,1644.3516671747575,1.0253989642415582,1644.3183344008903,1.0088345570419708
1644.362778099069,1.0297302617360724,1644.362778099069,1.0039380832703337,1644.353056040238,1.0147086855158445,1644.3197232663715,1.0111639335275742
1644.3641669645506,1.0066418469938623,1644.3641669645506,1.0039574326057876,1644.3544449057192,1.0053967732438736,1644.321112131852,1.0094316168194613
1644.3655558300318,0.9974472721215498,1644.3655558300318,1.0039443472667526,1644.3558337712,0.999826338046847,1644.3225009973328,1.020176455346116
1644.366944695512,1.0134884151696595,1644.366944695512,1.004025457633091,1644.3572226366812,1.0203239561328874,1644.3238898632787,1.0218401850489451
1644.3683335609928,1.014123876946666,1644.3683335609928,1.0040289396240454,1644.3586115026276,1.0311626822665243,1644.325278728759,0.9871855894657244
1644.3697224269397,0.9999205535427256,1644.3697224269397,1.0040490366855908,1644.3600003681088,1.0127358409786618,1644.3266675942407,0.999803274913326
1644.37111129242,1.0195811312099987,1644.37111129242,1.0040827638410945,1644.3613892335889,1.005050740184593,1644.3280564597217,1.0178866648359588
1644.3725001579007,1.0120292378199758,1644.3725001579007,1.0041565199598395,1644.362778099069,1.0337854252527716,1644.3294453256674,1.0039734853136462
1644.3738890233824,0.995329051481597,1644.3738890233824,1.0042529585578552,1644.3641669645506,1.010625564261506,1644.3308341911486,1.009411307492928
1644.375277888863,0.994604534441784,1644.375277888863,1.0042203301646746,1644.3655558300318,1.0013815505430723,1644.3322230566291,0.9930240905616966
1644.376666754343,0.9918329143920983,1644.376666754343,1.0042145096901578,1644.366944695512,1.0175681698465535,1644.3336119221103,1.0204780832677225
1644.3780556198235,1.0173658455164196,1644.3780556198235,1.0043059339118314,1644.3683335609928,1.018209720818187,1644.3350007875913,1.0129682794997057
1644.379444485305,1.003422332478201,1644.379444485305,1.0043955702257688,1644.3697224269397,1.0039692685466963,1644.3363896535382,0.9968720194880036
1644.3808333507857,1.0111702675864742,1644.3808333507857,1.0044071531968766,1644.37111129242,1.0237438401855652,1644.3377785190185,1.0141802127436377
1644.3822222167323,0.9773557307025119,1644.3822222167323,1.0044938833450558,1644.3725001579007,1.0162357575469156,1644.3391673844988,1.011554285668061
1644.3836110822133,1.0012187728096145,1644.3836110822133,1.0045955391710042,1644.3738890233824,0.9995621446889776,1644.3405562499795,1.003742251583159
1644.3849999476936,1.016189001124561,1644.3849999476936,1.0046374050125362,1644.375277888863,0.9988020939604108,1644.3419451154607,1.0108422544488398
1644.386388813174,1.023512615798995,1644.386388813174,1.0046061202270966,1644.376666754343,0.9960130038208213,1644.343333981407,1.0224645247269062
1644.3877776786555,1.0269736230335067,1644.3877776786555,1.0046281493152178,1644.3780556198235,1.0217465556113678,1644.344722846888,0.9834413585837928
1644.3891665441367,1.0293350779955952,1644.3891665441367,1.0046278349041473,1644.379444485305,1.0078329458067137,1644.346111712369,0.9879359158133666
1644.3919442750978,1.0186567724395426,1644.3919442750978,1.0046583418302197,1644.3808333507857,1.0156266498638544,1644.3475005778494,1.0307737070295313
1644.3933331405788,1.0004047705004828,1644.3933331405788,1.0046238748059257,1644.3822222167323,0.9817478533429108,1644.34888944333,1.0035484524164098
1644.3947220060595,1.0105168369595512,1644.3947220060595,1.0046747718864186,1644.3836110822133,1.005819912898806,1644.3502783092774,1.0181660041322596
1644.3961108715405,1.0168810536176185,1644.3961108715405,1.0047386931419542,1644.3849999476936,1.02090148109206,1644.3516671747575,1.0253989642415582
1644.3974997370217,0.9959936493641977,1644.3974997370217,1.0047632821740988,1644.386388813174,1.0282270379613154,1644.353056040238,1.0147086855158445
1644.398888602502,1.0355750794442915,1644.398888602502,1.004798347139935,1644.3877776786555,1.031726610303696,1644.3544449057192,1.0053967732438736
1644.4002774679825,1.0135717355014409,1644.4002774679825,1.0048346705622047,1644.3891665441367,1.0340986707976063,1644.3558337712,0.999826338046847
1644.401666333463,0.9970356005844099,1644.401666333463,1.0048633669784628,1644.3919442750978,1.0234020238932342,1644.3572226366812,1.0203239561328874
1644.40305519941,1.0104428668268364,1644.40305519941,1.004845495400113,1644.3933331405788,1.005030516914528,1644.3586115026276,1.0311626822665243
1644.4044440648906,1.0092632650834692,1644.4044440648906,1.004897654498178,1644.3947220060595,1.0152407726597223,1644.3600003681088,1.0127358409786618
1644.4058329303718,1.0010880990073285,1644.4058329303718,1.0049316064359837,1644.3961108715405,1.0216997408925794,1644.3613892335889,1.005050740184593
1644.4072217958526,0.9920935763952886,1644.4072217958526,1.0049694512329665,1644.3974997370217,1.0007378481597298,1644.362778099069,1.0337854252527716
1644.408610661333,1.0146992076517272,1644.408610661333,1.0049960738207584,1644.398888602502,1.040544128164931,1644.3641669645506,1.010625564261506
1644.4099995268136,0.9914371231148977,1644.4099995268136,1.0049874254393305,1644.4002774679825,1.0184720209337523,1644.3655558300318,1.0013815505430723
1644.4113883922953,0.9924844221446305,1644.4113883922953,1.0049690778845322,1644.401666333463,1.001884550600644,1644.366944695512,1.0175681698465535
1644.4127772577756,1.000432037843824,1644.4127772577756,1.005018159843652,1644.40305519941,1.0153389630901226,1644.3683335609928,1.018209720818187
1644.414166123256,1.0219294289342515,1644.414166123256,1.0050189847732782,1644.4044440648906,1.0142062878535512,1644.3697224269397,1.0039692685466963
1644.415554988737,1.017320096317026,1644.415554988737,1.004949750761009,1644.4058329303718,1.0060250715193797,1644.37111129242,1.0237438401855652
1644.4169438542174,1.006712185397594,1644.4169438542174,1.0049362447969286,1644.4072217958526,0.9970237370417244,1644.3725001579007,1.0162357575469156
1644.418332719698,0.9891539600113914,1644.418332719698,1.0050333013635997,1644.408610661333,1.0197687197990202,1644.3738890233824,0.9995621446889776
1644.4197215851798,1.007576793046759,1644.4197215851798,1.005039626419357,1644.4099995268136,0.9963818418442176,1644.375277888863,0.9988020939604108
1644.421110450661,1.01026579655178,1644.421110450661,1.005047766529893,1644.4113883922953,0.997416154537452,1644.376666754343,0.9960130038208213
1644.4224993161413,0.9926374781209661,1644.4224993161413,1.0050481963370426,1644.4127772577756,1.005452365722435,1644.3780556198235,1.0217465556113678
1644.4238881816216,1.0172540653627098,1644.4238881816216,1.0049924802737025,1644.414166123256,1.0270584771774374,1644.379444485305,1.0078329458067137
1644.4252770471032,1.0084666118287993,1644.4252770471032,1.0049901284308902,1644.415554988737,1.0223555772379609,1644.3808333507857,1.0156266498638544
1644.426665912584,1.0025244337436474,1644.426665912584,1.0050023453600614,1644.4169438542174,1.0116815631847675,1644.3822222167323,0.9817478533429108
1644.4280547780645,1.0255338693733593,1644.4280547780645,1.0049882039673483,1644.418332719698,0.9941326699871268,1644.3836110822133,1.005819912898806
1644.429443643545,0.9923338891067216,1644.429443643545,1.0050575273223792,1644.4197215851798,1.0126546036725286,1644.3849999476936,1.02090148109206
1644.430832509025,1.0095973587354272,1644.430832509025,1.005039893976416,1644.421110450661,1.0153653824259097,1644.386388813174,1.0282270379613154
1644.43222137404,1.0023792460466299,1644.43222137404,1.005068843114202,1644.4224993161413,0.9976485070020276,1644.3877776786555,1.031726610303696
1644.4336102395216,1.0033307142573562,1644.4336102395216,1.005143089146102,1644.4238881816216,1.0223326862173767,1644.3891665441367,1.0340986707976063
1644.4349991050033,1.0002146124991924,1644.4349991050033,1.0051523981716683,1644.4252770471032,1.0134989897400897,1644.390555409617,1.0572854674634693
1644.4363879704836,1.0183502716490729,1644.4363879704836,1.005122465687722,1644.426665912584,1.0075394071931332,1644.3919442750978,1.0234020238932342
1644.437776835964,0.9958013458109779,1644.437776835964,1.005062229452238,1644.4280547780645,1.0306494414892176,1644.3933331405788,1.005030516914528
1644.439165701445,0.9904279364166498,1644.439165701445,1.005065669681741,1644.429443643545,0.9973526448638016,1644.3947220060595,1.0152407726597223
1644.4405545669258,0.9896642235167867,1644.4405545669258,1.0050671923555505,1644.430832509025,1.0146856223823235,1644.3961108715405,1.0216997408925794
1644.4419434324068,1.0084757397997577,1644.4419434324068,1.0050604772241616,1644.43222137404,1.0074601491857724,1644.3974997370217,1.0007378481597298
1644.4433322978878,0.9916827952147748,1644.4433322978878,1.0050704708215739,1644.4336102395216,1.008490933563804,1644.398888602502,1.040544128164931
1644.4447211633685,0.9952392902849521,1644.4447211633685,1.0050423680317975,1644.4349991050033,1.0053681164399093,1644.4002774679825,1.0184720209337523
1644.4461100288488,1.008566812886128,1644.4461100288488,1.0050588859064704,1644.4363879704836,1.0235667359736778,1644.401666333463,1.001884550600644
1644.447498894329,0.9841206335663027,1644.447498894329,1.0050430985758456,1644.437776835964,1.0008423207123205,1644.40305519941,1.0153389630901226
1644.4488877598108,1.012528632328403,1644.4488877598108,1.0050425388273507,1644.439165701445,0.995445117186105,1644.4044440648906,1.0142062878535512
1644.450276625292,1.001073111126613,1644.450276625292,1.005012414713063,1644.4405545669258,0.9946790425047528,1644.4058329303718,1.0060250715193797
1644.4516654907725,0.991975747715452,1644.4516654907725,1.0050201152747928,1644.4419434324068,1.013579108312134,1644.4072217958526,0.9970237370417244
1644.4530543557871,0.9905148451928686,1644.4530543557871,1.0050198819067961,1644.4433322978878,0.996711093892168,1644.408610661333,1.0197687197990202
1644.4544432212676,1.021288419856557,1644.4544432212676,1.005030451906178,1644.4447211633685,1.0002576530662737,1644.4099995268136,0.9963818418442176
1644.455832086748,0.9981074057214913,1644.455832086748,1.0050929488417792,1644.4461100288488,1.0136690373215715,1644.4113883922953,0.997416154537452
1644.4572209522296,1.0128154669863056,1644.4572209522296,1.00507322015312,1644.447498894329,0.9890836509319012,1644.4127772577756,1.005452365722435
1644.4586098177112,0.9967757079896649,1644.4586098177112,1.0050266875762328,1644.4488877598108,1.0176343472707234,1644.414166123256,1.0270584771774374
1644.4599986831915,0.9889773186792129,1644.4599986831915,1.0050768920676958,1644.450276625292,1.0060909047176758,1644.415554988737,1.0223555772379609
1644.4613875486718,1.0025269827984764,1644.4613875486718,1.0050341258326168,1644.4516654907725,0.9969555803187824,1644.4169438542174,1.0116815631847675
1644.4627764141526,1.0051942698511238,1644.4627764141526,1.0049977712039357,1644.4530543557871,0.9954871127426652,1644.418332719698,0.9941326699871268
1644.4641652796338,1.0058447554726266,1644.4641652796338,1.0049634972731973,1644.4544432212676,1.0264259621349818,1644.4197215851798,1.0126546036725286
1644.4655541451143,0.9976952712573695,1644.4655541451143,1.004972925277703,1644.455832086748,1.0031907156774318,1644.421110450661,1.0153653824259097
1644.46694301013,1.0063865439433826,1644.46694301013,1.004992999973459,1644.4572209522296,1.0179537028248122,1644.4224993161413,0.9976485070020276
1644.4683318756104,1.002500341351727,1644.4683318756104,1.0049992001775376,1644.4586098177112,1.0017861880573071,1644.4238881816216,1.0223326862173767
1644.469720741091,0.9871880497549008,1644.469720741091,1.0049649055705974,1644.4599986831915,0.9939982497835465,1644.4252770471032,1.0134989897400897
1644.4711096065714,1.0005617390056198,1644.4711096065714,1.004930541047897,1644.4613875486718,1.0075738297804775,1644.426665912584,1.0075394071931332
1644.472498472053,0.9891438259009128,1644.472498472053,1.004928321987144,1644.4627764141526,1.010218000827347,1644.4280547780645,1.0306494414892176
1644.473887337534,0.9890804440810541,1644.473887337534,1.0048972731881296,1644.4641652796338,1.0108372631736748,1644.429443643545,0.9973526448638016
1644.475276203014,1.0174777510443926,1644.475276203014,1.0048848742250005,1644.4655541451143,1.00265673529125,1644.430832509025,1.0146856223823235
1644.4766650680297,1.0202491460208545,1644.4766650680297,1.004883297613889,1644.46694301013,1.0114114319305814,1644.43222137404,1.0074601491857724
1644.47805393351,1.0069506004818671,1644.47805393351,1.0048959813042078,1644.4683318756104,1.0075120412361942,1644.4336102395216,1.008490933563804
1644.4794427989907,1.0091059385078232,1644.4794427989907,1.0049103724773052,1644.469720741091,0.992089345202356,1644.4349991050033,1.0053681164399093
1644.4808316644724,1.0074435185789163,1644.4808316644724,1.0048399549115086,1644.4711096065714,1.0054950497307422,1644.4363879704836,1.0235667359736778
1644.4822205299536,0.9983034451829456,1644.4822205299536,1.0047949775381484,1644.472498472053,0.994018645166548,1644.437776835964,1.0008423207123205
1644.483609395434,1.0121255548300379,1644.483609395434,1.0047642071121343,1644.473887337534,0.9939242412207556,1644.439165701445,0.995445117186105
1644.4849982604485,1.0105085563229796,1644.4849982604485,1.0047617791456274,1644.475276203014,1.0224480018849809,1644.4405545669258,0.9946790425047528
1644.4863871259292,1.009802478512738,1644.4863871259292,1.0047150685522168,1644.4766650680297,1.0252313262411905,1644.4419434324068,1.013579108312134
1644.4877759914104,1.0010719115707254,1644.4877759914104,1.004603225316514,1644.47805393351,1.0118806117960872,1644.4433322978878,0.996711093892168
1644.4891648568912,1.0115358426140868,1644.4891648568912,1.0045053463977873,1644.4794427989907,1.0140610245349573,1644.4447211633685,1.0002576530662737
1644.490553722372,1.0084054660814616,1644.490553722372,1.0045381787760035,1644.4808316644724,1.0123194997847298,1644.4461100288488,1.0136690373215715
1644.4919425873866,0.9948333437353442,1644.4919425873866,1.0044811337253354,1644.4822205299536,1.003090287778854,1644.447498894329,0.9890836509319012
1644.4933314528669,1.0062169852647895,1644.4933314528669,1.004399813617455,1644.483609395434,1.016947530596732,1644.4488877598108,1.0176343472707234
1644.4947203183483,1.0060156139895196,1644.4947203183483,1.004412241614037,1644.4849982604485,1.0153203748929565,1644.450276625292,1.0060909047176758
1644.4961091838302,1.0004789741462945,1644.4961091838302,1.004354367125182,1644.4863871259292,1.014563766423124,1644.4516654907725,0.9969555803187824
1644.4974980493105,1.0193881875777875,1644.4974980493105,1.004349210404507,1644.4877759914104,1.005680071137719,1644.4530543557871,0.9954871127426652
1644.498886914325,0.987906380989384,1644.498886914325,1.0043387025911434,1644.4891648568912,1.016093161978841,1644.4544432212676,1.0264259621349818
1644.5002757798063,1.0026120351036223,1644.5002757798063,1.0043386864419848,1644.490553722372,1.0129817903652385,1644.455832086748,1.0031907156774318
1644.5016646452866,1.0201147652823042,1644.5016646452866,1.0043099195249454,1644.4919425873866,0.9992913249830448,1644.4572209522296,1.0179537028248122
1644.5030535107674,1.0172319563213301,1644.5030535107674,1.0043123235505185,1644.4933314528669,1.010644152458672,1644.4586098177112,1.0017861880573071
1644.504442376249,1.010159456496705,1644.504442376249,1.004316907915263,1644.4947203183483,1.0104543979459353,1644.4599986831915,0.9939982497835465
1644.5058312412636,1.0243058226108281,1644.5058312412636,1.0043044463599644,1644.4961091838302,1.004835426900753,1644.4613875486718,1.0075738297804775
1644.507220106744,0.9948622931985335,1644.507220106744,1.004292656235395,1644.4974980493105,1.0238217212894325,1644.4627764141526,1.010218000827347
1644.5086089722247,0.9889367966872138,1644.5086089722247,1.0042762518652069,1644.498886914325,0.9921926129643898,1644.4641652796338,1.0108372631736748
1644.5099978377064,0.9976885570724906,1644.5099978377064,1.0041677622265968,1644.5002757798063,1.0069620543468971,1644.4655541451143,1.00265673529125
1644.511386702722,0.9830846146095454,1644.511386702722,1.004129170027856,1644.5016646452866,1.0245113778268795,1644.46694301013,1.0114114319305814
1644.5127755682022,0.9997257223122616,1644.5127755682022,1.004074357989036,1644.5030535107674,1.0216185896429146,1644.4683318756104,1.0075120412361942
1644.514164433683,0.9862442802930748,1644.514164433683,1.0040116528264669,1644.504442376249,1.0145202218501332,1644.469720741091,0.992089345202356
1644.5155532991632,1.0056493425798023,1644.5155532991632,1.003949629883651,1644.5058312412636,1.0287148920804556,1644.4711096065714,1.0054950497307422
1644.516942164178,0.9765565696172953,1644.516942164178,1.0038542212525197,1644.507220106744,0.9991328950247916,1644.472498472053,0.994018645166548
1644.5183310296595,1.0134877241186993,1644.5183310296595,1.0037615589036912,1644.5086089722247,0.9931657395086192,1644.473887337534,0.9939242412207556
1644.5197198951407,0.9961305431319909,1644.5197198951407,1.003784706405245,1644.5099978377064,1.0018466857545651,1644.475276203014,1.0224480018849809
1644.5211087606208,1.0033792068485945,1644.5211087606208,1.003707321589429,1644.511386702722,0.9871439381350376,1644.4766650680297,1.0252313262411905
1644.522497625636,1.0114605403372143,1644.522497625636,1.0036840536711427,1644.5127755682022,1.0037989627958095,1644.47805393351,1.0118806117960872
1644.5238864911169,1.0057628712132307,1644.5238864911169,1.0035680647366285,1644.514164433683,0.9902007499476992,1644.4794427989907,1.0140610245349573
1644.525275356598,0.9976647296781079,1644.525275356598,1.0034908994649387,1644.5155532991632,1.0096212852757296,1644.4808316644724,1.0123194997847298
1644.5266642220788,1.0133655978696254,1644.5266642220788,1.0035134591281776,1644.516942164178,0.980320434702202,1644.4822205299536,1.003090287778854
1644.5280530870943,0.9859826238788064,1644.5280530870943,1.0035253918289864,1644.5183310296595,1.0173000178911398,1644.483609395434,1.016947530596732
1644.5294419525746,0.9938735223949082,1644.5294419525746,1.0033980496856536,1644.5197198951407,0.9999006047790427,1644.4849982604485,1.0153203748929565
1644.530830818055,0.9923059330276104,1644.530830818055,1.0033988927218611,1644.5211087606208,1.0070990562445283,1644.4863871259292,1.014563766423124
1644.53221968307,1.0025445208671717,1644.53221968307,1.0033305132014139,1644.522497625636,1.0151868152540595,1644.4877759914104,1.005680071137719
1644.5336085485517,0.9970688129346353,1644.5336085485517,1.0032238486060765,1644.5238864911169,1.009351498247417,1644.4891648568912,1.016093161978841
1644.534997414033,1.0050965127237563,1644.534997414033,1.003105793121183,1644.525275356598,1.0011474769491295,1644.490553722372,1.0129817903652385
1644.5363862790475,1.005288091777703,1644.5363862790475,1.0030440628776838,1644.5266642220788,1.0169260164796416,1644.4919425873866,0.9992913249830448
1644.5377751445285,0.9891492502514401,1644.5377751445285,1.0029855712202749,1644.5280530870943,0.9894585989645514,1644.4933314528669,1.010644152458672
1644.5391640100086,0.9943511759134257,1644.5391640100086,1.0029146656217105,1644.5294419525746,0.9972507540052616,1644.4947203183483,1.0104543979459353
1644.5405528750236,1.006097796458549,1644.5405528750236,1.0028501865578325,1644.530830818055,0.9956786744412376,1644.4961091838302,1.004835426900753
1644.5419417405053,1.0141768717357307,1644.5419417405053,1.0027780889688085,1644.53221968307,1.005883508628925,1644.4974980493105,1.0238217212894325
1644.5433306059856,1.0040681081724119,1644.5433306059856,1.0026916068410627,1644.5336085485517,1.000283211837377,1644.498886914325,0.9921926129643898
1644.544719471466,0.989365312960408,1644.544719471466,1.002596398255906,1644.534997414033,1.0082181345590988,1644.5002757798063,1.0069620543468971
1644.5461083364814,1.0170064167382264,1644.5461083364814,1.0025094759709,1644.5363862790475,1.008348251939261,1644.5016646452866,1.0245113778268795
1644.5474972019622,1.0069444538112469,1644.5474972019622,1.0025174420878533,1644.5377751445285,0.9921024257855472,1644.5030535107674,1.0216185896429146
1644.5516637979397,1.0321976640123591,1644.5516637979397,1.0023260165118237,1644.5391640100086,0.997249377101768,1644.504442376249,1.0145202218501332
1644.5544415284342,1.025032565384406,1644.5544415284342,1.002184980395819,1644.5405528750236,1.00896536287388,1644.5058312412636,1.0287148920804556
1644.5558303939158,1.0167302295279117,1644.5558303939158,1.0021187272097025,1644.5419417405053,1.0169943453155204,1644.507220106744,0.9991328950247916
1644.5572192589314,1.0206464212916797,1644.5572192589314,1.0020012206598714,1644.5433306059856,1.0067706647612618,1644.5086089722247,0.9931657395086192
1644.5586081244116,1.0258028368901366,1644.5586081244116,1.0019310125444638,1644.544719471466,0.9919340993334324,1644.5099978377064,1.0018466857545651
1644.5599969898924,1.014046081783878,1644.5599969898924,1.001890579690782,1644.5461083364814,1.019558569903282,1644.511386702722,0.9871439381350376
1644.561385854908,0.9981560528375184,1644.561385854908,1.0017997626591946,1644.5474972019622,1.0094793781594018,1644.5127755682022,1.0037989627958095
1644.5627747203882,0.9988315193425099,1644.5627747203882,1.001699024763738,1644.5516637979397,1.0345985728223177,1644.514164433683,0.9902007499476992
1644.564163585869,1.0006917244664448,1644.564163585869,1.0015838898451637,1644.5544415284342,1.0272722414448467,1644.5155532991632,1.0096212852757296
1644.565552450885,1.0037538595787272,1644.565552450885,1.0016176506393544,1644.5558303939158,1.0188844035301396,1644.516942164178,0.980320434702202
1644.5669413163653,0.9998163699906082,1644.5669413163653,1.0015589265265614,1644.5572192589314,1.0226889599963924,1644.5183310296595,1.0173000178911398
1644.56833018138,0.9861661868475783,1644.56833018138,1.001466181354247,1644.5586081244116,1.027783675036318,1644.5197198951407,0.9999006047790427
1644.5697190468609,0.9959687267324003,1644.5697190468609,1.0013909885463055,1644.5599969898924,1.0159632167116155,1644.5211087606208,1.0070990562445283
1644.5711079123423,1.0047224477851457,1644.5711079123423,1.0013008693266499,1644.561385854908,0.9999524968294644,1644.522497625636,1.0151868152540595
1644.572496777358,0.983325238916301,1644.572496777358,1.0012328646855582,1644.5627747203882,1.000528558828675,1644.5238864911169,1.009351498247417
1644.573885642838,1.0045820993722436,1644.573885642838,1.00110075911644,1644.564163585869,1.0022767099269665,1644.525275356598,1.0011474769491295
1644.5752745078532,0.9994073398595659,1644.5752745078532,1.0010276822590338,1644.565552450885,1.005377582651429,1644.5266642220788,1.0169260164796416
1644.5766633733335,1.0133055924349832,1644.5766633733335,1.0011033927632451,1644.5669413163653,1.001375010251477,1644.5280530870943,0.9894585989645514
1644.5780522388138,1.013289397542006,1644.5780522388138,1.0010669924231612,1644.56833018138,0.987612085322923,1644.5294419525746,0.9972507540052616
1644.5794411038298,1.0028061009150426,1644.5794411038298,1.0009364488181556,1644.5697190468609,0.9973541078237635,1644.530830818055,0.9956786744412376
1644.580829969311,1.0066430701433708,1644.580829969311,1.0008569103982823,1644.5711079123423,1.006029460399266,1644.53221968307,1.005883508628925
1644.5822188343257,0.9910651591452438,1644.5822188343257,1.000753472156926,1644.572496777358,0.984537545877779,1644.5336085485517,1.000283211837377
1644.5836076998064,1.010699880173936,1644.5836076998064,1.0007476984411876,1644.573885642838,1.00568790227634,1644.534997414033,1.0082181345590988
1644.584996564822,1.0133551324821188,1644.584996564822,1.0006154032767938,1644.5752745078532,1.0004344130522878,1644.5363862790475,1.008348251939261
1644.5863854303027,0.9898182915739501,1644.5863854303027,1.000510632174956,1644.5766633733335,1.0144236664926318,1644.5377751445285,0.9921024257855472
1644.5877742953178,0.9971706996103279,1644.5877742953178,1.0005198969895213,1644.5780522388138,1.014370569651653,1644.5391640100086,0.997249377101768
1644.589163160799,1.0101774868612965,1644.589163160799,1.0004116169979849,1644.5794411038298,1.0037451775030837,1644.5405528750236,1.00896536287388
1644.5905520262793,0.995917345849329,1644.5905520262793,1.0003093945427906,1644.580829969311,1.0075056730575356,1644.5419417405053,1.0169943453155204
1644.591940891294,0.9912315631180091,1644.591940891294,1.0002736204193734,1644.5822188343257,0.9918118991483592,1644.5433306059856,1.0067706647612618
1644.593329756775,0.9915029420426875,1644.593329756775,1.0001959952730086,1644.5836076998064,1.0114555788988506,1644.544719471466,0.9919340993334324
1644.5947186217902,0.9835274322372602,1644.5947186217902,1.0000599185073946,1644.584996564822,1.013978754551204,1644.5461083364814,1.019558569903282
1644.596107487271,1.0023578492414886,1644.596107487271,1.0000662053699678,1644.5863854303027,0.9903237246409876,1644.5474972019622,1.0094793781594018
1644.5974963522865,0.9848528049657274,1644.5974963522865,1.0000621798108544,1644.5877742953178,0.9976891256550942,1644.5502749324585,1.051242324085734
1644.5988852177672,1.0023278958777866,1644.5988852177672,0.9999544277506066,1644.589163160799,1.0105932930858703,1644.5516637979397,1.0345985728223177
1644.600274082782,0.9854318386277952,1644.600274082782,0.9998718076467512,1644.5905520262793,0.9962254772412052,1644.553052662954,1.0449731103656137
1644.601662948263,1.0177127133206425,1644.601662948263,0.9998011487739331,1644.591940891294,0.9915027843140056,1644.5544415284342,1.0272722414448467
1644.6030518132789,0.9943583507573082,1644.6030518132789,0.9996869267945868,1644.593329756775,0.991697271932502,1644.5558303939158,1.0188844035301396
1644.604440678759,1.0147247764331067,1644.604440678759,0.9996745944965079,1644.5947186217902,0.9835863637329816,1644.5572192589314,1.0226889599963924
1644.6058295437736,1.0021401569735748,1644.6058295437736,0.9995808367910953,1644.596107487271,1.0024242107137378,1644.5586081244116,1.027783675036318
1644.6072184092548,1.0001843062129137,1644.6072184092548,0.9995175109934675,1644.5974963522865,0.9849140429268596,1644.5599969898924,1.0159632167116155
1644.6086072742694,1.011694506222814,1644.6086072742694,0.9994212059323042,1644.5988852177672,1.0022822175409416,1644.561385854908,0.9999524968294644
1644.60999613975,0.9915267462651671,1644.60999613975,0.9992992037974531,1644.600274082782,0.9853055138014352,1644.5627747203882,1.000528558828675
1644.611385004766,0.9994920403311853,1644.611385004766,0.999196481218196,1644.601662948263,1.0175103398998149,1644.564163585869,1.0022767099269665
1644.612773870247,0.9961762942226762,1644.612773870247,0.9991039548156349,1644.6030518132789,0.9940470438011072,1644.565552450885,1.005377582651429
1644.614162735262,1.0013785978425545,1644.614162735262,0.9989912006271392,1644.604440678759,1.0143945794063256,1644.5669413163653,1.001375010251477
1644.6155516007425,0.9829006277127328,1644.6155516007425,0.9989050061225891,1644.6058295437736,1.0017200966896056,1644.56833018138,0.987612085322923
1644.6169404657574,1.0106403963848611,1644.6169404657574,0.9988261711768092,1644.6072184092548,0.9997017282806596,1644.5697190468609,0.9973541078237635
1644.6183293312383,0.9964839598863451,1644.6183293312383,0.9987127472360696,1644.6086072742694,1.0111089434442917,1644.5711079123423,1.006029460399266
1644.6197181962536,1.000337981637637,1644.6197181962536,0.9985808542567323,1644.60999613975,0.9908318880866608,1644.572496777358,0.984537545877779
1644.6211070617344,1.0021880236618947,1644.6211070617344,0.9985163247025023,1644.611385004766,0.9986889297045156,1644.573885642838,1.00568790227634
1644.62249592675,1.011113753713941,1644.62249592675,0.9983807801921583,1644.612773870247,0.9952836752514592,1644.5752745078532,1.0004344130522878
1644.6238847922302,1.015289974334058,1644.6238847922302,0.9982823511017939,1644.614162735262,1.0003684077410546,1644.5766633733335,1.0144236664926318
1644.625273657245,1.0111373051838721,1644.625273657245,0.9982325864407153,1644.6155516007425,0.981824357543284,1644.5780522388138,1.014370569651653
1644.626662522727,0.9952816090933675,1644.626662522727,0.998240622353145,1644.6169404657574,1.0094540775577037,1644.5794411038298,1.0037451775030837
1644.6280513877416,1.0124969784071087,1644.6280513877416,0.9982664265170682,1644.6183293312383,0.995201233154769,1644.580829969311,1.0075056730575356
1644.629440253222,1.0144568030521703,1644.629440253222,0.9981437430807938,1644.6197181962536,0.9989183562491668,1644.5822188343257,0.9918118991483592
1644.6308291182374,0.9998723689513482,1644.6308291182374,0.9981581658079107,1644.6211070617344,1.0007011020477394,1644.5836076998064,1.0114555788988506
1644.632217983252,1.035283936335289,1644.632217983252,0.998043262342756,1644.62249592675,1.009476538295946,1644.584996564822,1.013978754551204
1644.6336068487328,1.0175921998506317,1644.6336068487328,0.9980366327305039,1644.6238847922302,1.0135460626282833,1644.5863854303027,0.9903237246409876
1644.6349957137488,1.0090748824360751,1644.6349957137488,0.9979450619813277,1644.625273657245,1.0093502074003915,1644.5877742953178,0.9976891256550942
1644.6363845792296,0.9962863804711841,1644.6363845792296,0.997831610594637,1644.626662522727,0.9935305328780027,1644.589163160799,1.0105932930858703
1644.6377734442442,1.0010118505066725,1644.6377734442442,0.9977159642995773,1644.6280513877416,1.0107417404937935,1644.5905520262793,0.9962254772412052
1644.6391623097245,0.9900548731610437,1644.6391623097245,0.9976115984790835,1644.629440253222,1.012573710592269,1644.591940891294,0.9915027843140056
1644.6405511747405,0.9957418023665202,1644.6405511747405,0.9975539656005735,1644.6308291182374,0.9980307698344884,1644.593329756775,0.991697271932502
1644.641940039756,1.0014883869759315,1644.641940039756,0.9975172254333432,1644.632217983252,1.033258157271122,1644.5947186217902,0.9835863637329816
1644.6433289052363,0.989113691460426,1644.6433289052363,0.9974043272069494,1644.6336068487328,1.0155942926317505,1644.596107487271,1.0024242107137378
1644.6447177702514,1.0104155757599373,1644.6447177702514,0.9973038887077436,1644.6349957137488,1.00700129609647,1644.5974963522865,0.9849140429268596
1644.6461066357317,1.022263719676336,1644.6461066357317,0.997287850547353,1644.6363845792296,0.994126043639063,1644.5988852177672,1.0022822175409416
1644.6474955007463,1.0088821736785523,1644.6474955007463,0.99720430369997,1644.6377734442442,0.9987255037035692,1644.600274082782,0.9853055138014352
1644.6488843657623,1.014338500824418,1644.6488843657623,0.9972025411985893,1644.6391623097245,0.987690224596195,1644.601662948263,1.0175103398998149
1644.650273231244,1.0052658927036813,1644.650273231244,0.9971309144115522,1644.6405511747405,0.9933061836649848,1644.6030518132789,0.9940470438011072
1644.6516620962586,1.0028599655802217,1644.6516620962586,0.9970041995520342,1644.641940039756,0.9990019170799456,1644.604440678759,1.0143945794063256
1644.653050961739,0.9981950788456625,1644.653050961739,0.996961083328674,1644.6433289052363,0.9865462759622684,1644.6058295437736,1.0017200966896056
1644.654439826754,1.0074196066627719,1644.654439826754,0.9968567120205473,1644.6447177702514,1.0076913829162593,1644.6072184092548,0.9997017282806596
1644.6558286917696,1.0132223032499712,1644.6558286917696,0.9967275288246338,1644.6461066357317,1.019491187688555,1644.6086072742694,1.0111089434442917
1644.6572175572503,0.9752656073238499,1644.6572175572503,0.9966572853316028,1644.6474955007463,1.006061645518433,1644.60999613975,0.9908318880866608
1644.6586064222658,1.0061478200638703,1644.6586064222658,0.9965948222808949,1644.6488843657623,1.011500930657677,1644.611385004766,0.9986889297045156
1644.6599952872805,1.0024364717659595,1644.6599952872805,0.9964634793847706,1644.650273231244,1.0023816988183671,1644.612773870247,0.9952836752514592
1644.6613841527608,0.9974651349277446,1644.6613841527608,0.9964832374583275,1644.6516620962586,0.9998555972460896,1644.614162735262,1.0003684077410546
1644.662773017776,1.010225122328607,1644.662773017776,0.996481436502137,1644.653050961739,0.9951616471793228,1644.6155516007425,0.981824357543284
1644.6641618832575,0.9924762539659334,1644.6641618832575,0.9964008037343366,1644.654439826754,1.0042529967228837,1644.6169404657574,1.0094540775577037
1644.6655507482728,0.997479067128584,1644.6655507482728,0.9963308494621014,1644.6558286917696,1.0099065624683474,1644.6183293312383,0.995201233154769
1644.6669396132872,0.98599461161332,1644.6669396132872,0.9962905176271147,1644.6572175572503,0.9720055726726652,1644.6197181962536,0.9989183562491668
1644.6683284787684,1.020643516033744,1644.6683284787684,0.9961679797632833,1644.6586064222658,1.0027217079248627,1644.6211070617344,1.0007011020477394
1644.669717343783,0.9820841298048504,1644.669717343783,0.996147101269031,1644.6599952872805,0.9988913345181014,1644.62249592675,1.009476538295946
1644.6711062087982,0.9749237887132436,1644.6711062087982,0.996053938159466,1644.6613841527608,0.9939572869046064,1644.6238847922302,1.0135460626282833
1644.6724950742798,1.0042402868584361,1644.6724950742798,0.9959422337103585,1644.662773017776,1.0066705810885574,1644.625273657245,1.0093502074003915
1644.6738839392954,0.989925848827851,1644.6738839392954,0.995893966790523,1644.6641618832575,0.9889041371388996,1644.626662522727,0.9935305328780027
1644.67527280431,0.9926070717151335,1644.67527280431,0.9958035740869646,1644.6655507482728,0.9938191662728866,1644.6280513877416,1.0107417404937935
1644.6766616697903,1.0089501792824747,1644.6766616697903,0.9957394773866171,1644.6669396132872,0.9823370819817806,1644.629440253222,1.012573710592269
1644.6780505348054,0.994510799361169,1644.6780505348054,0.9956749874848417,1644.6683284787684,1.0167323894258289,1644.6308291182374,0.9980307698344884
1644.679439399821,1.012605689313756,1644.679439399821,0.9956444588236212,1644.669717343783,0.9783002591074206,1644.632217983252,1.033258157271122
1644.6808282653017,0.9830548935249308,1644.6808282653017,0.9956755170991998,1644.6711062087982,0.9710766791531734,1644.6336068487328,1.0155942926317505
1644.682217130317,1.0040352675648645,1644.682217130317,0.9956267084529299,1644.6724950742798,1.000165314475722,1644.6349957137488,1.00700129609647
1644.6836059953314,1.0150049219500548,1644.6836059953314,0.995557612885555,1644.6738839392954,0.985861180417644,1644.6363845792296,0.994126043639063
1644.684994860346,1.0037178425001216,1644.684994860346,0.9954400091041802,1644.67527280431,0.988441669677926,1644.6377734442442,0.9987255037035692
1644.6863837258277,0.9974972396105247,1644.6863837258277,0.9954596368621901,1644.6766616697903,1.0046515242278649,1644.6391623097245,0.987690224596195
1644.6877725908437,0.9921880632659199,1644.6877725908437,0.9953783658756273,1644.6780505348054,0.990209527707472,1644.6405511747405,0.9933061836649848
1644.6891614558583,1.0060881153408197,1644.6891614558583,0.9953935948486076,1644.679439399821,1.0081952435385146,1644.641940039756,0.9990019170799456
1644.6905503213386,0.993446161449149,1644.6905503213386,0.9954548651147126,1644.6808282653017,0.9788036894473342,1644.6433289052363,0.9865462759622684
1644.691939186354,1.002843592715095,1644.691939186354,0.9954483929472729,1644.682217130317,0.9996443286162628,1644.6447177702514,1.0076913829162593
1644.6933280513688,1.0061075503516177,1644.6933280513688,0.9953796699116354,1644.6836059953314,1.0104958771636856,1644.6461066357317,1.019491187688555
1644.694716916384,0.9972313775460668,1644.694716916384,0.9953182301226015,1644.684994860346,0.9991408982763492,1644.6474955007463,1.006061645518433
1644.6961057818655,0.9813146242527778,1644.6961057818655,0.9952488769664202,1644.6863837258277,0.99296823991373,1644.6488843657623,1.011500930657677
1644.6974946468802,0.975368064517323,1644.6974946468802,0.9951287403146384,1644.6877725908437,0.987602533054935,1644.650273231244,1.0023816988183671
1644.6988835118948,0.9881608765182431,1644.6988835118948,0.9951051503128339,1644.6891614558583,1.001453665863559,1644.6516620962586,0.9998555972460896
1644.70027237691,1.0048791668853083,1644.70027237691,0.9950389313709727,1644.6905503213386,0.9889308146440916,1644.653050961739,0.9951616471793228
1644.7016612423915,0.9982260332969293,1644.7016612423915,0.9950315784653034,1644.691939186354,0.9982790427457108,1644.654439826754,1.0042529967228837
1644.703050107407,0.9910728864377183,1644.703050107407,0.995043783955762,1644.6933280513688,1.0014590013645974,1644.6558286917696,1.0099065624683474
1644.7044389724217,1.0049351567991114,1644.7044389724217,0.9950378703208328,1644.694716916384,0.992562569721875,1644.6572175572503,0.9720055726726652
1644.7058278374368,1.0217702327705658,1644.7058278374368,0.9950089386224722,1644.6961057818655,0.9766522777383018,1644.6586064222658,1.0027217079248627
1644.707216702917,0.9834467341107686,1644.707216702917,0.994907520575357,1644.6974946468802,0.9706167933862506,1644.6599952872805,0.9988913345181014
1644.7086055679315,0.9892722984795556,1644.7086055679315,0.994835150571916,1644.6988835118948,0.983323977560948,1644.6613841527608,0.9939572869046064
1644.7099944329475,1.0138329822189558,1644.7099944329475,0.9948202206023387,1644.70027237691,0.9998938923745104,1644.662773017776,1.0066705810885574
1644.7113832979633,0.9909449123451192,1644.7113832979633,0.9948944771526327,1644.7016612423915,0.993266425576602,1644.6641618832575,0.9889041371388996
1644.7127721634436,0.9924166830185049,1644.7127721634436,0.99484929338436,1644.703050107407,0.9861609150969464,1644.6655507482728,0.9938191662728866
1644.7141610284586,1.0067313535327804,1644.7141610284586,0.9948389787473007,1644.7044389724217,0.99994853823192,1644.6669396132872,0.9823370819817806
1644.7155498934735,0.9740923695438523,1644.7155498934735,0.9948139411275704,1644.7058278374368,1.016670514825077,1644.6683284787684,1.0167323894258289
1644.7169387584893,1.0029806312605087,1644.7169387584893,0.9948427103561245,1644.707216702917,0.9784385518520772,1644.669717343783,0.9783002591074206
1644.71832762397,0.9842413775325766,1644.71832762397,0.9947209398753659,1644.7086055679315,0.984162856014534,1644.6711062087982,0.9710766791531734
1644.7197164889856,0.9970140229975051,1644.7197164889856,0.9947260193485459,1644.7099944329475,1.0085815510249885,1644.6724950742798,1.000165314475722
1644.7211053540002,0.9950538287337451,1644.7211053540002,0.9947945035832513,1644.7113832979633,0.9858856204546588,1644.6738839392954,0.985861180417644
1644.7224942190148,0.9914770268682834,1644.7224942190148,0.9947734181900327,1644.7127721634436,0.98730503584381,1644.67527280431,0.988441669677926
1644.72388308403,0.9857629857343657,1644.72388308403,0.9948392159125571,1644.7141610284586,1.001535591621439,1644.6766616697903,1.0046515242278649
1644.7252719495116,1.0082550175514269,1644.7252719495116,0.9948685087917699,1644.7155498934735,0.9690406691682134,1644.6780505348054,0.990209527707472
1644.7266608145271,1.0005855345404375,1644.7266608145271,0.994841519279557,1644.7169387584893,0.9978079696379012,1644.679439399821,1.0081952435385146
1644.7280496795418,0.9801579657626804,1644.7280496795418,0.994860002493476,1644.71832762397,0.9790455081234294,1644.6808282653017,0.9788036894473342
1644.7294385445568,0.9997269300414041,1644.7294385445568,0.9947922604278662,1644.7197164889856,0.9917557903309878,1644.682217130317,0.9996443286162628
1644.7308274095717,0.9945716352550478,1644.7308274095717,0.9947041749612009,1644.7211053540002,0.9898740795937996,1644.6836059953314,1.0104958771636856
1644.7322162745866,0.9984584063412004,1644.7322162745866,0.9946653752080699,1644.7224942190148,0.9862949910746532,1644.684994860346,0.9991408982763492
1644.7336051400682,0.977076082915835,1644.7336051400682,0.9946318215037847,1644.72388308403,0.9806756758035976,1644.6863837258277,0.99296823991373
1644.7349940050829,0.9996460742497316,1644.7349940050829,0.9945615193452959,1644.7252719495116,1.003081165793208,1644.6877725908437,0.987602533054935
1644.7363828700975,0.9896257776541155,1644.7363828700975,0.9945143332517966,1644.7266608145271,0.9954240333513564,1644.6891614558583,1.001453665863559
1644.737771735113,0.9926014605484712,1644.737771735113,0.9945126361673106,1644.7280496795418,0.9751199562626606,1644.6905503213386,0.9889308146440916
1644.739160600128,0.9966566709009329,1644.739160600128,0.9944379399836978,1644.7294385445568,0.9945206125464996,1644.691939186354,0.9982790427457108
1644.7405494651437,0.9689627284594521,1644.7405494651437,0.9943703842765305,1644.7308274095717,0.9893045578861848,1644.6933280513688,1.0014590013645974
1644.7419383306244,0.9808741363592703,1644.7419383306244,0.9943537461003431,1644.7322162745866,0.9931320053730216,1644.694716916384,0.992562569721875
1644.74332719564,0.9830957980636044,1644.74332719564,0.9943529968883271,1644.7336051400682,0.97183096409836,1644.6961057818655,0.9766522777383018
1644.7447160606546,0.9997780514444575,1644.7447160606546,0.9942742618289289,1644.7349940050829,0.9942095184133736,1644.6974946468802,0.9706167933862506
1644.746104925669,1.0050988562669032,1644.746104925669,0.9942445339180895,1644.7363828700975,0.9841970204324734,1644.6988835118948,0.983323977560948
1644.7474937906848,1.001618807349736,1644.7474937906848,0.9942339133553845,1644.737771735113,0.9871546951935828,1644.70027237691,0.9998938923745104
1644.7488826557003,0.9912886194334775,1644.7488826557003,0.9942069567930134,1644.739160600128,0.991113206681734,1644.7016612423915,0.993266425576602
1644.750271520715,0.9936864132838681,1644.750271520715,0.9942062105327498,1644.7405494651437,0.9635078406478608,1644.703050107407,0.9861609150969464
1644.7516603861957,0.9966711475972184,1644.7516603861957,0.9942076359887558,1644.7419383306244,0.9753358719417792,1644.7044389724217,0.99994853823192
1644.7530492512112,0.9947803089950973,1644.7530492512112,0.9941758700819477,1644.74332719564,0.9775442530328666,1644.7058278374368,1.016670514825077
1644.754438116226,1.0023546186895318,1644.754438116226,0.9941948470981027,1644.7447160606546,0.9940535840927028,1644.707216702917,0.9784385518520772
1644.755826981241,1.000708154451848,1644.755826981241,0.9941751802703361,1644.746104925669,0.999314043890692,1644.7086055679315,0.984162856014534
1644.757215846257,1.0016079275989433,1644.757215846257,0.9942053624179223,1644.7474937906848,0.995843386521681,1644.7099944329475,1.0085815510249885
1644.7586047112716,0.9988551099292787,1644.7586047112716,0.994173841888606,1644.7488826557003,0.9855460416305052,1644.7113832979633,0.9858856204546588
1644.7599935762862,0.9869328850115644,1644.7599935762862,0.994228374414079,1644.750271520715,0.9879292034088344,1644.7127721634436,0.98730503584381
1644.7613824413015,0.9727307473782331,1644.7613824413015,0.9942449416330114,1644.7516603861957,0.9908980655108308,1644.7141610284586,1.001535591621439
1644.7627713063162,0.9905792172906327,1644.7627713063162,0.9943217788890953,1644.7530492512112,0.9889865792355896,1644.7155498934735,0.9690406691682134
1644.7641601713317,1.008832417898746,1644.7641601713317,0.994296200316949,1644.754438116226,0.996535796866116,1644.7169387584893,0.9978079696379012
1644.7655490368131,0.9920327243693978,1644.7655490368131,0.9942850630633487,1644.755826981241,0.9948792098501612,1644.71832762397,0.9790455081234294
1644.7669379018282,0.9853283673338707,1644.7669379018282,0.9942747794853367,1644.757215846257,0.9958039726591716,1644.7197164889856,0.9917557903309878
1644.7683267668428,0.976936491975441,1644.7683267668428,0.9943233702924382,1644.7586047112716,0.993035622128457,1644.7211053540002,0.9898740795937996
1644.7697156318577,1.0020762777394323,1644.7697156318577,0.9942933169526212,1644.7599935762862,0.9812366779208448,1644.7224942190148,0.9862949910746532
1644.7711044968737,0.9906867864374598,1644.7711044968737,0.9943025046931625,1644.7613824413015,0.9671326251517068,1644.72388308403,0.9806756758035976
1644.772493361889,0.9943894502160695,1644.772493361889,0.9942638343940229,1644.7627713063162,0.9849544894669896,1644.7252719495116,1.003081165793208
1644.7738822269037,0.9786217901350921,1644.7738822269037,0.9942661709748675,1644.7641601713317,1.0030782398732836,1644.7266608145271,0.9954240333513564
1644.7752710919187,0.9955936382091517,1644.7752710919187,0.9942522749652144,1644.7655490368131,0.9863633199105324,1644.7280496795418,0.9751199562626606
1644.7766599569345,1.0165561626104966,1644.7766599569345,0.9942458200397853,1644.7669379018282,0.9796871451515312,1644.7294385445568,0.9945206125464996
1644.7780488219487,0.9968273831074189,1644.7780488219487,0.9942485579726746,1644.7683267668428,0.971390785262692,1644.7308274095717,0.9893045578861848
1644.779437686964,0.9858790489710043,1644.779437686964,0.9943263291771994,1644.7697156318577,0.9963577460330764,1644.7322162745866,0.9931320053730216
1644.78082655198,0.9831264173298799,1644.78082655198,0.9942448234506047,1644.7711044968737,0.9850423531211864,1644.7336051400682,0.97183096409836
1644.7822154169946,1.0024934589161758,1644.7822154169946,0.994295197228043,1644.772493361889,0.9886854676527936,1644.7349940050829,0.9942095184133736
1644.7836042820093,0.9975827336198941,1644.7836042820093,0.9943043800862192,1644.7738822269037,0.9730105401101884,1644.7363828700975,0.9841970204324734
1644.7849931470244,0.9811560010659394,1644.7849931470244,0.9943319194284215,1644.7752710919187,0.9898712397303436,1644.737771735113,0.9871546951935828
1644.78638201204,0.9688134334449308,1644.78638201204,0.9943178950789108,1644.7766599569345,1.0107067155111706,1644.739160600128,0.991113206681734
1644.787770877055,0.9860220475409878,1644.787770877055,0.9942172986674986,1644.7780488219487,0.9910941882022262,1644.7405494651437,0.9635078406478608
1644.7891597420703,0.9854606234763215,1644.7891597420703,0.9942781804726228,1644.779437686964,0.9802854957760472,1644.7419383306244,0.9753358719417792
1644.7905486070856,1.0072786366341548,1644.7905486070856,0.9943017864156942,1644.78082655198,0.977468351227772,1644.74332719564,0.9775442530328666
1644.7919374721002,0.9715681403796684,1644.7919374721002,0.9943009267257132,1644.7822154169946,0.996774431452882,1644.7447160606546,0.9940535840927028
1644.7933263371149,0.9783720909635105,1644.7933263371149,0.9942825257250333,1644.7836042820093,0.9919008815366448,1644.746104925669,0.999314043890692
1644.7947152021309,0.9845658591469594,1644.7947152021309,0.9942420747701226,1644.7849931470244,0.9755947297986098,1644.7474937906848,0.995843386521681
1644.7961040671462,0.9968725657092119,1644.7961040671462,0.9943053595117438,1644.78638201204,0.963308533867136,1644.7488826557003,0.9855460416305052
1644.7974929321606,1.0112740035412646,1644.7974929321606,0.9942670908305896,1644.787770877055,0.9803201765327968,1644.750271520715,0.9879292034088344
1644.798881797176,0.9785912127988878,1644.798881797176,0.9942218742533844,1644.7891597420703,0.9798219956374534,1644.7516603861957,0.9908980655108308
1644.8002706621908,1.0008049247566164,1644.8002706621908,0.994250337624109,1644.7905486070856,1.0015389478237051,1644.7530492512112,0.9889865792355896
1644.801659527206,0.995665661591893,1644.801659527206,0.9942733536752926,1644.7919374721002,0.9660311023566822,1644.754438116226,0.996535796866116
1644.803048392222,0.990185243645685,1644.803048392222,0.9943289130712596,1644.7933263371149,0.9727782737020813,1644.755826981241,0.9948792098501612
1644.8044372572374,1.0114509258898294,1644.8044372572374,0.9942930323515258,1644.7947152021309,0.9788968025461012,1644.757215846257,0.9958039726591716
1644.805826122252,1.0071653737127846,1644.805826122252,0.9943296110583847,1644.7961040671462,0.9911957348348924,1644.7586047112716,0.993035622128457
1644.807214987267,0.9770924767618141,1644.807214987267,0.9942751676383114,1644.7974929321606,1.0054764615335765,1644.7599935762862,0.9812366779208448
1644.8086038522815,0.988702555341971,1644.8086038522815,0.9942945793731608,1644.798881797176,0.9729367897168028,1644.7613824413015,0.9671326251517068
1644.8099927172973,0.9923556910118511,1644.8099927172973,0.9943357493338502,1644.8002706621908,0.9950506343351369,1644.7627713063162,0.9849544894669896
1644.8113815823124,0.989841796375857,1644.8113815823124,0.9942806893489766,1644.801659527206,0.9899638364903004,1644.7641601713317,1.0030782398732836
1644.8127704473277,0.998669865331693,1644.8127704473277,0.9942828528112683,1644.803048392222,0.9845698170534144,1644.7655490368131,0.9863633199105324
1644.814159312342,0.9843165057339023,1644.814159312342,0.9943106942605713,1644.8044372572374,1.005678608177757,1644.7669379018282,0.9796871451515312
1644.8155481773567,1.0122497175652194,1644.8155481773567,0.9942549279709657,1644.805826122252,1.0014543543153058,1644.7683267668428,0.971390785262692
1644.8169370423727,1.001379194047226,1644.8169370423727,0.9942632455233666,1644.807214987267,0.9714987861304856,1644.7697156318577,0.9963577460330764
1644.8183259073887,0.9959128186484663,1644.8183259073887,0.9942828944799273,1644.8086038522815,0.9830615913889144,1644.7711044968737,0.9850423531211864
1644.8197147724034,0.9693778971892701,1644.8197147724034,0.9943477274672761,1644.8099927172973,0.9867347396279796,1644.772493361889,0.9886854676527936
1644.821103637418,0.9963291919600152,1644.821103637418,0.9943704157641063,1644.8113815823124,0.9841805836470164,1644.7738822269037,0.9730105401101884
1644.8224925024335,1.0005187056490614,1644.8224925024335,0.9943760716653459,1644.8127704473277,0.9929603227186408,1644.7752710919187,0.9898712397303436
1644.8238813674482,0.9909462665399453,1644.8238813674482,0.9944688040363296,1644.814159312342,0.978716428188416,1644.7766599569345,1.0107067155111706
1644.8252702324633,1.0054846229392564,1644.8252702324633,0.9944194810942557,1644.8155481773567,1.0064342700264377,1644.7780488219487,0.9910941882022262
1644.8266590974793,1.0100200766402394,1644.8266590974793,0.9943419366438716,1644.8169370423727,0.9956345274729682,1644.779437686964,0.9802854957760472
1644.828047962494,0.9971233462314928,1644.828047962494,0.9943217967529304,1644.8183259073887,0.99021907997546,1644.78082655198,0.977468351227772
1644.8294368270429,0.9878209093463891,1644.8294368270429,0.994322502164853,1644.8197147724034,0.9638987091271576,1644.7822154169946,0.996774431452882
1644.830825692058,0.9888887433588981,1644.830825692058,0.9942814203607445,1644.821103637418,0.9907202728471964,1644.7836042820093,0.9919008815366448
1644.832214557074,0.9868934152848308,1644.832214557074,0.9942474712475926,1644.8224925024335,0.9948918601510102,1644.7849931470244,0.9755947297986098
1644.8336034220897,0.9972197211425494,1644.8336034220897,0.9943174349771218,1644.8238813674482,0.9854651485502454,1644.78638201204,0.963308533867136
1644.834992287104,0.9870839779683656,1644.834992287104,0.9943175962614924,1644.8252702324633,0.9998734969915088,1644.787770877055,0.9803201765327968
1644.8363811521192,0.9933381494442878,1644.8363811521192,0.9942661155305275,1644.8266590974793,1.0043053190556472,1644.7891597420703,0.9798219956374534
1644.8377700171338,1.0045577593680923,1644.8377700171338,0.9943389813278933,1644.828047962494,0.9914614772091922,1644.7905486070856,1.0015389478237051
1644.8391588821485,0.9933366498952465,1644.8391588821485,0.9943784210352588,1644.8294368270429,0.982212558272062,1644.7919374721002,0.9660311023566822
1644.8405477471645,0.9928002583341551,1644.8405477471645,0.9943142756209304,1644.830825692058,0.983233704325637,1644.7933263371149,0.9727782737020813
1644.8419366117148,1.0017604279537078,1644.8419366117148,0.9943110406618471,1644.832214557074,0.9812162825378432,1644.7947152021309,0.9788968025461012
1644.8433254767294,0.9992831516349798,1644.8433254767294,0.9943678675678161,1644.8336034220897,0.9915529552350604,1644.7961040671462,0.9911957348348924
1644.844714341744,0.9842251178422946,1644.844714341744,0.9944164837310812,1644.834992287104,0.9814749682817372,1644.7974929321606,1.0054764615335765
1644.8461032067592,0.9749306467076436,1644.8461032067592,0.9945189013225519,1644.8363811521192,0.9876424632562546,1644.798881797176,0.9729367897168028
1644.8474920717747,0.9920039337929769,1644.8474920717747,0.9945408581793572,1644.8377700171338,0.9988709391350998,1644.8002706621908,0.9950506343351369
1644.8488809367898,0.9930951997135279,1644.8488809367898,0.9946390739521526,1644.8391588821485,0.9877525294792888,1644.801659527206,0.9899638364903004
1644.850269801805,0.9864831968761627,1644.850269801805,0.9946157302975354,1644.8405477471645,0.987155469701798,1644.803048392222,0.9845698170534144
1644.85165866682,1.0044326624518316,1644.85165866682,0.9947040866942322,1644.8419366117148,0.9960614536125084,1644.8044372572374,1.005678608177757
1644.853047531369,0.9720453044099997,1644.853047531369,0.9946985051823701,1644.8433254767294,0.9936550565877216,1644.805826122252,1.0014543543153058
1644.854436396384,1.0157982451500718,1644.854436396384,0.9947507001450668,1644.844714341744,0.9787296808845436,1644.807214987267,0.9714987861304856
1644.8558252614,0.9803527494875771,1644.8558252614,0.994746342898118,1644.8461032067592,0.9695869556293708,1644.8086038522815,0.9830615913889144
1644.8572141264156,0.9876358673472243,1644.8572141264156,0.9947601779815468,1644.8474920717747,0.9865884436317656,1644.8099927172973,0.9867347396279796
1644.85860299143,0.9984127205187598,1644.85860299143,0.9947872568049152,1644.8488809367898,0.9877712897893914,1644.8113815823124,0.9841805836470164
1644.8599918564453,0.9840000155889999,1644.8599918564453,0.9947771640023135,1644.850269801805,0.981171705287232,1644.8127704473277,0.9929603227186408
1644.8613807209942,0.9926962003890784,1644.8613807209942,0.9948546387173107,1644.85165866682,0.9991132741500052,1644.814159312342,0.978716428188416
1644.862769586009,0.984585221787511,1644.862769586009,0.9948487702909117,1644.853047531369,0.9668920112661686,1644.8155481773567,1.0064342700264377
1644.864158451025,0.9775953038396599,1644.864158451025,0.9948965148925067,1644.854436396384,1.010466015569164,1644.8169370423727,0.9956345274729682
1644.86554731604,0.9958664401456945,1644.86554731604,0.9949277866887886,1644.8558252614,0.9752023123028822,1644.8183259073887,0.99021907997546
1644.8669361810546,0.9792181726051723,1644.8669361810546,0.9950356385052883,1644.8572141264156,0.9824608311832842,1644.8197147724034,0.9638987091271576
1644.8683250456045,0.9924121825005754,1644.8683250456045,0.9950356451386982,1644.85860299143,0.9932082514039896,1644.821103637418,0.9907202728471964
1644.8697139106196,0.9767805789823508,1644.8697139106196,0.9950448799823504,1644.8599918564453,0.9788607448858576,1644.8224925024335,0.9948918601510102
1644.871102775635,0.9949327911681314,1644.871102775635,0.9950831511614932,1644.8613807209942,0.9875884197941236,1644.8238813674482,0.9854651485502454
1644.8724916406502,0.9821482315211382,1644.8724916406502,0.9951022241398818,1644.862769586009,0.9795133971419098,1644.8252702324633,0.9998734969915088
1644.8738805056655,0.9955229877547093,1644.8738805056655,0.995099356992168,1644.864158451025,0.9726061607653588,1644.8266590974793,1.0043053190556472
1644.8752693702145,0.9913114063833757,1644.8752693702145,0.9950826811661061,1644.86554731604,0.9908151931317988,1644.828047962494,0.9914614772091922
1644.876658235229,1.0055227974605792,1644.876658235229,0.9950499664685124,1644.8669361810546,0.9743569796141692,1644.8294368270429,0.982212558272062
1644.8780471002449,1.0067173816927846,1644.8780471002449,0.9951195758383263,1644.8683250456045,0.9874854962579636,1644.830825692058,0.983233704325637
1644.8794359652604,0.9890424979824083,1644.8794359652604,0.9951227663828924,1644.8697139106196,0.971940513982584,1644.832214557074,0.9812162825378432
1644.880824830275,1.0171663990181423,1644.880824830275,0.995087773803071,1644.871102775635,0.990040857029484,1644.8336034220897,0.9915529552350604
1644.8822136948245,0.991526572272166,1644.8822136948245,0.9951356248702268,1644.8724916406502,0.9773378896217362,1644.834992287104,0.9814749682817372
1644.88360255984,0.979470690609716,1644.88360255984,0.9951699097587794,1644.8738805056655,0.9906442849856332,1644.8363811521192,0.9876424632562546
1644.884991424855,0.9898422184219342,1644.884991424855,0.9951681793577478,1644.8752693702145,0.9864368121345128,1644.8377700171338,0.9988709391350998
1644.8863802898695,0.9926157423630839,1644.8863802898695,0.9951810632483338,1644.876658235229,1.000545425896474,1644.8391588821485,0.9877525294792888
1644.88776915442,0.9729978450462589,1644.88776915442,0.9952495061637863,1644.8780471002449,1.0018041738591943,1644.8405477471645,0.987155469701798
1644.8891580194347,0.971639086478423,1644.8891580194347,0.9952514674806329,1644.8794359652604,0.9842187066625004,1644.8419366117148,0.9960614536125084
1644.8905468844491,0.998197358580845,1644.8905468844491,0.9953387128156872,1644.880824830275,1.0121698475862495,1644.8433254767294,0.9936550565877216
1644.8919357494644,0.9939863239289324,1644.8919357494644,0.9954131948075704,1644.8822136948245,0.986703415073496,1644.844714341744,0.9787296808845436
1644.8933246140148,0.9905816777327912,1644.8933246140148,0.9954364306944478,1644.88360255984,0.9747397587854404,1644.8461032067592,0.9695869556293708
1644.8947134790303,0.9803675940482725,1644.8947134790303,0.9954674897740192,1644.884991424855,0.9850594783583904,1644.8474920717747,0.9865884436317656
1644.896102344045,1.0131727828536283,1644.896102344045,0.9954753410945456,1644.8863802898695,0.987832389881928,1644.8488809367898,0.9877712897893914
1644.89749120906,0.998170325367994,1644.89749120906,0.995460763616827,1644.88776915442,0.9683756247807174,1644.850269801805,0.981171705287232
1644.898880073609,1.0049799583922119,1644.898880073609,0.9953964868835937,1644.8891580194347,0.967025226679192,1644.85165866682,0.9991132741500052
1644.9002689386236,0.985099988102577,1644.9002689386236,0.995358949144822,1644.8905468844491,0.9935444740258772,1644.853047531369,0.9668920112661686
1644.9016578036396,0.9850158794095774,1644.9016578036396,0.9953872407621394,1644.8919357494644,0.9894271022971312,1644.854436396384,1.010466015569164
1644.9030466681895,0.9970952883352526,1644.9030466681895,0.9954148933371786,1644.8933246140148,0.9860610895936474,1644.8558252614,0.9752023123028822
1644.9044355332042,0.9926714050677486,1644.9044355332042,0.9954204453882296,1644.8947134790303,0.9759240679030284,1644.8572141264156,0.9824608311832842
1644.9058243982192,0.9798473932940513,1644.9058243982192,0.995443467356203,1644.896102344045,1.0085885215989256,1644.85860299143,0.9932082514039896
1644.9072132632346,0.9946678623022105,1644.9072132632346,0.9954454366387158,1644.89749120906,0.99363939431048,1644.8599918564453,0.9788607448858576
1644.9086021277842,0.9736110237044655,1644.9086021277842,0.9955503417865867,1644.898880073609,1.000353519972028,1644.8613807209942,0.9875884197941236
1644.9099909927993,0.982159587125147,1644.9099909927993,0.9955767450317043,1644.9002689386236,0.9805280889603578,1644.862769586009,0.9795133971419098
1644.9113798578148,1.0049606117643575,1644.9113798578148,0.9955855426499632,1644.9016578036396,0.9804722383123914,1644.864158451025,0.9726061607653588
1644.9127687223638,1.0013899550214167,1644.9127687223638,0.9956533345553018,1644.9030466681895,0.9925235000852388,1644.86554731604,0.9908151931317988
1644.9141575873784,0.9910317787606552,1644.9141575873784,0.9956087612967729,1644.9044355332042,0.988125412156698,1644.8669361810546,0.9743569796141692
1644.9155464523935,0.9974787710082718,1644.9155464523935,0.9956312906766656,1644.9058243982192,0.9753826866605676,1644.8683250456045,0.9874854962579636
1644.9169353169434,1.0056677812391712,1644.9169353169434,0.9956724636350258,1644.9072132632346,0.990137584499922,1644.8697139106196,0.971940513982584
1644.9183241819585,0.9810368847786773,1644.9183241819585,0.9957077464710167,1644.9086021277842,0.9692787874161692,1644.871102775635,0.990040857029484
1644.919713046974,0.9937247805845555,1644.919713046974,0.995688085919405,1644.9099909927993,0.9778152448517364,1644.8724916406502,0.9773378896217362
1644.9211019115237,0.9934785321162429,1644.9211019115237,0.9958147382227918,1644.9113798578148,1.000524256005257,1644.8738805056655,0.9906442849856332
1644.922490776538,0.9898195858038686,1644.922490776538,0.9959408053109,1644.9127687223638,0.9970372479072572,1644.8752693702145,0.9864368121345128
1644.9238796415527,0.991182320322606,1644.9238796415527,0.9959852517859908,1644.9141575873784,0.9866799216576334,1644.876658235229,1.000545425896474
1644.925268506103,0.9940253267443642,1644.925268506103,0.9960950368861308,1644.9155464523935,0.9931210762015398,1644.8780471002449,1.0018041738591943
1644.9266573711182,1.0001613003379137,1644.9266573711182,0.9961352805314356,1644.9169353169434,1.0013157173447758,1644.8794359652604,0.9842187066625004
1644.9280462361328,0.9977006494777912,1644.9280462361328,0.9960934416886185,1644.9183241819585,0.9768260257479232,1644.880824830275,1.0121698475862495
1644.929435100683,1.0007004625761353,1644.929435100683,0.9961860181995512,1644.919713046974,0.9894399247109168,1644.8822136948245,0.986703415073496
1644.9308239656973,1.008057514335367,1644.9308239656973,0.9961489751970786,1644.9211019115237,0.9893205643892998,1644.88360255984,0.9747397587854404
1644.9322128307124,1.0029533664546035,1644.9322128307124,0.9962484382535413,1644.922490776538,0.9858017153980064,1644.884991424855,0.9850594783583904
1644.9336016952627,0.9957416208708533,1644.9336016952627,0.9962936461431732,1644.9238796415527,0.9872029728723334,1644.8863802898695,0.987832389881928
1644.9349905602785,0.9798721797651434,1644.9349905602785,0.9962798421822476,1644.925268506103,0.9901436945091756,1644.88776915442,0.9683756247807174
1644.9363794248272,1.019028468702148,1644.9363794248272,0.9962824410170512,1644.9266573711182,0.9962959574887932,1644.8891580194347,0.967025226679192
1644.937768289842,0.9947546226756738,1644.937768289842,0.9962934457457234,1644.9280462361328,0.993803073713303,1644.8905468844491,0.9935444740258772
1644.939157154857,1.007624521153565,1644.939157154857,0.9963037402035759,1644.929435100683,0.9968838092241692,1644.8919357494644,0.9894271022971312
1644.9405460194064,1.0136101459990503,1644.9405460194064,0.9963076009231833,1644.9308239656973,1.0041754598448902,1644.8933246140148,0.9860610895936474
1644.941934884422,0.99694850797182,1644.941934884422,0.9964111807345886,1644.9322128307124,0.9991907249715304,1644.8947134790303,0.9759240679030284
1644.9433237489714,0.9983250163383897,1644.9433237489714,0.9964009224983931,1644.9336016952627,0.9920510500739356,1644.896102344045,1.0085885215989256
1644.944712613986,0.9856454952808444,1644.944712613986,0.9963785066322908,1644.9349905602785,0.976226900615192,1644.89749120906,0.99363939431048
1644.9461014790006,0.9700380839210493,1644.9461014790006,0.9964402200375106,1644.9363794248272,1.0152401702644438,1644.898880073609,1.000353519972028
1644.947490343551,0.9890297729169614,1644.947490343551,0.9965445389452664,1644.937768289842,0.991067510697034,1644.9002689386236,0.9805280889603578
1644.948879208567,0.9854763834233615,1644.948879208567,0.996660217109137,1644.939157154857,1.003900079146134,1644.9016578036396,0.9804722383123914
1644.950268073116,0.9972216999626639,1644.950268073116,0.9967347765925906,1644.9405460194064,1.0098674928317113,1644.9030466681895,0.9925235000852388
1644.9516569381306,1.0072626215675224,1644.9516569381306,0.9967873786963392,1644.941934884422,0.9933706399597876,1644.9044355332042,0.988125412156698
1644.953045803146,1.0026008916023392,1644.953045803146,0.9968697411602054,1644.9433237489714,0.9947319672327948,1644.9058243982192,0.9753826866605676
1644.9544346676948,0.9974028479195801,1644.9544346676948,0.9968999938260389,1644.944712613986,0.9820759866567724,1644.9072132632346,0.990137584499922
1644.9558235327102,1.0004500354377672,1644.9558235327102,0.9969298080617156,1644.9461014790006,0.9665849617870556,1644.9086021277842,0.9692787874161692
1644.9572123972605,0.976045962955294,1644.9572123972605,0.996847761205217,1644.947490343551,0.9856122190546748,1644.9099909927993,0.9778152448517364
1644.9586012622756,0.9969518256813457,1644.9586012622756,0.9969743802639197,1644.948879208567,0.9821851062586546,1644.9113798578148,1.000524256005257
1644.9599901268246,1.001518110422336,1644.9599901268246,0.997055326904201,1644.950268073116,0.9939655483255692,1644.9127687223638,0.9970372479072572
1644.9613789918392,1.0177086327788036,1644.9613789918392,0.9969979663950523,1644.9516569381306,1.0040266682110934,1644.9141575873784,0.9866799216576334
1644.9627678568552,1.0008213586898649,1644.9627678568552,0.997083496445835,1644.953045803146,0.9994624912986152,1644.9155464523935,0.9931210762015398
1644.964156721405,1.0088902070588146,1644.964156721405,0.997174697639642,1644.9544346676948,0.994310892933103,1644.9169353169434,1.0013157173447758
1644.9655455864197,1.0055710210180786,1644.9655455864197,0.9972135413838993,1644.9558235327102,0.9973784618043098,1644.9183241819585,0.9768260257479232
1644.9669344509691,1.0162416291417238,1644.9669344509691,0.9973324409401548,1644.9572123972605,0.972969233005375,1644.919713046974,0.9894399247109168
1644.9683233159838,0.9823342760319789,1644.9683233159838,0.9973258516225313,1644.9586012622756,0.9939354285616429,1644.9211019115237,0.9893205643892998
1644.9697121805327,1.0213338324562116,1644.9697121805327,0.9974506590390899,1644.9599901268246,0.99856896698762,1644.922490776538,0.9858017153980064
1644.9711010455487,1.0076568533406889,1644.9711010455487,0.9975435871254066,1644.9613789918392,1.0146534372631564,1644.9238796415527,0.9872029728723334
1644.972489910099,1.0043877083093606,1644.972489910099,0.9975648406680477,1644.9627678568552,0.9979024596401618,1644.925268506103,0.9901436945091756
1644.9738787751137,1.0100202628714567,1644.9738787751137,0.9976777803972733,1644.964156721405,1.0060397871754692,1644.9266573711182,0.9962959574887932
1644.975267639663,1.0026213387666232,1644.975267639663,0.9978039431256565,1644.9655455864197,1.0027690389824615,1644.9280462361328,0.993803073713303
1644.9766565046775,1.0021413682274691,1644.9766565046775,0.9978056728012729,1644.9669344509691,1.013530744576915,1644.929435100683,0.9968838092241692
1644.9780453692276,1.0129636079552007,1644.9780453692276,0.9977511765863166,1644.9683233159838,0.979707368421596,1644.9308239656973,1.0041754598448902
1644.9794342342427,0.9961601379433453,1644.9794342342427,0.9978757370044946,1644.9697121805327,1.0187301042823678,1644.9322128307124,0.9991907249715304
1644.9808230987926,0.9918919536906167,1644.9808230987926,0.9979281508600784,1644.9711010455487,1.0051816320729705,1644.9336016952627,0.9920510500739356
1644.9822119638072,1.0015785305398213,1644.9822119638072,0.9979739898542597,1644.972489910099,1.001941864208573,1644.9349905602785,0.976226900615192
1644.9836008283562,0.9981355136081141,1644.9836008283562,0.9979912981512262,1644.9738787751137,1.0076747740178655,1644.9363794248272,1.0152401702644438
1644.9849896933713,0.994776950336718,1644.9849896933713,0.9981195070115217,1644.975267639663,1.0004195252832613,1644.937768289842,0.991067510697034
1644.9863785579216,0.9991990714557725,1644.9863785579216,0.9981977398546659,1644.9766565046775,0.999942342166198,1644.939157154857,1.003900079146134
1644.987767422937,1.0118623658889507,1644.987767422937,0.9982527839657148,1644.9780453692276,1.010685631676422,1644.9405460194064,1.0098674928317113
1644.9891562874857,0.9913609672330322,1644.9891562874857,0.9983564905738441,1644.9794342342427,0.9940440318247148,1644.941934884422,0.9933706399597876
1644.9905451525012,0.9944673962613524,1644.9905451525012,0.9984307171136033,1644.9808230987926,0.9898369031994676,1644.9433237489714,0.9947319672327948
1644.9919340170502,1.0055074503429418,1644.9919340170502,0.9985292114056045,1644.9822119638072,0.999549322275192,1644.944712613986,0.9820759866567724
1644.9933228820653,1.0005439472723405,1644.9933228820653,0.9985909190087698,1644.9836008283562,0.9961305569566028,1644.9461014790006,0.9665849617870556
1644.9947117466156,0.9920697411114353,1644.9947117466156,0.9986689774118884,1644.9849896933713,0.99290627925651,1644.947490343551,0.9856122190546748
1644.9961006116305,1.0017920227853585,1644.9961006116305,0.9986231713452233,1644.9863785579216,0.9973982547920328,1644.948879208567,0.9821851062586546
1644.9974894761792,1.0033822181090986,1644.9974894761792,0.9986621034185151,1644.987767422937,1.01009442373878,1644.950268073116,0.9939655483255692
1644.9988783411948,0.9967044035087185,1644.9988783411948,0.9987119426666753,1644.9891562874857,0.9897316561386618,1644.9516569381306,1.0040266682110934
1645.0002672057442,0.9932655478367904,1645.0002672057442,0.9987738888479788,1644.9905451525012,0.99290679559532,1644.953045803146,0.9994624912986152
1645.001656070294,1.0087194287255807,1645.001656070294,0.9988921155827948,1644.9919340170502,1.0040285614533977,1644.9544346676948,0.994310892933103
1645.0030449353092,0.9945765247650983,1645.0030449353092,0.9989672534038878,1644.9933228820653,0.9991340998153486,1644.9558235327102,0.9973784618043098
1645.0044337998588,1.0142357094953889,1645.0044337998588,0.9990744811312054,1644.9947117466156,0.990749273877034,1644.9572123972605,0.972969233005375
1645.0058226648732,1.0020712620255412,1645.0058226648732,0.9991394416837597,1644.9961006116305,1.000412726822261,1644.9586012622756,0.9939354285616429
1645.0072115294222,1.002595435366095,1645.0072115294222,0.9991652949877772,1644.9974894761792,1.0020397964695678,1644.9599901268246,0.99856896698762
1645.0086003944382,0.9944513774998103,1645.0086003944382,0.9992473503153451,1644.9988783411948,0.995420591092622,1644.9613789918392,1.0146534372631564
1645.009989258988,1.0061150797558505,1645.009989258988,0.9992868290932131,1645.0002672057442,0.9920476938716694,1644.9627678568552,0.9979024596401618
1645.011378123537,1.0134303315483582,1645.011378123537,0.9993621811152081,1645.001656070294,1.0076018841891634,1644.964156721405,1.0060397871754692
1645.012766988552,1.0048590588736819,1645.012766988552,0.9994593003062818,1645.0030449353092,0.993549379244574,1644.9655455864197,1.0027690389824615
1645.014155853102,0.9975404690169558,1645.014155853102,0.9995684351589691,1645.0044337998588,1.0132970152088456,1644.9669344509691,1.013530744576915
1645.0155447181166,0.9882952140445236,1645.0155447181166,0.9994967770769899,1645.0058226648732,1.0012089212675397,1644.9683233159838,0.979707368421596
1645.016933582666,1.0053187472904044,1645.016933582666,0.9996035538286838,1645.0072115294222,1.0017585639309632,1644.9697121805327,1.0187301042823678
1645.0183224472164,0.9918348102489725,1645.0183224472164,0.999666021576044,1645.0086003944382,0.9937029039841304,1644.9711010455487,1.0051816320729705
1645.019711312231,1.0259727974248845,1645.019711312231,0.9997465963582414,1645.009989258988,1.005397547752089,1644.972489910099,1.001941864208573
1645.02110017678,1.0038968102502814,1645.02110017678,0.9997850926370876,1645.011378123537,1.0127839465444757,1644.9738787751137,1.0076747740178655
1645.022489041795,0.9960522981678015,1645.022489041795,0.999890999896079,1645.012766988552,1.004315731888319,1644.975267639663,1.0004195252832613
1645.023877906345,1.0119727200881996,1645.023877906345,0.9999820293715146,1645.014155853102,0.9971099656230226,1644.9766565046775,0.999942342166198
1645.0252667708944,1.0037132246633182,1645.0252667708944,1.0000385222027046,1645.0155447181166,0.9877978812381152,1644.9780453692276,1.010685631676422
1645.02665563591,0.9995743845143111,1645.02665563591,1.0001218019366955,1645.016933582666,1.0049201925220888,1644.9794342342427,0.9940440318247148
1645.0280445004594,1.0083801991855588,1645.0280445004594,1.0001301253414348,1645.0183224472164,0.9915035588222209,1644.9808230987926,0.9898369031994676
1645.029433365474,1.014507490142964,1645.029433365474,1.0002295341882639,1645.019711312231,1.0257128121816717,1644.9822119638072,0.999549322275192
1645.030822230023,0.9750799465728258,1645.030822230023,1.0003427788217127,1645.02110017678,1.0036810654341544,1644.9836008283562,0.9961305569566028
1645.0322110945733,1.0096842380480087,1645.0322110945733,1.0003573288205723,1645.022489041795,0.9959437283637904,1644.9849896933713,0.99290627925651
1645.0335999595889,1.0128938177886044,1645.0335999595889,1.0003387620689346,1645.023877906345,1.0119545343024094,1644.9863785579216,0.9973982547920328
1645.0349888241376,1.0122927292465533,1645.0349888241376,1.0004235339141587,1645.0252667708944,1.003751889907616,1644.987767422937,1.01009442373878
1645.0363776886873,1.0027966177824164,1645.0363776886873,1.0004913445049775,1645.02665563591,0.9996961346102162,1644.9891562874857,0.9897316561386618
1645.0377665537023,0.983845169810073,1645.0377665537023,1.000582162309944,1645.0280445004594,1.008511415003274,1644.9905451525012,0.99290679559532
1645.0391554182522,1.01590566061469,1645.0391554182522,1.000610821985744,1645.029433365474,1.0147403542962017,1644.9919340170502,1.0040285614533977
1645.0405442828016,1.0028758686186192,1645.0405442828016,1.0006582126766967,1645.030822230023,0.9754141833279878,1644.9933228820653,0.9991340998153486
1645.0419331478172,1.007796992538688,1645.0419331478172,1.0006768737096865,1645.0322110945733,1.0100450273259407,1644.9947117466156,0.990749273877034
1645.0433220123662,1.022649856799913,1645.0433220123662,1.0007745537628292,1645.0335999595889,1.0132369477939296,1644.9961006116305,1.000412726822261
1645.0447108769151,0.9951409266169197,1645.0447108769151,1.000865698752057,1645.0349888241376,1.0127214695484454,1644.9974894761792,1.0020397964695678
1645.0460997419302,1.0059938613561572,1645.0460997419302,1.0009656750143865,1645.0363776886873,1.0032893363901738,1644.9988783411948,0.995420591092622
1645.04748860648,0.995225110361379,1645.04748860648,1.0010478822975215,1645.0377665537023,0.9844179273867568,1645.0002672057442,0.9920476938716694
1645.0488774710295,0.9948999239131641,1645.0488774710295,1.0010701741419883,1645.0391554182522,1.016526198127635,1645.001656070294,1.0076018841891634
1645.050266336045,1.0235517006981623,1645.050266336045,1.0010870828788665,1645.0405442828016,1.0035359742284973,1645.0030449353092,0.993549379244574
1645.0516552005945,0.997613081385011,1645.0516552005945,1.0010920518804678,1645.0419331478172,1.0084791438276386,1645.0044337998588,1.0132970152088456
1645.0530440651437,1.0074445107038967,1645.0530440651437,1.0011298340499701,1645.0433220123662,1.023441954094554,1645.0058226648732,1.0012089212675397
1645.054432929693,0.9852284370132052,1645.054432929693,1.0011788883698607,1645.0447108769151,0.9960024188752128,1645.0072115294222,1.0017585639309632
1645.055821794709,1.014414957760144,1645.055821794709,1.0012112708660754,1645.0460997419302,1.006965324492695,1645.0086003944382,0.9937029039841304
1645.057210659258,0.9909802018451995,1645.057210659258,1.0011454642670843,1645.04748860648,0.9962679891365755,1645.009989258988,1.005397547752089
1645.0585995238068,1.0078591610428251,1645.0585995238068,1.0012227508180778,1645.0488774710295,0.995964640085602,1645.011378123537,1.0127839465444757
1645.0599883888224,1.0131326235283469,1645.0599883888224,1.0012349802882432,1645.050266336045,1.024664386227626,1645.012766988552,1.004315731888319
1645.0613772533711,0.9930086839534671,1645.0613772533711,1.0012834719548973,1645.0516552005945,0.9987025266265168,1645.014155853102,0.9971099656230226
1645.0627661179208,0.9990557920020592,1645.0627661179208,1.0013931892067478,1645.0530440651437,1.0085827558155456,1645.0155447181166,0.9877978812381152
1645.064154982471,1.0115839429707196,1645.064154982471,1.0013884757748586,1645.054432929693,0.986389911359256,1645.016933582666,1.0049201925220888
1645.0655438474869,0.9889258535014033,1645.0655438474869,1.0014934092099128,1645.055821794709,1.01564368904459,1645.0183224472164,0.9915035588222209
1645.0669327120354,1.0078395985277941,1645.0669327120354,1.0014384043801365,1645.057210659258,0.9921153342558012,1645.019711312231,1.0257128121816717
1645.068321576584,1.0152810637530973,1645.068321576584,1.0014951716228213,1645.0585995238068,1.0090915216564975,1645.02110017678,1.0036810654341544
1645.069710441134,1.0218991189092583,1645.069710441134,1.0014882141507455,1645.0599883888224,1.0143838223477806,1645.022489041795,0.9959437283637904
1645.071099306149,1.002031345317297,1645.071099306149,1.0015647019654352,1645.0613772533711,0.9942831827502908,1645.023877906345,1.0119545343024094
1645.072488170699,1.0150673867940354,1645.072488170699,1.0016467309906074,1645.0627661179208,1.0004476657484154,1645.0252667708944,1.003751889907616
1645.0738770352484,1.0059558863478697,1645.0738770352484,1.0016734654350925,1645.064154982471,1.0129885027697705,1645.02665563591,0.9996961346102162
1645.0752658997974,0.9906581426276924,1645.0752658997974,1.0017699324487028,1645.0655438474869,0.9904027244789432,1645.0280445004594,1.008511415003274
1645.076654764812,0.9827242676468785,1645.076654764812,1.0017738732247128,1645.0669327120354,1.0092892794207915,1645.029433365474,1.0147403542962017
1645.0780436293624,0.9998059635822106,1645.0780436293624,1.0017285865444754,1645.068321576584,1.0167990831888087,1645.030822230023,0.9754141833279878
1645.0794324939127,1.0114203640373276,1645.0794324939127,1.001786967890653,1645.069710441134,1.0234199236386534,1645.0322110945733,1.0100450273259407
1645.0808213584617,0.992612174051135,1645.0808213584617,1.0019033092201655,1645.071099306149,1.0035992257327429,1645.0335999595889,1.0132369477939296
1645.0822102234763,0.9961462373888683,1645.0822102234763,1.0020046476293827,1645.072488170699,1.016738929717424,1645.0349888241376,1.0127214695484454
1645.083599088026,1.0079884654156868,1645.083599088026,1.0020063696775345,1645.0738770352484,1.0076393187529007,1645.0363776886873,1.0032893363901738
1645.0849879525747,1.0107251596040137,1645.0849879525747,1.0020182940480973,1645.0752658997974,0.9924115406199008,1645.0377665537023,0.9844179273867568
1645.0863768171246,0.9934815259525897,1645.0863768171246,1.002151362846015,1645.076654764812,0.9844674959125328,1645.0391554182522,1.016526198127635
1645.087765681675,1.0104936114820704,1645.087765681675,1.0021505590216546,1645.0780436293624,1.0015342147179451,1645.0405442828016,1.0035359742284973
1645.0891545466895,1.013260329197058,1645.0891545466895,1.0021276136872865,1645.0794324939127,1.0132277397518148,1645.0419331478172,1.0084791438276386
1645.0905434112383,0.9897557682750837,1645.0905434112383,1.0021815750830485,1645.0808213584617,0.994501421954055,1645.0433220123662,1.023441954094554
1645.091932275788,0.9933231907369533,1645.091932275788,1.0022787904452275,1645.0822102234763,0.9981431595821684,1645.0447108769151,0.9960024188752128
1645.0933211403385,1.0034882011489037,1645.0933211403385,1.0023349265103898,1645.083599088026,1.0100108629080014,1645.0460997419302,1.006965324492695
1645.0947100048882,0.9993936047531221,1645.0947100048882,1.0024086735119753,1645.0849879525747,1.0127651001779046,1645.04748860648,0.9962679891365755
1645.0960988699028,1.0060901180593942,1645.0960988699028,1.002522455351153,1645.0863768171246,0.9956188651957264,1645.0488774710295,0.995964640085602
1645.0974877344522,1.0090632083296325,1645.0974877344522,1.0025434113378897,1645.087765681675,1.0126667376345675,1645.050266336045,1.024664386227626
1645.0988765990012,1.0081081341311933,1645.0988765990012,1.0026675698271987,1645.0891545466895,1.0154161557422423,1645.0516552005945,0.9987025266265168
1645.1002654635502,1.0267570018513053,1645.1002654635502,1.0027771074704184,1645.0905434112383,0.9919149947974562,1645.0530440651437,1.0085827558155456
1645.1016543281005,1.0036885247837548,1645.1016543281005,1.002777924637711,1645.091932275788,0.9955867661330275,1645.054432929693,0.986389911359256
1645.1030431926508,1.0037750592909764,1645.1030431926508,1.0028480242252782,1645.0933211403385,1.0058312723526297,1645.055821794709,1.01564368904459
1645.1044320576657,1.0146887317902473,1645.1044320576657,1.0028213017566414,1645.0947100048882,1.0018008176569284,1645.057210659258,0.9921153342558012
1645.1058209222144,1.0154355748475261,1645.1058209222144,1.0027497734944297,1645.0960988699028,1.0086279354614351,1645.0585995238068,1.0090915216564975
1645.107209786764,1.0030465308733065,1645.107209786764,1.0027689908633595,1645.0974877344522,1.0116296711343455,1645.0599883888224,1.0143838223477806
1645.1085986513135,1.0052532174898845,1645.1085986513135,1.0028800816346262,1645.0988765990012,1.0107973329723552,1645.0613772533711,0.9942831827502908
1645.1099875158632,1.003268550534943,1645.1099875158632,1.0028971340362545,1645.1002654635502,1.029608416391451,1645.0627661179208,1.0004476657484154
1645.111376380413,1.0118313703847368,1645.111376380413,1.002915708136908,1645.1016543281005,1.0064766958653395,1645.064154982471,1.0129885027697705
1645.1127652454277,1.0257837383513781,1645.1127652454277,1.0029130147022365,1645.1030431926508,1.006633834976567,1645.0655438474869,0.9904027244789432
1645.1141541099769,1.0050497131210963,1645.1141541099769,1.002977315315521,1645.1044320576657,1.0175514748916914,1645.0669327120354,1.0092892794207915
1645.115542974526,1.0158984122227548,1645.115542974526,1.003020667752365,1645.1058209222144,1.0182277926765428,1645.068321576584,1.0167990831888087
1645.1169318390764,1.0062236235363904,1645.1169318390764,1.0030356617838563,1645.107209786764,1.0058239575528192,1645.069710441134,1.0234199236386534
1645.1183207036258,1.0167836424536822,1645.1183207036258,1.0030805313691684,1645.1085986513135,1.008148428819726,1645.071099306149,1.0035992257327429
1645.1197095681748,0.9939533071849888,1645.1197095681748,1.0031665978403284,1645.1099875158632,1.0061751540002015,1645.072488170699,1.016738929717424
1645.1210984327247,1.0136701197828852,1645.1210984327247,1.003174379532822,1645.111376380413,1.0147815753445464,1645.0738770352484,1.0076393187529007
1645.1224872972737,1.0206761275844076,1645.1224872972737,1.0031895404694402,1645.1127652454277,1.0287718614625108,1645.0752658997974,0.9924115406199008
1645.123876161823,1.0049531942315186,1645.123876161823,1.0032685435840771,1645.1141541099769,1.0080420630248317,1645.076654764812,0.9844674959125328
1645.125265026839,1.0214021611548298,1645.125265026839,1.0033659987891268,1645.115542974526,1.018967103796235,1645.0780436293624,1.0015342147179451
1645.126653891388,1.0271856313972936,1645.126653891388,1.0033890597688728,1645.1169318390764,1.009278178136373,1645.0794324939127,1.0132277397518148
1645.128042755937,1.0144387157835664,1645.128042755937,1.0033495016849603,1645.1183207036258,1.019915876359918,1645.0808213584617,0.994501421954055
1645.129431620487,1.0099330629451266,1645.129431620487,1.0033418586557563,1645.1197095681748,0.997100757580908,1645.0822102234763,0.9981431595821684
1645.1308204850363,0.9974394862407667,1645.1308204850363,1.0033919848771848,1645.1210984327247,1.0168878934641574,1645.083599088026,1.0100108629080014
1645.132209349586,1.0091089810976768,1645.132209349586,1.003408978963234,1645.1224872972737,1.0239316153995297,1645.0849879525747,1.0127651001779046
1645.1335982141356,1.0203550252212128,1645.1335982141356,1.0034753846463864,1645.123876161823,1.0082379275468218,1645.0863768171246,0.9956188651957264
1645.134987078685,1.0147101431141108,1645.134987078685,1.003570036647359,1645.125265026839,1.0248401995924885,1645.087765681675,1.0126667376345675
1645.136375943234,1.0122789206605403,1645.136375943234,1.0036433461770364,1645.126653891388,1.0306668248958264,1645.0891545466895,1.0154161557422423
1645.137764807783,1.0100845145541668,1645.137764807783,1.0036935708941794,1645.128042755937,1.0178365799713724,1645.0905434112383,0.9919149947974562
1645.1391536723334,0.9954942771867427,1645.1391536723334,1.0036624345527763,1645.129431620487,1.0133081164932642,1645.091932275788,0.9955867661330275
1645.1405425368832,1.0200235945838834,1645.1405425368832,1.0036324509936754,1645.1308204850363,1.0008227858940024,1645.0933211403385,1.0058312723526297
1645.141931401898,1.0107524588424026,1645.141931401898,1.0036883461293946,1645.132209349586,1.0125490123858494,1645.0947100048882,1.0018008176569284
1645.1433202664473,1.000659037464122,1645.1433202664473,1.0036957380121396,1645.1335982141356,1.0239011514097298,1645.0960988699028,1.0086279354614351
1645.1447091309972,0.989846410542096,1645.1447091309972,1.0037198265725382,1645.134987078685,1.018332695511475,1645.0974877344522,1.0116296711343455
1645.146097995546,1.0072063595821754,1645.146097995546,1.0037289851755087,1645.136375943234,1.0159670031962234,1645.0988765990012,1.0107973329723552
1645.1474868600956,1.0218247787252823,1645.1474868600956,1.0037047704634467,1645.137764807783,1.0138153333177855,1645.1002654635502,1.029608416391451
1645.148875724646,0.9880707723058577,1645.148875724646,1.003762691543744,1645.1391536723334,0.9991402098246024,1645.1016543281005,1.0064766958653395
1645.1502645891949,0.9966971330575046,1645.1502645891949,1.0037966344921285,1645.1405425368832,1.023728780303602,1645.1030431926508,1.006633834976567
1645.1516534537438,1.0070607708880228,1645.1516534537438,1.0038970790851494,1645.141931401898,1.0144804637617502,1645.1044320576657,1.0175514748916914
1645.1530423182933,1.0027700347563566,1645.1530423182933,1.0039722433461664,1645.1433202664473,1.0043572111060692,1645.1058209222144,1.0182277926765428
1645.1544311828432,0.9922680007109123,1645.1544311828432,1.0040558745381924,1645.1447091309972,0.993528467522762,1645.107209786764,1.0058239575528192
1645.1558200473926,1.0142260215006482,1645.1558200473926,1.0040818236959541,1645.146097995546,1.0109622171657353,1645.1085986513135,1.008148428819726
1645.1572089119425,1.006705385253798,1645.1572089119425,1.0041309419244724,1645.1474868600956,1.0256104049843218,1645.1099875158632,1.0061751540002015
1645.158597776492,1.0007047229462502,1645.158597776492,1.0041689870220307,1645.148875724646,0.9917885778454336,1645.111376380413,1.0147815753445464
1645.1599866410409,1.005705158527143,1645.1599866410409,1.0041677298876357,1645.1502645891949,1.0004812277710764,1645.1127652454277,1.0287718614625108
1645.1613755055898,0.99662892801182,1645.1613755055898,1.0041907739893143,1645.1516534537438,1.010985366355725,1645.1141541099769,1.0080420630248317
1645.1627643701402,1.0170080073550676,1645.1627643701402,1.0041546452421573,1645.1530423182933,1.0067532813546527,1645.115542974526,1.018967103796235
1645.1641532346898,0.9922598755534856,1645.1641532346898,1.0041311368398624,1645.1544311828432,0.9962925152300588,1645.1169318390764,1.009278178136373
1645.1655420992386,0.9896907435573818,1645.1655420992386,1.0041409935156584,1645.1558200473926,1.0183659133082628,1645.1183207036258,1.019915876359918
1645.1669309637884,0.9983660525922675,1645.1669309637884,1.004167633181659,1645.1572089119425,1.010864026735335,1645.1197095681748,0.997100757580908
1645.1683198283374,0.9876587967675252,1645.1683198283374,1.004125968580817,1645.158597776492,1.004876647949098,1645.1210984327247,1.0168878934641574
1645.1697086928868,1.0227021196938013,1645.1697086928868,1.0041208972643667,1645.1599866410409,1.009896665974486,1645.1224872972737,1.0239316153995297
1645.1710975574372,1.0097094542132852,1645.1710975574372,1.004135687742502,1645.1613755055898,1.0008055746003302,1645.123876161823,1.0082379275468218
1645.172486421987,1.009862648114954,1645.172486421987,1.0041457843283152,1645.1627643701402,1.021233314834061,1645.125265026839,1.0248401995924885
1645.173875286536,1.0116492089942657,1645.173875286536,1.004161317279484,1645.1641532346898,0.996359036880102,1645.126653891388,1.0306668248958264
1645.175264151085,1.0106722773957577,1645.175264151085,1.0041786410959854,1645.1655420992386,0.9937890465089602,1645.128042755937,1.0178365799713724
1645.1766530156344,1.0350046767439731,1645.1766530156344,1.0041918839198807,1645.1669309637884,1.0025268760804928,1645.129431620487,1.0133081164932642
1645.1780418801843,0.9914773902068524,1645.1780418801843,1.0041727347555478,1645.1683198283374,0.9917338459315556,1645.1308204850363,1.0008227858940024
1645.1794307447335,1.008356578859577,1645.1794307447335,1.0042001050817142,1645.1697086928868,1.0269165700611096,1645.132209349586,1.0125490123858494
1645.1808196092834,0.9954035182535821,1645.1808196092834,1.0042120654789555,1645.1710975574372,1.0138852972265635,1645.1335982141356,1.0239011514097298
1645.1822084733665,0.9996894024969312,1645.1822084733665,1.0041540508838278,1645.172486421987,1.01404932085526,1645.134987078685,1.018332695511475
1645.1835973379154,1.0180712895548738,1645.1835973379154,1.0041342765643761,1645.173875286536,1.01585900232843,1645.136375943234,1.0159670031962234
1645.1849862024658,1.0246451788585738,1645.1849862024658,1.0041402199790488,1645.175264151085,1.0148955141086569,1645.137764807783,1.0138153333177855
1645.186375067016,0.9954826412167803,1645.186375067016,1.0042239689297445,1645.1766530156344,1.0393432962054174,1645.1391536723334,0.9991402098246024
1645.187763931565,0.9910933846521425,1645.187763931565,1.0041975568597408,1645.1780418801843,0.9956145623723084,1645.1405425368832,1.023728780303602
1645.189152796114,0.9859426972588811,1645.189152796114,1.0041933365450928,1645.1794307447335,1.012591782450625,1645.141931401898,1.0144804637617502
1645.190541660664,0.9981288494734462,1645.190541660664,1.0041952964601468,1645.1808196092834,0.9995962230504488,1645.1433202664473,1.0043572111060692
1645.191930525213,1.0141183330617183,1645.191930525213,1.0041197959127972,1645.1822084733665,1.0038421631429268,1645.1447091309972,0.993528467522762
1645.1933193897623,0.9920622059958365,1645.1933193897623,1.004124671223605,1645.1835973379154,1.0222802778281448,1645.146097995546,1.0109622171657353
1645.194708254313,0.9926232885898832,1645.194708254313,1.00412087153286,1645.1849862024658,1.02888743529952,1645.1474868600956,1.0256104049843218
1645.1960971188626,1.0017893712341102,1645.1960971188626,1.0041281437743768,1645.186375067016,0.99968752896338,1645.148875724646,0.9917885778454336
1645.1974859834113,1.0009857197842271,1645.1974859834113,1.0041050348980527,1645.187763931565,0.9952535554875328,1645.1502645891949,1.0004812277710764
1645.1988748474944,1.0052259661175038,1645.1988748474944,1.0041076799055761,1645.189152796114,0.990077086802664,1645.1516534537438,1.010985366355725
1645.2002637120447,1.0320105658127565,1645.2002637120447,1.004110851917941,1645.190541660664,1.0023162959024126,1645.1530423182933,1.0067532813546527
1645.2016525765946,1.0134835592455047,1645.2016525765946,1.0041191706420292,1645.191930525213,1.0182962936253586,1645.1544311828432,0.9962925152300588
1645.2030414411436,1.0112009396056516,1645.2030414411436,1.0040658902446735,1645.1933193897623,0.9961541364289336,1645.1558200473926,1.0183659133082628
1645.204430305693,0.9895070920307871,1645.204430305693,1.0040355799963248,1645.194708254313,0.9967137616426872,1645.1572089119425,1.010864026735335
1645.205819170242,1.0028940354708564,1645.205819170242,1.0040541346548368,1645.1960971188626,1.005924901790207,1645.158597776492,1.004876647949098
1645.207208034791,0.9896156334549249,1645.207208034791,1.0040278083037437,1645.1974859834113,1.0050948010963938,1645.1599866410409,1.009896665974486
1645.2085968993413,1.009349931656847,1645.2085968993413,1.0040386651805229,1645.1988748474944,1.009355112619088,1645.1613755055898,1.0008055746003302
1645.2099857638916,0.9990151335333757,1645.2099857638916,1.0041078567397954,1645.2002637120447,1.036253008426563,1645.1627643701402,1.021233314834061
1645.211374627975,0.991636826052393,1645.211374627975,1.0040768907565591,1645.2016525765946,1.017658270968928,1645.1641532346898,0.996359036880102
1645.212763492524,1.0012636424843726,1645.212763492524,1.0039952970017905,1645.2030414411436,1.015312371641399,1645.1655420992386,0.9937890465089602
1645.214152357073,1.0040060865317084,1645.214152357073,1.0040348723273984,1645.204430305693,0.993500327057608,1645.1669309637884,1.0025268760804928
1645.2155412216232,1.0084546587093692,1645.2155412216232,1.0039940635819877,1645.205819170242,1.006959902935188,1645.1683198283374,0.9917338459315556
1645.2169300861726,1.0092373928429177,1645.2169300861726,1.004005496781423,1645.207208034791,0.9936016155208692,1645.1697086928868,1.0269165700611096
1645.2183189507225,0.9925499688833423,1645.2183189507225,1.003911789228684,1645.2085968993413,1.0134263580807927,1645.1710975574372,1.0138852972265635
1645.2197078148058,1.0204918870813615,1645.2197078148058,1.0039151657989207,1645.2099857638916,1.0031189445828184,1645.172486421987,1.01404932085526
1645.2210966793548,1.0142779318247819,1645.2210966793548,1.003810347128029,1645.211374627975,0.9956796210623896,1645.173875286536,1.01585900232843
1645.2224855439042,0.9908773623190739,1645.2224855439042,1.0038289512953602,1645.212763492524,1.0052639881131922,1645.175264151085,1.0148955141086569
1645.2238744084543,1.0120229256614341,1645.2238744084543,1.0038558099186803,1645.214152357073,1.0080571229067947,1645.1766530156344,1.0393432962054174
1645.2252632730044,1.0194990229486536,1645.2252632730044,1.0037845427515388,1645.2155412216232,1.012482490735806,1645.1780418801843,0.9956145623723084
1645.2266521375534,0.9997186519698659,1645.2266521375534,1.0037543525258583,1645.2169300861726,1.0132798899716418,1645.1794307447335,1.012591782450625
1645.2280410016372,0.9749923238627833,1645.2280410016372,1.0037145904020393,1645.2183189507225,0.9964326151605508,1645.1808196092834,0.9995962230504488
1645.229429866186,1.0092117001401761,1645.229429866186,1.003627554677251,1645.2197078148058,1.0244872820157385,1645.1822084733665,1.0038421631429268
1645.230818730735,1.0019963988086886,1645.230818730735,1.0037231402315645,1645.2210966793548,1.0181426828293336,1645.1835973379154,1.0222802778281448
1645.2322075952854,0.9953369308485616,1645.2322075952854,1.0038175521705988,1645.2224855439042,0.9946713834790686,1645.1849862024658,1.02888743529952
1645.2335964598349,0.99321313344196,1645.2335964598349,1.0037778107552244,1645.2238744084543,1.0159250936961313,1645.186375067016,0.99968752896338
1645.2349853239182,1.0175550551101615,1645.2349853239182,1.0037529920116102,1645.2252632730044,1.0233573605861548,1645.187763931565,0.9952535554875328
1645.236374188468,1.011064233233374,1645.236374188468,1.0037513082841394,1645.2266521375534,1.0034719482160366,1645.189152796114,0.990077086802664
1645.2377630530175,0.9941573964553727,1645.2377630530175,1.0037650817660893,1645.2280410016372,0.978614020991066,1645.190541660664,1.0023162959024126
1645.2391519175674,1.0086277096464364,1645.2391519175674,1.0036790666985562,1645.229429866186,1.0128726707633562,1645.191930525213,1.0182962936253586
1645.2405407821168,1.0291455190492775,1645.2405407821168,1.0036759057664801,1645.230818730735,1.005726971912976,1645.1933193897623,0.9961541364289336
1645.241929646201,1.0093750503755885,1645.241929646201,1.0036631017439224,1645.2322075952854,0.9991366815093996,1645.194708254313,0.9967137616426872
1645.2433185107498,0.9941164297104876,1645.2433185107498,1.0036094223993024,1645.2335964598349,0.9969653046997072,1645.1960971188626,1.005924901790207
1645.2447073752985,0.9983271701760688,1645.2447073752985,1.0035796332142952,1645.2349853239182,1.0213739311033636,1645.1974859834113,1.0050948010963938
1645.2460962398484,0.9711012411935664,1645.2460962398484,1.003570623932588,1645.236374188468,1.0148570468672993,1645.1988748474944,1.009355112619088
1645.247485103932,1.005027984213325,1645.247485103932,1.0035959839583477,1645.2377630530175,0.9979004803413896,1645.2002637120447,1.036253008426563
1645.248873968482,1.0036432766148706,1645.248873968482,1.0035426123597226,1645.2391519175674,1.0123385182642377,1645.2016525765946,1.017658270968928
1645.2502628330317,0.9969138322662913,1645.2502628330317,1.0035434784038137,1645.2405407821168,1.032928560997298,1645.2030414411436,1.015312371641399
1645.251651697581,1.0145084250305332,1645.251651697581,1.0035307952444037,1645.241929646201,1.013072493882891,1645.204430305693,0.993500327057608
1645.2530405616646,1.003000369654748,1645.2530405616646,1.0034889212905445,1645.2433185107498,0.9977046158193992,1645.205819170242,1.006959902935188
1645.254429426214,1.0099082946599984,1645.254429426214,1.0034875523782019,1645.2447073752985,1.0019008152731643,1645.207208034791,0.9936016155208692
1645.2558182907644,1.0073858615584526,1645.2558182907644,1.0033973939604017,1645.2460962398484,0.974568678526338,1645.2085968993413,1.0134263580807927
1645.2572071553134,0.9972742924588035,1645.2572071553134,1.0033648123840913,1645.247485103932,1.0086420487222465,1645.2099857638916,1.0031189445828184
1645.2585960193967,1.0182017588404078,1645.2585960193967,1.0033144208995686,1645.248873968482,1.007198795691359,1645.211374627975,0.9956796210623896
1645.2599848839463,0.9980999060846484,1645.2599848839463,1.0033279841987384,1645.2502628330317,1.00044637490139,1645.212763492524,1.0052639881131922
1645.261373748495,0.9988375395900623,1645.261373748495,1.0033732998686113,1645.251651697581,1.0180904465530385,1645.214152357073,1.0080571229067947
1645.262762613045,1.00675919523651,1645.262762613045,1.0033208713922008,1645.2530405616646,1.0064997589988605,1645.2155412216232,1.012482490735806
1645.2641514771296,1.008651565974284,1645.2641514771296,1.0032667882985469,1645.254429426214,1.0134304027348058,1645.2169300861726,1.0132798899716418
1645.265540341679,0.9851782994483589,1645.265540341679,1.0032465164912232,1645.2558182907644,1.0108083482003054,1645.2183189507225,0.9964326151605508
1645.266929206228,1.0070349765597397,1645.266929206228,1.003272563719169,1645.2572071553134,1.0006299333484048,1645.2197078148058,1.0244872820157385
1645.2683180703114,0.9955693964854805,1645.2683180703114,1.00320758118938,1645.2585960193967,1.021576508029886,1645.2210966793548,1.0181426828293336
1645.2697069348617,1.0005344625526542,1645.2697069348617,1.0031984205687994,1645.2599848839463,1.0014215668008604,1645.2224855439042,0.9946713834790686
1645.2710957994116,1.0009614645146594,1645.2710957994116,1.003080829785086,1645.261373748495,1.0022069181311255,1645.2238744084543,1.0159250936961313
1645.2724846634949,1.0078170824921033,1645.2724846634949,1.0030216029940022,1645.262762613045,1.010102513046806,1645.2252632730044,1.0233573605861548
1645.2738735280443,1.013487581873395,1645.2738735280443,1.0029907908056355,1645.2641514771296,1.01194661710732,1645.2266521375534,1.0034719482160366
1645.2752623925933,0.9953046881075187,1645.2752623925933,1.0029421286392077,1645.265540341679,0.9883766970443132,1645.2280410016372,0.978614020991066
1645.2766512566766,1.0082250141029059,1645.2766512566766,1.0029109323113419,1645.266929206228,1.0103305626879635,1645.229429866186,1.0128726707633562
1645.278040121227,1.010498993777936,1645.278040121227,1.0028811942160625,1645.2683180703114,0.9987627661543697,1645.230818730735,1.005726971912976
1645.2794289857773,1.0085169254646342,1645.2794289857773,1.0028023958896224,1645.2697069348617,1.0037345925574752,1645.2322075952854,0.9991366815093996
1645.2808178498606,1.007189263137376,1645.2808178498606,1.0027094380908108,1645.2710957994116,1.0040452564082594,1645.2335964598349,0.9969653046997072
1645.2822067144095,0.9854705268014542,1645.2822067144095,1.0027035466184289,1645.2724846634949,1.010862305605968,1645.2349853239182,1.0213739311033636
1645.283595578959,0.9898539461950024,1645.283595578959,1.0026026755648507,1645.2738735280443,1.0165187112148877,1645.236374188468,1.0148570468672993
1645.2849844430432,1.012883106292989,1645.2849844430432,1.002604229604444,1645.2752623925933,0.9982330025351376,1645.2377630530175,0.9979004803413896
1645.2863733075926,0.9969240974038103,1645.2863733075926,1.0024969359832443,1645.2766512566766,1.0111598888735611,1645.2391519175674,1.0123385182642377
1645.2877621721425,1.018583736157075,1645.2877621721425,1.0024433328839595,1645.278040121227,1.013410437634146,1645.2405407821168,1.032928560997298
1645.2891510362265,0.9893000414876166,1645.2891510362265,1.0024665647632325,1645.2794289857773,1.0113431891511708,1645.241929646201,1.013072493882891
1645.2905399007752,0.993628781329663,1645.2905399007752,1.0023672054117754,1645.2808178498606,1.0099181800915762,1645.2433185107498,0.9977046158193992
1645.2919287653242,1.0032505350879564,1645.2919287653242,1.0024105132509733,1645.2822067144095,0.9881347923117496,1645.2447073752985,1.0019008152731643
1645.2933176294089,1.0248142875621258,1645.2933176294089,1.0023498181248707,1645.283595578959,0.9924302148735352,1645.2460962398484,0.974568678526338
1645.2947064939583,1.0056975323068489,1645.2947064939583,1.0022308759925547,1645.2849844430432,1.0155208864642384,1645.247485103932,1.0086420487222465
1645.2960953585073,1.0059898646376038,1645.2960953585073,1.0021938729716773,1645.2863733075926,0.9994133530551812,1645.248873968482,1.007198795691359
1645.2974842225915,1.00782638212608,1645.2974842225915,1.0021144055130855,1645.2877621721425,1.021072475294694,1645.2502628330317,1.00044637490139
1645.2988730871405,1.0091602283997352,1645.2988730871405,1.0021231517131544,1645.2891510362265,0.9917402141102144,1645.251651697581,1.0180904465530385
1645.3002619512242,0.9898456045946752,1645.3002619512242,1.0020878371194462,1645.2905399007752,0.9959809047581224,1645.2530405616646,1.0064997589988605
1645.3016508157746,0.9942306449105336,1645.3016508157746,1.0020000028788005,1645.2919287653242,1.005668883796832,1645.254429426214,1.0134304027348058
1645.3030396803244,0.9964013191166178,1645.3030396803244,1.0019582630167565,1645.2933176294089,1.0272224147496656,1645.2558182907644,1.0108083482003054
1645.3044285444078,0.996594721114658,1645.3044285444078,1.0018679588767991,1645.2947064939583,1.0079411187874436,1645.2572071553134,1.0006299333484048
1645.3058174089567,1.027436222403649,1645.3058174089567,1.0018799162455814,1645.2960953585073,1.0081968786114135,1645.2585960193967,1.021576508029886
1645.3072062730405,0.9832768023338833,1645.3072062730405,1.0017738736223711,1645.2974842225915,1.0099573357846805,1645.2599848839463,1.0014215668008604
1645.30859513759,1.0038819213069667,1645.30859513759,1.0017601645688616,1645.2988730871405,1.0113028286675094,1645.261373748495,1.0022069181311255
1645.3099840021398,0.9874386985739418,1645.3099840021398,1.00168635848527,1645.3002619512242,0.9919122409904686,1645.262762613045,1.010102513046806
1645.3113728662236,0.9978913133535392,1645.3113728662236,1.001581828325153,1645.3016508157746,0.9962191090625464,1645.2641514771296,1.01194661710732
1645.3127617307723,1.0104777304427806,1645.3127617307723,1.0016079730767529,1645.3030396803244,0.9983525349696912,1645.265540341679,0.9883766970443132
1645.3141505948558,0.9900828933423347,1645.3141505948558,1.001597346070605,1645.3044285444078,0.9984563190705352,1645.266929206228,1.0103305626879635
1645.3155394594062,1.007178343652261,1645.3155394594062,1.001492576816118,1645.3058174089567,1.0293677164494444,1645.2683180703114,0.9987627661543697
1645.3169283234909,0.994598574917066,1645.3169283234909,1.0014749763803414,1645.3072062730405,0.9850210111170328,1645.2697069348617,1.0037345925574752
1645.3183171880398,1.0050342385945477,1645.3183171880398,1.0013747804314217,1645.30859513759,1.005648918696172,1645.2710957994116,1.0040452564082594
1645.3197060525888,0.9864466445175879,1645.3197060525888,1.0012676454454237,1645.3099840021398,0.989103874201966,1645.2724846634949,1.010862305605968
1645.321094916673,1.0144915787710147,1645.321094916673,1.0011443052437698,1645.3113728662236,0.999469806098426,1645.2738735280443,1.0165187112148877
1645.322483781222,1.0140922805363601,1645.322483781222,1.0010929022672879,1645.3127617307723,1.0121025514279909,1645.2752623925933,0.9982330025351376
1645.3238726453058,0.999974472556092,1645.3238726453058,1.0010397294651814,1645.3141505948558,0.9916643983615882,1645.2766512566766,1.0111598888735611
1645.325261509856,1.0102195483928793,1645.325261509856,1.0009466724191969,1645.3155394594062,1.0086816346976926,1645.278040121227,1.013410437634146
1645.3266503739394,0.9998228134900758,1645.3266503739394,1.0009211357788046,1645.3169283234909,0.99606558432299,1645.2794289857773,1.0113431891511708
1645.3280392384884,0.992692369506594,1645.3280392384884,1.0009788762764324,1645.3183171880398,1.0064159399986763,1645.2808178498606,1.0099181800915762
1645.329428102572,1.0029580564045009,1645.329428102572,1.0009607808711825,1645.3197060525888,0.987697109113664,1645.2822067144095,0.9881347923117496
1645.3308169671225,1.0149836958343692,1645.3308169671225,1.0008451732126378,1645.321094916673,1.0156524668043627,1645.283595578959,0.9924302148735352
1645.3322058312067,1.0091982157591923,1645.3322058312067,1.0008228917023352,1645.322483781222,1.0152005842889975,1645.2849844430432,1.0155208864642384
1645.3335946957557,0.9772006069614652,1645.3335946957557,1.0008260660715036,1645.3238726453058,1.0010141754796378,1645.2863733075926,0.9994133530551812
1645.3349835598394,0.9940345695456367,1645.3349835598394,1.0007539595437405,1645.325261509856,1.0111758953766763,1645.2877621721425,1.021072475294694
1645.3363724243884,1.0243175151658852,1645.3363724243884,1.0007061111849056,1645.3266503739394,1.0007437860560466,1645.2891510362265,0.9917402141102144
1645.3377612884717,0.9865953290658313,1645.3377612884717,1.0006660545174404,1645.3280392384884,0.9936640925168996,1645.2905399007752,0.9959809047581224
1645.339150153022,0.9928075034904834,1645.339150153022,1.0005542141826238,1645.329428102572,1.0039216793196926,1645.2919287653242,1.005668883796832
1645.340539017106,1.0010221415614733,1645.340539017106,1.0004407981249268,1645.3308169671225,1.0158415328653525,1645.2933176294089,1.0272224147496656
1645.3419278816548,1.0072675935762594,1645.3419278816548,1.0004165452911677,1645.3322058312067,1.010028676596952,1645.2947064939583,1.0079411187874436
1645.343316745739,1.0078246379675013,1645.343316745739,1.0003901853629866,1645.3335946957557,0.9780078392279288,1645.2960953585073,1.0081968786114135
1645.3447056102884,1.0079160123398996,1645.3447056102884,1.0003005178246065,1645.3349835598394,0.9947840313961536,1645.2974842225915,1.0099573357846805
1645.3460944743726,1.0201171007048457,1645.3460944743726,1.0003353891392166,1645.3363724243884,1.0250407972202384,1645.2988730871405,1.0113028286675094
1645.347483338922,0.9990244973672991,1645.347483338922,1.000338498634326,1645.3377612884717,0.9872524553416412,1645.3002619512242,0.9919122409904686
1645.3488722030063,1.0166864658120487,1645.3488722030063,1.0002731163366625,1645.339150153022,0.9933577314895332,1645.3016508157746,0.9962191090625464
1645.3502610675553,1.026772199217197,1645.3502610675553,1.000173544858455,1645.340539017106,1.0014633902444838,1645.3030396803244,0.9983525349696912
1645.3516499316386,0.980087942966576,1645.3516499316386,1.000053527445359,1645.3419278816548,1.0076871661493094,1645.3044285444078,0.9984563190705352
1645.353038796188,1.0165164611204374,1645.353038796188,0.9999746996150571,1645.343316745739,1.0082178763896936,1645.3058174089567,1.0293677164494444
1645.3544276602722,0.9912885221137591,1645.3544276602722,0.9998857358722413,1645.3447056102884,1.008218909067314,1645.3072062730405,0.9850210111170328
1645.3558165248216,0.9947240446116614,1645.3558165248216,0.9997766291299901,1645.3460944743726,1.0204592369011514,1645.30859513759,1.005648918696172
1645.3572053889056,0.9958219381829848,1645.3572053889056,0.9996460541761344,1645.347483338922,0.9993626657953162,1645.3099840021398,0.989103874201966
1645.3585942534553,1.0159316417889812,1645.3585942534553,0.9995551961391578,1645.3488722030063,1.0169641394951257,1645.3113728662236,0.999469806098426
1645.3599831175386,0.9960671005375754,1645.3599831175386,0.9994644625394828,1645.3502610675553,1.0269503902531756,1645.3127617307723,1.0121025514279909
1645.3613719816224,0.9944317841284616,1645.3613719816224,0.9993809230137317,1645.3516499316386,0.9801404045703902,1645.3141505948558,0.9916643983615882
1645.3627608461727,0.9815211414763013,1645.3627608461727,0.99925952302796,1645.353038796188,1.0164907428626702,1645.3155394594062,1.0086816346976926
1645.364149710256,1.0070274848474863,1645.364149710256,0.9991355004389882,1645.3544276602722,0.9911752533954225,1645.3169283234909,0.99606558432299
1645.365538574805,1.0077142204543523,1645.365538574805,0.9990441967094176,1645.3558165248216,0.9945018522363968,1645.3183171880398,1.0064159399986763
1645.3669274388892,0.9956401057553002,1645.3669274388892,0.9989219327992571,1645.3572053889056,0.9954694711666512,1645.3197060525888,0.987697109113664
1645.3683163034382,1.0024881236866263,1645.3683163034382,0.9988328212678452,1645.3585942534553,1.0154797514723617,1645.321094916673,1.0156524668043627
1645.369705167522,1.0153603667867952,1645.369705167522,0.998770234654791,1645.3599831175386,0.9955336692920488,1645.322483781222,1.0152005842889975
1645.3710940316066,0.9955892936614092,1645.3710940316066,0.9987141204487711,1645.3613719816224,0.993816154296494,1645.3238726453058,1.0010141754796378
1645.3724828961565,0.9959174759055283,1645.3724828961565,0.9986360354642477,1645.3627608461727,0.9807943476734676,1645.325261509856,1.0111758953766763
1645.3738717602396,1.0098713552011032,1645.3738717602396,0.9985208432752968,1645.364149710256,1.006156910028909,1645.3266503739394,1.0007437860560466
1645.3752606247883,1.0189005234099002,1645.3752606247883,0.9984152478098293,1645.365538574805,1.0067510438864753,1645.3280392384884,0.9936640925168996
1645.3766494888723,0.9966193495956733,1645.3766494888723,0.9983017081504636,1645.3669274388892,0.9945667388135412,1645.329428102572,1.0039216793196926
1645.3780383529563,0.9917527901010402,1645.3780383529563,0.9982220279077931,1645.3683163034382,1.0013180408694216,1645.3308169671225,1.0158415328653525
1645.3794272175062,1.001964288850713,1645.3794272175062,0.9981005423253564,1645.369705167522,1.0141117117948222,1645.3322058312067,1.010028676596952
1645.38081608159,0.9650660194945355,1645.38081608159,0.9979915464556073,1645.3710940316066,0.9943090857472676,1645.3335946957557,0.9780078392279288
1645.382204946139,1.0269955876040655,1645.382204946139,0.9979418249636088,1645.3724828961565,0.9945590797878572,1645.3349835598394,0.9947840313961536
1645.3835938102222,1.0073420352230984,1645.3835938102222,0.9978342419738991,1645.3738717602396,1.0083775971949722,1645.3363724243884,1.0250407972202384
1645.384982674307,1.0192806598389283,1645.384982674307,0.9977177583992467,1645.3752606247883,1.0172858185738602,1645.3377612884717,0.9872524553416412
1645.3863715388572,1.0092752287395288,1645.3863715388572,0.9976061059857685,1645.3766494888723,0.9949267990771647,1645.339150153022,0.9933577314895332
1645.3877604029406,1.0050374970627882,1645.3877604029406,0.9975427204352345,1645.3780383529563,0.9899894813178722,1645.340539017106,1.0014633902444838
1645.389149267024,0.9822254105090459,1645.389149267024,0.9974222849951074,1645.3794272175062,1.0000611000925366,1645.3419278816548,1.0076871661493094
1645.3905381315733,0.993213163670963,1645.3905381315733,0.9973716316783721,1645.38081608159,0.9631277292271088,1645.343316745739,1.0082178763896936
1645.3919269956566,1.009632355506443,1645.3919269956566,0.9973200577321502,1645.382204946139,1.024881850923175,1645.3447056102884,1.008218909067314
1645.3933158597408,0.995274553991576,1645.3933158597408,0.9972194560543853,1645.3835938102222,1.0051603761252852,1645.3460944743726,1.0204592369011514
1645.3947047242912,0.9987899026328754,1645.3947047242912,0.9971444323196662,1645.384982674307,1.0169544151142007,1645.347483338922,0.9993626657953162
1645.3960935883745,0.9975662852791213,1645.3960935883745,0.9971233979729462,1645.3863715388572,1.006859130810737,1645.3488722030063,1.0169641394951257
1645.3974824524578,1.0058026443305736,1645.3974824524578,0.9970989742226138,1645.3877604029406,1.0025678389594328,1645.3502610675553,1.0269503902531756
1645.3988713170072,1.0105857188223313,1645.3988713170072,0.9969858534480948,1645.389149267024,0.97969351333019,1645.3516499316386,0.9801404045703902
1645.400260181092,1.011086203296671,1645.400260181092,0.9970071113584412,1645.3905381315733,0.9906026336549464,1645.353038796188,1.0164907428626702
1645.401649045176,1.019350807668295,1645.401649045176,0.9969510914092328,1645.3919269956566,1.0069265990819325,1645.3544276602722,0.9911752533954225
1645.403037909725,1.0113418698779975,1645.403037909725,0.996855901872049,1645.3933158597408,0.9925071493562504,1645.3558165248216,0.9945018522363968
1645.4044267738088,1.0169826458792053,1645.4044267738088,0.9967699884452196,1645.3947047242912,0.9959377904674732,1645.3572053889056,0.9954694711666512
1645.405815637892,1.001000593541936,1645.405815637892,0.9967086924420441,1645.3960935883745,0.9946966840807668,1645.3585942534553,1.0154797514723617
1645.4072045024411,1.0091399535917147,1645.4072045024411,0.9965804936608965,1645.3974824524578,1.0028847849324074,1645.3599831175386,0.9955336692920488
1645.4085933665258,1.0050441600920281,1645.4085933665258,0.9964592069916117,1645.3988713170072,1.0075396653625384,1645.3613719816224,0.993816154296494
1645.4099822306105,1.0033718435444179,1645.4099822306105,0.9964917963309581,1645.400260181092,1.0080601348831877,1645.3627608461727,0.9807943476734676
1645.4113710951594,1.0028932783921887,1645.4113710951594,0.9964037185285697,1645.401649045176,1.0162429002337896,1645.364149710256,1.006156910028909
1645.4127599592427,0.9857835349149247,1645.4127599592427,0.9963939364973083,1645.403037909725,1.0081621117981956,1645.365538574805,1.0067510438864753
1645.4141488233265,0.9907749732687107,1645.4141488233265,0.9962649755393999,1645.4044267738088,1.0136977801820042,1645.3669274388892,0.9945667388135412
1645.4155376874107,0.9809635880916306,1645.4155376874107,0.9963057841003979,1645.405815637892,0.997705992722893,1645.3683163034382,1.0013180408694216
1645.4169265519602,1.0041519607154068,1645.4169265519602,0.9962843686268426,1645.4072045024411,1.0056891931233654,1645.369705167522,1.0141117117948222
1645.4183154160444,0.9869316288253597,1645.4183154160444,0.9963124030125889,1645.4085933665258,1.0014855067568529,1645.3710940316066,0.9943090857472676
1645.4197042801277,0.9825288042810214,1645.4197042801277,0.996310684193428,1645.4099822306105,0.999851810761482,1645.3724828961565,0.9945590797878572
1645.4210931446762,0.9990759267308625,1645.4210931446762,0.9962145772888601,1645.4113710951594,0.9992865918772847,1645.3738717602396,1.0083775971949722
1645.4224820087604,0.997624074785613,1645.4224820087604,0.9961207298850446,1645.4127599592427,0.9822287368881136,1645.3752606247883,1.0172858185738602
1645.423870872845,0.9793632135488197,1645.423870872845,0.996056681503427,1645.4141488233265,0.9870744045086016,1645.3766494888723,0.9949267990771647
1645.4252597369289,0.9786980870268255,1645.4252597369289,0.995935996166658,1645.4155376874107,0.9773396968075718,1645.3780383529563,0.9899894813178722
1645.4266486014778,0.9788973173213854,1645.4266486014778,0.9958329019590839,1645.4169265519602,1.0004209021867552,1645.3794272175062,1.0000611000925366
1645.428037465562,0.9850311127469451,1645.428037465562,0.9957667335136936,1645.4183154160444,0.9832922227241226,1645.38081608159,0.9631277292271088
1645.4294263296454,1.0052054635897028,1645.4294263296454,0.9957526818765084,1645.4197042801277,0.9789039452329752,1645.382204946139,1.024881850923175
1645.4308151937291,1.0042467591226025,1645.4308151937291,0.9956496018418579,1645.4210931446762,0.9952940020276624,1645.3835938102222,1.0051603761252852
1645.4322040582797,0.9917144094006961,1645.4322040582797,0.9955968275673057,1645.4224820087604,0.9937540215263372,1645.384982674307,1.0169544151142007
1645.4335929223628,0.9983112100386384,1645.4335929223628,0.995515787448944,1645.423870872845,0.9755012724739694,1645.3863715388572,1.006859130810737
1645.434981786446,0.9987329857345999,1645.434981786446,0.9954219381915935,1645.4252597369289,0.974720654249464,1645.3877604029406,1.0025678389594328
1645.43637065053,1.019096149948724,1645.43637065053,0.9953241249387931,1645.4266486014778,0.9748181562281174,1645.389149267024,0.97969351333019
1645.437759514614,1.012320998741947,1645.437759514614,0.9952627489115443,1645.428037465562,0.9808612135493844,1645.3905381315733,0.9906026336549464
1645.4391483791635,0.9860418184905757,1645.4391483791635,0.9953183195767367,1645.4294263296454,1.0009360362063655,1645.3919269956566,1.0069265990819325
1645.4405372432475,1.0089502959957184,1645.4405372432475,0.9954036486775129,1645.4308151937291,0.9998778858713954,1645.3933158597408,0.9925071493562504
1645.4419261073317,0.9956071722787242,1645.4419261073317,0.9953371901311039,1645.4322040582797,0.9873477198521172,1645.3947047242912,0.9959377904674732
1645.4433149714148,0.9793564782445444,1645.4433149714148,0.9952777943339373,1645.4335929223628,0.9938345703807232,1645.3960935883745,0.9946966840807668
1645.4447038359638,0.9982452884826701,1645.4447038359638,0.9952578186992109,1645.434981786446,0.9941607243958126,1645.3974824524578,1.0028847849324074
1645.4460927000484,0.9965950628121367,1645.4460927000484,0.9952042937422514,1645.43637065053,1.0143309836762069,1645.3988713170072,1.0075396653625384
1645.4474815641329,1.0007339846378134,1645.4474815641329,0.9950967361317018,1645.437759514614,1.0075253799887902,1645.400260181092,1.0080601348831877
1645.448870428216,0.9936756224344602,1645.448870428216,0.9950804508778356,1645.4391483791635,0.9814254858124294,1645.401649045176,1.0162429002337896
1645.4502592922995,0.9948639136426721,1645.4502592922995,0.9950679651426199,1645.4405372432475,1.0043128059683948,1645.403037909725,1.0081621117981956
1645.451648156384,1.00133501588679,1645.451648156384,0.9950513671057187,1645.4419261073317,0.9909648453302792,1645.4044267738088,1.0136977801820042
1645.4530370209327,0.9943212123411502,1645.4530370209327,0.9950421077608176,1645.4433149714148,0.9747317555338828,1645.405815637892,0.997705992722893
1645.4544258850167,0.9948323799695679,1645.4544258850167,0.9949999407713617,1645.4447038359638,0.9935114283420268,1645.4072045024411,1.0056891931233654
1645.4558147491014,1.0043312038376997,1645.4558147491014,0.9950148446098215,1645.4460927000484,0.9918156856329672,1645.4085933665258,1.0014855067568529
1645.457203613185,0.991267821769034,1645.457203613185,0.9950101020193534,1645.4474815641329,0.9958271218491608,1645.4099822306105,0.999851810761482
1645.458592477268,0.9747933966805536,1645.458592477268,0.9949790383135839,1645.448870428216,0.9887871863983966,1645.4113710951594,0.9992865918772847
1645.4599813413515,1.0152832811138162,1645.4599813413515,0.9948928963538056,1645.4502592922995,0.9899572101422368,1645.4127599592427,0.9822287368881136
1645.4613702059016,0.9863298257863751,1645.4613702059016,0.9948100881954396,1645.451648156384,0.996379776488977,1645.4141488233265,0.9870744045086016
1645.4627590699854,0.9997199383819825,1645.4627590699854,0.9948149703704395,1645.4530370209327,0.9893914749192296,1645.4155376874107,0.9773396968075718
1645.4641479340696,1.0120390052324804,1645.4641479340696,0.9947958611994621,1645.4544258850167,0.9898581591471528,1645.4169265519602,1.0004209021867552
1645.4655367981534,1.002076154408912,1645.4655367981534,0.9946810933937484,1645.4558147491014,0.9993244567233638,1645.4183154160444,0.9832922227241226
1645.4669256622367,1.0105483358341756,1645.4669256622367,0.9945706897660631,1645.457203613185,0.9863214964669088,1645.4197042801277,0.9789039452329752
1645.46831452632,0.9931384858697991,1645.46831452632,0.9944459027691658,1645.458592477268,0.9698989963836492,1645.4210931446762,0.9952940020276624
1645.469703390405,0.9966990260135558,1645.469703390405,0.9944963551217136,1645.4599813413515,1.0100981241669196,1645.4224820087604,0.9937540215263372
1645.471092254954,0.9860392582443169,1645.471092254954,0.9944465840623009,1645.4613702059016,0.9812108609803364,1645.423870872845,0.9755012724739694
1645.4724811190374,1.0151644963284316,1645.4724811190374,0.994405909462115,1645.4627590699854,0.9945363608802096,1645.4252597369289,0.974720654249464
1645.4738699831216,1.013637864164275,1645.4738699831216,0.9943673357754289,1645.4641479340696,1.0067722137776922,1645.4266486014778,0.9748181562281174
1645.475258847205,0.994863062397766,1645.475258847205,0.9942447232729622,1645.4655367981534,0.9967462049312594,1645.428037465562,0.9808612135493844
1645.4766477112887,0.9984110751684044,1645.4766477112887,0.9942575999225304,1645.4669256622367,1.0050617554125432,1645.4294263296454,1.0009360362063655
1645.4780365753734,0.9931287299608302,1645.4780365753734,0.9941830648128285,1645.46831452632,0.9876224981555948,1645.4308151937291,0.9998778858713954
1645.4794254394576,0.9864302825377264,1645.4794254394576,0.994200341619398,1645.469703390405,0.9912135485238432,1645.4322040582797,0.9873477198521172
1645.480814303541,1.027272027115583,1645.480814303541,0.9940707539998732,1645.471092254954,0.980563372112386,1645.4335929223628,0.9938345703807232
1645.4822031676242,1.0200813418884305,1645.4822031676242,0.9939772231126885,1645.4724811190374,1.009485574225124,1645.434981786446,0.9941607243958126
1645.4835920321736,0.9895771590515214,1645.4835920321736,0.9939892394889817,1645.4738699831216,1.0079283824301262,1645.43637065053,1.0143309836762069
1645.4849808962576,0.9880966609084283,1645.4849808962576,0.9939054898807725,1645.475258847205,0.9891373501681586,1645.437759514614,1.0075253799887902
1645.4863697603416,0.9983938368333319,1645.4863697603416,0.9939169717636159,1645.4766477112887,0.9926777993330108,1645.4391483791635,0.9814254858124294
1645.4877586244254,1.0069319482983166,1645.4877586244254,0.9938093989254879,1645.4780365753734,0.9873517645061302,1645.4405372432475,1.0043128059683948
1645.4891474885087,0.9859625981465456,1645.4891474885087,0.9938484309098446,1645.4794254394576,0.9807093238827268,1645.4419261073317,0.9909648453302792
1645.490536352592,0.9941878103383932,1645.490536352592,0.9937407264196182,1645.480814303541,1.021181078557766,1645.4433149714148,0.9747317555338828
1645.4919252166767,0.992976003363783,1645.4919252166767,0.9937682333098429,1645.4822031676242,1.0139376195593273,1645.4447038359638,0.9935114283420268
1645.4933140807614,0.9975645696984762,1645.4933140807614,0.9937676181019437,1645.4835920321736,0.9836290477412888,1645.4460927000484,0.9918156856329672
1645.494702944845,0.9970981994814224,1645.494702944845,0.9937157110216273,1645.4849808962576,0.982074695809747,1645.4474815641329,0.9958271218491608
1645.496091808928,0.9910159420477095,1645.496091808928,0.9937135712136994,1645.4863697603416,0.992320578932843,1645.448870428216,0.9887871863983966
1645.4974806730122,1.012471261173524,1645.4974806730122,0.9938278541018991,1645.4877586244254,1.0006984342972205,1645.4502592922995,0.9899572101422368
1645.4988695370955,0.9930979355635134,1645.4988695370955,0.9938114690642611,1645.4891474885087,0.979897381103738,1645.451648156384,0.996379776488977
1645.5002584011793,1.0018628049257121,1645.5002584011793,0.9938072681533165,1645.490536352592,0.9879649168432044,1645.4530370209327,0.9893914749192296
1645.501647265264,0.9911747618225517,1645.501647265264,0.9937878108741711,1645.4919252166767,0.9867880085818952,1645.4544258850167,0.9898581591471528
1645.5030361293473,1.0033754665604468,1645.5030361293473,0.9937830223326745,1645.4933140807614,0.991347366332145,1645.4558147491014,0.9993244567233638
1645.5044249934306,0.9993262422350788,1645.5044249934306,0.9937895308805793,1645.494702944845,0.990832146256066,1645.457203613185,0.9863214964669088
1645.5058138575143,0.9827115401434946,1645.5058138575143,0.9937733654849091,1645.496091808928,0.984785990901938,1645.458592477268,0.9698989963836492
1645.507202721599,0.9778060666339451,1645.507202721599,0.9937101766305539,1645.4974806730122,1.0062221408319267,1645.4599813413515,1.0100981241669196
1645.508591586149,0.9936249927109737,1645.508591586149,0.9936866099439993,1645.4988695370955,0.9869521182670602,1645.4613702059016,0.9812108609803364
1645.5099804502322,1.0031720861581697,1645.5099804502322,0.9936995236008082,1645.5002584011793,0.995658537227641,1645.4627590699854,0.9945363608802096
1645.511369314316,1.0263791818955212,1645.511369314316,0.9936952631815807,1645.501647265264,0.9850173967453616,1645.4641479340696,1.0067722137776922
1645.5127581783993,1.0061580403645738,1645.5127581783993,0.9935998811178309,1645.5030361293473,0.9971375036928982,1645.4655367981534,0.9967462049312594
1645.5141470424826,0.9962511454912851,1645.5141470424826,0.993600146774452,1645.5044249934306,0.9931199574674512,1645.4669256622367,1.0050617554125432
1645.5155359065673,0.99828391153455,1645.5155359065673,0.9934919489030328,1645.5058138575143,0.976592554549259,1645.46831452632,0.9876224981555948
1645.5169247706513,1.0027145523363434,1645.5169247706513,0.9935397350295858,1645.507202721599,0.9716558391852448,1645.469703390405,0.9912135485238432
1645.5183136347343,0.9955677530466233,1645.5183136347343,0.9934973171085787,1645.508591586149,0.9873518505625984,1645.471092254954,0.980563372112386
1645.5197024988186,0.9939807183859014,1645.5197024988186,0.9934530639452634,1645.5099804502322,0.996851624105002,1645.4724811190374,1.009485574225124
1645.5210913629023,0.9912199341918868,1645.5210913629023,0.9934678269785816,1645.511369314316,1.0199081312777656,1645.4738699831216,1.0079283824301262
1645.5224802265209,0.9962317922481942,1645.5224802265209,0.9934413292644945,1645.5127581783993,0.9997185092919902,1645.475258847205,0.9891373501681586
1645.5238690906046,0.9846810141617819,1645.5238690906046,0.9933809316907848,1645.5141470424826,0.9898752843843568,1645.4766477112887,0.9926777993330108
1645.5252579546889,0.9691865116411261,1645.5252579546889,0.9932629837899528,1645.5155359065673,0.9917870288290028,1645.4780365753734,0.9873517645061302
1645.5266468187722,0.9735717190152834,1645.5266468187722,0.9932985154598353,1645.5169247706513,0.9962367506385604,1645.4794254394576,0.9807093238827268
1645.5280356828555,0.9990144214305249,1645.5280356828555,0.9932818947056985,1645.5183136347343,0.9890938916516362,1645.480814303541,1.021181078557766
1645.5294245469393,0.9955336026010346,1645.5294245469393,0.9932044719584898,1645.5197024988186,0.9874731901829878,1645.4822031676242,1.0139376195593273
1645.5308134110237,0.998959145939851,1645.5308134110237,0.9932042771564564,1645.5210913629023,0.9847451140794664,1645.4835920321736,0.9836290477412888
1645.5322022751072,0.9904264077827462,1645.5322022751072,0.9931565725364881,1645.5224802265209,0.9896978359465958,1645.4849808962576,0.982074695809747
1645.5335911391912,0.9925227264155211,1645.5335911391912,0.993225927810328,1645.5238690906046,0.9781633432662578,1645.4863697603416,0.992320578932843
1645.5349800032752,1.0160381778284993,1645.5349800032752,0.9932904674884483,1645.5252579546889,0.9626570864016408,1645.4877586244254,1.0006984342972205
1645.5363688673583,0.9907434129583124,1645.5363688673583,0.9932794385467619,1645.5266468187722,0.9670473431915608,1645.4891474885087,0.979897381103738
1645.5377577314418,0.9966598230285219,1645.5377577314418,0.9933094621205075,1645.5280356828555,0.992302937356829,1645.490536352592,0.9879649168432044
1645.5391465955263,1.000103745692469,1645.5391465955263,0.9933249003880786,1645.5294245469393,0.9887684260882936,1645.4919252166767,0.9867880085818952
1645.5405354596105,0.9970817155019606,1645.5405354596105,0.993412712184785,1645.5308134110237,0.9921704964520208,1645.4933140807614,0.991347366332145
1645.5419243236936,1.021615329490246,1645.5419243236936,0.9934125068466373,1645.5322022751072,0.9836484965031383,1645.494702944845,0.990832146256066
1645.5433131877778,1.0012764866668982,1645.5433131877778,0.9934086460885933,1645.5335911391912,0.9857993058168923,1645.496091808928,0.984785990901938
1645.5447020518611,0.9912329264359885,1645.5447020518611,0.9934081843875734,1645.5349800032752,1.0092210366413812,1645.4974806730122,1.0062221408319267
1645.546090915945,0.9888078387038637,1645.546090915945,0.9934117902862202,1645.5363688673583,0.9840850609671352,1645.4988695370955,0.9869521182670602
1645.547479779564,0.9820854178357427,1645.547479779564,0.993361645759966,1645.5377577314418,0.9899916327295812,1645.5002584011793,0.995658537227641
1645.548868643648,0.9685325280563571,1645.548868643648,0.9933629669992594,1645.5391465955263,0.9934279535677162,1645.501647265264,0.9850173967453616
1645.5502575077312,0.9877286702944644,1645.5502575077312,0.9933540798592445,1645.5405354596105,0.9905136512666608,1645.5030361293473,0.9971375036928982
1645.5516463718145,1.0026341216882173,1645.5516463718145,0.9934337850185697,1645.5419243236936,1.0148854455018586,1645.5044249934306,0.9931199574674512
1645.5530352358985,0.9935000895948023,1645.5530352358985,0.993482469077432,1645.5433131877778,0.9946767189801068,1645.5058138575143,0.976592554549259
1645.5544240999825,0.985248077769735,1645.5544240999825,0.9934871588782164,1645.5447020518611,0.9846989017559564,1645.507202721599,0.9716558391852448
1645.5558129640665,0.9974649933962901,1645.5558129640665,0.9935070578114628,1645.546090915945,0.9822933652958532,1645.508591586149,0.9873518505625984
1645.5572018281505,0.9767730664145864,1645.5572018281505,0.9935449175090946,1645.547479779564,0.9755659869381772,1645.5099804502322,0.996851624105002
1645.5585906922345,0.9963026131883095,1645.5585906922345,0.9935715355274661,1645.548868643648,0.9621043457053564,1645.511369314316,1.0199081312777656
1645.559979555852,0.9974460104242007,1645.559979555852,0.9935813555365153,1645.5502575077312,0.9811643044309528,1645.5127581783993,0.9997185092919902
1645.561368419936,0.9908769683023283,1645.561368419936,0.9935764162461483,1645.5516463718145,0.996050610497495,1645.5141470424826,0.9898752843843568
1645.5627572840206,1.0068304554026715,1645.5627572840206,0.9935609362975575,1645.5530352358985,0.987024922039294,1645.5155359065673,0.9917870288290028
1645.564146148104,1.0045788942095681,1645.564146148104,0.9935310647209876,1645.5544240999825,0.978831313573678,1645.5169247706513,0.9962367506385604
1645.5655350121872,0.9912989972872127,1645.5655350121872,0.9935640375884093,1645.5558129640665,0.9909885108590784,1645.5183136347343,0.9890938916516362
1645.566923876271,0.9860277807113923,1645.566923876271,0.9935675089660684,1645.5572018281505,0.9704679156959856,1645.5197024988186,0.9874731901829878
1645.5683127403545,0.9874276058293521,1645.5683127403545,0.99361651268153,1645.5585906922345,0.9898979172355358,1645.5210913629023,0.9847451140794664
1645.5697016039728,0.9774400487585072,1645.5697016039728,0.9935073682322285,1645.559979555852,0.9910437591117665,1645.5224802265209,0.9896978359465958
1645.5710904680575,0.98129760736304,1645.5710904680575,0.9935956908618456,1645.561368419936,0.9845119871066756,1645.5238690906046,0.9781633432662578
1645.5724793321413,0.9979507481450418,1645.5724793321413,0.9934882628891508,1645.5627572840206,1.0003474099627745,1645.5252579546889,0.9626570864016408
1645.5738681962246,1.008194693277655,1645.5738681962246,0.9934592979118925,1645.564146148104,0.9980803383602646,1645.5266468187722,0.9670473431915608
1645.575257060308,0.9901571087461685,1645.575257060308,0.9934857005579847,1645.5655350121872,0.9849190342020246,1645.5280356828555,0.992302937356829
1645.5766459243926,0.98185194504181,1645.5766459243926,0.9934169518256082,1645.566923876271,0.9796851658527588,1645.5294245469393,0.9887684260882936
1645.578034788011,1.006780989505956,1645.578034788011,0.9934429018443601,1645.5683127403545,0.9811243742296332,1645.5308134110237,0.9921704964520208
1645.5794236520944,1.0041262132527302,1645.5794236520944,0.9934602955760746,1645.5697016039728,0.9710938904468456,1645.5322022751072,0.9836484965031383
1645.5808125161782,0.9886000339103597,1645.5808125161782,0.9934439844563071,1645.5710904680575,0.9750130741289558,1645.5335911391912,0.9857993058168923
1645.5822013802615,0.9955189330516209,1645.5822013802615,0.9934383289531832,1645.5724793321413,0.991452355223546,1645.5349800032752,1.0092210366413812
1645.5835902443448,1.0054561842610503,1645.5835902443448,0.993421817731707,1645.5738681962246,1.001600392142115,1645.5363688673583,0.9840850609671352
1645.5849791079638,1.0000676759091056,1645.5849791079638,0.9935417775341193,1645.575257060308,0.9837069288451558,1645.5377577314418,0.9899916327295812
1645.5863679720485,1.0072238962093254,1645.5863679720485,0.9935385979919764,1645.5766459243926,0.9753883663874794,1645.5391465955263,0.9934279535677162
1645.5877568361318,0.9889348888639597,1645.5877568361318,0.9935258176978443,1645.578034788011,1.0001794277365332,1645.5405354596105,0.9905136512666608
1645.589145700215,0.9798256852246557,1645.589145700215,0.9936244636693257,1645.5794236520944,0.997559524613742,1645.5419243236936,1.0148854455018586
1645.5905345642989,0.9776841019971092,1645.5905345642989,0.9936764953689329,1645.5808125161782,0.982118756721548,1645.5433131877778,0.9946767189801068
1645.5919234279174,0.9789136455188429,1645.5919234279174,0.9937028430701546,1645.5822013802615,0.988986665292058,1645.5447020518611,0.9846989017559564
1645.5933122920012,0.9729373242005155,1645.5933122920012,0.9936870276137257,1645.5835902443448,0.9988421102181988,1645.546090915945,0.9822933652958532
1645.5947011560854,0.9863532474002281,1645.5947011560854,0.9936919507976645,1645.5849791079638,0.9936090163771484,1645.547479779564,0.9755659869381772
1645.5960900201687,1.0167096555520962,1645.5960900201687,0.9936914676684798,1645.5863679720485,1.0007158177038291,1645.548868643648,0.9621043457053564
1645.5974788837862,1.015850672718802,1645.5974788837862,0.9936961819094597,1645.5877568361318,0.9825323441084924,1645.5502575077312,0.9811643044309528
1645.59886774787,1.0011380760034634,1645.59886774787,0.9937026047763861,1645.589145700215,0.973578770970778,1645.5516463718145,0.996050610497495
1645.6002566119548,0.9926529133148093,1645.6002566119548,0.9936251024293044,1645.5905345642989,0.9715017120504098,1645.5530352358985,0.987024922039294
1645.6016454760386,0.9892393361999657,1645.6016454760386,0.9936524042120698,1645.5919234279174,0.9727492726722436,1645.5544240999825,0.978831313573678
1645.6030343396562,0.9721218665423978,1645.6030343396562,0.9937780327056489,1645.5933122920012,0.966795197739262,1645.5558129640665,0.9909885108590784
1645.6044232037405,0.9914410537420061,1645.6044232037405,0.9937792903904322,1645.5947011560854,0.980131282584744,1645.5572018281505,0.9704679156959856
1645.6058120678238,0.9952750401326229,1645.6058120678238,0.9938566905041091,1645.5960900201687,1.0102957098182772,1645.5585906922345,0.9898979172355358
1645.6072009319075,0.9814689557811475,1645.6072009319075,0.993900263730786,1645.5974788837862,1.0094469348708297,1645.559979555852,0.9910437591117665
1645.6085897955263,0.9879628180643721,1645.6085897955263,0.9938470260886012,1645.59886774787,0.9948335138654611,1645.561368419936,0.9845119871066756
1645.60997865961,0.9920972132796487,1645.60997865961,0.9938346036471898,1645.6002566119548,0.9863248526691748,1645.5627572840206,1.0003474099627745
1645.6113675236932,0.9919786317646783,1645.6113675236932,0.9938955432144323,1645.6016454760386,0.982960044756248,1645.564146148104,0.9980803383602646
1645.6127563877772,0.9874423310422601,1645.6127563877772,0.9939604084194397,1645.6030343396562,0.9660733560826475,1645.5655350121872,0.9849190342020246
1645.6141452513957,0.9847844982828756,1645.6141452513957,0.9940754278798741,1645.6044232037405,0.9852735868516732,1645.566923876271,0.9796851658527588
1645.6155341154792,0.9920583413996453,1645.6155341154792,0.9940887603907387,1645.6058120678238,0.989160757527553,1645.5683127403545,0.9811243742296332
1645.6169229795637,0.9896906427263458,1645.6169229795637,0.9940415168508562,1645.6072009319075,0.9754822539944616,1645.5697016039728,0.9710938904468456
1645.6183118431816,0.9936349185974492,1645.6183118431816,0.9941065177231899,1645.6085897955263,0.98188390861939,1645.5710904680575,0.9750130741289558
1645.6197007072649,1.0058535510366,1645.6197007072649,0.9940920490674199,1645.60997865961,0.9859805407392612,1645.5724793321413,0.991452355223546
1645.6210895713482,0.9842160446744732,1645.6210895713482,0.9940870965608475,1645.6113675236932,0.9859231410748642,1645.5738681962246,1.001600392142115
1645.6224784349672,1.0016520883580164,1645.6224784349672,0.9941312021404429,1645.6127563877772,0.9814785826534084,1645.575257060308,0.9837069288451558
1645.6238672990514,0.9909255339216181,1645.6238672990514,0.9941501354968058,1645.6141452513957,0.9789500715000168,1645.5766459243926,0.9753883663874794
1645.6252561631347,0.9818537170088005,1645.6252561631347,0.9941527079435505,1645.6155341154792,0.9861940468372656,1645.578034788011,1.0001794277365332
1645.6266450267528,0.9917926720319342,1645.6266450267528,0.9941534813331581,1645.6169229795637,0.9837935877087955,1645.5794236520944,0.997559524613742
1645.628033890837,0.9981535572117775,1645.628033890837,0.9941821824507854,1645.6183118431816,0.9877789488150756,1645.5808125161782,0.982118756721548
1645.62942275492,0.9891607653053616,1645.62942275492,0.9942812555744106,1645.6197007072649,0.9999110176117144,1645.5822013802615,0.988986665292058
1645.6308116185385,0.990335945766655,1645.6308116185385,0.9943200262641768,1645.6210895713482,0.9783964702390484,1645.5835902443448,0.9988421102181988
1645.6322004826231,0.9954605474560426,1645.6322004826231,0.9943975663676723,1645.6224784349672,0.99577359472584,1645.5849791079638,0.9936090163771484
1645.6335893467065,0.9884800264895294,1645.6335893467065,0.9943998423213647,1645.6238672990514,0.9851287538154212,1645.5863679720485,1.0007158177038291
1645.634978210324,0.9890614212984943,1645.634978210324,0.9944177543338959,1645.6252561631347,0.9761125315687396,1645.5877568361318,0.9825323441084924
1645.636367074408,0.9899109011133976,1645.636367074408,0.9943949701508558,1645.6266450267528,0.9859941376612624,1645.589145700215,0.973578770970778
1645.637755938492,1.003103167124913,1645.637755938492,0.994302527157804,1645.628033890837,0.9923464819298198,1645.5905345642989,0.9715017120504098
1645.6391448021102,0.9809789355571126,1645.6391448021102,0.9943425243306103,1645.62942275492,0.9835040076927598,1645.5919234279174,0.9727492726722436
1645.6405336661944,0.9921224465083586,1645.6405336661944,0.9944503337392628,1645.6308116185385,0.9847108636050588,1645.5933122920012,0.966795197739262
1645.6419225302782,1.0057216509556703,1645.6419225302782,0.9945411605745056,1645.6322004826231,0.9898835458053196,1645.5947011560854,0.980131282584744
1645.6433113938958,0.9653395680152681,1645.6433113938958,0.9945425355496625,1645.6335893467065,0.9829443824790064,1645.5960900201687,1.0102957098182772
1645.6447002579791,0.9920640803607025,1645.6447002579791,0.9945820529466199,1645.634978210324,0.98354023746594,1645.5974788837862,1.0094469348708297
1645.6460891220638,0.9936340459370099,1645.6460891220638,0.9946417609844233,1645.636367074408,0.9843624209646638,1645.59886774787,0.9948335138654611
1645.647477985682,1.009303159906439,1645.647477985682,0.9946405826902112,1645.637755938492,0.997388014072298,1645.6002566119548,0.9863248526691748
1645.6488668497652,0.9887871694102457,1645.6488668497652,0.9946069707462872,1645.6391448021102,0.9754290710970144,1645.6016454760386,0.982960044756248
1645.6502557133838,1.0019195013448505,1645.6502557133838,0.9946086584068167,1645.6405336661944,0.9866164980404512,1645.6030343396562,0.9660733560826475
1645.651644577467,0.9926305245378613,1645.651644577467,0.9946204957511721,1645.6419225302782,1.0002315779563602,1645.6044232037405,0.9852735868516732
1645.6530334415509,0.9930051776211475,1645.6530334415509,0.9946186626154493,1645.6433113938958,0.9600712616403206,1645.6058120678238,0.989160757527553
1645.65442230517,0.992459573207749,1645.65442230517,0.9945870095695069,1645.6447002579791,0.986689129699748,1645.6072009319075,0.9754822539944616
1645.655811169254,0.9804454417064632,1645.655811169254,0.9945746197067095,1645.6460891220638,0.9883099172248648,1645.6085897955263,0.98188390861939
1645.6572000328715,0.984887636756889,1645.6572000328715,0.9946242077495147,1645.647477985682,1.0038938830804118,1645.60997865961,0.9859805407392612
1645.658588896955,0.9822504366512425,1645.658588896955,0.9946395620741385,1645.6488668497652,0.9834546112799204,1645.6113675236932,0.9859231410748642
1645.6599777610388,1.0184715342729698,1645.6599777610388,0.9945978225791393,1645.6502557133838,0.9965178110642284,1645.6127563877772,0.9814785826534084
1645.6613666246571,0.9956343281803988,1645.6613666246571,0.9945481282986248,1645.651644577467,0.9872906644135936,1645.6141452513957,0.9789500715000168
1645.6627554887411,1.0040209784988503,1645.6627554887411,0.9945854226650556,1645.6530334415509,0.9876614817357624,1645.6155341154792,0.9861940468372656
1645.6641443523592,0.9842736081056689,1645.6641443523592,0.9947060283515485,1645.65442230517,0.9870873990353242,1645.6169229795637,0.9837935877087955
1645.6655332164426,1.0110040408317684,1645.6655332164426,0.9948155226036022,1645.655811169254,0.9751261523283824,1645.6183118431816,0.9877789488150756
1645.6669220800602,0.9937729284831048,1645.6669220800602,0.9949358221423409,1645.6572000328715,0.9795930854316124,1645.6197007072649,0.9999110176117144
1645.6683109441449,1.0115869408663467,1645.6683109441449,0.9950022237379459,1645.658588896955,0.9769851441579231,1645.6210895713482,0.9783964702390484
1645.6696998082296,0.9962119900177753,1645.6696998082296,0.995097442672895,1645.6599777610388,1.012969570346731,1645.6224784349672,0.99577359472584
1645.6710886718472,0.9891115230928116,1645.6710886718472,0.9951018699025802,1645.6613666246571,0.9902062575616744,1645.6238672990514,0.9851287538154212
1645.6724775359305,0.9957390594530443,1645.6724775359305,0.9951771817266174,1645.6627554887411,0.9985846292648618,1645.6252561631347,0.9761125315687396
1645.673866399549,0.9999882914426119,1645.673866399549,0.9952602172737377,1645.6641443523592,0.9790628915300384,1645.6266450267528,0.9859941376612624
1645.6752552636324,0.9765528038352447,1645.6752552636324,0.9953228802224453,1645.6655332164426,1.0057625132344092,1645.628033890837,0.9923464819298198
1645.6766441272505,0.989662560266469,1645.6766441272505,0.9954457052501707,1645.6669220800602,0.9887402856231396,1645.62942275492,0.9835040076927598
1645.6780329913352,0.9848708944244147,1645.6780329913352,0.9955378806675178,1645.6683109441449,1.0065312556662809,1645.6308116185385,0.9847108636050588
1645.6794218549528,0.9973505119530546,1645.6794218549528,0.9956738201264753,1645.6696998082296,0.9913280036267638,1645.6322004826231,0.9898835458053196
1645.680810719036,0.9887543173301223,1645.680810719036,0.9957095933376405,1645.6710886718472,0.984266726171846,1645.6335893467065,0.9829443824790064
1645.6821995826542,0.9930946004181529,1645.6821995826542,0.9957615079292711,1645.6724775359305,0.9909367909215934,1645.634978210324,0.98354023746594
1645.6835884467384,0.9893627974561932,1645.6835884467384,0.9958094160359593,1645.673866399549,0.9952485642123676,1645.636367074408,0.9843624209646638
1645.6849773103563,0.9937630026662269,1645.6849773103563,0.995897196198427,1645.6752552636324,0.9719853494026004,1645.637755938492,0.997388014072298
1645.6863661744408,0.9913163933040098,1645.6863661744408,0.995995694166475,1645.6766441272505,0.9851553452641448,1645.6391448021102,0.9754290710970144
1645.6877550380589,0.9897437721966266,1645.6877550380589,0.9958803240415414,1645.6780329913352,0.9804762829664044,1645.6405336661944,0.9866164980404512
1645.6891439021422,1.0100350319295106,1645.6891439021422,0.9958645038209802,1645.6794218549528,0.9930357942413938,1645.6419225302782,1.0002315779563602
1645.6905327657598,1.0154412129572588,1645.6905327657598,0.9960009034891055,1645.680810719036,0.9845121592196124,1645.6433113938958,0.9600712616403206
1645.6919216298445,0.9909350199782658,1645.6919216298445,0.996039890486594,1645.6821995826542,0.9888853768287968,1645.6447002579791,0.986689129699748
1645.6933104934628,1.0007698849991518,1645.6933104934628,0.9961525997151524,1645.6835884467384,0.9852167895825548,1645.6460891220638,0.9883099172248648
1645.694699357546,0.9954185544202072,1645.694699357546,0.9962963441146911,1645.6849773103563,0.9896857880410252,1645.647477985682,1.0038938830804118
1645.6960882211645,0.9899695885165802,1645.6960882211645,0.9963709272226935,1645.6863661744408,0.9873468592874336,1645.6488668497652,0.9834546112799204
1645.6974770852482,0.9778361490184672,1645.6974770852482,0.9964344903718192,1645.6877550380589,0.985666348573274,1645.6502557133838,0.9965178110642284
1645.698865948866,1.0048554818643576,1645.698865948866,0.9964662920508606,1645.6891439021422,1.00585803591429,1645.651644577467,0.9872906644135936
1645.70025481295,1.008530158028543,1645.70025481295,0.9965664795266754,1645.6905327657598,1.011380365545503,1645.6530334415509,0.9876614817357624
1645.7016436765691,1.0003732451196419,1645.7016436765691,0.9966531180329368,1645.6919216298445,0.9870108087784828,1645.65442230517,0.9870873990353242
1645.7030325406524,1.01234397068646,1645.7030325406524,0.996685541018388,1645.6933104934628,0.996919522658539,1645.655811169254,0.9751261523283824
1645.70442140427,1.004770616796839,1645.70442140427,0.9967796494313674,1645.694699357546,0.9917318666327832,1645.6572000328715,0.9795930854316124
1645.7058102678882,0.9998130368644492,1645.7058102678882,0.9968227659875478,1645.6960882211645,0.9863769168325334,1645.658588896955,0.9769851441579231
1645.7071991319724,1.0085870702624031,1645.7071991319724,0.9968767112521231,1645.6974770852482,0.9743496648143586,1645.6599777610388,1.012969570346731
1645.7085879955905,0.9892074255799723,1645.7085879955905,0.9969399120519121,1645.698865948866,1.0013046160603571,1645.6613666246571,0.9902062575616744
1645.7099768596745,0.9922988709841142,1645.7099768596745,0.9970877317007596,1645.70025481295,1.005067349082987,1645.6627554887411,0.9985846292648618
1645.7113657232928,0.9864699960785548,1645.7113657232928,0.9970913855193135,1645.7016436765691,0.9970251139452184,1645.6641443523592,0.9790628915300384
1645.712754587376,0.9995252902162451,1645.712754587376,0.9972318206517019,1645.7030325406524,1.0089885981203377,1645.6655332164426,1.0057625132344092
1645.7141434509938,1.0030125716207634,1645.7141434509938,0.9972995152292714,1645.70442140427,1.001534903169692,1645.6669220800602,0.9887402856231396
1645.7155323150785,0.9797996995298244,1645.7155323150785,0.9973318874104469,1645.7058102678882,0.9966363968776304,1645.6683109441449,1.0065312556662809
1645.7169211786966,0.9824396190692085,1645.7169211786966,0.9974103943302033,1645.7071991319724,1.0054369616145984,1645.6696998082296,0.9913280036267638
1645.7183100423142,0.9839421696576445,1645.7183100423142,0.9974122450562833,1645.7085879955905,0.986180363858796,1645.6710886718472,0.984266726171846
1645.7196989063984,1.0118035301608064,1645.7196989063984,0.9975345571206266,1645.7099768596745,0.9894090304387751,1645.6724775359305,0.9909367909215934
1645.721087770016,0.9974415548928507,1645.721087770016,0.9976347830012535,1645.7113657232928,0.983600735163198,1645.673866399549,0.9952485642123676
1645.7224766340998,1.0020567905119258,1645.7224766340998,0.9977519686955413,1645.712754587376,0.9967584249497669,1645.6752552636324,0.9719853494026004
1645.7238654977189,0.9956801060301032,1645.7238654977189,0.9976853540669036,1645.7141434509938,1.0003039514462522,1645.6766441272505,0.9851553452641448
1645.7252543613374,0.9796312407938728,1645.7252543613374,0.9977107938554653,1645.7155323150785,0.9771854836162684,1645.6780329913352,0.9804762829664044
1645.7266432254205,1.0188820862924368,1645.7266432254205,0.9978241771072202,1645.7169211786966,0.979895487861434,1645.6794218549528,0.9930357942413938
1645.728032089038,0.9903845166737943,1645.728032089038,0.9979170759088999,1645.7183100423142,0.9813959684437816,1645.680810719036,0.9845121592196124
1645.7294209526565,0.9883512614594835,1645.7294209526565,0.9980362562011694,1645.7196989063984,1.0093089863520466,1645.6821995826542,0.9888853768287968
1645.7308098167402,0.9775464015289362,1645.7308098167402,0.9981726112931207,1645.721087770016,0.995082389171962,1645.6835884467384,0.9852167895825548
1645.7321986803588,0.9884642513117958,1645.7321986803588,0.9981641140940752,1645.7224766340998,0.9998041354780096,1645.6849773103563,0.9896857880410252
1645.7335875444426,1.0038428031896973,1645.7335875444426,0.9981745767101318,1645.7238654977189,0.9933754591220156,1645.6863661744408,0.9873468592874336
1645.7349764080602,0.9775343217433553,1645.7349764080602,0.9982251777514182,1645.7252543613374,0.9773886629380694,1645.6877550380589,0.985666348573274
1645.736365271678,1.0139982379718462,1645.736365271678,0.9983424848062353,1645.7266432254205,1.0166651793240384,1645.6891439021422,1.00585803591429
1645.7377541357623,0.9878821399317264,1645.7377541357623,0.9983826675894841,1645.728032089038,0.988321620904562,1645.6905327657598,1.011380365545503
1645.7391429993816,1.0086636051716573,1645.7391429993816,0.9983722743367569,1645.7294209526565,0.986410392798726,1645.6919216298445,0.9870108087784828
1645.7405318629992,0.9879089819480306,1645.7405318629992,0.9984684351861992,1645.7308098167402,0.9757600442743318,1645.6933104934628,0.996919522658539
1645.7419207270823,1.002576911354577,1645.7419207270823,0.9985712354178344,1645.7321986803588,0.986649543724302,1645.694699357546,0.9917318666327832
1645.7433095907006,1.0161964562985157,1645.7433095907006,0.9986320591038622,1645.7335875444426,1.0020103651573882,1645.6960882211645,0.9863769168325334
1645.7446984543185,0.9886548433508481,1645.7446984543185,0.9986097213575577,1645.7349764080602,0.9757993720803728,1645.6974770852482,0.9743496648143586
1645.7460873184025,1.002685117312001,1645.7460873184025,0.9986756353250412,1645.736365271678,1.0123175204859574,1645.698865948866,1.0013046160603571
1645.7474761820215,1.0074390537865079,1645.7474761820215,0.9987193795949169,1645.7377541357623,0.986284406129045,1645.70025481295,1.005067349082987
1645.7488650456391,1.004018356719574,1645.7488650456391,0.998723197509247,1645.7391429993816,1.00702177753594,1645.7016436765691,0.9970251139452184
1645.7502539097225,1.0067543582954712,1645.7502539097225,0.9988142752738028,1645.7405318629992,0.9863959353120412,1645.7030325406524,1.0089885981203377
1645.7516427733406,0.997313266722906,1645.7516427733406,0.9989039301699745,1645.7419207270823,1.0011444649727368,1645.70442140427,1.001534903169692
1645.7530316369596,1.0211586712684246,1645.7530316369596,0.9990281915891263,1645.7433095907006,1.0148063596074346,1645.7058102678882,0.9966363968776304
1645.7544205010438,1.0105722937321737,1645.7544205010438,0.9991097789337665,1645.7446984543185,0.9872803376373902,1645.7071991319724,1.0054369616145984
1645.7558093646614,1.0047864716742043,1645.7558093646614,0.999192256782964,1645.7460873184025,1.001357196562526,1645.7085879955905,0.986180363858796
1645.7571982282795,0.9947352906395716,1645.7571982282795,0.9993348427506626,1645.7474761820215,1.0061489067773512,1645.7099768596745,0.9894090304387751
1645.7585870923629,0.9959710297539252,1645.7585870923629,0.9994576168127081,1645.7488650456391,1.0027364235809526,1645.7113657232928,0.983600735163198
1645.7599759559805,1.0106799806196787,1645.7599759559805,0.999530470528939,1645.7502539097225,1.0055606247596336,1645.712754587376,0.9967584249497669
1645.7613648195995,1.000821876113948,1645.7613648195995,0.9995457002146917,1645.7516427733406,0.9962201417401668,1645.7141434509938,1.0003039514462522
1645.7627536832176,0.9799526305031336,1645.7627536832176,0.9994788051273766,1645.7530316369596,1.0201663006828494,1645.7155323150785,0.9771854836162684
1645.764142547301,1.015691306303759,1645.764142547301,0.9994833072086221,1645.7544205010438,1.0096726609873414,1645.7169211786966,0.979895487861434
1645.7655314109195,0.9605880625491265,1645.7655314109195,0.9995755023622613,1645.7558093646614,1.0039748622171398,1645.7183100423142,0.9813959684437816
1645.7669202745376,0.993909330647013,1645.7669202745376,0.999629530771019,1645.7571982282795,0.994073635249831,1645.7196989063984,1.0093089863520466
1645.7683091381562,1.0013541109287507,1645.7683091381562,0.9997114867156168,1645.7585870923629,0.9954308318123568,1645.721087770016,0.995082389171962
1645.76969800224,0.991846566777122,1645.76969800224,0.9997877887561695,1645.7599759559805,1.0102054365829662,1645.7224766340998,0.9998041354780096
1645.7710868658585,1.0115389170563398,1645.7710868658585,0.999856103426512,1645.7613648195995,1.0003672029504975,1645.7238654977189,0.9933754591220156
1645.772475729476,0.9979381421299255,1645.772475729476,0.999961225586514,1645.7627536832176,0.9794418842167016,1645.7252543613374,0.9773886629380694
1645.7738645935592,0.9938951861135352,1645.7738645935592,1.0000391908539514,1645.764142547301,1.0151665059275266,1645.7266432254205,1.0166651793240384
1645.7752534571775,0.9762062294720433,1645.7752534571775,1.0001748273698219,1645.7655314109195,0.9601802951857344,1645.728032089038,0.988321620904562
1645.7766423207956,1.0099079683486822,1645.7766423207956,1.0003010259700955,1645.7669202745376,0.9935411178236112,1645.7294209526565,0.986410392798726
1645.7780311844142,1.002405148316042,1645.7780311844142,1.000437277793603,1645.7683091381562,1.001065206965376,1645.7308098167402,0.9757600442743318
1645.7794200480323,0.9885859092259365,1645.7794200480323,1.0005266438876883,1645.76969800224,0.9916360857834972,1645.7321986803588,0.986649543724302
1645.7808089121163,1.0123061124682633,1645.7808089121163,1.000607361712303,1645.7710868658585,1.0113933600722256,1645.7335875444426,1.0020103651573882
1645.7821977757342,0.9954175278497199,1645.7821977757342,1.0006393687394837,1645.772475729476,0.9978994476637691,1645.7349764080602,0.9757993720803728
1645.7835866393525,1.002396266989336,1645.7835866393525,1.0007476495871175,1645.7738645935592,0.9939341377146172,1645.736365271678,1.0123175204859574
1645.7849755029713,1.0059688685174557,1645.7849755029713,1.0008300595244306,1645.7752534571775,0.9763768970395456,1645.7377541357623,0.986284406129045
1645.7863643670546,1.0029099261944898,1645.7863643670546,1.0008625169858765,1645.7766423207956,1.0102119768745617,1645.7391429993816,1.00702177753594
1645.7877532306725,1.0084007025129482,1645.7877532306725,1.0009750479353998,1645.7780311844142,1.002843477827594,1645.7405318629992,0.9863959353120412
1645.7891420942906,1.0127819863312935,1645.7891420942906,1.0010252337380317,1645.7794200480323,0.9891065419524852,1645.7419207270823,1.0011444649727368
1645.790530957908,1.015441952937073,1645.790530957908,1.0011018255525164,1645.7808089121163,1.012920948442107,1645.7433095907006,1.0148063596074346
1645.7919198215266,0.9947619571771481,1645.7919198215266,1.0011816787483385,1645.7821977757342,0.9960539666997612,1645.7446984543185,0.9872803376373902
1645.7933086856112,1.0031536135995267,1645.7933086856112,1.001151859421193,1645.7835866393525,1.0031457081444788,1645.7460873184025,1.001357196562526
1645.794697549229,1.000331439119934,1645.794697549229,1.0012251744913716,1645.7849755029713,1.0068038825580492,1645.7474761820215,1.0061489067773512
1645.796086412847,1.0099652534530836,1645.796086412847,1.0012413002858138,1645.7863643670546,1.0037749530411366,1645.7488650456391,1.0027364235809526
1645.7974752764646,1.0302279294728263,1645.7974752764646,1.0013615704141943,1645.7877532306725,1.009383941535989,1645.7502539097225,1.0055606247596336
1645.7988641400837,1.0104562165533613,1645.7988641400837,1.0013655396141965,1645.7891420942906,1.013820324592951,1645.7516427733406,0.9962201417401668
1645.8002530037022,1.0038608347863192,1645.8002530037022,1.001431704115292,1645.790530957908,1.0165607928279163,1645.7530316369596,1.0201663006828494
1645.8016418677855,1.0157316030533146,1645.8016418677855,1.001489561285336,1645.7919198215266,0.9959374462416,1645.7544205010438,1.0096726609873414
1645.8030307314036,1.0148592425425895,1645.8030307314036,1.001455487572976,1645.7933086856112,1.004309105540255,1645.7558093646614,1.0039748622171398
1645.8044195950213,0.9978968232300305,1645.8044195950213,1.0015284360997545,1645.794697549229,1.001557019682061,1645.7571982282795,0.994073635249831
1645.805808458639,1.0016629701713102,1645.805808458639,1.001648409226378,1645.796086412847,1.011218923610857,1645.7585870923629,0.9954308318123568
1645.807197322258,1.00584125349739,1645.807197322258,1.0017125900600798,1645.7974752764646,1.031630657341473,1645.7599759559805,1.0102054365829662
1645.808586185877,0.9893904002985037,1645.808586185877,1.0018121687904025,1645.7988641400837,1.011836034545476,1645.7613648195995,1.0003672029504975
1645.8099750499605,1.0121945005365107,1645.8099750499605,1.0018954738054675,1645.8002530037022,1.0052980664746631,1645.7627536832176,0.9794418842167016
1645.811363913578,0.9860556377086102,1645.811363913578,1.0019638577221628,1645.8016418677855,1.017244597525515,1645.764142547301,1.0151665059275266
1645.812752777196,0.9940196003331252,1645.812752777196,1.0020573410906861,1645.8030307314036,1.01633635755843,1645.7655314109195,0.9601802951857344
1645.8141416408146,0.9980342356392258,1645.8141416408146,1.0020488778662873,1645.8044195950213,0.9994220447584856,1645.7669202745376,0.9935411178236112
1645.815530504433,0.9963908718397873,1645.815530504433,1.0020688693915154,1645.805808458639,1.0033141206530618,1645.7683091381562,1.001065206965376
1645.8169193680512,1.0105159225466889,1645.8169193680512,1.0021906001285001,1645.807197322258,1.0075638472301478,1645.76969800224,0.9916360857834972
1645.8183082316689,1.0065281155351302,1645.8183082316689,1.0023286742162503,1645.808586185877,0.9911833427034484,1645.7710868658585,1.0113933600722256
1645.8196970952863,0.9780421008923609,1645.8196970952863,1.0024467730785651,1645.8099750499605,1.0141130886983158,1645.772475729476,0.9978994476637691
1645.8210859593703,1.0169231396523934,1645.8210859593703,1.0025476526620238,1645.811363913578,0.9879921106872064,1645.7738645935592,0.9939341377146172
1645.8224748229893,0.9811958926520046,1645.8224748229893,1.0025930132902023,1645.812752777196,0.996064637701838,1645.7752534571775,0.9763768970395456
1645.8238636866074,0.9980527699462229,1645.8238636866074,1.0026457388816288,1645.8141416408146,1.000079085894424,1645.7766423207956,1.0102119768745617
1645.825252550225,1.006718441189613,1645.825252550225,1.0026596793526328,1645.815530504433,0.998452274416522,1645.7780311844142,1.002843477827594
1645.8266414138436,0.9891323295361193,1645.8266414138436,1.0027327617826125,1645.8169193680512,1.012729558856471,1645.7794200480323,0.9891065419524852
1645.8280302774613,1.0076849585777246,1645.8280302774613,1.002796996751003,1645.8183082316689,1.0088719916057078,1645.7808089121163,1.012920948442107
1645.829419141079,0.9945193239188714,1645.829419141079,1.002838464818496,1645.8196970952863,0.9804351479745276,1645.7821977757342,0.9960539666997612
1645.830808004698,1.0233210138563085,1645.830808004698,1.0028967762502992,1645.8210859593703,1.0195139065962024,1645.7835866393525,1.0031457081444788
1645.832196868316,1.015914668189576,1645.832196868316,1.0030323177411176,1645.8224748229893,0.9837401466419432,1645.7849755029713,1.0068038825580492
1645.8335857319337,1.0194579508974848,1645.8335857319337,1.003082562695858,1645.8238636866074,1.000693356965587,1645.7863643670546,1.0037749530411366
1645.8349745955522,1.0098946060621856,1645.8349745955522,1.0031427469239271,1645.825252550225,1.0093959894415598,1645.7877532306725,1.009383941535989
1645.836363459636,1.0319190128920102,1645.836363459636,1.0032395655115762,1645.8266414138436,0.991835392564222,1645.7891420942906,1.013820324592951
1645.8377523232543,0.9952009740558886,1645.8377523232543,1.0032209758662125,1645.8280302774613,1.010503450132901,1645.790530957908,1.0165607928279163
1645.839141186873,1.0102944046677635,1645.839141186873,1.00329595341207,1645.829419141079,0.9973422320311296,1645.7919198215266,0.9959374462416
1645.8405300504908,1.0277046728115111,1645.8405300504908,1.0033605185093482,1645.830808004698,1.0262853458656795,1645.7933086856112,1.004309105540255
1645.8419189141084,1.009676261530007,1645.8419189141084,1.003365559560684,1645.832196868316,1.018995244261389,1645.794697549229,1.001557019682061
1645.843307777726,0.9990285053193134,1645.843307777726,1.0034150295806115,1645.8335857319337,1.022600493946917,1645.796086412847,1.011218923610857
1645.8446966413446,1.008107450745963,1645.8446966413446,1.0035091740405264,1645.8349745955522,1.0130684492288782,1645.7974752764646,1.031630657341473
1645.8460855049627,1.004323497788406,1645.8460855049627,1.0036473754511046,1645.836363459636,1.035261982136915,1645.7988641400837,1.011836034545476
1645.8474743685813,1.0059494308498849,1645.8474743685813,1.0035917947797532,1645.8377523232543,0.9984064923753538,1645.8002530037022,1.0052980664746631
1645.8488632321994,1.0233387973779238,1645.8488632321994,1.0035533599341573,1645.839141186873,1.0136242879580235,1645.8016418677855,1.017244597525515
1645.850252095818,0.9888988068352774,1645.850252095818,1.0036044676133402,1645.8405300504908,1.031158293386638,1645.8030307314036,1.01633635755843
1645.8516409594356,1.0136494275425048,1645.8516409594356,1.0036417592422027,1645.8419189141084,1.013074387125195,1645.8044195950213,0.9994220447584856
1645.8530298230537,1.010748581946892,1645.8530298230537,1.003781509188771,1645.843307777726,1.002440217216853,1645.805808458639,1.0033141206530618
1645.8544186866727,1.0101174912421462,1645.8544186866727,1.0039011376469096,1645.8446966413446,1.0116450752421822,1645.807197322258,1.0075638472301478
1645.8558075502904,1.0109318158539466,1645.8558075502904,1.003965442358489,1645.8460855049627,1.0079866426592068,1645.808586185877,0.9911833427034484
1645.857196413908,1.000943209764466,1645.857196413908,1.003996104613316,1645.8474743685813,1.0095625947643072,1645.8099750499605,1.0141130886983158
1645.858585277526,0.9721951714229807,1645.858585277526,1.0040379830496835,1645.8488632321994,1.0269750884595952,1645.811363913578,0.9879921106872064
1645.8599741411438,1.0017811715471414,1645.8599741411438,1.0040404085072339,1645.850252095818,0.992463260557386,1645.812752777196,0.996064637701838
1645.8613630047623,1.0134899361017478,1645.8613630047623,1.0041163340984216,1645.8516409594356,1.017340894713611,1645.8141416408146,1.000079085894424
1645.862751868381,1.01063051619437,1645.862751868381,1.0041807106570915,1645.8530298230537,1.0145707369970614,1645.815530504433,0.998452274416522
1645.8641407319994,1.0063667119161175,1645.8641407319994,1.0042577336353617,1645.8544186866727,1.014058098615033,1645.8169193680512,1.012729558856471
1645.865529595617,1.0107649363135243,1645.865529595617,1.0043878962133757,1645.8558075502904,1.014940607698078,1645.8183082316689,1.0088719916057078
1645.8669184592347,0.9925340766389356,1645.8669184592347,1.0044656872738011,1645.857196413908,1.004943083542673,1645.8196970952863,0.9804351479745276
1645.8683073228538,1.0049838775821538,1645.8683073228538,1.0045987398036522,1645.858585277526,0.9761208790461708,1645.8210859593703,1.0195139065962024
1645.869696186472,0.9933776511593858,1645.869696186472,1.0046060848980938,1645.8599741411438,1.0058287767150471,1645.8224748229893,0.9837401466419432
1645.8710850500895,1.0048429981426326,1645.8710850500895,1.004646835030729,1645.8613630047623,1.0176617992841306,1645.8238636866074,1.000693356965587
1645.872473913708,1.0212752809667016,1645.872473913708,1.0046952883192675,1645.862751868381,1.0148556699638056,1645.825252550225,1.0093959894415598
1645.8738627773257,1.0285988752777109,1645.8738627773257,1.0047276851204419,1645.8641407319994,1.0106515533149512,1645.8266414138436,0.991835392564222
1645.8752516409434,1.0048311545814141,1645.8752516409434,1.0047410647114323,1645.865529595617,1.0152000679501874,1645.8280302774613,1.010503450132901
1645.8766405045624,1.0093330202593354,1645.8766405045624,1.004801519243246,1645.8669184592347,0.996966423433796,1645.829419141079,0.9973422320311296
1645.8780293681814,0.9965063707536814,1645.8780293681814,1.0048235304676876,1645.8683073228538,1.0096055369420196,1645.830808004698,1.0262853458656795
1645.879418231799,1.0041297396769557,1645.879418231799,1.004860557891102,1645.869696186472,0.997953232956495,1645.832196868316,1.018995244261389
1645.880807095417,1.0093688061459902,1645.880807095417,1.0048790322590642,1645.8710850500895,1.0095123377867845,1645.8335857319337,1.022600493946917
1645.8821959585691,0.997836197392353,1645.8821959585691,1.0048801497666537,1645.872473913708,1.0260704628641812,1645.8349745955522,1.0130684492288782
1645.8835848221877,1.0022907044666671,1645.8835848221877,1.0048784140790732,1645.8738627773257,1.0334617668752646,1645.836363459636,1.035261982136915
1645.8849736858058,1.0095249662889239,1645.8849736858058,1.0049751473508801,1645.8752516409434,1.009595124109348,1645.8377523232543,0.9984064923753538
1645.886362549424,0.9986269189759379,1645.886362549424,1.005087206715136,1645.8766405045624,1.0141793521789542,1645.839141186873,1.0136242879580235
1645.8877514130415,0.9838462485365677,1645.8877514130415,1.0051781959482304,1645.8780293681814,1.0013130495942566,1645.8405300504908,1.031158293386638
1645.8891402766592,1.0029931703316428,1645.8891402766592,1.0051445071511989,1645.879418231799,1.0090103704068327,1645.8419189141084,1.013074387125195
1645.8905291402775,1.0165805333193798,1645.8905291402775,1.0051452535945973,1645.880807095417,1.0142935491124696,1645.843307777726,1.002440217216853
1645.8919180038968,1.011265127044493,1645.8919180038968,1.005186806657017,1645.8821959585691,1.002705787478216,1645.8446966413446,1.0116450752421822
1645.8933068675149,1.0021402949816343,1645.8933068675149,1.0052647832725246,1645.8835848221877,1.0071802935506615,1645.8460855049627,1.0079866426592068
1645.8946957311323,1.0333607117963441,1645.8946957311323,1.0052250677438692,1645.8849736858058,1.0145475017506036,1645.8474743685813,1.0095625947643072
1645.896084594751,1.0177634384353227,1645.896084594751,1.0053265882955722,1645.886362549424,1.0037071405440678,1645.8488632321994,1.0269750884595952
1645.897473457903,0.9891684943926017,1645.897473457903,1.0053279015919871,1645.8877514130415,0.9889407971944214,1645.850252095818,0.992463260557386
1645.9002511851402,1.0027171101158752,1645.9002511851402,1.0054298179865997,1645.8891402766592,1.0081530758690176,1645.8516409594356,1.017340894713611
1645.9016400487578,1.0107315526647285,1645.9016400487578,1.0055309912827777,1645.8905291402775,1.021811097962639,1645.8530298230537,1.0145707369970614
1645.9030289123757,1.0143077479146732,1645.9030289123757,1.0056221777455903,1645.8919180038968,1.0165103637374566,1645.8544186866727,1.014058098615033
1645.9044177759936,1.0286984466638767,1645.9044177759936,1.0056636652568234,1645.8933068675149,1.0074163464433763,1645.8558075502904,1.014940607698078
1645.905806639612,1.0015600724108735,1645.905806639612,1.0057841709157287,1645.8946957311323,1.038760091519333,1645.857196413908,1.004943083542673
1645.9071955032302,1.0210831688298714,1645.9071955032302,1.0058113083350653,1645.896084594751,1.0231846452541535,1645.858585277526,0.9761208790461708
1645.9085843663831,1.005893566314957,1645.9085843663831,1.005870606968242,1645.897473457903,0.9944386867886196,1645.8599741411438,1.0058287767150471
1645.9099732300012,0.9848545718008751,1645.9099732300012,1.0058735939485435,1645.9002511851402,1.0081616815158536,1645.8613630047623,1.0176617992841306
1645.911362093619,0.9843082790855314,1645.911362093619,1.0058713521694376,1645.9016400487578,1.0163219000717454,1645.862751868381,1.0148556699638056
1645.9127509572363,1.0014684320759244,1645.9127509572363,1.0058681287196796,1645.9030289123757,1.020010366362179,1645.8641407319994,1.0106515533149512
1645.9141398208556,1.0100640923992443,1645.9141398208556,1.0058916363338777,1645.9044177759936,1.034524650315995,1645.865529595617,1.0152000679501874
1645.915528684474,1.0132896773271929,1645.915528684474,1.00597418431047,1645.905806639612,1.0073532670520675,1645.8669184592347,0.996966423433796
1645.916917547626,1.0187242918019601,1645.916917547626,1.0059167410122902,1645.9071955032302,1.0270169979596873,1645.8683073228538,1.0096055369420196
1645.9183064112442,1.0124570040812935,1645.9183064112442,1.0059327648984742,1645.9085843663831,1.0117987720946755,1645.869696186472,0.997953232956495
1645.9196952748623,1.021003006449506,1645.9196952748623,1.0059486040177372,1645.9099732300012,0.990639207654,1645.8710850500895,1.0095123377867845
1645.92108413848,0.9794949310160597,1645.92108413848,1.0059864318238705,1645.911362093619,0.9900874996353356,1645.872473913708,1.0260704628641812
1645.9224730020985,1.0059652173555649,1645.9224730020985,1.0060840880405864,1645.9127509572363,1.0073451777440416,1645.8738627773257,1.0334617668752646
1645.923861865252,1.0010393868650307,1645.923861865252,1.0061783737639576,1645.9141398208556,1.0160150227055689,1645.8752516409434,1.009595124109348
1645.9252507288695,0.9901521185837715,1645.9252507288695,1.0062255426942277,1645.915528684474,1.019343256619442,1645.8766405045624,1.0141793521789542
1645.9266395924872,1.002427266152898,1645.9266395924872,1.006191063507143,1645.916917547626,1.0247518195994811,1645.8780293681814,1.0013130495942566
1645.9280284561053,1.028758133494473,1645.9280284561053,1.006193299989757,1645.9183064112442,1.0184636734563213,1645.879418231799,1.0090103704068327
1645.9294173197238,1.0159017737958784,1645.9294173197238,1.006190564351189,1645.9196952748623,1.0270765490357932,1645.880807095417,1.0142935491124696
1645.9308061828765,1.00200038418646,1645.9308061828765,1.0062877007087303,1645.92108413848,0.985358610642414,1645.8821959585691,1.002705787478216
1645.9321950464948,1.0126101648636685,1645.9321950464948,1.0063684539303197,1645.9224730020985,1.0120855983037238,1645.8835848221877,1.0071802935506615
1645.933583910113,0.9897161529610853,1645.933583910113,1.0063865388025623,1645.923861865252,1.0072241823495258,1645.8849736858058,1.0145475017506036
1645.9349727737306,1.0100618568819995,1645.9349727737306,1.0063850360448028,1645.9252507288695,0.9963163528717948,1645.886362549424,1.0037071405440678
1645.9363616373482,1.0171280730389871,1645.9363616373482,1.0063885325886022,1645.9266395924872,1.008633357018942,1645.8877514130415,0.9889407971944214
1645.9377505005016,0.983547259648704,1645.9377505005016,1.006427229990265,1645.9280284561053,1.0351295412321069,1645.8891402766592,1.0081530758690176
1645.9391393641197,0.9982767609359379,1645.9391393641197,1.006426973495595,1645.9294173197238,1.022190779101049,1645.8905291402775,1.021811097962639
1645.940528227737,1.0129415028831172,1645.940528227737,1.0064019474074621,1645.9308061828765,1.0083006627122573,1645.8919180038968,1.0165103637374566
1645.941917091356,1.008283466861588,1645.941917091356,1.0063435846943511,1645.9321950464948,1.0190589260479763,1645.8933068675149,1.0074163464433763
1645.943305954508,1.0115124130475637,1645.943305954508,1.0064331479753252,1645.933583910113,0.996037013575494,1645.8946957311323,1.038760091519333
1645.944694818126,1.016208025695436,1645.944694818126,1.0064257516830626,1645.9349727737306,1.0165111382456715,1645.896084594751,1.0231846452541535
1645.946083681745,1.006236277874098,1645.946083681745,1.0064231904742793,1645.9363616373482,1.023626028880379,1645.897473457903,0.9944386867886196
1645.9474725453636,1.032724914478679,1645.9474725453636,1.0064557400890517,1645.9377505005016,0.9898687440927612,1645.8988623215212,1.045747790693802
1645.9488614085155,0.9959049567445011,1645.9488614085155,1.0065229024032083,1645.9391393641197,1.0046926592197416,1645.9002511851402,1.0081616815158536
1645.950250272133,1.0063143607063174,1645.950250272133,1.0065319527204717,1645.940528227737,1.0194263011114106,1645.9016400487578,1.0163219000717454
1645.9516391357513,1.0254573847265187,1645.9516391357513,1.006478893694569,1645.941917091356,1.0146795984295385,1645.9030289123757,1.020010366362179
1645.9530279993694,0.99746730616951,1645.9530279993694,1.0065103618223823,1645.943305954508,1.018019622079577,1645.9044177759936,1.034524650315995
1645.9544168625223,1.0047720427742923,1645.9544168625223,1.006445296747567,1645.944694818126,1.02273792612689,1645.905806639612,1.0073532670520675
1645.9558057261404,0.9949254288328889,1645.9558057261404,1.0064195085626804,1645.946083681745,1.0126995251490132,1645.9071955032302,1.0270169979596873
1645.957194589758,1.0063237660865771,1645.957194589758,1.0064684139644704,1645.9474725453636,1.0393919181100415,1645.9085843663831,1.0117987720946755
1645.95858345291,0.9948205691658177,1645.95858345291,1.006533895256212,1645.9488614085155,1.0024011475802168,1645.9099732300012,0.990639207654
1645.959972316529,1.012424942447452,1645.959972316529,1.0065635333606844,1645.950250272133,1.0128875585323829,1645.911362093619,0.9900874996353356
1645.961361180148,1.004730423364404,1645.961361180148,1.0065889978934626,1645.9516391357513,1.0321012141104726,1645.9127509572363,1.0073451777440416
1645.9627500433,1.019427195597632,1645.9627500433,1.0065891804749567,1645.9530279993694,1.0039611792386705,1645.9141398208556,1.0160150227055689
1645.9641389069177,1.0301027156858753,1645.9641389069177,1.0065758217610905,1645.9544168625223,1.0112480967536317,1645.915528684474,1.019343256619442
1645.9655277705365,1.0136444883953553,1645.9655277705365,1.0065440512392971,1645.9558057261404,1.00131236114251,1645.916917547626,1.0247518195994811
1645.9669166341537,1.0189661135721233,1645.9669166341537,1.0065476460828369,1645.957194589758,1.01283308478791,1645.9183064112442,1.0184636734563213
1645.9683054973063,0.9990106152135642,1645.9683054973063,1.006532807477601,1645.95858345291,1.0013206225634723,1645.9196952748623,1.0270765490357932
1645.9696943609254,1.0118643722987977,1645.9696943609254,1.0065232833981708,1645.959972316529,1.019070027332395,1645.92108413848,0.985358610642414
1645.971083224543,1.0074308929527853,1645.971083224543,1.0064412210067415,1645.961361180148,1.01135059000745,1645.9224730020985,1.0120855983037238
1645.972472087695,1.0050428301547285,1645.972472087695,1.006522281441728,1645.9627500433,1.0261443853705037,1645.923861865252,1.0072241823495258
1645.973860951313,0.9879856137976043,1645.973860951313,1.0065462659008853,1645.9641389069177,1.0368764875398409,1645.9252507288695,0.9963163528717948
1645.9752498149317,1.0086744902265232,1645.9752498149317,1.0065549454943363,1645.9655277705365,1.0202778298658457,1645.9266395924872,1.008633357018942
1645.976638678084,1.0144893334280631,1645.976638678084,1.006532889785948,1645.9669166341537,1.0256379430541973,1645.9280284561053,1.0351295412321069
1645.9780275417029,1.0095820654758518,1645.9780275417029,1.0064239827089527,1645.9683054973063,1.005536959230834,1645.9294173197238,1.022190779101049
1645.979416404855,1.0143610235199183,1645.979416404855,1.0065342248994678,1645.9696943609254,1.018465050359815,1645.9308061828765,1.0083006627122573
1645.9808052684727,1.0116382315137422,1645.9808052684727,1.0065338282831042,1645.971083224543,1.0139199779833132,1645.9321950464948,1.0190589260479763
1645.9821941320904,1.0092845379006248,1645.9821941320904,1.0065137292919148,1645.972472087695,1.0115980023539886,1645.933583910113,0.996037013575494
1645.9835829952438,1.0124003487429132,1645.9835829952438,1.0065365588172113,1645.973860951313,0.9944532303317728,1645.9349727737306,1.0165111382456715
1645.984971858862,0.991185430072199,1645.984971858862,1.0065037093760518,1645.9752498149317,1.0152862965314855,1645.9363616373482,1.023626028880379
1645.9863607224795,1.0105153407975924,1645.9863607224795,1.006478265562488,1645.976638678084,1.0211168804323685,1645.9377505005016,0.9898687440927612
1645.9877495856324,0.9965877130126434,1645.9877495856324,1.0064827863937724,1645.9780275417029,1.0160676032077376,1645.9391393641197,1.0046926592197416
1645.9891384492505,0.9906227144292848,1645.9891384492505,1.0065012282357393,1645.979416404855,1.0209890865768518,1645.940528227737,1.0194263011114106
1645.9905273124025,1.0008682376320004,1645.9905273124025,1.0064409698862677,1645.9808052684727,1.0182481020030762,1645.941917091356,1.0146795984295385
1645.991916176021,1.0085549384139458,1645.991916176021,1.0064786065554967,1645.9821941320904,1.0158587441590248,1645.943305954508,1.018019622079577
1645.99330503964,0.9963332982577582,1645.99330503964,1.0064523429112917,1645.9835829952438,1.0190179631690364,1645.944694818126,1.02273792612689
1645.994693902792,0.9780884584131455,1645.994693902792,1.0063904067422775,1645.984971858862,0.9976318120471654,1645.946083681745,1.0126995251490132
1645.9960827664097,0.9995625145076378,1645.9960827664097,1.0064483388857186,1645.9863607224795,1.0170617275302474,1645.9474725453636,1.0393919181100415
1645.997471629562,0.9908218478983285,1645.997471629562,1.0064082054141572,1645.9877495856324,1.0030483782787625,1645.9488614085155,1.0024011475802168
1645.9988604931802,1.0008570027785226,1645.9988604931802,1.0063457347555707,1645.9891384492505,0.9970629787912972,1645.950250272133,1.0128875585323829
1646.0002493567988,1.000449972129934,1646.0002493567988,1.0063129467625302,1645.9905273124025,1.00731479981071,1645.9516391357513,1.0321012141104726
1646.0016382199512,1.0158270614767375,1646.0016382199512,1.0062977764646364,1645.991916176021,1.015088969049533,1645.9530279993694,1.0039611792386705
1646.0030270835698,1.0131894721205084,1646.0030270835698,1.0063700183377728,1645.99330503964,1.0027619823520555,1645.9544168625223,1.0112480967536317
1646.0044159467218,1.0126518583949367,1646.0044159467218,1.0063076433675613,1645.994693902792,0.9843388414923328,1645.9558057261404,1.00131236114251
1646.0058048103394,1.0082586823734967,1646.0058048103394,1.0062279187626784,1645.9960827664097,1.006008032338644,1645.957194589758,1.01283308478791
1646.0071936734928,1.0172686557345867,1646.0071936734928,1.0061957352689994,1645.997471629562,0.9971712378284958,1645.95858345291,1.0013206225634723
1646.008582537111,1.0050294393058539,1646.008582537111,1.0062020083662782,1645.9988604931802,1.0072081758464106,1645.959972316529,1.019070027332395
1646.0099714007283,0.9996473092146655,1646.0099714007283,1.0062446839789467,1646.0002493567988,1.0067657595425652,1645.961361180148,1.01135059000745
1646.0113602638814,0.9944403911786648,1646.0113602638814,1.006148425601133,1646.0016382199512,1.0222245132366463,1645.9627500433,1.0261443853705037
1646.0127491274989,0.9938993190604002,1646.0127491274989,1.0061678262482794,1646.0030270835698,1.0196435076375543,1645.9641389069177,1.0368764875398409
1646.0141379906515,0.9946345181682869,1646.0141379906515,1.0061691318140862,1646.0044159467218,1.01903930517319,1645.9655277705365,1.0202778298658457
1646.0155268542703,1.0071087722742837,1646.0155268542703,1.0061020944698047,1646.0058048103394,1.014538035539084,1645.9669166341537,1.0256379430541973
1646.016915717423,0.999199274441631,1646.016915717423,1.0060749135111127,1646.0071936734928,1.0235713830229691,1645.9683054973063,1.005536959230834
1646.0183045810406,1.0142797323625499,1646.0183045810406,1.0060684092417482,1646.008582537111,1.0112626402967846,1645.9696943609254,1.018465050359815
1646.0196934441926,1.0025056795177447,1646.0196934441926,1.0060356196898483,1646.0099714007283,1.0058897907511155,1645.971083224543,1.0139199779833132
1646.0210823078112,0.998971907288072,1646.0210823078112,1.0060442561862517,1646.0113602638814,1.0005546339385885,1645.972472087695,1.0115980023539886
1646.0224711709636,1.0066391041764466,1646.0224711709636,1.0060496877773573,1646.0127491274989,1.000029517368648,1645.973860951313,0.9944532303317728
1646.0238600345822,1.0031627286346398,1646.0238600345822,1.006044011600413,1646.0141379906515,1.000770549617707,1645.9752498149317,1.0152862965314855
1646.0252488977346,1.0126735362299424,1646.0252488977346,1.006070168951019,1646.0155268542703,1.0132542451440705,1645.976638678084,1.0211168804323685
1646.0266377613525,1.0131216729087322,1646.0266377613525,1.00605215425626,1646.016915717423,1.0052693236142305,1645.9780275417029,1.0160676032077376
1646.0280266245045,1.0146769979023764,1646.0280266245045,1.0059631283020136,1646.0183045810406,1.0204347968641367,1645.979416404855,1.0209890865768518
1646.0294154881233,1.0100011404329747,1646.0294154881233,1.005921954515866,1646.0196934441926,1.008556422536227,1645.9808052684727,1.0182481020030762
1646.0308043512766,1.0033869684607835,1646.0308043512766,1.0059414802604567,1646.0210823078112,1.0050099494185896,1645.9821941320904,1.0158587441590248
1646.0321932148945,0.9943383396885204,1646.0321932148945,1.0058393818311517,1646.0224711709636,1.0127289564611928,1645.9835829952438,1.0190179631690364
1646.0335820780465,1.0077029804643785,1646.0335820780465,1.005825146846144,1646.0238600345822,1.0092258558036096,1645.984971858862,0.9976318120471654
1646.0349709416644,1.001322718397082,1646.0349709416644,1.0057705122705412,1646.0252488977346,1.018820635687084,1645.9863607224795,1.0170617275302474
1646.0363598048164,1.0158192324476951,1646.0363598048164,1.0056800715114802,1646.0266377613525,1.019253241553536,1645.9877495856324,1.0030483782787625
1646.037748668435,1.0092484590904753,1646.037748668435,1.0056266856267049,1646.0280266245045,1.0207276470259703,1645.9891384492505,0.9970629787912972
1646.0391375315885,0.997196605852869,1646.0391375315885,1.0055731691503431,1646.0294154881233,1.0159823212475916,1645.9905273124025,1.00731479981071
1646.040526395206,1.0084375009829536,1646.040526395206,1.0054782498186898,1646.0308043512766,1.0093485723274926,1645.991916176021,1.015088969049533
1646.041915258358,1.0056205517236838,1646.041915258358,1.0053940481813435,1646.0321932148945,1.000144660923315,1645.99330503964,1.0027619823520555
1646.043304121976,0.9997243691376667,1646.043304121976,1.0054337182034445,1646.0335820780465,1.0135729983028805,1645.994693902792,0.9843388414923328
1646.0446929851294,1.0092200139732819,1646.0446929851294,1.0053738933676044,1646.0349709416644,1.007100863430364,1645.9960827664097,1.006008032338644
1646.0460818487477,0.9840647971226882,1646.0460818487477,1.005372182297083,1646.0363598048164,1.021589158330735,1645.997471629562,0.9971712378284958
1646.0474707118997,1.0094161128959236,1646.0474707118997,1.0052805431624934,1646.037748668435,1.0149271828890138,1645.9988604931802,1.0072081758464106
1646.0488595750523,0.9750320242590185,1646.0488595750523,1.005185353649808,1646.0391375315885,1.002754151213435,1646.0002493567988,1.0067657595425652
1646.05024843867,0.9978869431603156,1646.05024843867,1.0050998378758598,1646.040526395206,1.0139619735398735,1646.0016382199512,1.0222245132366463
1646.051637301822,0.9937351015751238,1646.051637301822,1.0050107789214675,1646.041915258358,1.0110449174318306,1646.0030270835698,1.0196435076375543
1646.053026165441,0.9821252210858699,1646.053026165441,1.004959610025701,1646.043304121976,1.0051565896406771,1646.0044159467218,1.01903930517319
1646.0544150285934,0.998629921794734,1646.0544150285934,1.004847721557802,1646.0446929851294,1.0146434547128265,1646.0058048103394,1.014538035539084
1646.055803892211,1.007162907652252,1646.055803892211,1.0048404298722957,1646.0460818487477,0.9893513726049732,1646.0071936734928,1.0235713830229691
1646.057192755364,1.0028417740580644,1646.057192755364,1.0047730515891704,1646.0474707118997,1.0147463782489867,1646.008582537111,1.0112626402967846
1646.0585816185164,1.0032279788328071,1646.0585816185164,1.0046952300444503,1646.0488595750523,0.9800879101246898,1646.0099714007283,1.0058897907511155
1646.059970482135,1.004756027005796,1646.059970482135,1.004699794015788,1646.05024843867,1.0029760047888705,1646.0113602638814,1.0005546339385885
1646.0613593452874,1.0019814734664998,1646.0613593452874,1.0045857032833527,1646.051637301822,0.9987144884756188,1646.0127491274989,1.000029517368648
1646.0627482089058,1.0037334556893667,1646.0627482089058,1.0045819414408435,1646.053026165441,0.9869961791788612,1646.0141379906515,1.000770549617707
1646.0641370720575,0.993831618476585,1646.0641370720575,1.0045552108371918,1646.0544150285934,1.0034710015948844,1646.0155268542703,1.0132542451440705
1646.0655259352095,0.998236537978925,1646.0655259352095,1.0045224042332899,1646.055803892211,1.01203800907672,1646.016915717423,1.0052693236142305
1646.066914798828,1.0155515407568634,1646.066914798828,1.0044751150270061,1646.057192755364,1.0076283895814186,1646.0183045810406,1.0204347968641367
1646.0683036619805,1.0192512381368894,1646.0683036619805,1.0043739750264917,1646.0585816185164,1.007938364980456,1646.0196934441926,1.008556422536227
1646.069692525599,1.0075807925405573,1646.069692525599,1.004355439732904,1646.059970482135,1.0094781733688447,1646.0210823078112,1.0050099494185896
1646.0710813887515,1.0023634503700354,1646.0710813887515,1.0044200031795336,1646.0613593452874,1.0065762631992337,1646.0224711709636,1.0127289564611928
1646.0724702519044,0.991516010618123,1646.0724702519044,1.0043631015638725,1646.0627482089058,1.0083325036055508,1646.0238600345822,1.0092258558036096
1646.073859115522,0.997480961463334,1646.073859115522,1.0044330000064516,1646.0641370720575,0.9983587310354134,1646.0252488977346,1.018820635687084
1646.0752479786745,0.9995652907875823,1646.0752479786745,1.0044435160731606,1646.0655259352095,1.0027509671241055,1646.0266377613525,1.019253241553536
1646.0766368418278,0.9969997879205844,1646.0766368418278,1.0044223103920156,1646.066914798828,1.0200962507176037,1646.0280266245045,1.0207276470259703
1646.0780257054455,0.9930766430475596,1646.0780257054455,1.0044734926690932,1646.0683036619805,1.0237094175982209,1646.0294154881233,1.0159823212475916
1646.0794145685977,1.0046529377553526,1646.0794145685977,1.0043966982771106,1646.069692525599,1.0119692499584994,1646.0308043512766,1.0093485723274926
1646.08080343175,1.0051004598354467,1646.08080343175,1.004349419484755,1646.0710813887515,1.0067939000077193,1646.0321932148945,1.000144660923315
1646.0821922953676,1.0199939007092,1646.0821922953676,1.0042290540572183,1646.0724702519044,0.9958420956746556,1646.0335820780465,1.0135729983028805
1646.0835811585205,0.9946116216741644,1646.0835811585205,1.0040903122510527,1646.073859115522,1.0019027945719363,1646.0349709416644,1.007100863430364
1646.0849700216738,1.009764420364796,1646.0849700216738,1.003965463834845,1646.0752479786745,1.0040068752233704,1646.0363598048164,1.021589158330735
1646.086358885292,1.016885666035164,1646.086358885292,1.0038242211877735,1646.0766368418278,1.001408830443543,1646.037748668435,1.0149271828890138
1646.087747748444,0.992749856798687,1646.087747748444,1.0037035859374837,1646.0780257054455,0.9975191641300806,1646.0391375315885,1.002754151213435
1646.089136611596,0.9995772055305505,1646.089136611596,1.003648270412222,1646.0794145685977,1.0090700935958756,1646.040526395206,1.0139619735398735
1646.090525475215,0.9964004545322942,1646.090525475215,1.003567378877222,1646.08080343175,1.0094720633595913,1646.041915258358,1.0110449174318306
1646.0919143383678,0.9872381895076598,1646.0919143383678,1.0034207494037684,1646.0821922953676,1.024307510053332,1646.043304121976,1.0051565896406771
1646.0933032015198,0.9942999151610323,1646.0933032015198,1.0032958656294928,1646.0835811585205,0.9986798937753376,1646.0446929851294,1.0146434547128265
1646.094692065138,1.0114349273377825,1646.094692065138,1.0032370865543996,1646.0849700216738,1.0137686046554657,1646.0460818487477,0.9893513726049732
1646.09608092829,1.0147327551655305,1646.09608092829,1.0031633278959324,1646.086358885292,1.0207744617447587,1646.0474707118997,1.0147463782489867
1646.097469791442,0.9982044608008802,1646.097469791442,1.00307314386471,1646.087747748444,0.9964265912077656,1646.0488595750523,0.9800879101246898
1646.0988586545952,0.9995949448267908,1646.0988586545952,1.0029613572884137,1646.089136611596,1.0032239334742192,1646.05024843867,1.0029760047888705
1646.1002475182142,1.002025350520426,1646.1002475182142,1.002824063592914,1646.090525475215,0.999954992467047,1646.051637301822,0.9987144884756188
1646.1016363813662,0.9933134350420784,1646.1016363813662,1.002801951093989,1646.0919143383678,0.9906152839557956,1646.053026165441,0.9869961791788612
1646.1030252445182,1.0220588989799964,1646.1030252445182,1.0026912132520267,1646.0933032015198,0.9975769940768192,1646.0544150285934,1.0034710015948844
1646.1044141081363,1.0151171703313342,1646.1044141081363,1.0026869656865742,1646.094692065138,1.0147090297417178,1646.055803892211,1.01203800907672
1646.1058029712892,1.0009201119169115,1646.1058029712892,1.002575541622499,1646.09608092829,1.017942687596862,1646.057192755364,1.0076283895814186
1646.1071918344417,0.9943215989785991,1646.1071918344417,1.0025285488506004,1646.097469791442,1.0012720867153166,1646.0585816185164,1.007938364980456
1646.1085806975946,0.9948054272260699,1646.1085806975946,1.0024465902600534,1646.0988586545952,1.0025551026021151,1646.059970482135,1.0094781733688447
1646.109969561212,0.9839021293040471,1646.109969561212,1.002469359309462,1646.1002475182142,1.0048551338320075,1646.0613593452874,1.0065762631992337
1646.1113584243635,1.002080584460707,1646.1113584243635,1.002376842428278,1646.1016363813662,0.9960966507080684,1646.0627482089058,1.0083325036055508
1646.1127472875166,1.000472976681764,1646.1127472875166,1.0022426792329517,1646.1030252445182,1.0248094774332832,1646.0641370720575,0.9983587310354134
1646.11413615067,1.002191857288013,1646.11413615067,1.0022356669085968,1646.1044141081363,1.0178447553358667,1646.0655259352095,1.0027509671241055
1646.115525014288,1.021736797376031,1646.115525014288,1.0021644644531158,1646.1058029712892,1.00349802332595,1646.066914798828,1.0200962507176037
1646.11691387744,1.0027962133189654,1646.11691387744,1.0020508623398066,1646.1071918344417,0.9968357897148236,1646.0683036619805,1.0237094175982209
1646.118302740593,1.0201627646866591,1646.118302740593,1.0019711454356046,1646.1085806975946,0.9972393084949696,1646.069692525599,1.0119692499584994
1646.119691603745,0.9895864878518831,1646.119691603745,1.0018341074995893,1646.109969561212,0.9863317371866436,1646.0710813887515,1.0067939000077193
1646.121080467363,1.007223567820877,1646.121080467363,1.001903001393552,1646.1113584243635,1.004462372110407,1646.0724702519044,0.9958420956746556
1646.1224693305164,0.9992045644177404,1646.1224693305164,1.0018129463862657,1646.1127472875166,1.0027167166496975,1646.073859115522,1.0019027945719363
1646.1238581936684,1.0000032313706364,1646.1238581936684,1.0016913871388358,1646.11413615067,1.004432424459417,1646.0752479786745,1.0040068752233704
1646.1252470568204,0.9913743116498698,1646.1252470568204,1.0015639599787063,1646.115525014288,1.0239483103543918,1646.0766368418278,1.001408830443543
1646.126635919973,1.0038740219056055,1646.126635919973,1.0015187608677012,1646.11691387744,1.004852810307362,1646.0780257054455,0.9975191641300806
1646.1280247835914,0.9943373793634369,1646.1280247835914,1.001422325050152,1646.118302740593,1.022173653863845,1646.0794145685977,1.0090700935958756
1646.1294136467438,1.0002087467454632,1646.1294136467438,1.001361929786062,1646.119691603745,0.9914014958507444,1646.08080343175,1.0094720633595913
1646.1308025098967,0.993578563200823,1646.1308025098967,1.001243573487814,1646.121080467363,1.0091403156740584,1646.0821922953676,1.024307510053332
1646.1321913730492,0.9859537835399532,1646.1321913730492,1.001110139113017,1646.1224693305164,1.0010160687219418,1646.0835811585205,0.9986798937753376
1646.1335802362012,0.987859204433119,1646.1335802362012,1.0010542903709074,1646.1238581936684,1.0016946239749709,1646.0849700216738,1.0137686046554657
1646.1349690998188,1.0128566581040115,1646.1349690998188,1.0009442122747347,1646.1252470568204,0.9929247813972076,1646.086358885292,1.0207744617447587
1646.1363579629715,1.017749577566118,1646.1363579629715,1.0008303357266626,1646.126635919973,1.0053986664861776,1646.087747748444,0.9964265912077656
1646.1377468261242,1.009353898100361,1646.1377468261242,1.0008272773724374,1646.1280247835914,0.995751650326408,1646.089136611596,1.0032239334742192
1646.139135689277,0.9793846805813343,1646.139135689277,1.0008054605560164,1646.1294136467438,1.0015709608299357,1646.090525475215,0.999954992467047
1646.1405245524295,0.9933426212170665,1646.1405245524295,1.0007587844559498,1646.1308025098967,0.99481415116008,1646.0919143383678,0.9906152839557956
1646.1419134155824,0.9980017608460706,1646.1419134155824,1.0007148445115874,1646.1321913730492,0.987048329398688,1646.0933032015198,0.9975769940768192
1646.1433022791998,1.0275630959330788,1646.1433022791998,1.000588178920129,1646.1335802362012,0.9889006948801652,1646.094692065138,1.0147090297417178
1646.1446911423525,0.9956901383254425,1646.1446911423525,1.0004750815685135,1646.1349690998188,1.0138130097931402,1646.09608092829,1.017942687596862
1646.1460800055058,1.0121489991582133,1646.1460800055058,1.0004311767478065,1646.1363579629715,1.018594651401167,1646.097469791442,1.0012720867153166
1646.1474688686578,0.9805843527024712,1646.1474688686578,1.0002884859409789,1646.1377468261242,1.0101889137410407,1646.0988586545952,1.0025551026021151
1646.1488577318098,1.000451071548241,1646.1488577318098,1.0003578699423428,1646.139135689277,0.9801735363107092,1646.1002475182142,1.0048551338320075
1646.1502465949625,1.0177357708230232,1646.1502465949625,1.0002812722573722,1646.1405245524295,0.9940963541574784,1646.1016363813662,0.9960966507080684
1646.1516354581142,1.029608019732027,1646.1516354581142,1.000206080007143,1646.1419134155824,0.998715176927366,1646.1030252445182,1.0248094774332832
1646.1530243212671,1.0089393210233133,1646.1530243212671,1.000088161029197,1646.1433022791998,1.028167486885209,1646.1044141081363,1.0178447553358667
1646.1544131848862,1.0009287401021332,1646.1544131848862,1.000030503021311,1646.1446911423525,0.9961631723581116,1646.1058029712892,1.00349802332595
1646.1558020480386,1.0218841098991782,1646.1558020480386,0.9999422784524932,1646.1460800055058,1.012585414271966,1646.1071918344417,0.9968357897148236
1646.1571909111906,1.002624764236267,1646.1571909111906,0.9998346473025354,1646.1474688686578,0.9808672375021698,1646.1085806975946,0.9972393084949696
1646.1585797743426,1.0066843998041668,1646.1585797743426,0.9997800830952184,1646.1488577318098,1.0008091029155328,1646.109969561212,0.9863317371866436
1646.159968637496,0.9965562989826413,1646.159968637496,0.9996573271937957,1646.1502465949625,1.018022031660691,1646.1113584243635,1.004462372110407
1646.1613575006484,1.0126759098219416,1646.1613575006484,0.9997167144907926,1646.1516354581142,1.029820201360088,1646.1127472875166,1.0027167166496975
1646.1627463638004,0.9861309673568635,1646.1627463638004,0.9996926465119664,1646.1530243212671,1.009028270152252,1646.11413615067,1.004432424459417
1646.1641352269532,1.0043959445891115,1646.1641352269532,0.9995977251865535,1646.1544131848862,1.0009592714528233,1646.115525014288,1.0239483103543918
1646.1655240901052,1.0121573274152689,1646.1655240901052,0.9994617620172563,1646.1558020480386,1.021825125166982,1646.11691387744,1.004852810307362
1646.1669129537229,0.9909362644815153,1646.1669129537229,0.9993188958722357,1646.1571909111906,1.0024589775269557,1646.118302740593,1.022173653863845
1646.1683018168762,0.9968243591175441,1646.1683018168762,0.9991970239110635,1646.1585797743426,1.00646301288687,1646.119691603745,0.9914014958507444
1646.1696906800296,1.0108248995802986,1646.1696906800296,0.9991252958901399,1646.159968637496,0.9962148062391284,1646.121080467363,1.0091403156740584
1646.1710795431816,1.0029191604591423,1646.1710795431816,0.9990498314245118,1646.1613575006484,1.0123890334111656,1646.1224693305164,1.0010160687219418
1646.1724684063336,1.0137522408262931,1646.1724684063336,0.9990949258324336,1646.1627463638004,0.9858278765643884,1646.1238581936684,1.0016946239749709
1646.173857269486,1.0122424663841085,1646.173857269486,0.998996912851933,1646.1641352269532,1.0039919013978755,1646.1252470568204,0.9929247813972076
1646.1752461326384,1.0058656986802152,1646.1752461326384,0.9988817117039908,1646.1655240901052,1.0116125458971417,1646.126635919973,1.0053986664861776
1646.1766349957911,0.9841340933035595,1646.1766349957911,0.9988337816200026,1646.1669129537229,0.9902613337014256,1646.1280247835914,0.995751650326408
1646.1780238589438,0.9844593231608593,1646.1780238589438,0.998762813474479,1646.1683018168762,0.9960239329923032,1646.1294136467438,1.0015709608299357
1646.1794127220958,0.9939395827191285,1646.1794127220958,0.9986479246019582,1646.1696906800296,1.0099407268862868,1646.1308025098967,0.99481415116008
1646.1808015852478,1.013208126487336,1646.1808015852478,0.9985301985284477,1646.1710795431816,1.001966218189119,1646.1321913730492,0.987048329398688
1646.182190448401,1.0097408046326428,1646.182190448401,0.9984486386914809,1646.1724684063336,1.0128347198608088,1646.1335802362012,0.9889006948801652
1646.183579311554,0.9991077061980439,1646.183579311554,0.998356550425315,1646.173857269486,1.0112270989753511,1646.1349690998188,1.0138130097931402
1646.1849681747065,0.9899726046644509,1646.1849681747065,0.9983595889207723,1646.1752461326384,1.004740850842024,1646.1363579629715,1.018594651401167
1646.1863570378584,0.9941258941715585,1646.1863570378584,0.9982388996725274,1646.1766349957911,0.9829863780355668,1646.1377468261242,1.0101889137410407
1646.187745901011,1.0036618507460466,1646.187745901011,0.9981461855849226,1646.1780238589438,0.9832413633513212,1646.139135689277,0.9801735363107092
1646.189134764163,0.9878101591918639,1646.189134764163,0.998108948748796,1646.1794127220958,0.992595701462194,1646.1405245524295,0.9940963541574784
1646.1905236273158,0.9762523349436787,1646.1905236273158,0.9980579224684801,1646.1808015852478,1.0117189116920362,1646.1419134155824,0.998715176927366
1646.1919124904691,1.0026911127389082,1646.1919124904691,0.9979149144411578,1646.182190448401,1.008174331816703,1646.1433022791998,1.028167486885209
1646.193301353621,1.0130865538697016,1646.193301353621,0.997790467583976,1646.183579311554,0.9974657230632282,1646.1446911423525,0.9961631723581116
1646.194690216773,0.9968038246641755,1646.194690216773,0.9976558545154905,1646.1849681747065,0.9883486426356274,1646.1460800055058,1.012585414271966
1646.1960790799255,0.9917724706922634,1646.1960790799255,0.9975345213033342,1646.1863570378584,0.992375138733784,1646.1474688686578,0.9808672375021698
1646.1974679430784,1.0025770855697425,1646.1974679430784,0.9975206957787887,1646.187745901011,1.0018012479392704,1646.1488577318098,1.0008091029155328
1646.1988568062309,1.0152358389572187,1646.1988568062309,0.9974263082874114,1646.189134764163,0.985942159554372,1646.1502465949625,1.018022031660691
1646.2002456693838,1.005915420103609,1646.2002456693838,0.9973638653031746,1646.1905236273158,0.9743563772188908,1646.1516354581142,1.029820201360088
1646.2016345325362,0.9941281482322885,1646.2016345325362,0.9972517024084094,1646.1919124904691,1.0006004159797568,1646.1530243212671,1.009028270152252
1646.2030233956882,1.006189434836395,1646.2030233956882,0.997213873572188,1646.193301353621,1.0108481062886885,1646.1544131848862,1.0009592714528233
1646.2044122588402,0.980810169216128,1646.2044122588402,0.9971796047647361,1646.194690216773,0.9944671714796472,1646.1558020480386,1.021825125166982
1646.2058011219935,0.9826401074203442,1646.2058011219935,0.9970609894574913,1646.1960790799255,0.989327276793832,1646.1571909111906,1.0024589775269557
1646.2071899851462,1.0095012096623694,1646.2071899851462,0.997009834290617,1646.1974679430784,1.0000913919693997,1646.1585797743426,1.00646301288687
1646.208578848298,1.022638411782858,1646.208578848298,0.9969186600081982,1646.1988568062309,1.0126229348921716,1646.159968637496,0.9962148062391284
1646.2099677114509,1.0027586990432145,1646.2099677114509,0.9968888767248126,1646.2002456693838,1.003263691562602,1646.1613575006484,1.0123890334111656
1646.211356574603,0.9801481767530185,1646.211356574603,0.9967495490057091,1646.2016345325362,0.9913959882367692,1646.1627463638004,0.9858278765643884
1646.2127454377553,0.9867763560439526,1646.2127454377553,0.9966924331528271,1646.2030233956882,1.003386063860612,1646.1641352269532,1.0039919013978755
1646.2141343009082,0.9942145226869141,1646.2141343009082,0.9966063370867903,1646.2044122588402,0.9780438968881724,1646.1655240901052,1.0116125458971417
1646.2155231640616,0.9950584277574891,1646.2155231640616,0.9965256363372859,1646.2058011219935,0.979752117785144,1646.1669129537229,0.9902613337014256
1646.2169120272135,1.0024996480711894,1646.2169120272135,0.9964636914216064,1646.2071899851462,1.0064826337616564,1646.1683018168762,0.9960239329923032
1646.2183008903655,0.9924962438040902,1646.2183008903655,0.9963329596439499,1646.208578848298,1.0194873151474788,1646.1696906800296,1.0099407268862868
1646.219689753518,0.9902960088171177,1646.219689753518,0.9962270795676055,1646.2099677114509,0.9996389931152244,1646.1710795431816,1.001966218189119
1646.2210786166709,0.9971092156129099,1646.2210786166709,0.9961855972101706,1646.211356574603,0.9769622531373392,1646.1724684063336,1.0128347198608088
1646.2224674798233,1.0139311065728471,1646.2224674798233,0.9961239436518295,1646.2127454377553,0.9835125272831275,1646.173857269486,1.0112270989753511
1646.22385634251,1.0089631338497738,1646.22385634251,0.9960527638624734,1646.2141343009082,0.990840493733497,1646.1752461326384,1.004740850842024
1646.225245205663,1.0004848009076681,1646.225245205663,0.9960997015454675,1646.2155231640616,0.991601232913811,1646.1766349957911,0.9829863780355668
1646.226634068815,0.9951082683723282,1646.226634068815,0.995993687983636,1646.2169120272135,0.9989544999658786,1646.1780238589438,0.9832413633513212
1646.228022931967,0.9885131474904947,1646.228022931967,0.995880349094504,1646.2183008903655,0.9888567200248324,1646.1794127220958,0.992595701462194
1646.2294117951203,1.0189594422347965,1646.2294117951203,0.9958256331413833,1646.219689753518,0.9865597007713328,1646.1808015852478,1.0117189116920362
1646.2308006582728,0.9941699785964357,1646.2308006582728,0.9957911787186747,1646.2210786166709,0.9933058394391114,1646.182190448401,1.008174331816703
1646.2321895214247,0.9996045837845963,1646.2321895214247,0.9957750088719826,1646.2224674798233,1.010001052470608,1646.183579311554,0.9974657230632282
1646.2335783845776,1.003079625643358,1646.2335783845776,0.9957282229349657,1646.22385634251,1.00498051810641,1646.1849681747065,0.9883486426356274
1646.2349672477296,0.9972781142614459,1646.2349672477296,0.9956351306860992,1646.225245205663,0.9965826115849046,1646.1863570378584,0.992375138733784
1646.2363561104164,0.9972052991839048,1646.2363561104164,0.9956823733061649,1646.226634068815,0.991121554159165,1646.187745901011,1.0018012479392704
1646.2377449735698,1.0178381167431552,1646.2377449735698,0.9956382504952274,1646.228022931967,0.9844408184073408,1646.189134764163,0.985942159554372
1646.2391338367215,1.0026912606196494,1646.2391338367215,0.9955325949754859,1646.2294117951203,1.014705931708857,1646.1905236273158,0.9743563772188908
1646.2405226998735,0.9862406957367826,1646.2405226998735,0.99547458046339,1646.2308006582728,0.9899856948332644,1646.1919124904691,1.0006004159797568
1646.2419115630262,0.9776648249042794,1646.2419115630262,0.9953677228147555,1646.2321895214247,0.9953812632865808,1646.193301353621,1.0108481062886885
1646.243300426179,0.999599921450528,1646.243300426179,0.9952347839870838,1646.2335783845776,0.9987946931041316,1646.194690216773,0.9944671714796472
1646.2446892893315,0.9783983165457708,1646.2446892893315,0.9951570764291704,1646.2349672477296,0.9929251256230812,1646.1960790799255,0.989327276793832
1646.2460781524844,1.0099658181965478,1646.2460781524844,0.9951423681926803,1646.2363561104164,0.9928997389649146,1646.1974679430784,1.0000913919693997
1646.2474670151712,0.9945614549363677,1646.2474670151712,0.9950972389353292,1646.2377449735698,1.013398561841512,1646.1988568062309,1.0126229348921716
1646.2488558783232,0.9926912001791453,1646.2488558783232,0.9950756814757872,1646.2391338367215,0.9982118326439208,1646.2002456693838,1.003263691562602
1646.2502447414752,1.0003669906498958,1646.2502447414752,0.9950485330673249,1646.2405226998735,0.9817775428244956,1646.2016345325362,0.9913959882367692
1646.2516336046283,0.9758506357117452,1646.2516336046283,0.9949669809955793,1646.2419115630262,0.9731360104410592,1646.2030233956882,1.003386063860612
1646.2530224677814,1.014529284884784,1646.2530224677814,0.9949319916169408,1646.243300426179,0.9948366118983222,1646.2044122588402,0.9780438968881724
1646.2544113309332,0.9644678486739587,1646.2544113309332,0.9948432603488334,1646.2446892893315,0.9736600082769112,1646.2058011219935,0.979752117785144
1646.2558001936202,0.9867337504782367,1646.2558001936202,0.9947571185024233,1646.2460781524844,1.0050597761137707,1646.2071899851462,1.0064826337616564
1646.2571890567726,1.0026876876983835,1646.2571890567726,0.9947079234748262,1646.2474670151712,0.9896853577586834,1646.208578848298,1.0194873151474788
1646.2585779199246,0.9834157565334319,1646.2585779199246,0.9946772995749649,1646.2488558783232,0.98780287251328,1646.2099677114509,0.9996389931152244
1646.2599667830775,1.0100471342085529,1646.2599667830775,0.9946651328326017,1646.2502447414752,0.995413706575153,1646.211356574603,0.9769622531373392
1646.2613556462309,0.9892983449860595,1646.2613556462309,0.9945861836177696,1646.2516336046283,0.970939160916732,1646.2127454377553,0.9835125272831275
1646.2627445089172,0.9714427504458086,1646.2627445089172,0.9945376966687774,1646.2530224677814,1.0093876419641288,1646.2141343009082,0.990840493733497
1646.2641333720692,1.0001829919334457,1646.2641333720692,0.9945207187643734,1646.2544113309332,0.9594943390764265,1646.2155231640616,0.991601232913811
1646.2655222352216,0.9759635844965245,1646.2655222352216,0.9944812296259051,1646.2558001936202,0.98156042235482,1646.2169120272135,0.9989544999658786
1646.2669110983743,0.9781796812606094,1646.2669110983743,0.9944238216106905,1646.2571890567726,0.997381387724234,1646.2183008903655,0.9888567200248324
1646.2682999610613,0.9884093088818503,1646.2682999610613,0.9944100425997128,1646.2585779199246,0.9781813290681451,1646.219689753518,0.9865597007713328
1646.2696888242142,0.9981085989372697,1646.2696888242142,0.9943969888068332,1646.2599667830775,1.0046586669147388,1646.2210786166709,0.9933058394391114
1646.2710776873666,1.0006535546861048,1646.2710776873666,0.9943957510570257,1646.2613556462309,0.9839424653990606,1646.2224674798233,1.010001052470608
1646.2724665505186,1.0183732407888626,1646.2724665505186,0.9943918044668661,1646.2627445089172,0.9661364354739564,1646.22385634251,1.00498051810641
1646.2738554136706,0.9810819873746244,1646.2738554136706,0.9942732537075397,1646.2641333720692,0.994702708033552,1646.225245205663,0.9965826115849046
1646.2752442763583,1.0058552247192667,1646.2752442763583,0.994211370465452,1646.2655222352216,0.9705774655802096,1646.226634068815,0.991121554159165
1646.2766331395107,0.9900045477091423,1646.2766331395107,0.994213809078926,1646.2669110983743,0.9727251768611024,1646.228022931967,0.9844408184073408
1646.2780220026627,0.9962493470332874,1646.2780220026627,0.9941822443229308,1646.2682999610613,0.9828841429511534,1646.2294117951203,1.014705931708857
1646.2794108658156,0.9983895698327521,1646.2794108658156,0.9941531711468833,1646.2696888242142,0.9925161852854282,1646.2308006582728,0.9899856948332644
1646.280799728502,0.9811931688923446,1646.280799728502,0.9940762169383602,1646.2710776873666,0.9950456430599718,1646.2321895214247,0.9953812632865808
1646.282188591654,0.9995931841855706,1646.282188591654,0.9939762913137589,1646.2724665505186,1.0126620045288075,1646.2335783845776,0.9987946931041316
1646.2835774548073,0.9867988850283338,1646.2835774548073,0.993941036340357,1646.2738554136706,0.9754635797408272,1646.2349672477296,0.9929251256230812
1646.2849663179609,0.9874959182491397,1646.2849663179609,0.9938276902916855,1646.2752442763583,1.0000327014579773,1646.2363561104164,0.9928997389649146
1646.2863551806468,0.9947583893900214,1646.2863551806468,0.9937889309707699,1646.2766331395107,0.9842761923833656,1646.2377449735698,1.013398561841512
1646.2877440437985,0.9855980433105743,1646.2877440437985,0.99376113168169,1646.2780220026627,0.990453411738808,1646.2391338367215,0.9982118326439208
1646.2891329069514,0.9762558408625692,1646.2891329069514,0.9936554135452449,1646.2794108658156,0.9925521568892032,1646.2405226998735,0.9817775428244956
1646.2905217696382,0.9826008651768133,1646.2905217696382,0.9936717781168446,1646.280799728502,0.9753807934182636,1646.2419115630262,0.9731360104410592
1646.291910632791,0.9822059570611645,1646.291910632791,0.9935967706475399,1646.282188591654,0.9935719260392846,1646.243300426179,0.9948366118983222
1646.2932994959435,1.0134417808373941,1646.2932994959435,0.9935978956590532,1646.2835774548073,0.980819906444571,1646.2446892893315,0.9736600082769112
1646.2946883590955,0.9946980784581327,1646.2946883590955,0.9936116161358342,1646.2849663179609,0.9814007876060096,1646.2460781524844,1.0050597761137707
1646.2960772217818,1.0076558186191455,1646.2960772217818,0.993578854414926,1646.2863551806468,0.9885798763661142,1646.2474670151712,0.9896853577586834
1646.2974660849347,0.9936301070657578,1646.2974660849347,0.9936245071336975,1646.2877440437985,0.9794490269035756,1646.2488558783232,0.98780287251328
1646.298854948088,1.0018894784690304,1646.298854948088,0.9936030947403275,1646.2891329069514,0.970061901278257,1646.2502447414752,0.995413706575153
1646.3002438107749,1.0008256043092032,1646.3002438107749,0.9936959100976673,1646.2905217696382,0.976382748879394,1646.2516336046283,0.970939160916732
1646.3016326739269,0.9921787415156427,1646.3016326739269,0.9936816433057233,1646.291910632791,0.9759166670467494,1646.2530224677814,1.0093876419641288
1646.3030215370795,0.9654083420668301,1646.3030215370795,0.9936299373132829,1646.2932994959435,1.006953620812998,1646.2544113309332,0.9594943390764265
1646.3044103997656,0.9927444207269601,1646.3044103997656,0.9937087050757195,1646.2946883590955,0.988343565303994,1646.2558001936202,0.98156042235482
1646.3057992629183,0.9734790419221516,1646.3057992629183,0.9937275001845717,1646.2960772217818,1.0011855139081451,1646.2571890567726,0.997381387724234
1646.307188126072,0.9898912223733566,1646.307188126072,0.9936888288548201,1646.2974660849347,0.9872952254064168,1646.2585779199246,0.9781813290681451
1646.3085769887582,0.9797155625566095,1646.3085769887582,0.993687750877652,1646.298854948088,0.9954804863946014,1646.2599667830775,1.0046586669147388
1646.3099658519102,0.9799541290892947,1646.3099658519102,0.9936763601283111,1646.3002438107749,0.9945163097230816,1646.2613556462309,0.9839424653990606
1646.3113547150626,0.9752844171197068,1646.3113547150626,0.9936705545314349,1646.3016326739269,0.9859098023222682,1646.2627445089172,0.9661364354739564
1646.31274357775,0.9914106933383893,1646.31274357775,0.9936271786433883,1646.3030215370795,0.9592586304095848,1646.2641333720692,0.994702708033552
1646.3141324409023,0.9849365292792295,1646.3141324409023,0.9936046489443227,1646.3044103997656,0.9864987727917328,1646.2655222352216,0.9705774655802096
1646.3155213040552,0.9988287218941788,1646.3155213040552,0.9936045009604958,1646.3057992629183,0.9673728948113716,1646.2669110983743,0.9727251768611024
1646.316910166742,0.9927280811923898,1646.316910166742,0.9936235504514946,1646.307188126072,0.983643849453847,1646.2682999610613,0.9828841429511534
1646.318299029894,1.000235611589366,1646.318299029894,0.9936267936719482,1646.3085769887582,0.973531353856711,1646.2696888242142,0.9925161852854282
1646.329409933717,0.9983592853435556,1646.329409933717,0.9936241623050348,1646.3099658519102,0.9737572520861594,1646.2710776873666,0.9950456430599718
1646.330798796405,0.9837152777950904,1646.330798796405,0.993626739867168,1646.3113547150626,0.9691114075852064,1646.2724665505186,1.0126620045288075
1646.332187659557,0.99918847238835,1646.332187659557,0.9935979842397431,1646.31274357775,0.9850926100987092,1646.2738554136706,0.9754635797408272
1646.333576522243,0.9855673221315028,1646.333576522243,0.9936136329726871,1646.3141324409023,0.9786375144069284,1646.2752442763583,1.0000327014579773
1646.3349653853954,0.9936376759115765,1646.3349653853954,0.9936385036540218,1646.3155213040552,0.9924407137626754,1646.2766331395107,0.9842761923833656
1646.336354248548,0.9904913141664049,1646.336354248548,0.993602882529238,1646.316910166742,0.986398000667282,1646.2780220026627,0.990453411738808
1646.337743111235,0.9914890314345024,1646.337743111235,0.993583563273204,1646.318299029894,0.993860903660042,1646.2794108658156,0.9925521568892032
1646.3391319743876,0.9876689906710487,1646.3391319743876,0.99357006727789,1646.329409933717,0.9919939085789437,1646.280799728502,0.9753807934182636
1646.3405208370748,1.0032713475691823,1646.3405208370748,0.9935709303239451,1646.330798796405,0.9774458044330612,1646.282188591654,0.9935719260392846
1646.3419097002268,0.9776542522025559,1646.3419097002268,0.9935430227756444,1646.332187659557,0.9927916520406528,1646.2835774548073,0.980819906444571
1646.343298562913,0.9989495731347582,1646.343298562913,0.9935374490317411,1646.333576522243,0.979273127482245,1646.2849663179609,0.9814007876060096
1646.3446874260665,0.993937972204719,1646.3446874260665,0.9935699894690923,1646.3349653853954,0.9873166534670388,1646.2863551806468,0.9885798763661142
1646.346076289219,1.0001733337568057,1646.346076289219,0.9935506532174914,1646.336354248548,0.984155024875913,1646.2877440437985,0.9794490269035756
1646.3474651519052,0.9923932622491465,1646.3474651519052,0.9935530398676558,1646.337743111235,0.9851272047989906,1646.2891329069514,0.970061901278257
1646.348854015058,0.9823601758778102,1646.348854015058,0.9935786729707121,1646.3391319743876,0.9813183455093196,1646.2905217696382,0.976382748879394
1646.3502428777442,0.9904333834183238,1646.3502428777442,0.993586449024627,1646.3405208370748,0.9968212461716704,1646.291910632791,0.9759166670467494
1646.351631740897,0.9904824955713596,1646.351631740897,0.9935683740988436,1646.3419097002268,0.9713415609627896,1646.2932994959435,1.006953620812998
1646.3530206035846,0.9868752454249917,1646.3530206035846,0.9935134941631404,1646.343298562913,0.9924938106036544,1646.2946883590955,0.988343565303994
1646.354409466737,1.0190123798184088,1646.354409466737,0.9935358679560218,1646.3446874260665,0.9875469405763736,1646.2960772217818,1.0011855139081451
1646.3557983294234,0.9873238289251434,1646.3557983294234,0.9935383479970575,1646.346076289219,0.9937228690847904,1646.2974660849347,0.9872952254064168
1646.357187192575,1.005224077909471,1646.357187192575,0.9934644851897789,1646.3474651519052,0.9859953424518192,1646.298854948088,0.9954804863946014
1646.3585760552626,0.9931951612162812,1646.3585760552626,0.9935064057778401,1646.348854015058,0.97605211992795,1646.3002438107749,0.9945163097230816
1646.359964918415,0.9728918111347006,1646.359964918415,0.9934708926755232,1646.3502428777442,0.9840811884260592,1646.3016326739269,0.9859098023222682
1646.3613537811025,0.9944545026349468,1646.3613537811025,0.993561800334961,1646.351631740897,0.9841120826982008,1646.3030215370795,0.9592586304095848
1646.3627426442547,0.9810525880874976,1646.3627426442547,0.9935540208478165,1646.3530206035846,0.9804738733852902,1646.3044103997656,0.9864987727917328
1646.364131506941,1.0127586102851018,1646.364131506941,0.9935017755530096,1646.354409466737,1.0124253492408142,1646.3057992629183,0.9673728948113716
1646.365520370093,1.0013864163776465,1646.365520370093,0.9935165838993378,1646.3557983294234,0.9809440859284164,1646.307188126072,0.983643849453847
1646.3669092327807,0.9760593597237387,1646.3669092327807,0.9935366240052637,1646.357187192575,0.9986544210607028,1646.3085769887582,0.973531353856711
1646.368298095934,0.9833636844124773,1646.368298095934,0.9935490791159433,1646.3585760552626,0.98674575485593,1646.3099658519102,0.9737572520861594
1646.3696869586204,0.9852537116466207,1646.3696869586204,0.9935438418761176,1646.359964918415,0.9665396960846976,1646.3113547150626,0.9691114075852064
1646.3710758217724,1.0171040343215498,1646.3710758217724,0.9935472189634078,1646.3613537811025,0.988052005989186,1646.31274357775,0.9850926100987092
1646.3724646844591,0.9985215414776516,1646.3724646844591,0.9934716651016342,1646.3627426442547,0.97472874355749,1646.3141324409023,0.9786375144069284
1646.3738535476111,0.9710738627864388,1646.3738535476111,0.9934085162805233,1646.364131506941,1.006177477524847,1646.3155213040552,0.9924407137626754
1646.3752424102984,0.9938543909237411,1646.3752424102984,0.9933929151220716,1646.365520370093,0.9948940115627192,1646.316910166742,0.986398000667282
1646.376631272986,1.0055994225314921,1646.376631272986,0.9934398301068423,1646.3669092327807,0.9697507210886626,1646.318299029894,0.993860903660042
1646.378020136138,1.0002253415684867,1646.378020136138,0.9934489188826116,1646.368298095934,0.977020083084078,1646.329409933717,0.9919939085789437
1646.3794089988244,0.9730526537651489,1646.3794089988244,0.9935008885167107,1646.3696869586204,0.978892757892088,1646.330798796405,0.9774458044330612
1646.3807978619768,0.986754452830018,1646.3807978619768,0.9935128434485281,1646.3710758217724,1.0105408846966384,1646.332187659557,0.9927916520406528
1646.3821867246645,0.9831778244678154,1646.3821867246645,0.9935684065201981,1646.3724646844591,0.992002858451653,1646.333576522243,0.979273127482245
1646.3835755878172,0.9985125588559912,1646.3835755878172,0.9936339248908334,1646.3738535476111,0.9646730452294726,1646.3349653853954,0.9873166534670388
1646.3849644505033,0.9817500441255845,1646.3849644505033,0.9937072096761083,1646.3752424102984,0.987287910606606,1646.336354248548,0.984155024875913
1646.3863533136562,0.9925573307230661,1646.3863533136562,0.9936546344031705,1646.376631272986,0.9990025194752242,1646.337743111235,0.9851272047989906
1646.3877421763425,1.0094408951352458,1646.3877421763425,0.9936462126360459,1646.378020136138,0.993672784220204,1646.3391319743876,0.9813183455093196
1646.3891310390288,0.9778709075684673,1646.3891310390288,0.9935964112915666,1646.3794089988244,0.9667286760892188,1646.3405208370748,0.9968212461716704
1646.3905199021822,1.004291170297381,1646.3905199021822,0.9937085092790717,1646.3807978619768,0.9803532222166476,1646.3419097002268,0.9713415609627896
1646.391908764869,1.0108275697576055,1646.391908764869,0.9937730495664587,1646.3821867246645,0.9768544243824824,1646.343298562913,0.9924938106036544
1646.393297628021,0.9729833806841744,1646.393297628021,0.9938017588131476,1646.3835755878172,0.9921559529088678,1646.3446874260665,0.9875469405763736
1646.3946864907082,0.9868622907166742,1646.3946864907082,0.9938053213102372,1646.3849644505033,0.9755720969474307,1646.346076289219,0.9937228690847904
1646.3960753533945,1.0034183158031134,1646.3960753533945,0.993859109432333,1646.3863533136562,0.986259191583815,1646.3474651519052,0.9859953424518192
1646.397464216547,0.9915821326456674,1646.397464216547,0.9938371619037429,1646.3877421763425,1.003027122331077,1646.348854015058,0.97605211992795
1646.3988530792346,1.013677238742566,1646.3988530792346,0.9939534738787269,1646.3891310390288,0.9716090244664564,1646.3502428777442,0.9840811884260592
1646.400241942387,0.9753477265290724,1646.400241942387,0.9939503354097948,1646.3905199021822,0.9979726817183446,1646.351631740897,0.9841120826982008
1646.4016308050734,0.9988980814922237,1646.4016308050734,0.9939518786451838,1646.391908764869,1.004533196583868,1646.3530206035846,0.9804738733852902
1646.4030196677595,0.9944094114809944,1646.4030196677595,0.9939376965426293,1646.393297628021,0.966952595019895,1646.354409466737,1.0124253492408142
1646.4044085309126,1.0080627718534347,1646.4044085309126,0.9938895480677579,1646.3946864907082,0.9807489959146412,1646.3557983294234,0.9809440859284164
1646.4057973935994,0.9978551007179781,1646.4057973935994,0.9939019814075252,1646.3960753533945,0.9972564337321737,1646.357187192575,0.9986544210607028
1646.4071862562866,0.9912609927799776,1646.4071862562866,0.9938475568126696,1646.397464216547,0.9854711725030308,1646.3585760552626,0.98674575485593
1646.408575119439,1.0080470354096238,1646.408575119439,0.9938557199322767,1646.3988530792346,1.0075480128399692,1646.359964918415,0.9665396960846976
1646.4099639821254,0.9857495078270762,1646.4099639821254,0.9938660600514069,1646.400241942387,0.9694471999247524,1646.3613537811025,0.988052005989186
1646.4113528448115,1.0094769892290383,1646.4113528448115,0.9938705222125749,1646.4016308050734,0.9928566246742656,1646.3627426442547,0.97472874355749
1646.412741707965,0.9914484565429964,1646.412741707965,0.9938708207398095,1646.4030196677595,0.9883809998677312,1646.364131506941,1.006177477524847
1646.4141305706528,0.9671403271937197,1646.4141305706528,0.9939424413932155,1646.4044085309126,1.0019030527413415,1646.365520370093,0.9948940115627192
1646.415519433339,0.9830784337294871,1646.415519433339,0.9938797362364091,1646.4057973935994,0.991770161761204,1646.3669092327807,0.9697507210886626
1646.416908296491,0.9832319618747775,1646.416908296491,0.9938747367927084,1646.4071862562866,0.985162315838082,1646.368298095934,0.977020083084078
1646.418297159178,0.964081906697039,1646.418297159178,0.9939348013687069,1646.408575119439,1.001853312102629,1646.3696869586204,0.978892757892088
1646.4196860218642,1.000863424849293,1646.4196860218642,0.9939936051145278,1646.4099639821254,0.9797029795417096,1646.3710758217724,1.0105408846966384
1646.421074885017,1.0054835613020605,1646.421074885017,0.993953396406606,1646.4113528448115,1.0032894224466422,1646.3724646844591,0.992002858451653
1646.4224637477048,1.0008426275031457,1646.4224637477048,0.9939258685708011,1646.412741707965,0.9853716912256052,1646.3738535476111,0.9646730452294726
1646.4238526103911,0.9932950105607763,1646.4238526103911,0.9938323578617474,1646.4141305706528,0.961281817980759,1646.3752424102984,0.987287910606606
1646.425241473543,0.9855966660432497,1646.425241473543,0.993814646865095,1646.415519433339,0.9770617344147648,1646.376631272986,0.9990025194752242
1646.42663033623,0.9928077844287629,1646.42663033623,0.993766202319589,1646.416908296491,0.9772094073144728,1646.378020136138,0.993672784220204
1646.4280191989176,0.9970596888427532,1646.4280191989176,0.9938555933526858,1646.418297159178,0.9582345584360856,1646.3794089988244,0.9667286760892188
1646.4294080620705,0.9857527313484538,1646.4294080620705,0.9939295946963678,1646.4196860218642,0.994851843893222,1646.3807978619768,0.9803532222166476
1646.4307969247566,0.9928104676453323,1646.4307969247566,0.9940012788124148,1646.421074885017,0.9994038007871928,1646.3821867246645,0.9768544243824824
1646.4321857874436,0.9944275676619881,1646.4321857874436,0.9939623859618714,1646.4224637477048,0.9947633778437468,1646.3835755878172,0.9921559529088678
1646.43357465013,0.998465552092035,1646.43357465013,0.9939689192678207,1646.4238526103911,0.9871687223979256,1646.3849644505033,0.9755720969474307
1646.434963513282,1.002753325822721,1646.434963513282,0.9939880040316622,1646.425241473543,0.9795004026151872,1646.3863533136562,0.986259191583815
1646.4363523759696,0.9877867402662494,1646.4363523759696,0.9940792443141334,1646.42663033623,0.986618821565097,1646.3877421763425,1.003027122331077
1646.4377412386564,0.9972634928075924,1646.4377412386564,0.9940988775019404,1646.4280191989176,0.9909333486628588,1646.3891310390288,0.9716090244664564
1646.4391301013427,0.9825861586940656,1646.4391301013427,0.994112121934364,1646.4294080620705,0.9797688127400062,1646.3905199021822,0.9979726817183446
1646.4405189644956,0.9998183291413405,1646.4405189644956,0.994206234040708,1646.4307969247566,0.986854874457812,1646.391908764869,1.004533196583868
1646.4419078271824,0.9801482666382897,1646.4419078271824,0.9942531439363576,1646.4321857874436,0.98842359781957,1646.393297628021,0.966952595019895
1646.4432966898687,0.984067668890255,1646.4432966898687,0.9942647920740733,1646.43357465013,0.992443725739068,1646.3946864907082,0.9807489959146412
1646.444685552556,0.9833508689458769,1646.444685552556,0.9942654609385195,1646.434963513282,0.9967247768706374,1646.3960753533945,0.9972564337321737
1646.4460744157093,0.9909904548714217,1646.4460744157093,0.9943348429150576,1646.4363523759696,0.9819382963073944,1646.397464216547,0.9854711725030308
1646.4474632783954,1.0131081428393278,1646.4474632783954,0.9944346817144033,1646.4377412386564,0.991378518773692,1646.3988530792346,1.0075480128399692
1646.4488521410815,0.9856117139766654,1646.4488521410815,0.99447623481133,1646.4391301013427,0.9768008112026934,1646.400241942387,0.9694471999247524
1646.4502410037687,0.993243200649792,1646.4502410037687,0.9944696377568398,1646.4405189644956,0.9940256157404852,1646.4016308050734,0.9928566246742656
1646.4516298669212,0.989422074619541,1646.4516298669212,0.9944994690241042,1646.4419078271824,0.9745154956288908,1646.4030196677595,0.9883809998677312
1646.4530187296084,1.0059630190009001,1646.4530187296084,0.9945897121688861,1646.4432966898687,0.9784238361959874,1646.4044085309126,1.0019030527413415
1646.4544075922952,1.0010435555942878,1646.4544075922952,0.9946199076071205,1646.444685552556,0.977711804976766,1646.4057973935994,0.991770161761204
1646.4557964549824,0.9845416310020685,1646.4557964549824,0.9947576852032228,1646.4460744157093,0.9853763382748966,1646.4071862562866,0.985162315838082
1646.4571853181344,0.993526285993416,1646.4571853181344,0.994884418283207,1646.4474632783954,1.0074698735666971,1646.408575119439,1.001853312102629
1646.4585741808207,0.9953884526839336,1646.4585741808207,0.9948881188027073,1646.4488521410815,0.9801674263014556,1646.4099639821254,0.9797029795417096
1646.4599630435084,1.000529613383444,1646.4599630435084,0.9948594497389865,1646.4502410037687,0.9877502059546428,1646.4113528448115,1.0032894224466422
1646.4613519061952,0.977915540951584,1646.4613519061952,0.9948919166660899,1646.4516298669212,0.9839797278498612,1646.412741707965,0.9853716912256052
1646.4627407688815,1.0017445418328763,1646.4627407688815,0.9949851970866193,1646.4530187296084,1.000520469520649,1646.4141305706528,0.961281817980759
1646.4641296315683,0.9962957824637192,1646.4641296315683,0.9950860480801892,1646.4544075922952,0.995657848775894,1646.415519433339,0.9770617344147648
1646.4655184947203,0.9883998376344987,1646.4655184947203,0.9951825347700473,1646.4557964549824,0.9793803538418232,1646.416908296491,0.9772094073144728
1646.4669073574075,1.0026994668057525,1646.4669073574075,0.9952652565863958,1646.4571853181344,0.9884438210896348,1646.418297159178,0.9582345584360856
1646.4682962200952,0.9829152768523526,1646.4682962200952,0.995274910147377,1646.4585741808207,0.9903001451686564,1646.4196860218642,0.994851843893222
1646.469685082782,0.986089696673163,1646.469685082782,0.9953779468290284,1646.4599630435084,0.9953863406182142,1646.421074885017,0.9994038007871928
1646.4710739454683,1.0058241963117287,1646.4710739454683,0.9954740781480088,1646.4613519061952,0.9729202668748774,1646.4224637477048,0.9947633778437468
1646.4724628086203,1.0003949341552902,1646.4724628086203,0.9955010024905051,1646.4627407688815,0.9967209903860296,1646.4238526103911,0.9871687223979256
1646.4738516713076,0.9983402553952258,1646.4738516713076,0.9954325185577487,1646.4641296315683,0.9914000328907822,1646.425241473543,0.9795004026151872
1646.4752405339943,1.0088622852758213,1646.4752405339943,0.995455000285781,1646.4655184947203,0.9836382557834036,1646.42663033623,0.986618821565097
1646.4766293966816,0.9907213097546604,1646.4766293966816,0.9954999134041626,1646.4669073574075,0.9979519421094696,1646.4280191989176,0.9909333486628588
1646.4780182593684,0.9896600827882099,1646.4780182593684,0.9955873261429483,1646.4682962200952,0.9782709138517094,1646.4294080620705,0.9797688127400062
1646.479407122055,1.0016637575863903,1646.479407122055,0.9957090209530762,1646.469685082782,0.9815319376637924,1646.4307969247566,0.986854874457812
1646.480795984741,1.0061534508213217,1646.480795984741,0.9957082843406683,1646.4710739454683,1.00127191460238,1646.4321857874436,0.98842359781957
1646.4821848478944,1.0125397586732559,1646.4821848478944,0.9957692927794843,1646.4724628086203,0.9958941598380142,1646.43357465013,0.992443725739068
1646.483573710582,1.0035958338492021,1646.483573710582,0.995848282482539,1646.4738516713076,0.9937803548056556,1646.434963513282,0.9967247768706374
1646.4849625732684,0.9930295777357029,1646.4849625732684,0.995906090540468,1646.4752405339943,1.0042770064775564,1646.4363523759696,0.9819382963073944
1646.4863514359547,1.016020483307956,1646.4863514359547,0.9959932497940814,1646.4766293966816,0.986262978068423,1646.4377412386564,0.991378518773692
1646.4877402986417,1.0034893648151497,1646.4877402986417,0.9960658539920789,1646.4780182593684,0.9852930356135228,1646.4391301013427,0.9768008112026934
1646.4891291613278,0.9774536710098789,1646.4891291613278,0.9960708485505438,1646.479407122055,0.997365639390524,1646.4405189644956,0.9940256157404852
1646.490518024015,0.9885421429709981,1646.490518024015,0.9961267510828443,1646.480795984741,1.0018353263007411,1646.4419078271824,0.9745154956288908
1646.4919068867027,0.9827708471393574,1646.4919068867027,0.9961906123782013,1646.4821848478944,1.0082559994051776,1646.4432966898687,0.9784238361959874
1646.493295749389,0.978467766921091,1646.493295749389,0.9962747370701641,1646.483573710582,0.9994291874453596,1646.444685552556,0.977711804976766
1646.4946846125408,0.9889748977201366,1646.4946846125408,0.9962427212053787,1646.4849625732684,0.9889642045538156,1646.4460744157093,0.9853763382748966
1646.4960734752278,0.9826426842249695,1646.4960734752278,0.9963465525441756,1646.4863514359547,1.0119495430272445,1646.4474632783954,1.0074698735666971
1646.4974623379155,0.998936628285496,1646.4974623379155,0.9963746024316871,1646.4877402986417,0.999541491136571,1646.4488521410815,0.9801674263014556
1646.4988512006023,0.9958924803710568,1646.4988512006023,0.996470570743893,1646.4891291613278,0.9736131075016542,1646.4502410037687,0.9877502059546428
1646.5002400632886,1.0035826735148865,1646.5002400632886,0.9965734889705272,1646.490518024015,0.9847132731861729,1646.4516298669212,0.9839797278498612
1646.501628925976,0.9914811823265718,1646.501628925976,0.9966372695727589,1646.4919068867027,0.9790270920392,1646.4530187296084,1.000520469520649
1646.5030177886622,1.0041298166949173,1646.5030177886622,0.9967147121999838,1646.493295749389,0.9748227172209406,1646.4544075922952,0.995657848775894
1646.5044066513483,0.9930846234386448,1646.5044066513483,0.9967144127493277,1646.4946846125408,0.98525904330852,1646.4557964549824,0.9793803538418232
1646.5057955140362,0.9935194153940734,1646.5057955140362,0.9967822515653859,1646.4960734752278,0.9790526508103032,1646.4571853181344,0.9884438210896348
1646.507184376723,1.0012972731667746,1646.507184376723,0.9968829757311884,1646.4974623379155,0.995315085862411,1646.4585741808207,0.9903001451686564
1646.508573239409,1.003451141335924,1646.508573239409,0.996876583987162,1646.4988512006023,0.9923775483148982,1646.4599630435084,0.9953863406182142
1646.5099621020966,1.0093868231457224,1646.5099621020966,0.9969853852444979,1646.5002400632886,1.0001438864151,1646.4613519061952,0.9729202668748774
1646.5113509647829,0.990725362696036,1646.5113509647829,0.9970015951338057,1646.501628925976,0.9881470983867252,1646.4627407688815,0.9967209903860296
1646.5127398274697,0.9930434591504989,1646.5127398274697,0.9970979468528303,1646.5030177886622,1.000830961258497,1646.4641296315683,0.9914000328907822
1646.5141286901571,0.9991313700410861,1646.5141286901571,0.9971935603010585,1646.5044066513483,0.989821757261036,1646.4655184947203,0.9836382557834036
1646.515517552844,0.9949525982292349,1646.515517552844,0.9972788605532615,1646.5057955140362,0.9903225198504304,1646.4669073574075,0.9979519421094696
1646.5169064155305,0.9985926502785092,1646.5169064155305,0.997299774753497,1646.507184376723,0.998176205266019,1646.4682962200952,0.9782709138517094
1646.5182952782168,1.004263145038182,1646.5182952782168,0.9973753719485844,1646.508573239409,1.0003169459729746,1646.469685082782,0.9815319376637924
1646.519684140904,1.008229086180649,1646.519684140904,0.9974713630461409,1646.5099621020966,1.006343910734658,1646.4710739454683,1.00127191460238
1646.5210730035908,1.0106166725771273,1646.5210730035908,0.9974716815388268,1646.5113509647829,0.987754766947466,1646.4724628086203,0.9958941598380142
1646.5224618667437,1.006246723223666,1646.5224618667437,0.9975579421635554,1646.5127398274697,0.9901615942545948,1646.4738516713076,0.9937803548056556
1646.5238507294305,0.9831995293328812,1646.5238507294305,0.9975421661207702,1646.5141286901571,0.996327368099745,1646.4752405339943,1.0042770064775564
1646.5252395921168,0.9959574417563346,1646.5252395921168,0.9976357348189254,1646.515517552844,0.9922451934665584,1646.4766293966816,0.986262978068423
1646.5266284548031,1.0163361954392192,1646.5266284548031,0.9976868021984869,1646.5169064155305,0.9958962251932548,1646.4780182593684,0.9852930356135228
1646.5280173170252,1.0026805021139595,1646.5280173170252,0.9978135569961479,1646.5182952782168,1.001627327816712,1646.479407122055,0.997365639390524
1646.5294061797129,1.0022778581368967,1646.5294061797129,0.9978995556528832,1646.519684140904,1.0056796408553772,1646.480795984741,1.0018353263007411
1646.5307950423992,0.9930510669223579,1646.5307950423992,0.9979789059112474,1646.5210730035908,1.0080615117866811,1646.4821848478944,1.0082559994051776
1646.5321839050855,0.9868192292298398,1646.5321839050855,0.9981138414726997,1646.5224618667437,1.0037894105278211,1646.483573710582,0.9994291874453596
1646.5335727677725,0.9944829220811631,1646.5335727677725,0.9982071887412768,1646.5238507294305,0.980782988219644,1646.4849625732684,0.9889642045538156
1646.5349616304586,0.9839079949401314,1646.5349616304586,0.9982700119509595,1646.5252395921168,0.993602734254958,1646.4863514359547,1.0119495430272445
1646.5363504931458,0.9985352375565386,1646.5363504931458,0.9983652817296785,1646.5266284548031,1.013985208786331,1646.4877402986417,0.999541491136571
1646.5377393558335,1.0006528752680675,1646.5377393558335,0.9984098892014032,1646.5280173170252,1.0004881983450136,1646.4891291613278,0.9736131075016542
1646.53912821852,0.9853958022802659,1646.53912821852,0.9985184865112856,1646.5294061797129,1.0001726292755329,1646.490518024015,0.9847132731861729
1646.5405170812062,1.0098026433204388,1646.5405170812062,0.9986544077163825,1646.5307950423992,0.9910440172811716,1646.4919068867027,0.9790270920392
1646.541905943893,0.9922696677651597,1646.541905943893,0.9987479759996611,1646.5321839050855,0.984957931725724,1646.493295749389,0.9748227172209406
1646.543294806581,1.016254941384624,1646.543294806581,0.9988687665276824,1646.5335727677725,0.992700001901848,1646.4946846125408,0.98525904330852
1646.5446836692677,1.014722294078314,1646.5446836692677,0.9988147981050225,1646.5349616304586,0.9822058458675296,1646.4960734752278,0.9790526508103032
1646.5460725319538,1.001098841087049,1646.5460725319538,0.9988985827109143,1646.5363504931458,0.9969029137601452,1646.4974623379155,0.995315085862411
1646.547461394641,1.0000329535659023,1646.547461394641,0.998940341629601,1646.5377393558335,0.9990617263254568,1646.4988512006023,0.9923775483148982
1646.548850257327,1.0036249389054617,1646.548850257327,0.9990544146672938,1646.53912821852,0.9839359251074652,1646.5002400632886,1.0001438864151
1646.5502391200137,1.0028138171623602,1646.5502391200137,0.9990412460773587,1646.5405170812062,1.0084438606756103,1646.501628925976,0.9881470983867252
1646.5516279827011,1.0002003989957506,1646.5516279827011,0.9991222543281921,1646.541905943893,0.9910273223263094,1646.5030177886622,1.000830961258497
1646.553016845388,0.9887426663420436,1646.553016845388,0.999128012855467,1646.543294806581,1.0151053197785216,1646.5044066513483,0.989821757261036
1646.5544057080745,1.0056238015240841,1646.5544057080745,0.9991935279641541,1646.5446836692677,1.0135196432924964,1646.5057955140362,0.9903225198504304
1646.555794570296,1.0136396676645034,1646.555794570296,0.9992574170571544,1646.5460725319538,0.999996213515392,1646.507184376723,0.998176205266019
1646.5571834329828,0.998944769081835,1646.5571834329828,0.999385689587894,1646.547461394641,0.9989732602759812,1646.508573239409,1.0003169459729746
1646.55857229567,1.0076464528837847,1646.55857229567,0.9995150023835889,1646.548850257327,1.0026759258836946,1646.5099621020966,1.006343910734658
1646.5599611583568,1.0042935736276213,1646.5599611583568,0.9996499181209282,1646.5502391200137,1.0018523654814768,1646.5113509647829,0.987754766947466
1646.5613500210436,1.0068516479105636,1646.5613500210436,0.999787344534519,1646.5516279827011,0.9993224774245916,1646.5127398274697,0.9901615942545948
1646.56273888373,0.9955557996535765,1646.56273888373,0.9999197691863922,1646.553016845388,0.987880495447742,1646.5141286901571,0.996327368099745
1646.5641277464165,1.0009790845254096,1646.5641277464165,1.000011242305325,1646.5544057080745,1.004812794049574,1646.515517552844,0.9922451934665584
1646.5655166091035,0.9982234298243228,1646.5655166091035,1.000103385820557,1646.555794570296,1.012886956137104,1646.5169064155305,0.9958962251932548
1646.5669054717905,1.010268479163201,1646.5669054717905,1.0002058356198613,1646.5571834329828,0.9983311069090692,1646.5182952782168,1.001627327816712
1646.568294334012,1.018425858555756,1646.568294334012,1.0003316114668213,1646.55857229567,1.007157746755951,1646.519684140904,1.0056796408553772
1646.5696831966986,1.002011091980576,1646.5696831966986,1.0003706359629936,1646.5599611583568,1.003941988646226,1646.5210730035908,1.0080615117866811
1646.571072059386,0.990048329535539,1646.571072059386,1.0003278823827755,1646.5613500210436,1.0066375354047068,1646.5224618667437,1.0037894105278211
1646.5724609220722,0.9972653580813857,1646.5724609220722,1.0003130945923089,1646.56273888373,0.9954759254017784,1646.5238507294305,0.980782988219644
1646.573849784759,1.0055680078299025,1646.573849784759,1.0003717770271732,1646.5641277464165,1.0009903378379017,1646.5252395921168,0.993602734254958
1646.575238647447,1.0225740210849237,1646.575238647447,1.0004343009833945,1646.5655166091035,0.9983266319727144,1646.5266284548031,1.013985208786331
1646.576627510133,1.004996362461474,1646.576627510133,1.000414090171521,1646.5669054717905,1.010476428401836,1646.5280173170252,1.0004881983450136
1646.5780163723537,1.019028238845491,1646.5780163723537,1.0004696740502974,1646.568294334012,1.0187635802485604,1646.5294061797129,1.0001726292755329
1646.5794052350404,1.011028126661926,1646.5794052350404,1.0004802441596472,1646.5696831966986,1.0023824733265825,1646.5307950423992,0.9910440172811716
1646.5807940977268,1.010613324735877,1646.5807940977268,1.0005381844607157,1646.571072059386,0.99037294894089,1646.5321839050855,0.984957931725724
1646.582182960414,1.0258310020127082,1646.582182960414,1.0005961693685095,1646.5724609220722,0.997577596472098,1646.5335727677725,0.992700001901848
1646.5835718231017,1.0064939264176365,1646.5835718231017,1.0005968649499393,1646.573849784759,1.005941854914474,1646.5349616304586,0.9822058458675296
1646.5849606853228,1.0042173270333834,1646.5849606853228,1.0007227086107282,1646.575238647447,1.0230181259878746,1646.5363504931458,0.9969029137601452
1646.5863495480091,0.9984088465858959,1646.5863495480091,1.000800535567144,1646.576627510133,1.0054125215775838,1646.5377393558335,0.9990617263254568
1646.5877384106957,0.999085834350798,1646.5877384106957,1.0009248215266664,1646.5780163723537,1.0195068499657969,1646.53912821852,0.9839359251074652
1646.5891272733827,0.9927779469218037,1646.5891272733827,1.0009551767020943,1646.5794052350404,1.0115136670149945,1646.5405170812062,1.0084438606756103
1646.5905161360697,1.0024548324031743,1646.5905161360697,1.0010118780149355,1646.5807940977268,1.0111572211230422,1646.541905943893,0.9910273223263094
1646.5919049987565,0.9930074972807693,1646.5919049987565,1.0010523264735727,1646.582182960414,1.0264425710333756,1646.543294806581,1.0151053197785216
1646.5932938609778,0.9882892828376194,1646.5932938609778,1.0011692397277407,1646.5835718231017,1.007094667364642,1646.5446836692677,1.0135196432924964
1646.5946827236642,1.0187757185295745,1646.5946827236642,1.0012246487000371,1646.5849606853228,1.004943083542673,1646.5460725319538,0.999996213515392
1646.5960715863505,1.0015656632099916,1646.5960715863505,1.0013418910922571,1646.5863495480091,0.9992081083781392,1646.547461394641,0.9989732602759812
1646.5974604490382,1.0083975413691255,1646.5974604490382,1.0013754426901937,1646.5877384106957,1.0000098104373931,1646.548850257327,1.0026759258836946
1646.5988493112593,1.0113663839240599,1646.5988493112593,1.0014373686531755,1646.5891272733827,0.9937262252870565,1646.5502391200137,1.0018523654814768
1646.6002381739456,1.0204205422552994,1646.6002381739456,1.0014789407486897,1646.5905161360697,1.003469194409049,1646.5516279827011,0.9993224774245916
1646.6016270366329,0.9987047828245266,1646.6016270366329,1.0015444578173673,1646.5919049987565,0.994052465358614,1646.553016845388,0.987880495447742
1646.6030158993196,0.9822028168584508,1646.6030158993196,1.0016694484608455,1646.5932938609778,0.9894448299296136,1646.5544057080745,1.004812794049574
1646.6044047615403,1.0139547126184767,1646.6044047615403,1.0017675781431288,1646.5946827236642,1.020023360888901,1646.555794570296,1.012886956137104
1646.6057936242275,1.014281169661223,1646.6057936242275,1.001749402132287,1646.5960715863505,1.0029096552517638,1646.5571834329828,0.9983311069090692
1646.607182486915,0.9854706926909379,1646.607182486915,1.0018283788865514,1646.5974604490382,1.009784534396211,1646.55857229567,1.007157746755951
1646.608571349601,1.0065407367619823,1646.608571349601,1.0017879892714994,1646.5988493112593,1.0128200902611877,1646.5599611583568,1.003941988646226
1646.6099602118218,0.9880245579429092,1646.6099602118218,1.0019005946905724,1646.6002381739456,1.0219296837760408,1646.5613500210436,1.0066375354047068
1646.611349074509,1.0063705275680697,1646.611349074509,1.0019930817973417,1646.6016270366329,1.000247240233602,1646.56273888373,0.9954759254017784
1646.6127379371958,1.0002211008828759,1646.6127379371958,1.002066511590377,1646.6030158993196,0.9838425538392932,1646.5641277464165,1.0009903378379017
1646.614126799883,0.9891913722648824,1646.614126799883,1.0021738102460673,1646.6044047615403,1.0157469568066235,1646.5655166091035,0.9983266319727144
1646.615515662104,1.010795256336815,1646.615515662104,1.0021473463707915,1646.6057936242275,1.016055555302167,1646.5669054717905,1.010476428401836
1646.6169045247914,1.0131186946930522,1646.6169045247914,1.0021418273835492,1646.607182486915,0.9872725064987692,1646.568294334012,1.0187635802485604
1646.6182933874777,1.0137889966359444,1646.6182933874777,1.002174697173462,1646.608571349601,1.00834042080064,1646.5696831966986,1.0023824733265825
1646.619682250164,1.0214530740512764,1646.619682250164,1.002252342948096,1646.6099602118218,0.9899023921718906,1646.571072059386,0.99037294894089
1646.621071112386,0.989767498758225,1646.621071112386,1.0023546319214964,1646.611349074509,1.0083763063479467,1646.5724609220722,0.997577596472098
1646.6224599750728,0.9881684559483751,1646.6224599750728,1.0023062179569986,1646.6127379371958,1.00228806938079,1646.573849784759,1.005941854914474
1646.6238488377592,0.9852033294239427,1646.6238488377592,1.002346315808283,1646.614126799883,0.9913416866052333,1646.575238647447,1.0230181259878746
1646.6252376999803,0.9956567900821774,1646.6252376999803,1.0024154508911876,1646.615515662104,1.012965783862123,1646.576627510133,1.0054125215775838
1646.6266265626666,1.0005864910972213,1646.6266265626666,1.0024510694960516,1646.6169045247914,1.0152886200561313,1646.5780163723537,1.0195068499657969
1646.628015425354,1.0068986658496242,1646.628015425354,1.002510126829624,1646.6182933874777,1.0159936807014154,1646.5794052350404,1.0115136670149945
1646.629404287576,1.0132424653143242,1646.629404287576,1.002601195311395,1646.619682250164,1.023753736679427,1646.5807940977268,1.0111572211230422
1646.630793150263,1.0020595936630439,1646.630793150263,1.0026361557374137,1646.621071112386,0.9920980369056608,1646.582182960414,1.0264425710333756
1646.632182012949,1.0074731772425627,1646.632182012949,1.0026454514241705,1646.6224599750728,0.9904473877860228,1646.5835718231017,1.007094667364642
1646.6335708751697,0.9985585046963581,1646.6335708751697,1.0026815619305813,1646.6238488377592,0.9875149275701433,1646.5849606853228,1.004943083542673
1646.634959737857,1.0202775384558396,1646.634959737857,1.0027577295075338,1646.6252376999803,0.9980617501630984,1646.5863495480091,0.9992081083781392
1646.6363486005437,0.9935166752883675,1646.6363486005437,1.0027961195040775,1646.6266265626666,1.003038998123711,1646.5877384106957,1.0000098104373931
1646.6377374627652,1.0192965832878524,1646.6377374627652,1.0028832227719204,1646.628015425354,1.009426109205486,1646.5891272733827,0.9937262252870565
1646.639126325452,0.9935086686641028,1646.639126325452,1.0028300999783781,1646.629404287576,1.015878106864406,1646.5905161360697,1.003469194409049
1646.6405151881384,1.0159837175329247,1646.6405151881384,1.0029219667165818,1646.630793150263,1.0047011788101092,1646.5919049987565,0.994052465358614
1646.641904050359,1.0115517819737674,1646.641904050359,1.0029957087033199,1646.632182012949,1.0101383985941126,1646.5932938609778,0.9894448299296136
1646.6432929130467,1.002423737623604,1646.6432929130467,1.0029305634947725,1646.6335708751697,1.00123620116801,1646.5946827236642,1.020023360888901
1646.6446817757344,1.0242357607647945,1646.6446817757344,1.0029109417098883,1646.634959737857,1.0230911879295133,1646.5960715863505,1.0029096552517638
1646.646070637955,1.0107789306104449,1646.646070637955,1.0030201989217227,1646.6363486005437,0.9962946666417676,1646.5974604490382,1.009784534396211
1646.6474595006414,1.0001917281757264,1646.6474595006414,1.0030126092169154,1646.6377374627652,1.0222354424081286,1646.5988493112593,1.0128200902611877
1646.6488483628625,1.0135481190111617,1646.6488483628625,1.0030883851430654,1646.639126325452,0.9963203975258076,1646.6002381739456,1.0219296837760408
1646.6502372255488,0.9970709206140537,1646.6502372255488,1.0030081987736141,1646.6405151881384,1.018952388140145,1646.6016270366329,1.000247240233602
1646.651626088236,1.013203575274828,1646.651626088236,1.0030420155982667,1646.641904050359,1.014582096450885,1646.6030158993196,0.9838425538392932
1646.653014950458,0.9937057777035344,1646.653014950458,1.0031215190811342,1646.6432929130467,1.005361404035377,1646.6044047615403,1.0157469568066235
1646.6544038131442,1.0313279135769076,1646.6544038131442,1.0031869124860533,1646.6446817757344,1.0272172513615638,1646.6057936242275,1.016055555302167
1646.6557926758303,1.0007991000084437,1646.6557926758303,1.0031939495324729,1646.646070637955,1.0138316840467745,1646.607182486915,0.9872725064987692
1646.6585704007396,1.0213562743898326,1646.6585704007396,1.0032535166132945,1646.6474595006414,1.003204914994711,1646.608571349601,1.00834042080064
1646.659959262961,1.0144262255567802,1646.659959262961,1.0032019459768489,1646.6488483628625,1.0166783459636977,1646.6099602118218,0.9899023921718906
1646.661348125647,0.9939586613512996,1646.661348125647,1.0032240508083927,1646.6502372255488,1.0000703081346511,1646.611349074509,1.0083763063479467
1646.6627369878686,1.009579535693213,1646.6627369878686,1.0031653961228166,1646.651626088236,1.0162857563550336,1646.6127379371958,1.00228806938079
1646.664125850555,0.9982823055005385,1646.664125850555,1.0032711249327118,1646.653014950458,0.9968076492496694,1646.614126799883,0.9913416866052333
1646.6655147132412,0.9868317074834873,1646.6655147132412,1.003332026483358,1646.6544038131442,1.034614665381901,1646.615515662104,1.012965783862123
1646.6669035754633,1.017269534212528,1646.6669035754633,1.003406258883062,1646.6557926758303,1.003995601826015,1646.6169045247914,1.0152886200561313
1646.66829243815,1.022699241568064,1646.66829243815,1.0034126859525598,1646.657181538052,1.03960783378916,1646.6182933874777,1.0159936807014154
1646.6696813003707,1.0102943585271034,1646.6696813003707,1.0034465115845952,1646.6585704007396,1.0246792739966526,1646.619682250164,1.023753736679427
1646.6710701630575,0.9957037010956366,1646.6710701630575,1.0034255812222461,1646.659959262961,1.0176743635285117,1646.621071112386,0.9920980369056608
1646.672459025279,0.992421968252995,1646.672459025279,1.00346809498559,1646.661348125647,0.9971632345769382,1646.6224599750728,0.9904473877860228
1646.6738478879658,0.9842869632292931,1646.6738478879658,1.0035410865168342,1646.6627369878686,1.0127752548411713,1646.6238488377592,0.9875149275701433
1646.6752367501874,1.000436767794908,1646.6752367501874,1.0035438613775234,1646.664125850555,1.0015478116399463,1646.6252376999803,0.9980617501630984
1646.6766256128742,0.9907401483951193,1646.6766256128742,1.0035985590467733,1646.6655147132412,0.9901198568674396,1646.6266265626666,1.003038998123711
1646.6780144755603,1.0218945128369086,1646.6780144755603,1.00359593975005,1646.6669035754633,1.0207346175999077,1646.628015425354,1.009426109205486
1646.6794033377812,0.9974775996925089,1646.6794033377812,1.0036357616994636,1646.66829243815,1.026189392903457,1646.629404287576,1.015878106864406
1646.6807922004684,1.0103469271478167,1646.6807922004684,1.0036392657749633,1646.6696813003707,1.0137763497376182,1646.630793150263,1.0047011788101092
1646.6821810626896,0.9961517102677069,1646.6821810626896,1.003645369814783,1646.6710701630575,0.9991145649970308,1646.632182012949,1.0101383985941126
1646.6835699253768,1.0090588957371394,1646.6835699253768,1.0036406091406316,1646.672459025279,0.9958637819046826,1646.6335708751697,1.00123620116801
1646.684958787598,1.0242519192832866,1646.684958787598,1.003678679660031,1646.6738478879658,0.98777240852348,1646.634959737857,1.0230911879295133
1646.6863476502842,1.0057927625213658,1646.6863476502842,1.0037461523731028,1646.6752367501874,1.0039821770169506,1646.6363486005437,0.9962946666417676
1646.687736512505,0.9927951190551818,1646.687736512505,1.0038499981210405,1646.6766256128742,0.994305385319128,1646.6377374627652,1.0222354424081286
1646.6891253751926,1.0199659343336047,1646.6891253751926,1.0038703343657729,1646.6780144755603,1.0255691839359768,1646.639126325452,0.9963203975258076
1646.6905142374146,1.0221019798906805,1646.6905142374146,1.0039325120994291,1646.6794033377812,1.0011041905455438,1646.6405151881384,1.018952388140145
1646.691903100101,0.9876153194970413,1646.691903100101,1.0039148653386472,1646.6807922004684,1.0140238481406252,1646.641904050359,1.014582096450885
1646.6932919623216,0.9993544120693043,1646.6932919623216,1.003924205044156,1646.6821810626896,0.9997830516432612,1646.6432929130467,1.005361404035377
1646.6946808250084,1.0073582508984458,1646.6946808250084,1.003926015934986,1646.6835699253768,1.0127324847763957,1646.6446817757344,1.0272172513615638
1646.696069687229,1.0158361178067032,1646.696069687229,1.0039399147771306,1646.684958787598,1.0280198139855017,1646.646070637955,1.0138316840467745
1646.6974585499163,1.0134342530289213,1646.6974585499163,1.0040057497729475,1646.6863476502842,1.009560615465535,1646.6474595006414,1.003204914994711
1646.6988474121383,1.0112462872624706,1646.6988474121383,1.003932616486537,1646.687736512505,0.9966173783981224,1646.6488483628625,1.0166783459636977
1646.700236274359,1.0048057496553013,1646.700236274359,1.0040417410232438,1646.6891253751926,1.0239135435411737,1646.6502372255488,1.0000703081346511
1646.7016251370453,1.0099785034794286,1646.7016251370453,1.0040422712938268,1646.6905142374146,1.026121408293451,1646.651626088236,1.0162857563550336
1646.7030139992664,1.0062444579204124,1646.7030139992664,1.004050228341496,1646.691903100101,0.9914817004792572,1646.653014950458,0.9968076492496694
1646.704402861954,1.0115862877349453,1646.704402861954,1.0040136517921012,1646.6932919623216,1.0032760836940462,1646.6544038131442,1.034614665381901
1646.7057917241752,1.011824452176225,1646.7057917241752,1.004036390570713,1646.6946808250084,1.0113131554437127,1646.6557926758303,1.003995601826015
1646.7071805868616,1.0168997688812245,1646.7071805868616,1.004105730104725,1646.696069687229,1.019838425538393,1646.657181538052,1.03960783378916
1646.7085694490831,1.0034388714906388,1646.7085694490831,1.0042126380465752,1646.6974585499163,1.017493817057889,1646.6585704007396,1.0246792739966526
1646.7099583117697,0.9996962464907617,1646.7099583117697,1.0042639043991874,1646.6988474121383,1.0152231310837083,1646.659959262961,1.0176743635285117
1646.71134717399,1.0220805186200514,1646.71134717399,1.004248198822983,1646.700236274359,1.0088669142740745,1646.661348125647,0.9971632345769382
1646.7127360362122,0.9972893697002232,1646.7127360362122,1.0042342058720855,1646.7016251370453,1.0140611105914257,1646.6627369878686,1.0127752548411713
1646.714124898899,1.0011261840854113,1646.714124898899,1.0042140373826731,1646.7030139992664,1.010319977742355,1646.664125850555,1.0015478116399463
1646.7155137611196,1.012398009540206,1646.7155137611196,1.0042280036503668,1646.704402861954,1.0156464428515777,1646.6655147132412,0.9901198568674396
1646.7169026238068,1.00745313392503,1646.7169026238068,1.0042781253505582,1646.7057917241752,1.015908570854206,1646.6669035754633,1.0207346175999077
1646.718291486028,1.032049071338545,1646.718291486028,1.0042579177430027,1646.7071805868616,1.021074884875808,1646.66829243815,1.026189392903457
1646.7196803482493,1.011710145910953,1646.7196803482493,1.0042947727497864,1646.7085694490831,1.0076659962580927,1646.6696813003707,1.0137763497376182
1646.7210692109363,1.0039022104182334,1646.7210692109363,1.0043830697628984,1646.7099583117697,1.0039588557140249,1646.6710701630575,0.9991145649970308
1646.7224580731574,0.9947401219546868,1646.7224580731574,1.0043446287008253,1646.71134717399,1.026422519876247,1646.672459025279,0.9958637819046826
1646.7238469358438,0.9895974813214624,1646.7238469358438,1.0043227613747394,1646.7127360362122,1.0015120982055763,1646.6738478879658,0.98777240852348
1646.7252357980644,1.0194820257566224,1646.7252357980644,1.0043519818074562,1646.714124898899,1.0053449672499202,1646.6752367501874,1.0039821770169506
1646.726624660286,1.0019511422149545,1646.726624660286,1.0043539814059161,1646.7155137611196,1.016678432020166,1646.6766256128742,0.994305385319128
1646.7280135229728,1.0069867266570067,1646.7280135229728,1.0043717861171966,1646.7169026238068,1.011763144716774,1646.6780144755603,1.0255691839359768
1646.7294023851944,1.0151227661062292,1646.7294023851944,1.0043726038516532,1646.718291486028,1.0364434513910468,1646.6794033377812,1.0011041905455438
1646.7307912478811,1.0097175400284446,1646.7307912478811,1.004386399622155,1646.7196803482493,1.0160552110762937,1646.6807922004684,1.0140238481406252
1646.7321801101027,0.9980054632440769,1646.7321801101027,1.0043425571817703,1646.7210692109363,1.0083023838416243,1646.6821810626896,0.9997830516432612
1646.7335689723234,1.0101194063175258,1646.7335689723234,1.004265484880347,1646.7224580731574,0.9990618984383935,1646.6835699253768,1.0127324847763957
1646.7349578350102,1.0177291354893951,1646.7349578350102,1.004261735135239,1646.7238469358438,0.9938752750902582,1646.684958787598,1.0280198139855017
1646.7363466972322,1.0119075441333927,1646.7363466972322,1.0042600176028307,1646.7252357980644,1.0239187929857438,1646.6863476502842,1.009560615465535
1646.7377355594529,1.0251963028520614,1646.7377355594529,1.0041714690053243,1646.726624660286,1.0063136188577948,1646.687736512505,0.9966173783981224
1646.7391244221392,1.0128117833815247,1646.7391244221392,1.0041639807281202,1646.7280135229728,1.0113890572488071,1646.6891253751926,1.0239135435411737
1646.7405132843603,1.008342336609735,1646.7405132843603,1.0041465252952373,1646.7294023851944,1.0195614958232062,1646.6905142374146,1.026121408293451
1646.741902146581,0.992477003437763,1646.741902146581,1.0041499084775427,1646.7307912478811,1.0141465646645085,1646.691903100101,0.9914817004792572
1646.7432910092682,0.9968413098100374,1646.7432910092682,1.0041563046667934,1646.7321801101027,1.0023393590359335,1646.6932919623216,1.0032760836940462
1646.7446798714902,0.9837100149579078,1646.7446798714902,1.004147162067288,1646.7335689723234,1.0144280553725182,1646.6946808250084,1.0113131554437127
1646.7460687337114,1.0318888947976277,1646.7460687337114,1.0041827120549025,1646.7349578350102,1.0220664275042668,1646.696069687229,1.019838425538393
1646.7474575963977,1.0251348584956825,1646.7474575963977,1.0042335036843562,1646.7363466972322,1.0162182880838382,1646.6974585499163,1.017493817057889
1646.7488464586183,1.0067332758921042,1646.7488464586183,1.0043246043982177,1646.7377355594529,1.0294728774537818,1646.6988474121383,1.0152231310837083
1646.75023532084,1.006661028998389,1646.75023532084,1.0043143595930795,1646.7391244221392,1.0170291121287385,1646.700236274359,1.0088669142740745
1646.7516241835267,1.0042988396382226,1646.7516241835267,1.0043143356706268,1646.7405132843603,1.012523453614746,1646.7016251370453,1.0140611105914257
1646.7530130457478,0.9940175180843107,1646.7530130457478,1.0043224949483505,1646.741902146581,0.9965956921680956,1646.7030139992664,1.010319977742355
1646.7544019079694,1.0049316072765118,1646.7544019079694,1.0043389419371693,1646.7432910092682,1.0009844859980532,1646.704402861954,1.0156464428515777
1646.75579077019,0.9988896434341542,1646.75579077019,1.004342209473725,1646.7446798714902,0.9877896198171524,1646.7057917241752,1.015908570854206
1646.7571796328764,1.0022284047699663,1646.7571796328764,1.0043515861430135,1646.7460687337114,1.0362049889172178,1646.7071805868616,1.021074884875808
1646.7585684950984,0.9923479924927815,1646.7585684950984,1.0043201715227479,1646.7474575963977,1.0294747706960858,1646.7085694490831,1.0076659962580927
1646.7599573573204,1.0020017984917349,1646.7599573573204,1.0042746066609292,1646.7488464586183,1.0110869990448592,1646.7099583117697,1.0039588557140249
1646.7613462200068,1.0037345449969792,1646.7613462200068,1.004203954516349,1646.75023532084,1.0110041266658274,1646.71134717399,1.026422519876247
1646.7627350822274,1.0024806362631757,1646.7627350822274,1.004206188307329,1646.7516241835267,1.008631721946043,1646.7127360362122,1.0015120982055763
1646.7641239444486,1.0008683391824928,1646.7641239444486,1.0042000099166077,1646.7530130457478,0.998314153784802,1646.714124898899,1.0053449672499202
1646.7655128066692,1.0180508552741918,1646.7655128066692,1.004169224370204,1646.7544019079694,1.0092919471713109,1646.7155137611196,1.016678432020166
1646.7669016693562,0.9818411400377531,1646.7669016693562,1.0042108740994335,1646.75579077019,1.00322703150708,1646.7169026238068,1.011763144716774
1646.768290531578,0.994387552750954,1646.768290531578,1.0041804366799958,1646.7571796328764,1.0065896880082978,1646.718291486028,1.0364434513910468
1646.7696793937987,1.0029788877989716,1646.7696793937987,1.004160698918356,1646.7585684950984,0.9966351060306048,1646.7196803482493,1.0160552110762937
1646.7710682560194,0.9885308911243426,1646.7710682560194,1.0041341699829283,1646.7599573573204,1.0062849620538306,1646.7210692109363,1.0083023838416243
1646.7724571187066,1.0148513180796441,1646.7724571187066,1.0040666637963829,1646.7613462200068,1.007954199370635,1646.7224580731574,0.9990618984383935
1646.7738459809275,1.0037127744083059,1646.7738459809275,1.0040063318534156,1646.7627350822274,1.0066972585937497,1646.7238469358438,0.9938752750902582
1646.7752348431493,0.9991152476307785,1646.7752348431493,1.0040493612470258,1646.7641239444486,1.005071996132278,1646.7252357980644,1.0239187929857438
1646.7766237053704,1.0093715683686821,1646.7766237053704,1.0040332564460979,1646.7655128066692,1.022295337710108,1646.726624660286,1.0063136188577948
1646.7780125680576,1.015872684070541,1646.7780125680576,1.0039484211846372,1646.7669016693562,0.9859755494640964,1646.7280135229728,1.0113890572488071
1646.7794014302783,1.0056249166245286,1646.7794014302783,1.0039264353831305,1646.768290531578,0.9985445269506054,1646.7294023851944,1.0195614958232062
1646.780790292499,1.0065961103122214,1646.780790292499,1.0038977225722108,1646.7696793937987,1.0071519809725706,1646.7307912478811,1.0141465646645085
1646.782179154721,1.0111990217954403,1646.782179154721,1.003937756540975,1646.7710682560194,0.9926176458616262,1646.7321801101027,1.0023393590359335
1646.783568016942,1.0177476574938462,1646.783568016942,1.0039702587683625,1646.7724571187066,1.01897837719359,1646.7335689723234,1.0144280553725182
1646.7849568796285,0.9941510304039295,1646.7849568796285,1.0039552821447997,1646.7738459809275,1.007733980868098,1646.7349578350102,1.0220664275042668
1646.7863457418496,1.0014204614875934,1646.7863457418496,1.0039624218676568,1646.7752348431493,1.0031610261958472,1646.7363466972322,1.0162182880838382
1646.7877346040702,0.9949599565369969,1646.7877346040702,1.0039872735037003,1646.7766237053704,1.013442622753313,1646.7377355594529,1.0294728774537818
1646.7891234662918,1.0332804528012078,1646.7891234662918,1.0039502706501402,1646.7780125680576,1.0198837772972194,1646.7391244221392,1.0170291121287385
1646.7905123285138,1.0138611280635481,1646.7905123285138,1.003960485314999,1646.7794014302783,1.0095734378793209,1646.7405132843603,1.012523453614746
1646.7919011912006,1.0000611438474283,1646.7919011912006,1.0039024645300656,1646.780790292499,1.010519542692485,1646.741902146581,0.9965956921680956
1646.7932900534213,1.0071085134485682,1646.7932900534213,1.0039102430409177,1646.782179154721,1.0151808773577429,1646.7432910092682,1.0009844859980532
1646.794678915642,0.9908928491995912,1646.794678915642,1.0038321081196406,1646.783568016942,1.0217883790549915,1646.7446798714902,0.9877896198171524
1646.7960677778635,1.004322446621692,1646.7960677778635,1.003729827701311,1646.7849568796285,0.9980831782237204,1646.7460687337114,1.0362049889172178
1646.7974566400846,1.0081914074096425,1646.7974566400846,1.0036934584076895,1646.7863457418496,1.005388511822911,1646.7474575963977,1.0294747706960858
1646.798845502306,1.0142002833117039,1646.798845502306,1.0036625981149876,1646.7877346040702,0.9989271340089396,1646.7488464586183,1.0110869990448592
1646.800234364993,0.9888334903410728,1646.800234364993,1.0036127989628996,1646.7891234662918,1.037362190247272,1646.75023532084,1.0110041266658274
1646.8016232272137,1.012120586671084,1646.8016232272137,1.0036069200722657,1646.7905123285138,1.017876510172692,1646.7516241835267,1.008631721946043
1646.8030120894343,0.9841982981158051,1646.8030120894343,1.003575621225041,1646.7919011912006,1.0039638469891896,1646.7530130457478,0.998314153784802
1646.8044009516564,1.0011794814353527,1646.8044009516564,1.0036061681852095,1646.7932900534213,1.0110465525047294,1646.7544019079694,1.0092919471713109
1646.8057898138784,0.9983563793217993,1646.8057898138784,1.003533117819668,1646.794678915642,0.9946900577327028,1646.75579077019,1.00322703150708
1646.807178676099,1.0155697501628553,1646.807178676099,1.0034301752431272,1646.7960677778635,1.00806839630415,1646.7571796328764,1.0065896880082978
1646.8085675383195,1.0208304026776798,1646.8085675383195,1.0033907287957555,1646.7974566400846,1.0119151204399,1646.7585684950984,0.9966351060306048
1646.8099564005408,1.0149675855127116,1646.8099564005408,1.003359235491955,1646.798845502306,1.0179148913575813,1646.7599573573204,1.0062849620538306
1646.8113452632272,1.0160926638405092,1646.8113452632272,1.0032899020256492,1646.800234364993,0.9924059469494574,1646.7613462200068,1.007954199370635
1646.8127341254487,1.0178375954209817,1646.8127341254487,1.0031949291999798,1646.8016232272137,1.0157712247307014,1646.7627350822274,1.0066972585937497
1646.8141229876708,1.0042718163545956,1646.8141229876708,1.003151634381425,1646.8030120894343,0.9877174184401972,1646.7641239444486,1.005071996132278
1646.8155118498912,1.0019067183988446,1646.8155118498912,1.0031393268205648,1646.8044009516564,1.0047899030289895,1646.7655128066692,1.022295337710108
1646.8169007121116,1.0172075288011568,1646.8169007121116,1.0030942493323054,1646.8057898138784,1.0018836900359605,1646.7669016693562,0.9859755494640964
1646.8182895743332,1.018716661579806,1646.8182895743332,1.003006749459787,1646.807178676099,1.0190533323775328,1646.768290531578,0.9985445269506054
1646.8196784365553,0.9994233597645245,1646.8196784365553,1.0028955524510876,1646.8085675383195,1.0242917617196217,1646.7696793937987,1.0071519809725706
1646.8210672987764,0.9876811016251582,1646.8210672987764,1.0028295416312263,1646.8099564005408,1.0183771006491498,1646.7710682560194,0.9926176458616262
1646.822456160997,0.9943239152266835,1646.822456160997,1.002811734420193,1646.8113452632272,1.0194355091535254,1646.7724571187066,1.01897837719359
1646.8238450232186,1.0125059611839342,1646.8238450232186,1.0027778666309264,1646.8127341254487,1.0210895144754295,1646.7738459809275,1.007733980868098
1646.825233885905,1.0146013202470565,1646.825233885905,1.002741285466722,1646.8141229876708,1.007436913939315,1646.7752348431493,1.0031610261958472
1646.8266227481256,0.9932839924212508,1646.8266227481256,1.0026753802922121,1646.8155118498912,1.0050520310316182,1646.7766237053704,1.013442622753313
1646.8280116103476,1.0119487496756103,1646.8280116103476,1.0026044641532457,1646.8169007121116,1.0203550225179658,1646.7780125680576,1.0198837772972194
1646.8294004725688,1.0001882119024097,1646.8294004725688,1.0024965382016635,1646.8182895743332,1.0217796873516871,1646.7794014302783,1.0095734378793209
1646.8307893347894,1.0033102775895946,1646.8307893347894,1.0023974845865278,1646.8196784365553,1.002317242523565,1646.780790292499,1.010519542692485
1646.8321781970103,0.9946418367120875,1646.8321781970103,1.0023458478609002,1646.8210672987764,0.990475786420582,1646.782179154721,1.0151808773577429
1646.833567059232,0.9907368557578495,1646.833567059232,1.0022496412128776,1646.822456160997,0.9971196900039474,1646.783568016942,1.0217883790549915
1646.8349559214532,1.0166385795871389,1646.8349559214532,1.0021800339066935,1646.8238450232186,1.015318567707121,1646.7849568796285,0.9980831782237204
1646.8363447836748,1.004057506480839,1646.8363447836748,1.0021507443040338,1646.825233885905,1.0173826321007666,1646.7863457418496,1.005388511822911
1646.837733645896,1.0264570445716907,1646.837733645896,1.0020890684499038,1646.8266227481256,0.9959414048391444,1646.7877346040702,0.9989271340089396
1646.8391225081166,0.9920402564311284,1646.8391225081166,1.0020858673351154,1646.8280116103476,1.0145843339190623,1646.7891234662918,1.037362190247272
1646.8405113703373,0.9966911189726969,1646.8405113703373,1.0021008010512504,1646.8294004725688,1.0026852199822776,1646.7905123285138,1.017876510172692
1646.8419002325588,1.0020730209713995,1646.8419002325588,1.0020246634233052,1646.8307893347894,1.0057156985156206,1646.7919011912006,1.0039638469891896
1646.84328909478,1.0140404866403485,1646.84328909478,1.002002952733833,1646.8321781970103,0.9969751151371004,1646.7932900534213,1.0110465525047294
1646.8446779570015,1.0030887809883595,1646.8446779570015,1.0020043899791966,1646.833567059232,0.9929656582196792,1646.794678915642,0.9946900577327028
1646.8460668192226,1.017805682614643,1646.8460668192226,1.0019700408748504,1646.8349559214532,1.0188548861614917,1646.7960677778635,1.00806839630415
1646.8474556814433,0.9998497910661528,1646.8474556814433,1.0019835096508127,1646.8363447836748,1.0062169774438252,1646.7974566400846,1.0119151204399
1646.848844543664,0.9988271117683385,1646.848844543664,1.001879378669855,1646.837733645896,1.028601383598687,1646.798845502306,1.0179148913575813
1646.850233405886,0.9932400708804157,1646.850233405886,1.001809109931156,1646.8391225081166,0.9941095207971375,1646.800234364993,0.9924059469494574
1646.851622268108,1.0004082827270997,1646.851622268108,1.0016793639353367,1646.8405113703373,0.9987849687232068,1646.8016232272137,1.0157712247307014
1646.8530111303287,1.0196793092379854,1646.8530111303287,1.001618705938841,1646.8419002325588,1.0041018815644411,1646.8030120894343,0.9877174184401972
1646.8543999925494,1.00439850530242,1646.8543999925494,1.001612503039851,1646.84328909478,1.0160715618052822,1646.8044009516564,1.0047899030289895
1646.8557888547705,1.0057341808509017,1646.8557888547705,1.0014968225552274,1646.8446779570015,1.005099362089217,1646.8057898138784,1.0018836900359605
1646.8571777169911,1.0012489364563695,1646.8571777169911,1.0013840398012153,1646.8460668192226,1.019810801412049,1646.807178676099,1.0190533323775328
1646.8585665792127,0.9888337147094919,1646.8585665792127,1.0014179798447818,1646.8474556814433,1.0018330027760955,1646.8085675383195,1.0242917617196217
1646.8599554414347,1.0145643285304344,1646.8599554414347,1.0013159543466892,1646.848844543664,1.0007042861370687,1646.8099564005408,1.0183771006491498
1646.8613443036554,1.0148341351042232,1646.8613443036554,1.001293537599364,1646.850233405886,0.9950369513566674,1646.8113452632272,1.0194355091535254
1646.862733165876,1.0033129618485295,1646.862733165876,1.0012325880037642,1646.851622268108,1.0020883323177237,1646.8127341254487,1.0210895144754295
1646.8641220280972,1.0130104835246903,1646.8641220280972,1.0011928490305817,1646.8530111303287,1.0213298701915623,1646.8141229876708,1.007436913939315
1646.8655108903192,0.9987091654496056,1646.8655108903192,1.0012484712649057,1646.8543999925494,1.006018100945442,1646.8155118498912,1.0050520310316182
1646.8668997525403,0.9923584156345712,1646.8668997525403,1.0011365694097256,1646.8557888547705,1.0072395864573624,1646.8169007121116,1.0203550225179658
1646.868288614761,0.9973513901547243,1646.868288614761,1.0010470322856362,1646.8571777169911,1.0026347048353494,1646.8182895743332,1.0217796873516871
1646.8696774769826,1.0039565029852455,1646.8696774769826,1.0009306621137009,1646.8585665792127,0.9902358609867906,1646.8196784365553,1.002317242523565
1646.8710663392033,1.0107824866636825,1646.8710663392033,1.0008523652835768,1646.8599554414347,1.0158994488685598,1646.8210672987764,0.990475786420582
1646.872455201424,0.99848813264316,1646.872455201424,1.0008496565537826,1646.8613443036554,1.0161468612150983,1646.822456160997,0.9971196900039474
1646.8738440631805,1.0006895561606355,1646.8738440631805,1.0008263611024382,1646.862733165876,1.0045496333693251,1646.8238450232186,1.015318567707121
1646.8752329254014,1.0116282758850095,1646.8752329254014,1.000809178126401,1646.8641220280972,1.0142188520979318,1646.825233885905,1.0173826321007666
1646.876621787622,0.9961819207604221,1646.876621787622,1.000786731970161,1646.8655108903192,0.9999560251446674,1646.8266227481256,0.9959414048391444
1646.8780106498436,1.0141908415413086,1646.8780106498436,1.0008268428364469,1646.8668997525403,0.9934862998532652,1646.8280116103476,1.0145843339190623
1646.8793995120648,1.0155049911335192,1646.8793995120648,1.0007335914024849,1646.868288614761,0.9983956492603404,1646.8294004725688,1.0026852199822776
1646.880788374286,1.0020901293792692,1646.880788374286,1.0006217593976419,1646.8696774769826,1.0048908472663776,1646.8307893347894,1.0057156985156206
1646.8821772365077,0.9881282743058708,1646.8821772365077,1.000549517753679,1646.8710663392033,1.011644042564562,1646.8321781970103,0.9969751151371004
1646.8835660987286,0.9968486821173599,1646.8835660987286,1.000449960348911,1646.872455201424,0.9993365046289344,1646.833567059232,0.9929656582196792
1646.8849549609492,1.009564127605009,1646.8849549609492,1.0004460832772772,1646.8738440631805,1.0015164870854627,1646.8349559214532,1.0188548861614917
1646.88634382317,0.9977805730857245,1646.88634382317,1.0003445047329491,1646.8752329254014,1.0124468633579045,1646.8363447836748,1.0062169774438252
1646.8877326849258,1.0086832755360577,1646.8877326849258,1.0002943332734673,1646.876621787622,0.9969656489255808,1646.837733645896,1.028601383598687
1646.889121547147,0.9897662004733032,1646.889121547147,1.0001987230880902,1646.8780106498436,1.015029417973427,1646.8391225081166,0.9941095207971375
1646.8905104093683,1.0147001580740367,1646.8905104093683,1.0001670829483593,1646.8793995120648,1.0162499568641952,1646.8405113703373,0.9987849687232068
1646.8918992715896,1.018348203428433,1646.8918992715896,1.000066826762783,1646.880788374286,1.0027131883344949,1646.8419002325588,1.0041018815644411
1646.8932881338112,0.9836821096737739,1646.8932881338112,0.9999497321743197,1646.8821772365077,0.988671268335514,1646.84328909478,1.0160715618052822
1646.8946769960316,0.9900388288066684,1646.8946769960316,0.9998537591577259,1646.8835660987286,0.9972972244981768,1646.8446779570015,1.005099362089217
1646.896065858252,1.0165280110005868,1646.896065858252,0.9997577900063419,1646.8849549609492,1.0100144772796724,1646.8460668192226,1.019810801412049
1646.897454720474,0.9956428511270297,1646.897454720474,0.9996582675683897,1646.88634382317,0.9981243132155972,1646.8474556814433,1.0018330027760955
1646.89884358223,1.007253813354014,1646.89884358223,0.9995957714671405,1646.8877326849258,1.008980164586438,1646.848844543664,1.0007042861370687
1646.9002324444507,0.9785985709083604,1646.9002324444507,0.9994644137141613,1646.889121547147,0.9899628898691486,1646.850233405886,0.9950369513566674
1646.9016213066718,1.0018587237718934,1646.9016213066718,0.9993935783918704,1646.8905104093683,1.0148696971681483,1646.851622268108,1.0020883323177237
1646.9030101688925,1.0133792020098322,1646.9030101688925,0.9992843737752424,1646.8918992715896,1.018416256342254,1646.8530111303287,1.0213298701915623
1646.904399031114,1.005482869209143,1646.904399031114,0.9992241982931558,1646.8932881338112,0.98363266211296,1646.8543999925494,1.006018100945442
1646.905787893336,1.0042777417662916,1646.905787893336,0.9991083498587625,1646.8946769960316,0.9898940446944596,1646.8557888547705,1.0072395864573624
1646.907176755091,0.9872199515940344,1646.907176755091,0.9990194801553609,1646.896065858252,1.016281797757489,1646.8571777169911,1.0026347048353494
1646.9085656173118,1.0070989426817467,1646.9085656173118,0.9990203446139843,1646.897454720474,0.9953026076744986,1646.8585665792127,0.9902358609867906
1646.9099544795329,0.9884750738862885,1646.9099544795329,0.9989321097036793,1646.89884358223,1.0068466526228248,1646.8599554414347,1.0158994488685598
1646.9113433417542,0.9951208671906706,1646.9113433417542,0.9988499128218276,1646.9002324444507,0.9780744469344406,1646.8613443036554,1.0161468612150983
1646.9127322039756,0.9869916822166949,1646.9127322039756,0.9987964422751975,1646.9016213066718,1.001251174993505,1646.862733165876,1.0045496333693251
1646.914121065731,1.016829394678418,1646.914121065731,0.9986733715986484,1646.9030101688925,1.01265400127725,1646.8641220280972,1.0142188520979318
1646.9155099279526,1.0190951619411892,1646.9155099279526,0.9986488900494919,1646.904399031114,1.004702813883008,1646.8655108903192,0.9999560251446674
1646.9168987901733,1.0090023613268413,1646.9168987901733,0.9986584150139063,1646.905787893336,1.003382277376004,1646.8668997525403,0.9934862998532652
1646.918287652394,0.9920513154623609,1646.918287652394,0.9985610503267843,1646.907176755091,0.9862519628404728,1646.868288614761,0.9983956492603404
1646.919676514616,1.0129287102103195,1646.919676514616,0.9985271504237827,1646.9085656173118,1.0061123327782977,1646.8696774769826,1.0048908472663776
1646.9210653763714,0.9802310628204036,1646.9210653763714,0.998424881697529,1646.9099544795329,0.9874194909467304,1646.8710663392033,1.011644042564562
1646.922454238592,1.0107618896497201,1646.922454238592,0.9984515433867818,1646.9113433417542,0.9939763914405828,1646.872455201424,0.9993365046289344
1646.9238431008137,1.0140947467719936,1646.9238431008137,0.9984172807344145,1646.9127322039756,0.9858037807532471,1646.8738440631805,1.0015164870854627
1646.9252319630348,0.9903062197454744,1646.9252319630348,0.9984130021422559,1646.914121065731,1.0154804399241084,1646.8752329254014,1.0124468633579045
1646.9266208247898,1.0044618973206145,1646.9266208247898,0.998398193813232,1646.9155099279526,1.0177182523273758,1646.876621787622,0.9969656489255808
1646.928009687011,0.9837210949842833,1646.928009687011,0.9983729828657123,1646.9168987901733,1.007648698907952,1646.8780106498436,1.015029417973427
1646.929398549233,1.0033489549905394,1646.929398549233,0.998270825002813,1646.918287652394,0.9906238035461632,1646.8793995120648,1.0162499568641952
1646.9307874114536,0.9901170168279403,1646.9307874114536,0.9982203193762209,1646.919676514616,1.011436818588748,1646.880788374286,1.0027131883344949
1646.9321762732086,0.9773886299048853,1646.9321762732086,0.9981063116229306,1646.9210653763714,0.9786870829327046,1646.8821772365077,0.988671268335514
1646.9335651354302,0.9863718041949121,1646.9335651354302,0.9981203322145148,1646.922454238592,1.0091967687173031,1646.8835660987286,0.9972972244981768
1646.9349539976513,1.0040883113890355,1646.9349539976513,0.9980025075728158,1646.9238431008137,1.0124897194791485,1646.8849549609492,1.0100144772796724
1646.9363428598729,1.0154616045168408,1646.9363428598729,0.9979958273453894,1646.9252319630348,0.9887346058962276,1646.88634382317,0.9981243132155972
1646.9377317216283,1.0174145193733162,1646.9377317216283,0.9978888351481277,1646.9266208247898,1.0028529440391136,1646.8877326849258,1.008980164586438
1646.93912058385,0.999350990412366,1646.93912058385,0.9978388098836835,1646.928009687011,0.9821205639073836,1646.889121547147,0.9899628898691486
1646.9405094460706,1.0071644757812201,1646.9405094460706,0.9977372474201762,1646.929398549233,1.001613989064116,1646.8905104093683,1.0148696971681483
1646.9418983078256,0.9872623768275628,1646.9418983078256,0.9976704428701051,1646.9307874114536,0.9883549247578176,1646.8918992715896,1.018416256342254
1646.9432871700476,0.9978307944853778,1646.9432871700476,0.9977015895101009,1646.9321762732086,0.9755377604165546,1646.8932881338112,0.98363266211296
1646.9446760322687,0.9923938428229861,1646.9446760322687,0.9977150888865159,1646.9335651354302,0.984517752890056,1646.8946769960316,0.9898940446944596
1646.9460648944894,0.9972513804825455,1646.9460648944894,0.9977128487720424,1646.9349539976513,1.0020826525908118,1646.896065858252,1.016281797757489
1646.9474537562448,1.0083206934483113,1646.9474537562448,0.9975942779664687,1646.9363428598729,1.0134264441372611,1646.897454720474,0.9953026076744986
1646.9488426184655,0.9860794743365753,1646.9488426184655,0.9975713579087158,1646.9377317216283,1.0152665896002306,1646.89884358223,1.0068466526228248
1646.950231480687,1.0221128603697864,1646.950231480687,0.9974991179468345,1646.93912058385,0.9971912029291556,1646.9002324444507,0.9780744469344406
1646.9516203424434,0.9828049047670484,1646.9516203424434,0.9973823106371996,1646.9405094460706,1.0048855117653392,1646.9016213066718,1.001251174993505
1646.9530092046646,0.9935061145243032,1646.9530092046646,0.9973595723569065,1646.9418983078256,0.9849624927185472,1646.9030101688925,1.01265400127725
1646.9543980668852,0.9922781115105952,1646.9543980668852,0.997271376795177,1646.9432871700476,0.9955373697201882,1646.904399031114,1.004702813883008
1646.9557869286402,1.0040900343962842,1646.9557869286402,0.9971616482690107,1646.9446760322687,0.9901263111025668,1646.905787893336,1.003382277376004
1646.9571757908618,1.0106478831334098,1646.9571757908618,0.9970730307366024,1646.9460648944894,0.9949705157630924,1646.907176755091,0.9862519628404728
1646.958564653083,1.0217015453187586,1646.958564653083,0.99704155812535,1646.9474537562448,1.0058949541392173,1646.9085656173118,1.0061123327782977
1646.9599535148386,0.9626885148038027,1646.9599535148386,0.997027525068435,1646.9488426184655,0.98368464021985,1646.9099544795329,0.9874194909467304
1646.96134237706,0.9818697087389617,1646.96134237706,0.9969296031747878,1646.950231480687,1.019556676660978,1646.9113433417542,0.9939763914405828
1646.9627312392806,0.9938474107356813,1646.9627312392806,0.9968416402852758,1646.9516203424434,0.9802322268221316,1646.9127322039756,0.9858037807532471
1646.9641201010356,0.9929871379377908,1646.9641201010356,0.9968035977483228,1646.9530092046646,0.9908828335159308,1646.914121065731,1.0154804399241084
1646.9655089632577,0.9756328808870177,1646.9655089632577,0.9966972818558081,1646.9543980668852,0.9895705584298894,1646.9155099279526,1.0177182523273758
1646.9668978254788,1.0059918012513267,1646.9668978254788,0.9965841128933023,1646.9557869286402,1.0012400737090863,1646.9168987901733,1.007648698907952
1646.9682866872338,0.98007016868576,1646.9682866872338,0.9965041764580844,1646.9571757908618,1.0076897478433604,1646.918287652394,0.9906238035461632
1646.9696755494554,1.0045937040404234,1646.9696755494554,0.9964402660621223,1646.958564653083,1.018678900683693,1646.919676514616,1.011436818588748
1646.9710644112108,1.0153233736504075,1646.9710644112108,0.996312799033947,1646.9599535148386,0.9598269473266428,1646.9210653763714,0.9786870829327046
1646.9724532734317,0.982118447367569,1646.9724532734317,0.9962935861383463,1646.96134237706,0.9788549791024777,1646.922454238592,1.0091967687173031
1646.973842135653,0.9909014536434381,1646.973842135653,0.9962140619111806,1646.9627312392806,0.9907084831110308,1646.9238431008137,1.0124897194791485
1646.9752309974092,1.0049754386143745,1646.9752309974092,0.9961628174230283,1646.9641201010356,0.9898131516142,1646.9252319630348,0.9887346058962276
1646.9766198596296,1.0086731845425803,1646.9766198596296,0.9960785287532556,1646.9655089632577,0.972410640469242,1646.9266208247898,1.0028529440391136
1646.9780087218503,0.9987652775071606,1646.9780087218503,0.9960524330370976,1646.9668978254788,1.0025554468279887,1646.928009687011,0.9821205639073836
1646.9793975836062,0.9861140943499243,1646.9793975836062,0.99600669747033,1646.9682866872338,0.9766440163173392,1646.929398549233,1.001613989064116
1646.980786445827,1.004754555413807,1646.980786445827,0.9959694107221438,1646.9696755494554,1.0010176177383725,1646.9307874114536,0.9883549247578176
1646.9821753075832,0.9838206302033011,1646.9821753075832,0.9958385999809597,1646.9710644112108,1.0115796723262276,1646.9321762732086,0.9755377604165546
1646.9835641698044,0.9867778144080016,1646.9835641698044,0.9958131086095836,1646.9724532734317,0.97847830994046,1646.9335651354302,0.984517752890056
1646.9849530315605,1.0028609601548082,1646.9849530315605,0.9956800914917332,1646.973842135653,0.9871499620878228,1646.9349539976513,1.0020826525908118
1646.986341893781,0.9921144333063979,1646.986341893781,0.9956694361956132,1646.9752309974092,1.0011191643710389,1646.9363428598729,1.0134264441372611
1646.9877307560016,0.9838511497737531,1646.9877307560016,0.9956604982400579,1646.9766198596296,1.0047177016520346,1646.9377317216283,1.0152665896002306
1646.989119617758,1.002185975018664,1646.989119617758,0.9955593283266894,1646.9780087218503,0.9948225846939792,1646.93912058385,0.9971912029291556
1646.990508479979,0.990792727878663,1646.990508479979,0.9954392735683834,1646.9793975836062,0.9821762424424134,1646.9405094460706,1.0048855117653392
1646.991897341734,0.9841715711332394,1646.991897341734,0.9953417576885162,1646.980786445827,1.0007048024758791,1646.9418983078256,0.9849624927185472
1646.9932862039552,0.9806151183732997,1646.9932862039552,0.9954019993754226,1646.9821753075832,0.9797265590140408,1646.9432871700476,0.9955373697201882
1646.9946750657102,0.9939545160999989,1646.9946750657102,0.9954424519195376,1646.9835641698044,0.9826462828726028,1646.9446760322687,0.9901263111025668
1646.9960639279318,1.0034424242818665,1646.9960639279318,0.9955045737713663,1646.9849530315605,0.9985286925604268,1646.9460648944894,0.9949705157630924
1646.9974527896882,1.007994686299127,1646.9974527896882,0.9955123646455778,1646.986341893781,0.9878180184517116,1646.9474537562448,1.0058949541392173
1646.9988416519093,1.02471991370151,1646.9988416519093,0.9955068559120459,1646.9877307560016,0.9795817259777888,1646.9488426184655,0.98368464021985
1647.00023051413,0.9914011611593115,1647.00023051413,0.995425218605572,1646.989119617758,0.9977355961480092,1646.950231480687,1.019556676660978
1647.001619375885,1.0047509338307747,1647.001619375885,0.9954091696451264,1646.990508479979,0.9862739932963732,1646.9516203424434,0.9802322268221316
1647.0030082381063,0.9967942413354761,1647.0030082381063,0.9953464491866776,1646.991897341734,0.979587061478827,1646.9530092046646,0.9908828335159308
1647.004397099862,1.0091684651395991,1647.004397099862,0.9953584929225429,1646.9932862039552,0.9761062494465492,1646.9543980668852,0.9895705584298894
1647.0057859620836,0.9960254674362568,1647.0057859620836,0.9952869882612073,1646.9946750657102,0.9894245206030804,1646.9557869286402,1.0012400737090863
1647.007174823839,0.9791539413373985,1647.007174823839,0.995301033932942,1646.9960639279318,0.998931522888826,1646.9571757908618,1.0076897478433604
1647.0085636860597,0.9865000372690163,1647.0085636860597,0.9952650456158403,1646.9974527896882,1.0034711737078212,1646.958564653083,1.018678900683693
1647.0099525478147,0.9861692617119642,1647.0099525478147,0.9952073212211858,1646.9988416519093,1.0201156994794531,1646.9599535148386,0.9598269473266428
1647.0113414100367,0.9846023450672411,1647.0113414100367,0.9951206828872667,1647.00023051413,0.9868657175728256,1646.96134237706,0.9788549791024777
1647.012730271793,0.9827080471727634,1647.012730271793,0.9950368655566074,1647.001619375885,1.0001382927446567,1646.9627312392806,0.9907084831110308
1647.0141191340138,0.9913342116049568,1647.0141191340138,0.9949221110596846,1647.0030082381063,0.9921556086829943,1646.9641201010356,0.9898131516142
1647.0155079957688,0.9941393320662415,1647.0155079957688,0.9949188427135024,1647.004397099862,1.004484402566307,1646.9655089632577,0.972410640469242
1647.01689685799,1.0060195635475584,1647.01689685799,0.9948271320106864,1647.0057859620836,0.9913311877160932,1646.9668978254788,1.0025554468279887
1647.0182857197449,0.9936960584889961,1647.0182857197449,0.9949060072764675,1647.007174823839,0.974552930192628,1646.9682866872338,0.9766440163173392
1647.0196745815008,1.0019857954547267,1647.0196745815008,0.9948340056453552,1647.0085636860597,0.9818290045925756,1646.9696755494554,1.0010176177383725
1647.0210634437228,1.004806251741611,1647.0210634437228,0.9948488932426013,1647.0099525478147,0.9814428692190384,1646.9710644112108,1.0115796723262276
1647.0224523054776,0.9963080999609095,1647.0224523054776,0.994835695205998,1647.0113414100367,0.9797981579957172,1646.9724532734317,0.97847830994046
1647.023841167698,0.9841644483467561,1647.023841167698,0.9947390593681303,1647.012730271793,0.9778307350160412,1646.973842135653,0.9871499620878228
1647.025230029454,1.0047219900478448,1647.025230029454,0.9946780260738929,1647.0141191340138,0.9863003265756918,1646.9752309974092,1.0011191643710389
1647.026618891675,0.9916909867113901,1647.026618891675,0.9946709966169295,1647.0155079957688,0.9890879537553192,1646.9766198596296,1.0047177016520346
1647.028007753431,0.9969072998293137,1647.028007753431,0.9946714294606955,1647.01689685799,1.00081555715066,1646.9780087218503,0.9948225846939792
1647.029396615652,1.0003305612529463,1647.029396615652,0.9946197886001353,1647.0182857197449,0.9886341779976502,1646.9793975836062,0.9821762424424134
1647.030785477408,0.9987168165561764,1647.030785477408,0.9946180023399497,1647.0196745815008,0.9968095424919732,1646.980786445827,1.0007048024758791
1647.032174339629,1.0067314325291488,1647.032174339629,0.9945649338919896,1647.0210634437228,0.9996303874683884,1646.9821753075832,0.9797265590140408
1647.0335632013837,1.0031529613209487,1647.0335632013837,0.9945646612009688,1647.0224523054776,0.9911628612639783,1646.9835641698044,0.9826462828726028
1647.03495206314,0.9899834072340429,1647.03495206314,0.9944752196969885,1647.023841167698,0.978986817612007,1646.9849530315605,0.9985286925604268
1647.0363409253612,0.994970269978491,1647.0363409253612,0.9945185889149041,1647.025230029454,0.9993748858138236,1646.986341893781,0.9878180184517116
1647.0377297871162,0.9661842321774277,1647.0377297871162,0.9945354398937621,1647.026618891675,0.9864062620882446,1646.9877307560016,0.9795817259777888
1647.0391186493375,0.9940655910158096,1647.0391186493375,0.9945109704029924,1647.028007753431,0.9915952089610256,1646.989119617758,0.9977355961480092
1647.0405075110923,0.9800729255778379,1647.0405075110923,0.9944853432504652,1647.029396615652,0.9949485713636602,1646.990508479979,0.9862739932963732
1647.0418963728482,1.0001506064745758,1647.0418963728482,0.9944839150294617,1647.030785477408,0.9933417249864182,1646.991897341734,0.979587061478827
1647.0432852350702,0.9991689750144302,1647.0432852350702,0.9944926922037964,1647.032174339629,1.001259780640341,1646.9932862039552,0.9761062494465492
1647.0446740968257,0.9742716654019912,1647.0446740968257,0.9944467871683302,1647.0335632013837,0.9977004851089178,1646.9946750657102,0.9894245206030804
1647.0460629590464,0.9906924077549474,1647.0460629590464,0.9944603427690116,1647.03495206314,0.984513966405448,1646.9960639279318,0.998931522888826
1647.0474518208014,0.9804434585045994,1647.0474518208014,0.9944272418384011,1647.0363409253612,0.98951642891129,1646.9974527896882,1.0034711737078212
1647.0488406825573,0.9971760214357851,1647.0488406825573,0.9943778379454792,1647.0377297871162,0.9609044603669948,1646.9988416519093,1.0201156994794531
1647.0502295447784,0.9946198548051356,1647.0502295447784,0.9943722457865027,1647.0391186493375,0.988609135565357,1647.00023051413,0.9868657175728256
1647.0516184065343,1.006196715892326,1647.0516184065343,0.994362132152348,1647.0405075110923,0.9746681598037638,1647.001619375885,1.0001382927446567
1647.0530072682898,0.9771012266959115,1647.0530072682898,0.9942770088466728,1647.0418963728482,0.9946336907459264,1647.0030082381063,0.9921556086829943
1647.0543961305104,1.0018856618559877,1647.0543961305104,0.9943087237641037,1647.0432852350702,0.9936662439286086,1647.004397099862,1.004484402566307
1647.0557849922654,0.9925955068752156,1647.0557849922654,0.9942311960566126,1647.0446740968257,0.9688613274881486,1647.0057859620836,0.9913311877160932
1647.0571738544866,0.9863415037455994,1647.0571738544866,0.9942591164234368,1647.0460629590464,0.9852043113946424,1647.007174823839,0.974552930192628
1647.058562716243,0.9797358091036346,1647.058562716243,0.994194146584855,1647.0474518208014,0.9749796842192316,1647.0085636860597,0.9818290045925756
1647.0599515779988,1.0051678787114142,1647.0599515779988,0.9941712959397412,1647.0488406825573,0.9915697362463908,1647.0099525478147,0.9814428692190384
1647.0613404402195,0.9766247126085847,1647.0613404402195,0.9940680444438406,1647.0502295447784,0.989022378726428,1647.0113414100367,0.9797981579957172
1647.062729301975,0.9876116518679772,1647.062729301975,0.9940714482148043,1647.0516184065343,1.0005239117793836,1647.012730271793,0.9778307350160412
1647.06411816373,0.9797148293876066,1647.06411816373,0.9940297462324132,1647.0530072682898,0.9715092850196256,1647.0141191340138,0.9863003265756918
1647.0655070259515,1.0040868933383476,1647.0655070259515,0.9939694692532285,1647.0543961305104,0.9961836537975816,1647.0155079957688,0.9890879537553192
1647.066895887708,0.9870434765801882,1647.066895887708,0.993943739051203,1647.0557849922654,0.9868694180009652,1647.01689685799,1.00081555715066
1647.068284749463,0.9952707771151024,1647.068284749463,0.9939480181048128,1647.0571738544866,0.9806790320058636,1647.0182857197449,0.9886341779976502
1647.0696736116836,0.9944662089951196,1647.0696736116836,0.9938944287262819,1647.058562716243,0.9740476066104105,1647.0196745815008,0.9968095424919732
1647.071062473439,0.989908364252316,1647.071062473439,0.9938176702484534,1647.0599515779988,0.9993090526155272,1647.0210634437228,0.9996303874683884
1647.0724513351945,0.9853992649714831,1647.0724513351945,0.9938279794995826,1647.0613404402195,0.9708314182183436,1647.0224523054776,0.9911628612639783
1647.0738401969504,0.9938368804561231,1647.0738401969504,0.9938737615729036,1647.062729301975,0.9817565450462152,1647.023841167698,0.978986817612007
1647.0752290591715,1.0038307573611662,1647.0752290591715,0.993842970798696,1647.06411816373,0.9738656832362946,1647.025230029454,0.9993748858138236
1647.0766179209274,1.008854505652445,1647.0766179209274,0.9938028864407763,1647.0655070259515,0.9980317164556404,1647.026618891675,0.9864062620882446
1647.0780067826825,0.9761591409448267,1647.0780067826825,0.9938457075546897,1647.066895887708,0.9810656837182108,1647.028007753431,0.9915952089610256
1647.0793956449031,0.9963803147489881,1647.0793956449031,0.9938393566572116,1647.068284749463,0.9892474163911928,1647.029396615652,0.9949485713636602
1647.0807845066597,0.9804804113588212,1647.0807845066597,0.9938494530956878,1647.0696736116836,0.9883944246767956,1647.030785477408,0.9933417249864182
1647.082173368415,1.004444329776715,1647.082173368415,0.9937592671383163,1647.071062473439,0.983788424320694,1647.032174339629,1.001259780640341
1647.08356223017,0.9674892814519704,1647.08356223017,0.9937695809790316,1647.0724513351945,0.9793173605069828,1647.0335632013837,0.9977004851089178
1647.0849510923915,0.994374998260902,1647.0849510923915,0.9938344908222877,1647.0738401969504,0.9877483987688072,1647.03495206314,0.984513966405448
1647.0863399541463,1.0042253885084562,1647.0863399541463,0.9938385584970284,1647.0752290591715,0.9976501420749264,1647.0363409253612,0.98951642891129
1647.087728815901,0.9864735287345757,1647.087728815901,0.9937893166738635,1647.0766179209274,1.0026025197161823,1647.0377297871162,0.9609044603669948
1647.0891176776574,1.0055187713439684,1647.0891176776574,0.9937954357566009,1647.0780067826825,0.9701515721182894,1647.0391186493375,0.988609135565357
1647.0905065398797,1.003750316745343,1647.0905065398797,0.9938403976363143,1647.0793956449031,0.9902419709960444,1647.0405075110923,0.9746681598037638
1647.0918954016345,0.9889941378714684,1647.0918954016345,0.9938662141643798,1647.0807845066597,0.9744499205999996,1647.0418963728482,0.9946336907459264
1647.0932842633897,0.9950987105420929,1647.0932842633897,0.9938830160734248,1647.082173368415,0.9981758610401456,1647.0432852350702,0.9936662439286086
1647.0946731251454,0.9960385935504387,1647.0946731251454,0.9938578832849121,1647.08356223017,0.961461417830229,1647.0446740968257,0.9688613274881486
1647.0960619873665,1.0134280602467236,1647.0960619873665,0.993844782430159,1647.0849510923915,0.9882441700830368,1647.0460629590464,0.9852043113946424
1647.0974508491224,1.012363041813374,1647.0974508491224,0.9938485765171124,1647.0863399541463,0.9980379125213624,1647.0474518208014,0.9749796842192316
1647.098839710878,0.9789536351363345,1647.098839710878,0.9938526566145471,1647.087728815901,0.9803468540379888,1647.0488406825573,0.9915697362463908
1647.100228572633,1.0012022643252863,1647.100228572633,0.9938579058422479,1647.0891176776574,0.999279965529221,1647.0502295447784,0.989022378726428
1647.101617434388,0.9806550671657117,1647.101617434388,0.9939110506556647,1647.0905065398797,0.997567613921768,1647.0516184065343,1.0005239117793836
1647.1030062966092,0.9796113840248235,1647.1030062966092,0.9939245827907832,1647.0918954016345,0.982927859637081,1647.0530072682898,0.9715092850196256
1647.1043951583654,0.9846709665806395,1647.1043951583654,0.9938912364128719,1647.0932842633897,0.9890117077243512,1647.0543961305104,0.9961836537975816
1647.1057840201213,0.9895818738207184,1647.1057840201213,0.9938161444100119,1647.0946731251454,0.9899208082561198,1647.0557849922654,0.9868694180009652
1647.1071728818763,0.9740353846931679,1647.1071728818763,0.9937996554444531,1647.0960619873665,1.007190190044523,1647.0571738544866,0.9806790320058636
1647.1085617436318,1.0019255789699522,1647.1085617436318,0.9937855433378139,1647.0974508491224,1.0061355680247557,1647.058562716243,0.9740476066104105
1647.1099506058524,0.9809842094674169,1647.1099506058524,0.9938619743300612,1647.098839710878,0.972935670982714,1647.0599515779988,0.9993090526155272
1647.1113394676083,0.9851870772147452,1647.1113394676083,0.9937898477624997,1647.100228572633,0.9950527857468456,1647.0613404402195,0.9708314182183436
1647.1127283293647,0.9996232988209782,1647.1127283293647,0.9937901815387631,1647.101617434388,0.974683908137474,1647.062729301975,0.9817565450462152
1647.1141171911197,0.9986917521301131,1647.1141171911197,0.9938031595122878,1647.1030062966092,0.9736598361639744,1647.06411816373,0.9738656832362946
1647.1155060528747,1.011349970621137,1647.1155060528747,0.9937998835632929,1647.1043951583654,0.9786558444346894,1647.0655070259515,0.9980317164556404
1647.1168949150958,0.9781637639338918,1647.1168949150958,0.9938174742656664,1647.1057840201213,0.9834624424185412,1647.066895887708,0.9810656837182108
1647.1182837768515,0.9982650431333899,1647.1182837768515,0.9938799475225346,1647.1071728818763,0.9679960296987756,1647.068284749463,0.9892474163911928
1647.1196726386072,0.9789965545590956,1647.1196726386072,0.9939054272874895,1647.1085617436318,0.9956991558807076,1647.0696736116836,0.9883944246767956
1647.1210615003629,1.0030488603501548,1647.1210615003629,0.9938916094627424,1647.1099506058524,0.9749629032079012,1647.071062473439,0.983788424320694
1647.1224503621186,0.9974562519131897,1647.1224503621186,0.9938902885081268,1647.1113394676083,0.9790689154828236,1647.0724513351945,0.9793173605069828
1647.1238392238736,0.9906587731939738,1647.1238392238736,0.9939254689868412,1647.1127283293647,0.9934158196056772,1647.0738401969504,0.9877483987688072
1647.1252280856286,0.9822114628208587,1647.1252280856286,0.9939074036433996,1647.1141171911197,0.992503018645769,1647.0752290591715,0.9976501420749264
1647.1266169478506,0.9987397163631904,1647.1266169478506,0.9938492661073448,1647.1155060528747,1.0050794830450256,1647.0766179209274,1.0026025197161823
1647.128005809606,1.0198584620567404,1647.128005809606,0.9938786095416619,1647.1168949150958,0.9721162412909778,1647.0780067826825,0.9701515721182894
1647.129394671361,0.9931011629738713,1647.129394671361,0.9938738366371023,1647.1182837768515,0.9921556086829943,1647.0793956449031,0.9902419709960444
1647.130783533117,0.972396181952761,1647.130783533117,0.9938712413440453,1647.1196726386072,0.973029988872038,1647.0807845066597,0.9744499205999996
1647.1321723948724,0.9909496005810163,1647.1321723948724,0.9938470532321757,1647.1210615003629,0.9969218461831848,1647.082173368415,0.9981758610401456
1647.1335612566274,0.9927614466939116,1647.1335612566274,0.9939335977247723,1647.1224503621186,0.9913620819882348,1647.08356223017,0.961461417830229
1647.1349501183834,1.006453444796917,1647.1349501183834,0.9939465416904216,1647.1238392238736,0.9846409857527492,1647.0849510923915,0.9882441700830368
1647.1363389801395,0.9980607687810555,1647.1363389801395,0.9939459256413729,1647.1252280856286,0.9762272448410652,1647.0863399541463,0.9980379125213624
1647.1377278418945,0.9869257517884809,1647.1377278418945,0.9939591475229648,1647.1266169478506,0.9925967341398144,1647.087728815901,0.9803468540379888
1647.139116704115,0.9996819003945917,1647.139116704115,0.9939629743967049,1647.128005809606,1.013615510198251,1647.0891176776574,0.999279965529221
1647.1405055658709,0.9945156629474671,1647.1405055658709,0.9940440270433895,1647.129394671361,0.9870172630136096,1647.0905065398797,0.997567613921768
1647.1418944276263,0.9973057022475227,1647.1418944276263,0.9940441193093613,1647.130783533117,0.9664366004356006,1647.0918954016345,0.982927859637081
1647.1432832893822,0.9742954768132749,1647.1432832893822,0.9940160913451782,1647.1321723948724,0.9848523404390446,1647.0932842633897,0.9890117077243512
1647.1446721511377,0.9820371303835673,1647.1446721511377,0.9940865598536842,1647.1335612566274,0.9867389563949294,1647.0946731251454,0.9899208082561198
1647.1460610128927,0.9989621790763826,1647.1460610128927,0.9941366333845488,1647.1349501183834,1.0003609208283073,1647.0960619873665,1.007190190044523
1647.1474498746477,0.9930824682095816,1647.1474498746477,0.9941362227273646,1647.1363389801395,0.9920184346724265,1647.0974508491224,1.0061355680247557
1647.1488387364036,0.9928939324021592,1647.1488387364036,0.9941870120173009,1647.1377278418945,0.9809638789161396,1647.098839710878,0.972935670982714
1647.15022759816,0.9822506887350541,1647.15022759816,0.9941971315079549,1647.139116704115,0.9936467951667588,1647.100228572633,0.9950527857468456
1647.1516164599154,0.9776975682431034,1647.1516164599154,0.9943055275562115,1647.1405055658709,0.9885923545540264,1647.101617434388,0.974683908137474
1647.1530053216704,0.9940229532954089,1647.1530053216704,0.9943302683305852,1647.1418944276263,0.9913658684728428,1647.1030062966092,0.9736598361639744
1647.154394183426,0.9828946198269837,1647.154394183426,0.9943172350224772,1647.1432832893822,0.9684653816772182,1647.1043951583654,0.9786558444346894
1647.155783045181,0.9853942290810073,1647.155783045181,0.9942829930572245,1647.1446721511377,0.9762299125915844,1647.1057840201213,0.9834624424185412
1647.1571719069368,0.9849792274225958,1647.1571719069368,0.9942932033558529,1647.1460610128927,0.9931048975854878,1647.1071728818763,0.9679960296987756
1647.1585607686932,1.0123256950632251,1647.1585607686932,0.9943298369912643,1647.1474498746477,0.9872592538026416,1647.1085617436318,0.9956991558807076
1647.1599496304482,0.99970575285134,1647.1599496304482,0.9942729120074754,1647.1488387364036,0.9871222519050106,1647.1099506058524,0.9749629032079012
1647.1613384922032,1.000503006815739,1647.1613384922032,0.9943655263475397,1647.15022759816,0.9765508171621038,1647.1113394676083,0.9790689154828236
1647.1627273544243,0.9884645166595083,1647.1627273544243,0.994431377399976,1647.1516164599154,0.972130096382384,1647.1127283293647,0.9934158196056772
1647.1641162161802,0.9819242887986875,1647.1641162161802,0.9945125368517627,1647.1530053216704,0.9883871098769847,1647.1141171911197,0.992503018645769
1647.1655050779357,1.0026003499243739,1647.1655050779357,0.994470295628735,1647.154394183426,0.9773090607048353,1647.1155060528747,1.0050794830450256
1647.1668939396914,0.9980881208247238,1647.1668939396914,0.9943846270881955,1647.155783045181,0.9797607234319802,1647.1168949150958,0.9721162412909778
1647.168282801447,0.9968007799599266,1647.168282801447,0.9943790375344422,1647.1571719069368,0.979358151272986,1647.1182837768515,0.9921556086829943
1647.169671663202,1.0105936604728047,1647.169671663202,0.9944497002783913,1647.1585607686932,1.006585643354285,1647.1196726386072,0.973029988872038
1647.171060524957,0.9936641205983188,1647.171060524957,0.9944465006391735,1647.1599496304482,0.9939803500381272,1647.1210615003629,0.9969218461831848
1647.1724493867134,1.0104787677881146,1647.1724493867134,0.9945583419074873,1647.1613384922032,0.9948656989846284,1647.1224503621186,0.9913620819882348
1647.1738382484689,0.9662611719099765,1647.1738382484689,0.994546467876676,1647.1627273544243,0.9829601308127164,1647.1238392238736,0.9846409857527492
1647.175227110224,0.9919153578283537,1647.175227110224,0.9945400477110641,1647.1641162161802,0.9765360154495456,1647.1252280856286,0.9762272448410652
1647.176615971514,1.0061439530534717,1647.176615971514,0.994578924262339,1647.1655050779357,0.9970562663867653,1647.1266169478506,0.9925967341398144
1647.1780048332696,0.9933977593077139,1647.1780048332696,0.9945849330836647,1647.1668939396914,0.9924834838274508,1647.128005809606,1.013615510198251
1647.1793936950246,0.9944145592133463,1647.1793936950246,0.9946088600617307,1647.168282801447,0.9911978001901331,1647.129394671361,0.9870172630136096
1647.1807825567803,0.9956881948937019,1647.1807825567803,0.9946184354992451,1647.169671663202,1.004984562760423,1647.130783533117,0.9664366004356006
1647.1821714185369,0.9898841320082634,1647.1821714185369,0.9946992736994242,1647.171060524957,0.9881458075396998,1647.1321723948724,0.9848523404390446
1647.1835602802917,1.0080200234162284,1647.1835602802917,0.9948146976238508,1647.1724493867134,1.0049800878240682,1647.1335612566274,0.9867389563949294
1647.1849491420464,0.987608827012832,1647.1849491420464,0.9949205582122378,1647.1738382484689,0.9609916355694448,1647.1349501183834,1.0003609208283073
1647.1863380038023,1.0164220238402006,1647.1863380038023,0.9949529308585279,1647.175227110224,0.9864995472999482,1647.1363389801395,0.9920184346724265
1647.1877268655578,0.9881351701611724,1647.1877268655578,0.9949248094099454,1647.176615971514,1.000689570480979,1647.1377278418945,0.9809638789161396
1647.1891157273135,0.9892445777694581,1647.1891157273135,0.9948939971310463,1647.1780048332696,0.988018443966525,1647.139116704115,0.9936467951667588
1647.1905045890692,0.9951124190553939,1647.1905045890692,0.9949132142213052,1647.1793936950246,0.9890535311679748,1647.1405055658709,0.9885923545540264
1647.1918934508242,1.001359533012986,1647.1918934508242,0.9949353068417988,1647.1807825567803,0.9903298346502412,1647.1418944276263,0.9913658684728428
1647.1932823125792,1.0039679567099755,1647.1932823125792,0.9950236725145489,1647.1821714185369,0.9846370271552046,1647.1432832893822,0.9684653816772182
1647.194671174335,1.0115680144305403,1647.194671174335,0.9950508707674524,1647.1835602802917,1.0027931347936023,1647.1446721511377,0.9762299125915844
1647.1960600360917,1.0154982478680625,1647.1960600360917,0.9951173625331352,1647.1849491420464,0.9825923254669402,1647.1460610128927,0.9931048975854878
1647.197448897847,0.9892606606033315,1647.197448897847,0.9951535832038123,1647.1863380038023,1.0112920716089642,1647.1474498746477,0.9872592538026416
1647.198837759602,1.012677617325927,1647.198837759602,0.9951277701324128,1647.1877268655578,0.9831201958438684,1647.1488387364036,0.9871222519050106
1647.2002266208915,1.0005804300562477,1647.2002266208915,0.995223045145301,1647.1891157273135,0.9841934921172704,1647.15022759816,0.9765508171621038
1647.2016154826467,0.9802639570690996,1647.2016154826467,0.9951923440523394,1647.1905045890692,0.9900504953539404,1647.1516164599154,0.972130096382384
1647.2030043444015,1.0110976449609013,1647.2030043444015,0.9952455874889496,1647.1918934508242,0.9962879542372356,1647.1530053216704,0.9883871098769847
1647.204393206158,0.9943344623651366,1647.204393206158,0.9953231074356841,1647.1932823125792,0.9989718833724875,1647.154394183426,0.9773090607048353
1647.205782067914,0.9915444555856409,1647.205782067914,0.9954236994830225,1647.194671174335,1.006561633599612,1647.155783045181,0.9797607234319802
1647.207170929669,0.9966521124009401,1647.207170929669,0.9954537673623716,1647.1960600360917,1.0105399380754865,1647.1571719069368,0.979358151272986
1647.2085597914245,1.0095806569660981,1647.2085597914245,0.995429194968691,1647.197448897847,0.9844662911219758,1647.1585607686932,1.006585643354285
1647.2099486531804,1.0091218633847003,1647.2099486531804,0.9953720532218912,1647.198837759602,1.0077436191925546,1647.1599496304482,0.9939803500381272
1647.2113375144702,0.9809820946520472,1647.2113375144702,0.9954364086907269,1647.2002266208915,0.9958007025133738,1647.1613384922032,0.9948656989846284
1647.212726376226,0.9949212988831849,1647.212726376226,0.995542260845245,1647.2016154826467,0.975551185225619,1647.1627273544243,0.9829601308127164
1647.2141152379816,0.9595494174006595,1647.2141152379816,0.9956248413464815,1647.2030043444015,1.0062904696678057,1647.1641162161802,0.9765360154495456
1647.2155040997366,0.9790374550870717,1647.2155040997366,0.9956982710365998,1647.204393206158,0.989684066911658,1647.1655050779357,0.9970562663867653
1647.2168929614916,0.9903437204827464,1647.2168929614916,0.9957823193507854,1647.205782067914,0.987006850180938,1647.1668939396914,0.9924834838274508
1647.218281823247,0.9965522206540884,1647.218281823247,0.9958068258676294,1647.207170929669,0.9921211000391816,1647.168282801447,0.9911978001901331
1647.219670685003,0.9910194348410939,1647.219670685003,0.9959380280659629,1647.2085597914245,1.0049660606197253,1647.169671663202,1.004984562760423
1647.2210595462927,0.9729053857096093,1647.2210595462927,0.9959484003327082,1647.2099486531804,1.0044517011083298,1647.171060524957,0.9881458075396998
1647.2224484080486,1.0072689754655262,1647.2224484080486,0.9959504021312435,1647.2113375144702,0.9765052932903406,1647.1724493867134,1.0049800878240682
1647.223837269804,0.9763751459054015,1647.223837269804,0.9960734501725115,1647.212726376226,0.9904861992532537,1647.1738382484689,0.9609916355694448
1647.225226131559,0.9832628194556599,1647.225226131559,0.9961348545635111,1647.2141152379816,0.9553512364636404,1647.175227110224,0.9864995472999482
1647.226614993315,0.9952188317036186,1647.226614993315,0.9960845134265583,1647.2155040997366,0.97482590131027,1647.176615971514,1.000689570480979
1647.2280038550714,1.003983279930412,1647.2280038550714,0.9960762383096451,1647.2168929614916,0.9861667669367952,1647.1780048332696,0.988018443966525
1647.2293927163607,1.0029919898119306,1647.2293927163607,0.9961232452244101,1647.218281823247,0.9923735036608852,1647.1793936950246,0.9890535311679748
1647.2307815781155,1.006106248640888,1647.2307815781155,0.9962478466120765,1647.219670685003,0.986993941710684,1647.1807825567803,0.9903298346502412
1647.2321704398712,0.9801858358105077,1647.2321704398712,0.9962853548090924,1647.2210595462927,0.9689635625725618,1647.1821714185369,0.9846370271552046
1647.2335593016262,1.0003963529865787,1647.2335593016262,0.9964192557933466,1647.2224484080486,1.0031899411692164,1647.1835602802917,1.0027931347936023
1647.2349481633817,0.9799975642561041,1647.2349481633817,0.9964752626611172,1647.223837269804,0.9725413602446826,1647.1849491420464,0.9825923254669402
1647.2363370246724,1.0111458340176749,1647.2363370246724,0.9965132430138769,1647.225226131559,0.9794623656561716,1647.1863380038023,1.0112920716089642
1647.2377258864274,1.0274592175779917,1647.2377258864274,0.9966052860426231,1647.226614993315,0.9913220657304468,1647.1877268655578,0.9831201958438684
1647.2391147481824,0.9717647402662581,1647.2391147481824,0.9967337152300502,1647.2280038550714,1.0000438887988643,1647.1891157273135,0.9841934921172704
1647.2405036099383,0.9687094086868356,1647.2405036099383,0.9967619503754318,1647.2293927163607,0.9991036358255488,1647.1905045890692,0.9900504953539404
1647.241892471229,0.9913313045929834,1647.241892471229,0.9968804878887036,1647.2307815781155,1.0023311836714393,1647.1918934508242,0.9962879542372356
1647.2432813329845,1.021834959786108,1647.2432813329845,0.997016231662358,1647.2321704398712,0.9765447932093184,1647.1932823125792,0.9989718833724875
1647.2446701947397,1.0218474926435073,1647.2446701947397,0.9971069159794881,1647.2335593016262,0.9968141895412648,1647.194671174335,1.006561633599612
1647.2460590564954,1.003912615024075,1647.2460590564954,0.997116628462967,1647.2349481633817,0.9765433302493564,1647.1960600360917,1.0105399380754865
1647.2474479177845,1.0030910568135896,1647.2474479177845,0.9971175899427241,1647.2363370246724,1.0076202142169244,1647.197448897847,0.9844662911219758
1647.2488367795393,1.0056648774547532,1647.2488367795393,0.9971464019210441,1647.2377258864274,1.0239712874314442,1647.198837759602,1.0077436191925546
1647.2502256412956,0.9949054244871081,1647.2502256412956,0.99714061047898,1647.2391147481824,0.9685906798951522,1647.2002266208915,0.9958007025133738
1647.2516145030515,1.007578013710569,1647.2516145030515,0.9972452430919517,1647.2405036099383,0.9655726795497216,1647.2016154826467,0.975551185225619
1647.2530033643409,0.9974376812929987,1647.2530033643409,0.9972937197659849,1647.241892471229,0.9882388345819983,1647.2030043444015,1.0062904696678057
1647.2543922260963,1.0036594700890413,1647.2543922260963,0.997379955641799,1647.2432813329845,1.0187860409868026,1647.204393206158,0.989684066911658
1647.2557810878525,0.9940323246290664,1647.2557810878525,0.9974119870294947,1647.2446701947397,1.0188912019911402,1647.205782067914,0.987006850180938
1647.2571699496075,1.010130944896705,1647.2571699496075,0.9974728759184759,1647.2460590564954,1.001017961964246,1647.207170929669,0.9921211000391816
1647.258558810898,0.9998641562989476,1647.258558810898,0.9976088149060632,1647.2474479177845,1.0001997370630666,1647.2085597914245,1.0049660606197253
1647.2599476726534,0.9656314916896691,1647.2599476726534,0.9977173487866082,1647.2488367795393,1.002795114092375,1647.2099486531804,1.0044517011083298
1647.2613365344084,0.9882270436418472,1647.2613365344084,0.9978433364021329,1647.2502256412956,0.9920606023419236,1647.2113375144702,0.9765052932903406
1647.2627253956978,0.9900888764937313,1647.2627253956978,0.997954039064824,1647.2516145030515,1.0048023812169022,1647.212726376226,0.9904861992532537
1647.2641142574532,0.9757185802626007,1647.2641142574532,0.9980598920848132,1647.2530033643409,0.9947383354114536,1647.2141152379816,0.9553512364636404
1647.2655031192091,1.0059807830818035,1647.2655031192091,0.9981781210127038,1647.2543922260963,1.0010298377568796,1647.2155040997366,0.97482590131027
1647.2668919809646,0.989615246096189,1647.2668919809646,0.9982774811814542,1647.2557810878525,0.991459756079825,1647.2168929614916,0.9861667669367952
1647.2682808422549,1.0055155017924666,1647.2682808422549,0.9983218041816929,1647.2571699496075,1.007578218660364,1647.218281823247,0.9923735036608852
1647.2696697040103,0.9829222625023425,1647.2696697040103,0.9984265252257519,1647.258558810898,0.997473296032444,1647.219670685003,0.986993941710684
1647.271058565765,1.0172496466189145,1647.271058565765,0.9984283810406857,1647.2599476726534,0.9634272917934744,1647.2210595462927,0.9689635625725618
1647.2724474270556,0.9911982611033352,1647.2724474270556,0.99848364660253,1647.2613365344084,0.986095770350397,1647.2224484080486,1.0031899411692164
1647.273836288812,0.9891801887081932,1647.273836288812,0.9985628146495981,1647.2627253956978,0.988063193330073,1647.223837269804,0.9725413602446826
1647.275225150567,0.9942442711255886,1647.275225150567,0.9986518389000371,1647.2641142574532,0.9738255809220384,1647.225226131559,0.9794623656561716
1647.2766140118565,1.0027426588121593,1647.2766140118565,0.9986541146021202,1647.2655031192091,1.0041480078314828,1647.226614993315,0.9913220657304468
1647.2780028736115,1.0151695367213396,1647.2780028736115,0.9987397826374781,1647.2668919809646,0.9879106152116685,1647.2280038550714,1.0000438887988643
1647.2793917353667,0.9982047093999171,1647.2793917353667,0.9988401806755338,1647.2682808422549,1.0038280498821155,1647.2293927163607,0.9991036358255488
1647.2807805966563,1.010047869129506,1647.2807805966563,0.9988852362283394,1647.2696697040103,0.9813756591172482,1647.2307815781155,1.0023311836714393
1647.282169458413,0.9971420634418311,1647.282169458413,0.99895098685795,1647.271058565765,1.0156509177879325,1647.2321704398712,0.9765447932093184
1647.2835583197025,1.0182579456064458,1647.2835583197025,0.9990011877506496,1647.2724474270556,0.9896952542525448,1647.2335593016262,0.9968141895412648
1647.2849471814573,0.9888737461513604,1647.2849471814573,0.9990743311739095,1647.273836288812,0.987758553432074,1647.2349481633817,0.9765433302493564
1647.2863360432132,1.0115111130603318,1647.2863360432132,0.9991782125212891,1647.275225150567,0.992903869675396,1647.2363370246724,1.0076202142169244
1647.287724904504,1.0192142901496208,1647.287724904504,0.9992728217324436,1647.2766140118565,1.001393082109833,1647.2377258864274,1.0239712874314442
1647.289113766259,0.9943424087997451,1647.289113766259,0.99938403202043,1647.2780028736115,1.01389020244526,1647.2391147481824,0.9685906798951522
1647.2905026280143,0.991034691161878,1647.2905026280143,0.999459397782858,1647.2793917353667,0.997046972288182,1647.2405036099383,0.9655726795497216
1647.2918914893046,1.0122804455548202,1647.2918914893046,0.999569226557889,1647.2807805966563,1.0089219043573574,1647.241892471229,0.9882388345819983
1647.2932803510596,1.0070060209313485,1647.2932803510596,0.9995848544658836,1647.282169458413,0.9960960483127898,1647.2432813329845,1.0187860409868026
1647.2946692123487,0.9979522925347539,1647.2946692123487,0.9996858467924806,1647.2835583197025,1.0172408970973756,1647.2446701947397,1.0188912019911402
1647.2960580741048,0.9977133470453325,1647.2960580741048,0.9998122723341953,1647.2849471814573,0.9879583765516088,1647.2460590564954,1.001017961964246
1647.2974469358608,0.9991375225175124,1647.2974469358608,0.9999338711542287,1647.2863360432132,1.010679865893042,1647.2474479177845,1.0001997370630666
1647.29883579715,0.9971725095320485,1647.29883579715,1.0000619829439394,1647.287724904504,1.018473139667841,1647.2488367795393,1.002795114092375
1647.3002246589056,1.0085820544468622,1647.3002246589056,1.0001390059472888,1647.289113766259,0.993729925715196,1647.2502256412956,0.9920606023419236
1647.3016135201958,0.9900151304949657,1647.3016135201958,1.0002520763582685,1647.2905026280143,0.9904989356105712,1647.2516145030515,1.0048023812169022
1647.3030023819513,0.9896834613006407,1647.3030023819513,1.000180953540603,1647.2918914893046,1.011844382022907,1647.2530033643409,0.9947383354114536
1647.3043912437072,0.9942417975769314,1647.3043912437072,1.000245461573779,1647.2932803510596,1.0065879668789306,1647.2543922260963,1.0010298377568796
1647.305780104997,0.9873424613078304,1647.305780104997,1.0002720346262801,1647.2946692123487,0.9976387826211028,1647.2557810878525,0.991459756079825
1647.307168966752,1.0161762652309103,1647.307168966752,1.0003656187248173,1647.2960580741048,0.9975260486475496,1647.2571699496075,1.007578218660364
1647.308557828041,0.9928097251156935,1647.308557828041,1.000503434584607,1647.2974469358608,0.9990714507063816,1647.258558810898,0.997473296032444
1647.3099466897972,0.9983197176164945,1647.3099466897972,1.0006378333883623,1647.29883579715,0.9972343172198048,1647.2599476726534,0.9634272917934744
1647.311335551087,0.9837472245311498,1647.311335551087,1.0006051528019368,1647.3002246589056,1.0087222533507592,1647.2613365344084,0.986095770350397
1647.3127244128425,1.010648479717644,1647.3127244128425,1.0007124238047893,1647.3016135201958,0.9902646899036917,1647.2627253956978,0.988063193330073
1647.3141132741328,0.9957137035205181,1647.3141132741328,1.000830472157712,1647.3030023819513,0.9898625480270392,1647.2641142574532,0.9738255809220384
1647.3155021358882,0.9915971082620804,1647.3155021358882,1.0009396228734773,1647.3043912437072,0.9944858457332816,1647.2655031192091,1.0041480078314828
1647.3168909971776,0.9975286910209388,1647.3168909971776,1.0009783234679175,1647.305780104997,0.9876110526453028,1647.2668919809646,0.9879106152116685
1647.3182798589337,1.0087434382660838,1647.3182798589337,1.0010880359977943,1647.307168966752,1.0165477983011937,1647.2682808422549,1.0038280498821155
1647.3196687206898,0.9917265838358915,1647.3196687206898,1.0011994292352342,1647.308557828041,0.993309539867251,1647.2696697040103,0.9813756591172482
1647.3210575819792,0.9835237303541906,1647.3210575819792,1.0013182305440544,1647.3099466897972,0.9989564792646508,1647.271058565765,1.0156509177879325
1647.3224464437342,0.9912618074175267,1647.3224464437342,1.0013794236806342,1647.311335551087,0.9843425419204724,1647.2724474270556,0.9896952542525448
1647.323835305024,1.011883820035879,1647.323835305024,1.0015185539270137,1647.3127244128425,1.011368489752869,1647.273836288812,0.987758553432074
1647.325224166779,0.998811219797321,1647.325224166779,1.0015058812645894,1647.3141132741328,0.9965406160283442,1647.275225150567,0.992903869675396
1647.3266130280692,0.9956565497972346,1647.3266130280692,1.0015900090487335,1647.3155021358882,0.9925288355862774,1647.2766140118565,1.001393082109833
1647.3280018898254,1.0176401030885547,1647.3280018898254,1.0016051330785385,1647.3168909971776,0.9985045967492856,1647.2780028736115,1.01389020244526
1647.3293907511154,1.0060258914161866,1647.3293907511154,1.0017122292311695,1647.3182798589337,1.009840987439456,1647.2793917353667,0.997046972288182
1647.3307796128704,1.003936216945349,1647.3307796128704,1.001785276747472,1647.3196687206898,0.9929160896939032,1647.2807805966563,1.0089219043573574
1647.3321684741595,0.9827402298037126,1647.3321684741595,1.0018653103936437,1647.3210575819792,0.9848202413763458,1647.282169458413,0.9960960483127898
1647.333557335916,0.9973564051746794,1647.333557335916,1.0018661026342472,1647.3224464437342,0.9926291774283866,1647.2835583197025,1.0172408970973756
1647.334946197206,1.0114136870285135,1647.334946197206,1.0018924505017928,1647.323835305024,1.013420420184476,1647.2849471814573,0.9879583765516088
1647.3363350584953,1.0142179676202514,1647.3363350584953,1.0019521692020807,1647.325224166779,1.0003153109000755,1647.2863360432132,1.010679865893042
1647.3377239202512,0.9920572912066018,1647.3377239202512,1.0020119288249976,1647.3266130280692,0.997239652720843,1647.287724904504,1.018473139667841
1647.3391127815405,0.9978335980901742,1647.3391127815405,1.002051140958024,1647.3280018898254,1.0192735508800694,1647.289113766259,0.993729925715196
1647.3405016432955,1.002700832638975,1647.3405016432955,1.0021411175366268,1647.3293907511154,1.0077484383547828,1647.2905026280143,0.9904989356105712
1647.3418905045862,1.004217779256818,1647.3418905045862,1.0021399107706956,1647.3307796128704,1.0057285209294065,1647.2918914893046,1.011844382022907
1647.3432793663417,1.0117661535772995,1647.3432793663417,1.0022623143235696,1647.3321684741595,0.9845733453686172,1647.2932803510596,1.0065879668789306
1647.344668227631,0.9985967756424647,1647.344668227631,1.0023627993715962,1647.333557335916,0.9992175745896592,1647.2946692123487,0.9976387826211028
1647.3460570893865,0.9987191625364689,1647.3460570893865,1.002489160456428,1647.334946197206,1.0133277373680507,1647.2960580741048,0.9975260486475496
1647.3474459506767,1.0155848446326008,1647.3474459506767,1.0023843647959558,1647.3363350584953,1.0161978927008366,1647.2974469358608,0.9990714507063816
1647.3488348119663,1.0007494461174573,1647.3488348119663,1.0024118378910871,1647.3377239202512,0.9940532398668294,1647.29883579715,0.9972343172198048
1647.3502236737224,0.9994719508014172,1647.3502236737224,1.002535536477026,1647.3391127815405,0.9998802954525094,1647.3002246589056,1.0087222533507592
1647.3516125350122,1.0106155777248624,1647.3516125350122,1.0025607106796242,1647.3405016432955,1.0048477329757286,1647.3016135201958,0.9902646899036917
1647.3530013967672,1.0035179589024523,1647.3530013967672,1.0026506241180237,1647.3418905045862,1.006366715698774,1647.3030023819513,0.9898625480270392
1647.3543902580566,0.9946438786790841,1647.3543902580566,1.0027267270679685,1647.3432793663417,1.0140550866386404,1647.3043912437072,0.9944858457332816
1647.3557791198125,0.985246631281847,1647.3557791198125,1.0027666763265424,1647.344668227631,1.0009562594764307,1647.305780104997,0.9876110526453028
1647.3571679811023,1.0220486151605028,1647.3571679811023,1.0028606086516352,1647.3460570893865,1.0012051347829316,1647.307168966752,1.0165477983011937
1647.3585568423923,0.9960862110551866,1647.3585568423923,1.0028913085618747,1647.3474459506767,1.0180063693834491,1647.308557828041,0.993309539867251
1647.359945704148,1.0078657439745533,1647.359945704148,1.002979579258939,1647.3488348119663,1.0031630915510878,1647.3099466897972,0.9989564792646508
1647.3613345654378,0.9880566180264314,1647.3613345654378,1.0030965843210549,1647.3502236737224,1.0020061483904386,1647.311335551087,0.9843425419204724
1647.3627234271928,1.0076538427145882,1647.3627234271928,1.003137462415801,1647.3516125350122,1.013203471827737,1647.3127244128425,1.011368489752869
1647.364112288482,1.0071162328181298,1647.364112288482,1.0032392977819953,1647.3530013967672,1.006177907807189,1647.3141132741328,0.9965406160283442
1647.3655011497729,1.014103230266635,1647.3655011497729,1.0033479311402889,1647.3543902580566,0.9973560010660676,1647.3155021358882,0.9925288355862774
1647.3668900115288,1.0015986978935072,1647.3668900115288,1.0033716108634894,1647.3557791198125,0.98797248981242,1647.3168909971776,0.9985045967492856
1647.368278872818,1.0102965845614569,1647.368278872818,1.003464488163822,1647.3571679811023,1.0249722962714227,1647.3182798589337,1.009840987439456
1647.369667734108,1.0013866625027803,1647.369667734108,1.0034701136878232,1647.3585568423923,0.9989662036455758,1647.3196687206898,0.9929160896939032
1647.371056595863,0.9975759856640047,1647.371056595863,1.0035182309831818,1647.359945704148,1.010868759841095,1647.3210575819792,0.9848202413763458
1647.3724454571532,1.006758061173688,1647.3724454571532,1.0035533072090164,1647.3613345654378,0.9911162186581266,1647.3224464437342,0.9926291774283866
1647.3738343189095,1.0115723766071292,1647.3738343189095,1.0036157956451084,1647.3627234271928,1.0108153187742426,1647.323835305024,1.013420420184476
1647.3752231801986,0.9937618558990381,1647.3752231801986,1.003696202448485,1647.364112288482,1.010378582197309,1647.325224166779,1.0003153109000755
1647.3766120414878,0.9907273446520323,1647.3766120414878,1.0038302474186398,1647.3655011497729,1.0174983780507123,1647.3266130280692,0.997239652720843
1647.3780009032437,1.019198745676012,1647.3780009032437,1.0038671636917926,1647.3668900115288,1.0049756989441818,1647.3280018898254,1.0192735508800694
1647.3793897645337,1.014780049138401,1647.3793897645337,1.003851139555537,1647.368278872818,1.0137967451206198,1647.3293907511154,1.0077484383547828
1647.3807786258235,1.0140792540710237,1647.3807786258235,1.0039344562684265,1647.369667734108,1.0048615880671348,1647.3307796128704,1.0057285209294065
1647.3821674875792,0.9932082999133548,1647.3821674875792,1.0039556390110154,1647.371056595863,1.001085688404846,1647.3321684741595,0.9845733453686172
1647.3835563488694,1.0107616841246114,1647.3835563488694,1.0040472465608028,1647.3724454571532,1.0103353818501917,1647.333557335916,0.9992175745896592
1647.3849452101588,0.9960006531266415,1647.3849452101588,1.0041365415063408,1647.3738343189095,1.015230015601177,1647.334946197206,1.0133277373680507
1647.386334071448,1.0054337763413752,1647.386334071448,1.0041530663082707,1647.3752231801986,0.9974350009040232,1647.3363350584953,1.0161978927008366
1647.3877229332045,0.9969175733134085,1647.3877229332045,1.0041927425927928,1647.3766120414878,0.9945220755064615,1647.3377239202512,0.9940532398668294
1647.3891117944945,1.0110286021499775,1647.3891117944945,1.0043149235844517,1647.3780009032437,1.023140154060011,1647.3391127815405,0.9998802954525094
1647.3905006557836,1.0097002944307338,1647.3905006557836,1.00442827107634,1647.3793897645337,1.0186881087258075,1647.3405016432955,1.0048477329757286
1647.391889517539,1.0088388068164618,1647.391889517539,1.004524496976097,1647.3807786258235,1.0180691045488848,1647.3418905045862,1.006366715698774
1647.393278378829,0.995874238414469,1647.393278378829,1.0046264210929043,1647.3821674875792,0.9971370734105564,1647.3432793663417,1.0140550866386404
1647.394667240119,1.0239407661763587,1647.394667240119,1.0046809077526684,1647.3835563488694,1.014852485874476,1647.344668227631,1.0009562594764307
1647.396056101874,0.9958497314585372,1647.396056101874,1.00478698859485,1647.3849452101588,1.0001206511686425,1647.3460570893865,1.0012051347829316
1647.3974449631648,1.0069594948839837,1647.3974449631648,1.004885823203489,1647.386334071448,1.009609409483096,1647.3474459506767,1.0180063693834491
1647.3988338244542,1.0044439413622344,1647.3988338244542,1.0049912256272537,1647.3877229332045,1.0010973920845432,1647.3488348119663,1.0031630915510878
1647.4002226857435,1.0113219184769882,1647.4002226857435,1.0050737728662458,1647.3891117944945,1.0153911133099496,1647.3502236737224,1.0020061483904386
1647.4016115474994,1.0005417209747711,1647.4016115474994,1.0051751326604847,1647.3905006557836,1.0141715210403333,1647.3516125350122,1.013203471827737
1647.4030004087892,1.0036875758522423,1647.4030004087892,1.0052451922811139,1647.391889517539,1.013403294947272,1647.3530013967672,1.006177907807189
1647.4043892700795,1.0006970823663415,1647.4043892700795,1.005253674548627,1647.393278378829,1.0004815719969498,1647.3543902580566,0.9973560010660676
1647.4057781313693,1.0284811866819095,1647.4057781313693,1.005313067199714,1647.394667240119,1.0287337384470268,1647.3557791198125,0.98797248981242
1647.407166993125,1.0174010796847828,1647.407166993125,1.0053364963474167,1647.396056101874,1.0006168527652135,1647.3571679811023,1.0249722962714227
1647.408555854414,0.9890513900872551,1647.408555854414,1.005429792254398,1647.3974449631648,1.0118793209490615,1647.3585568423923,0.9989662036455758
1647.4099447157034,0.9874382720361955,1647.4099447157034,1.005358385704914,1647.3988338244542,1.0094573477035014,1647.359945704148,1.010868759841095
1647.411333576994,1.005865244867746,1647.411333576994,1.0054309445254879,1647.4002226857435,1.0164531361859963,1647.3613345654378,0.9911162186581266
1647.41272243875,1.0093410769627778,1647.41272243875,1.00543704161519,1647.4016115474994,1.0057196571131652,1647.3627234271928,1.0108153187742426
1647.4141113000394,0.9996466176613775,1647.4141113000394,1.0054363355050329,1647.4030004087892,1.0089521101777523,1647.364112288482,1.010378582197309
1647.4155001613292,0.9928755047389968,1647.4155001613292,1.0054646736168373,1647.4043892700795,1.0059544191588548,1647.3655011497729,1.0174983780507123
1647.4168890226183,0.9837980627229915,1647.4168890226183,1.0054785659743801,1647.4057781313693,1.033945576340392,1647.3668900115288,1.0049756989441818
1647.4182778839088,1.0002210479087277,1647.4182778839088,1.0054737337182469,1647.407166993125,1.0228304368303784,1647.368278872818,1.0137967451206198
1647.4196667456652,1.0021922985888392,1647.4196667456652,1.0055639929890936,1647.408555854414,0.9944217336643524,1647.369667734108,1.0048615880671348
1647.4210556069545,1.003912786960678,1647.4210556069545,1.0055860413139222,1647.4099447157034,0.9927293471575592,1647.371056595863,1.001085688404846
1647.4224444682436,1.0147175511662483,1647.4224444682436,1.0056226187264594,1647.411333576994,1.0113280432127392,1647.3724454571532,1.0103353818501917
1647.4238333295336,0.9994076362733711,1647.4238333295336,1.0055620633367937,1647.41272243875,1.0148289064021452,1647.3738343189095,1.015230015601177
1647.4252221908234,1.0170009904452824,1647.4252221908234,1.00551571346013,1647.4141113000394,1.005081032061456,1647.3752231801986,0.9974350009040232
1647.4266110525791,0.9919373612055784,1647.4266110525791,1.005574598680258,1647.4155001613292,0.998301245314548,1647.3766120414878,0.9945220755064615
1647.4279999138691,0.9995998647688951,1647.4279999138691,1.0055416449290162,1647.4168890226183,0.9891878653150868,1647.3780009032437,1.023140154060011
1647.4293887751594,0.9826854655615418,1647.4293887751594,1.0056310754831113,1647.4182778839088,1.005695991584366,1647.3793897645337,1.0186881087258075
1647.4307776364487,0.9991699002990274,1647.4307776364487,1.005633198436668,1647.4196667456652,1.007768489511911,1647.3807786258235,1.0180691045488848
1647.432166497738,1.002872619100417,1647.432166497738,1.0056742159791405,1647.4210556069545,1.0095206852642151,1647.3821674875792,0.9971370734105564
1647.4335553590288,1.017679021721238,1647.4335553590288,1.00576598430298,1647.4224444682436,1.0204229210715028,1647.3835563488694,1.014852485874476
1647.4349442207842,1.0143957939388129,1647.4349442207842,1.0057564827788292,1647.4238333295336,1.0049664048455988,1647.3849452101588,1.0001206511686425
1647.4363330820736,1.0108838365331347,1647.4363330820736,1.0058026946626741,1647.4252221908234,1.022610476497247,1647.386334071448,1.009609409483096
1647.4377219433638,0.996859675945286,1647.4377219433638,1.0057827758474887,1647.4266110525791,0.9974670139102536,1647.3877229332045,1.0010973920845432
1647.4391108046536,0.9964779659038966,1647.4391108046536,1.0058320209570473,1647.4279999138691,1.005139292290537,1647.3891117944945,1.0153911133099496
1647.440499665943,0.9957503120082608,1647.440499665943,1.005896221068474,1647.4293887751594,0.9882190415942752,1647.3905006557836,1.0141715210403333
1647.4418885272328,1.0114536084468106,1647.4418885272328,1.0059606641010272,1647.4307776364487,1.0047984226193576,1647.391889517539,1.013403294947272
1647.4432773885237,0.9993392174812614,1647.4432773885237,1.0059748449720824,1647.432166497738,1.008563134940759,1647.393278378829,1.0004815719969498
1647.4446662502785,0.9956943955772254,1647.4446662502785,1.0059489075577213,1647.4335553590288,1.0235469429859547,1647.394667240119,1.0287337384470268
1647.4460551115678,1.0217128518682865,1647.4460551115678,1.005908118479325,1647.4349442207842,1.0202351458575385,1647.396056101874,1.0006168527652135
1647.447443972858,0.9972756141976142,1647.447443972858,1.0058812114170534,1647.4363330820736,1.016749686775969,1647.3974449631648,1.0118793209490615
1647.448832834148,0.9932941288338837,1647.448832834148,1.0059146589046943,1647.4377219433638,1.0026242920026778,1647.3988338244542,1.0094573477035014
1647.450221695438,1.0215624197326498,1647.450221695438,1.0059030970015723,1647.4391108046536,1.002289446284284,1647.4002226857435,1.0164531361859963
1647.451610556728,0.9962805539838808,1647.451610556728,1.0059340641482841,1647.440499665943,1.0016214759768636,1647.4016115474994,1.0057196571131652
1647.4529994180182,0.9865578178648491,1647.4529994180182,1.0060067540707351,1647.4418885272328,1.017482543660534,1647.4030004087892,1.0089521101777523
1647.4543882793073,1.0063848179879045,1647.4543882793073,1.0060069968337009,1647.4432773885237,1.005310114380234,1647.4043892700795,1.0059544191588548
1647.4557771405964,1.0098106348117668,1647.4557771405964,1.0060499417273432,1647.4446662502785,1.0016176894922555,1647.4057781313693,1.033945576340392
1647.4571660018871,1.00488519485741,1647.4571660018871,1.0060949227067344,1647.4460551115678,1.0277492524489735,1647.407166993125,1.0228304368303784
1647.458554863643,0.9946061841090775,1647.458554863643,1.0060939674852567,1647.447443972858,1.0031408029257822,1647.408555854414,0.9944217336643524
1647.4599437249324,0.9904607085521323,1647.4599437249324,1.0060446279581685,1647.448832834148,0.9991691247979716,1647.4099447157034,0.9927293471575592
1647.4613325862222,1.0228837990378534,1647.4613325862222,1.0060029242218909,1647.450221695438,1.0275928017894926,1647.411333576994,1.0113280432127392
1647.4627214475115,1.0207782531862686,1647.4627214475115,1.0060406843027296,1647.451610556728,1.0021925467009092,1647.41272243875,1.0148289064021452
1647.4641103088018,1.0036601501213807,1647.4641103088018,1.0060800139984871,1647.4529994180182,0.9924838280533244,1647.4141113000394,1.005081032061456
1647.4654991700925,0.9998029069057335,1647.4654991700925,1.0060539986852444,1647.4543882793073,1.0124301684030423,1647.4155001613292,0.998301245314548
1647.4668880313818,1.0270422931431282,1647.4668880313818,1.006022201766776,1647.4557771405964,1.0159199303080295,1647.4168890226183,0.9891878653150868
1647.4682768926712,1.0173746145980267,1647.4682768926712,1.0060866267510544,1647.4571660018871,1.0110098924492077,1647.4182778839088,1.005695991584366
1647.469665753961,1.0118209308357116,1647.469665753961,1.0060937834799075,1647.458554863643,1.0006672818556734,1647.4196667456652,1.007768489511911
1647.471054615251,0.9971779490566353,1647.471054615251,1.0061651876934015,1647.4599437249324,0.996447675042514,1647.4210556069545,1.0095206852642151
1647.472443476541,1.006612456883478,1647.472443476541,1.00613214590118,1647.4613325862222,1.0290240929712775,1647.4224444682436,1.0204229210715028
1647.4738323378308,1.0165230708957944,1647.4738323378308,1.006119084662439,1647.4627214475115,1.0269444523568587,1647.4238333295336,1.0049664048455988
1647.475221199121,0.993720153709507,1647.475221199121,1.006130050512691,1647.4641103088018,1.0097624178838422,1647.4252221908234,1.022610476497247
1647.4766100604104,0.9850609651546705,1647.4766100604104,1.0061403581802093,1647.4654991700925,1.0058557123896443,1647.4266110525791,0.9974670139102536
1647.4779989216995,0.9965620961487385,1647.4779989216995,1.006244762455608,1647.4668880313818,1.0332273490554484,1647.4279999138691,1.005139292290537
1647.4793877829904,1.0220284038004477,1647.4793877829904,1.0062746090879398,1647.4682768926712,1.0235669941430827,1647.4293887751594,0.9882190415942752
1647.4807766442802,1.0146243286704935,1647.4807766442802,1.0063615672095951,1647.469665753961,1.0179867485086629,1647.4307776364487,1.0047984226193576
1647.4821655055696,1.0166401659772364,1647.4821655055696,1.0063925817832575,1647.471054615251,1.0033257382762906,1647.432166497738,1.008563134940759
1647.4835543668598,1.009519166848415,1647.4835543668598,1.0063739945901544,1647.472443476541,1.0127851513350328,1647.4335553590288,1.0235469429859547
1647.4849432281496,0.989770753253294,1647.4849432281496,1.0064700483360016,1647.4738323378308,1.0227432616279284,1647.4349442207842,1.0202351458575385
1647.486332089439,1.0212100893172626,1647.486332089439,1.0064379821634966,1647.475221199121,0.9998117084472254,1647.4363330820736,1.016749686775969
1647.4877209507288,1.0206136289990544,1647.4877209507288,1.0064796064275403,1647.4766100604104,0.9911095923100628,1647.4377219433638,1.0026242920026778
1647.4891098120197,1.0051685281299239,1647.4891098120197,1.0063709868283237,1647.4779989216995,1.00278538971145,1647.4391108046536,1.002289446284284
1647.4904986733088,0.9971202781783604,1647.4904986733088,1.0063269477093468,1647.4793877829904,1.0284412325110666,1647.440499665943,1.0016214759768636
1647.4918875345982,1.0095149544070818,1647.4918875345982,1.006327558179688,1647.4807766442802,1.021078929529821,1647.4418885272328,1.017482543660534
1647.4932763958884,1.0125117753664,1647.4932763958884,1.0064285945353446,1647.4821655055696,1.0231391213823904,1647.4432773885237,1.005310114380234
1647.4946652571782,0.9950170144409126,1647.4946652571782,1.0063455547062288,1647.4835543668598,1.015953836556564,1647.4446662502785,1.0016176894922555
1647.4960541184685,0.9853726342817628,1647.4960541184685,1.0062719774040954,1647.4849432281496,0.9961746178684036,1647.4460551115678,1.0277492524489735
1647.4974429797585,0.9928569896918359,1647.4974429797585,1.0063064085309466,1647.486332089439,1.02778462165747,1647.447443972858,1.0031408029257822
1647.4988318410485,1.0050268163215006,1647.4988318410485,1.0062875204263568,1647.4877209507288,1.027226803629552,1647.448832834148,0.9991691247979716
1647.500220702338,1.0057441264761946,1647.500220702338,1.006265123681055,1647.4891098120197,1.0115724435828852,1647.450221695438,1.0275928017894926
1647.5016095636272,1.0041332131691645,1647.5016095636272,1.0063214761042751,1647.4904986733088,1.0034290060383242,1647.451610556728,1.0021925467009092
1647.502998424918,1.0169477388827968,1647.502998424918,1.0063298825761737,1647.4918875345982,1.0159027190143577,1647.4529994180182,0.9924838280533244
1647.5043872862077,1.0057268531775425,1647.5043872862077,1.0064224784898796,1647.4932763958884,1.0190208030324923,1647.4543882793073,1.0124301684030423
1647.505776147497,1.015594562676025,1647.505776147497,1.0064247701878477,1647.4946652571782,1.0013309493396758,1647.4557771405964,1.0159199303080295
1647.5071650087868,1.0275075763011534,1647.5071650087868,1.0064239397515709,1647.4960541184685,0.991552869178592,1647.4571660018871,1.0110098924492077
1647.5085538700762,1.0161921387566335,1647.5085538700762,1.006463842837774,1647.4974429797585,0.9991183514816384,1647.458554863643,1.0006672818556734
1647.5099427309,1.0247912399631112,1647.5099427309,1.006470826957532,1647.4988318410485,1.0113459429581584,1647.4599437249324,0.996447675042514
1647.5113315921906,1.005742493030907,1647.5113315921906,1.0064520920062452,1647.500220702338,1.0120452378200624,1647.4613325862222,1.0290240929712775
1647.5127204534808,1.0005887643451516,1647.5127204534808,1.0064593299315574,1647.5016095636272,1.0104808172817223,1647.4627214475115,1.0269444523568587
1647.5141093147702,0.9990848467364075,1647.5141093147702,1.0064597452807693,1647.502998424918,1.0233848986560303,1647.4641103088018,1.0097624178838422
1647.51549817606,1.0164369744559094,1647.51549817606,1.006415545896558,1647.5043872862077,1.0121861122587696,1647.4654991700925,1.0058557123896443
1647.5168870373502,1.0052044098268897,1647.5168870373502,1.0064257254473272,1647.505776147497,1.022119524345246,1647.4668880313818,1.0332273490554484
1647.51827589864,1.0053500599139658,1647.51827589864,1.006425351393735,1647.5071650087868,1.0341082230655947,1647.4682768926712,1.0235669941430827
1647.51966475993,1.011246941011716,1647.51966475993,1.006387084026928,1647.5085538700762,1.0227606450345377,1647.469665753961,1.0179867485086629
1647.52105362122,0.9908738493303376,1647.52105362122,1.0063764062072802,1647.5099427309,1.031422486744507,1647.471054615251,1.0033257382762906
1647.5224424825094,1.0204099990891577,1647.5224424825094,1.0063067672159522,1647.5113315921906,1.0122316361305328,1647.472443476541,1.0127851513350328
1647.523831343333,1.0040328625590151,1647.523831343333,1.0063094314534033,1647.5127204534808,1.0070518972998663,1647.4738323378308,1.0227432616279284
1647.5252202046229,0.9969529646696736,1647.5252202046229,1.0063360570353554,1647.5141093147702,1.005538680360201,1647.475221199121,0.9998117084472254
1647.5266090659131,0.9935039521520379,1647.5266090659131,1.006392482514587,1647.51549817606,1.02295797251649,1647.4766100604104,0.9911095923100628
1647.527997927203,1.0035467858491303,1647.527997927203,1.0064488633472923,1647.5168870373502,1.01166357738288,1647.4779989216995,1.00278538971145
1647.5293867884932,1.0132036231337578,1647.5293867884932,1.0064320645432476,1647.51827589864,1.0118097873226255,1647.4793877829904,1.0284412325110666
1647.530775649783,0.998499388543334,1647.530775649783,1.0064731155619662,1647.51966475993,1.0177058601959317,1647.4807766442802,1.021078929529821
1647.5321645110723,1.0036615369934945,1647.5321645110723,1.0064071033746125,1647.52105362122,0.9971920634938392,1647.4821655055696,1.0231391213823904
1647.533553371897,1.0086271034462209,1647.533553371897,1.006398660446168,1647.5224424825094,1.026845487418243,1647.4835543668598,1.015953836556564
1647.5349422331876,1.0181872304300588,1647.5349422331876,1.0063063519049278,1647.523831343333,1.0103677390822956,1647.4849432281496,0.9961746178684036
1647.5363310944767,1.0036122559261969,1647.5363310944767,1.0063728328715102,1647.5252202046229,1.0032697155153874,1647.486332089439,1.02778462165747
1647.537719955766,1.025040958664198,1647.537719955766,1.0063100062259376,1647.5266090659131,0.9998549087943428,1647.4877209507288,1.027226803629552
1647.539108817056,1.0224931466167826,1647.539108817056,1.006217350567002,1647.527997927203,1.0100185219336857,1647.4891098120197,1.0115724435828852
1647.5404976783454,0.999701042663661,1647.5404976783454,1.0062431950385822,1647.5293867884932,1.0197206142332065,1647.4904986733088,1.0034290060383242
1647.5418865391696,1.0006183691603407,1647.5418865391696,1.0062687261567602,1647.530775649783,1.0049627904739276,1647.4918875345982,1.0159027190143577
1647.5432754004603,0.9919712000833613,1647.5432754004603,1.006187820076052,1647.5321645110723,1.0100921002141343,1647.4932763958884,1.0190208030324923
1647.5446642617496,1.0192869776506133,1647.5446642617496,1.0061364860589526,1647.533553371897,1.0150809657979754,1647.4946652571782,1.0013309493396758
1647.546053123039,1.0101793166517126,1647.546053123039,1.006136314802424,1647.5349422331876,1.0246082774102545,1647.4960541184685,0.991552869178592
1647.5474419843292,1.0106144013188774,1647.5474419843292,1.0061287508346353,1647.5363310944767,1.0100081091010138,1647.4974429797585,0.9991183514816384
1647.5488308451545,1.0076712819982714,1647.5488308451545,1.006151080223593,1647.537719955766,1.03150897349521,1647.4988318410485,1.0113459429581584
1647.550219706444,1.0012773106779498,1647.550219706444,1.0061853507259653,1647.539108817056,1.0288503449616562,1647.500220702338,1.0120452378200624
1647.5516085677334,1.0098684380090615,1647.5516085677334,1.0061084206384723,1647.5404976783454,1.0059423712532842,1647.5016095636272,1.0104808172817223
1647.5529974290232,0.9812891254604332,1647.5529974290232,1.0061488606897226,1647.5418865391696,1.0068909717040309,1647.502998424918,1.0233848986560303
1647.554386289847,0.9910849317013314,1647.554386289847,1.0061791726630958,1647.5432754004603,0.9981093393901024,1647.5043872862077,1.0121861122587696
1647.5557751511362,0.9949484829298012,1647.5557751511362,1.006175111561038,1647.5446642617496,1.025541817979038,1647.505776147497,1.022119524345246
1647.557164012427,1.0025874530523342,1647.557164012427,1.0061773351322674,1647.546053123039,1.0163780949455852,1647.5071650087868,1.0341082230655947
1647.5585528737172,1.015621745414686,1647.5585528737172,1.006116520725995,1647.5474419843292,1.016808205174455,1647.5085538700762,1.0227606450345377
1647.5599417350063,1.01480066361557,1647.5599417350063,1.0061135151015288,1647.5488308451545,1.0138695488928535,1647.5099427309,1.031422486744507
1647.561330595831,0.9857756316073149,1647.561330595831,1.0060915047375454,1647.550219706444,1.007470562018444,1647.5113315921906,1.0122316361305328
1647.562719457121,1.030784603624861,1647.562719457121,1.006090613005313,1647.5516085677334,1.0160371392179377,1647.5127204534808,1.0070518972998663
1647.5641083184107,1.0084982041364188,1647.5641083184107,1.0060366364000541,1647.5529974290232,0.9873229355892292,1647.5141093147702,1.005538680360201
1647.5654971792353,1.0006177507799652,1647.5654971792353,1.0060489214697,1647.554386289847,0.9972090166181063,1647.51549817606,1.02295797251649
1647.566886040525,1.0006089633074728,1647.566886040525,1.0060534565118306,1647.5557751511362,1.0010924008093782,1647.5168870373502,1.01166357738288
1647.5682749018144,1.0062591181406222,1647.5682749018144,1.0060302108114416,1647.557164012427,1.008780771749245,1647.51827589864,1.0118097873226255
1647.5696637631038,1.0051275640387634,1647.5696637631038,1.0059466707037275,1647.5585528737172,1.0218338168702863,1647.51966475993,1.0177058601959317
1647.571052623928,1.0101903383139947,1647.571052623928,1.0059607534405508,1647.5599417350063,1.0210046627976253,1647.52105362122,0.9971920634938392
1647.5724414852182,0.9940604171736886,1647.5724414852182,1.0060045062879828,1647.561330595831,0.9917804885374076,1647.5224424825094,1.026845487418243
1647.573830346508,1.016738658862545,1647.573830346508,1.0060372785707627,1647.562719457121,1.037062713737375,1647.523831343333,1.0103677390822956
1647.5752192077982,0.9748039431254923,1647.5752192077982,1.0059844810438343,1647.5641083184107,1.014586141104898,1647.5252202046229,1.0032697155153874
1647.5766080686224,1.0153607032761378,1647.5766080686224,1.0059549730499753,1647.5654971792353,1.0066704089756209,1647.5266090659131,0.9998549087943428
1647.5779969299117,0.999826439268202,1647.5779969299117,1.0059504454824755,1647.566886040525,1.0066661061522026,1647.527997927203,1.0100185219336857
1647.579385791202,1.002948528879432,1647.579385791202,1.005837920612874,1647.5682749018144,1.0123270727539455,1647.5293867884932,1.0197206142332065
1647.580774652027,1.0008332063774388,1647.580774652027,1.005773013523328,1647.5696637631038,1.0111047266773416,1647.530775649783,1.0049627904739276
1647.582163513316,0.99745678980889,1647.582163513316,1.0057387101773558,1647.571052623928,1.0162118338487112,1647.5321645110723,1.0100921002141343
1647.5835523746052,0.9926488121550143,1647.5835523746052,1.0057403273690149,1647.5724414852182,1.0000292591992428,1647.533553371897,1.0150809657979754
1647.5849412354298,0.9986898487786885,1647.5849412354298,1.0057171924965462,1647.573830346508,1.022876993379762,1647.5349422331876,1.0246082774102545
1647.5863300967192,0.9949297646135896,1647.5863300967192,1.005614524820189,1647.5752192077982,0.9806376388445818,1647.5363310944767,1.0100081091010138
1647.587718958009,1.009361538291989,1647.587718958009,1.0055140248423204,1647.5766080686224,1.021407148900151,1647.537719955766,1.03150897349521
1647.589107818834,0.987416116307768,1647.589107818834,1.0055389527642926,1647.5779969299117,1.005775851987005,1647.539108817056,1.0288503449616562
1647.5904966801234,1.0157556173962548,1647.5904966801234,1.0055071058178673,1647.579385791202,1.008803662769829,1647.5404976783454,1.0059423712532842
1647.5918855414127,0.9918626813197677,1647.5918855414127,1.0054821652807489,1647.580774652027,1.0066110300124516,1647.5418865391696,1.0068909717040309
1647.5932744022373,1.0131490512560966,1647.5932744022373,1.0054184989923582,1647.582163513316,1.003180905240039,1647.5432754004603,0.9981093393901024
1647.594663263528,1.0074903661823853,1647.594663263528,1.0053170055477891,1647.5835523746052,0.9983469412992478,1647.5446642617496,1.025541817979038
1647.5960521248178,1.0209760280771807,1647.5960521248178,1.0052828401247096,1647.5849412354298,1.0043995508885029,1647.546053123039,1.0163780949455852
1647.5974409856417,0.9805928949010513,1647.5974409856417,1.0052567962317782,1647.5863300967192,1.0005158224713575,1647.5474419843292,1.016808205174455
1647.5988298469315,1.0078597720969262,1647.5988298469315,1.0051412463760763,1647.587718958009,1.0149271828890138,1647.5488308451545,1.0138695488928535
1647.6002187082206,1.0172202803517099,1647.6002187082206,1.0051898132620063,1647.589107818834,0.992885367534698,1647.550219706444,1.007470562018444
1647.6016075690443,0.9955991094588932,1647.6016075690443,1.0051584284032105,1647.5904966801234,1.021349491066349,1647.5516085677334,1.0160371392179377
1647.602996430335,1.0027385394400528,1647.602996430335,1.0051279524935144,1647.5918855414127,0.9973002364745694,1647.5529974290232,0.9873229355892292
1647.6043852911596,1.0035299728216553,1647.6043852911596,1.0050499307012584,1647.5932744022373,1.0186387983694365,1647.554386289847,0.9972090166181063
1647.605774152449,0.9915910414326763,1647.605774152449,1.0050831945990302,1647.594663263528,1.0128471980487213,1647.5557751511362,1.0010924008093782
1647.6071630137387,1.0025026900481555,1647.6071630137387,1.0050871510304973,1647.5960521248178,1.0263696812046734,1647.557164012427,1.008780771749245
1647.608551874563,0.9938630313584358,1647.608551874563,1.0050345881191245,1647.5974409856417,0.9857476719358756,1647.5585528737172,1.0218338168702863
1647.6099407358531,1.0145949351738655,1647.6099407358531,1.0049996131879888,1647.5988298469315,1.0130414274978126,1647.5599417350063,1.0210046627976253
1647.6113295966777,1.014954904185931,1647.6113295966777,1.0048797347868346,1647.6002187082206,1.0224994636530609,1647.561330595831,0.9917804885374076
1647.6127184579675,0.9920541542723522,1647.6127184579675,1.0048815233665946,1647.6016075690443,1.000734836183337,1647.562719457121,1.037062713737375
1647.6141073192568,1.0172755661510429,1647.6141073192568,1.0047870756919255,1647.602996430335,1.0078805350337174,1647.5641083184107,1.014586141104898
1647.6154961800803,1.0241857764868096,1647.6154961800803,1.00471170982297,1647.6043852911596,1.0085977296410404,1647.5654971792353,1.0066704089756209
1647.6168850413703,1.0058734097428077,1647.6168850413703,1.0047000232627923,1647.605774152449,0.9966314916589336,1647.566886040525,1.0066661061522026
1647.618273902195,1.0063905155075963,1647.618273902195,1.0046251888092963,1647.6071630137387,1.0076025726409104,1647.5682749018144,1.0123270727539455
1647.6196627634847,0.9887119763419874,1647.6196627634847,1.0045796389147745,1647.608551874563,0.99886672236815,1647.5696637631038,1.0111047266773416
1647.6210516243093,0.9951235708778067,1647.6210516243093,1.0045915981329965,1647.6099407358531,1.0196675173922274,1647.571052623928,1.0162118338487112
1647.6224404855986,1.000284608236733,1647.6224404855986,1.0045121859514636,1647.6113295966777,1.0199076149389554,1647.5724414852182,1.0000292591992428
1647.6238293464223,1.000730372812522,1647.6238293464223,1.0044230723927998,1647.6127184579675,0.99689688980736,1647.573830346508,1.022876993379762
1647.625218207713,1.000424432202738,1647.625218207713,1.0043187163474747,1647.6141073192568,1.0221453412857542,1647.5752192077982,0.9806376388445818
1647.6266070690035,1.0155036661776682,1647.6266070690035,1.004276038063245,1647.6154961800803,1.0290114426704289,1647.5766080686224,1.021407148900151
1647.6279959298274,0.9959702190419896,1647.6279959298274,1.0042563083358165,1647.6168850413703,1.010601038168023,1647.5779969299117,1.005775851987005
1647.6293847911168,1.005010485782136,1647.6293847911168,1.0041362132418161,1647.618273902195,1.011045261657704,1647.579385791202,1.008803662769829
1647.630773651941,1.0018165927206553,1647.630773651941,1.0040318814389848,1647.6196627634847,0.9932399201843468,1647.580774652027,1.0066110300124516
1647.6321625132302,0.998389996969714,1647.6321625132302,1.003903668878052,1647.6210516243093,0.99969277840795,1647.582163513316,1.003180905240039
1647.6335513740544,1.0026354312878036,1647.6335513740544,1.003880777693295,1647.6224404855986,1.004798078393484,1647.5835523746052,0.9983469412992478
1647.634940235345,1.004675402777352,1647.634940235345,1.003763769231395,1647.6238293464223,1.0051566756971455,1647.5849412354298,1.0043995508885029
1647.6363290961688,1.000203374824331,1647.6363290961688,1.0037168601278392,1647.625218207713,1.0047449815525051,1647.5863300967192,1.0005158224713575
1647.637717957458,0.9965379150050018,1647.637717957458,1.0036183262501794,1647.6266070690035,1.0198459985076087,1647.587718958009,1.0149271828890138
1647.6391068182827,1.0034262692696363,1647.6391068182827,1.003578771495152,1647.6279959298274,1.000209375387523,1647.589107818834,0.992885367534698
1647.6404956795734,1.0087145503155477,1647.6404956795734,1.0035046165163726,1647.6293847911168,1.0091674234615922,1647.5904966801234,1.021349491066349
1647.6418845403975,1.0062667624584947,1647.6418845403975,1.0033969169323163,1647.630773651941,1.0058557984461127,1647.5918855414127,0.9973002364745694
1647.6432734016869,1.0117240985039295,1647.6432734016869,1.003298233380346,1647.6321625132302,1.0022873809290431,1647.5932744022373,1.0186387983694365
1647.6446622625117,1.0109047188255964,1647.6446622625117,1.0033345680148473,1647.6335513740544,1.0065264365040525,1647.594663263528,1.0128471980487213
1647.6460511238006,1.0189289616901611,1647.6460511238006,1.0032614400000144,1647.634940235345,1.0084567691458646,1647.5960521248178,1.0263696812046734
1647.647439984624,1.0184696702493334,1647.647439984624,1.0032422172242557,1647.6363290961688,1.0039209908679458,1647.5974409856417,0.9857476719358756
1647.6488288459147,1.0082679835743298,1647.6488288459147,1.003133034641602,1647.637717957458,1.0001437143021634,1647.5988298469315,1.0130414274978126
1647.650217706739,1.0020975319712726,1647.650217706739,1.0030513664836238,1647.6391068182827,1.0070173025995852,1647.6002187082206,1.0224994636530609
1647.651606568029,1.0173804864518499,1647.651606568029,1.0029648293336735,1647.6404956795734,1.0122497079888888,1647.6016075690443,1.000734836183337
1647.6529954288528,1.009549446170808,1647.6529954288528,1.0028973730058839,1647.6418845403975,1.009684967062317,1647.602996430335,1.0078805350337174
1647.6543842896774,0.9903037404199615,1647.6543842896774,1.0028122468246898,1647.6432734016869,1.0150610006973155,1647.6043852911596,1.0085977296410404
1647.6557731509672,1.0055173220431999,1647.6557731509672,1.002749325388914,1647.6446622625117,1.0142756493670504,1647.605774152449,0.9966314916589336
1647.6571620117918,0.9966220855595936,1647.6571620117918,1.0026480645951599,1647.6460511238006,1.0222521373629905,1647.6071630137387,1.0076025726409104
1647.6585508730816,1.0107531669830432,1647.6585508730816,1.0025368780787396,1647.647439984624,1.0217717701565978,1647.608551874563,0.99886672236815
1647.6599397339053,0.9868475042848155,1647.6599397339053,1.0025161361244093,1647.6488288459147,1.0114269220948864,1647.6099407358531,1.0196675173922274
1647.6613285951946,1.0061400620399639,1647.6613285951946,1.0025594196847392,1647.650217706739,1.0051552987936518,1647.6113295966777,1.0199076149389554
1647.662717456019,0.97462677071379,1647.662717456019,1.0024589746435246,1647.651606568029,1.0203968459615893,1647.6127184579675,0.99689688980736
1647.664106317309,0.9880585745479181,1647.664106317309,1.0024221257520953,1647.6529954288528,1.0124744874842484,1647.6141073192568,1.0221453412857542
1647.6654951781331,1.0000510887126055,1647.6654951781331,1.0024096589502804,1647.6543842896774,0.993088718969436,1647.6154961800803,1.0290114426704289
1647.6668840389575,0.997933990995484,1647.6668840389575,1.0024220372898118,1647.6557731509672,1.008281816345686,1647.6168850413703,1.010601038168023
1647.668272900247,0.9818917043442397,1647.668272900247,1.0024239059075875,1647.6571620117918,0.9992612052191184,1647.618273902195,1.011045261657704
1647.6696617610708,1.0099355518466595,1647.6696617610708,1.0023476284273907,1647.6585508730816,1.013317324535379,1647.6196627634847,0.9932399201843468
1647.6710506223606,1.0072102464259844,1647.6710506223606,1.0023066298821528,1647.6599397339053,0.9893305469396296,1647.6210516243093,0.99969277840795
1647.6724394831856,0.9973311949540106,1647.6724394831856,1.002209307877102,1647.6613285951946,1.0087151967203536,1647.6224404855986,1.004798078393484
1647.6738283440102,0.988380165883799,1647.6738283440102,1.002082731189854,1647.662717456019,0.9770233532298755,1647.6238293464223,1.0051566756971455
1647.6752172052995,0.9930875252759156,1647.6752172052995,1.0020068429045956,1647.664106317309,0.9904517766659092,1647.625218207713,1.0047449815525051
1647.6766060661237,1.0023482315132646,1647.6766060661237,1.0018991867453655,1647.6654951781331,1.0024608707692595,1647.6266070690035,1.0198459985076087
1647.677994927413,0.9915653598802785,1647.677994927413,1.0018681098015831,1647.6668840389575,1.0003510243344458,1647.6279959298274,1.000209375387523
1647.6793837882371,1.0088085764978696,1647.6793837882371,1.001789179731532,1647.668272900247,0.9842717174470108,1647.6293847911168,1.0091674234615922
1647.6807726490622,0.9891278909200756,1647.6807726490622,1.001803639042573,1647.6696617610708,1.0123065052580071,1647.630773651941,1.0058557984461127
1647.6821615103515,1.000567121914636,1647.6821615103515,1.0017323571399002,1647.6710506223606,1.0095335076780012,1647.6321625132302,1.0022873809290431
1647.6835503711752,1.0103749627489926,1647.6835503711752,1.0016890668946061,1647.6724394831856,0.999534606619102,1647.6335513740544,1.0065264365040525
1647.6849392319998,0.9992059303224889,1647.6849392319998,1.001580590049939,1647.6738283440102,0.9904386960827182,1647.634940235345,1.0084567691458646
1647.6863280932896,1.0054358973487554,1647.6863280932896,1.0014539691890165,1647.6752172052995,0.995080495929658,1647.6363290961688,1.0039209908679458
1647.6877169541142,1.0032226779178832,1647.6877169541142,1.0013890007992814,1647.6766060661237,1.004251877988795,1647.637717957458,1.0001437143021634
1647.6891058149383,1.0033941695308541,1647.6891058149383,1.0014217161681096,1647.677994927413,0.9934177128479812,1647.6391068182827,1.0070173025995852
1647.6904946762286,1.0078552941434227,1647.6904946762286,1.0013717480250615,1647.6793837882371,1.010613516355935,1647.6404956795734,1.0122497079888888
1647.6918835370525,1.006471267720892,1647.6918835370525,1.001385756170497,1647.6807726490622,0.990911920602237,1647.6418845403975,1.009684967062317
1647.693272397876,0.9984199419335742,1647.693272397876,1.001275885124579,1647.6821615103515,1.0023004615122342,1647.6432734016869,1.0150610006973155
1647.6946612591669,0.987733765744202,1647.6946612591669,1.0011949251199992,1647.6835503711752,1.0120815536497108,1647.6446622625117,1.0142756493670504
1647.6960501199908,0.996150693538836,1647.6960501199908,1.001150702195331,1647.6849392319998,1.0007852652737967,1647.6460511238006,1.0222521373629905
1647.6974389808145,1.0018585610084447,1647.6974389808145,1.00102878679729,1647.6863280932896,1.0068977701650317,1647.647439984624,1.0217717701565978
1647.6988278421045,1.0005450807206322,1647.6988278421045,1.0010202466608846,1647.6877169541142,1.0046161550193684,1647.6488288459147,1.0114269220948864
1647.700216702928,1.004352666863617,1647.700216702928,1.0010407809978523,1647.6891058149383,1.004820711244663,1647.650217706739,1.0051552987936518
1647.7016055637516,1.0023452547379996,1647.7016055637516,1.0009133688221208,1647.6904946762286,1.0092378176527117,1647.651606568029,1.0203968459615893
1647.7029944250423,1.0158669600591448,1647.7029944250423,1.0008770716765267,1647.6918835370525,1.0078659914905643,1647.6529954288528,1.0124744874842484
1647.7043832858674,1.0054853552341736,1647.7043832858674,1.0008499347091346,1647.693272397876,0.9996938110855704,1647.6543842896774,0.993088718969436
1647.705772146691,0.9712689419972258,1647.705772146691,1.000751332742577,1647.6946612591669,0.9889140336327612,1647.6557731509672,1.008281816345686
1647.7071610075147,1.002703835352696,1647.7071610075147,1.0006612500043324,1647.6960501199908,0.9972969663287716,1647.6571620117918,0.9992612052191184
1647.708549868805,0.990946519524319,1647.708549868805,1.0005557021578797,1647.6974389808145,1.0028892598687622,1647.6585508730816,1.013317324535379
1647.7099387296291,0.991786482908189,1647.7099387296291,1.0005005142740564,1647.6988278421045,1.001565883498302,1647.6599397339053,0.9893305469396296
1647.7113275904535,0.9814561757653829,1647.7113275904535,1.0005060481531713,1647.700216702928,1.0053979780344309,1647.6613285951946,1.0087151967203536
1647.712716451278,1.0075294029520454,1647.712716451278,1.0004123972151966,1647.7016055637516,1.003260765642678,1647.662717456019,0.9770233532298755
1647.7141053125672,1.002469046122374,1647.7141053125672,1.000291871359959,1647.7029944250423,1.016757948196932,1647.664106317309,0.9904517766659092
1647.7154941733909,0.9997736233843153,1647.7154941733909,1.000185283567675,1647.7043832858674,1.0063399521371137,1647.6654951781331,1.0024608707692595
1647.716883034215,0.9895210784789614,1647.716883034215,1.0000927920944371,1647.705772146691,0.9719986881551964,1647.6668840389575,1.0003510243344458
1647.71827189504,1.0082822878802995,1647.71827189504,1.000091453834824,1647.7071610075147,1.003366873268167,1647.668272900247,0.9842717174470108
1647.7196607563303,0.9806707994927153,1647.7196607563303,1.0000327900161494,1647.708549868805,0.991497190643562,1647.6696617610708,1.0123065052580071
1647.721049617154,1.0073597933602303,1647.721049617154,0.9999202243741051,1647.7099387296291,0.9922828861997008,1647.6710506223606,1.0095335076780012
1647.722438477978,0.9989519253736678,1647.722438477978,0.9998658623906966,1647.7113275904535,0.9819528398505476,1647.6724394831856,0.999534606619102
1647.7238273388018,1.00060443371941,1647.7238273388018,0.9997504418845151,1647.712716451278,1.0079449052720515,1647.6738283440102,0.9904386960827182
1647.725216200092,1.0068683486300434,1647.725216200092,0.9997010182076645,1647.7141053125672,1.0027616381261824,1647.6752172052995,0.995080495929658
1647.726605060917,1.0014981207978157,1647.726605060917,0.9997144124037705,1647.7154941733909,0.9999588650081233,1647.6766060661237,1.004251877988795
1647.7279939217406,1.020717291942533,1647.7279939217406,0.9997645504677972,1647.716883034215,0.9896128982123232,1647.677994927413,0.9934177128479812
1647.729382782564,1.0065465194677774,1647.729382782564,0.9998028983635303,1647.71827189504,1.0083744991621113,1647.6793837882371,1.010613516355935
1647.7307716438545,1.0255697424300787,1647.7307716438545,0.9996857126180997,1647.7196607563303,0.980702955704068,1647.6807726490622,0.990911920602237
1647.7321605046784,1.0089189549977131,1647.7321605046784,0.9995758476185614,1647.721049617154,1.0072794306022137,1647.6821615103515,1.0023004615122342
1647.733549365503,0.981971803693991,1647.733549365503,0.9994997394630252,1647.722438477978,0.9988179283505892,1647.6835503711752,1.0120815536497108
1647.7349382263271,1.022556918188741,1647.7349382263271,0.9994365918803678,1647.7238273388018,1.0003547247625852,1647.6849392319998,1.0007852652737967
1647.7363270871515,0.9885067240055949,1647.7363270871515,0.9994715681867856,1647.725216200092,1.006567313326524,1647.6863280932896,1.0068977701650317
1647.7377159479754,1.0181991011559681,1647.7377159479754,0.999444241682505,1647.726605060917,1.0012121053568688,1647.6877169541142,1.0046161550193684
1647.7391048092647,0.9890182881899454,1647.7391048092647,0.9993498926594141,1647.7279939217406,1.0204769645336338,1647.6891058149383,1.004820711244663
1647.7404936700898,0.983169262761213,1647.7404936700898,0.9992952837487926,1647.729382782564,1.0063481275016075,1647.6904946762286,1.0092378176527117
1647.741882530914,1.0072356873434611,1647.741882530914,0.9993054987355255,1647.7307716438545,1.025247418800774,1647.6918835370525,1.0078659914905643
1647.7432713917376,1.018435920433779,1647.7432713917376,0.9992677766954927,1647.7321605046784,1.0084910196202723,1647.693272397876,0.9996938110855704
1647.7446602525615,1.0006378386783017,1647.7446602525615,0.9991633881643611,1647.733549365503,0.9814805619521808,1647.6946612591669,0.9889140336327612
1647.7460491133854,1.0025041070571914,1647.7460491133854,0.9990894432309088,1647.7349382263271,1.0219808013182474,1647.6960501199908,0.9972969663287716
1647.7474379746748,1.0088858234333824,1647.7474379746748,0.999155653001766,1647.7363270871515,0.987984365605054,1647.6974389808145,1.0028892598687622
1647.7488268354998,0.9952353060650929,1647.7488268354998,0.9991861642928729,1647.7377159479754,1.0176332285366347,1647.6988278421045,1.001565883498302
1647.7502156963249,0.9973558378185611,1647.7502156963249,0.9991429259916574,1647.7391048092647,0.9883753201408194,1647.700216702928,1.0053979780344309
1647.7516045571483,1.007967816370347,1647.7516045571483,0.9990982365887271,1647.7404936700898,0.9824764074040576,1647.7016055637516,1.003260765642678
1647.7529934179722,0.9670227490992758,1647.7529934179722,0.9990303337353704,1647.741882530914,1.0065361608849772,1647.7029944250423,1.016757948196932
1647.7543822787968,1.0188535795429072,1647.7543822787968,0.9990237803451532,1647.7432713917376,1.01769019791869,1647.7043832858674,1.0063399521371137
1647.755771139621,1.0026267831330702,1647.755771139621,0.9989205078962605,1647.7446602525615,0.9998006932192752,1647.705772146691,0.9719986881551964
1647.7571600009112,0.990857887256423,1647.7571600009112,0.9988203867732875,1647.7460491133854,1.0015912701564686,1647.7071610075147,1.003366873268167
1647.758548861735,1.0183397629020898,1647.758548861735,0.9987598545402845,1647.7474379746748,1.0080339737168056,1647.708549868805,0.991497190643562
1647.759937722559,0.9809786091390206,1647.759937722559,0.9986887577492474,1647.7488268354998,0.9944253480360236,1647.7099387296291,0.9922828861997008
1647.7613265833827,1.003991023583673,1647.7613265833827,0.9987077871843263,1647.7502156963249,0.996501030052898,1647.7113275904535,0.9819528398505476
1647.7627154442068,0.9844545102845803,1647.7627154442068,0.9986004706740222,1647.7516045571483,1.0070588678738035,1647.712716451278,1.0079449052720515
1647.764104305032,0.993098169376102,1647.764104305032,0.9985553980226357,1647.7529934179722,0.9660850597623448,1647.7141053125672,1.0027616381261824
1647.7654931658565,0.9906910921376207,1647.7654931658565,0.9985291211119941,1647.7543822787968,1.0178589546531465,1647.7154941733909,0.9999588650081233
1647.7668820266802,1.0077619013292052,1647.7668820266802,0.9984462246438105,1647.755771139621,1.0015444554376802,1647.716883034215,0.9896128982123232
1647.7682708875045,0.9900332034484716,1647.7682708875045,0.9984279085529323,1647.7571600009112,0.989689058186823,1647.71827189504,1.0083744991621113
1647.769659748328,0.9946427456979725,1647.769659748328,0.9984062828820303,1647.758548861735,1.017076873468679,1647.7196607563303,0.980702955704068
1647.7710486096182,0.9954207102623761,1647.7710486096182,0.9983450092306277,1647.759937722559,0.979692308539633,1647.721049617154,1.0072794306022137
1647.7724374704433,0.9803569255084765,1647.7724374704433,0.9983017906465613,1647.7613265833827,1.002693653516177,1647.722438477978,0.9988179283505892
1647.773826331267,0.9943404141094896,1647.773826331267,0.9982383465497563,1647.7627154442068,0.983076737327346,1647.7238273388018,1.0003547247625852
1647.7752151920904,1.002349892273434,1647.7752151920904,0.998221055954062,1647.764104305032,0.9916635377969044,1647.725216200092,1.006567313326524
1647.7766040529148,1.0096989876669051,1647.7766040529148,0.9982186179570005,1647.7654931658565,0.98923390552566,1647.726605060917,1.0012121053568688
1647.7779929137384,1.015129616858127,1647.7779929137384,0.9982106491594134,1647.7668820266802,1.0061960657220133,1647.7279939217406,1.0204769645336338
1647.7793817745626,1.011904188985787,1647.7793817745626,0.9982052318337707,1647.7682708875045,0.9884767807170172,1647.729382782564,1.0063481275016075
1647.7807706353876,1.008181629457527,1647.7807706353876,0.9981708782944995,1647.769659748328,0.9930575665278892,1647.7307716438545,1.025247418800774
1647.7821594962122,0.9929768943972515,1647.7821594962122,0.9980837848666071,1647.7710486096182,0.99377329817525,1647.7321605046784,1.0084910196202723
1647.783548357036,0.9937688126330774,1647.783548357036,0.9980742873862886,1647.7724374704433,0.9786920742078696,1647.733549365503,0.9814805619521808
1647.7849372178596,0.9858858865446598,1647.7849372178596,0.9980069343830693,1647.773826331267,0.9925887308882568,1647.7349382263271,1.0219808013182474
1647.7863260786846,1.0111798731376127,1647.7863260786846,0.9979161849961671,1647.7752151920904,1.0005667679006276,1647.7363270871515,0.987984365605054
1647.7877149395088,0.9845251509517942,1647.7877149395088,0.9978188832876411,1647.7766040529148,1.0079003280214405,1647.7377159479754,1.0176332285366347
1647.7891038003324,0.9844646131884943,1647.7891038003324,0.9978246466329344,1647.7779929137384,1.0133131938248976,1647.7391048092647,0.9883753201408194
1647.7904926611568,1.003333546818508,1647.7904926611568,0.99780549727449,1647.7793817745626,1.0100880555601213,1647.7404936700898,0.9824764074040576
1647.7918815219805,0.981345581252035,1647.7918815219805,0.9977905493635487,1647.7807706353876,1.0063375425559993,1647.741882530914,1.0065361608849772
1647.793270382804,0.9955379815355472,1647.793270382804,0.9978038406411222,1647.7821594962122,0.991074137045098,1647.7432713917376,1.01769019791869
1647.794659243629,0.9972710325354756,1647.794659243629,0.9977837082749182,1647.783548357036,0.9918550994954768,1647.7446602525615,0.9998006932192752
1647.796048104454,0.983467582587714,1647.796048104454,0.9977273929340204,1647.7849372178596,0.9839209512819704,1647.7460491133854,1.0015912701564686
1647.7974369652777,0.9860056816836397,1647.7974369652777,0.9976710648832685,1647.7863260786846,1.0090727613463948,1647.7474379746748,1.0080339737168056
1647.7988258261014,0.9742097166212293,1647.7988258261014,0.9976035903617378,1647.7877149395088,0.9823777866913156,1647.7488268354998,0.9944253480360236
1647.800214686926,1.005645406288815,1647.800214686926,0.9975930619497617,1647.7891038003324,0.9823230547774378,1647.7502156963249,0.996501030052898
1647.80160354775,0.9915919980918604,1647.80160354775,0.9975308737805237,1647.7904926611568,1.001131728615419,1647.7516045571483,1.0070588678738035
1647.8029924085747,1.0043604008862694,1647.8029924085747,0.9974555562195875,1647.7918815219805,0.979177346632959,1647.7529934179722,0.9660850597623448
1647.8043812693988,0.9800524504621018,1647.8043812693988,0.9974821972283167,1647.793270382804,0.9933516214802796,1647.7543822787968,1.0178589546531465
1647.8057701302223,0.9949742109029273,1647.8057701302223,0.9974323424065245,1647.794659243629,0.9950607889984034,1647.755771139621,1.0015444554376802
1647.8071589910462,0.9884443991401701,1647.8071589910462,0.997470074622768,1647.796048104454,0.9812325472103632,1647.7571600009112,0.989689058186823
1647.8085478518703,1.006473131628741,1647.8085478518703,0.9974483697744075,1647.7974369652777,0.9837093384262698,1647.758548861735,1.017076873468679
1647.809936712695,0.9937869015265837,1647.809936712695,0.9974443303929866,1647.7988258261014,0.9718751110666296,1647.759937722559,0.979692308539633
1647.811325573519,0.9886628886669369,1647.811325573519,0.9973741976970436,1647.800214686926,1.0032248800953711,1647.7613265833827,1.002693653516177
1647.8127144343437,0.9873209099755118,1647.8127144343437,0.9973880752991426,1647.80160354775,0.989143632290349,1647.7627154442068,0.983076737327346
1647.8141032951678,1.003317501483689,1647.8141032951678,0.9973694364419734,1647.8029924085747,1.0018048623109417,1647.764104305032,0.9916635377969044
1647.8154921559917,1.0017675217685105,1647.8154921559917,0.9973111771284107,1647.8043812693988,0.9775848716859332,1647.7654931658565,0.98923390552566
1647.8168810168152,0.986505678212546,1647.8168810168152,0.9972950385048709,1647.8057701302223,0.99241945781499,1647.7668820266802,1.0061960657220133
1647.8182698771743,0.9910238891971138,1647.8182698771743,0.9971988377715227,1647.8071589910462,0.9859437085708026,1647.7682708875045,0.9884767807170172
1647.8196587379991,0.9905066902057972,1647.8196587379991,0.9971759150697141,1647.8085478518703,1.0039049843648304,1647.769659748328,0.9930575665278892
1647.8210475988228,1.0005879812545002,1647.8210475988228,0.9971257254407392,1647.809936712695,0.9912471105465042,1647.7710486096182,0.99377329817525
1647.822436459647,1.006016975925565,1647.822436459647,0.9971199860834018,1647.811325573519,0.9860668553770277,1647.7724374704433,0.9786920742078696
1647.8238253204706,1.004535951439261,1647.8238253204706,0.9971517988500919,1647.8127144343437,0.9847421021030738,1647.773826331267,0.9925887308882568
1647.8252141812948,0.976480110970338,1647.8252141812948,0.9971521581314229,1647.8141032951678,1.0006782110271557,1647.7752151920904,1.0005667679006276
1647.8266030421198,0.9907973864694045,1647.8266030421198,0.9971544242228415,1647.8154921559917,0.999073946343964,1647.7766040529148,1.0079003280214405
1647.8279919029444,0.9847499773260195,1647.8279919029444,0.9971591085836727,1647.8168810168152,0.9838372183382548,1647.7779929137384,1.0133131938248976
1647.829380763768,0.9936977742728397,1647.829380763768,0.9971740479161653,1647.8182698771743,0.9882478705111762,1647.7793817745626,1.0100880555601213
1647.8307696245918,0.9865866302239714,1647.8307696245918,0.9970813214190575,1647.8196587379991,0.9877094151886396,1647.7807706353876,1.0063375425559993
1647.8321584849502,0.9758524364844118,1647.8321584849502,0.9970926308503317,1647.8210475988228,0.9977120166756782,1647.7821594962122,0.991074137045098
1647.8335473457748,0.9866064946245842,1647.8335473457748,0.997075725419949,1647.822436459647,1.0031196330345653,1647.783548357036,0.9918550994954768
1647.834936206599,0.9852078518490672,1647.834936206599,0.9970860403534476,1647.8238253204706,1.0016748309872476,1647.7849372178596,0.9839209512819704
1647.8363250674236,0.9955350795037776,1647.8363250674236,0.9971084673617375,1647.8252141812948,0.9736992500264838,1647.7863260786846,1.0090727613463948
1647.837713928247,0.9974101109184375,1647.837713928247,0.9970682279067786,1647.8266030421198,0.9879779974263952,1647.7877149395088,0.9823777866913156
1647.8391027890705,0.9772437601802729,1647.8391027890705,0.9970614960722365,1647.8279919029444,0.9819524095682056,1647.7891038003324,0.9823230547774378
1647.8404916498955,0.9906692094026419,1647.8404916498955,0.9971183061959472,1647.829380763768,0.9908896319769314,1647.7904926611568,1.001131728615419
1647.8418805102544,0.9777735163401998,1647.8418805102544,0.9971217122233252,1647.8307696245918,0.9837071009580924,1647.7918815219805,0.979177346632959
1647.843269371078,0.9937734931152654,1647.843269371078,0.9971744473436929,1647.8321584849502,0.9730152732159484,1647.793270382804,0.9933516214802796
1647.8446582319025,0.9920970848144506,1647.8446582319025,0.9970779283358431,1647.8335473457748,0.9837213863318404,1647.794659243629,0.9950607889984034
1647.8460470927268,0.9961472093811775,1647.8460470927268,0.99707515988442,1647.834936206599,0.9823369959253124,1647.796048104454,0.9812325472103632
1647.8474359535503,0.9781289777824653,1647.8474359535503,0.9970312969710987,1647.8363250674236,0.9926564573288572,1647.7974369652777,0.9837093384262698
1647.848824814375,0.9863738531668825,1647.848824814375,0.9970746307375239,1647.837713928247,0.99448593178975,1647.7988258261014,0.9718751110666296
1647.850213674734,1.0153881835080851,1647.850213674734,0.9970542686654481,1647.8391027890705,0.9743721255526008,1647.800214686926,1.0032248800953711
1647.8516025355575,0.9980201068288016,1647.8516025355575,0.9970144617963667,1647.8404916498955,0.9878144040800404,1647.80160354775,0.989143632290349
1647.8529913963814,1.0096435565813655,1647.8529913963814,0.9970144229273382,1647.8418805102544,0.9749592027797616,1647.8029924085747,1.0018048623109417
1647.8543802572058,0.9880483394498094,1647.8543802572058,0.9970003303069399,1647.843269371078,0.990965533782026,1647.8043812693988,0.9775848716859332
1647.85576911803,0.9682418993664619,1647.85576911803,0.9969322424473883,1647.8446582319025,0.9891981060348216,1647.8057701302223,0.99241945781499
1647.8571579788545,0.9852071419074646,1647.8571579788545,0.996922106736719,1647.8460470927268,0.9932336380621564,1647.8071589910462,0.9859437085708026
1647.8585468392132,1.0092320070135439,1647.8585468392132,0.9969348702866155,1647.8474359535503,0.9752252033234664,1647.8085478518703,1.0039049843648304
1647.859935700037,0.989829252733602,1647.859935700037,0.9969612392908415,1647.848824814375,0.983488345415518,1647.809936712695,0.9912471105465042
1647.861324560861,0.9869023912383272,1647.861324560861,0.9969260625371008,1647.850213674734,1.0123971227191917,1647.811325573519,0.9860668553770277
1647.8627134216847,0.9949482163674306,1647.8627134216847,0.9969288026673659,1647.8516025355575,0.99504047967187,1647.8127144343437,0.9847421021030738
1647.864102282044,0.9913356452730345,1647.864102282044,0.9969447017309697,1647.8529913963814,1.0066291879272755,1647.8141032951678,1.0006782110271557
1647.865491142869,0.9990113180975526,1647.865491142869,0.9969514266528416,1647.8543802572058,0.9850845207906834,1647.8154921559917,0.999073946343964
1647.8668800036924,1.0168961526019842,1647.8668800036924,0.9969787478436521,1647.85576911803,0.9652715679669254,1647.8168810168152,0.9838372183382548
1647.8682688645165,0.9762706715176038,1647.8682688645165,0.996931771282159,1647.8571579788545,0.9821747794824512,1647.8182698771743,0.9882478705111762
1647.8696577248743,0.9995596593915655,1647.8696577248743,0.9969156585199823,1647.8585468392132,1.006138580001148,1647.8196587379991,0.9877094151886396
1647.8710465856989,1.0095633734094691,1647.8710465856989,0.9969710324638956,1647.859935700037,0.9868213984916194,1647.8210475988228,0.9977120166756782
1647.8724354465237,0.9925746532607863,1647.8724354465237,0.9969551380988901,1647.861324560861,0.983868715005675,1647.822436459647,1.0031196330345653
1647.8738243073474,0.995078528811751,1647.8738243073474,0.996956510136891,1647.8627134216847,0.991892534059214,1647.8238253204706,1.0016748309872476
1647.8752131677054,0.9918593697764458,1647.8752131677054,0.9968841213785108,1647.864102282044,0.9883068191920038,1647.8252141812948,0.9736992500264838
1647.87660202853,0.9945108565057923,1647.87660202853,0.9969010809470005,1647.865491142869,0.9959657588196908,1647.8266030421198,0.9879779974263952
1647.877990889354,0.9876757382038549,1647.877990889354,0.9968649073586119,1647.8668800036924,1.0138238529081536,1647.8279919029444,0.9819524095682056
1647.8793797501787,0.9925689458931964,1647.8793797501787,0.996882059709125,1647.8682688645165,0.9732752498068676,1647.829380763768,0.9908896319769314
1647.8807686105372,0.9977329971393221,1647.8807686105372,0.9968795924293722,1647.8696577248743,0.9964766760723518,1647.8307696245918,0.9837071009580924
1647.8821574713618,0.9897258572012333,1647.8821574713618,0.9968952299307543,1647.8710465856989,1.006505438725772,1647.8321584849502,0.9730152732159484
1647.8835463321857,0.9775112222483594,1647.8835463321857,0.9969254931549406,1647.8724354465237,0.9895524005150652,1647.8335473457748,0.9837213863318404
1647.8849351925437,0.9833614026411579,1647.8849351925437,0.9969410083007502,1647.8738243073474,0.992050017396315,1647.834936206599,0.9823369959253124
1647.8863240533683,0.988766973315173,1647.8863240533683,0.996948921411078,1647.8752131677054,0.9887688563706356,1647.8363250674236,0.9926564573288572
1647.887712914193,0.9933163132560262,1647.887712914193,0.99697410667869,1647.87660202853,0.9914289478641516,1647.837713928247,0.99448593178975
1647.8891017750163,0.995029156177391,1647.8891017750163,0.9970084865101554,1647.877990889354,0.9845792832649344,1647.8391027890705,0.9743721255526008
1647.8904906353748,0.9975329958506897,1647.8904906353748,0.9970233876714936,1647.8793797501787,0.9894741751853248,1647.8404916498955,0.9878144040800404
1647.8918794961994,0.9877028700248077,1647.8918794961994,0.996959590035793,1647.8807686105372,0.9946196635415834,1647.8418805102544,0.9749592027797616
1647.893268357023,0.9960136134769059,1647.893268357023,0.9969531515231951,1647.8821574713618,0.9866529859830364,1647.843269371078,0.990965533782026
1647.8946572173816,1.0090079355378256,1647.8946572173816,0.9969462811408506,1647.8835463321857,0.9745058573044344,1647.8446582319025,0.9891981060348216
1647.8960460782066,1.0037293553611029,1647.8960460782066,0.9968627952692756,1647.8849351925437,0.980353308273116,1647.8460470927268,0.9932336380621564
1647.8974349390303,0.9994174942392591,1647.8974349390303,0.9968311795780889,1647.8863240533683,0.985750167573458,1647.8474359535503,0.9752252033234664
1647.8988237993883,0.9810347969348386,1647.8988237993883,0.996757594390386,1647.887712914193,0.9903106440577966,1647.848824814375,0.983488345415518
1647.900212660213,0.9950681084843819,1647.900212660213,0.9966608004439749,1647.8891017750163,0.9920525130338976,1647.850213674734,1.0123971227191917
1647.901601521037,0.9970699255506296,1647.901601521037,0.9966173873998372,1647.8904906353748,0.9945637268371486,1647.8516025355575,0.99504047967187
1647.9029903813955,0.9949721236655922,1647.9029903813955,0.9965748839066751,1647.8918794961994,0.9846998483771084,1647.8529913963814,1.0066291879272755
1647.90437924222,0.9908887766098121,1647.90437924222,0.9965426723690621,1647.893268357023,0.9929789109158068,1647.8543802572058,0.9850845207906834
1647.9057681030438,0.9944268328449315,1647.9057681030438,0.9966149277612151,1647.8946572173816,1.0059267089760424,1647.85576911803,0.9652715679669254
1647.9071569634018,0.9936220726885056,1647.9071569634018,0.9966001072812154,1647.8960460782066,1.000580450879097,1647.8571579788545,0.9821747794824512
1647.908545824226,0.9936551873832785,1647.908545824226,0.9966378247305885,1647.8974349390303,0.9962505196734984,1647.8585468392132,1.006138580001148
1647.909934684585,0.991078103639857,1647.909934684585,0.996638236467889,1647.8988237993883,0.9778538842060306,1647.859935700037,0.9868213984916194
1647.91132354541,1.006491395266052,1647.91132354541,0.9967228312770912,1647.900212660213,0.991745377498316,1647.861324560861,0.983868715005675
1647.9127124062336,0.9826881292971034,1647.9127124062336,0.996715744682762,1647.901601521037,0.9936972242572186,1647.8627134216847,0.991892534059214
1647.914101266592,1.0084226155122327,1647.914101266592,0.9967443559854879,1647.9029903813955,0.9915642286324156,1647.864102282044,0.9883068191920038
1647.9154901274158,1.0051697785026563,1647.9154901274158,0.9968177961939867,1647.90437924222,0.9874629494632527,1647.865491142869,0.9959657588196908
1647.9168789882403,1.0042451875488643,1647.9168789882403,0.9968481154138024,1647.9057681030438,0.9910606261795653,1647.8668800036924,1.0138238529081536
1647.9182678485995,0.993016333658415,1647.9182678485995,0.9968253344104261,1647.9071569634018,0.9902438642383482,1647.8682688645165,0.9732752498068676
1647.9196567094232,0.9810727640148246,1647.9196567094232,0.9968780506971564,1647.908545824226,0.990314344485936,1647.8696577248743,0.9964766760723518
1647.921045569781,1.0018287483179595,1647.921045569781,0.9968061268746823,1647.909934684585,0.9877463334135668,1647.8710465856989,1.006505438725772
1647.9224344306056,0.9831370703844403,1647.9224344306056,0.9968060181622687,1647.91132354541,1.0031929531456092,1647.8724354465237,0.9895524005150652
1647.923823290964,0.984761585411653,1647.923823290964,0.9968389616670585,1647.9127124062336,0.9794607305832728,1647.8738243073474,0.992050017396315
1647.9252121517886,0.9873720784669017,1647.9252121517886,0.9969033042134807,1647.914101266592,1.0051395504599416,1647.8752131677054,0.9887688563706356
1647.9266010126128,0.9944996495262078,1647.9266010126128,0.9969613788743565,1647.9154901274158,1.0019711234078157,1647.87660202853,0.9914289478641516
1647.9279898729717,0.9919474745324038,1647.9279898729717,0.9969873068449531,1647.9168789882403,1.001079922621466,1647.877990889354,0.9845792832649344
1647.9293787337954,0.9806027521716975,1647.9293787337954,0.9970516038651395,1647.9182678485995,0.9898638388740648,1647.8793797501787,0.9894741751853248
1647.9307675941534,0.9956950153345844,1647.9307675941534,0.9970575501688798,1647.9196567094232,0.9780099045831696,1647.8807686105372,0.9946196635415834
1647.9321564549784,0.9753385731943642,1647.9321564549784,0.9971299419690188,1647.921045569781,0.998629034402536,1647.8821574713618,0.9866529859830364
1647.933545315337,1.0016237162141433,1647.933545315337,0.9971500456359955,1647.9224344306056,0.979996948437632,1647.8835463321857,0.9745058573044344
1647.9349341761606,0.99386654137256,1647.9349341761606,0.9970948568123875,1647.923823290964,0.9816487162913586,1647.8849351925437,0.980353308273116
1647.936323036519,0.9842082043897449,1647.936323036519,0.9970931517393419,1647.9252121517886,0.9843144875117864,1647.8863240533683,0.985750167573458
1647.9377118973437,1.0027874174982139,1647.9377118973437,0.9971003580716664,1647.9266010126128,0.9914777418817124,1647.887712914193,0.9903106440577966
1647.9391007581671,1.013346903363777,1647.9391007581671,0.9971240216443834,1647.9279898729717,0.988959041165714,1647.8891017750163,0.9920525130338976
1647.9404896185258,0.992833948907065,1647.9404896185258,0.9971166260343567,1647.9293787337954,0.9777115468073608,1647.8904906353748,0.9945637268371486
1647.9418784793509,1.0075129130384863,1647.9418784793509,0.9971225365886175,1647.9307675941534,0.9927652327048658,1647.8918794961994,0.9846998483771084
1647.9432673397089,0.971913224166656,1647.9432673397089,0.9970652403347806,1647.9321564549784,0.972539294889442,1647.893268357023,0.9929789109158068
1647.9446562005326,0.9855320634780704,1647.9446562005326,0.9970964793663931,1647.933545315337,0.9987691343330284,1647.8946572173816,1.0059267089760424
1647.9460450608915,0.9938237952582382,1647.9460450608915,0.9971888324723767,1647.9349341761606,0.9909792167604956,1647.8960460782066,1.000580450879097
1647.9474339217156,0.9877586525450516,1647.9474339217156,0.9971654409228106,1647.936323036519,0.981347260482689,1647.8974349390303,0.9962505196734984
1647.9488227820746,1.0042546526300755,1647.9488227820746,0.9971979404965968,1647.9377118973437,0.9998796930572308,1647.8988237993883,0.9778538842060306
1647.9502116428987,1.006370673438443,1647.9502116428987,0.9971731550329339,1647.9391007581671,1.0104325396029716,1647.900212660213,0.991745377498316
1647.9516005032567,0.9837675646951146,1647.9516005032567,0.9971666731553094,1647.9404896185258,0.9899712373465795,1647.901601521037,0.9936972242572186
1647.9529893640804,0.9965277421156137,1647.9529893640804,0.9971638510680645,1647.9418784793509,1.0046138314947226,1647.9029903813955,0.9915642286324156
1647.9543782244389,0.9773607389935939,1647.9543782244389,0.997161403436739,1647.9432673397089,0.9690608924382784,1647.90437924222,0.9874629494632527
1647.955767085264,0.9712669025913282,1647.955767085264,0.9971587506928781,1647.9446562005326,0.9826705507966806,1647.9057681030438,0.9910606261795653
1647.9571559456228,0.9961324556584391,1647.9571559456228,0.9972694472109835,1647.9460450608915,0.9910299900768288,1647.9071569634018,0.9902438642383482
1647.9585448059809,0.9859119747851186,1647.9585448059809,0.9973001304963308,1647.9474339217156,0.9849587922904076,1647.908545824226,0.990314344485936
1647.959933666805,0.9890836023292808,1647.959933666805,0.9973867290136116,1647.9488227820746,1.0014406713368365,1647.909934684585,0.9877463334135668
1647.961322527163,1.000282037585659,1647.961322527163,0.9974044639059025,1647.9502116428987,1.0035258195652306,1647.91132354541,1.0031929531456092
1647.9627113879876,0.9953581317820746,1647.9627113879876,0.99749296557804,1647.9516005032567,0.980980229645128,1647.9127124062336,0.9794607305832728
1647.964100248347,0.9889989870244302,1647.964100248347,0.9974805892877341,1647.9529893640804,0.9937014410241684,1647.914101266592,1.0051395504599416
1647.965489109171,0.9820984827846393,1647.965489109171,0.9975120247728325,1647.9543782244389,0.9745864061588204,1647.9154901274158,1.0019711234078157
1647.9668779695285,0.9809288564951184,1647.9668779695285,0.9975592729768028,1647.955767085264,0.9685072911773102,1647.9168789882403,1.001079922621466
1647.9682668303528,1.0129114081990152,1647.9682668303528,0.9976122857417288,1647.9571559456228,0.9934124634034112,1647.9182678485995,0.9898638388740648
1647.9696556907113,1.0038773805485914,1647.9696556907113,0.9975892470930676,1647.9585448059809,0.983250141111094,1647.9196567094232,0.9780099045831696
1647.9710445510702,0.9897043850817446,1647.9710445510702,0.9976201233235844,1647.959933666805,0.9864988588482012,1647.921045569781,0.998629034402536
1647.9724334118944,0.9929585587738486,1647.9724334118944,0.9975420880738632,1647.961322527163,0.997685769452828,1647.9224344306056,0.979996948437632
1647.9738222722533,0.9805219476945392,1647.9738222722533,0.9975761110781606,1647.9627113879876,0.9928627346835192,1647.923823290964,0.9816487162913586
1647.975211133077,1.0058786862290143,1647.975211133077,0.997613573163791,1647.964100248347,0.9865072923821008,1647.9252121517886,0.9843144875117864
1647.976599993435,1.0055332645335753,1647.976599993435,0.997536062164834,1647.965489109171,0.9796550460888324,1647.9266010126128,0.9914777418817124
1647.9779888542591,1.005058613899912,1647.9779888542591,0.9975588364143673,1647.9668779695285,0.9785346769272368,1647.9279898729717,0.988959041165714
1647.979377714618,1.0150081562078814,1647.979377714618,0.9975581412698464,1647.9682668303528,1.0104928651872929,1647.9293787337954,0.9777115468073608
1647.9807665749763,0.9858117471236729,1647.9807665749763,0.9975726244472407,1647.9696556907113,1.0014572802352302,1647.9307675941534,0.9927652327048658
1647.9821554358011,0.9907345320636152,1647.9821554358011,0.9975828507367751,1647.9710445510702,0.9873490106991424,1647.9321564549784,0.972539294889442
1647.983544296159,0.9996290249973234,1647.983544296159,0.9975472408151442,1647.9724334118944,0.9905179540900788,1647.933545315337,0.9987691343330284
1647.9849331565167,1.001273992728498,1647.9849331565167,0.9976698788727523,1647.9738222722533,0.978145271407902,1647.9349341761606,0.9909792167604956
1647.9863220173418,1.0063072210949433,1647.9863220173418,0.9976433493458118,1647.975211133077,1.0034782303382268,1647.936323036519,0.981347260482689
1647.9877108777011,1.0089702149701145,1647.9877108777011,0.9977248196294753,1647.976599993435,1.003055693078573,1647.9377118973437,0.9998796930572308
1647.9890997385248,0.9930773004111797,1647.9890997385248,0.9977196972888643,1647.9779888542591,1.002605101410233,1647.9391007581671,1.0104325396029716
1647.9904885988828,1.0001800805535361,1647.9904885988828,0.9978169179936289,1647.979377714618,1.012529649680468,1647.9404896185258,0.9899712373465795
1647.9918774592418,1.0079477356320774,1647.9918774592418,0.9979266069491055,1647.9807665749763,0.983418811789082,1647.9418784793509,1.0046138314947226
1647.9932663200657,1.0063227636339573,1647.9932663200657,0.9979495656791427,1647.9821554358011,0.9883397788193862,1647.9432673397089,0.9690608924382784
1647.994655180424,0.9915764475848599,1647.994655180424,0.9979373219054753,1647.983544296159,0.9971771757248128,1647.9446562005326,0.9826705507966806
1647.996044040783,0.9797166094692155,1647.996044040783,0.9979894395064983,1647.9849331565167,0.9989409030438776,1647.9460450608915,0.9910299900768288
1647.997432901607,1.0082612603614054,1647.997432901607,0.9980231657669172,1647.9863220173418,1.0039357065240355,1647.9474339217156,0.9849587922904076
1647.998821761965,1.0078721671441557,1647.998821761965,0.9980304604013581,1647.9877108777011,1.0066746257425705,1647.9488227820746,1.0014406713368365
1648.0002106223235,1.0024816965576593,1648.0002106223235,0.9980716130429486,1647.9890997385248,0.9908127835506848,1647.9502116428987,1.0035258195652306
1648.0015994831483,1.003184594830096,1648.0015994831483,0.9981289916102991,1647.9904885988828,0.997996605416549,1647.9516005032567,0.980980229645128
1648.0029883435077,0.9969012105257162,1648.0029883435077,0.998076425066811,1647.9918774592418,1.0058578638013531,1647.9529893640804,0.9937014410241684
1648.0043772038655,1.0148757170531435,1648.0043772038655,0.998164275305381,1647.9932663200657,1.0042593649015423,1647.9543782244389,0.9745864061588204
1648.0057660646896,0.9871048231514437,1648.0057660646896,0.9981020353849,1647.994655180424,0.98953114456738,1647.955767085264,0.9685072911773102
1648.0071549250476,0.9922878432425905,1648.0071549250476,0.998157555339904,1647.996044040783,0.9777468299593892,1647.9571559456228,0.9934124634034112
1648.0085437854057,0.9943485444984624,1648.0085437854057,0.9982473203796471,1647.997432901607,1.0062680949860316,1647.9585448059809,0.983250141111094
1648.0099326462307,0.9982678063125777,1648.0099326462307,0.9982457612798564,1647.998821761965,1.0058871230005964,1647.959933666805,0.9864988588482012
1648.0113215065896,1.0165295278560391,1648.0113215065896,0.9983524290564213,1648.0002106223235,1.0005485239293348,1647.961322527163,0.997685769452828
1648.0127103669477,0.9731474893041003,1648.0127103669477,0.9984032544269401,1648.0015994831483,1.00130762803675,1647.9627113879876,0.9928627346835192
1648.014099227306,0.9983070677634152,1648.014099227306,0.9985099346993059,1648.0029883435077,0.9949835963462832,1647.964100248347,0.9865072923821008
1648.0154880881298,1.0009755648653327,1648.0154880881298,0.998620369031717,1648.0043772038655,1.01301268463738,1647.965489109171,0.9796550460888324
1648.0168769484883,0.9945796839593203,1648.0168769484883,0.9986976683701457,1648.0057660646896,0.9852313331257078,1647.9668779695285,0.9785346769272368
1648.0182658088477,1.0073399929921742,1648.0182658088477,0.9987288314825596,1648.0071549250476,0.99045960780453,1647.9682668303528,1.0104928651872929
1648.0196546696725,1.0064716919369903,1648.0196546696725,0.9988515346838815,1648.0085437854057,0.9926057700689924,1647.9696556907113,1.0014572802352302
1648.0224323903883,0.9874092248845446,1648.0224323903883,0.9989379694309394,1648.0099326462307,0.9965166062736714,1647.9710445510702,0.9873490106991424
1648.0238212507468,0.9962641065376024,1648.0238212507468,0.999010882199969,1648.0113215065896,1.0148547233426537,1647.9724334118944,0.9905179540900788
1648.0252101115714,1.0062930513685535,1648.0252101115714,0.999106419304614,1648.0127103669477,0.9715936203586196,1647.9738222722533,0.978145271407902
1648.0265989719298,1.0035868828586372,1648.0265989719298,0.9991347445468494,1648.014099227306,0.9968195250423032,1647.975211133077,1.0034782303382268
1648.0279878322888,0.9991302049814766,1648.0279878322888,0.999126477805422,1648.0154880881298,0.99959458797755,1647.976599993435,1.003055693078573
1648.0293766926466,1.0091992828207612,1648.0293766926466,0.9990980594742511,1648.0168769484883,0.9932844113784896,1647.9779888542591,1.002605101410233
1648.03076555347,1.0046442570661893,1648.03076555347,0.999115270069859,1648.0182658088477,1.006059494106724,1647.979377714618,1.012529649680468
1648.0321544138294,0.9840058926292458,1648.0321544138294,0.9991189722726577,1648.0196546696725,1.0053157941071456,1647.9807665749763,0.983418811789082
1648.0335432741888,1.0079906494209407,1648.0335432741888,0.9992248391977738,1648.0224323903883,0.9863605661035448,1647.9821554358011,0.9883397788193862
1648.0349321345468,0.99686170731963,1648.0349321345468,0.9992897699170913,1648.0238212507468,0.9952786839762942,1647.983544296159,0.9971771757248128
1648.0363209949048,0.9897455350889758,1648.0363209949048,0.999381775085349,1648.0252101115714,1.0053938473239494,1647.9849331565167,0.9989409030438776
1648.0377098557294,0.9868470602878107,1648.0377098557294,0.9993614791437112,1648.0265989719298,1.0027185238355334,1647.9863220173418,1.0039357065240355
1648.0390987160874,1.006041728964876,1648.0390987160874,0.999489023349803,1648.0279878322888,0.998257442572152,1647.9877108777011,1.0066746257425705
1648.040487576446,1.001895228593299,1648.040487576446,0.9995306699540186,1648.0293766926466,1.0082890450890285,1647.9890997385248,0.9908127835506848
1648.0418764368053,1.0027471338268772,1648.0418764368053,0.9995775513418765,1648.03076555347,1.0037554182228186,1647.9904885988828,0.997996605416549
1648.043265297163,1.0123278073853796,1648.043265297163,0.999696048995361,1648.0321544138294,0.9831389561539712,1647.9918774592418,1.0058578638013531
1648.044654157987,0.9939680082871799,1648.044654157987,0.999783762273833,1648.0335432741888,1.0072092945804991,1647.9932663200657,1.0042593649015423
1648.0460430183457,0.9956779300781808,1648.0460430183457,0.9998379134271628,1648.0349321345468,0.9961537061465918,1647.994655180424,0.98953114456738
1648.0474318787044,0.9979891079283927,1648.0474318787044,0.9998599732921936,1648.0363209949048,0.9891336497400192,1647.996044040783,0.9777468299593892
1648.0488207390629,0.995665799618657,1648.0488207390629,0.9999717032433588,1648.0377098557294,0.9862169378578496,1647.997432901607,1.0062680949860316
1648.0502095994218,1.008721027262426,1648.0502095994218,1.0000898551299229,1648.0390987160874,1.0055276651322511,1647.998821761965,1.0058871230005964
1648.0515984597805,0.9926734451177398,1648.0515984597805,1.0001061623131406,1648.040487576446,1.0014250090595946,1648.0002106223235,1.0005485239293348
1648.052987320604,0.9938322157761575,1648.052987320604,1.000154249024773,1648.0418764368053,1.002323524645755,1648.0015994831483,1.00130762803675
1648.054376180962,0.9938185522436014,1648.054376180962,1.0001752733691442,1648.043265297163,1.0120201093313008,1648.0029883435077,0.9949835963462832
1648.0557650413214,0.984019430042901,1648.0557650413214,1.0002921532755276,1648.044654157987,0.9937530749051852,1648.0043772038655,1.01301268463738
1648.0571539016803,1.0123902660191175,1648.0571539016803,1.0003826571789267,1648.0460430183457,0.9955165440548448,1648.0057660646896,0.9852313331257078
1648.0585427620383,1.00224011689194,1648.0585427620383,1.0004888434438977,1648.0474318787044,0.9978493627991828,1648.0071549250476,0.99045960780453
1648.0599316223968,1.009332843413786,1648.0599316223968,1.0005067706171198,1648.0488207390629,0.9956376255058292,1648.0085437854057,0.9926057700689924
1648.0613204827548,0.9932786935549924,1648.0613204827548,1.0005909149311445,1648.0502095994218,1.0088116660213866,1648.0099326462307,0.9965166062736714
1648.062709343579,0.9942555295460959,1648.062709343579,1.0006776579547503,1648.0515984597805,0.9927788296268668,1648.0113215065896,1.0148547233426537
1648.0640982039383,0.9934220651592873,1648.0640982039383,1.0007863436491826,1648.052987320604,0.993985513426229,1648.0127103669477,0.9715936203586196
1648.0654870642963,0.9960650015411939,1648.0654870642963,1.000851158018303,1648.054376180962,0.9939927421695712,1648.014099227306,0.9968195250423032
1648.0668759246544,1.0013609104992647,1648.0668759246544,1.0008945308940882,1648.0557650413214,0.9843069145425708,1648.0154880881298,0.99959458797755
1648.0682647850133,0.9793792730204481,1648.0682647850133,1.0009575508746429,1648.0571539016803,1.0127776644222852,1648.0168769484883,0.9932844113784896
1648.0696536453718,1.0029579210225834,1648.0696536453718,1.0010467186543581,1648.0585427620383,1.0027300554022938,1648.0182658088477,1.006059494106724
1648.0710425057307,0.9962129820731072,1648.0710425057307,1.001155743290953,1648.0599316223968,1.0098443436417222,1648.0196546696725,1.0053157941071456
1648.0724313660892,1.009578872421156,1648.0724313660892,1.0011630864695549,1648.0613204827548,0.9938656367658018,1648.0224323903883,0.9863605661035448
1648.073820226448,1.007346109368215,1648.073820226448,1.001195763177551,1648.062709343579,0.9949292947147472,1648.0238212507468,0.9952786839762942
1648.075209086806,1.0087337320397067,1648.075209086806,1.0011980801520008,1648.0640982039383,0.9942032362911832,1648.0252101115714,1.0053938473239494
1648.0765979476298,0.9810848065716978,1648.0765979476298,1.0012928219468595,1648.0654870642963,0.9969128102540068,1648.0265989719298,1.0027185238355334
1648.0779868079892,1.0140331735093016,1648.0779868079892,1.0013972802059048,1648.0668759246544,1.0022566587698385,1648.0279878322888,0.998257442572152
1648.0793756683477,1.0104695454424362,1648.0793756683477,1.0014954928955264,1648.0682647850133,0.980317078499936,1648.0293766926466,1.0082890450890285
1648.0807645287057,0.9841664681267904,1648.0807645287057,1.0016000845639004,1648.0696536453718,1.004007735788054,1648.03076555347,1.0037554182228186
1648.0821533890642,1.0091019957830143,1648.0821533890642,1.00171526616537,1648.0710425057307,0.9973643485434984,1648.0321544138294,0.9831389561539712
1648.083542249423,0.9974623009748057,1648.083542249423,1.001767676641232,1648.0724313660892,1.0107530999476175,1648.0335432741888,1.0072092945804991
1648.084931109781,0.9987844986464928,1648.084931109781,1.0018860222929826,1648.073820226448,1.0085506567528468,1648.0349321345468,0.9961537061465918
1648.0863199701396,1.0171236163408497,1648.0863199701396,1.0019953735292113,1648.075209086806,1.0099422759027172,1648.0363209949048,0.9891336497400192
1648.087708830499,0.9897520328339008,1648.087708830499,1.001981117749019,1648.0765979476298,0.9823531745413642,1648.0377098557294,0.9862169378578496
1648.089097690857,1.0083172924712531,1648.089097690857,1.0020704028592609,1648.0779868079892,1.015450061990777,1648.0390987160874,1.0055276651322511
1648.090486551215,1.0036967966245085,1648.090486551215,1.0021483919031493,1648.0793756683477,1.011980695468791,1648.040487576446,1.0014250090595946
1648.091875411574,1.0125286751941722,1648.091875411574,1.0021907719237673,1648.0807645287057,0.9857412177007484,1648.0418764368053,1.002323524645755
1648.0932642719324,1.012251747191024,1648.0932642719324,1.0022988283932848,1648.0821533890642,1.0108328742937884,1648.043265297163,1.0120201093313008
1648.0946531322911,0.9850467733437502,1648.0946531322911,1.0023564930089772,1648.083542249423,0.9992254917847484,1648.044654157987,0.9937530749051852
1648.0960419926498,1.0087422378126634,1648.0960419926498,1.0024263866626573,1648.084931109781,1.0006682284768256,1648.0460430183457,0.9955165440548448
1648.0974308530078,0.9936340081793505,1648.0974308530078,1.0025082132186685,1648.0863199701396,1.019153157880832,1648.0474318787044,0.9978493627991828
1648.098819713366,0.9928506065406666,1648.098819713366,1.0025929111740302,1648.087708830499,0.9917128481532757,1648.0488207390629,0.9956376255058292
1648.1002085737243,1.0018689271634504,1648.1002085737243,1.0027136715104916,1648.089097690857,1.0104049154766277,1648.0502095994218,1.0088116660213866
1648.1015974340835,0.9959016890283844,1648.1015974340835,1.0027112631295805,1648.090486551215,1.0058531306955936,1648.0515984597805,0.9927788296268668
1648.1029862944426,0.9979434278200786,1648.1029862944426,1.0027881063760884,1648.091875411574,1.0147468945877969,1648.052987320604,0.993985513426229
1648.104375154801,1.0004825181289325,1648.104375154801,1.0027505010113567,1648.0932642719324,1.0145787402486188,1648.054376180962,0.9939927421695712
1648.1057640151591,0.9886956107709572,1648.1057640151591,1.0028018423784575,1648.0946531322911,0.9873680291786504,1648.0557650413214,0.9843069145425708
1648.1071528755172,0.9915213440637493,1648.1071528755172,1.0028740705964623,1648.0960419926498,1.011189836524551,1648.0571539016803,1.0127776644222852
1648.108541735876,1.0133126840211304,1648.108541735876,1.0029915075679845,1648.0974308530078,0.9961262541331846,1648.0585427620383,1.0027300554022938
1648.1099305962357,1.0024164967586409,1648.1099305962357,1.0030214250131695,1648.098819713366,0.9954249799725085,1648.0599316223968,1.0098443436417222
1648.1113194565933,0.9976742663774374,1648.1113194565933,1.0030995333316086,1648.1002085737243,1.0045876703283407,1648.0613204827548,0.9938656367658018
1648.112708316951,1.0135638464931047,1648.112708316951,1.0032079037970874,1648.1015974340835,0.998601840558534,1648.062709343579,0.9949292947147472
1648.11409717731,0.9972741221622875,1648.11409717731,1.0032026690537248,1648.1029862944426,1.0007258002541592,1648.0640982039383,0.9942032362911832
1648.1154860376685,1.011738850729361,1648.1154860376685,1.0032516224255688,1648.104375154801,1.003234346306891,1648.0654870642963,0.9969128102540068
1648.1168748980274,1.0138147998469043,1648.1168748980274,1.0033173612898598,1648.1057640151591,0.9914657800326102,1648.0668759246544,1.0022566587698385
1648.118263758386,0.9936024263656804,1648.118263758386,1.0032977473341262,1648.1071528755172,0.9943710464044876,1648.0682647850133,0.980317078499936
1648.1196526187448,1.001250136251543,1648.1196526187448,1.0033884602360392,1648.108541735876,1.0163440165841142,1648.0696536453718,1.004007735788054
1648.1210414791028,1.021144190151624,1648.1210414791028,1.003442754765307,1648.1099305962357,1.005445223035561,1648.0710425057307,0.9973643485434984
1648.1224303394608,0.9925968248792266,1648.1224303394608,1.0034745167994297,1648.1113194565933,1.0007665910201624,1648.0724313660892,1.0107530999476175
1648.1238191998193,1.0016296821163035,1648.1238191998193,1.0035466004077507,1648.112708316951,1.0168152618048605,1648.073820226448,1.0085506567528468
1648.1252080601782,0.9842790763249135,1648.1252080601782,1.0036075316491435,1648.11409717731,1.0004680611314172,1648.075209086806,1.0099422759027172
1648.126596920071,1.014043738779056,1648.126596920071,1.003705603568226,1648.1154860376685,1.0150286434652118,1648.0765979476298,0.9823531745413642
1648.1279857804295,0.995852369098819,1648.1279857804295,1.0037018944354545,1648.1168748980274,1.0171779898190034,1648.0779868079892,1.015450061990777
1648.1293746407875,1.0226287349908558,1648.1293746407875,1.0037923893082161,1648.118263758386,0.9968790761184092,1648.0793756683477,1.011980695468791
1648.1307635011456,1.0199705936238985,1648.1307635011456,1.0039004253168091,1648.1196526187448,1.0046428325245602,1648.0807645287057,0.9857412177007484
1648.132152361505,1.0159786993901416,1648.132152361505,1.0039407308659356,1648.1210414791028,1.0246597391783343,1648.0821533890642,1.0108328742937884
1648.1335412218643,1.0125715587179664,1648.1335412218643,1.0040579242247756,1648.1224303394608,0.99604561922233,1648.083542249423,0.9992254917847484
1648.1349300822224,1.0147936038370624,1648.1349300822224,1.00415896077285,1648.1238191998193,1.0051820623553125,1648.084931109781,1.0006682284768256
1648.1363189425804,1.0078696393451794,1648.1363189425804,1.0042329898887594,1648.1252080601782,0.9878298942443454,1648.0863199701396,1.019153157880832
1648.1377078029393,1.009796217072714,1648.1377078029393,1.0042920371912643,1648.126596920071,1.0178013828758128,1648.087708830499,0.9917128481532757
1648.1390966628317,1.018602565165436,1648.1390966628317,1.0043603501221243,1648.1279857804295,0.9995389094425202,1648.089097690857,1.0104049154766277
1648.14048552319,1.0097252940164185,1648.14048552319,1.0043569535939407,1648.1293746407875,1.0265069412717098,1648.090486551215,1.0058531306955936
1648.1418743835495,0.9904760589351118,1648.1418743835495,1.0043587793169542,1648.1307635011456,1.02394891274967,1648.091875411574,1.0147468945877969
1648.1432632439075,1.0209324346372197,1648.1432632439075,1.004392483966239,1648.132152361505,1.0199823980099614,1648.0932642719324,1.0145787402486188
1648.1446521042656,1.018108837465579,1648.1446521042656,1.0043907176288187,1648.1335412218643,1.0166804973754069,1648.0946531322911,0.9873680291786504
1648.146040964624,0.9865989913096874,1648.146040964624,1.0043604343395454,1648.1349300822224,1.01901409062796,1648.0960419926498,1.011189836524551
1648.1474298249834,0.9966156752883095,1648.1474298249834,1.0044054062650587,1648.1363189425804,1.0121359413377151,1648.0974308530078,0.9961262541331846
1648.1488186848767,0.9878645142462249,1648.1488186848767,1.0044691651851776,1648.1377078029393,1.014130299991988,1648.098819713366,0.9954249799725085
1648.1502075452347,0.9820388743529433,1648.1502075452347,1.004529112434252,1648.1390966628317,1.0230440289848513,1648.1002085737243,1.0045876703283407
1648.1515964055932,0.9905468582209249,1648.1515964055932,1.004618344509575,1648.14048552319,1.0141246202650762,1648.1015974340835,0.998601840558534
1648.1529852659512,0.9939734412578572,1648.1529852659512,1.00471966385404,1648.1418743835495,0.9947933254947364,1648.1029862944426,1.0007258002541592
1648.1543741263092,0.9969779524998805,1648.1543741263092,1.0047607481637617,1648.1432632439075,1.0254168639869772,1648.104375154801,1.003234346306891
1648.1557629866686,1.0086520065461384,1648.1557629866686,1.0048148771136334,1648.1446521042656,1.0225790658862952,1648.1057640151591,0.9914657800326102
1648.157151846562,0.9989527116976109,1648.157151846562,1.0048978510532285,1648.146040964624,0.990900991430755,1648.1071528755172,0.9943710464044876
1648.1585407069197,1.0046886030501514,1648.1585407069197,1.004967993729977,1648.1474298249834,1.0010061722280803,1648.108541735876,1.0163440165841142
1648.1599295672784,1.0118315291069073,1648.1599295672784,1.0050527771511555,1648.1488186848767,0.9922794439409665,1648.1099305962357,1.005445223035561
1648.1613184276364,1.015194190744279,1648.1613184276364,1.0050987642844258,1648.1502075452347,0.986486638829694,1648.1113194565933,1.0007665910201624
1648.1627072879949,1.001248353326922,1648.1627072879949,1.0050464875434462,1648.1515964055932,0.9951215448650664,1648.112708316951,1.0168152618048605
1648.1640961478886,0.9857358262426427,1648.1640961478886,1.0051469317785138,1648.1529852659512,0.9986646617804378,1648.11409717731,1.0004680611314172
1648.1654850082475,1.0193437631886262,1648.1654850082475,1.005149330569734,1648.1543741263092,1.0017243134565552,1648.1154860376685,1.0150286434652118
1648.1668738686055,1.0065684798923467,1648.1668738686055,1.0051634167756798,1648.1557629866686,1.0135085420080778,1648.1168748980274,1.0171779898190034
1648.1682627289636,0.9908608728702736,1648.1682627289636,1.0051773307218383,1648.157151846562,1.0038454332887246,1648.118263758386,0.9968790761184092
1648.169651589322,0.9923572484079074,1648.169651589322,1.0052794579600226,1648.1585407069197,1.0096798897306838,1648.1196526187448,1.0046428325245602
1648.1710404492153,0.9886685651488323,1648.1710404492153,1.0052941522966752,1648.1599295672784,1.0169440883379974,1648.1210414791028,1.0246597391783343
1648.1724293095738,1.0041560046605813,1648.1724293095738,1.0053083685248967,1648.1613184276364,1.0203704266258025,1648.1224303394608,0.99604561922233
1648.1738181699327,1.0022576665175855,1648.1738181699327,1.005358968525897,1648.1627072879949,1.0063011406698823,1648.1238191998193,1.0051820623553125
1648.1752070302905,0.9990572663210016,1648.1752070302905,1.0054144269189638,1648.1640961478886,0.9908093412919504,1648.1252080601782,0.9878298942443454
1648.1765958901826,1.0037651570455195,1648.1765958901826,1.0055024581351053,1648.1654850082475,1.024592701189481,1648.126596920071,1.0178013828758128
1648.177984750542,1.0089369124206313,1648.177984750542,1.0056010656930099,1648.1668738686055,1.0117658124672932,1648.1279857804295,0.9995389094425202
1648.1793736109014,1.0035586515274681,1648.1793736109014,1.0056307296858868,1648.1682627289636,0.9959908873084524,1648.1293746407875,1.0265069412717098
1648.1807624712594,1.0121930058129456,1648.1807624712594,1.0056742139381938,1648.169651589322,0.9975963567822006,1648.1307635011456,1.02394891274967
1648.1821513311518,1.0029791471601077,1648.1821513311518,1.0057426928185118,1648.1710404492153,0.9939027271036656,1648.132152361505,1.0199823980099614
1648.1835401915107,1.0195620612068585,1648.1835401915107,1.0057241523086649,1648.1724293095738,1.0094864347898076,1648.1335412218643,1.0166804973754069
1648.1849290518687,0.9907805309646773,1648.1849290518687,1.0057322989050688,1648.1738181699327,1.0076287338072922,1648.1349300822224,1.01901409062796
1648.1863179122272,0.9946655190815995,1648.1863179122272,1.0057650528347477,1648.1752070302905,1.0044665888773563,1648.1363189425804,1.0121359413377151
1648.187706772121,1.0034965298865979,1648.187706772121,1.0058506041082833,1648.1765958901826,1.0092883327996398,1648.1377078029393,1.014130299991988
1648.189095632479,1.0076503167945112,1648.189095632479,1.0058264732611102,1648.177984750542,1.0145880343472018,1648.1390966628317,1.0230440289848513
1648.190484492837,0.997213566973549,1648.190484492837,1.0057509243108782,1648.1793736109014,1.0092094190181524,1648.14048552319,1.0141246202650762
1648.1918733527298,1.0061128018753744,1648.1918733527298,1.0058082928389172,1648.1807624712594,1.0179364054746716,1648.1418743835495,0.9947933254947364
1648.1932622130887,0.9887410345285418,1648.1932622130887,1.0057887303724415,1648.1821513311518,1.0087389483056213,1648.1432632439075,1.0254168639869772
1648.1946510734472,1.0014080550300186,1648.1946510734472,1.0057906763783648,1648.1835401915107,1.0253981897333428,1648.1446521042656,1.0225790658862952
1648.1960399333404,1.0081558991280033,1648.1960399333404,1.0057988816324765,1648.1849290518687,0.9964599811174896,1648.146040964624,0.990900991430755
1648.197428793699,0.9861236694734251,1648.197428793699,1.0058080660690005,1648.1863179122272,1.0003998183520066,1648.1474298249834,1.0010061722280803
1648.198817654057,1.0090861293407947,1648.198817654057,1.0059058063285216,1648.187706772121,1.0093675908070006,1648.1488186848767,0.9922794439409665
1648.2002065139493,0.9902668443091415,1648.2002065139493,1.005878676999993,1648.189095632479,1.0135213644218637,1648.1502075452347,0.986486638829694
1648.201595374309,1.0241870205915091,1648.201595374309,1.0059248907612992,1648.190484492837,1.0029484667189947,1648.1515964055932,0.9951215448650664
1648.2029842346676,0.996607781366287,1648.2029842346676,1.0059951963223814,1648.1918733527298,1.01195659965765,1648.1529852659512,0.9986646617804378
1648.20437309456,1.0071589967576764,1648.20437309456,1.0060200517924318,1648.1932622130887,0.9944645897855964,1648.1543741263092,1.0017243134565552
1648.2057619549184,0.9995644478216734,1648.2057619549184,1.0060308166795324,1648.1946510734472,1.0072068849993852,1648.1557629866686,1.0135085420080778
1648.2071508152765,1.0101788683480637,1648.2071508152765,1.006086158845679,1648.1960399333404,1.0140020758541295,1648.157151846562,1.0038454332887246
1648.2085396751693,1.0148137119565366,1648.2085396751693,1.0060808201655682,1648.197428793699,0.991851140897932,1648.1585407069197,1.0096798897306838
1648.209928535529,1.0126895135381548,1648.209928535529,1.006134515438357,1648.198817654057,1.015045596589479,1648.1599295672784,1.0169440883379974
1648.2113173958876,0.9901254078034138,1648.2113173958876,1.0061961932454158,1648.2002065139493,0.9960883032306372,1648.1613184276364,1.0203704266258025
1648.21270625578,0.9984688242604562,1648.21270625578,1.006201662013348,1648.201595374309,1.0302552168076544,1648.1627072879949,1.0063011406698823
1648.214095116138,1.0244163871108325,1648.214095116138,1.0062164654629755,1648.2029842346676,1.0025826406719909,1648.1640961478886,0.9908093412919504
1648.2154839764964,1.0045076963390445,1648.2154839764964,1.0062177202396847,1648.20437309456,1.0132221460813713,1648.1654850082475,1.024592701189481
1648.2168728363897,1.014120357065735,1648.2168728363897,1.0062103960595328,1648.2057619549184,1.005592637765864,1648.1668738686055,1.0117658124672932
1648.2182616967482,1.028069942569286,1648.2182616967482,1.0061942623510836,1648.2071508152765,1.0163269774033783,1648.1682627289636,0.9959908873084524
1648.2196505566417,0.9967610378299785,1648.2196505566417,1.0061881955714602,1648.2085396751693,1.020984611640497,1648.169651589322,0.9975963567822006
1648.2210394169992,0.9858367879759256,1648.2210394169992,1.0061619515323628,1648.209928535529,1.0189018729932169,1648.1710404492153,0.9939027271036656
1648.222428277357,0.9817831085061473,1648.222428277357,1.0061621387846695,1648.2113173958876,0.9962604161673598,1648.1724293095738,1.0094864347898076
1648.2238171372508,1.000597440449404,1648.2238171372508,1.0062365363416366,1648.21270625578,1.0046609904393846,1648.1738181699327,1.0076287338072922
1648.2252059976097,1.018955562158516,1648.2252059976097,1.0062370534059184,1648.214095116138,1.0307846362010131,1648.1752070302905,1.0044665888773563
1648.226594857502,0.9856102378837246,1648.226594857502,1.006234665404023,1648.2154839764964,1.010753444173491,1648.1765958901826,1.0092883327996398
1648.2279837178603,0.9996316107351104,1648.2279837178603,1.006241202559115,1648.2168728363897,1.020418446135148,1648.177984750542,1.0145880343472018
1648.2293725782197,1.0146916199641518,1648.2293725782197,1.006267349749222,1648.2182616967482,1.0344380775088236,1648.1793736109014,1.0092094190181524
1648.2307614381118,1.0175917749747192,1648.2307614381118,1.006186855683555,1648.2196505566417,1.002929190070082,1648.1807624712594,1.0179364054746716
1648.2321502984703,1.0130429154501444,1648.2321502984703,1.0062075014599647,1648.2210394169992,0.9919114664822534,1648.1821513311518,1.0087389483056213
1648.233539158364,1.030157572890014,1648.233539158364,1.0062607489121904,1648.222428277357,0.9878329922772064,1648.1835401915107,1.0253981897333428
1648.234928018722,1.017755124943222,1648.234928018722,1.0062881599265465,1648.2238171372508,1.0068377027501152,1648.1849290518687,0.9964599811174896
1648.2363168786144,0.9984232935340402,1648.2363168786144,1.00630400345513,1648.2252059976097,1.0253108424179562,1648.1863179122272,1.0003998183520066
1648.237705738973,1.0213639514237989,1648.237705738973,1.006271286662218,1648.226594857502,0.9917551879357092,1648.187706772121,1.0093675908070006
1648.239094598866,1.0062978253871409,1648.239094598866,1.0062140314126933,1648.2279837178603,1.0058705141022026,1648.189095632479,1.0135213644218637
1648.2404834592246,1.0099219596267575,1648.2404834592246,1.0062851708443905,1648.2293725782197,1.021051047234072,1648.190484492837,1.0029484667189947
1648.2418723195835,1.0172832992347298,1648.2418723195835,1.0063138953873139,1648.2307614381118,1.0238874684312602,1648.1918733527298,1.01195659965765
1648.243261179476,1.012355069997195,1648.243261179476,1.0063120226292592,1648.2321502984703,1.019331380826808,1648.1932622130887,0.9944645897855964
1648.244650039834,1.0033827450089312,1648.244650039834,1.0063730024018707,1648.233539158364,1.03660713079387,1648.1946510734472,1.0072068849993852
1648.2460388997267,1.0076213691183318,1648.2460388997267,1.006402477396345,1648.234928018722,1.0241549319349272,1648.1960399333404,1.0140020758541295
1648.247427760086,1.0026687645705734,1648.247427760086,1.0063865223688524,1648.2363168786144,1.0047173574261612,1648.197428793699,0.991851140897932
1648.2488166199794,1.004027064014004,1648.2488166199794,1.0063346996456268,1648.237705738973,1.0277692175496334,1648.198817654057,1.015045596589479
1648.2502054803374,0.9980638275847047,1648.2502054803374,1.006387245806042,1648.239094598866,1.0125509916846216,1648.2002065139493,0.9960883032306372
1648.2515943402302,1.0035951759170032,1648.2515943402302,1.0063692948397194,1648.2404834592246,1.0162694916825132,1648.201595374309,1.0302552168076544
1648.2529832005882,0.9891951258752255,1648.2529832005882,1.006351056970578,1648.2418723195835,1.0237063195653595,1648.2029842346676,1.0025826406719909
1648.254372060481,1.0079423053800358,1648.254372060481,1.0063513147976737,1648.243261179476,1.0187450781078626,1648.20437309456,1.0132221460813713
1648.2557609208404,0.993974161398132,1648.2557609208404,1.0062828840721574,1648.244650039834,1.0097773056528687,1648.2057619549184,1.005592637765864
1648.2571497807328,1.0131181056026246,1648.2571497807328,1.0062931950393457,1648.2460388997267,1.014072642158186,1648.2071508152765,1.0163269774033783
1648.2585386410908,1.0216506216867427,1648.2585386410908,1.006342793660496,1648.247427760086,1.009072331064053,1648.2085396751693,1.020984611640497
1648.259927500984,1.0148347254572039,1648.259927500984,1.0063445717116282,1648.2488166199794,1.0103872739006134,1648.209928535529,1.0189018729932169
1648.2613163613426,1.004836283021228,1648.2613163613426,1.0063325657475735,1648.2502054803374,1.0044387065816074,1648.2113173958876,0.9962604161673598
1648.2627052212358,1.014595183201417,1648.2627052212358,1.0062438249259358,1648.2515943402302,1.0099873694921386,1648.21270625578,1.0046609904393846
1648.2640940815943,1.020215513834938,1648.2640940815943,1.0062393895894635,1648.2529832005882,0.9954775604746772,1648.214095116138,1.0307846362010131
1648.2654829414876,1.008728009919141,1648.2654829414876,1.0062316996664162,1648.254372060481,1.0143440642593975,1648.2154839764964,1.010753444173491
1648.26687180138,0.9957597990076491,1648.26687180138,1.0062142667809433,1648.2557609208404,1.0002191858249163,1648.2168728363897,1.020418446135148
1648.268260661738,1.0160139172560898,1648.268260661738,1.0062580529383263,1648.2571497807328,1.0194938554390742,1648.2182616967482,1.0344380775088236
1648.2696495216317,1.011641904705848,1648.2696495216317,1.0062150036022655,1648.2585386410908,1.0281307407732192,1648.2196505566417,1.002929190070082
1648.27103838199,1.0139771376625375,1648.27103838199,1.0061915196299216,1648.259927500984,1.0212734171483175,1648.2210394169992,0.9919114664822534
1648.2724272418825,0.9855121062032074,1648.2724272418825,1.0061378630478555,1648.2613163613426,1.0111994748490074,1648.222428277357,0.9878329922772064
1648.273816102241,0.9942720155444308,1648.273816102241,1.0061441500369088,1648.2627052212358,1.0209301378960245,1648.2238171372508,1.0068377027501152
1648.275204962133,1.0075786482114277,1648.275204962133,1.0061424582923348,1648.2640940815943,1.0265810358909688,1648.2252059976097,1.0253108424179562
1648.2765938220257,1.0011547800707443,1648.2765938220257,1.0060877589142783,1648.2654829414876,1.0150140999220587,1648.226594857502,0.9917551879357092
1648.277982682385,0.9997047013751738,1648.277982682385,1.006058568268493,1648.26687180138,1.0019477160484211,1648.2279837178603,1.0058705141022026
1648.2793715422788,1.0016300011552428,1648.2793715422788,1.006041723307652,1648.268260661738,1.0223721861363546,1648.2293725782197,1.021051047234072
1648.2807604026368,1.0129574562841788,1648.2807604026368,1.0059977649334249,1648.2696495216317,1.0179292627877976,1648.2307614381118,1.0238874684312602
1648.2821492625292,1.001322994913806,1648.2821492625292,1.0059535504466128,1648.27103838199,1.0202551970146667,1648.2321502984703,1.019331380826808
1648.283538122888,1.0130885423578182,1648.283538122888,1.0059529657431325,1648.2724272418825,0.9915610445430862,1648.233539158364,1.03660713079387
1648.2849269827802,1.0007924614714077,1648.2849269827802,1.0058947902271664,1648.273816102241,1.0003809719854355,1648.234928018722,1.0241549319349272
1648.2863158426733,1.0020559584185167,1648.2863158426733,1.005900567118162,1648.275204962133,1.0137676580343136,1648.2363168786144,1.0047173574261612
1648.287704703033,1.0002658463029797,1648.287704703033,1.0059151360364542,1648.2765938220257,1.0072495690076924,1648.237705738973,1.0277692175496334
1648.289093562925,1.0120772397009001,1648.289093562925,1.0060165316191685,1648.277982682385,1.0057614805567887,1648.239094598866,1.0125509916846216
1648.2904824228174,0.9915093204019191,1648.2904824228174,1.005962884635964,1648.2793715422788,1.007681572478866,1648.2404834592246,1.0162694916825132
1648.291871283176,1.0046170501243739,1648.291871283176,1.0059906653722235,1648.2807604026368,1.0190329369945312,1648.2418723195835,1.0237063195653595
1648.2932601430696,1.0100247052916806,1648.2932601430696,1.0059636651684354,1648.2821492625292,1.0072844218773789,1648.243261179476,1.0187450781078626
1648.2946490034285,1.0072603751539626,1648.2946490034285,1.0058863324872926,1648.283538122888,1.0191194237452343,1648.244650039834,1.0097773056528687
1648.2960378633209,1.0024164024244973,1648.2960378633209,1.0059091371275826,1648.2849269827802,1.0066919230927112,1648.2460388997267,1.014072642158186
1648.2974267232137,0.9851251030524572,1648.2974267232137,1.0058969081323312,1648.2863158426733,1.0079686568573194,1648.247427760086,1.009072331064053
1648.2988155835717,1.0069650898116613,1648.2988155835717,1.005950983494989,1648.287704703033,1.006182554856481,1648.2488166199794,1.0103872739006134
1648.300204443464,1.0145516947909918,1648.300204443464,1.005952079326215,1648.289093562925,1.0181664344146013,1648.2502054803374,1.0044387065816074
1648.3015933033578,1.0011178456762035,1648.3015933033578,1.0059128983726302,1648.2904824228174,0.9974215760949589,1648.2515943402302,1.0099873694921386
1648.3029821637165,0.9946988052312727,1648.3029821637165,1.0059078006616848,1648.291871283176,1.0106353746988992,1648.2529832005882,0.9954775604746772
1648.3043710236086,1.0007169492553432,1648.3043710236086,1.005902843244762,1648.2932601430696,1.016048154445888,1648.254372060481,1.0143440642593975
1648.305759883502,1.0079941324314112,1648.305759883502,1.0058923383408753,1648.2946490034285,1.013189444623394,1648.2557609208404,1.0002191858249163
1648.30714874386,1.009082311321118,1648.30714874386,1.0059112326857165,1648.2960378633209,1.0083398184053616,1648.2571497807328,1.0194938554390742
1648.3085376037527,1.007709014369861,1648.3085376037527,1.0058669471752208,1648.2974267232137,0.9909342952840108,1648.2585386410908,1.0281307407732192
1648.3099264636464,1.0023520594980002,1648.3099264636464,1.0058800410938753,1648.2988155835717,1.0129575224411604,1648.259927500984,1.0212734171483175
1648.3113153240054,1.0058441410352084,1648.3113153240054,1.005797687804503,1648.300204443464,1.020590386958934,1648.2613163613426,1.0111994748490074
1648.3127041838975,1.0024216077005579,1648.3127041838975,1.0057966030208396,1648.3015933033578,1.0070373537567134,1648.2627052212358,1.0209301378960245
1648.31409304379,1.0247301985324249,1648.31409304379,1.005879350677507,1648.3029821637165,1.0005752874909952,1648.2640940815943,1.0265810358909688
1648.315481903683,1.0163876916396384,1648.315481903683,1.005869376540809,1648.3043710236086,1.006624024539174,1648.2654829414876,1.0150140999220587
1648.3168707640418,1.0033933880526131,1648.3168707640418,1.0058876160818053,1648.305759883502,1.0139335749053142,1648.26687180138,1.0019477160484211
1648.3182596239346,0.9959089499071514,1648.3182596239346,1.0058440047714265,1648.30714874386,1.0150472316623778,1648.268260661738,1.0223721861363546
1648.3196484838277,1.004615786447444,1648.3196484838277,1.005857014585241,1648.3085376037527,1.0136211899251628,1648.2696495216317,1.0179292627877976
1648.3210373441857,1.0110569583943123,1648.3210373441857,1.0058245354830189,1648.3099264636464,1.008245930798379,1648.27103838199,1.0202551970146667
1648.3224262040778,0.993607949245315,1648.3224262040778,1.0058010049099282,1648.3113153240054,1.0116757113449188,1648.2724272418825,0.9915610445430862
1648.3238150639716,1.005462805757935,1648.3238150639716,1.0056947168440933,1648.3127041838975,1.00823224781991,1648.273816102241,1.0003809719854355
1648.3252039238653,0.9965913529969368,1648.3252039238653,1.0056172428691827,1648.31409304379,1.0307549467194284,1648.275204962133,1.0137676580343136
1648.3265927842233,1.00431241642573,1648.3265927842233,1.005605685427074,1648.315481903683,1.022353253713315,1648.2765938220257,1.0072495690076924
1648.3279816441157,1.0106681466062999,1648.3279816441157,1.0056199600738378,1648.3168707640418,1.0093009831004889,1648.277982682385,1.0057614805567887
1648.329370504009,1.0052035661274021,1648.329370504009,1.0055197786095913,1648.3182596239346,1.0017290465623152,1648.2793715422788,1.007681572478866
1648.3307593639013,1.01718941043346,1648.3307593639013,1.0054352086175207,1648.3196484838277,1.01049983576123,1648.2807604026368,1.0190329369945312
1648.3321482242598,1.0127354077450639,1648.3321482242598,1.005465549001174,1648.3210373441857,1.016945895523833,1648.2821492625292,1.0072844218773789
1648.3335370841537,0.9950840893469329,1648.3335370841537,1.0054343521026776,1648.3224262040778,0.9993718738374308,1648.283538122888,1.0191194237452343
1648.3349259440458,1.0131133962318726,1648.3349259440458,1.0054029176565091,1648.3238150639716,1.011188631733994,1648.2849269827802,1.0066919230927112
1648.3363148039382,1.0289878832316237,1648.3363148039382,1.005365066545761,1648.3252039238653,1.002189448668048,1648.2863158426733,1.0079686568573194
1648.337703663831,0.9834283518448053,1648.337703663831,1.0052503207252348,1648.3265927842233,1.0099422759027172,1648.287704703033,1.006182554856481
1648.33909252419,1.0158893532489355,1648.33909252419,1.0052431813612515,1648.3279816441157,1.016348061238127,1648.289093562925,1.0181664344146013
1648.3404813840828,1.0006060648666413,1648.3404813840828,1.0051622695702587,1648.329370504009,1.010752067269997,1648.2904824228174,0.9974215760949589
1648.341870243976,0.9938783094828759,1648.341870243976,1.0050966334370384,1648.3307593639013,1.0227180470826986,1648.291871283176,1.0106353746988992
1648.3432591038688,1.011013132903093,1648.3432591038688,1.0050595902875046,1648.3321482242598,1.0182705627413184,1648.2932601430696,1.016048154445888
1648.3446479642269,1.0003434091522803,1648.3446479642269,1.0049921847100365,1648.3335370841537,1.0004917266602165,1648.2946490034285,1.013189444623394
1648.3460368241192,1.00152844953285,1648.3460368241192,1.0049907890842997,1648.3349259440458,1.0185871644884197,1648.2960378633209,1.0083398184053616
1648.347425684013,1.0086503796757593,1648.347425684013,1.0049487413665408,1648.3363148039382,1.034508471699943,1648.2974267232137,0.9909342952840108
1648.3488145439062,1.0026544658007768,1648.3488145439062,1.004925308396512,1648.337703663831,0.9885916661022796,1648.2988155835717,1.0129575224411604
1648.3502034037983,1.0179375531013397,1648.3502034037983,1.0049297542188949,1648.33909252419,1.021215845370984,1648.300204443464,1.020590386958934
1648.3515922636914,1.007920054905033,1648.3515922636914,1.0048707528249352,1648.3404813840828,1.0057714631071186,1648.3015933033578,1.0070373537567134
1648.3529811240494,1.0095438143075406,1648.3529811240494,1.0048373002613185,1648.341870243976,0.9989437429073336,1648.3029821637165,1.0005752874909952
1648.3543699839422,0.9934057203167739,1648.3543699839422,1.0048084755037574,1648.3432591038688,1.016128445130869,1648.3043710236086,1.006624024539174
1648.355758843836,0.9958352464990825,1648.355758843836,1.0047539019252822,1648.3446479642269,1.005337308224236,1648.305759883502,1.0139335749053142
1648.3571477037283,1.009098445878374,1648.3571477037283,1.0048034727952548,1648.3460368241192,1.0065268667863942,1648.30714874386,1.0150472316623778
1648.3585365636206,1.014077334893364,1648.3585365636206,1.004785823266948,1648.347425684013,1.0136419295340378,1648.3085376037527,1.0136211899251628
1648.359925423514,1.010498499714766,1648.359925423514,1.0047241728846938,1648.3488145439062,1.0075928482599856,1648.3099264636464,1.008245930798379
1648.3613142838724,1.0023839841488362,1648.3613142838724,1.004707120540734,1648.3502034037983,1.0229557350483125,1648.3113153240054,1.0116757113449188
1648.3627031437657,1.0120367249629736,1648.3627031437657,1.00474763805129,1648.3515922636914,1.0128293843597704,1648.3127041838975,1.00823224781991
1648.3640920036585,0.9853909027805712,1648.3640920036585,1.004688588702569,1648.3529811240494,1.014427280864303,1648.31409304379,1.0307549467194284
1648.3654808635515,0.9970285333483498,1648.3654808635515,1.0046574694033918,1648.3543699839422,0.9981824873882096,1648.315481903683,1.022353253713315
1648.366869723444,1.0087579230957677,1648.366869723444,1.004636179161898,1648.355758843836,1.0005693495946784,1648.3168707640418,1.0093009831004889
1648.368258583336,1.003043078432633,1648.368258583336,1.0046194454362902,1648.3571477037283,1.0139456228108847,1648.3182596239346,1.0017290465623152
1648.3696474432295,1.0087036979280695,1648.3696474432295,1.00462227578913,1648.3585365636206,1.0189305297971814,1648.3196484838277,1.01049983576123
1648.371036303123,1.0041747414062265,1648.371036303123,1.0046036782446284,1648.359925423514,1.0152722693271423,1648.3210373441857,1.016945895523833
1648.3724251630154,1.0111866595066787,1648.3724251630154,1.004517336365364,1648.3613142838724,1.007102326390326,1648.3224262040778,0.9993718738374308
1648.3738140233738,1.0026709200594168,1648.3738140233738,1.0045246544578303,1648.3627031437657,1.0168415090277108,1648.3238150639716,1.011188631733994
1648.375202883267,1.001823582907151,1648.375202883267,1.004448190171482,1648.3640920036585,0.9900109954349624,1648.3252039238653,1.002189448668048
1648.3765917431597,1.009885660907496,1648.3765917431597,1.0045785419707187,1648.3654808635515,1.0016721632367285,1648.3265927842233,1.0099422759027172
1648.3779806030525,0.9854740634890279,1648.3779806030525,1.004563462422978,1648.366869723444,1.0134347055582238,1648.3279816441157,1.016348061238127
1648.379369462946,1.00634510997465,1648.379369462946,1.0045944949072165,1648.368258583336,1.0076765812037012,1648.329370504009,1.010752067269997
1648.3807583228383,1.0128736641431744,1648.3807583228383,1.00454052976823,1648.3696474432295,1.0133662046094083,1648.3307593639013,1.0227180470826986
1648.3821471827307,0.9998840981133932,1648.3821471827307,1.0044212170308389,1648.371036303123,1.0087976388170437,1648.3321482242598,1.0182705627413184
1648.3835360426235,1.014429838035987,1648.3835360426235,1.004413087919079,1648.3724251630154,1.0157545297758392,1648.3335370841537,1.0004917266602165
1648.3849249025168,1.0146007695924788,1648.3849249025168,1.004371693514583,1648.3738140233738,1.0072076595076005,1648.3349259440458,1.0185871644884197
1648.3863137624096,1.002644055442115,1648.3863137624096,1.0043398280121645,1648.375202883267,1.0062798847221972,1648.3363148039382,1.034508471699943
1648.3877026223029,0.9995206583057813,1648.3877026223029,1.0042992116479945,1648.3765917431597,1.014509464791588,1648.337703663831,0.9885916661022796
1648.3890914821952,1.0033470844533812,1648.3890914821952,1.00428717884843,1648.3779806030525,0.9899712373465795,1648.33909252419,1.021215845370984
1648.3904803420876,0.9864888870264743,1648.3904803420876,1.0042415347309916,1648.379369462946,1.010968757457331,1648.3404813840828,1.0057714631071186
1648.3918692019804,0.9909055498265921,1648.3918692019804,1.0042429648476399,1648.3807583228383,1.0174726471666726,1648.341870243976,0.9989437429073336
1648.393258061874,0.9935321223036135,1648.393258061874,1.0042708553025341,1648.3821471827307,1.004304802716837,1648.3432591038688,1.016128445130869
1648.394646922233,0.9882469546968299,1648.394646922233,1.0041491529806246,1648.3835360426235,1.0189066060989769,1648.3446479642269,1.005337308224236
1648.3960357821254,0.9939978940173154,1648.3960357821254,1.004112463284471,1648.3849249025168,1.0190362931967971,1648.3460368241192,1.0065268667863942
1648.3974246420182,1.0078017278578504,1648.3974246420182,1.0041106675283902,1648.3863137624096,1.006995358200153,1648.347425684013,1.0136419295340378
1648.3988135019106,1.003514796578005,1648.3988135019106,1.0041430060353107,1648.3877026223029,1.0038178091623806,1648.3488145439062,1.0075928482599856
1648.4002023618034,1.0010200495962318,1648.4002023618034,1.0041464237473874,1648.3890914821952,1.0076486128514837,1648.3502034037983,1.0229557350483125
1648.4015912216971,1.0090709378848832,1648.4015912216971,1.0042013915710557,1648.3904803420876,0.9906731139025344,1648.3515922636914,1.0128293843597704
1648.4029800815897,1.0168134948961733,1648.4029800815897,1.0041821239866209,1648.3918692019804,0.9951099272418376,1648.3529811240494,1.014427280864303
1648.4043689414818,0.9971062020496646,1648.4043689414818,1.0042081820581932,1648.393258061874,0.997775354236392,1648.3543699839422,0.9981824873882096
1648.405757801375,0.9992121981447329,1648.405757801375,1.0042698262528795,1648.394646922233,0.9923473424945034,1648.355758843836,1.0005693495946784
1648.407146661268,1.03432991933484,1648.407146661268,1.0041739739103546,1648.3960357821254,0.998085673861303,1648.3571477037283,1.0139456228108847
1648.4085355211612,1.0032821762424773,1648.4085355211612,1.004163018336389,1648.3974246420182,1.0119444656956111,1648.3585365636206,1.0189305297971814
1648.409924381054,1.0055193570167738,1648.409924381054,1.0041453978652675,1648.3988135019106,1.0076723644367511,1648.359925423514,1.0152722693271423
1648.4113132409473,0.997128073842035,1648.4113132409473,1.0041342860640148,1648.4002023618034,1.0051707029014885,1648.3613142838724,1.007102326390326
1648.412702100374,0.9774812034390074,1648.412702100374,1.0040535492256724,1648.4015912216971,1.01331044001791,1648.3627031437657,1.0168415090277108
1648.414090960266,1.028657916367569,1648.414090960266,1.0039904556703279,1648.4029800815897,1.0210659350030984,1648.3640920036585,0.9900109954349624
1648.4154798201596,1.002233570969886,1648.4154798201596,1.003990156453561,1648.4043689414818,1.0013022064792432,1648.3654808635515,1.0016721632367285
1648.4168686800529,1.001091161285401,1648.4168686800529,1.003931881223228,1648.405757801375,1.0034786606205688,1648.366869723444,1.0134347055582238
1648.4182575399452,1.0002918836516002,1648.4182575399452,1.0038439009236262,1648.407146661268,1.038647185432843,1648.368258583336,1.0076765812037012
1648.419646399838,1.0156058833217458,1648.419646399838,1.003890085124665,1648.4085355211612,1.007458858338747,1648.3696474432295,1.0133662046094083
1648.4210352597304,0.9697057171888643,1648.4210352597304,1.0038670566845367,1648.409924381054,1.0096876348128363,1648.371036303123,1.0087976388170437
1648.4224241196227,0.9981171231075628,1648.4224241196227,1.003855493937316,1648.4113132409473,1.001250486541758,1648.3724251630154,1.0157545297758392
1648.4238129795165,0.9980006550465939,1648.4238129795165,1.003765264834678,1648.412702100374,0.9814434716143168,1648.3738140233738,1.0072076595076005
1648.4252018394102,0.9993481193472066,1648.4252018394102,1.0036891529534584,1648.414090960266,1.0327627301827658,1648.375202883267,1.0062798847221972
1648.4265906993026,1.0062529580440789,1648.4265906993026,1.0036186709516566,1648.4154798201596,1.0062326397210668,1648.3765917431597,1.014509464791588
1648.427979559195,1.0152949414005905,1648.427979559195,1.00359183877391,1648.4168686800529,1.0050273328251986,1648.3779806030525,0.9899712373465795
1648.429368419088,0.9942693597277787,1648.429368419088,1.0034870801870666,1648.4182575399452,1.0041369065470642,1648.379369462946,1.010968757457331
1648.43075727898,1.001885597681288,1648.43075727898,1.003413862760291,1648.419646399838,1.019556676660978,1648.3807583228383,1.0174726471666726
1648.4321461388731,1.0050188665336812,1648.4321461388731,1.0033362208308338,1648.4210352597304,0.973455624164553,1648.3821471827307,1.004304802716837
1648.4335349983014,0.9935783462189617,1648.4335349983014,1.0032457572803328,1648.4224241196227,1.0019653576244354,1648.3835360426235,1.0189066060989769
1648.4349238581938,0.9976279576859881,1648.4349238581938,1.0031339331942815,1648.4238129795165,1.0017583918180264,1648.3849249025168,1.0190362931967971
1648.436312718086,0.9976744074618343,1648.436312718086,1.0031113812123613,1648.4252018394102,1.0030348674132294,1648.3863137624096,1.006995358200153
1648.437701577979,1.0113553872062806,1648.437701577979,1.0030697370630275,1648.4265906993026,1.0098942563933715,1648.3877026223029,1.0038178091623806
1648.4390904378722,0.9905068244816837,1648.4390904378722,1.003014025945213,1648.427979559195,1.018941717138068,1648.3890914821952,1.0076486128514837
1648.440479297765,0.9873122752818806,1648.440479297765,1.0029770195871541,1648.429368419088,0.9977364567126928,1648.3904803420876,0.9906731139025344
1648.4418681576583,1.0034483516398527,1648.4418681576583,1.0029305471272347,1648.43075727898,1.005305897613284,1648.3918692019804,0.9951099272418376
1648.443257017551,0.9711363386405184,1648.443257017551,1.0029460446268277,1648.4321461388731,1.008371831411592,1648.393258061874,0.997775354236392
1648.4446458774437,1.0015697228716414,1648.4446458774437,1.0029238590811305,1648.4335349983014,0.996803260369783,1648.394646922233,0.9923473424945034
1648.4460347368702,0.9925038879053772,1648.4460347368702,1.0028909570109927,1648.4349238581938,1.0007544570581235,1648.3960357821254,0.998085673861303
1648.447423596764,0.992430011834924,1648.447423596764,1.002790798615908,1648.436312718086,1.0007785528692648,1648.3974246420182,1.0119444656956111
1648.4488124566567,1.013688495620395,1648.4488124566567,1.002858045187841,1648.437701577979,1.0144599823222802,1648.3988135019106,1.0076723644367511
1648.450201316549,0.9913763421870553,1648.450201316549,1.0028158074555955,1648.4390904378722,0.993492237749582,1648.4002023618034,1.0051707029014885
1648.4515901764423,1.0144837385797085,1648.4515901764423,1.0027839604082203,1648.440479297765,0.9902515232640324,1648.4015912216971,1.01331044001791
1648.452979036335,1.0078330736158625,1648.452979036335,1.0026759212213767,1648.4418681576583,1.0063890043240793,1648.4029800815897,1.0210659350030984
1648.4543678957618,0.9980279985123803,1648.4543678957618,1.0026319954543321,1648.443257017551,0.9739973496328874,1648.4043689414818,1.0013022064792432
1648.4557567556556,0.9994303073027391,1648.4557567556556,1.0025629297398395,1648.4446458774437,1.0044981716012449,1648.405757801375,1.0034786606205688
1648.4571456155488,1.0158334135309655,1648.4571456155488,1.0024831996992492,1648.4460347368702,0.9953731739785548,1648.407146661268,1.038647185432843
1648.4585344754412,0.9875525313619806,1648.4585344754412,1.002430282597377,1648.447423596764,0.9951996841383384,1648.4085355211612,1.007458858338747
1648.4599233353335,1.0040819396681597,1648.4599233353335,1.002310798754478,1648.4488124566567,1.0165856631472727,1648.409924381054,1.0096876348128363
1648.4613121952264,1.0055234007107583,1648.4613121952264,1.0022696429913052,1648.450201316549,0.9941678670826866,1648.4113132409473,1.001250486541758
1648.4627010546535,0.974290119138808,1648.4627010546535,1.002254108533879,1648.4515901764423,1.0173080211426977,1648.412702100374,0.9814434716143168
1648.4640899145468,0.9754552664080202,1648.4640899145468,1.002182397125741,1648.452979036335,1.0105299555251566,1648.414090960266,1.0327627301827658
1648.4654787744396,0.9885138838871802,1648.4654787744396,1.0020909948913845,1648.4543678957618,1.0006548036677612,1648.4154798201596,1.0062326397210668
1648.466867634332,0.9914621360343061,1648.466867634332,1.0020136458706654,1648.4557567556556,1.0019917769602222,1648.4168686800529,1.0050273328251986
1648.4682564937586,0.9850718994807115,1648.4682564937586,1.0019124687400802,1648.4571456155488,1.0183559307579328,1648.4182575399452,1.0041369065470642
1648.4696453536524,1.0072786000834926,1648.4696453536524,1.0018003340006079,1648.4585344754412,0.9899525630929452,1648.419646399838,1.019556676660978
1648.4710342135456,0.9922454561920603,1648.4710342135456,1.0017632829570935,1648.4599233353335,1.0064021709637387,1648.4210352597304,0.973455624164553
1648.472423073438,0.9871642721451291,1648.472423073438,1.0018122649772536,1648.4613121952264,1.0078055798497747,1648.4224241196227,1.0019653576244354
1648.4738119333308,1.0089022305685327,1648.4738119333308,1.001810057622368,1648.4627010546535,0.9764862748108328,1648.4238129795165,1.0017583918180264
1648.4752007927584,0.9762297029263245,1648.4752007927584,1.0018006284482042,1648.4640899145468,0.977584097177718,1648.4252018394102,1.0030348674132294
1648.4765896526503,1.0011974889882482,1648.4765896526503,1.0017323803823899,1648.4654787744396,0.990580861368451,1648.4265906993026,1.0098942563933715
1648.4779785125436,1.0028007424816074,1648.4779785125436,1.0017288169218217,1648.466867634332,0.9934585896704528,1648.427979559195,1.018941717138068
1648.4793673724373,1.006520138571594,1648.4793673724373,1.0016987098997308,1648.4682564937586,0.9869558186951998,1648.429368419088,0.9977364567126928
1648.480756231864,0.9905154059991734,1648.480756231864,1.0015752832027964,1648.4696453536524,1.0090920379953077,1648.43075727898,1.005305897613284
1648.4821450917564,0.9975247848948988,1648.4821450917564,1.0015166857994857,1648.4710342135456,0.9939950656942173,1648.4321461388731,1.008371831411592
1648.4835339516492,1.0045304130152235,1648.4835339516492,1.0013942821104174,1648.472423073438,0.9889532753823338,1648.4335349983014,0.996803260369783
1648.4849228115424,1.0022174057799842,1648.4849228115424,1.0013166815089452,1648.4738119333308,1.0107284017411975,1648.4349238581938,1.0007544570581235
1648.4863116709696,1.0016817260920623,1648.4863116709696,1.0012937380566607,1648.4752007927584,0.9779875299013956,1648.436312718086,1.0007785528692648
1648.4877005308629,0.9946258495613503,1648.4877005308629,1.0012447941673899,1648.4765896526503,1.0029319438770694,1648.437701577979,1.0144599823222802
1648.4890893907552,0.9872520442131265,1648.4890893907552,1.0011390006481538,1648.4779785125436,1.004534401374425,1648.4390904378722,0.993492237749582
1648.490478250182,1.0090486785911417,1648.490478250182,1.0010625498116923,1648.4793673724373,1.008229924295264,1648.440479297765,0.9902515232640324
1648.4918671100747,1.0035082464187155,1648.4918671100747,1.0009548205997545,1648.480756231864,0.992075748280355,1648.4418681576583,1.0063890043240793
1648.4932559699685,0.9665937768479895,1648.4932559699685,1.000864092859647,1648.4821450917564,0.999037716570784,1648.443257017551,0.9739973496328874
1648.4946448298615,1.022449146598207,1648.4946448298615,1.000761854195938,1648.4835339516492,1.0059310117994609,1648.4446458774437,1.0044981716012449
1648.496033689288,0.9998402421792171,1648.496033689288,1.000653051771089,1648.4849228115424,1.0035370069061176,1648.4460347368702,0.9953731739785548
1648.4974225491812,0.9830579609222456,1648.4974225491812,1.0006303012557038,1648.4863116709696,1.0029776398617691,1648.447423596764,0.9951996841383384
1648.4988114090736,0.983870039606189,1648.4988114090736,1.0005810985183903,1648.4877005308629,0.9958639540176194,1648.4488124566567,1.0165856631472727
1648.5002002685007,1.026726444927257,1648.5002002685007,1.0005774365788593,1648.4890893907552,0.9883765249313764,1648.450201316549,0.9941678670826866
1648.5015891283945,0.9953842813857577,1648.5015891283945,1.0005720700427072,1648.490478250182,1.010120843074567,1648.4515901764423,1.0173080211426977
1648.5029779882868,0.9961080983023639,1648.5029779882868,1.0004738618687696,1648.4918671100747,1.0044664167644195,1648.452979036335,1.0105299555251566
1648.5043668477135,0.9945493585820798,1648.5043668477135,1.0005363845118604,1648.4932559699685,0.9674290036287432,1648.4543678957618,1.0006548036677612
1648.5057557076068,0.9971706838894789,1648.5057557076068,1.0004381860569473,1648.4946448298615,1.023228103770676,1648.4557567556556,1.0019917769602222
1648.5071445674996,0.9951692662291248,1648.5071445674996,1.0004429610336532,1648.496033689288,1.0004931896201783,1648.4571456155488,1.0183559307579328
1648.5085334269272,1.0052593813307096,1648.5085334269272,1.0003733743302015,1648.4974225491812,0.9836775835894446,1648.4585344754412,0.9899525630929452
1648.50992228682,0.9932451052396496,1648.50992228682,1.0002766252104611,1648.4988114090736,0.9844417650284928,1648.4599233353335,1.0064021709637387
1648.5113111467128,0.9906708760053409,1648.5113111467128,1.000216993849511,1648.5002002685007,1.0273193143330404,1648.4613121952264,1.0078055798497747
1648.5127000061395,0.990094843167622,1648.5127000061395,1.0001546839499917,1648.5015891283945,0.9959537109141202,1648.4627010546535,0.9764862748108328
1648.514088866032,1.0017164013967035,1648.514088866032,1.0001069515960035,1648.5029779882868,0.996580115947322,1648.4640899145468,0.977584097177718
1648.51547772546,0.9939871334045592,1648.51547772546,1.0000058158478662,1648.5043668477135,0.995082819454304,1648.4654787744396,0.990580861368451
1648.5168665853532,0.9948046359115501,1648.5168665853532,0.9999131108656187,1648.5057557076068,0.997607630179556,1648.466867634332,0.9934585896704528
1648.5182554452456,0.9682985374062351,1648.5182554452456,0.9998927093510234,1648.5071445674996,0.9956100874359536,1648.4682564937586,0.9869558186951998
1648.5196443046727,0.9958197480951371,1648.5196443046727,0.9997803853671512,1648.5085334269272,1.0056347193788926,1648.4696453536524,1.0090920379953077
1648.521033164565,1.0001470886758685,1648.521033164565,0.9996657876642954,1648.50992228682,0.993519861875926,1648.4710342135456,0.9939950656942173
1648.5224220239918,0.9896736771509431,1648.5224220239918,0.9996334639442528,1648.5113111467128,0.9908858454923236,1648.472423073438,0.9889532753823338
1648.5238108838855,0.9937464136391102,1648.5238108838855,0.9997100183803675,1648.5127000061395,0.9902479949488296,1648.4738119333308,1.0107284017411975
1648.5251997437792,0.9949005981523055,1648.5251997437792,0.9997398553193817,1648.514088866032,1.0018235365645758,1648.4752007927584,0.9779875299013956
1648.526588603206,0.9862133335173184,1648.526588603206,0.9996271300458531,1648.51547772546,0.993992914282508,1648.4765896526503,1.0029319438770694
1648.5279774630983,0.995465566425531,1648.5279774630983,0.9996400609460565,1648.5168665853532,0.9947181981978572,1648.4779785125436,1.004534401374425
1648.5293663225254,0.9934139411222758,1648.5293663225254,0.999646287106838,1648.5182554452456,0.9681946480277536,1648.4793673724373,1.008229924295264
1648.5307551824187,0.9762579050177014,1648.5307551824187,0.999645438784291,1648.5196443046727,0.9956010515067756,1648.480756231864,0.992075748280355
1648.5321440423115,0.9811015943237994,1648.5321440423115,0.9995711400995223,1648.521033164565,0.999812827181314,1648.4821450917564,0.999037716570784
1648.5335329017391,0.9901341848559547,1648.5335329017391,0.9995684292223045,1648.5224220239918,0.9893109260648434,1648.4835339516492,1.0059310117994609
1648.5349217616315,0.9885461983486781,1648.5349217616315,0.999495816050606,1648.5238108838855,0.9934582454445792,1648.4849228115424,1.0035370069061176
1648.5363106210582,0.9982583949032684,1648.5363106210582,0.999442151331185,1648.5251997437792,0.9946417800539522,1648.4863116709696,1.0029776398617691
1648.537699480951,0.9967796333607362,1648.537699480951,0.9993671294920884,1648.526588603206,0.9858456041968708,1648.4877005308629,0.9958639540176194
1648.5390883403786,1.0202989535580391,1648.5390883403786,0.9992760332422042,1648.5279774630983,0.9951072594913184,1648.4890893907552,0.9883765249313764
1648.5404772002714,0.9872149020241083,1648.5404772002714,0.9992346721130974,1648.5293663225254,0.993062557803054,1648.490478250182,1.010120843074567
1648.5418660596988,1.009098395896334,1648.5418660596988,0.999296530910398,1648.5307551824187,0.9759117618280528,1648.4918671100747,1.0044664167644195
1648.5432549195918,0.9965330442325517,1648.5432549195918,0.9993042296559829,1648.5321440423115,0.9806808391916992,1648.4932559699685,0.9674290036287432
1648.5446437790183,0.9934056959748999,1648.5446437790183,0.9991973629554497,1648.5335329017391,0.9897068718757736,1648.4946448298615,1.023228103770676
1648.5460326389114,0.9723197449204481,1648.5460326389114,0.9991551389004859,1648.5349217616315,0.9880477892222362,1648.496033689288,1.0004931896201783
1648.547421498805,0.9908761176704526,1648.547421498805,0.9990760183744238,1648.5363106210582,0.9977015177865382,1648.4974225491812,0.9836775835894446
1648.5488103582318,1.0108432300776253,1648.5488103582318,0.9990528628083314,1648.537699480951,0.9961488009278952,1648.4988114090736,0.9844417650284928
1648.550199218124,0.9777489792153488,1648.550199218124,0.9989494564837741,1648.5390883403786,1.0195602910326491,1648.5002002685007,1.0273193143330404
1648.5515880775515,1.0019079950507432,1648.5515880775515,0.9988684140554848,1648.5404772002714,0.9864593589292234,1648.5015891283945,0.9959537109141202
1648.552976937444,0.983693439219943,1648.552976937444,0.9988423156638636,1648.5418660596988,1.008388526366454,1648.5029779882868,0.996580115947322
1648.5543657968713,0.9929666125372352,1648.5543657968713,0.9988465541344862,1648.5432549195918,0.9958396860935416,1648.5043668477135,0.995082819454304
1648.555754656765,0.9879603309294743,1648.555754656765,0.9988343836258885,1648.5446437790183,0.9926083517630432,1648.5057557076068,0.997607630179556
1648.5571435161926,0.9981639785731111,1648.5571435161926,0.9988079151931208,1648.5460326389114,0.9714982697916754,1648.5071445674996,0.9956100874359536
1648.5585323760847,1.0042170475360457,1648.5585323760847,0.9987018684826428,1648.547421498805,0.9899605663445028,1648.5085334269272,1.0056347193788926
1648.5599212355112,1.0071048873150015,1648.5599212355112,0.9986117248662968,1648.5488103582318,1.0098858228594725,1648.50992228682,0.993519861875926
1648.5613100949392,0.9829024050052915,1648.5613100949392,0.998597025579707,1648.550199218124,0.9767218113647376,1648.5113111467128,0.9908858454923236
1648.5626989548325,0.9795104701964424,1648.5626989548325,0.9985306871185944,1648.5515880775515,1.0007742500458463,1648.5127000061395,0.9902479949488296
1648.5640878142592,1.013221307673479,1648.5640878142592,0.9985324115646358,1648.552976937444,0.982554632733798,1648.514088866032,1.0018235365645758
1648.565476674152,0.9903587724863153,1648.565476674152,0.9985408489129654,1648.5543657968713,0.9918212793034108,1648.51547772546,0.993992914282508
1648.5668655335787,1.0015510042208684,1648.5668655335787,0.9985260649296529,1648.555754656765,0.9868087481907704,1648.5168665853532,0.9947181981978572
1648.568254393471,0.983189210193506,1648.568254393471,0.9984466456810291,1648.5571435161926,0.99697408245948,1648.5182554452456,0.9681946480277536
1648.5696432528991,0.9770272909986947,1648.5696432528991,0.9984398620085629,1648.5585323760847,1.0029134417363716,1648.5196443046727,0.9956010515067756
1648.5710321127924,0.997941433132325,1648.5710321127924,0.9983939021048622,1648.5599212355112,1.005706748642911,1648.521033164565,0.999812827181314
1648.572420972219,0.9872791567908424,1648.572420972219,0.9983330268509867,1648.5613100949392,0.9815234180734246,1648.5224220239918,0.9893109260648434
1648.573809832112,0.9903222275735136,1648.573809832112,0.9983688825564826,1648.5626989548325,0.9780712628451111,1648.5238108838855,0.9934582454445792
1648.575198691539,0.9868471184050244,1648.575198691539,0.9983229144636262,1648.5640878142592,1.0117343157998728,1648.5251997437792,0.9946417800539522
1648.576587550967,1.0089144590978019,1648.576587550967,0.9983625294875832,1648.565476674152,0.9889136894068876,1648.526588603206,0.9858456041968708
1648.5779764108595,0.9769964428719964,1648.5779764108595,0.9983271077640457,1648.5668655335787,1.000074783071006,1648.5279774630983,0.9951072594913184
1648.579365270287,0.9867728406404737,1648.579365270287,0.9982682059382386,1648.568254393471,0.9816619689874864,1648.5293663225254,0.993062557803054
1648.5807541301797,0.9783440865126019,1648.5807541301797,0.9982246508282042,1648.5696432528991,0.9755029936033368,1648.5307551824187,0.9759117618280528
1648.5821429896062,0.9990104670057378,1648.5821429896062,0.9982177838289447,1648.5710321127924,0.9963386414971004,1648.5321440423115,0.9806808391916992
1648.5835318490333,1.0052635747067138,1648.5835318490333,0.9981547485673771,1648.572420972219,0.9856333889458916,1648.5335329017391,0.9897068718757736
1648.5849207089266,0.9938289503873128,1648.5849207089266,0.9981984177890368,1648.573809832112,0.9887068957134154,1648.5349217616315,0.9880477892222362
1648.5863095683535,0.9829099712944213,1648.5863095683535,0.9981989408337283,1648.575198691539,0.9851920913761352,1648.5363106210582,0.9977015177865382
1648.587698428247,0.9868634135630661,1648.587698428247,0.9981768479060136,1648.576587550967,1.0072623914214782,1648.537699480951,0.9961488009278952
1648.5890872876737,0.9892887002378769,1648.5890872876737,0.9982374680885489,1648.5779764108595,0.9753620331081608,1648.5390883403786,1.0195602910326491
1648.5904761471,0.9932747523166902,1648.5904761471,0.9981611918123384,1648.579365270287,0.985063953294745,1648.5404772002714,0.9864593589292234
1648.5918650069932,0.9894684217770657,1648.5918650069932,0.9981496491457307,1648.5807541301797,0.9766071841488804,1648.5418660596988,1.008388526366454
1648.5932538664213,1.0045490357987745,1648.5932538664213,0.9980867136191304,1648.5821429896062,0.9972300143963866,1648.5432549195918,0.9958396860935416
1648.5946427258484,0.9981792479582533,1648.5946427258484,0.9979772294598748,1648.5835318490333,1.0034086106553226,1648.5446437790183,0.9926083517630432
1648.5960315857408,0.9873634027792888,1648.5960315857408,0.9979082779163991,1648.5849207089266,0.9920384858295548,1648.5460326389114,0.9714982697916754
1648.5974204451684,1.0035403600992319,1648.5974204451684,0.9979036025290814,1648.5863095683535,0.9811396922810016,1648.547421498805,0.9899605663445028
1648.598809304595,0.9846861430170807,1648.598809304595,0.997795313602017,1648.587698428247,0.98506421146415,1648.5488103582318,1.0098858228594725
1648.600198164488,0.998526634063476,1648.600198164488,0.9977462959633038,1648.5890872876737,0.9875450473340696,1648.550199218124,0.9767218113647376
1648.601587023916,0.9887194479987085,1648.601587023916,0.9976932358046479,1648.5904761471,0.9914483105695328,1648.5515880775515,1.0007742500458463
1648.6029758838083,0.9911228837658844,1648.6029758838083,0.9975840796589415,1648.5918650069932,0.987637558037558,1648.552976937444,0.982554632733798
1648.604364743235,0.976865220810618,1648.604364743235,0.9974819541607592,1648.5932538664213,1.002627045809665,1648.5543657968713,0.9918212793034108
1648.6057536026624,0.9904670860528346,1648.6057536026624,0.9974272649176474,1648.5946427258484,0.996160160381719,1648.555754656765,0.9868087481907704
1648.6071424620898,1.0062362448584776,1648.6071424620898,0.9974021587256084,1648.5960315857408,0.985298112945156,1648.5571435161926,0.99697408245948
1648.6085313219826,0.9873478617238556,1648.6085313219826,0.9973157010065676,1648.5974204451684,1.001436540626355,1648.5585323760847,1.0029134417363716
1648.6099201814102,1.0032785705011138,1648.6099201814102,0.9972050223402684,1648.598809304595,0.9825152188712886,1648.5599212355112,1.005706748642911
1648.611309040837,1.0048718981669509,1648.611309040837,0.9971288753450499,1648.600198164488,0.9962762505575384,1648.5613100949392,0.9815234180734246
1648.6126979007297,1.0124531628489217,1648.6126979007297,0.9970650877750109,1648.601587023916,0.9864387053768168,1648.5626989548325,0.9780712628451111
1648.6140867601564,1.0046224483097148,1648.6140867601564,0.9969987016961406,1648.6029758838083,0.9887284098305058,1648.5640878142592,1.0117343157998728
1648.6154756195845,0.9964174124958272,1648.6154756195845,0.9969802738769649,1648.604364743235,0.9744054294058568,1648.565476674152,0.9889136894068876
1648.6168644794775,1.0115941667612918,1648.6168644794775,0.9969119169993874,1648.6057536026624,0.987918876632631,1648.5668655335787,1.000074783071006
1648.6182533389044,1.0143588045833059,1648.6182533389044,0.996798178544812,1648.6071424620898,1.0036222028097954,1648.568254393471,0.9816619689874864
1648.6196421983316,1.0008628684529544,1648.6196421983316,0.9967439568918101,1648.6085313219826,0.9846975248524626,1648.5696432528991,0.9755029936033368
1648.6210310577585,1.003907957778786,1648.6210310577585,0.996644728537053,1648.6099201814102,1.0004744293100758,1648.5710321127924,0.9963386414971004
1648.6224199176506,1.0000129094630708,1648.6224199176506,0.9965467696241312,1648.611309040837,1.0019867856850573,1648.572420972219,0.9856333889458916
1648.6238087770787,1.001476649716659,1648.6238087770787,0.9964598663777141,1648.6126979007297,1.0094817016840476,1648.573809832112,0.9887068957134154
1648.6251976365068,0.9898764082353975,1648.6251976365068,0.996346311233723,1648.6140867601564,1.0016072766595838,1648.575198691539,0.9851920913761352
1648.6265864959337,1.0259945739322172,1648.6265864959337,0.9962648988960632,1648.6154756195845,0.9934085048058664,1648.576587550967,1.0072623914214782
1648.6279753558258,1.0166550983641212,1648.6279753558258,0.9962167292462527,1648.6168644794775,1.0084702800113974,1648.5779764108595,0.9753620331081608
1648.629364215253,1.0120638449977308,1648.629364215253,0.9962008958729027,1648.6182533389044,1.011111008799532,1648.579365270287,0.985063953294745
1648.6307530746806,1.007311950678398,1648.6307530746806,0.99613498935096,1648.6196421983316,0.9976040158078848,1648.5807541301797,0.9766071841488804
1648.6321419341075,0.9936871665850402,1648.6321419341075,0.9960762587283235,1648.6210310577585,1.0005395740566254,1648.5821429896062,0.9972300143963866
1648.633530794001,1.0204980283243015,1648.633530794001,0.9959768192676374,1648.6224199176506,0.996559634507852,1648.5835318490333,1.0034086106553226
1648.6349196534277,1.0087669640028638,1648.6349196534277,0.995904544489391,1648.6238087770787,0.9979312885570628,1648.5849207089266,0.9920384858295548
1648.6363085128542,1.013355217211219,1648.6363085128542,0.9957868916949153,1648.6251976365068,0.9862597079226252,1648.5863095683535,0.9811396922810016
1648.6376973722815,1.0066225987122297,1648.6376973722815,0.9956930472670316,1648.6265864959337,1.0221623804664897,1648.587698428247,0.98506421146415
1648.6390862321743,1.0148607656336706,1648.6390862321743,0.9956093127605253,1648.6279753558258,1.012808816863832,1648.5890872876737,0.9875450473340696
1648.640475091602,1.0112952636506516,1648.640475091602,0.9954966640523303,1648.629364215253,1.008218909067314,1648.5904761471,0.9914483105695328
1648.641863951029,1.0161949904685226,1648.641863951029,0.9954931259056704,1648.6307530746806,1.003418679262121,1648.5918650069932,0.987637558037558
1648.6432528104567,1.0058246833207363,1648.6432528104567,0.9954877132403507,1648.6321419341075,0.9897881952383752,1648.5932538664213,1.002627045809665
1648.6446416698834,0.9922063119554294,1648.6446416698834,0.9953924967758794,1648.633530794001,1.016392380319333,1648.5946427258484,0.996160160381719
1648.6460305297762,1.0130966991761505,1648.6460305297762,0.9953634794763084,1648.6349196534277,1.004635603781218,1648.5960315857408,0.985298112945156
1648.6474193892043,0.9947879628483743,1648.6474193892043,0.9952836466815499,1648.6363085128542,1.0090858419295856,1648.5974204451684,1.001436540626355
1648.648808248631,1.010426499500896,1648.648808248631,0.995177181628736,1648.6376973722815,1.0022871227596382,1648.598809304595,0.9825152188712886
1648.6501971080577,0.9983297764690169,1648.6501971080577,0.9951066991473332,1648.6390862321743,1.0104048294201593,1648.600198164488,0.9962762505575384
1648.6515859674853,1.008399323577709,1648.6515859674853,0.9950747516434023,1648.640475091602,1.0067410613361454,1648.601587023916,0.9864387053768168
1648.6529748269118,0.9875964827662804,1648.6529748269118,0.9949591351875947,1648.641863951029,1.0116151275911924,1648.6029758838083,0.9887284098305058
1648.6543636868048,1.0095849304209006,1648.6543636868048,0.9948676006429399,1648.6432528104567,1.0012861139196596,1648.604364743235,0.9744054294058568
1648.6557525462329,1.0236797425611122,1648.6557525462329,0.9947600797877626,1648.6446416698834,0.987634718174102,1648.6057536026624,0.987918876632631
1648.65714140566,0.9884994415253155,1648.65714140566,0.9946226799782615,1648.6460305297762,1.008399455537936,1648.6071424620898,1.0036222028097954
1648.6585302650867,1.0069621922154535,1648.6585302650867,0.9945757090969204,1648.6474193892043,0.9900961913386402,1648.6085313219826,0.9846975248524626
1648.6599191245134,1.011282061879016,1648.6599191245134,0.9945500275893945,1648.648808248631,1.0055533960162912,1648.6099201814102,1.0004744293100758
1648.6613079839417,1.0188892318394278,1648.6613079839417,0.9943845127382495,1648.6501971080577,0.9934446485225784,1648.611309040837,1.0019867856850573
1648.662696843369,1.0040940110007386,1648.662696843369,0.9942917042320156,1648.6515859674853,1.0034327064664637,1648.6126979007297,1.0094817016840476
1648.6640857032614,0.999724592072248,1648.6640857032614,0.9943459369873747,1648.6529748269118,0.9826181424074486,1648.6140867601564,1.0016072766595838
1648.6654745626886,0.9832947286616942,1648.6654745626886,0.9942430233542493,1648.6543636868048,1.0044033373731107,1648.6154756195845,0.9934085048058664
1648.6668634221153,1.0094323238983434,1648.6668634221153,0.9941511594628459,1648.6557525462329,1.0183157423872082,1648.6168644794775,1.0084702800113974
1648.668252281542,0.9834032741319513,1648.668252281542,0.9940941649746526,1648.65714140566,0.9831839636869242,1648.6182533389044,1.011111008799532
1648.66964114097,1.0124401955976452,1648.66964114097,0.9939749672942154,1648.6585302650867,1.0015001363564742,1648.6196421983316,0.9976040158078848
1648.6710300003972,0.9972861067338437,1648.6710300003972,0.9938910698177916,1648.6599191245134,1.005770602542435,1648.6210310577585,1.0005395740566254
1648.672418859824,0.9843682133676429,1648.672418859824,0.9939475005833381,1648.6613079839417,1.0131676723368988,1648.6224199176506,0.996559634507852
1648.6738077192515,0.9885277766243804,1648.6738077192515,0.9938361806804411,1648.662696843369,0.9983623454070846,1648.6238087770787,0.9979312885570628
1648.6751965786789,0.9975227810133571,1648.6751965786789,0.9937240145376998,1648.6640857032614,0.9940720862334004,1648.6251976365068,0.9862597079226252
1648.676585438572,0.9862001888174364,1648.676585438572,0.9935439012167188,1648.6654745626886,0.977633923872899,1648.6265864959337,1.0221623804664897
1648.677974297999,1.0108078066055082,1648.677974297999,0.9934812212302783,1648.6668634221153,1.0035283152028132,1648.6279753558258,1.012808816863832
1648.679363157427,0.9951632245333141,1648.679363157427,0.9933682246957192,1648.668252281542,0.9775954566315416,1648.629364215253,1.008218909067314
1648.6807520168534,0.9971367611839076,1648.6807520168534,0.9932284167201179,1648.66964114097,1.0063402103065184,1648.6307530746806,1.003418679262121
1648.68214087628,1.0072336310345407,1648.68214087628,0.9931318776672008,1648.6710300003972,0.9911937555361202,1648.6321419341075,0.9897881952383752
1648.6835297357072,0.9867014310296224,1648.6835297357072,0.992996185398279,1648.672418859824,0.9784103253304548,1648.633530794001,1.016392380319333
1648.6849185951346,0.9998264226682867,1648.6849185951346,0.9928845641737039,1648.6738077192515,0.9824346700169024,1648.6349196534277,1.004635603781218
1648.686307454562,0.999305445078926,1648.686307454562,0.9927846544530535,1648.6751965786789,0.991262342541404,1648.6363085128542,1.0090858419295856
1648.6876963139891,0.9977191834418355,1648.6876963139891,0.992668799211731,1648.676585438572,0.9798331829783404,1648.6376973722815,1.0022871227596382
1648.6890851734158,1.0042242481335826,1648.6890851734158,0.9925296756595929,1648.677974297999,1.0042185741355392,1648.6390862321743,1.0104048294201593
1648.6904740328423,1.0105712937914646,1648.6904740328423,0.9924609154591433,1648.679363157427,0.9885635256371256,1648.640475091602,1.0067410613361454
1648.6918628922706,1.0002149433219731,1648.6918628922706,0.9924298884556795,1648.6807520168534,0.9903845665641188,1648.641863951029,1.0116151275911924
1648.6932517516989,1.0281216678104876,1648.6932517516989,0.9922860870629788,1648.68214087628,1.000315827238886,1648.6432528104567,1.0012861139196596
1648.6946406111254,0.9939250197684752,1648.6946406111254,0.992307231385806,1648.6835297357072,0.9797907571394382,1648.6446416698834,0.987634718174102
1648.696029470552,1.00708074344663,1648.696029470552,0.9921050417754784,1648.6849185951346,0.9927122219203552,1648.6460305297762,1.008399455537936
1648.6974183299797,0.9839968502620033,1648.6974183299797,0.9920613557091993,1648.686307454562,0.9920951109857364,1648.6474193892043,0.9900961913386402
1648.6988071894064,1.0162859205267774,1648.6988071894064,0.9919678465904014,1648.6876963139891,0.9904047037777156,1648.648808248631,1.0055533960162912
1648.7001960488335,1.0117502467769388,1648.7001960488335,0.9918408942480879,1648.6890851734158,0.9967223672895232,1648.6501971080577,0.9934446485225784
1648.7015849082616,0.9942753082325982,1648.7015849082616,0.9917145118535319,1648.6904740328423,1.0029525113730078,1648.6515859674853,1.0034327064664637
1648.7029737676885,0.996414490708655,1648.7029737676885,0.9915429081171413,1648.6918628922706,0.9926432046327296,1648.6529748269118,0.9826181424074486
1648.704362627115,0.9796316946567063,1648.704362627115,0.9914191713042264,1648.6932517516989,1.0201908267763324,1648.6543636868048,1.0044033373731107
1648.705751486542,1.0054984535719844,1648.705751486542,0.9912297964919112,1648.6946406111254,0.9862789845715382,1648.6557525462329,1.0183157423872082
1648.7071403459702,0.995878290703758,1648.7071403459702,0.9910131207306743,1648.696029470552,0.9991298830483988,1648.65714140566,0.9831839636869242
1648.7085292053978,1.0106626534202547,1648.7085292053978,0.9909179707376081,1648.6974183299797,0.976185249284505,1648.6585302650867,1.0015001363564742
1648.7099180648245,0.9925515839058973,1648.7099180648245,0.990720573979073,1648.6988071894064,1.008122956105091,1648.6599191245134,1.005770602542435
1648.7113069242516,1.0152443495269445,1648.7113069242516,0.9905857756292034,1648.7001960488335,1.0034952695189625,1648.6613079839417,1.0131676723368988
1648.7126957836783,0.9786295607103784,1648.7126957836783,0.9905989203229272,1648.7015849082616,0.9860372519519112,1648.662696843369,0.9983623454070846
1648.714084643105,0.994161794413526,1648.714084643105,0.9905812558291467,1648.7029737676885,0.98798772180732,1648.6640857032614,0.9940720862334004
1648.715473502533,1.0023619418215957,1648.715473502533,0.9905612097508422,1648.704362627115,0.9712256428999068,1648.6654745626886,0.977633923872899
1648.7168623619605,1.0016824192310545,1648.7168623619605,0.990404481459061,1648.705751486542,0.9966800275070896,1648.6668634221153,1.0035283152028132
1648.718251221387,0.9916407637148935,1648.718251221387,0.9903003560333545,1648.7071403459702,0.9869284527382608,1648.668252281542,0.9775954566315416
1648.7196400808143,0.9918467836966822,1648.7196400808143,0.9902349544481083,1648.7085292053978,1.0014837856274854,1648.66964114097,1.0063402103065184
1648.7210289402412,1.0036550609160184,1648.7210289402412,0.9900954044221215,1648.7099180648245,0.9833412749110886,1648.6710300003972,0.9911937555361202
1648.7224177996684,1.0104857436406627,1648.7224177996684,0.9898273733818067,1648.7113069242516,1.0056866114293144,1648.672418859824,0.9784103253304548
1648.7238066590965,0.9861417252739291,1648.7238066590965,0.9897411164397263,1648.7126957836783,0.9694293862358014,1648.6738077192515,0.9824346700169024
1648.725195518524,1.0153380995955383,1648.725195518524,0.9895690247066043,1648.714084643105,0.9847980388075086,1648.6751965786789,0.991262342541404
1648.726584377485,1.0103975096255235,1648.726584377485,0.9895486834268787,1648.715473502533,0.9929008576990032,1648.676585438572,0.9798331829783404
1648.7279732369118,1.0012351194079987,1648.7279732369118,0.9894429444107594,1648.7168623619605,0.9920707570051902,1648.677974297999,1.0042185741355392
1648.729362096339,1.010303718694092,1648.729362096339,0.9893086909339941,1648.718251221387,0.9820222013640466,1648.679363157427,0.9885635256371256
1648.7307509557666,0.9946612689025288,1648.7307509557666,0.9891509891113002,1648.7196400808143,0.9821613546733868,1648.6807520168534,0.9903845665641188
1648.7321398151937,1.0109989830015926,1648.7321398151937,0.9890290891009413,1648.7210289402412,0.9937142634379542,1648.68214087628,1.000315827238886
1648.733528674621,0.9974634926280541,1648.733528674621,0.9888232858423408,1648.7224177996684,1.0002064494675988,1648.6835297357072,0.9797907571394382
1648.7349175340476,0.9963482386128125,1648.7349175340476,0.9886899030709867,1648.7238066590965,0.9760250121404164,1648.6849185951346,0.9927122219203552
1648.7363063934745,1.019819514494393,1648.7363063934745,0.9885458611887259,1648.725195518524,1.004747132964214,1648.686307454562,0.9920951109857364
1648.737695252902,1.006175923612093,1648.737695252902,0.9883762021945423,1648.726584377485,0.9998375253877338,1648.6876963139891,0.9904047037777156
1648.739084112329,0.9997434084758943,1648.739084112329,0.9882583397016498,1648.7279732369118,0.9906650245945084,1648.6890851734158,0.9967223672895232
1648.740472971291,1.0047002947012258,1648.740472971291,0.9881712239966753,1648.729362096339,0.9995022493869984,1648.6904740328423,1.0029525113730078
1648.741861830718,1.0010108413457872,1648.741861830718,0.9879251224533683,1648.7307509557666,0.9838701779656372,1648.6918628922706,0.9926432046327296
1648.7432506901455,0.9790256497101216,1648.7432506901455,0.9877717542635271,1648.7321398151937,0.9999074032400432,1648.6932517516989,1.0201908267763324
1648.7446395495724,1.004235079247409,1648.7446395495724,0.9877796033511672,1648.733528674621,0.98631512828825,1648.6946406111254,0.9862789845715382
1648.7460284089996,0.9883166086878273,1648.7460284089996,0.9876249206505668,1648.7349175340476,0.98507944345905,1648.696029470552,0.9991298830483988
1648.7474172684276,1.0177403364701811,1648.7474172684276,0.9874869515882098,1648.7363063934745,1.008138360212928,1648.6974183299797,0.976185249284505
1648.7488061278543,1.0108851159026502,1648.7488061278543,0.9874161046734035,1648.737695252902,0.9944803381193064,1648.6988071894064,1.008122956105091
1648.7501949868154,1.0242461537019851,1648.7501949868154,0.9873349253941635,1648.739084112329,0.9880047609880556,1648.7001960488335,1.0034952695189625
1648.7515838462425,1.0162242519454547,1648.7515838462425,0.9872127389442684,1648.740472971291,0.9928159199647306,1648.7015849082616,0.9860372519519112
1648.7529727056692,0.9911161335714195,1648.7529727056692,0.9870637803308631,1648.741861830718,0.988923758013686,1648.7029737676885,0.98798772180732
1648.7543615650968,1.0244371168997677,1648.7543615650968,0.9869186082160573,1648.7432506901455,0.9670538834831562,1648.704362627115,0.9712256428999068
1648.7557504245249,0.9846226310333949,1648.7557504245249,0.9867235459897554,1648.7446395495724,0.9919629282503336,1648.705751486542,0.9966800275070896
1648.7571392834864,1.0156037354138432,1648.7571392834864,0.9865856518066403,1648.7460284089996,0.9760861122329528,1648.7071403459702,0.9869284527382608
1648.758528142913,1.011210584587171,1648.758528142913,0.9864922801544532,1648.7474172684276,1.005005302369298,1648.7085292053978,1.0014837856274854
1648.7599170023398,1.0000778245685984,1648.7599170023398,0.9864356007886526,1648.7488061278543,0.9981642434169168,1648.7099180648245,0.9833412749110886
1648.7613058617678,1.0106628733420755,1648.7613058617678,0.986305173537818,1648.7501949868154,1.0112739997506084,1648.7113069242516,1.0056866114293144
1648.7626947211954,1.0100607682832239,1648.7626947211954,0.9861747172219197,1648.7515838462425,1.0032295271446627,1648.7126957836783,0.9694293862358014
1648.7640835801565,1.0144071563148136,1648.7640835801565,0.9860464503902016,1648.7529727056692,0.978294837549914,1648.714084643105,0.9847980388075086
1648.7654724395836,0.9967195989465351,1648.7654724395836,0.985892626100373,1648.7543615650968,1.0110360536155891,1648.715473502533,0.9929008576990032
1648.7668612990103,1.0056728325363669,1648.7668612990103,0.985751062806878,1648.7557504245249,0.971550333955034,1648.7168623619605,0.9920707570051902
1648.768250158437,1.0125233102904159,1648.768250158437,0.9855983175549404,1648.7571392834864,1.001980073280525,1648.718251221387,0.9820222013640466
1648.769639017865,1.0018198599995738,1648.769639017865,0.9855925466419627,1648.758528142913,0.997551435305716,1648.7196400808143,0.9821613546733868
1648.7710278768266,0.9988265784073231,1648.7710278768266,0.9854463915490411,1648.7599170023398,0.986512369713734,1648.7210289402412,0.9937142634379542
1648.7724167362533,1.017140269772825,1648.7724167362533,0.9853205810832872,1648.7613058617678,0.9968220206798856,1648.7224177996684,1.0002064494675988
1648.7738055956809,1.021944560869777,1648.7738055956809,0.985232778296658,1648.7626947211954,0.9960963925386632,1648.7238066590965,0.9760250121404164
1648.775194455108,1.0215309673326987,1648.775194455108,0.9851291681981508,1648.7640835801565,1.0002525757346403,1648.725195518524,1.004747132964214
1648.77658331407,0.9991706970697678,1648.77658331407,0.9850133785748333,1648.7654724395836,0.98265850289111,1648.726584377485,0.9998375253877338
1648.7779721734971,1.0302083754316735,1648.7779721734971,0.9849336672342419,1648.7668612990103,0.991343063508727,1648.7279732369118,0.9906650245945084
1648.7793610329247,1.0228411067802914,1648.7793610329247,0.9848040894901362,1648.768250158437,0.9979412711073928,1648.729362096339,0.9995022493869984
1648.7807498923512,1.0277492814496871,1648.7807498923512,0.9846794395826757,1648.769639017865,0.9873861870934746,1648.7307509557666,0.9838701779656372
1648.782138751312,1.0084232266835353,1648.782138751312,0.984640739682412,1648.7710278768266,0.984290047474772,1648.7321398151937,0.9999074032400432
1648.7835276107396,1.0250311831354812,1648.7835276107396,0.9846085945603645,1648.7724167362533,1.0022092416557713,1648.733528674621,0.98631512828825
1648.7849164701668,1.009598725027754,1648.7849164701668,0.984516818998299,1648.7738055956809,1.0068532789708886,1648.7349175340476,0.98507944345905
1648.7863053291287,1.0132718711705988,1648.7863053291287,0.984471712419511,1648.775194455108,1.0063399521371137,1648.7363063934745,1.008138360212928
1648.787694188556,1.0076484545824385,1648.787694188556,0.9843471049785685,1648.77658331407,0.9841965040936632,1648.737695252902,0.9944803381193064
1648.7890830479826,0.9981744694600404,1648.7890830479826,0.9842304661701026,1648.7779721734971,1.014686913229349,1648.739084112329,0.9880047609880556
1648.7904719074093,1.0189669609555478,1648.7904719074093,0.9840652423170855,1648.7793610329247,1.007298104855848,1648.740472971291,0.9928159199647306
1648.7918607663717,1.0292186889589288,1648.7918607663717,0.9840282312992001,1648.7807498923512,1.0120035864893755,1648.741861830718,0.988923758013686
1648.7932496257995,1.0303913435997731,1648.7932496257995,0.9839120631693605,1648.782138751312,0.9929345918346008,1648.7432506901455,0.9670538834831562
1648.7946384852264,1.0038428658714995,1648.7946384852264,0.9838267241319957,1648.7835276107396,1.0092545126075738,1648.7446395495724,0.9919629282503336
1648.7960273441877,1.0177037047866402,1648.7960273441877,0.9837015922034074,1648.7849164701668,0.9939669252290628,1648.7460284089996,0.9760861122329528
1648.7974162036148,1.004839526688525,1648.7974162036148,0.98366912877099,1648.7863053291287,0.9975374941578417,1648.7474172684276,1.005005302369298
1648.7988050630413,0.9947333725049334,1648.7988050630413,0.9835602510276451,1648.787694188556,0.9918758391043518,1648.7488061278543,0.9981642434169168
1648.8001939220032,0.9980236994960578,1648.8001939220032,0.9834639403214297,1648.7890830479826,0.9824337233957504,1648.7501949868154,1.0112739997506084
1648.8015827814313,1.00909654597684,1648.8015827814313,0.983445105561988,1648.7904719074093,1.0027299693458254,1648.7515838462425,1.0032295271446627
1648.802971640858,1.0178985873322066,1648.802971640858,0.983359219043588,1648.7918607663717,1.0127802461163362,1648.7529727056692,0.978294837549914
1648.804360499819,1.0184740180912024,1648.804360499819,0.9833188814434307,1648.7932496257995,1.0138144727531022,1648.7543615650968,1.0110360536155891
1648.8057493592462,1.0208236137177875,1648.8057493592462,0.9832016601853242,1648.7946384852264,0.9876074382736316,1648.7557504245249,0.971550333955034
1648.8085270776353,1.0031902061964453,1648.8085270776353,0.9831576548673292,1648.7960273441877,1.0011167547899245,1648.7571392834864,1.001980073280525
1648.809915937063,1.0098885028831972,1648.809915937063,0.9830923707539041,1648.7974162036148,0.9884296217723554,1648.758528142913,0.997551435305716
1648.81130479649,1.021773531902193,1648.81130479649,0.9829643302828623,1648.7988050630413,0.9783802055665284,1648.7599170023398,0.986512369713734
1648.812693655451,1.012072002596122,1648.812693655451,0.9829515716074436,1648.8001939220032,0.9815203200405636,1648.7613058617678,0.9968220206798856
1648.8140825148778,1.0262470588380814,1648.8140825148778,0.9829600497657479,1648.8015827814313,0.9923910591804308,1648.7626947211954,0.9960963925386632
1648.8154713738402,1.0257062910061334,1648.8154713738402,0.9828993730815596,1648.802971640858,1.0009599599045702,1648.7640835801565,1.0002525757346403
1648.818249092694,1.007126471816759,1648.818249092694,0.9828223485425583,1648.804360499819,1.0014847322486375,1648.7654724395836,0.98265850289111
1648.819637951656,1.0176519696642492,1648.819637951656,0.9828842309654714,1648.8057493592462,1.0036754717637109,1648.7668612990103,0.991343063508727
1648.821026811083,1.0154606453462451,1648.821026811083,0.9829732961356609,1648.8071382186738,1.0313752417433766,1648.768250158437,0.9979412711073928
1648.8224156700442,1.0152561110845986,1648.8224156700442,0.9829656061239642,1648.8085270776353,0.9862941305099696,1648.769639017865,0.9873861870934746
1648.8238045294722,1.0255100223328437,1648.8238045294722,0.9829815010320989,1648.809915937063,0.9928136824965532,1648.7710278768266,0.984290047474772
1648.8251933888998,1.016399308689031,1648.8251933888998,0.9829952413287211,1648.81130479649,1.004366935486994,1648.7724167362533,1.0022092416557713
1648.8265822478609,1.0336136913250529,1648.8265822478609,0.9830678145029879,1648.812693655451,0.994817765531751,1648.7738055956809,1.0068532789708886
1648.8279711072876,1.0179610886433959,1648.8279711072876,0.983077352486145,1648.8140825148778,1.008759860027433,1648.775194455108,1.0063399521371137
1648.829359966249,1.0139948886406318,1648.829359966249,0.983152676398293,1648.8154713738402,1.0081660703957402,1648.77658331407,0.9841965040936632
1648.8307488256762,1.016192431993008,1648.8307488256762,0.9831964556327734,1648.816860233267,1.0283704080376053,1648.7779721734971,1.014686913229349
1648.8321376846382,1.0261397451561514,1648.8321376846382,0.9833062211444712,1648.818249092694,0.9898264043103276,1648.7793610329247,1.007298104855848
1648.8335265440653,1.0124680290265178,1648.8335265440653,0.9833286489698976,1648.819637951656,1.0002340735939428,1648.7807498923512,1.0120035864893755
1648.834915403492,1.0332970412174836,1648.834915403492,0.9833111371008431,1648.821026811083,0.998170697652044,1648.782138751312,0.9929345918346008
1648.836304262453,1.0342547747197852,1648.836304262453,0.9833555382662709,1648.8224156700442,0.9979618386033312,1648.7835276107396,1.0092545126075738
1648.837693121881,1.0121042796028044,1648.837693121881,0.983401823483594,1648.8238045294722,1.0080573810762,1648.7849164701668,0.9939669252290628
1648.839081980843,1.0191691766989435,1648.839081980843,0.9834715725225269,1648.8251933888998,0.9991156837311194,1648.7863053291287,0.9975374941578417
1648.8404708402695,1.0075197243686684,1648.8404708402695,0.983540984672722,1648.8265822478609,1.0161123525712856,1648.787694188556,0.9918758391043518
1648.8418596992312,1.0197149924530458,1648.8418596992312,0.9835981934039452,1648.8279711072876,1.0007344919574637,1648.7890830479826,0.9824337233957504
1648.8432485586588,1.0005940033302183,1648.8432485586588,0.9836714126473597,1648.829359966249,0.9969117886212262,1648.7904719074093,1.0027299693458254
1648.8446374176197,0.9975593338008378,1648.8446374176197,0.9836879788087658,1648.8307488256762,0.9991167973763736,1648.7918607663717,1.0127802461163362
1648.846026277047,1.0071529006982483,1648.846026277047,0.983731342633127,1648.8321376846382,1.009009595175646,1648.7932496257995,1.0138144727531022
1648.8474151360094,1.0217923240335531,1648.8474151360094,0.983815174652853,1648.8335265440653,0.9955888191078607,1648.7946384852264,0.9876074382736316
1648.848803995436,0.999222789444903,1648.848803995436,0.9838274624063321,1648.834915403492,1.0160524885625004,1648.7960273441877,1.0011167547899245
1648.8501928543972,1.0119153271780448,1648.8501928543972,0.9839190820066717,1648.836304262453,1.0170401606990351,1648.7974162036148,0.9884296217723554
1648.8515817138243,0.9662285393000505,1648.8515817138243,0.9838970858460866,1648.837693121881,0.9953051941169471,1648.7988050630413,0.9783802055665284
1648.8529705727865,0.9919492127118804,1648.8529705727865,0.9839220912435238,1648.839081980843,1.002323912874599,1648.8001939220032,0.9815203200405636
1648.8543594322134,1.0021425596481435,1648.8543594322134,0.9839558903914752,1648.8404708402695,0.9909369417827496,1648.8015827814313,0.9923910591804308
1648.8557482911754,0.9868651934752767,1648.8557482911754,0.9840526672949629,1648.8418596992312,1.0029898243637334,1648.802971640858,1.0009599599045702
1648.857137150602,1.011081504515279,1648.857137150602,0.984064657719607,1648.8432485586588,0.9842557167423128,1648.804360499819,1.0014847322486375
1648.858526009563,1.0056487192304115,1648.858526009563,0.9840581857106924,1648.8446374176197,0.9812871248083651,1648.8057493592462,1.0036754717637109
1648.8599148689902,0.9942667485761629,1648.8599148689902,0.9840780970851317,1648.846026277047,0.9907678752407362,1648.8071382186738,1.0313752417433766
1648.8613037279526,1.0075677986166185,1648.8613037279526,0.9840464569722791,1648.8474151360094,1.0052547937280145,1648.8085270776353,0.9862941305099696
1648.8626925873798,0.9799731610469169,1648.8626925873798,0.9840718175544892,1648.848803995436,0.9830628213181556,1648.809915937063,0.9928136824965532
1648.8640814463408,0.9763657063628939,1648.8640814463408,0.9840813865400043,1648.8501928543972,0.9956427997855026,1648.81130479649,1.004366935486994
1648.8654703053028,0.9852578519841761,1648.8654703053028,0.9840916240973328,1648.8515817138243,0.9506694440786406,1648.812693655451,0.994817765531751
1648.8668591647297,0.9862107259223609,1648.8668591647297,0.9840859456504558,1648.8529705727865,0.9760007437788404,1648.8140825148778,1.008759860027433
1648.868248023691,0.9957234211575635,1648.868248023691,0.9840940593341652,1648.8543594322134,0.9860640745777811,1648.8154713738402,1.0081660703957402
1648.869636883119,0.9721043855923501,1648.869636883119,0.9840942776240832,1648.8557482911754,0.9711273258999056,1648.816860233267,1.0283704080376053
1648.87102574208,0.9830442633834442,1648.87102574208,0.9841326385527093,1648.857137150602,0.9949695746674534,1648.818249092694,0.9898264043103276
1648.8724146015068,0.9877908540069305,1648.8724146015068,0.9841167411652992,1648.858526009563,0.9896168541081602,1648.819637951656,1.0002340735939428
1648.8738034604687,0.980273315355764,1648.8738034604687,0.9841218736875896,1648.8599148689902,0.9784361299338515,1648.821026811083,0.998170697652044
1648.8751923194302,0.9914187152593681,1648.8751923194302,0.9841422446422782,1648.8613037279526,0.9914935223880422,1648.8224156700442,0.9979618386033312
1648.8765811788576,0.9831330052885833,1648.8765811788576,0.9841905194247373,1648.8626925873798,0.9643639697460578,1648.8238045294722,1.0080573810762
1648.8779700378193,0.9712193257189174,1648.8779700378193,0.9841743127405815,1648.8640814463408,0.9608233180877074,1648.8251933888998,0.9991156837311194
1648.8793588972464,0.9827927657926904,1648.8793588972464,0.9841697171101087,1648.8654703053028,0.9695839997137574,1648.8265822478609,1.0161123525712856
1648.8807477562077,0.9749807700519612,1648.8807477562077,0.9841743781311485,1648.8668591647297,0.970516114829929,1648.8279711072876,1.0007344919574637
1648.8821366151683,0.9692356364435858,1648.8821366151683,0.9841865657503325,1648.868248023691,0.9798855035010492,1648.829359966249,0.9969117886212262
1648.8835254745966,0.987353901080092,1648.8835254745966,0.9842560588817825,1648.869636883119,0.9566423631147071,1648.8307488256762,0.9991167973763736
1648.8849143335583,0.9682929512514373,1648.8849143335583,0.9842552221348974,1648.87102574208,0.9674459447376534,1648.8321376846382,1.009009595175646
1648.8863031929852,0.9960574888406216,1648.8863031929852,0.9842736389219536,1648.8724146015068,0.9721015161981883,1648.8335265440653,0.9955888191078607
1648.8876920519467,0.9767023578310903,1648.8876920519467,0.9842745766190332,1648.8738034604687,0.9647084118338599,1648.834915403492,1.0160524885625004
1648.8890809109078,0.9810057217013894,1648.8890809109078,0.9843024438413723,1648.8751923194302,0.9756970398157182,1648.836304262453,1.0170401606990351
1648.8904697703344,0.9913817450329528,1648.8904697703344,0.9842915155905623,1648.8765811788576,0.9675901831385738,1648.837693121881,0.9953051941169471
1648.8918586292968,0.9747311490733308,1648.8918586292968,0.9843092915369648,1648.8779700378193,0.9558491124097865,1648.839081980843,1.002323912874599
1648.8932474882592,0.9553012044930385,1648.8932474882592,0.9843175069255644,1648.8793588972464,0.9672348782880534,1648.8404708402695,0.9909369417827496
1648.894636347686,0.9929449828319159,1648.894636347686,0.9843407989340236,1648.8807477562077,0.9595510930557172,1648.8418596992312,1.0029898243637334
1648.896025206647,0.9782560876665886,1648.896025206647,0.9844245517090042,1648.8821366151683,0.9539086924342505,1648.8432485586588,0.9842557167423128
1648.8974140656085,0.9907872625704526,1648.8974140656085,0.9844303997767048,1648.8835254745966,0.9718090593986447,1648.8446374176197,0.9812871248083651
1648.8988029250352,0.9825492128253598,1648.8988029250352,0.9844504961617736,1648.8849143335583,0.9530473938256387,1648.846026277047,0.9907678752407362
1648.9001917839971,0.9667505654738051,1648.9001917839971,0.9844566672740483,1648.8863031929852,0.9803931291166219,1648.8474151360094,1.0052547937280145
1648.9015806429595,0.9670227222056684,1648.9015806429595,0.9843733755282643,1648.8876920519467,0.9613432997370078,1648.848803995436,0.9830628213181556
1648.9029695023862,0.9835629681594794,1648.9029695023862,0.9843571735760765,1648.8890809109078,0.9656063292930468,1648.8501928543972,0.9956427997855026
1648.9043583613472,0.9717505385183535,1648.9043583613472,0.9844628250792684,1648.8904697703344,0.9758086403473015,1648.8515817138243,0.9506694440786406
1648.9057472203087,0.9850839921698838,1648.9057472203087,0.9844632318067978,1648.8918586292968,0.9594369267833819,1648.8529705727865,0.9760007437788404
1648.9071360797363,0.9756405717596215,1648.9071360797363,0.9844170273075971,1648.8932474882592,0.9403196999695764,1648.8543594322134,0.9860640745777811
1648.9085249386978,0.9864502943770855,1648.9085249386978,0.9845052180183509,1648.894636347686,0.9773962576982984,1648.8557482911754,0.9711273258999056
1648.909913797659,0.9699420404079794,1648.909913797659,0.9845056559020423,1648.896025206647,0.9630193105577858,1648.857137150602,0.9949695746674534
1648.9113026566213,0.990092151821232,1648.9113026566213,0.9845072625507192,1648.8974140656085,0.9753611009858976,1648.858526009563,0.9896168541081602
1648.912691516048,0.9994879478016084,1648.912691516048,0.9844500244596373,1648.8988029250352,0.9672710600692855,1648.8599148689902,0.9784361299338515
1648.914080375009,0.962948087112209,1648.914080375009,0.9844528060424224,1648.9001917839971,0.9517240397716439,1648.8613037279526,0.9914935223880422
1648.9154692339714,0.9843763182355852,1648.9154692339714,0.9844758675611721,1648.9015806429595,0.9519114212701248,1648.8626925873798,0.9643639697460578
1648.9168580933986,0.9754175907397011,1648.9168580933986,0.9845693686369831,1648.9029695023862,0.9681772633715617,1648.8640814463408,0.9608233180877074
1648.9182469523596,0.9612242452367309,1648.9182469523596,0.9845461642324719,1648.9043583613472,0.9566522804220787,1648.8654703053028,0.9695839997137574
1648.9196358113215,0.9805934968936101,1648.9196358113215,0.9846638036491497,1648.9057472203087,0.9697789705327062,1648.8668591647297,0.970516114829929
1648.9210246702826,0.9694848019062235,1648.9210246702826,0.9846829620258792,1648.9071360797363,0.9604371913722909,1648.868248023691,0.9798855035010492
1648.9224135297095,0.9671281246138271,1648.9224135297095,0.98470997921925,1648.9085249386978,0.971165462129979,1648.869636883119,0.9566423631147071
1648.923802388672,0.9815448191131545,1648.923802388672,0.9847512066092252,1648.909913797659,0.954913424678823,1648.87102574208,0.9674459447376534
1648.9251912476332,0.9798830969938115,1648.9251912476332,0.9848221221028097,1648.9113026566213,0.9747529140624722,1648.8724146015068,0.9721015161981883
1648.9265801065942,0.9868568265457662,1648.9265801065942,0.9848664078178857,1648.912691516048,0.983945934660406,1648.8738034604687,0.9647084118338599
1648.9279689660214,0.9585353841876972,1648.9279689660214,0.9849811691725636,1648.914080375009,0.9479769464307971,1648.8751923194302,0.9756970398157182
1648.9293578249833,0.9938328452839713,1648.9293578249833,0.9849435008106173,1648.9154692339714,0.9690947299016502,1648.8765811788576,0.9675901831385738
1648.9307466839448,0.9752455524134184,1648.9307466839448,0.9850284714017202,1648.9168580933986,0.9603662814719947,1648.8779700378193,0.9558491124097865
1648.9321355429067,0.9618707406628066,1648.9321355429067,0.9850311917115944,1648.9182469523596,0.9463696436150763,1648.8793588972464,0.9672348782880534
1648.9335244018682,0.977662513362862,1648.9335244018682,0.9850743661389307,1648.9196358113215,0.9655549224848828,1648.8807477562077,0.9595510930557172
1648.934913261295,0.9742148369844424,1648.934913261295,0.985087978159551,1648.9210246702826,0.9546351663800929,1648.8821366151683,0.9539086924342505
1648.936302120256,0.9765149139411693,1648.936302120256,0.985129084581257,1648.9224135297095,0.9523407154908339,1648.8835254745966,0.9718090593986447
1648.9376909792184,0.9743264280186804,1648.9376909792184,0.9851854427374224,1648.923802388672,0.9665774449627126,1648.8849143335583,0.9530473938256387
1648.9390798381803,0.9811206209907558,1648.9390798381803,0.9852127654271748,1648.9251912476332,0.9650105509941188,1648.8863031929852,0.9803931291166219
1648.9404686971411,0.9652101340170217,1648.9404686971411,0.9852588041570064,1648.9265801065942,0.9719221377906871,1648.8876920519467,0.9613432997370078
1648.9418575565685,0.9672883234521602,1648.9418575565685,0.9852905301027687,1648.9279689660214,0.9441393034104705,1648.8890809109078,0.9656063292930468
1648.9432464155295,0.9756550329572813,1648.9432464155295,0.9853630481137614,1648.9293578249833,0.9788692018545713,1648.8904697703344,0.9758086403473015
1648.9446352744906,0.9707324061345289,1648.9446352744906,0.9853515667468231,1648.9307466839448,0.9606446357351157,1648.8918586292968,0.9594369267833819
1648.946024133453,0.9804012709684653,1648.946024133453,0.9853674146320568,1648.9321355429067,0.9474726819475984,1648.8932474882592,0.9403196999695764
1648.9474129924154,0.9617228650949945,1648.9474129924154,0.9853953614166723,1648.9335244018682,0.9630702806487152,1648.894636347686,0.9773962576982984
1648.948801851842,0.9835966486395283,1648.948801851842,0.9855295398221074,1648.934913261295,0.9596873240580409,1648.896025206647,0.9630193105577858
1648.950190710803,0.965532361908451,1648.950190710803,0.9855238850057481,1648.936302120256,0.9619932432508091,1648.8974140656085,0.9753611009858976
1648.9515795697646,0.9776623993525849,1648.9515795697646,0.9855545043698761,1648.9376909792184,0.959892213358355,1648.8988029250352,0.9672710600692855
1648.9529684287263,0.97365055468601,1648.9529684287263,0.9856045637392375,1648.9390798381803,0.9666125602239296,1648.9001917839971,0.9517240397716439
1648.954357287688,0.9784092609667194,1648.954357287688,0.9856435731266484,1648.9404686971411,0.9509817824018347,1648.9015806429595,0.9519114212701248
1648.95574614665,0.9846067749000836,1648.95574614665,0.9857776158577728,1648.9418575565685,0.9530600249763973,1648.9029695023862,0.9681772633715617
1648.9571350056108,0.9885624574748231,1648.9571350056108,0.985817096427475,1648.9432464155295,0.9613744171823191,1648.9043583613472,0.9566522804220787
1648.9585238645716,0.966304316838021,1648.9585238645716,0.9858914127833381,1648.9446352744906,0.9565126972765715,1648.9057472203087,0.9697789705327062
1648.9599127239992,0.9861328639062639,1648.9599127239992,0.9859257691249881,1648.946024133453,0.9660554656761792,1648.9071360797363,0.9604371913722909
1648.9613015829616,0.9609192845525089,1648.9613015829616,0.9859909012016633,1648.9474129924154,0.9476772502329597,1648.9085249386978,0.971165462129979
1648.962690441923,1.0010985040718938,1648.962690441923,0.9859873924258052,1648.948801851842,0.9693635525042815,1648.909913797659,0.954913424678823
1648.964079300884,0.9797099071276857,1648.964079300884,0.9861456614927445,1648.950190710803,0.9515552044067926,1648.9113026566213,0.9747529140624722
1648.965468159846,0.9821200307667656,1648.965468159846,0.9862487023366716,1648.9515795697646,0.9635395814350007,1648.912691516048,0.983945934660406
1648.966857018807,0.9791860343315278,1648.966857018807,0.986311065221818,1648.9529684287263,0.9596344301857715,1648.914080375009,0.9479769464307971
1648.9682458777686,0.9707311868590707,1648.9682458777686,0.9863550277430942,1648.954357287688,0.9643627999594407,1648.9154692339714,0.9690947299016502
1648.969634736731,0.9878882190590319,1648.969634736731,0.9864558102666222,1648.95574614665,0.9706033191184152,1648.9168580933986,0.9603662814719947
1648.971023595692,0.9613825500778725,1648.971023595692,0.9864845272986147,1648.9571350056108,0.9745417714650393,1648.9182469523596,0.9463696436150763
1648.9724124551187,0.9769222724651756,1648.9724124551187,0.9865585763353627,1648.9585238645716,0.9526711281060749,1648.9196358113215,0.9655549224848828
1648.9738013140802,0.9699521897893424,1648.9738013140802,0.9865401845708609,1648.9599127239992,0.9722538023062104,1648.9210246702826,0.9546351663800929
1648.9751901730413,0.9843647370147758,1648.9751901730413,0.9866542942191876,1648.9613015829616,0.9474576713579858,1648.9224135297095,0.9523407154908339
1648.9765790320032,0.9844354895924191,1648.9765790320032,0.9866745748104883,1648.962690441923,0.9870705035912211,1648.923802388672,0.9665774449627126
1648.9779678909656,0.9586191355698629,1648.9779678909656,0.9866709756498282,1648.964079300884,0.966136674435427,1648.9251912476332,0.9650105509941188
1648.979356749927,0.9808854342506053,1648.979356749927,0.986705832590463,1648.965468159846,0.9686146058825745,1648.9265801065942,0.9719221377906871
1648.980745608888,0.9753709362950481,1648.980745608888,0.9867157940147293,1648.966857018807,0.9657820205718569,1648.9279689660214,0.9441393034104705
1648.9821344678492,0.9725893652819801,1648.9821344678492,0.9867998224879544,1648.9682458777686,0.9574855867454655,1648.9293578249833,0.9788692018545713
1648.9835233268116,0.9742260872547981,1648.9835233268116,0.9868076798193629,1648.969634736731,0.9745080735847277,1648.9307466839448,0.9606446357351157
1648.9849121857735,0.9736827631063862,1648.9849121857735,0.9868189105787522,1648.971023595692,0.9483890104667069,1648.9321355429067,0.9474726819475984
1648.9863010447343,0.978139016281209,1648.9863010447343,0.9869056893529996,1648.9724124551187,0.963791046313551,1648.9335244018682,0.9630702806487152
1648.987689903696,0.9769756358978297,1648.987689903696,0.9868486679526597,1648.9738013140802,0.9568968123396886,1648.934913261295,0.9596873240580409
1648.989078762657,0.9581549370469824,1648.989078762657,0.98687883940892,1648.9751901730413,0.9712276948535699,1648.936302120256,0.9619932432508091
1648.990467621618,0.9726721935799085,1648.990467621618,0.9869385025437014,1648.9765790320032,0.971317468121955,1648.9376909792184,0.959892213358355
1648.9918564805805,0.9805077124807036,1648.9918564805805,0.986898514057336,1648.9779678909656,0.9458416777693115,1648.9390798381803,0.9666125602239296
1648.993245339542,0.9839091537534871,1648.993245339542,0.9869282912226276,1648.979356749927,0.9678453790781013,1648.9404686971411,0.9509817824018347
1648.994634198503,0.9834647609563489,1648.994634198503,0.9870247936945833,1648.980745608888,0.9624139078652584,1648.9418575565685,0.9530600249763973
1648.996023057465,0.9657317076358863,1648.996023057465,0.9870461509482821,1648.9821344678492,0.9597510130139303,1648.9432464155295,0.9613744171823191
1648.9974119164265,0.9800114012280583,1648.9974119164265,0.987131588060763,1648.9835233268116,0.9613737847834035,1648.9446352744906,0.9565126972765715
1648.9988007753884,0.9695861854622653,1648.9988007753884,0.9870859427980413,1648.9849121857735,0.9608485635379532,1648.946024133453,0.9660554656761792
1649.00018963435,0.9754327404509956,1649.00018963435,0.9870791651985162,1648.9863010447343,0.9653309601460714,1648.9474129924154,0.9476772502329597
1649.001578493312,0.9563539690384713,1649.001578493312,0.9870762520558236,1648.987689903696,0.9641271049079758,1648.948801851842,0.9693635525042815
1649.002967352273,0.9801094359989122,1649.002967352273,0.9870935383943908,1648.989078762657,0.9455828322468528,1648.950190710803,0.9515552044067926
1649.0043562112337,0.9823065589776881,1649.0043562112337,0.9871888144974228,1648.990467621618,0.9599676381976522,1648.9515795697646,0.9635395814350007
1649.0057450701954,0.9762928616651778,1649.0057450701954,0.9871498215366051,1648.9918564805805,0.967661604468964,1648.9529684287263,0.9596344301857715
1649.007133929157,0.9782676197254082,1649.007133929157,0.9872802670720946,1648.993245339542,0.9710477798322306,1648.954357287688,0.9643627999594407
1649.0085227881189,0.9868976342757871,1649.0085227881189,0.9871457515265459,1648.994634198503,0.970704102788833,1648.95574614665,0.9706033191184152
1649.0099116470803,0.9995292831293755,1649.0099116470803,0.9871884584333283,1648.996023057465,0.9532217648707133,1648.9571350056108,0.9745417714650393
1649.0113005060414,0.967910799908244,1649.0113005060414,0.9871145327167955,1648.9974119164265,0.9674002108119067,1648.9585238645716,0.9526711281060749
1649.0126893650024,0.9773972533519947,1649.0126893650024,0.987037971259378,1648.9988007753884,0.9570648940009766,1648.9599127239992,0.9722538023062104
1649.0140782239648,0.9762006155537546,1649.0140782239648,0.9871083267068695,1649.00018963435,0.9628293351516697,1648.9613015829616,0.9474576713579858
1649.0154670829272,0.9741915252139849,1649.0154670829272,0.9871077331150366,1649.001578493312,0.9439942913972054,1648.962690441923,0.9870705035912211
1649.0168559418885,0.9773676341586703,1649.0168559418885,0.9872319875127262,1649.002967352273,0.967459691193897,1648.964079300884,0.966136674435427
1649.0182448008493,0.9786785186913264,1649.0182448008493,0.987203226970132,1649.0043562112337,0.9697220474302267,1648.965468159846,0.9686146058825745
1649.0196336593456,0.9785069957353318,1649.0196336593456,0.9872259280026299,1649.0057450701954,0.9637473241602418,1648.966857018807,0.9657820205718569
1649.0210225183064,0.9696345698764117,1649.0210225183064,0.9872357729397556,1649.007133929157,0.9658243168704833,1648.9682458777686,0.9574855867454655
1649.022411377268,0.9832525333658828,1649.022411377268,0.9872847433806788,1649.0085227881189,0.9742118068669422,1648.969634736731,0.9745080735847277
1649.0238002362305,0.9812198007381095,1649.0238002362305,0.9873271604707057,1649.0099116470803,0.9867237721714579,1648.971023595692,0.9483890104667069
1649.0251890951915,0.9844840961587338,1649.0251890951915,0.9872536641429286,1649.0113005060414,0.9554388169629661,1648.9724124551187,0.963791046313551
1649.0265779541526,0.9749797335371853,1649.0265779541526,0.9872544668057169,1649.0126893650024,0.9647282020630411,1648.9738013140802,0.9568968123396886
1649.027966813114,0.9769230445421946,1649.027966813114,0.9873302480277193,1649.0140782239648,0.9636157561494827,1648.9751901730413,0.9712276948535699
1649.0293556720765,0.9667574988576039,1649.0293556720765,0.9873265111188667,1649.0154670829272,0.9616319880738566,1648.9765790320032,0.971317468121955
1649.0307445310384,0.9695385982026867,1649.0307445310384,0.9872444426018923,1649.0168559418885,0.9648885920010752,1648.9779678909656,0.9458416777693115
1649.0321333895338,0.9769986670577858,1649.0321333895338,0.9872236806148541,1649.0182448008493,0.966154591818426,1648.979356749927,0.9678453790781013
1649.0335222484953,0.9847181090078863,1649.0335222484953,0.9872863924542407,1649.0196336593456,0.9660074769218784,1648.980745608888,0.9624139078652584
1649.0349111074563,0.9777698044741572,1649.0349111074563,0.9871812789568437,1649.0210225183064,0.9572579340610468,1648.9821344678492,0.9597510130139303
1649.0362999664171,0.9893797809216233,1649.0362999664171,0.9871906728872922,1649.022411377268,0.9707502250825379,1648.9835233268116,0.9613737847834035
1649.0376888253795,0.9775536249679088,1649.0376888253795,0.9871630222604915,1649.0238002362305,0.9687849596603894,1648.9849121857735,0.9608485635379532
1649.0390776843412,0.9804566766291704,1649.0390776843412,0.9870832757039694,1649.0251890951915,0.9719355312231491,1648.9863010447343,0.9653309601460714
1649.0404665433025,0.9736581901832231,1649.0404665433025,0.987110711677091,1649.0265779541526,0.9625530969796338,1648.987689903696,0.9641271049079758
1649.0418554017986,0.9899001930349096,1649.0418554017986,0.9870579942098568,1649.027966813114,0.9645456718718396,1648.989078762657,0.9455828322468528
1649.0432442607596,0.9898388857860763,1649.0432442607596,0.9869986390758788,1649.0293556720765,0.9545053084450797,1648.990467621618,0.9599676381976522
1649.0446331197206,0.9865387784657504,1649.0446331197206,0.9869203374285249,1649.0307445310384,0.9571715929636314,1648.9918564805805,0.967661604468964
1649.046021978683,0.9626695536035705,1649.046021978683,0.9869212162184098,1649.0321333895338,0.9645162200485937,1648.993245339542,0.9710477798322306
1649.0474108376454,0.9758394930867464,1649.0474108376454,0.9868662089901004,1649.0335222484953,0.9721987894267577,1648.994634198503,0.970704102788833
1649.0487996966065,0.9700811364790186,1649.0487996966065,0.9868976178538612,1649.0349111074563,0.9652360461061815,1648.996023057465,0.9532217648707133
1649.0501885551018,0.9928037832918466,1649.0501885551018,0.9869215298626478,1649.0362999664171,0.9767064916690991,1648.9974119164265,0.9674002108119067
1649.051577414063,0.9843651121479046,1649.051577414063,0.9870126557284583,1649.0376888253795,0.9650047908450199,1648.9988007753884,0.9570648940009766
1649.0529662730248,0.9893406052391228,1649.0529662730248,0.9869926789457425,1649.0390776843412,0.9677923880529489,1649.00018963435,0.9628293351516697
1649.0543551319868,0.9848935171852382,1649.0543551319868,0.986986393316468,1649.0404665433025,0.9611084290419897,1649.001578493312,0.9439942913972054
1649.0557439909485,0.971333296177076,1649.0557439909485,0.9869959012650813,1649.0418554017986,0.977088899004988,1649.002967352273,0.967459691193897
1649.0571328494436,0.9971186865252223,1649.0571328494436,0.9869374920768151,1649.0432442607596,0.9769696331752415,1649.0043562112337,0.9697220474302267
1649.058521708405,1.003547961112268,1649.058521708405,0.9868824594667697,1649.0446331197206,0.9736351841297433,1649.0057450701954,0.9637473241602418
1649.0599105673666,0.9971842079130195,1649.0599105673666,0.986844006930627,1649.046021978683,0.9500790066588695,1649.007133929157,0.9658243168704833
1649.061299426328,0.9812420922485008,1649.061299426328,0.9868408655990227,1649.0474108376454,0.9630230211253387,1649.0085227881189,0.9742118068669422
1649.06268828529,0.991321475806948,1649.06268828529,0.9868298919489387,1649.0487996966065,0.9573707627161099,1649.0099116470803,0.9867237721714579
1649.064077143786,0.9933591525556421,1649.064077143786,0.986798688684058,1649.0501885551018,0.9798194286598139,1649.0113005060414,0.9554388169629661
1649.0654660027478,1.0025666999036107,1649.0654660027478,0.9867723602014745,1649.051577414063,0.9715808235475449,1649.0126893650024,0.9647282020630411
1649.0668548617086,0.9843373777139932,1649.0668548617086,0.9867042126686473,1649.0529662730248,0.9764719343547641,1649.0140782239648,0.9636157561494827
1649.0682437206704,1.0098513082812335,1649.0682437206704,0.9866132503037202,1649.0543551319868,0.972076500327429,1649.0154670829272,0.9616319880738566
1649.069632579167,1.0116139913592839,1649.069632579167,0.9866063089314242,1649.0557439909485,0.9587019820890752,1649.0168559418885,0.9648885920010752
1649.071021438128,1.0137232791118314,1649.071021438128,0.9864969488303968,1649.0571328494436,0.9840938157821308,1649.0182448008493,0.966154591818426
1649.0724102970892,1.007658022713215,1649.0724102970892,0.9865263980274827,1649.058521708405,0.9903838800553371,1649.0196336593456,0.9660074769218784
1649.0737991560509,1.0032785953108683,1649.0737991560509,0.986495944561649,1649.0599105673666,0.9840652593848277,1649.0210225183064,0.9572579340610468
1649.075188014546,1.005984608001554,1649.075188014546,0.9864676168335978,1649.061299426328,0.9683297956767066,1649.022411377268,0.9707502250825379
1649.076576873508,1.0249470825086728,1649.076576873508,0.986483222129436,1649.06268828529,0.9782656648572329,1649.0238002362305,0.9687849596603894
1649.0779657324704,1.028183887708377,1649.0779657324704,0.9864031507682007,1649.064077143786,0.9802455091342147,1649.0251890951915,0.9719355312231491
1649.0793545909655,1.008810091878909,1649.0793545909655,0.9863017809149603,1649.0654660027478,0.9893051087232893,1649.0265779541526,0.9625530969796338
1649.0807434499268,1.010724538512596,1649.0807434499268,0.9863411915112286,1649.0668548617086,0.9712498372776065,1649.027966813114,0.9645456718718396
1649.0821323088885,1.0187146875774242,1649.0821323088885,0.986304705083279,1649.0682437206704,0.9963326815868119,1649.0293556720765,0.9545053084450797
1649.0849100263467,1.010068639564012,1649.0849100263467,0.9862036333337265,1649.069632579167,0.9980647460783688,1649.0307445310384,0.9571715929636314
1649.0862988853075,1.0234598416572651,1649.0862988853075,0.9860718921139223,1649.071021438128,1.0000349218021665,1649.0321333895338,0.9645162200485937
1649.0876877442695,1.006415825714443,1649.0876877442695,0.9860252914589747,1649.0724102970892,0.9940812395907633,1649.0335222484953,0.9721987894267577
1649.0890766027649,1.0205931933974728,1649.0890766027649,0.986035297458114,1649.0737991560509,0.9897302655396795,1649.0349111074563,0.9652360461061815
1649.090465461726,1.0328744343217127,1649.090465461726,0.9859869490888138,1649.075188014546,0.9923712388265741,1649.0362999664171,0.9767064916690991
1649.0918543206883,1.0382040065714504,1649.0918543206883,0.9859336603842711,1649.076576873508,1.0110931004653205,1649.0376888253795,0.9650047908450199
1649.093243179184,1.034096051281731,1649.093243179184,0.9858384049040022,1649.0779657324704,1.0142038264046411,1649.0390776843412,0.9677923880529489
1649.0946320381452,1.0245132908963728,1649.0946320381452,0.9858922787602915,1649.0793545909655,0.9949911902251526,1649.0404665433025,0.9611084290419897
1649.096020897107,1.0302218440529272,1649.096020897107,0.9859829833202858,1649.0807434499268,0.9969192456061506,1649.0418554017986,0.977088899004988
1649.0974097556025,1.0311174709902688,1649.0974097556025,0.9860477017675615,1649.0821323088885,1.004763089495056,1649.0432442607596,0.9769696331752415
1649.098798614564,1.0203364619089137,1649.098798614564,0.986048578199456,1649.083521167851,1.0292413886565646,1649.0446331197206,0.9736351841297433
1649.1001874735264,1.0263653186603305,1649.1001874735264,0.9860704124215035,1649.0849100263467,0.9961333622544829,1649.046021978683,0.9500790066588695
1649.1015763320222,1.0043058479317346,1649.1015763320222,0.9860478328553693,1649.0862988853075,1.0092049825655947,1649.0474108376454,0.9630230211253387
1649.1029651909832,1.0068375954380981,1649.1029651909832,0.986163293618842,1649.0876877442695,0.9923514578790085,1649.0487996966065,0.9573707627161099
1649.1043540494786,1.011977516360592,1649.1043540494786,0.9861450210353935,1649.0890766027649,1.0063409130354035,1649.0501885551018,0.9798194286598139
1649.1057429084406,1.012959936902003,1649.1057429084406,0.9861091842436408,1649.090465461726,1.0184007122886998,1649.051577414063,0.9715808235475449
1649.107131767402,1.0048732402130318,1649.107131767402,0.9861695889780109,1649.0918543206883,1.023600276424606,1649.0529662730248,0.9764719343547641
1649.1085206258983,1.014807926143538,1649.1085206258983,0.9861770372663387,1649.093243179184,1.019451601713109,1649.0543551319868,0.972076500327429
1649.1099094848598,1.0033186084458678,1649.1099094848598,0.9862216869485209,1649.0946320381452,1.0100597429820304,1649.0557439909485,0.9587019820890752
1649.1112983438209,1.005225161116659,1649.1112983438209,0.9863054626753585,1649.096020897107,1.0157812072810313,1649.0571328494436,0.9840938157821308
1649.1126872023162,1.0379046858832313,1649.1126872023162,0.9862882418282178,1649.0974097556025,1.0167310125223348,1649.058521708405,0.9903838800553371
1649.1140760612786,1.0373500413843726,1649.1140760612786,0.9864499890541848,1649.098798614564,1.0061013175503477,1649.0599105673666,0.9840652593848277
1649.1154649197754,1.0192675221381782,1649.1154649197754,0.9865750887000561,1649.1001874735264,1.01206847306652,1649.061299426328,0.9683297956767066
1649.1168537787364,1.0053528457166425,1649.1168537787364,0.9866264209861436,1649.1015763320222,0.990293604877061,1649.06268828529,0.9782656648572329
1649.1182426372318,1.0413393888975446,1649.1182426372318,0.9866935146962148,1649.1029651909832,0.99290627925651,1649.064077143786,0.9802455091342147
1649.1196314961933,1.0248574172905305,1649.1196314961933,0.9867194233941576,1649.1043540494786,0.9979565891587612,1649.0654660027478,0.9893051087232893
1649.1210203551543,1.027129796379559,1649.1210203551543,0.9867965886232596,1649.1057429084406,0.998889097049924,1649.0668548617086,0.9712498372776065
1649.1224092136506,1.009038390146989,1649.1224092136506,0.9868796087344982,1649.107131767402,0.9909754302758876,1649.0682437206704,0.9963326815868119
1649.123798072613,1.0112511448459172,1649.123798072613,0.9869471381799689,1649.1085206258983,1.0007802739986318,1649.069632579167,0.9980647460783688
1649.1251869311084,1.0179916496743666,1649.1251869311084,0.9870943865859935,1649.1099094848598,0.9894945705683263,1649.071021438128,1.0000349218021665
1649.1265757900694,1.01206147414044,1649.1265757900694,0.9871565401473965,1649.1112983438209,0.991459067628078,1649.0724102970892,0.9940812395907633
1649.1279646485652,1.0199559996607988,1649.1279646485652,0.9872121115404258,1649.1126872023162,1.023673187825041,1649.0737991560509,0.9897302655396795
1649.1293535075272,1.022879768460816,1649.1293535075272,0.9873545854068707,1649.1140760612786,1.0232939369689724,1649.075188014546,0.9923712388265741
1649.130742366023,1.023497964302833,1649.130742366023,0.9874543247378988,1649.1154649197754,1.0055839460625595,1649.076576873508,1.0110931004653205
1649.1321312249847,1.0211706957346254,1649.1321312249847,0.9875336441097233,1649.1168537787364,0.9919076799976456,1649.0779657324704,1.0142038264046411
1649.1335200839465,1.0382296903497352,1649.1335200839465,0.9876940289847256,1649.1182426372318,1.0274828216229268,1649.0793545909655,0.9949911902251526
1649.1349089424418,1.028020211233057,1649.1349089424418,0.9877859462161611,1649.1196314961933,1.0112467198501378,1649.0807434499268,0.9969192456061506
1649.1362978014029,1.0408644231844149,1649.1362978014029,0.9878531374679255,1649.1210203551543,1.013568179140652,1649.0821323088885,1.004763089495056
1649.1376866598996,1.0219032387648277,1649.1376866598996,0.9879200729840943,1649.1224092136506,0.9957994116663484,1649.083521167851,1.0292413886565646
1649.139075518861,1.0291244461350437,1649.139075518861,0.9879949327330186,1649.123798072613,0.9980514233868952,1649.0849100263467,0.9961333622544829
1649.1418532363184,1.036320838572794,1649.1418532363184,0.9881504539893676,1649.1251869311084,1.0048538429849825,1649.0862988853075,1.0092049825655947
1649.1432420948138,1.0320277031993983,1649.1432420948138,0.9882843948629314,1649.1265757900694,0.9990631032289504,1649.0876877442695,0.9923514578790085
1649.1446309537753,1.022106497400787,1649.1446309537753,0.9884439027432449,1649.1279646485652,1.006912916103463,1649.0890766027649,1.0063409130354035
1649.146019812272,1.0301700856340692,1649.146019812272,0.9885137966649271,1649.1293535075272,1.0099450297097048,1649.090465461726,1.0184007122886998
1649.147408671233,1.022997523566796,1649.147408671233,0.9886153162557054,1649.130742366023,1.010657491211268,1649.0918543206883,1.023600276424606
1649.1487975297284,1.0067624887507027,1649.1487975297284,0.9886506032273954,1649.1321312249847,1.008440418416876,1649.093243179184,1.019451601713109
1649.1501863882245,1.0196025233160781,1649.1501863882245,0.9887128602914211,1649.1335200839465,1.0254532658730942,1649.0946320381452,1.0100597429820304
1649.1515752471862,0.9833437923955515,1649.1515752471862,0.9888576798029621,1649.1349089424418,1.015463917082183,1649.096020897107,1.0157812072810313
1649.152964105682,1.0096012779740453,1649.152964105682,0.9889232688557652,1649.1362978014029,1.0282211861214667,1649.0974097556025,1.0167310125223348
1649.154352964644,1.0338671725696895,1649.154352964644,0.9890363852311802,1649.1376866598996,1.009558722223231,1649.098798614564,1.0061013175503477
1649.1557418231398,1.0155092195771336,1649.1557418231398,0.9892091483828399,1649.139075518861,1.0167697379330976,1649.1001874735264,1.01206847306652
1649.1571306821008,1.008352645756207,1649.1571306821008,0.9893645581107854,1649.1404643773565,1.0375963498976832,1649.1015763320222,0.990293604877061
1649.1585195405962,1.0190691403294094,1649.1585195405962,0.9894112383949715,1649.1418532363184,1.0240409071143486,1649.1029651909832,0.99290627925651
1649.1599083995586,1.0123012068308515,1649.1599083995586,0.9894695137664551,1649.1432420948138,1.0199368741381982,1649.1043540494786,0.9979565891587612
1649.161297258055,1.0170146739543764,1649.161297258055,0.9895644520598212,1649.1446309537753,1.010294935310062,1649.1057429084406,0.998889097049924
1649.1626861165505,1.0034724310601448,1649.1626861165505,0.9896207464278874,1649.146019812272,1.018337342560767,1649.107131767402,0.9909754302758876
1649.1640749755118,1.0097267180940883,1649.1640749755118,0.9895593639354431,1649.147408671233,1.0113510202897915,1649.1085206258983,1.0007802739986318
1649.1654638340071,1.011133392941077,1649.1654638340071,0.9896363628886024,1649.1487975297284,0.9953363418100962,1649.1099094848598,0.9894945705683263
1649.1668526929682,1.012504170758227,1649.1668526929682,0.9896483693142,1649.1501863882245,1.00809412718819,1649.1112983438209,0.991459067628078
1649.168241551465,1.0068960959298638,1649.168241551465,0.9898156108042805,1649.1515752471862,0.9723870609969107,1649.1126872023162,1.023673187825041
1649.169630410427,1.0219471633350656,1649.169630410427,0.9899647145063433,1649.152964105682,0.998418196055051,1649.1140760612786,1.0232939369689724
1649.1710192689227,1.036364843466225,1649.1710192689227,0.9900880947371908,1649.154352964644,1.0225322511675066,1649.1154649197754,1.0055839460625595
1649.172408127418,1.0082966975696879,1649.172408127418,0.99019211448672,1649.1557418231398,1.0045510102728188,1649.1168537787364,0.9919076799976456
1649.1737969863796,0.9980790070217025,1649.1737969863796,0.9902697903160156,1649.1571306821008,0.9976283697884312,1649.1182426372318,1.0274828216229268
1649.1751858448758,1.0104616332222762,1649.1751858448758,0.990377740056436,1649.1585195405962,1.00827846014342,1649.1196314961933,1.0112467198501378
1649.1765747033717,1.0132509328661232,1649.1765747033717,0.9904670405037047,1649.1599083995586,1.0016411829081182,1649.1210203551543,1.013568179140652
1649.1779635623336,1.0388300368685242,1649.1779635623336,0.9904901749615044,1649.161297258055,1.0064015685684602,1649.1224092136506,0.9957994116663484
1649.1793524208288,1.0030101043276394,1649.1793524208288,0.9905795073751869,1649.1626861165505,0.9930571362455474,1649.123798072613,0.9980514233868952
1649.1807412797896,1.0346840101523034,1649.1807412797896,0.9905789037986995,1649.1640749755118,0.9991845289058084,1649.1251869311084,1.0048538429849825
1649.182130138286,1.0003327978977934,1649.182130138286,0.9907293645133425,1649.1654638340071,1.0006543733854194,1649.1265757900694,0.9990631032289504
1649.1835189967817,1.0255171626974844,1649.1835189967817,0.9907952169507769,1649.1668526929682,1.0020231015147056,1649.1279646485652,1.006912916103463
1649.1849078557436,0.9920842246233816,1649.1849078557436,0.9909572481411113,1649.168241551465,0.9966414742092636,1649.1293535075272,1.0099450297097048
1649.1862967142397,1.0133989275918194,1649.1862967142397,0.9911078072937844,1649.169630410427,1.0116916317915656,1649.130742366023,1.010657491211268
1649.1876855727355,1.0179401282236653,1649.1876855727355,0.9911335269964566,1649.1710192689227,1.0260924933200817,1649.1321312249847,1.008440418416876
1649.1890744316968,1.0063725671998711,1649.1890744316968,0.9913072391934078,1649.172408127418,0.998407438996506,1649.1335200839465,1.0254532658730942
1649.1904632901926,1.0214122204988783,1649.1904632901926,0.9913779482597006,1649.1737969863796,0.9883674890021984,1649.1349089424418,1.015463917082183
1649.1918521486891,1.0263013641567151,1649.1918521486891,0.9914854153795457,1649.1751858448758,1.0007387087244133,1649.1362978014029,1.0282211861214667
1649.1932410076504,1.033946905725918,1649.1932410076504,0.9915473520052128,1649.1765747033717,1.0035916527635271,1649.1376866598996,1.009558722223231
1649.1946298661458,1.0203262515267324,1649.1946298661458,0.9916382664993278,1649.1779635623336,1.0289509449731706,1649.139075518861,1.0167697379330976
1649.1960187246418,0.9985200948688424,1649.1960187246418,0.9917302912952631,1649.1793524208288,0.9935612550372078,1649.1404643773565,1.0375963498976832
1649.1974075836026,1.0159860270795051,1649.1974075836026,0.9918441687105033,1649.1807412797896,1.0249361525547112,1649.1418532363184,1.0240409071143486
1649.198796442099,1.0402439111669288,1649.198796442099,0.9919367950806157,1649.182130138286,0.9910590771631348,1649.1432420948138,1.0199368741381982
1649.2001853005956,1.0140903475217682,1649.2001853005956,0.9920242145655576,1649.1835189967817,1.016077499701599,1649.1446309537753,1.010294935310062
1649.201574159091,1.0415430072733878,1649.201574159091,0.9921070719764842,1649.1849078557436,0.9831130531569944,1649.146019812272,1.018337342560767
1649.202963018052,1.005907504713729,1649.202963018052,0.9922180311559486,1649.1862967142397,1.0043875890394007,1649.147408671233,1.0113510202897915
1649.204351876548,1.0059000722047244,1649.204351876548,0.9923094598976213,1649.1876855727355,1.0089145895575466,1649.1487975297284,0.9953363418100962
1649.2057407350442,1.0165542057754078,1649.2057407350442,0.9923407938048864,1649.1890744316968,0.9976244111908864,1649.1501863882245,1.00809412718819
1649.2071295940057,1.015216996139909,1649.2071295940057,0.9925067440349705,1649.1904632901926,1.0126055514855627,1649.1515752471862,0.9723870609969107
1649.208518452502,1.0163203735038828,1649.208518452502,0.9925816407520119,1649.1918521486891,1.0175628343455152,1649.152964105682,0.998418196055051
1649.2099073109978,1.0215536746999465,1649.2099073109978,0.9926478303070245,1649.1932410076504,1.0252073164865174,1649.154352964644,1.0225322511675066
1649.2112961694932,1.007805854229265,1649.2112961694932,0.9926479965874072,1649.1946298661458,1.011794555327726,1649.1557418231398,1.0045510102728188
1649.2126850284542,1.0119012709779103,1649.2126850284542,0.9926925601484672,1649.1960187246418,0.9902626245484508,1649.1571306821008,0.9976283697884312
1649.214073886951,1.0234641807881906,1649.214073886951,0.9926763020535844,1649.1974075836026,1.0076998164501587,1649.1585195405962,1.00827846014342
1649.2154627454468,1.0244538244900734,1649.2154627454468,0.9927008549232571,1649.198796442099,1.031856211345048,1649.1599083995586,1.0016411829081182
1649.216851603942,1.0200964383721982,1649.216851603942,0.9926976870393758,1649.2001853005956,1.0060021804987953,1649.161297258055,1.0064015685684602
1649.218240462904,1.0117182587485356,1649.218240462904,0.9927982989379509,1649.201574159091,1.0333221832835826,1649.1626861165505,0.9930571362455474
1649.2196293214,1.0178799350314462,1649.2196293214,0.9928948710430376,1649.202963018052,0.9980795638520492,1649.1640749755118,0.9991845289058084
1649.2210181798953,0.9964736392787656,1649.2210181798953,0.9929151404954975,1649.204351876548,0.9981641573604484,1649.1654638340071,1.0006543733854194
1649.2224070383916,1.0294162631026542,1649.2224070383916,0.99299210751774,1649.2057407350442,1.008768207504864,1649.1668526929682,1.0020231015147056
1649.2237958968883,1.0020676621795876,1649.2237958968883,0.993075686738876,1649.2071295940057,1.0076097153277843,1649.168241551465,0.9966414742092636
1649.225184755849,1.0137140697435654,1649.225184755849,0.9932103781751297,1649.208518452502,1.0087809438621815,1649.169630410427,1.0116916317915656
1649.2265736143447,1.0191901916092474,1649.2265736143447,0.993280544440485,1649.2099073109978,1.01404303873307,1649.1710192689227,1.0260924933200817
1649.2279624728403,1.005344425085388,1649.2279624728403,0.9935106805842563,1649.2112961694932,1.0003964621497403,1649.172408127418,0.998407438996506
1649.2293513313364,1.0063553096317568,1649.2293513313364,0.9936354842542194,1649.2126850284542,1.0045068633045495,1649.1737969863796,0.9883674890021984
1649.2307401898329,1.0088139013946413,1649.2307401898329,0.9936535102962302,1649.214073886951,1.0159686382691222,1649.1751858448758,1.0007387087244133
1649.232129048794,1.013171979894075,1649.232129048794,0.9938167027495382,1649.2154627454468,1.0169761874006962,1649.1765747033717,1.0035916527635271
1649.2335179072895,1.0083957257625704,1649.2335179072895,0.9938564041359669,1649.216851603942,1.0126473749291862,1649.1779635623336,1.0289509449731706
1649.234906765785,0.9952080871205514,1649.234906765785,0.9939021943056732,1649.218240462904,1.0044321662900118,1649.1793524208288,0.9935612550372078
1649.2362956242812,1.0160142210437058,1649.2362956242812,0.993894253296238,1649.2196293214,1.0106477668303433,1649.1807412797896,1.0249361525547112
1649.237684482778,0.9976530007409993,1649.237684482778,0.9939823865171772,1649.2210181798953,0.9894137635445353,1649.182130138286,0.9910590771631348
1649.2390733412738,1.0088940088372575,1649.2390733412738,0.9940748847336425,1649.2224070383916,1.022202224611341,1649.1835189967817,1.016077499701599
1649.2404622002348,1.0104362152509325,1649.2404622002348,0.9941214133041377,1649.2237958968883,0.995129031777814,1649.1849078557436,0.9831130531569944
1649.241851058731,0.9882665174849069,1649.241851058731,0.9941084037454074,1649.225184755849,1.0068313345714563,1649.1862967142397,1.0043875890394007
1649.2432399172262,1.0027707555363161,1649.2432399172262,0.9941206522199598,1649.2265736143447,1.0123417884100354,1649.1876855727355,1.0089145895575466
1649.2446287757225,0.9988080816825637,1649.2446287757225,0.9941402654359501,1649.2279624728403,0.9988204239881716,1649.1890744316968,0.9976244111908864
1649.246017634219,1.0034471654044717,1649.246017634219,0.9941535965636851,1649.2293513313364,0.9999503454177556,1649.1904632901926,1.0126055514855627
1649.2474064927144,1.003762133149444,1649.2474064927144,0.9941970109777705,1649.2307401898329,1.0024114743564203,1649.1918521486891,1.0175628343455152
1649.2487953512098,0.9979336199214106,1649.2487953512098,0.9943157481670455,1649.232129048794,1.006907236376551,1649.1932410076504,1.0252073164865174
1649.2501842101713,1.0020119956619469,1649.2501842101713,0.9943286763586658,1649.2335179072895,1.0022005499524669,1649.1946298661458,1.011794555327726
1649.2515730686666,1.0157902413175837,1649.2515730686666,0.9944144953990941,1649.234906765785,0.9891395015798676,1649.1960187246418,0.9902626245484508
1649.252961927163,1.015085079529156,1649.252961927163,0.9943624764374991,1649.2362956242812,1.009810695562593,1649.1974075836026,1.0076998164501587
1649.2543507856597,1.0095086747848372,1649.2543507856597,0.9944403962838896,1649.237684482778,0.9916495105925616,1649.198796442099,1.031856211345048
1649.2557396441557,1.0039124183700885,1649.2557396441557,0.9944598985519764,1649.2390733412738,1.0029161955433592,1649.2001853005956,1.0060021804987953
1649.2571285026509,1.0128294300487986,1649.2571285026509,0.9945067922988907,1649.2404622002348,1.004496278358941,1649.201574159091,1.0333221832835826
1649.2585173611462,0.9699613231516144,1649.2585173611462,0.9945152114502037,1649.241851058731,0.9824440501719536,1649.202963018052,0.9980795638520492
1649.259906219643,1.0168039181045534,1649.259906219643,0.994626723285033,1649.2432399172262,0.9968751175208646,1649.204351876548,0.9981641573604484
1649.2612950781388,0.9716358160120036,1649.2612950781388,0.9946343940725851,1649.2446287757225,0.992955331443476,1649.2057407350442,1.008768207504864
1649.2626839366342,0.9823373193131146,1649.2626839366342,0.9946543505834887,1649.246017634219,0.9975806084484904,1649.2071295940057,1.0076097153277843
1649.264072795596,1.0312819638470587,1649.264072795596,0.9946944892225339,1649.2474064927144,0.997937312509848,1649.208518452502,1.0087809438621815
1649.2654616540915,1.0053909267876633,1649.2654616540915,0.9947210922483235,1649.2487953512098,0.9922611139132054,1649.2099073109978,1.01404303873307
1649.2668505125869,1.033334687477763,1649.2668505125869,0.9948226856799485,1649.2501842101713,0.9963292613420488,1649.2112961694932,1.0003964621497403
1649.2682393710836,0.9892749802725394,1649.2682393710836,0.9948470679305805,1649.2515730686666,1.010116540251149,1649.2126850284542,1.0045068633045495
1649.2696282295794,1.009697894530235,1649.2696282295794,0.9948822655520241,1649.252961927163,1.0093625134753672,1649.214073886951,1.0159686382691222
1649.2710170880748,0.9949040070498956,1649.2710170880748,0.9949397244224121,1649.2543507856597,1.0038962066050576,1649.2154627454468,1.0169761874006962
1649.272405946571,1.001772966931939,1649.272405946571,0.9949371207274296,1649.2557396441557,0.9983506417273874,1649.216851603942,1.0126473749291862
1649.273794805067,1.0250772819348983,1649.273794805067,0.9950582996863101,1649.2571285026509,1.0072657476237443,1649.218240462904,1.0044321662900118
1649.275183663563,0.9915243425294776,1649.275183663563,0.9951870738480848,1649.2585173611462,0.9646412903926472,1649.2196293214,1.0106477668303433
1649.276572522059,1.0114576370247859,1649.276572522059,0.9952032747923689,1649.259906219643,1.0113403492877149,1649.2210181798953,0.9894137635445353
1649.2779613805549,1.0091924978934705,1649.2779613805549,0.9951876091016407,1649.2612950781388,0.966422401118321,1649.2224070383916,1.022202224611341
1649.2793502390502,1.017839373994138,1649.2793502390502,0.9952519036996506,1649.2626839366342,0.9770860883953112,1649.2237958968883,0.995129031777814
1649.2807390975456,0.9895632208052352,1649.2807390975456,0.9952970918584868,1649.264072795596,1.0258104862732618,1649.225184755849,1.0068313345714563
1649.282127956042,1.0089463912316574,1649.282127956042,0.9952556787768452,1649.2654616540915,1.0000835608307788,1649.2265736143447,1.0123417884100354
1649.2835168145375,1.0174102973287105,1649.2835168145375,0.9953142686957979,1649.2668505125869,1.0279847890028784,1649.2279624728403,0.9988204239881716
1649.284905673034,0.9848177684777981,1649.284905673034,0.9954157700335619,1649.2682393710836,0.9841773135012186,1649.2293513313364,0.9999503454177556
1649.2862945315298,1.0009998952545023,1649.2862945315298,0.9954530147487336,1649.2696282295794,1.0045305288333488,1649.2307401898329,1.0024114743564203
1649.2876833900252,0.9946130072672438,1649.2876833900252,0.9955807170466321,1649.2710170880748,0.9898695186009766,1649.232129048794,1.006907236376551
1649.2890722485206,0.9751117593349858,1649.2890722485206,0.9956479171982472,1649.272405946571,0.996701111341838,1649.2335179072895,1.0022005499524669
1649.290461107017,0.9936878869438878,1649.290461107017,0.9956802800119511,1649.273794805067,1.0200116572092042,1649.234906765785,0.9891395015798676
1649.291849965514,0.9926864495578932,1649.291849965514,0.9956646506998831,1649.275183663563,0.986752209091057,1649.2362956242812,1.009810695562593
1649.2932388240094,0.9983871708094354,1649.2932388240094,0.9957974978274048,1649.276572522059,1.0066059526808182,1649.237684482778,0.9916495105925616
1649.2946276825048,0.9938931857012059,1649.2946276825048,0.9957974884283308,1649.2779613805549,1.0043358691019155,1649.2390733412738,1.0029161955433592
1649.2960165410009,0.9919876540471351,1649.2960165410009,0.9958074431910732,1649.2793502390502,1.0130065746281265,1649.2404622002348,1.004496278358941
1649.297405399496,0.9907266063330932,1649.297405399496,0.9957948731497532,1649.2807390975456,0.9849093958775682,1649.241851058731,0.9824440501719536
1649.2987942579923,1.0008318284001259,1649.2987942579923,0.9957800243644002,1649.282127956042,1.0041596254547116,1649.2432399172262,0.9968751175208646
1649.300183116489,0.9886727301269204,1649.300183116489,0.995817264665986,1649.2835168145375,1.0126429860492998,1649.2446287757225,0.992955331443476
1649.3015719749844,1.010333106400416,1649.3015719749844,0.9958661746597017,1649.284905673034,0.9803031373520614,1649.246017634219,0.9975806084484904
1649.3029608334798,0.9913249341009397,1649.3029608334798,0.9958723509074341,1649.2862945315298,0.9964483634942608,1649.2474064927144,0.997937312509848
1649.3043496919756,1.0032801732389292,1649.3043496919756,0.9959070242777658,1649.2876833900252,0.9902175309590296,1649.2487953512098,0.9922611139132054
1649.305738550472,1.008463938203475,1649.305738550472,0.9959336283175437,1649.2890722485206,0.9708679922173972,1649.2501842101713,0.9963292613420488
1649.307127408502,0.9918958049845987,1649.307127408502,0.995899914748134,1649.290461107017,0.9893954335167742,1649.2515730686666,1.010116540251149
1649.308516266998,1.0041813278699612,1649.308516266998,0.9960043082746032,1649.291849965514,0.9883828070535668,1649.252961927163,1.0093625134753672
1649.3099051254942,0.9801993502224248,1649.3099051254942,0.9960753970924172,1649.2932388240094,0.9941914465550176,1649.2543507856597,1.0038962066050576
1649.3112939839896,0.9958519386538462,1649.3112939839896,0.9961380844244149,1649.2946276825048,0.9897163380872934,1649.2557396441557,0.9983506417273874
1649.312682842485,1.004931792176825,1649.312682842485,0.996128841011367,1649.2960165410009,0.9878286894537884,1649.2571285026509,1.0072657476237443
1649.3140717009817,0.9906327678030008,1649.3140717009817,0.9961515486738273,1649.297405399496,0.986560475279548,1649.2585173611462,0.9646412903926472
1649.3154605594775,1.0039721230009457,1649.3154605594775,0.9962104813770385,1649.2987942579923,0.9966083424689446,1649.259906219643,1.0113403492877149
1649.316849417973,0.9925946306904275,1649.316849417973,0.9961906795626305,1649.300183116489,0.9845373737648424,1649.2612950781388,0.966422401118321
1649.3182382764692,0.9939372491451661,1649.3182382764692,0.9962581985995026,1649.3015719749844,1.0061565658030356,1649.2626839366342,0.9770860883953112
1649.3196271349643,0.9919134154892485,1649.3196271349643,0.9962607588155613,1649.3029608334798,0.98723309263626,1649.264072795596,1.0258104862732618
1649.3210159929947,0.9748576242983314,1649.3210159929947,0.9963092158241962,1649.3043496919756,0.9991737718472632,1649.2654616540915,1.0000835608307788
1649.3224048514917,1.010947822174461,1649.3224048514917,0.9963270696525087,1649.305738550472,1.004363149002386,1649.2668505125869,1.0279847890028784
1649.3237937099868,0.9935668696893534,1649.3237937099868,0.996371992281628,1649.307127408502,0.9878289476231936,1649.2682393710836,0.9841773135012186
1649.3251825684822,1.0026624766754226,1649.3251825684822,0.9963658113020275,1649.308516266998,1.0001689288473932,1649.2696282295794,1.0045305288333488
1649.326571426978,1.0074153740509675,1649.326571426978,0.9963512665053478,1649.3099051254942,0.976352457002531,1649.2710170880748,0.9898695186009766
1649.3279602854743,0.9938234775945228,1649.3279602854743,0.9963528524221417,1649.3112939839896,0.9920060425409823,1649.272405946571,0.996701111341838
1649.32934914397,0.9779302592095916,1649.32934914397,0.9962954801422567,1649.312682842485,1.0010415414365768,1649.273794805067,1.0200116572092042
1649.3307380020008,1.01301115842221,1649.3307380020008,0.9962659494551149,1649.3140717009817,0.9868203658139992,1649.275183663563,0.986752209091057
1649.3321268604966,0.9932428587086733,1649.3321268604966,0.996240767682421,1649.3154605594775,1.0001675519438995,1649.276572522059,1.0066059526808182
1649.333515718992,0.9981553313547297,1649.333515718992,0.9962264817915188,1649.316849417973,0.9888135196777152,1649.2779613805549,1.0043358691019155
1649.3349045774874,0.9858904622974266,1649.3349045774874,0.996247201320748,1649.3182382764692,0.9902181333543082,1649.2793502390502,1.0130065746281265
1649.336293435984,0.9809646074259603,1649.336293435984,0.9962666755783708,1649.3196271349643,0.9882044119946538,1649.2807390975456,0.9849093958775682
1649.3376822944804,1.0030326217881127,1649.3376822944804,0.9962261729297971,1649.3210159929947,0.9712596352049094,1649.282127956042,1.0041596254547116
1649.33907115251,1.0017020089887165,1649.33907115251,0.9963209953404293,1649.3224048514917,1.007234681238666,1649.2835168145375,1.0126429860492998
1649.340460011006,0.9927049611003815,1649.340460011006,0.9963328331708736,1649.3237937099868,0.9899622014174017,1649.284905673034,0.9803031373520614
1649.3418488695015,0.9813324409046362,1649.3418488695015,0.9963114545531773,1649.3251825684822,0.9990186120348078,1649.2862945315298,0.9964483634942608
1649.3432377279971,0.9819161050396846,1649.3432377279971,0.9963031880478946,1649.326571426978,1.0037395838326402,1649.2876833900252,0.9902175309590296
1649.3446265864934,1.001465908517996,1649.3446265864934,0.9963023878915697,1649.3279602854743,0.9901988567053952,1649.2890722485206,0.9708679922173972
1649.3460154445245,1.0091726628469304,1649.3460154445245,0.9962921991653738,1649.32934914397,0.9743074971448616,1649.290461107017,0.9893954335167742
1649.34740430302,1.0138328916820403,1649.34740430302,0.9962822373061779,1649.3307380020008,1.0092285235541287,1649.291849965514,0.9883828070535668
1649.3487931615152,1.0093117290378406,1649.3487931615152,0.9962736122841628,1649.3321268604966,0.9895090280550112,1649.2932388240094,0.9941914465550176
1649.350182020011,0.9923023606793716,1649.350182020011,0.9961860243073257,1649.333515718992,0.99438877403697,1649.2946276825048,0.9897163380872934
1649.3515708780408,0.993604609161393,1649.3515708780408,0.9961837920858008,1649.3349045774874,0.9821906138726296,1649.2960165410009,0.9878286894537884
1649.352959736537,0.9933776673400492,1649.352959736537,0.9962710341169771,1649.336293435984,0.977302348300303,1649.297405399496,0.986560475279548
1649.3543485950338,0.9743399577122298,1649.3543485950338,0.9963209828525004,1649.3376822944804,0.9992473501277122,1649.2987942579923,0.9966083424689446
1649.355737453529,0.9804932357285542,1649.355737453529,0.9963775290566698,1649.33907115251,0.9980167426301456,1649.300183116489,0.9845373737648424
1649.3571263115584,0.9905401210445341,1649.3571263115584,0.9964293367223352,1649.340460011006,0.989064546395925,1649.3015719749844,1.0061565658030356
1649.3585151700547,1.0004398002729475,1649.3585151700547,0.9965281500813904,1649.3418488695015,0.977712751597918,1649.3029608334798,0.98723309263626
1649.3599040285517,1.0050689918353328,1649.3599040285517,0.9965681589862424,1649.3432377279971,0.9782861458466092,1649.3043496919756,0.9991737718472632
1649.3612928870473,1.0033775668245157,1649.3612928870473,0.9965851729644303,1649.3446265864934,0.9977628760484796,1649.305738550472,1.004363149002386
1649.362681745077,0.9906429143729946,1649.362681745077,0.9965902862863133,1649.3460154445245,1.0054308516053447,1649.307127408502,0.9878289476231936
1649.3640706035733,1.01400220199726,1649.3640706035733,0.9965666203610201,1649.34740430302,1.010063701579575,1649.308516266998,1.0001689288473932
1649.3654594620689,0.9997432346511196,1649.3654594620689,0.9965267025264745,1649.3487931615152,1.0055506422093037,1649.3099051254942,0.976352457002531
1649.366848320564,0.9869317570670322,1649.366848320564,0.9965554631023805,1649.350182020011,0.9885177435959572,1649.3112939839896,0.9920060425409823
1649.368237178595,0.9916459349215772,1649.368237178595,0.9965869334752673,1649.3515708780408,0.9898128073883264,1649.312682842485,1.0010415414365768
1649.369626037091,0.9898400508283364,1649.369626037091,0.9965675676953377,1649.352959736537,0.9896733959095813,1649.3140717009817,0.9868203658139992
1649.3710148955863,0.9855722447852254,1649.3710148955863,0.9965659840828927,1649.3543485950338,0.9707553443003124,1649.3154605594775,1.0001675519438995
1649.3724037536165,0.9933224791121839,1649.3724037536165,0.9965204485087635,1649.355737453529,0.9769414274719956,1649.316849417973,0.9888135196777152
1649.373792612112,0.9933189651499658,1649.373792612112,0.996542513746823,1649.3571263115584,0.9870032358092669,1649.3182382764692,0.9902181333543082
1649.375181470608,1.0080607593843347,1649.375181470608,0.9965298406314084,1649.3585151700547,0.996966423433796,1649.3196271349643,0.9882044119946538
1649.3765703286392,0.9950601025538898,1649.3765703286392,0.9965288021608087,1649.3599040285517,1.0016197548474963,1649.3210159929947,0.9712596352049094
1649.377959187135,0.9861840304263916,1649.377959187135,0.996539045774118,1649.3612928870473,0.9999512059824393,1649.3224048514917,1.007234681238666
1649.3793480456304,1.001906723753656,1649.3793480456304,0.9965214611163786,1649.362681745077,0.9872651056424904,1649.3237937099868,0.9899622014174017
1649.38073690366,0.9975721660397084,1649.38073690366,0.9965304803562426,1649.3640706035733,1.010520747483042,1649.3251825684822,0.9990186120348078
1649.3821257621564,0.9866884275749166,1649.3821257621564,0.9965379163846962,1649.3654594620689,0.9962708290000316,1649.326571426978,1.0037395838326402
1649.3835146206522,1.006843809126661,1649.3835146206522,0.9965421678916246,1649.366848320564,0.9835322342143824,1649.3279602854743,0.9901988567053952
1649.3849034786829,0.9991634178543237,1649.3849034786829,0.9965463596380523,1649.368237178595,0.988261381376709,1649.32934914397,0.9743074971448616
1649.3862923371787,0.9815373192305569,1649.3862923371787,0.9964835643284575,1649.369626037091,0.9864424918614246,1649.3307380020008,1.0092285235541287
1649.387681195674,1.0007218091745689,1649.387681195674,0.9965057361383663,1649.3710148955863,0.9821877740091738,1649.3321268604966,0.9895090280550112
1649.3890700537038,0.9869738495835394,1649.3890700537038,0.9965031964169367,1649.3724037536165,0.9898661623987104,1649.333515718992,0.99438877403697
1649.3904589122003,1.0153429741225024,1649.3904589122003,0.9964991841233726,1649.373792612112,0.9898845784829398,1649.3349045774874,0.9821906138726296
1649.3918477706964,0.9771969620596898,1649.3918477706964,0.9964939380856158,1649.375181470608,1.0045626278960476,1649.336293435984,0.977302348300303
1649.393236628726,1.0005794388674665,1649.393236628726,0.9965032076772281,1649.3765703286392,0.9916060520760392,1649.3376822944804,0.9992473501277122
1649.3946254872224,1.000539875277124,1649.3946254872224,0.9964948760799945,1649.377959187135,0.98277089263879,1649.33907115251,0.9980167426301456
1649.3960143452523,0.9978340211248118,1649.3960143452523,0.9964832818754665,1649.3793480456304,0.9984215522573172,1649.340460011006,0.989064546395925
1649.397403203748,0.9954344203830228,1649.397403203748,0.9964109192264946,1649.38073690366,0.994111069813568,1649.3418488695015,0.977712751597918
1649.3987920622442,0.9880891844563191,1649.3987920622442,0.9963518116823609,1649.3821257621564,0.9832724297363996,1649.3432377279971,0.9782861458466092
1649.4001809202753,0.9871567703778458,1649.4001809202753,0.9964161809456048,1649.3835146206522,1.003362312275344,1649.3446265864934,0.9977628760484796
1649.4015697787706,1.0029124128054643,1649.4015697787706,0.9963795598998282,1649.3849034786829,0.9957126667462404,1649.3460154445245,1.0054308516053447
1649.4029586368,0.9828055097038064,1649.4029586368,0.9964996841658786,1649.3862923371787,0.9780858063882644,1649.34740430302,1.010063701579575
1649.4043474952962,0.9979941260302494,1649.4043474952962,0.9965533070201177,1649.387681195674,0.9972250231212216,1649.3487931615152,1.0055506422093037
1649.405736353792,1.0107598432653668,1649.405736353792,0.9964819692733158,1649.3890700537038,0.983522595889926,1649.350182020011,0.9885177435959572
1649.4071252118226,1.0165155930782805,1649.4071252118226,0.9964066988045032,1649.3904589122003,1.0117884453184722,1649.3515708780408,0.9898128073883264
1649.4085140703185,0.9813700713344466,1649.4085140703185,0.9964036464212973,1649.3918477706964,0.9737708490081604,1649.352959736537,0.9896733959095813
1649.4099029283482,0.9836740419908384,1649.4099029283482,0.9963635352929198,1649.393236628726,0.9970806203673114,1649.3543485950338,0.9707553443003124
1649.4112917868435,0.9925279542014129,1649.4112917868435,0.9963350290719236,1649.3946254872224,0.9970328590273708,1649.355737453529,0.9769414274719956
1649.4126806448742,0.990805928445352,1649.4126806448742,0.9963397260778319,1649.3960143452523,0.994324920137446,1649.3571263115584,0.9870032358092669
1649.414069503371,0.9721337623545275,1649.414069503371,0.996327735733756,1649.397403203748,0.9918617258435406,1649.3585151700547,0.996966423433796
1649.4154583618667,0.987556524693947,1649.4154583618667,0.9963766531691367,1649.3987920622442,0.9844844490368,1649.3599040285517,1.0016197548474963
1649.4168472198965,0.9767571772279968,1649.4168472198965,0.9963627952566427,1649.4001809202753,0.9836189791344904,1649.3612928870473,0.9999512059824393
1649.4182360783927,1.0036442974825093,1649.4182360783927,0.9964020323786229,1649.4015697787706,0.9992814284891832,1649.362681745077,0.9872651056424904
1649.4196249364222,0.9962384574455746,1649.4196249364222,0.9964608822149691,1649.4029586368,0.9793653800163284,1649.3640706035733,1.010520747483042
1649.4210137949185,0.9990356610877221,1649.4210137949185,0.9964503521160095,1649.4043474952962,0.9945543466820972,1649.3654594620689,0.9962708290000316
1649.4224026529494,0.9929686988951563,1649.4224026529494,0.9964535181775463,1649.405736353792,1.0072039590794608,1649.366848320564,0.9835322342143824
1649.4237915114447,0.9873876551148066,1649.4237915114447,0.9965085372841505,1649.4071252118226,1.0128629463824312,1649.368237178595,0.988261381376709
1649.4251803694744,0.9963888382357174,1649.4251803694744,0.9965385030179044,1649.4085140703185,0.9778407175663713,1649.369626037091,0.9864424918614246
1649.4265692279705,0.996231640396801,1649.4265692279705,0.9964634681150557,1649.4099029283482,0.9800969460538678,1649.3710148955863,0.9821877740091738
1649.427958086,0.981251742482842,1649.427958086,0.9964948612041928,1649.4112917868435,0.9888903681039616,1649.3724037536165,0.9898661623987104
1649.4293469444965,0.991913552652612,1649.4293469444965,0.9964896622571867,1649.4126806448742,0.987179307343534,1649.373792612112,0.9898845784829398
1649.4307358025274,0.9821380070168103,1649.4307358025274,0.9965089208535132,1649.414069503371,0.9685638302770236,1649.375181470608,1.0045626278960476
1649.4321246610232,1.0059052604830345,1649.4321246610232,0.9964485306131305,1649.4154583618667,0.9839782648898988,1649.3765703286392,0.9916060520760392
1649.433513519053,0.9892555070269579,1649.433513519053,0.9965258333360073,1649.4168472198965,0.9732045113898748,1649.377959187135,0.98277089263879
1649.4349023775485,1.006997570220017,1649.4349023775485,0.9965210965489806,1649.4182360783927,1.0000332177967874,1649.3793480456304,0.9984215522573172
1649.4362912355791,1.0109675066336856,1649.4362912355791,0.9966235612732037,1649.4196249364222,0.9927126522026972,1649.38073690366,0.994111069813568
1649.4376800940752,0.9782760770864731,1649.4376800940752,0.9966462404838646,1649.4210137949185,0.995489436267311,1649.3821257621564,0.9832724297363996
1649.439068952105,1.012879967354168,1649.439068952105,0.9966575216986011,1649.4224026529494,0.9894471534542592,1649.3835146206522,1.003362312275344
1649.4404578106012,0.991036264980423,1649.4404578106012,0.9966139698139597,1649.4237915114447,0.9839402279308832,1649.3849034786829,0.9957126667462404
1649.441846668631,0.9948755764822816,1649.441846668631,0.9965708238133961,1649.4251803694744,0.9929398412791708,1649.3862923371787,0.9780858063882644
1649.4432355266606,0.9891188050077292,1649.4432355266606,0.9965524560060038,1649.4265692279705,0.9927084354357474,1649.387681195674,0.9972250231212216
1649.454346392766,0.9931244344446126,1649.454346392766,0.9965849460573483,1649.427958086,0.977812318931812,1649.3890700537038,0.983522595889926
1649.4557352507957,0.9823073873818683,1649.4557352507957,0.9966110370882647,1649.4293469444965,0.9884316010711276,1649.3904589122003,1.0117884453184722
1649.457124109291,1.0145560859256886,1649.457124109291,0.9966057922139883,1649.4307358025274,0.9787092855015418,1649.3918477706964,0.9737708490081604
1649.4585129673217,0.9920667688947578,1649.4585129673217,0.9966214997599586,1649.4321246610232,1.002332818744338,1649.393236628726,0.9970806203673114
1649.4599018253518,0.9917413379138539,1649.4599018253518,0.9965943243357186,1649.433513519053,0.9858186685222736,1649.3946254872224,0.9970328590273708
1649.461290683848,0.9756689186207627,1649.461290683848,0.9965772042196704,1649.4349023775485,1.0034943228978104,1649.3960143452523,0.994324920137446
1649.4626795418783,0.9913475591128376,1649.4626795418783,0.9966199529665073,1649.4362912355791,1.007554036792755,1649.397403203748,0.9918617258435406
1649.4640684003737,0.9866337097644878,1649.4640684003737,0.9966013823702996,1649.4376800940752,0.9749951743835368,1649.3987920622442,0.9844844490368
1649.4654572584034,0.981366771520609,1649.4654572584034,0.9965518613766984,1649.439068952105,1.009494438041365,1649.4001809202753,0.9836189791344904
1649.4668461164345,0.9654209724614387,1649.4668461164345,0.9965470194086936,1649.4404578106012,0.9876805862717386,1649.4015697787706,0.9992814284891832
1649.4682349749312,0.9944381081744577,1649.4682349749312,0.9965335321465173,1649.441846668631,0.9914639728467748,1649.4029586368,0.9793653800163284
1649.469623832961,0.9925527588981925,1649.469623832961,0.9965552368601859,1649.4432355266606,0.9857087744121762,1649.4043474952962,0.9945543466820972
1649.4710126909906,0.9835218472519226,1649.4710126909906,0.9965519290411279,1649.454346392766,0.9897328609292187,1649.405736353792,1.0072039590794608
1649.4724015494864,0.9991980718495692,1649.4724015494864,0.996548573212361,1649.4557352507957,0.9789783840781076,1649.4071252118226,1.0128629463824312
1649.4737904075162,0.994991228970852,1649.4737904075162,0.9965359420572418,1649.457124109291,1.011112471759494,1649.4085140703185,0.9778407175663713
1649.4751792655468,1.0067450540443268,1649.4751792655468,0.9966053027775604,1649.4585129673217,0.9887150710779098,1649.4099029283482,0.9800969460538678
1649.4765681240435,0.9919494440982386,1649.4765681240435,0.9965879898640438,1649.4599018253518,0.9883637885740588,1649.4112917868435,0.9888903681039616
1649.4779569820732,1.003497775672414,1649.4779569820732,0.9965898818480561,1649.461290683848,0.9723294031631088,1649.4126806448742,0.987179307343534
1649.479345840103,1.0093186203818243,1649.479345840103,0.9965670173149981,1649.4626795418783,0.987996757736498,1649.414069503371,0.9685638302770236
1649.4807346985988,0.981967414260537,1649.4807346985988,0.9966151729720503,1649.4640684003737,0.9832805190444256,1649.4154583618667,0.9839782648898988
1649.4821235566294,1.0080305529366207,1649.4821235566294,0.9966430244424693,1649.4654572584034,0.977982882852104,1649.4168472198965,0.9732045113898748
1649.4835124146596,0.9871724496497165,1649.4835124146596,0.9966161122535206,1649.4668461164345,0.9620873925810892,1649.4182360783927,1.0000332177967874
1649.4849012731554,0.9886346451476318,1649.4849012731554,0.9966271130391092,1649.4682349749312,0.9909909204401928,1649.4196249364222,0.9927126522026972
1649.486290131186,0.9746938598370047,1649.486290131186,0.9967343327663097,1649.469623832961,0.9891336497400192,1649.4210137949185,0.995489436267311
1649.4876789892155,0.9923003100233392,1649.4876789892155,0.9967445923000552,1649.4710126909906,0.980130594132997,1649.4224026529494,0.9894471534542592
1649.4890678472457,0.9908605898654331,1649.4890678472457,0.9967271774604466,1649.4724015494864,0.9957494128582304,1649.4237915114447,0.9839402279308832
1649.4904567057422,1.0032746388185771,1649.4904567057422,0.9967639265055253,1649.4737904075162,0.9915445217011608,1649.4251803694744,0.9929398412791708
1649.4918455637724,0.9771672959021019,1649.4918455637724,0.9967950859485417,1649.4751792655468,1.0033274594056578,1649.4265692279705,0.9927084354357474
1649.493234421802,0.9816248367662666,1649.493234421802,0.9969096801861275,1649.4765681240435,0.9885649025406194,1649.427958086,0.977812318931812
1649.4946232798327,0.9839136314658761,1649.4946232798327,0.9969113212682096,1649.4779569820732,1.000075729692158,1649.4293469444965,0.9884316010711276
1649.496012138328,0.9821267354823262,1649.496012138328,0.9969630266697117,1649.479345840103,1.0058536470344035,1649.4307358025274,0.9787092855015418
1649.4974009963578,0.9973502833347642,1649.4974009963578,0.9970125028227921,1649.4807346985988,0.978643624416182,1649.4321246610232,1.002332818744338
1649.4987898543886,1.0044598616534066,1649.4987898543886,0.9969918161859546,1649.4821235566294,1.0046466190091683,1649.433513519053,0.9858186685222736
1649.500178712419,0.9877319392948382,1649.500178712419,0.997071392223026,1649.4835124146596,0.9838319688936848,1649.4349023775485,1.0034943228978104
1649.5015675709144,0.9978593464439713,1649.5015675709144,0.9971360188563114,1649.4849012731554,0.9853000922439284,1649.4362912355791,1.007554036792755
1649.5029564289446,0.9851407548884801,1649.5029564289446,0.997103896772739,1649.486290131186,0.971510834036056,1649.4376800940752,0.9749951743835368
1649.5043452869752,0.9947630505378618,1649.5043452869752,0.9971160153121913,1649.4876789892155,0.9890699679534316,1649.439068952105,1.009494438041365
1649.5057341450054,0.9846955460854501,1649.5057341450054,0.9971430900711656,1649.4890678472457,0.9876176789933664,1649.4404578106012,0.9876805862717386
1649.5071230035016,0.9919880925708601,1649.5071230035016,0.9972063916425109,1649.4904567057422,1.0000279683522175,1649.441846668631,0.9914639728467748
1649.5085118615318,0.9827635843376583,1649.5085118615318,0.9971865921624248,1649.4918455637724,0.9740355587048398,1649.4432355266606,0.9857087744121762
1649.5099007195615,1.004828190548122,1649.5099007195615,0.9972447876558352,1649.493234421802,0.9785913020834184,1649.454346392766,0.9897328609292187
1649.5112895775912,0.9911716457131015,1649.5112895775912,0.9972259992854059,1649.4946232798327,0.9808746383584488,1649.4557352507957,0.9789783840781076
1649.512678435622,0.9928373100976317,1649.512678435622,0.9973399982021636,1649.496012138328,0.9791440427797032,1649.457124109291,1.011112471759494
1649.5140672941177,0.991506530349701,1649.5140672941177,0.9974228770180281,1649.4974009963578,0.994370702178614,1649.4585129673217,0.9887150710779098
1649.515456152148,0.9888452694132362,1649.515456152148,0.9974152092905179,1649.4987898543886,1.0014382617557225,1649.4599018253518,0.9883637885740588
1649.5168450101785,1.0058112863139101,1649.5168450101785,0.9974365798578758,1649.500178712419,0.9848392598558536,1649.461290683848,0.9723294031631088
1649.5182338682082,0.9876330583452035,1649.5182338682082,0.9974504827608031,1649.5015675709144,0.9950014960917024,1649.4626795418783,0.987996757736498
1649.519622726238,0.9898247223104328,1649.519622726238,0.997565696094662,1649.5029564289446,0.9822876855689412,1649.4640684003737,0.9832805190444256
1649.5210115847349,0.9952818260601884,1649.5210115847349,0.9975963312577716,1649.5043452869752,0.9918941691321128,1649.4654572584034,0.977982882852104
1649.5224004427655,0.9893060326398221,1649.5224004427655,0.9976890993719495,1649.5057341450054,0.9818823596029596,1649.4668461164345,0.9620873925810892
1649.5237893007954,1.0081400141359884,1649.5237893007954,0.9977480563114571,1649.5071230035016,0.9892168663449245,1649.4682349749312,0.9909909204401928
1649.5251781588252,1.0117789992407573,1649.5251781588252,0.9977391435075909,1649.5085118615318,0.9799986695669992,1649.469623832961,0.9891336497400192
1649.526567016855,0.984838258233638,1649.526567016855,0.9978729323411821,1649.5099007195615,1.0020596755137592,1649.4710126909906,0.980130594132997
1649.527955874885,0.9797072673150746,1649.527955874885,0.9978877518686757,1649.5112895775912,0.988422134859608,1649.4724015494864,0.9957494128582304
1649.529344733381,0.9988912203850612,1649.529344733381,0.9978961103127235,1649.512678435622,0.9901963610678128,1649.4737904075162,0.9915445217011608
1649.5307335914122,1.003452908488781,1649.5307335914122,0.9978793393452858,1649.5140672941177,0.9889512960835616,1649.4751792655468,1.0033274594056578
1649.5321224494417,0.9781428301878039,1649.5321224494417,0.9980197029027054,1649.515456152148,0.9862893113477416,1649.4765681240435,0.9885649025406194
1649.5335113074714,0.9993000678640418,1649.5335113074714,0.9980091018931666,1649.5168450101785,1.0032329694033972,1649.4779569820732,1.000075729692158
1649.534900165502,1.0068051289353739,1649.534900165502,0.9980153192825293,1649.5182338682082,0.9851150708369516,1649.479345840103,1.0058536470344035
1649.536289023533,0.9962135674065277,1649.536289023533,0.9981394188047291,1649.519622726238,0.9874151881233124,1649.4807346985988,0.978643624416182
1649.5376778815632,1.0107698479755016,1649.5376778815632,0.9980984412611309,1649.5210115847349,0.9928894982451796,1649.4821235566294,1.0046466190091683
1649.539066739593,1.000325412343227,1649.539066739593,0.9981956059683272,1649.5224004427655,0.9870198447076606,1649.4835124146596,0.9838319688936848
1649.5404555976236,0.9944438361388969,1649.5404555976236,0.9983294118546294,1649.5237893007954,1.0058697395939873,1649.4849012731554,0.9853000922439284
1649.541844456119,0.9899492690072796,1649.541844456119,0.9984376280538693,1649.5251781588252,1.0094915121214407,1649.486290131186,0.971510834036056
1649.543233314149,1.008630252041993,1649.543233314149,0.9985099760627534,1649.526567016855,0.9827434406253828,1649.4876789892155,0.9890699679534316
1649.5446221721795,0.9783215527875421,1649.5446221721795,0.9986040705890916,1649.527955874885,0.9776378824704436,1649.4890678472457,0.9876176789933664
1649.54601103021,0.9840101235674173,1649.54601103021,0.9986148718417758,1649.529344733381,0.996789663447782,1649.4904567057422,1.0000279683522175
1649.5473998882396,0.9950194896563779,1649.5473998882396,0.9987182516150083,1649.5307335914122,1.0013249253868906,1649.4918455637724,0.9740355587048398
1649.5487887462698,0.9841055557566543,1649.5487887462698,0.9988359002241443,1649.5321224494417,0.9762058167804434,1649.493234421802,0.9785913020834184
1649.5501776042995,1.0030451031396717,1649.5501776042995,0.9988633041999238,1649.5335113074714,0.9973105632507728,1649.4946232798327,0.9808746383584488
1649.55156646233,0.9953079084986656,1649.55156646233,0.998966293294697,1649.534900165502,1.0048069422097252,1649.496012138328,0.9791440427797032
1649.5529553203612,0.983389672193657,1649.5529553203612,0.9989806489541571,1649.536289023533,0.9943600311765374,1649.4974009963578,0.994370702178614
1649.5543441783914,0.9919940401422792,1649.5543441783914,0.999087160174032,1649.5376778815632,1.0088478097380984,1649.4987898543886,1.0014382617557225
1649.555733036421,0.9924316802489129,1649.555733036421,0.9991240254859828,1649.539066739593,0.9985204311394642,1649.500178712419,0.9848392598558536
1649.5571218944508,0.9846847822018907,1649.5571218944508,0.9991136469003672,1649.5404555976236,0.9927825300550064,1649.5015675709144,0.9950014960917024
1649.5585107524814,1.0081300089221517,1649.5585107524814,0.9992074132420241,1649.541844456119,0.98840260004129,1649.5029564289446,0.9822876855689412
1649.5598996105116,1.0060158581436072,1649.5598996105116,0.9992731561117162,1649.543233314149,1.0071273688226192,1649.5043452869752,0.9918941691321128
1649.5612884685422,1.0022931944660856,1649.5612884685422,0.9994045161984108,1649.5446221721795,0.9769558849586804,1649.5057341450054,0.9818823596029596
1649.5626773265724,0.9803896982379867,1649.5626773265724,0.9994435885723031,1649.54601103021,0.9826471434372864,1649.5071230035016,0.9892168663449245
1649.564066184602,0.9893086299986659,1649.564066184602,0.999498147282466,1649.5473998882396,0.9937441250324756,1649.5085118615318,0.9799986695669992
1649.5654550426318,0.9988328712338765,1649.5654550426318,0.999588458871356,1649.5487887462698,0.9829599586997796,1649.5099007195615,1.0020596755137592
1649.566843900663,0.977746455062171,1649.566843900663,0.999566732949831,1649.5501776042995,1.0019049459836458,1649.5112895775912,0.988422134859608
1649.5682327591587,0.9994016105110469,1649.5682327591587,0.9996762728284617,1649.55156646233,0.9942790520398094,1649.512678435622,0.9901963610678128
1649.5696216171884,0.9977839404461024,1649.5696216171884,0.9997824167900994,1649.5529553203612,0.9823872529028352,1649.5140672941177,0.9889512960835616
1649.5710104747534,1.007576282239119,1649.5710104747534,0.9998993451919774,1649.5543441783914,0.9910885084753144,1649.515456152148,0.9862893113477416
1649.5723993327836,1.0040675444314844,1649.5723993327836,1.0000217703930037,1649.555733036421,0.9915623353901116,1649.5168450101785,1.0032329694033972
1649.5737881908133,1.00212843474782,1649.5737881908133,1.0000413910038592,1649.5571218944508,0.9838120037930248,1649.5182338682082,0.9851150708369516
1649.575177048844,0.9846173310313664,1649.575177048844,1.000115358248571,1649.5585107524814,1.007330978426762,1649.519622726238,0.9874151881233124
1649.576565906875,0.9888647061349738,1649.576565906875,1.000190951332199,1649.5598996105116,1.005284641665599,1649.5210115847349,0.9928894982451796
1649.5779547649045,1.011789935329626,1649.5779547649045,1.0001538353907653,1649.5612884685422,1.001696345104338,1649.5224004427655,0.9870198447076606
1649.579343622934,0.9995965766078094,1649.579343622934,1.0002269270668003,1649.5626773265724,0.9798441982062908,1649.5237893007954,1.0058697395939873
1649.5807324809646,0.9845962939583199,1649.5807324809646,1.0003559331156002,1649.564066184602,0.9888121427742212,1649.5251781588252,1.0094915121214407
1649.5821213389947,0.9940644948959844,1649.5821213389947,1.0003852563434006,1649.5654550426318,0.9984218104267222,1649.526567016855,0.9827434406253828
1649.5835101970254,1.0343807792362203,1649.5835101970254,1.0004380959470263,1649.566843900663,0.977322829739773,1649.527955874885,0.9776378824704436
1649.5848990550555,1.022284191213301,1649.5848990550555,1.0004936791033225,1649.5682327591587,0.9990780770544454,1649.529344733381,0.996789663447782
1649.5862879130852,1.0345476772998345,1649.5862879130852,1.0006028599643886,1649.5696216171884,0.9975668394135528,1649.5307335914122,1.0013249253868906
1649.587676771115,1.0342668176761187,1649.587676771115,1.0007342938794659,1649.5710104747534,1.007474864841862,1649.5321224494417,0.9762058167804434
1649.5890656291456,1.0144730931070052,1649.5890656291456,1.0008067763202508,1649.5723993327836,1.0040894033765289,1649.5335113074714,0.9973105632507728
1649.5904544871769,1.009462562194296,1649.5904544871769,1.0008602049764512,1649.5737881908133,1.0021699138497302,1649.534900165502,1.0048069422097252
1649.5918433452068,1.0050286274692375,1649.5918433452068,1.0008634476732536,1649.575177048844,0.9847309147621868,1649.536289023533,0.9943600311765374
1649.5932322032363,1.0059310454745949,1649.5932322032363,1.0009450271319587,1649.576565906875,0.9890535311679748,1649.5376778815632,1.0088478097380984
1649.594621061267,1.0120405241960642,1649.594621061267,1.0010731775847503,1649.5779547649045,1.0119455844296998,1649.539066739593,0.9985204311394642
1649.5960099192964,1.0054251318049638,1649.5960099192964,1.001148942881713,1649.579343622934,0.9998234121269226,1649.5404555976236,0.9927825300550064
1649.5973987768614,1.0080978219804784,1649.5973987768614,1.0011178628348076,1649.5807324809646,0.984946744384837,1649.541844456119,0.98840260004129
1649.5987876348925,1.0086296395049883,1649.5987876348925,1.0011392120619595,1649.5821213389947,0.9944474645483924,1649.543233314149,1.0071273688226192
1649.6001764929222,0.9866402091414547,1649.6001764929222,1.0011209275163615,1649.5835101970254,1.0348339372632855,1649.5446221721795,0.9769558849586804
1649.601565350952,1.0207296918747621,1649.601565350952,1.0012378415020031,1649.5848990550555,1.02278887155616,1649.54601103021,0.9826471434372864
1649.602954208982,1.0074986607478804,1649.602954208982,1.0013051973402152,1649.5862879130852,1.03517136467573,1649.5473998882396,0.9937441250324756
1649.6043430670118,0.9994942569674123,1649.6043430670118,1.001354945064656,1649.587676771115,1.035026273470073,1649.5487887462698,0.9829599586997796
1649.6057319250424,1.0164993338471127,1649.6057319250424,1.0014785950489857,1649.5890656291456,1.0152915459760554,1649.5501776042995,1.0019049459836458
1649.6071207830737,1.0092695561915532,1649.6071207830737,1.0016041270910558,1649.5904544871769,1.0103309069138369,1649.55156646233,0.9942790520398094
1649.608509640638,1.0231315380294816,1649.608509640638,1.0017291611044186,1649.5918433452068,1.005896417099179,1649.5529553203612,0.9823872529028352
1649.6098984986677,1.0082582233005766,1649.6098984986677,1.0017915438743152,1649.5932322032363,1.006881677605448,1649.5543441783914,0.9910885084753144
1649.6112873566974,0.991495804582631,1649.6112873566974,1.0018518585332459,1649.594621061267,1.0131266234014904,1649.555733036421,0.9915623353901116
1649.6126762147285,0.9906815692192138,1649.6126762147285,1.0019263167085102,1649.5960099192964,1.0065803078532465,1649.5571218944508,0.9838120037930248
1649.6140650727586,1.003336090687691,1649.6140650727586,1.0019147970842475,1649.5973987768614,1.0092247370695209,1649.5585107524814,1.007330978426762
1649.6154539307884,1.0002738064473071,1649.6154539307884,1.0019047938996872,1649.5987876348925,1.0097786825563624,1649.5598996105116,1.005284641665599
1649.616842788819,1.0198312649342172,1649.616842788819,1.0019248792271709,1649.6001764929222,0.98774616130063,1649.5612884685422,1.001696345104338
1649.618231646383,0.9953530532011794,1649.618231646383,1.002040916586715,1649.601565350952,1.0219931934496915,1649.5626773265724,0.9798441982062908
1649.6196205044128,1.0017440762450287,1649.6196205044128,1.0021391054983608,1649.602954208982,1.0088136453201588,1649.564066184602,0.9888121427742212
1649.6210093624438,1.0083265998759594,1649.6210093624438,1.0022030833143014,1649.6043430670118,1.0008485167780423,1649.5654550426318,0.9984218104267222
1649.622398220474,0.9986326894099643,1649.622398220474,1.0023195128175633,1649.6057319250424,1.0180023247294363,1649.566843900663,0.977322829739773
1649.6237870785037,0.9979259032985034,1649.6237870785037,1.0024161913024785,1649.6071207830737,1.010888552828818,1649.5682327591587,0.9990780770544454
1649.625175936069,0.9930736223450468,1649.625175936069,1.0024826643755644,1649.608509640638,1.024900697289746,1649.5696216171884,0.9975668394135528
1649.6265647940988,1.0021543128141523,1649.6265647940988,1.0024270102408377,1649.6098984986677,1.0100645621442588,1649.5710104747534,1.007474864841862
1649.627953652129,0.9987747509692374,1649.627953652129,1.0025336579047588,1649.6112873566974,0.9933319145490248,1649.5723993327836,1.0040894033765289
1649.6293425101596,1.0025677080441289,1649.6293425101596,1.0026229374250262,1649.6126762147285,0.9925899356788138,1649.5737881908133,1.0021699138497302
1649.6307313681898,1.0155868190845103,1649.6307313681898,1.0026826346257616,1649.6140650727586,1.00525727570866,1649.575177048844,0.9847309147621868
1649.632120225754,1.0133388096156415,1649.632120225754,1.0027692202553824,1649.6154539307884,1.0021791218918448,1649.576565906875,0.9890535311679748
1649.6335090837836,1.0071056357384798,1649.6335090837836,1.0028542239347205,1649.616842788819,1.0217943169513084,1649.5779547649045,1.0119455844296998
1649.6348979418142,1.0075682239255364,1649.6348979418142,1.002826060352065,1649.618231646383,0.9973844857570952,1649.579343622934,0.9998234121269226
1649.6362867998444,0.9970782124980239,1649.6362867998444,1.0027952763324435,1649.6196205044128,1.0038869125064749,1649.5807324809646,0.984946744384837
1649.637675657409,1.0123867805673012,1649.637675657409,1.0028524792499451,1649.6210093624438,1.0105480273835123,1649.5821213389947,0.9944474645483924
1649.6390645154397,1.0057637048677266,1649.6390645154397,1.0028498701385593,1649.622398220474,1.0009490307330884,1649.5835101970254,1.0348339372632855
1649.6404533734692,1.0092024272123417,1649.6404533734692,1.0029459045719535,1649.6237870785037,1.0003370831865712,1649.5848990550555,1.02278887155616
1649.641842231499,0.9961433394840864,1649.641842231499,1.0028273139163093,1649.625175936069,0.9955390908495556,1649.5862879130852,1.03517136467573
1649.6432310890634,1.0159015007743584,1649.6432310890634,1.002965352623853,1649.6265647940988,1.004586551594252,1649.587676771115,1.035026273470073
1649.6446199470945,1.0060770457026786,1649.6446199470945,1.0029556375866526,1649.627953652129,1.001305304512104,1649.5890656291456,1.0152915459760554
1649.6460088051251,1.0033434656279858,1649.6460088051251,1.0029506495101352,1649.6293425101596,1.0051973804066805,1649.5904544871769,1.0103309069138369
1649.6473976631548,0.992461504817916,1649.6473976631548,1.002974799380975,1649.6307313681898,1.0183112674508534,1649.5918433452068,1.005896417099179
1649.648786520719,0.9930736086008183,1649.648786520719,1.003072117031515,1649.632120225754,1.0161449679727943,1649.5932322032363,1.006881677605448
1649.650175378749,1.0089927461465982,1649.650175378749,1.0031966326127912,1649.6335090837836,1.0099801407487965,1649.594621061267,1.0131266234014904
1649.6515642367797,0.9966761555614966,1649.6515642367797,1.0032527302499747,1649.6348979418142,1.0104156725351727,1649.5960099192964,1.0065803078532465
1649.652953094345,1.0110124274066545,1649.652953094345,1.0033307566280063,1649.6362867998444,0.9998653216270146,1649.5973987768614,1.0092247370695209
1649.6543419523748,1.0091635836355068,1649.6543419523748,1.0033528117372696,1649.637675657409,1.0152745928517883,1649.5987876348925,1.0097786825563624
1649.6557308104043,0.9907792933452093,1649.6557308104043,1.0034428661913903,1649.6390645154397,1.008630000816676,1649.6001764929222,0.98774616130063
1649.657119667969,0.9815185661819057,1649.657119667969,1.0033913743867873,1649.6404533734692,1.012175441256693,1649.601565350952,1.0219931934496915
1649.6585085259987,0.9935732242951889,1649.6585085259987,1.003373313392947,1649.641842231499,0.9989597494104486,1649.602954208982,1.0088136453201588
1649.659897384029,0.9950544684337834,1649.659897384029,1.0034303470933454,1649.6432310890634,1.0189140069552558,1649.6043430670118,1.0008485167780423
1649.66128624206,0.9914804850116878,1649.66128624206,1.0035264425098818,1649.6446199470945,1.009050644834026,1649.6057319250424,1.0180023247294363
1649.662675099625,1.0042182500275794,1649.662675099625,1.0036553852675003,1649.6460088051251,1.0063039805333385,1649.6071207830737,1.010888552828818
1649.664063957655,0.9867415008128637,1649.664063957655,1.0036523345325823,1649.6473976631548,0.9954138786880898,1649.608509640638,1.024900697289746
1649.6654528156844,1.0108307354047823,1649.6654528156844,1.003644761552789,1649.648786520719,0.996124446947349,1649.6098984986677,1.0100645621442588
1649.6668416732498,0.9940086787305896,1649.6668416732498,1.0036681736569475,1649.650175378749,1.0122181252650002,1649.6112873566974,0.9933319145490248
1649.66823053128,1.0151950084041261,1649.66823053128,1.0037106349315066,1649.6515642367797,0.99991807424212,1649.6126762147285,0.9925899356788138
1649.669619388844,1.006790901232603,1649.669619388844,1.0037090473560633,1649.652953094345,1.014379863750236,1649.6140650727586,1.00525727570866
1649.6710082468746,1.0036760919519259,1649.6710082468746,1.0038009787585644,1649.6543419523748,1.0125471191435451,1649.6154539307884,1.0021791218918448
1649.6723971049043,1.0210218936196764,1649.6723971049043,1.0039048042155077,1649.6557308104043,0.9941904138773971,1649.616842788819,1.0217943169513084
1649.6737859624682,1.0114502067566769,1649.6737859624682,1.0039264973925668,1649.657119667969,0.9848472631074112,1649.618231646383,0.9973844857570952
1649.675174820499,0.9912818319917868,1649.675174820499,1.003983822276488,1649.6585085259987,0.9969248581595774,1649.6196205044128,1.0038869125064749
1649.6765636785296,0.9775174433368456,1649.6765636785296,1.0039937003597357,1649.659897384029,0.9984678506372956,1649.6210093624438,1.0105480273835123
1649.6779525360937,1.0079031632699997,1649.6779525360937,1.0041137794463906,1649.66128624206,0.9949768839417512,1649.622398220474,1.0009490307330884
1649.679341394124,1.0260700184706657,1649.679341394124,1.004209196264461,1649.662675099625,1.007889054624085,1649.6237870785037,1.0003370831865712
1649.6807302516888,0.9929814918852166,1649.6807302516888,1.004326737147358,1649.664063957655,0.9903454108710146,1649.625175936069,0.9955390908495556
1649.682119109719,0.9915584406696203,1649.682119109719,1.0044314740046745,1649.6654528156844,1.014514972405563,1649.6265647940988,1.004586551594252
1649.6835079677496,1.0029680101777891,1649.6835079677496,1.0045014974254567,1649.6668416732498,0.9976548751806864,1649.627953652129,1.001305304512104
1649.684896825314,1.007226893563779,1649.684896825314,1.0045929871332808,1649.66823053128,1.0189620264646015,1649.6293425101596,1.0051973804066805
1649.6862856833438,1.0043269671485118,1649.6862856833438,1.0045434370128559,1649.669619388844,1.0105251363629284,1649.6307313681898,1.0183112674508534
1649.687674540908,1.0203397714645377,1649.687674540908,1.0045749271001656,1649.6710082468746,1.007491043457914,1649.632120225754,1.0161449679727943
1649.6890633989383,1.0152101817047976,1649.6890633989383,1.0046767284353322,1649.6723971049043,1.025008784214008,1649.6335090837836,1.0099801407487965
1649.690452256503,0.984087553303595,1649.690452256503,1.0046946481434398,1649.6737859624682,1.015421663356218,1649.6348979418142,1.0104156725351727
1649.6918411145332,0.9957437948738603,1649.6918411145332,1.0048090186090783,1649.675174820499,0.9952309226363536,1649.6362867998444,0.9998653216270146
1649.6932299725638,1.001892460844839,1649.6932299725638,1.004898708839806,1649.6765636785296,0.981421355101948,1649.637675657409,1.0152745928517883
1649.694618830128,1.0063925870529429,1649.694618830128,1.004947801761647,1649.6779525360937,1.012049454587012,1649.6390645154397,1.008630000816676
1649.6960076881576,1.0117772517310395,1649.6960076881576,1.0049980788639086,1649.679341394124,1.030388948559488,1649.6404533734692,1.012175441256693
1649.697396545723,1.0015512258571362,1649.697396545723,1.0049718010839364,1649.6807302516888,0.9972778617927954,1649.641842231499,0.9989597494104486
1649.698785403754,1.0019731530708664,1649.698785403754,1.0049636171353324,1649.682119109719,0.9959525061235632,1649.6432310890634,1.0189140069552558
1649.700174261318,0.9776922573821273,1649.700174261318,1.0049775438287532,1649.6835079677496,1.0074828680934198,1649.6446199470945,1.009050644834026
1649.7015631193478,1.0207379232267886,1649.7015631193478,1.004929122239549,1649.684896825314,1.0118530737262117,1649.6460088051251,1.0063039805333385
1649.7029519769123,0.9993967359249308,1649.7029519769123,1.0049516726111707,1649.6862856833438,1.0088900634640636,1649.6473976631548,0.9954138786880898
1649.704340834942,0.9962330898990355,1649.704340834942,1.004905240523827,1649.687674540908,1.0250077515363876,1649.648786520719,0.996124446947349
1649.7057296925068,0.9993141853303302,1649.7057296925068,1.0049020709904941,1649.6890633989383,1.0199580440294151,1649.650175378749,1.0122181252650002
1649.7071185505376,1.0021361808447506,1649.7071185505376,1.0048987975026014,1649.690452256503,0.988707498108694,1649.6515642367797,0.99991807424212
1649.7085074081017,1.01128534684363,1649.7085074081017,1.0048791689730638,1649.6918411145332,1.000532345313283,1649.652953094345,1.014379863750236
1649.7098962661314,0.9969002566697583,1649.7098962661314,1.00497726142555,1649.6932299725638,1.0068004402993147,1649.6543419523748,1.0125471191435451
1649.7112851236964,1.0016269603375665,1649.7112851236964,1.0049889473820905,1649.694618830128,1.011372018068072,1649.6557308104043,0.9941904138773971
1649.7126739817263,1.0080365410497711,1649.7126739817263,1.005014243853722,1649.6960076881576,1.0168341942279,1649.657119667969,0.9848472631074112
1649.7140628392915,0.9950930500774692,1649.7140628392915,1.0050120063847903,1649.697396545723,1.0065307393274705,1649.6585085259987,0.9969248581595774
1649.7154516973217,0.9944899636246924,1649.7154516973217,1.0050119333451306,1649.698785403754,1.006946564182592,1649.659897384029,0.9984678506372956
1649.7168405548866,1.0172125575685238,1649.7168405548866,1.0050696983427325,1649.700174261318,0.9825587634442794,1649.66128624206,0.9949768839417512
1649.7182294129163,1.0020355414820978,1649.7182294129163,1.0050742697106916,1649.7015631193478,1.0257692652249168,1649.662675099625,1.007889054624085
1649.7196182704804,1.00569003404523,1649.7196182704804,1.0050868740310723,1649.7029519769123,1.0043454213699037,1649.664063957655,0.9903454108710146
1649.7210071285117,1.0198503000998111,1649.7210071285117,1.0051983217184859,1649.704340834942,1.0011198528227856,1649.6654528156844,1.014514972405563
1649.722395986076,0.9821806595899294,1649.722395986076,1.0052445074221104,1649.7057296925068,1.0042128944086273,1649.6668416732498,0.9976548751806864
1649.7237848441057,1.0020978765444712,1649.7237848441057,1.0052284154343767,1649.7071185505376,1.0070454430647393,1649.66823053128,1.0189620264646015
1649.7251737016702,1.0085835810034707,1649.7251737016702,1.0053251110451782,1649.7085074081017,1.0162195789308637,1649.669619388844,1.0105251363629284
1649.7265625592345,0.9975854797076096,1649.7265625592345,1.0053104061789104,1649.7098962661314,1.0018620898624018,1649.6710082468746,1.007491043457914
1649.7279514172649,1.0158510974286563,1649.7279514172649,1.0053226321081692,1649.7112851236964,1.006624024539174,1649.6723971049043,1.025008784214008
1649.7293402748303,0.9887922448199781,1649.7293402748303,1.0053608360735062,1649.7126739817263,1.0130910820800572,1649.6737859624682,1.015421663356218
1649.73072913286,1.009093097197896,1649.73072913286,1.0052927684133108,1649.7140628392915,1.0000804627979178,1649.675174820499,0.9952309226363536
1649.732117990424,1.0222210254881814,1649.732117990424,1.0052965082944052,1649.7154516973217,0.9994742810347808,1649.6765636785296,0.981421355101948
1649.7335068484542,0.9969886014916981,1649.7335068484542,1.0052424512266622,1649.7168405548866,1.0223695183858357,1649.6779525360937,1.012049454587012
1649.7348957060192,1.0277792186912096,1649.7348957060192,1.0052793574273466,1649.7182294129163,1.0071201400792769,1649.679341394124,1.030388948559488
1649.7362845635837,1.0118812960269414,1649.7362845635837,1.0053806101823248,1649.7196182704804,1.0108058525627228,1649.6807302516888,0.9972778617927954
1649.737673421614,1.009968153949228,1649.737673421614,1.0054564324561817,1649.7210071285117,1.0251518100644244,1649.682119109719,0.9959525061235632
1649.7390622791788,0.9811022894416485,1649.7390622791788,1.0054549052638035,1649.722395986076,0.987331713349002,1649.6835079677496,1.0074828680934198
1649.7404511372083,1.0114017279637244,1649.7404511372083,1.0054561411821101,1649.7237848441057,1.0073372605489526,1649.684896825314,1.0118530737262117
1649.7418399947726,1.014660846577145,1649.7418399947726,1.0054201384476482,1649.7251737016702,1.0139544005706576,1649.6862856833438,1.0088900634640636
1649.743228852338,1.008530406526591,1649.743228852338,1.0054013258977705,1649.7265625592345,1.0028830638030402,1649.687674540908,1.0250077515363876
1649.7446177103682,0.9922001504552191,1649.7446177103682,1.005399163295248,1649.7279514172649,1.021258099096949,1649.6890633989383,1.0199580440294151
1649.7460065679322,0.998868857899997,1649.7460065679322,1.0054342605991653,1649.7293402748303,0.9940929979552122,1649.690452256503,0.988707498108694
1649.7473954254972,1.0036299040026946,1649.7473954254972,1.005441692718685,1649.73072913286,1.014433993268835,1649.6918411145332,1.000532345313283
1649.748784283527,0.9867552899995863,1649.748784283527,1.0054632983303884,1649.732117990424,1.0276352276283949,1649.6932299725638,1.0068004402993147
1649.750173141091,1.0084837757938598,1649.750173141091,1.0054470461100404,1649.7335068484542,1.0022152656085566,1649.694618830128,1.011372018068072
1649.751561999122,1.006525553239079,1649.751561999122,1.0055173290357522,1649.7348957060192,1.0332052325430796,1649.6960076881576,1.0168341942279
1649.7529508566874,0.9969411419201992,1649.7529508566874,1.0055108548880212,1649.7362845635837,1.017325834831648,1649.697396545723,1.0065307393274705
1649.7543397142513,1.0167477304324661,1649.7543397142513,1.0055283402366628,1649.737673421614,1.0154789769641464,1649.698785403754,1.006946564182592
1649.7557285722808,1.0217755062003842,1649.7557285722808,1.0055287499217294,1649.7390622791788,0.9864541094846534,1649.700174261318,0.9825587634442794
1649.7571174298455,1.0184035200039598,1649.7571174298455,1.0055410912535718,1649.7404511372083,1.0169200785833246,1649.7015631193478,1.0257692652249168
1649.7585062874102,0.9987272263647098,1649.7585062874102,1.0055716733042912,1649.7418399947726,1.020160448843001,1649.7029519769123,1.0043454213699037
1649.7598951454409,0.995161331696072,1649.7598951454409,1.0055663598949862,1649.743228852338,1.013977807930052,1649.704340834942,1.0011198528227856
1649.7612840030054,1.001400227869054,1649.7612840030054,1.0055495808637014,1649.7446177103682,0.9975572010890964,1649.7057296925068,1.0042128944086273
1649.7626728605694,1.016381666921452,1649.7626728605694,1.0055672268476028,1649.7460065679322,1.0042969715782162,1649.7071185505376,1.0070454430647393
1649.7640617181337,0.9983903928963616,1649.7640617181337,1.0056042470151296,1649.7473954254972,1.0090913495435607,1649.7085074081017,1.0162195789308637
1649.765450576164,1.0229187671516229,1649.765450576164,1.0056110730098056,1649.748784283527,0.992146228527943,1649.7098962661314,1.0018620898624018
1649.7668394337286,0.9993868156864455,1649.7668394337286,1.0056187479216108,1649.750173141091,1.0139770334218368,1649.7112851236964,1.006624024539174
1649.7682282912936,1.0127740572272856,1649.7682282912936,1.0055746031865158,1649.751561999122,1.0120788858991916,1649.7126739817263,1.0130910820800572
1649.7696171493235,1.0156514021683922,1649.7696171493235,1.0055828275234022,1649.7529508566874,1.0024351398852196,1649.7140628392915,1.0000804627979178
1649.7710060068882,1.0062547327412732,1649.7710060068882,1.0056004023031522,1649.7543397142513,1.0223686578211515,1649.7154516973217,0.9994742810347808
1649.7723948644525,1.0095721950443264,1649.7723948644525,1.0055913902089477,1649.7557285722808,1.0274246474503146,1649.7168405548866,1.0223695183858357
1649.7737837220172,1.0221200459196038,1649.7737837220172,1.0056116152501837,1649.7571174298455,1.0240465868412605,1649.7182294129163,1.0071201400792769
1649.7751725800483,1.0063195170221317,1649.7751725800483,1.0055803036942437,1649.7585062874102,1.0042918081901149,1649.7196182704804,1.0108058525627228
1649.7765614376124,1.0109709453558409,1649.7765614376124,1.0055423810648672,1649.7598951454409,1.000700757821866,1649.7210071285117,1.0251518100644244
1649.7779502951764,1.0234359061219982,1649.7779502951764,1.0055615450460622,1649.7612840030054,1.0069575794105423,1649.722395986076,0.987331713349002
1649.779339152741,1.000859556926719,1649.779339152741,1.0055495475646674,1649.7626728605694,1.0220400942249483,1649.7237848441057,1.0073372605489526
1649.7807280107706,1.0023076707701648,1649.7807280107706,1.0055420891445406,1649.7640617181337,1.003985619275685,1649.7251737016702,1.0139544005706576
1649.7821168683356,1.0119983836681765,1649.7821168683356,1.0055024745308068,1649.765450576164,1.0286584390372109,1649.7265625592345,1.0028830638030402
1649.783505725901,0.9962326640110862,1649.783505725901,1.0054890070764455,1649.7668394337286,1.0050021182799689,1649.7279514172649,1.021258099096949
1649.7848945834648,1.0103420961091165,1649.7848945834648,1.0054657999484404,1649.7682282912936,1.0184198707139254,1649.7293402748303,0.9940929979552122
1649.7862834414943,1.008732761559817,1649.7862834414943,1.0054972055465956,1649.7696171493235,1.0213216087706,1649.73072913286,1.014433993268835
1649.7876722990593,0.9802792151933878,1649.7876722990593,1.0054845356690343,1649.7710060068882,1.0118901640640752,1649.732117990424,1.0276352276283949
1649.7890611566247,1.007121614929451,1649.7890611566247,1.0054642131267748,1649.7723948644525,1.015217107130923,1649.7335068484542,1.0022152656085566
1649.7904500141892,1.0105309840522188,1649.7904500141892,1.0054472413376332,1649.7737837220172,1.0278557903568049,1649.7348957060192,1.0332052325430796
1649.7918388717533,1.0131448845584252,1649.7918388717533,1.0055042611990652,1649.7751725800483,1.0119350855405598,1649.7362845635837,1.017325834831648
1649.793227729784,1.0004947363426917,1649.793227729784,1.0055243319431086,1649.7765614376124,1.016574131580512,1649.737673421614,1.0154789769641464
1649.794616587348,1.0164305582156665,1649.794616587348,1.0054699215068161,1649.7779502951764,1.029127791015653,1649.7390622791788,0.9864541094846534
1649.796005444912,0.9870867868873897,1649.796005444912,1.0054669485863592,1649.779339152741,1.0064138746434357,1649.7404511372083,1.0169200785833246
1649.7973943024774,1.0087440865475592,1649.7973943024774,1.0055075005689962,1649.7807280107706,1.0078625492318298,1649.7418399947726,1.020160448843001
1649.798783160042,1.0193270731191748,1649.798783160042,1.005524171707977,1649.7821168683356,1.0175668789995282,1649.743228852338,1.013977807930052
1649.8001720180716,0.9965190525555295,1649.8001720180716,1.0055604950882069,1649.783505725901,1.0017009921536293,1649.7446177103682,0.9975572010890964
1649.8015608756364,1.003783226192914,1649.8015608756364,1.0055179650324808,1649.7848945834648,1.015864423885937,1649.7460065679322,1.0042969715782162
1649.8029497332002,1.004520127668275,1649.8029497332002,1.005583394943415,1649.7862834414943,1.0142779728916962,1649.7473954254972,1.0090913495435607
1649.8043385907642,1.025431544802406,1649.8043385907642,1.0056679713339287,1649.7876722990593,0.9856555915147288,1649.748784283527,0.992146228527943
1649.8057274483297,1.0027024615326503,1649.8057274483297,1.0057088459691288,1649.7890611566247,1.0126247420780072,1649.750173141091,1.0139770334218368
1649.807116305895,0.996185083047248,1649.807116305895,1.0057654370723563,1649.7904500141892,1.0160355902015072,1649.751561999122,1.0120788858991916
1649.8085051634591,1.0062732793999103,1649.8085051634591,1.005764367678636,1649.7918388717533,1.0187214986355315,1649.7529508566874,1.0024351398852196
1649.8098940214888,1.0184586371400084,1649.8098940214888,1.005701886472754,1649.793227729784,1.0060218013735818,1649.7543397142513,1.0223686578211515
1649.8112828790538,1.0163915994001527,1649.8112828790538,1.0056645906136363,1649.794616587348,1.0219903535862356,1649.7557285722808,1.0274246474503146
1649.8126717366183,0.9956809789442789,1649.8126717366183,1.0056614276940905,1649.796005444912,0.9924831396015776,1649.7571174298455,1.0240465868412605
1649.8140605941833,1.01013414125354,1649.8140605941833,1.0056843800022126,1649.7973943024774,1.0142997451781914,1649.7585062874102,1.0042918081901149
1649.8154494517478,1.0038190718289384,1649.8154494517478,1.0057400174805406,1649.798783160042,1.0249580108976748,1649.7598951454409,1.000700757821866
1649.8168383093118,0.989507342262632,1649.8168383093118,1.0058064498642487,1649.8001720180716,1.0020601918525691,1649.7612840030054,1.0069575794105423
1649.818227166876,1.0134037295212819,1649.818227166876,1.0057928638305955,1649.8015608756364,1.0093220669352374,1649.7626728605694,1.0220400942249483
1649.8196160244404,1.023287951122283,1649.8196160244404,1.0057829616133744,1649.8029497332002,1.0101287602696565,1649.7640617181337,1.003985619275685
1649.821004882471,1.0178622139613236,1649.821004882471,1.005785005620611,1649.8043385907642,1.0312436614032523,1649.765450576164,1.0286584390372109
1649.8223937400355,1.008760283116668,1649.8223937400355,1.0057519756373043,1649.8057274483297,1.0084267354384064,1649.7668394337286,1.0050021182799689
1649.8237825976005,1.0064992588459873,1649.8237825976005,1.005705536247354,1649.807116305895,1.0019285254559769,1649.7682282912936,1.0184198707139254
1649.825171455165,1.000997496402275,1649.825171455165,1.005670010565194,1649.8085051634591,1.0120738085675582,1649.7696171493235,1.0213216087706
1649.826560312729,1.0137996620459042,1649.826560312729,1.0056826407472466,1649.8098940214888,1.0242657726661766,1649.7710060068882,1.0118901640640752
1649.827949170294,0.9903709272554043,1649.827949170294,1.0056832905177078,1649.8112828790538,1.0221490417138936,1649.7723948644525,1.015217107130923
1649.8293380278594,1.001339182518303,1649.8293380278594,1.0056933006766604,1649.8126717366183,1.0013179548129532,1649.7737837220172,1.0278557903568049
1649.8307268854237,1.0121182365164827,1649.8307268854237,1.0056620356427814,1649.8140605941833,1.0158761275656338,1649.7751725800483,1.0119350855405598
1649.8321157429875,1.0238042746913891,1649.8321157429875,1.005674402173063,1649.8154494517478,1.0095810108485366,1649.7765614376124,1.016574131580512
1649.833504600552,0.9978305738665009,1649.833504600552,1.0056666622815014,1649.8168383093118,0.995252867035786,1649.7779502951764,1.029127791015653
1649.834893458116,1.0022740394957312,1649.834893458116,1.0055732542417823,1649.818227166876,1.0192742393318164,1649.779339152741,1.0064138746434357
1649.8362823156806,1.007202561716158,1649.8362823156806,1.0054591922799687,1649.8196160244404,1.0292055860630518,1649.7807280107706,1.0078625492318298
1649.837671173246,1.0137323983910655,1649.837671173246,1.0053934235117319,1649.821004882471,1.0237505525900974,1649.7821168683356,1.0175668789995282
1649.83906003081,1.016020314252153,1649.83906003081,1.0054065005486308,1649.8223937400355,1.0145626476890353,1649.783505725901,1.0017009921536293
1649.840448888374,1.0059078251058806,1649.840448888374,1.0053114740818718,1649.8237825976005,1.012241876850268,1649.7848945834648,1.015864423885937
1649.841837745939,0.9848691439326788,1649.841837745939,1.005251342517535,1649.825171455165,1.0066731627826084,1649.7862834414943,1.0142779728916962
1649.8432266035045,0.9989253258768521,1649.8432266035045,1.0052192550237689,1649.826560312729,1.019560721314991,1649.7876722990593,0.9856555915147288
1649.844615461069,1.0123260061608084,1649.844615461069,1.0051535129644344,1649.827949170294,0.9959994929552884,1649.7890611566247,1.0126247420780072
1649.846004318633,1.0123607526202403,1649.846004318633,1.005128704527024,1649.8293380278594,1.007040107563701,1649.7904500141892,1.0160355902015072
1649.847393176198,0.993375354884712,1649.847393176198,1.0050652956721524,1649.8307268854237,1.0178488860463482,1649.7918388717533,1.0187214986355315
1649.8487820337618,1.027249928764074,1649.8487820337618,1.0050492284022643,1649.8321157429875,1.0296137518924893,1649.793227729784,1.0060218013735818
1649.8501708913257,0.9963519189227182,1649.8501708913257,1.0049858597838652,1649.833504600552,1.003484942742759,1649.794616587348,1.0219903535862356
1649.851559748891,1.0160738121339847,1649.851559748891,1.005011480827546,1649.834893458116,1.007859967537779,1649.796005444912,0.9924831396015776
1649.852948606456,1.001071961395068,1649.852948606456,1.004902760964407,1649.8362823156806,1.0127010741654436,1649.7973943024774,1.0142997451781914
1649.85433746402,0.9968852203389336,1649.85433746402,1.004843249601492,1649.837671173246,1.0191998865431522,1649.798783160042,1.0249580108976748
1649.8557263215846,1.014659694189355,1649.8557263215846,1.0047984975005426,1649.83906003081,1.0215134286385772,1649.8001720180716,1.0020601918525691
1649.8571151791486,1.0117231415089676,1649.8571151791486,1.0047650094278044,1649.840448888374,1.0112506784476825,1649.8015608756364,1.0093220669352374
1649.8585040367136,1.0193723365680316,1649.8585040367136,1.0046781142713217,1649.841837745939,0.9900410291424206,1649.8029497332002,1.0101287602696565
1649.859892894279,1.0067933767771584,1649.859892894279,1.0045684318772339,1649.8432266035045,1.0041389719023048,1649.8043385907642,1.0312436614032523
1649.8612817518435,1.0131366065862328,1649.8612817518435,1.004541945095941,1649.844615461069,1.0175430413577922,1649.8057274483297,1.0084267354384064
1649.8626706094076,1.016885999114913,1649.8626706094076,1.0045270618628503,1649.846004318633,1.0175528517951853,1649.807116305895,1.0019285254559769
1649.8640594669716,0.9754518585827121,1649.8640594669716,1.0045146104291287,1649.847393176198,0.9984070947706324,1649.8085051634591,1.0120738085675582
1649.8654483245364,1.0035601897342021,1649.8654483245364,1.0044552546801089,1649.8487820337618,1.0324367482806134,1649.8098940214888,1.0242657726661766
1649.866837182101,0.9964213436125441,1649.866837182101,1.0044124999969972,1649.8501708913257,1.001319589885852,1649.8112828790538,1.0221490417138936
1649.8682260396656,1.0103724228133084,1649.8682260396656,1.0043100590880223,1649.851559748891,1.021165846562866,1649.8126717366183,1.0013179548129532
1649.8696148972306,1.0072347514196012,1649.8696148972306,1.004280989385212,1649.852948606456,1.005979977929958,1649.8140605941833,1.0158761275656338
1649.8710037547946,0.998729720016415,1649.8710037547946,1.0042298856250023,1649.85433746402,1.0017133842850734,1649.8154494517478,1.0095810108485366
1649.872392612359,1.0078230229464065,1649.872392612359,1.0041493082002637,1649.8557263215846,1.019528536195824,1649.8168383093118,0.995252867035786
1649.8737814694584,1.0089360067276998,1649.8737814694584,1.0041205773699038,1649.8571151791486,1.0165440118165858,1649.818227166876,1.0192742393318164
1649.875170327023,1.0021445450421922,1649.875170327023,1.0040883629296014,1649.8585040367136,1.024141076843521,1649.8196160244404,1.0292055860630518
1649.876559184587,0.9868510454078818,1649.876559184587,1.0040801016787153,1649.859892894279,1.0113928437334152,1649.821004882471,1.0237505525900974
1649.877948042152,1.0234538087373093,1649.877948042152,1.0040264847896865,1649.8612817518435,1.0177382174280354,1649.8223937400355,1.0145626476890353
1649.8793368997165,1.0048067398522875,1649.8793368997165,1.0040148012069132,1649.8626706094076,1.0214895049403727,1649.8237825976005,1.012241876850268
1649.8807257572803,1.0092356404427505,1649.8807257572803,1.0039588926027003,1649.8640594669716,0.9798556437165826,1649.825171455165,1.0066731627826084
1649.882114614845,1.0117193162137592,1649.882114614845,1.0038905677730134,1649.8654483245364,1.0080313059662864,1649.826560312729,1.019560721314991
1649.8835034724104,1.0024867545546783,1649.8835034724104,1.003791103479952,1649.866837182101,1.0008180527882424,1649.827949170294,0.9959994929552884
1649.8848923299745,0.9932814592323561,1649.8848923299745,1.0037489632309744,1649.8682260396656,1.014727187656542,1649.8293380278594,1.007040107563701
1649.8862811870729,0.9831259359802308,1649.8862811870729,1.003700505412223,1649.8696148972306,1.011546712698845,1649.8307268854237,1.0178488860463482
1649.8876700446378,0.9963929038843582,1649.8876700446378,1.0036607473232215,1649.8710037547946,1.002954232502375,1649.8321157429875,1.0296137518924893
1649.8890589022024,0.9930633023915231,1649.8890589022024,1.0035615702487544,1649.872392612359,1.0120047912799326,1649.833504600552,1.003484942742759
1649.8904477597673,1.0032784777667523,1649.8904477597673,1.0034812900014503,1649.8737814694584,1.013093405604703,1649.834893458116,1.007859967537779
1649.8918366173318,0.9740574325254305,1649.8918366173318,1.0033966287762042,1649.875170327023,1.0062416756502448,1649.8362823156806,1.0127010741654436
1649.893225474896,1.0182199569803463,1649.893225474896,1.003358186262214,1649.876559184587,0.9908774980148924,1649.837671173246,1.0191998865431522
1649.8946143319945,0.9915505359733556,1649.8946143319945,1.003244906641621,1649.877948042152,1.0275747299311369,1649.83906003081,1.0215134286385772
1649.8960031895592,0.9926897222055869,1649.8960031895592,1.0031650983848368,1649.8793368997165,1.008840839164161,1649.840448888374,1.0112506784476825
1649.8973920471246,0.9968636738621006,1649.8973920471246,1.0031334171988435,1649.8807257572803,1.013231095954081,1649.841837745939,0.9900410291424206
1649.8987809046891,1.0111565293631153,1649.8987809046891,1.0031041948937092,1649.882114614845,1.0156554787807557,1649.8432266035045,1.0041389719023048
1649.9001697622532,1.0152097694351971,1649.9001697622532,1.0030738500018261,1649.8835034724104,1.0062872855784764,1649.844615461069,1.0175430413577922
1649.9015586198177,0.9951669202884389,1649.9015586198177,1.0029906935540691,1649.8848923299745,0.9970052349010268,1649.846004318633,1.0175528517951853
1649.902947476916,1.0256634387830086,1649.902947476916,1.0029921343049584,1649.8862811870729,0.9867639988272224,1649.847393176198,0.9984070947706324
1649.904336334481,0.9898027721805546,1649.904336334481,1.0028867362269345,1649.8876700446378,1.0000404465401298,1649.8487820337618,1.0324367482806134
1649.9057251920465,1.0113427124266736,1649.9057251920465,1.0029019996911894,1649.8890589022024,0.9966001671044504,1649.8501708913257,1.001319589885852
1649.9071140496103,0.9941714142583089,1649.9071140496103,1.0028964850956157,1649.8904477597673,1.006771181100072,1649.851559748891,1.021165846562866
1649.908502906709,1.005425119729767,1649.908502906709,1.0029830228712922,1649.8918366173318,0.977365944030422,1649.852948606456,1.005979977929958
1649.9098917642734,0.9982753820571552,1649.9098917642734,1.0029557620077814,1649.893225474896,1.0216393292517898,1649.85433746402,1.0017133842850734
1649.9112806218377,1.0057251207092153,1649.9112806218377,1.002912131501299,1649.8946143319945,0.9947680248930384,1649.8557263215846,1.019528536195824
1649.9126694794024,1.0220734347587683,1649.9126694794024,1.0029460497112992,1649.8960031895592,0.995831682841984,1649.8571151791486,1.0165440118165858
1649.9140583369676,0.9824540836361523,1649.9140583369676,1.002906734305721,1649.8973920471246,0.9999872636426824,1649.8585040367136,1.024141076843521
1649.9154471940667,0.9885305197409099,1649.9154471940667,1.002977761141763,1649.8987809046891,1.014295356298305,1649.859892894279,1.0113928437334152
1649.9168360516308,0.9910360218353085,1649.9168360516308,1.0028869905178774,1649.9001697622532,1.0183303719868295,1649.8612817518435,1.0177382174280354
1649.9182249091948,0.9977869689972833,1649.9182249091948,1.0028490973790143,1649.9015586198177,0.9981431595821684,1649.8626706094076,1.0214895049403727
1649.9196137667602,0.9969134918363673,1649.9196137667602,1.002770454194462,1649.902947476916,1.0287323615435329,1649.8640594669716,0.9798556437165826
1649.921002623859,1.011216689281873,1649.921002623859,1.002679260224779,1649.904336334481,0.9926600717005284,1649.8654483245364,1.0080313059662864
1649.9223914814231,1.0230793425494524,1649.9223914814231,1.002606530420565,1649.9057251920465,1.0142776286658226,1649.866837182101,1.0008180527882424
1649.923780338988,0.9934220520509845,1649.923780338988,1.0025057154903037,1649.9071140496103,0.9970510169421952,1649.8682260396656,1.014727187656542
1649.9251691960865,0.9997565289178705,1649.9251691960865,1.0024653608875544,1649.908502906709,1.0084243258572925,1649.8696148972306,1.011546712698845
1649.9265580536503,0.9931892161404928,1649.9265580536503,1.002448216571447,1649.9098917642734,1.0012260465047431,1649.8710037547946,1.002954232502375
1649.927946911216,1.0185769429988305,1649.927946911216,1.0025149889143288,1649.9112806218377,1.0086539245148802,1649.872392612359,1.0120047912799326
1649.9293357687804,1.0059630694797093,1649.9293357687804,1.0024328082252307,1649.9126694794024,1.025084513906166,1649.8737814694584,1.013093405604703
1649.9307246258788,1.0145325029954777,1649.9307246258788,1.0023373434644285,1649.9140583369676,0.9853098166248532,1649.875170327023,1.0062416756502448
1649.9321134834431,1.009015262869119,1649.9321134834431,1.0023347601017474,1649.9154471940667,0.9914741275100412,1649.876559184587,0.9908774980148924
1649.9335023410074,1.0184535212990389,1649.9335023410074,1.0023009407252805,1649.9168360516308,0.993897133433222,1649.877948042152,1.0275747299311369
1649.9348911981067,1.0073441139184705,1649.9348911981067,1.0022508305637943,1649.9182249091948,1.000629761235468,1649.8793368997165,1.008840839164161
1649.936280055672,0.9912742359649884,1649.936280055672,1.002200803591302,1649.9196137667602,0.9996753950013412,1649.8807257572803,1.013231095954081
1649.9376689132366,1.0163372364329915,1649.9376689132366,1.0021373861382767,1649.921002623859,1.0139260019360985,1649.882114614845,1.0156554787807557
1649.939057770335,1.0120064785314888,1649.939057770335,1.002010442567286,1649.9223914814231,1.025746029978459,1649.8835034724104,1.0062872855784764
1649.940446627899,1.015046704119114,1649.940446627899,1.0019041877344215,1649.923780338988,0.995911285075218,1649.8848923299745,0.9970052349010268
1649.941835485464,1.0176992425635967,1649.941835485464,1.0019170471951768,1649.9251691960865,1.0022212895613418,1649.8862811870729,0.9867639988272224
1649.9432243425629,1.012232648594712,1649.9432243425629,1.0018910417895124,1649.9265580536503,0.9956207584380304,1649.8876700446378,1.0000404465401298
1649.9446132001276,0.9976580833103642,1649.9446132001276,1.001810541367601,1649.927946911216,1.0211386527188635,1649.8890589022024,0.9966001671044504
1649.9460020576923,1.0130157414811294,1649.9460020576923,1.0017268349837625,1649.9293357687804,1.008410384709418,1649.8904477597673,1.006771181100072
1649.9473909147907,0.9970262972841522,1649.9473909147907,1.001610624670201,1649.9307246258788,1.0169038139108044,1649.8918366173318,0.977365944030422
1649.9487797723548,1.0011336365799548,1649.9487797723548,1.0015503422164849,1649.9321134834431,1.01137107144692,1649.893225474896,1.0216393292517898
1649.9501686294536,1.004600298024151,1649.9501686294536,1.0014648494698948,1649.9335023410074,1.0207969224830011,1649.8946143319945,0.9947680248930384
1649.9515574870186,0.9942674936510522,1649.9515574870186,1.0014868280869553,1649.9348911981067,1.0096114748383365,1649.8960031895592,0.995831682841984
1649.952946344583,1.0066041506064518,1649.952946344583,1.0013757300489636,1649.936280055672,0.9934558358634652,1649.8973920471246,0.9999872636426824
1649.9543352016824,0.9947974578949201,1649.9543352016824,1.001322856038719,1649.9376689132366,1.0185095415539578,1649.8987809046891,1.014295356298305
1649.955724059247,0.9866830280703294,1649.955724059247,1.00128540961463,1649.939057770335,1.0140410594342977,1649.9001697622532,1.0183303719868295
1649.957112916811,0.9833218915119764,1649.957112916811,1.0013176630079763,1649.940446627899,1.0169795436029625,1649.9015586198177,0.9981431595821684
1649.9585017739105,1.0024582446852421,1649.9585017739105,1.001257508275488,1649.941835485464,1.0196502200420867,1649.902947476916,1.0287323615435329
1649.9598906314757,1.0128011142261912,1649.9598906314757,1.0011492457207973,1649.9432243425629,1.0141468228339134,1649.904336334481,0.9926600717005284
1649.9612794885738,0.9922429456824367,1649.9612794885738,1.0011572385354672,1649.9446132001276,0.9994643845409192,1649.9057251920465,1.0142776286658226
1649.9626683461377,1.0001352878535252,1649.9626683461377,1.0010696161668626,1649.9460020576923,1.014765052502621,1649.9071140496103,0.9970510169421952
1649.964057203237,0.9848569673417339,1649.964057203237,1.0009714201524686,1649.9473909147907,0.9986321324353972,1649.908502906709,1.0084243258572925
1649.965446060801,0.9828801652244253,1649.965446060801,1.0009139227524584,1649.9487797723548,1.0026857363210877,1649.9098917642734,1.0012260465047431
1649.9668349183655,1.0033744273594294,1649.9668349183655,1.00088213296145,1649.9501686294536,1.006071886238168,1649.9112806218377,1.0086539245148802
1649.9682237754653,1.0020794172498542,1649.9682237754653,1.0008626086964456,1649.9515574870186,0.9957457984865592,1649.9126694794024,1.025084513906166
1649.969612633029,0.9945419446147594,1649.969612633029,1.000825321179834,1649.952946344583,1.0079889661838526,1649.9140583369676,0.9853098166248532
1649.9710014901275,1.0193061805231496,1649.9710014901275,1.0007233524071932,1649.9543352016824,0.9961134317193988,1649.9154471940667,0.9914741275100412
1649.972390347693,0.9981492136477923,1649.972390347693,1.000588221843751,1649.955724059247,0.9879513199212032,1649.9168360516308,0.993897133433222
1649.9737792047924,0.9891252548748022,1649.9737792047924,1.0006202024377011,1649.957112916811,0.984617578393355,1649.9182249091948,1.000629761235468
1649.975168062357,1.0157708585679825,1649.975168062357,1.00054629844926,1649.9585017739105,1.003718844223765,1649.9196137667602,0.9996753950013412
1649.976556919455,0.9996012956666835,1649.976556919455,1.0004610209145097,1649.9598906314757,1.0139650715727344,1649.921002623859,1.0139260019360985
1649.9779457770198,0.9936703419263889,1649.9779457770198,1.0004023981071353,1649.9612794885738,0.9933912074557258,1649.9223914814231,1.025746029978459
1649.9793346341182,1.0099694083608877,1649.9793346341182,1.0003321976851245,1649.9626683461377,1.0012050487264632,1649.923780338988,0.995911285075218
1649.9807234916825,0.9833988493796753,1649.9807234916825,1.0003194059241212,1649.964057203237,0.9858136772471088,1649.9251691960865,1.0022212895613418
1649.982112348782,0.9920418783724586,1649.982112348782,1.000207808724662,1649.965446060801,0.983778441770364,1649.9265580536503,0.9956207584380304
1649.983501206347,0.9917336881657852,1649.983501206347,1.0000741771043582,1649.9668349183655,1.0042595370144791,1649.927946911216,1.0211386527188635
1649.9848900634454,0.9987258451186067,1649.9848900634454,1.0000305056695835,1649.9682237754653,1.0029438196697031,1649.9293357687804,1.008410384709418
1649.98627892101,1.014016715398071,1649.98627892101,0.9999300598568321,1649.969612633029,0.9953627611458832,1649.9307246258788,1.0169038139108044
1649.9876677781083,1.0149396064592133,1649.9876677781083,0.9998229280406931,1649.9710014901275,1.020043498102498,1649.9321134834431,1.01137107144692
1649.9890566356733,0.988066651289982,1649.9890566356733,0.9997501062214975,1649.972390347693,0.9987363468185828,1649.9335023410074,1.0207969224830011
1649.990445492773,0.9889669131417284,1649.990445492773,0.9997463055241457,1649.9737792047924,0.9897387127690672,1649.9348911981067,1.0096114748383365
1649.9918343503375,0.9865327901736458,1649.9918343503375,0.9996513113559159,1649.975168062357,1.0163257726128216,1649.936280055672,0.9934558358634652
1649.993223207436,0.9830140162832575,1649.993223207436,0.99954178305773,1649.976556919455,1.0000621327701569,1649.9376689132366,1.0185095415539578
1649.994612065,0.9907486271464921,1649.994612065,0.9994672452454615,1649.9779457770198,0.9940701929910966,1649.939057770335,1.0140410594342977
1649.9960009220988,1.0009834346885584,1649.9960009220988,0.9994531512266812,1649.9793346341182,1.0103049178603918,1649.940446627899,1.0169795436029625
1649.9973897796638,0.9944676363900405,1649.9973897796638,0.9993839210006473,1649.9807234916825,0.983712952797941,1649.941835485464,1.0196502200420867
1649.9987786367626,1.000062306940604,1649.9987786367626,0.9992795780766547,1649.982112348782,0.9922480333300144,1649.9432243425629,1.0141468228339134
1650.0001674943276,0.9981826910139159,1650.0001674943276,0.9992800024619493,1649.983501206347,0.9918072520990678,1649.9446132001276,0.9994643845409192
1650.001556351426,1.0077752309494405,1650.001556351426,0.9991885714490163,1649.9848900634454,0.9987563119192424,1649.9460020576923,1.014765052502621
1650.0029452085244,0.9935264306919389,1650.0029452085244,0.9991974630174362,1649.98627892101,1.0139457949238215,1649.9473909147907,0.9986321324353972
1650.0043340660898,0.9968807985474487,1650.0043340660898,0.9991602219391617,1649.9876677781083,1.0147598891145193,1649.9487797723548,1.0026857363210877
1650.0057229231886,0.9929452057148361,1650.0057229231886,0.9991229784554445,1649.9890566356733,0.9878197395810788,1649.9501686294536,1.006071886238168
1650.007111780753,0.9956295323091096,1650.007111780753,0.9990136165146006,1649.990445492773,0.9887160176990616,1649.9515574870186,0.9957457984865592
1650.0085006378515,1.0007578584437802,1650.0085006378515,0.9989063175085016,1649.9918343503375,0.9861887973926956,1649.952946344583,1.0079889661838526
1650.0098894954165,0.9875417639199005,1650.0098894954165,0.9988480819460422,1649.993223207436,0.9825635826065076,1649.9543352016824,0.9961134317193988
1650.0112783525149,0.9991241343477238,1650.0112783525149,0.9988723439583143,1649.994612065,0.9902208011048274,1649.955724059247,0.9879513199212032
1650.0126672096137,0.9972882795240037,1650.0126672096137,0.9988314496249354,1649.9960009220988,1.0004360481251866,1649.957112916811,0.984617578393355
1650.0140560671791,1.0027197731030173,1650.0140560671791,0.9987067739392613,1649.9973897796638,0.9938549657637248,1649.9585017739105,1.003718844223765
1650.0154449242775,0.9799418128455961,1650.0154449242775,0.9986055996479458,1649.9987786367626,0.9993418401299728,1649.9598906314757,1.0139650715727344
1650.016833781376,0.9937391167136781,1650.016833781376,0.9984944995787465,1650.0001674943276,0.997464001933861,1649.9612794885738,0.9933912074557258
1650.0182226389409,0.9923413729971076,1650.0182226389409,0.9984636891760288,1650.001556351426,1.006957493354074,1649.9626683461377,1.0012050487264632
1650.0196114960395,0.9938577546796094,1650.0196114960395,0.9983814558895053,1650.0029452085244,0.992729088988154,1649.964057203237,0.9858136772471088
1650.021000353605,0.9975872888827823,1650.021000353605,0.9982988078725289,1650.0043340660898,0.9960436399235576,1649.965446060801,0.983778441770364
1650.0223892107035,0.9888783557855138,1650.0223892107035,0.9981859420224758,1650.0057229231886,0.9920743713768612,1649.9668349183655,1.0042595370144791
1650.023778067802,0.9984928594812583,1650.023778067802,0.998118326768628,1650.007111780753,0.994647459780864,1649.9682237754653,1.0029438196697031
1650.025166925366,1.0006012523582475,1650.025166925366,0.9980209686899733,1650.0085006378515,0.9996633470957706,1649.969612633029,0.9953627611458832
1650.0265557824648,1.002278239184505,1650.0265557824648,0.9979139443373375,1650.0098894954165,0.9864041967330038,1649.9710014901275,1.020043498102498
1650.0279446395646,0.9990492699136986,1650.0279446395646,0.9978089628096307,1650.0112783525149,0.9979974659812326,1649.972390347693,0.9987363468185828
1650.0293334971295,0.9890028990386809,1650.0293334971295,0.9977096655262485,1650.0126672096137,0.9961228979309183,1649.9737792047924,0.9897387127690672
1650.030722354228,0.9968600647614756,1650.030722354228,0.9976229642828862,1650.0140560671791,1.0014230297608224,1649.975168062357,1.0163257726128216
1650.0321112113268,0.9859082189007383,1650.0321112113268,0.9975138537885723,1650.0154449242775,0.9785753816367716,1649.976556919455,1.0000621327701569
1650.0335000688908,0.9895353590020449,1650.0335000688908,0.9974548395387135,1650.016833781376,0.9922430420548496,1649.9779457770198,0.9940701929910966
1650.03488892599,0.9892593288111625,1650.03488892599,0.9974458258605167,1650.0182226389409,0.9908168282046976,1649.9793346341182,1.0103049178603918
1650.03627778309,1.0147725208207545,1650.03627778309,0.9974117244778004,1650.0196114960395,0.9922491520641032,1649.9807234916825,0.983712952797941
1650.037666640654,0.9906978073537809,1650.037666640654,0.997267421400914,1650.021000353605,0.9958902012404696,1649.982112348782,0.9922480333300144
1650.0390554977523,1.0070191495265715,1650.0390554977523,0.9972556061447245,1650.0223892107035,0.9870844731154,1649.983501206347,0.9918072520990678
1650.0404443548512,0.9962262285397181,1650.0404443548512,0.9972011453404923,1650.023778067802,0.9966140221958564,1649.9848900634454,0.9987563119192424
1650.0418332119496,1.010390862216476,1650.0418332119496,0.9970584589557102,1650.025166925366,0.9986210311509786,1649.98627892101,1.0139457949238215
1650.043222069514,0.97672200698775,1650.043222069514,0.9969356875325829,1650.0265557824648,1.000187430988091,1649.9876677781083,1.0147598891145193
1650.0446109266138,0.9970925638581375,1650.0446109266138,0.9968236471099836,1650.0279446395646,0.9968603158083064,1649.9890566356733,0.9878197395810788
1650.0459997837131,0.981430031498924,1650.0459997837131,0.996697280980879,1650.0293334971295,0.9867377516043724,1649.990445492773,0.9887160176990616
1650.0473886412772,1.004848771617545,1650.0473886412772,0.9966837949886547,1650.030722354228,0.9944904927825732,1649.9918343503375,0.9861887973926956
1650.0487774983756,1.0020271250586676,1650.0487774983756,0.9965606896338141,1650.0321112113268,0.9834571069175028,1649.993223207436,0.9825635826065076
1650.0501663554753,1.004025823988338,1650.0501663554753,0.9965302144517643,1650.0335000688908,0.987016832731268,1649.994612065,0.9902208011048274
1650.0515552125742,0.990696658581659,1650.0515552125742,0.9964583916737503,1650.03488892599,0.9867325882162704,1649.9960009220988,1.0004360481251866
1650.0529440701382,1.013729259049709,1650.0529440701382,0.9964658363570759,1650.03627778309,1.0121460099445134,1649.9973897796638,0.9938549657637248
1650.0543329272375,1.0157475135760774,1650.0543329272375,0.9963957039926378,1650.037666640654,0.9879906477272444,1649.9987786367626,0.9993418401299728
1650.0557217843357,1.0064860046338726,1650.0557217843357,0.9963729947152478,1650.0390554977523,1.004255492360466,1650.0001674943276,0.997464001933861
1650.0571106414338,1.0102166223053297,1650.0571106414338,0.9962932113142181,1650.0404443548512,0.993437936118046,1650.001556351426,1.006957493354074
1650.0584994989993,0.9897763350318646,1650.0584994989993,0.996264550378232,1650.0418332119496,1.0074187560244907,1650.0029452085244,0.992729088988154
1650.0598883560986,0.9940518819216102,1650.0598883560986,0.9962456387945421,1650.043222069514,0.9737290255645368,1650.0043340660898,0.9960436399235576
1650.061277213197,1.0002159684965468,1650.061277213197,0.9962448236207396,1650.0446109266138,0.9939254460113128,1650.0057229231886,0.9920743713768612
1650.0626660702958,1.0048023227664182,1650.0626660702958,0.9961694065362879,1650.0459997837131,0.978188643867956,1650.007111780753,0.994647459780864
1650.064054927395,1.0030193413805373,1650.064054927395,0.9961314302427279,1650.0473886412772,1.0015164870854627,1650.0085006378515,0.9996633470957706
1650.0654437849596,1.0096492294725015,1650.0654437849596,0.9960722695528116,1650.0487774983756,0.9985808427802538,1650.0098894954165,0.9864041967330038
1650.066832642059,1.0180957056685578,1650.066832642059,0.995977947277269,1650.0501663554753,1.0005420696942078,1650.0112783525149,0.9979974659812326
1650.0682214991575,0.9916499471664937,1650.0682214991575,0.9959711813158674,1650.0515552125742,0.9871879990468384,1650.0126672096137,0.9961228979309183
1650.069610356256,1.0003536636517054,1650.069610356256,0.99592291009025,1650.0529440701382,1.010146573958607,1650.0140560671791,1.0014230297608224
1650.0709992133543,1.0022473851862963,1650.0709992133543,0.9958895220588007,1650.0543329272375,1.012086458868407,1650.0154449242775,0.9785753816367716
1650.0723880704536,1.0041679965597727,1650.0723880704536,0.9957889712398861,1650.0557217843357,1.0028354745760364,1650.016833781376,0.9922430420548496
1650.0737769280183,0.9939459054896213,1650.0737769280183,0.9957399084953202,1650.0571106414338,1.0064719627595795,1650.0182226389409,0.9908168282046976
1650.0751657851172,0.984192095954061,1650.0751657851172,0.9956622735573981,1650.0584994989993,0.9860790753955349,1650.0196114960395,0.9922491520641032
1650.0765546422165,0.9986696604329736,1650.0765546422165,0.9956663615615874,1650.0598883560986,0.9903198520999112,1650.021000353605,0.9958902012404696
1650.0779434993149,0.9862034467620276,1650.0779434993149,0.9956058099764215,1650.061277213197,0.9964599811174896,1650.0223892107035,0.9870844731154
1650.0793323564133,1.0191539343735112,1650.0793323564133,0.9955680416009776,1650.0626660702958,1.0009533335565064,1650.023778067802,0.9966140221958564
1650.080721213513,0.9925331022383319,1650.080721213513,0.9954109736231554,1650.064054927395,0.9991390910905136,1650.025166925366,0.9986210311509786
1650.0821100710784,0.9816502509096693,1650.0821100710784,0.9952729370928619,1650.0654437849596,1.005683599452922,1650.0265557824648,1.000187430988091
1650.0834989281768,0.9959337810737235,1650.0834989281768,0.995322795626864,1650.066832642059,1.0140008710635728,1650.0279446395646,0.9968603158083064
1650.0848877852752,0.9968678442189912,1650.0848877852752,0.9952644986020242,1650.0682214991575,0.9876547693312302,1650.0293334971295,0.9867377516043724
1650.086276642374,0.9886972836349319,1650.086276642374,0.9952602831506823,1650.069610356256,0.9962751318234496,1650.030722354228,0.9944904927825732
1650.0876654994725,0.975379562865245,1650.0876654994725,0.9951296258555347,1650.0709992133543,0.9981276694178632,1650.0321112113268,0.9834571069175028
1650.0890543565713,1.0269693454653215,1650.0890543565713,0.9950770154229156,1650.0723880704536,0.9999394162462736,1650.0335000688908,0.987016832731268
1650.090443213671,0.9886484009076896,1650.090443213671,0.994969757865056,1650.0737769280183,0.9897116049815337,1650.03488892599,0.9867325882162704
1650.0918320707694,1.0007116929783524,1650.0918320707694,0.9948837056605968,1650.0751657851172,0.9799229398748412,1650.03627778309,1.0121460099445134
1650.0932209278678,1.0052280465116883,1650.0932209278678,0.9949119763379695,1650.0765546422165,0.9943417872052448,1650.037666640654,0.9879906477272444
1650.0946097854328,0.9855023858729635,1650.0946097854328,0.9948171769933959,1650.0779434993149,0.9818698814150472,1650.0390554977523,1.004255492360466
1650.0959986425316,1.0123887918464711,1650.0959986425316,0.9947254389163495,1650.0793323564133,1.0146370865341678,1650.0404443548512,0.993437936118046
1650.097387499631,0.9864519341202996,1650.097387499631,0.9946561500961566,1650.080721213513,0.9879783416522688,1650.0418332119496,1.0074187560244907
1650.0987763567298,1.0109879955473509,1650.0987763567298,0.994608804510792,1650.0821100710784,0.9770099284208114,1650.043222069514,0.9737290255645368
1650.100165213829,0.999837018117199,1650.100165213829,0.9946108589458632,1650.0834989281768,0.9912755952375316,1650.0446109266138,0.9939254460113128
1650.1015540709277,1.0029985850861831,1650.1015540709277,0.9946235318177815,1650.0848877852752,0.992147175149095,1650.0459997837131,0.978188643867956
1650.102942928026,0.9980619979078761,1650.102942928026,0.9945357641546669,1650.086276642374,0.9840111384608128,1650.0473886412772,1.0015164870854627
1650.1043317851256,0.9997028132402908,1650.1043317851256,0.9944406827792774,1650.0876654994725,0.9706290994612262,1650.0487774983756,0.9985808427802538
1650.1057206422245,0.9857237991055442,1650.1057206422245,0.9944578780172765,1650.0890543565713,1.0219135912164572,1650.0501663554753,1.0005420696942078
1650.1071094993229,1.012718722337211,1650.1071094993229,0.9943729035467159,1650.090443213671,0.9836752600647988,1650.0515552125742,0.9871879990468384
1650.1084983564217,0.9918512808189522,1650.1084983564217,0.9943075673238654,1650.0918320707694,0.9955917574081926,1650.0529440701382,1.010146573958607
1650.10988721352,0.995832415872631,1650.10988721352,0.994340185328456,1650.0932209278678,1.0001134224253,1650.0543329272375,1.012086458868407
1650.1112760706185,0.9645681206240176,1650.1112760706185,0.9942325497725402,1650.0946097854328,0.9803947014343978,1650.0557217843357,1.0028354745760364
1650.1126649277182,0.9860291513101951,1650.1126649277182,0.9942490609076068,1650.0959986425316,1.0070488853234738,1650.0571106414338,1.0064719627595795
1650.1140537848175,0.9918866217406778,1650.1140537848175,0.9941837313082608,1650.097387499631,0.9811804830470048,1650.0584994989993,0.9860790753955349
1650.115442641916,0.9942008842386438,1650.115442641916,0.9942971264862308,1650.0987763567298,1.0055375616261126,1650.0598883560986,0.9903198520999112
1650.1168314990148,0.9954713303741831,1650.1168314990148,0.994291875217553,1650.100165213829,0.994448755395418,1650.061277213197,0.9964599811174896
1650.118220356114,0.9982342263026454,1650.118220356114,0.9942136534881646,1650.1015540709277,0.9976059951066572,1650.0626660702958,1.0009533335565064
1650.119609213213,0.9923215915394171,1650.119609213213,0.9942171132245669,1650.102942928026,0.9926083517630432,1650.064054927395,0.9991390910905136
1650.120998070312,0.9950894816541338,1650.120998070312,0.9942180082097728,1650.1043317851256,0.9941451481750392,1650.0654437849596,1.005683599452922
1650.122386927411,0.9812544928842398,1650.122386927411,0.9941373107897634,1650.1057206422245,0.9802607975696276,1650.066832642059,1.0140008710635728
1650.1237757845097,0.9989815815178584,1650.1237757845097,0.9941373966411434,1650.1071094993229,1.0070200564065728,1650.0682214991575,0.9876547693312302
1650.125164641608,0.9787499187675591,1650.125164641608,0.9940701553676945,1650.1084983564217,0.9862052341781524,1650.069610356256,0.9962751318234496
1650.1265534987067,0.99919264805791,1650.1265534987067,0.9939687384387849,1650.10988721352,0.990196188954876,1650.0709992133543,0.9981276694178632
1650.127942355806,0.9975026804238188,1650.127942355806,0.9940521159989508,1650.1112760706185,0.9590050219973242,1650.0723880704536,0.9999394162462736
1650.1293312129048,1.0043588134115324,1650.1293312129048,0.9941017868091412,1650.1126649277182,0.980358557717686,1650.0737769280183,0.9897116049815337
1650.130720070004,0.9948459838869613,1650.130720070004,0.9941015891974747,1650.1140537848175,0.9861175426368924,1650.0751657851172,0.9799229398748412
1650.1321089271023,1.0048031756868898,1650.1321089271023,0.9941028011349516,1650.115442641916,0.9885310823485534,1650.0765546422165,0.9943417872052448
1650.133497784201,0.995894403279094,1650.133497784201,0.9941129035514636,1650.1168314990148,0.9897890558030588,1650.0779434993149,0.9818698814150472
1650.134886641301,1.006168792038662,1650.134886641301,0.9940349546343211,1650.118220356114,0.9924580971692843,1650.0793323564133,1.0146370865341678
1650.1362754983995,1.0051313040059664,1650.1362754983995,0.993981356963741,1650.119609213213,0.986583108130727,1650.080721213513,0.9879783416522688
1650.137664355498,0.9933318415871419,1650.137664355498,0.9940456210931418,1650.120998070312,0.9893358824406682,1650.0821100710784,0.9770099284208114
1650.1390532125968,0.9809653463036351,1650.1390532125968,0.9939997791805592,1650.122386927411,0.9755017027563112,1650.0834989281768,0.9912755952375316
1650.140442069696,0.992903775781852,1650.140442069696,0.9939452229583452,1650.1237757845097,0.993124948742616,1650.0848877852752,0.992147175149095
1650.1418309267945,0.9963021269673406,1650.1418309267945,0.99394637345974,1650.125164641608,0.9729460838153858,1650.086276642374,0.9840111384608128
1650.1432197838933,0.9924928580427307,1650.1432197838933,0.9940162420815585,1650.1265534987067,0.9931662558474296,1650.0876654994725,0.9706290994612262
1650.1446086405274,0.9917298755654163,1650.1446086405274,0.9939662615296047,1650.127942355806,0.9915696501899224,1650.0890543565713,1.0219135912164572
1650.1459974976258,0.9934796741618058,1650.1459974976258,0.994021226231076,1650.1293312129048,0.9984348910099132,1650.090443213671,0.9836752600647988
1650.1473863547242,1.004758248373389,1650.1473863547242,0.9940595474911286,1650.130720070004,0.9889779735887536,1650.0918320707694,0.9955917574081926
1650.1487752118237,0.9887078866560002,1650.1487752118237,0.99408432736044,1650.1321089271023,0.998877651539632,1650.0932209278678,1.0001134224253
1650.1501640689223,0.9908408086514807,1650.1501640689223,0.99401523457434,1650.133497784201,0.9900314768744324,1650.0946097854328,0.9803947014343978
1650.1515529260214,0.9965332546893207,1650.1515529260214,0.994037607585263,1650.134886641301,1.000166949548621,1650.0959986425316,1.0070488853234738
1650.1529417831205,1.0062614376201526,1650.1529417831205,0.9940361394807885,1650.1362754983995,0.999081777482585,1650.097387499631,0.9811804830470048
1650.1543306402189,0.9873003075958149,1650.1543306402189,0.9940878748351768,1650.137664355498,0.9874171674220849,1650.0987763567298,1.0055375616261126
1650.1557194973172,1.0239208016330175,1650.1557194973172,0.9941466703074135,1650.1390532125968,0.975079337609594,1650.100165213829,0.994448755395418
1650.1571083539504,0.9984301953042171,1650.1571083539504,0.994137542935245,1650.140442069696,0.9868919647956756,1650.1015540709277,0.9976059951066572
1650.1584972110502,1.0158128143649496,1650.1584972110502,0.9941324018254999,1650.1418309267945,0.9902708859694136,1650.102942928026,0.9926083517630432
1650.1598860681495,0.994241014466393,1650.1598860681495,0.9940895967455091,1650.1432197838933,0.9865540210444208,1650.1043317851256,0.9941451481750392
1650.161274925248,0.9856151345015103,1650.161274925248,0.9941070316975624,1650.1446086405274,0.9857460368629768,1650.1057206422245,0.9802607975696276
1650.1626637823467,1.0094504225241874,1650.1626637823467,0.9940960805354407,1650.1459974976258,0.987539883945968,1650.1071094993229,1.0070200564065728
1650.1640526394451,1.004221615709088,1650.1640526394451,0.9941433377629305,1650.1473863547242,0.99878952971603,1650.1084983564217,0.9862052341781524
1650.1654414960788,1.0145267304931946,1650.1654414960788,0.9942456389435991,1650.1487752118237,0.982859014462392,1650.10988721352,0.990196188954876
1650.1668303531785,0.9963779237151271,1650.1668303531785,0.9943039037479676,1650.1501640689223,0.9849108588375304,1650.1112760706185,0.9590050219973242
1650.168219210277,0.9814228733870697,1650.168219210277,0.9943008303169065,1650.1515529260214,0.990591532370528,1650.1126649277182,0.980358557717686
1650.1696080673748,1.003170603449267,1650.1696080673748,0.9942718022397876,1650.1529417831205,1.0002602347603249,1650.1140537848175,0.9861175426368924
1650.170996924474,0.9811198793979302,1650.170996924474,0.9943231801633853,1650.1543306402189,0.98146326460204,1650.115442641916,0.9885310823485534
1650.1723857811069,0.9937911491458649,1650.1723857811069,0.9942783427110864,1650.1557194973172,1.017927455601962,1650.1168314990148,0.9897890558030588
1650.1737746382055,0.998299137746856,1650.1737746382055,0.994316845102684,1650.1571083539504,0.9925769411520912,1650.118220356114,0.9924580971692843
1650.1751634953057,1.010308026970444,1650.1751634953057,0.9943764228104676,1650.1584972110502,1.009852432949748,1650.119609213213,0.986583108130727
1650.1765523524048,0.9952519470473716,1650.1765523524048,0.9943877449476316,1650.1598860681495,0.9883646491387426,1650.120998070312,0.9893358824406682
1650.1779412095032,1.0098996821248327,1650.1779412095032,0.9944510178224999,1650.161274925248,0.9798069357554902,1650.122386927411,0.9755017027563112
1650.179330066136,0.99567317272112,1650.179330066136,0.9944636923784183,1650.1626637823467,1.0034907085261393,1650.1237757845097,0.993124948742616
1650.1807189232356,0.9988034215914667,1650.1807189232356,0.9942920643073632,1650.1640526394451,0.9983402288947156,1650.125164641608,0.9729460838153858
1650.1821077803345,0.9662499907361507,1650.1821077803345,0.9942810817285169,1650.1654414960788,1.0086887773845667,1650.1265534987067,0.9931662558474296
1650.1834966374329,0.9894341494846512,1650.1834966374329,0.9942016180295119,1650.1668303531785,0.9907024591582456,1650.127942355806,0.9915696501899224
1650.184885494066,1.0009483178328773,1650.184885494066,0.994233943339234,1650.168219210277,0.9758295779007676,1650.1293312129048,0.9984348910099132
1650.1862743511645,1.0051341019152102,1650.1862743511645,0.9941815877752062,1650.1696080673748,0.997424243845478,1650.130720070004,0.9889779735887536
1650.1876632082628,0.998975975929455,1650.1876632082628,0.9942771884941346,1650.170996924474,0.975550238604467,1650.1321089271023,0.998877651539632
1650.1890520653626,0.9856118181567877,1650.1890520653626,0.9942428300531084,1650.1723857811069,0.9881050167736966,1650.133497784201,0.9900314768744324
1650.1904409219962,0.9957473392158697,1650.1904409219962,0.9941921426531254,1650.1737746382055,0.9926256491131836,1650.134886641301,1.000166949548621
1650.1918297790946,0.9987355040677467,1650.1918297790946,0.9941558122679329,1650.1751634953057,1.0046264817955717,1650.1362754983995,0.999081777482585
1650.1932186361937,0.9999153731198949,1650.1932186361937,0.9941366821008867,1650.1765523524048,0.9896663392791756,1650.137664355498,0.9874171674220849
1650.1946074932928,0.9888966323731905,1650.1946074932928,0.9941170215498605,1650.1779412095032,1.004295766787659,1650.1390532125968,0.975079337609594
1650.195996349926,0.9943849552416327,1650.195996349926,0.9941341015463673,1650.179330066136,0.9901608197463796,1650.140442069696,0.9868919647956756
1650.1973852070253,0.9885005641371006,1650.1973852070253,0.994055937307179,1650.1807189232356,0.993102315891437,1650.1418309267945,0.9902708859694136
1650.198774064124,0.9982908950579635,1650.198774064124,0.994031272429256,1650.1821077803345,0.9607240860093094,1650.1432197838933,0.9865540210444208
1650.2001629207568,0.9888864552604273,1650.2001629207568,0.9940410991198885,1650.1834966374329,0.9836970323512942,1650.1446086405274,0.9857460368629768
1650.2015517778552,0.9981407488400711,1650.2015517778552,0.994042594997994,1650.184885494066,0.9951767931177544,1650.1459974976258,0.987539883945968
1650.202940634954,0.9965898611112024,1650.202940634954,0.9940358062748356,1650.1862743511645,0.9992858173690696,1650.1473863547242,0.99878952971603
1650.2043294915875,1.0001693575638033,1650.2043294915875,0.9940307589530197,1650.1876632082628,0.9932590247203228,1650.1487752118237,0.982859014462392
1650.2057183486866,0.9986055403746893,1650.2057183486866,0.9940530369870246,1650.1890520653626,0.9799374834179942,1650.1501640689223,0.9849108588375304
1650.207107205786,1.016897684142349,1650.207107205786,0.9940768430607432,1650.1904409219962,0.989964180716174,1650.1515529260214,0.990591532370528
1650.2084960624186,0.9983413943506743,1650.2084960624186,0.9941594239954857,1650.1918297790946,0.9928987062872942,1650.1529417831205,1.0002602347603249
1650.209884919517,0.9940363841062584,1650.209884919517,0.994130615552906,1650.1932186361937,0.9940525514150824,1650.1543306402189,0.98146326460204
1650.2112737766167,1.0096228420931046,1650.2112737766167,0.9941263620547378,1650.1946074932928,0.9830789747955234,1650.1557194973172,1.017927455601962
1650.2126626332508,0.9850289823886559,1650.2126626332508,0.9941498499902317,1650.195996349926,0.9885519940703652,1650.1571083539504,0.9925769411520912
1650.2140514903492,0.9929578162095198,1650.2140514903492,0.9941341424766729,1650.1973852070253,0.9826248548119808,1650.1584972110502,1.009852432949748
1650.2154403474474,0.9861423706710918,1650.2154403474474,0.994225841741798,1650.198774064124,0.9923323686690084,1650.1598860681495,0.9883646491387426
1650.2168292040808,0.9974757067487243,1650.2168292040808,0.9942690592659795,1650.2001629207568,0.9829937788918456,1650.161274925248,0.9798069357554902
1650.2182180611792,1.0177143563559639,1650.2182180611792,0.9942764226880313,1650.2015517778552,0.9921944201502252,1650.1626637823467,1.0034907085261393
1650.219606918278,1.0031384417703286,1650.219606918278,0.9942830049224266,1650.202940634954,0.9906460061150004,1650.1640526394451,0.9983402288947156
1650.220995774912,0.9835253323473407,1650.220995774912,0.9943410865397735,1650.2043294915875,0.9941991055807016,1650.1654414960788,1.0086887773845667
1650.2223846320103,0.9928708849517651,1650.2223846320103,0.9943509358863515,1650.2057183486866,0.9926668701615288,1650.1668303531785,0.9907024591582456
1650.2237734886432,1.002468124259378,1650.2237734886432,0.9943990448283261,1650.207107205786,1.010874439568007,1650.168219210277,0.9758295779007676
1650.2251623457423,0.9945312472885753,1650.2251623457423,0.9944592816026636,1650.2084960624186,0.9925105055585164,1650.1696080673748,0.997424243845478
1650.2265512028414,0.9927928362675074,1650.2265512028414,0.994469327135021,1650.209884919517,0.9882020024135396,1650.170996924474,0.975550238604467
1650.227940059475,0.9879644515653542,1650.227940059475,0.994499540079645,1650.2112737766167,1.0036926830573831,1650.1723857811069,0.9881050167736966
1650.229328916574,1.0099027984723463,1650.229328916574,0.9945536980234426,1650.2126626332508,0.9792664150777128,1650.1737746382055,0.9926256491131836
1650.2307177732075,0.9843567437273438,1650.2307177732075,0.994524628253522,1650.2140514903492,0.9871332671329608,1650.1751634953057,1.0046264817955717
1650.2321066303057,0.9869656491806176,1650.2321066303057,0.9946302876903703,1650.2154403474474,0.9804482285577184,1650.1765523524048,0.9896663392791756
1650.2334954874038,0.9854737715650798,1650.2334954874038,0.9947456388808057,1650.2168292040808,0.9917592325897222,1650.1779412095032,1.004295766787659
1650.234884344038,0.9987034854207965,1650.234884344038,0.994748381506183,1650.2182180611792,1.01188938955586,1650.179330066136,0.9901608197463796
1650.2362732011372,0.9880297258386427,1650.2362732011372,0.9947750925262516,1650.219606918278,0.997403504236603,1650.1807189232356,0.993102315891437
1650.23766205777,0.9963523313321643,1650.23766205777,0.9947641513904211,1650.220995774912,0.9779596476056466,1650.1821077803345,0.9607240860093094
1650.2390509148688,1.005390194043313,1650.2390509148688,0.9947136856829145,1650.2223846320103,0.9872620936660976,1650.1834966374329,0.9836970323512942
1650.2404397715015,0.9900893286914478,1650.2404397715015,0.9947590903237836,1650.2237734886432,0.9968533452343692,1650.184885494066,0.9951767931177544
1650.2418286286008,0.996441315638539,1650.2418286286008,0.9948291308037768,1650.2251623457423,0.9890208297099976,1650.1862743511645,0.9992858173690696
1650.243217485235,0.9919997840906672,1650.243217485235,0.9949314919489007,1650.2265512028414,0.9873020238674172,1650.1876632082628,0.9932590247203228
1650.244606342333,1.003550993510007,1650.244606342333,0.9950170795984536,1650.227940059475,0.9825301926967834,1650.1890520653626,0.9799374834179942
1650.245995198966,0.9992345986685777,1650.245995198966,0.9950700252176806,1650.229328916574,1.0044025628648956,1650.1904409219962,0.989964180716174
1650.247384056065,0.982626146575414,1650.247384056065,0.9950083137308211,1650.2307177732075,0.978967024624284,1650.1918297790946,0.9928987062872942
1650.2487729131635,0.9764665795672358,1650.2487729131635,0.9950883882497785,1650.2321066303057,0.9816659275850308,1650.1932186361937,0.9940525514150824
1650.2501617697974,0.9903843637925883,1650.2501617697974,0.9951313858574127,1650.2334954874038,0.9802957364957824,1650.1946074932928,0.9830789747955234
1650.2515506268962,1.000460102427563,1650.2515506268962,0.9952008150296697,1650.234884344038,0.9934586757269211,1650.195996349926,0.9885519940703652
1650.25293948353,1.0210674764083447,1650.25293948353,0.9951248640665588,1650.2362732011372,0.9828673619398228,1650.1973852070253,0.9826248548119808
1650.2543283406285,0.9950961373920267,1650.2543283406285,0.9952155705746936,1650.23766205777,0.991135581363508,1650.198774064124,0.9923323686690084
1650.255717197261,1.0125977426520634,1650.255717197261,0.9952656718594212,1650.2390509148688,1.0000753854662845,1650.2001629207568,0.9829937788918456
1650.2571060538942,0.9913384146014546,1650.2571060538942,0.9953552334194476,1650.2404397715015,0.9849003599483902,1650.2015517778552,0.9921944201502252
1650.2584949109937,0.9957855608933369,1650.2584949109937,0.9953225626129758,1650.2418286286008,0.9912888479336596,1650.202940634954,0.9906460061150004
1650.259883767627,0.992838847113133,1650.259883767627,0.9953630813574021,1650.243217485235,0.986971825198315,1650.2043294915875,0.9941991055807016
1650.261272624726,1.0111204329990697,1650.261272624726,0.9954377195594372,1650.244606342333,0.998550378790454,1650.2057183486866,0.9926668701615288
1650.2626614813585,1.0013690089093834,1650.2626614813585,0.9954472826320387,1650.245995198966,0.9943083972955206,1650.207107205786,1.010874439568007
1650.2640503384566,0.9826747779251275,1650.2640503384566,0.9955364454283997,1650.247384056065,0.9777211851318174,1650.2084960624186,0.9925105055585164
1650.2654391950907,0.9920916350889074,1650.2654391950907,0.9955138006493881,1650.2487729131635,0.9716705548413348,1650.209884919517,0.9882020024135396
1650.26682805219,0.9907366962540111,1650.26682805219,0.995607100788012,1650.2501617697974,0.9855625644724304,1650.2112737766167,1.0036926830573831
1650.2682169088228,1.0023528282134844,1650.2682169088228,0.9956486796114024,1650.2515506268962,0.9956587093405777,1650.2126626332508,0.9792664150777128
1650.2696057659216,0.9973058767642915,1650.2696057659216,0.9957362440821632,1650.25293948353,1.0160896336636382,1650.2140514903492,0.9871332671329608
1650.2709946225552,0.9986215814041283,1650.2709946225552,0.9958178809654393,1650.2543283406285,0.9903351701512796,1650.2154403474474,0.9804482285577184
1650.272383479188,0.9935916596978881,1650.272383479188,0.9959092251380642,1650.255717197261,1.007803772663939,1650.2168292040808,0.9917592325897222
1650.2737723362868,0.9998362802428145,1650.2737723362868,0.9959961239890549,1650.2571060538942,0.986733879063296,1650.2182180611792,1.01188938955586
1650.275161192921,0.9921985578438645,1650.275161192921,0.9960515547842048,1650.2584949109937,0.9911278362813556,1650.219606918278,0.997403504236603
1650.2765500500193,0.986478397810833,1650.2765500500193,0.9961082923653605,1650.259883767627,0.9882351341538588,1650.220995774912,0.9779596476056466
1650.277938906652,0.9931199401400899,1650.277938906652,0.9961534199392611,1650.261272624726,1.0065074180245446,1650.2223846320103,0.9872620936660976
1650.2793277632854,0.9885559456783828,1650.2793277632854,0.99616733766098,1650.2626614813585,0.9968100588307834,1650.2237734886432,0.9968533452343692
1650.2807166203845,0.9874401413017664,1650.2807166203845,0.9961810431959452,1650.2640503384566,0.9782885554277234,1650.2251623457423,0.9890208297099976
1650.2821054770177,0.9700721456916268,1650.2821054770177,0.9962447534732176,1650.2654391950907,0.987640914239824,1650.2265512028414,0.9873020238674172
1650.283494334117,1.0038887143438828,1650.283494334117,0.9963200834190066,1650.26682805219,0.9863844898017492,1650.227940059475,0.9825301926967834
1650.2848831907495,1.003338523334761,1650.2848831907495,0.9963615828515128,1650.2682169088228,0.9979912699155106,1650.229328916574,1.0044025628648956
1650.2862720473825,1.0081661308277283,1650.2862720473825,0.9964640117651443,1650.2696057659216,0.9930536079303444,1650.2307177732075,0.978967024624284
1650.2876609044813,0.981306799345933,1650.2876609044813,0.9963879132590644,1650.2709946225552,0.994445227080215,1650.2321066303057,0.9816659275850308
1650.2890497611154,0.9833501577231627,1650.2890497611154,0.996488236737328,1650.272383479188,0.989527099913367,1650.2334954874038,0.9802957364957824
1650.290438617749,1.0050325237590398,1650.290438617749,0.9964660346566073,1650.2737723362868,0.9958330597454776,1650.234884344038,0.9934586757269211
1650.2918274748474,0.9931435844120523,1650.2918274748474,0.9965513457365693,1650.275161192921,0.988280916195027,1650.2362732011372,0.9828673619398228
1650.2932163314806,0.9818574365808258,1650.2932163314806,0.9965645698021836,1650.2765500500193,0.9826393122986656,1650.23766205777,0.991135581363508
1650.294605188113,0.97390235598609,1650.294605188113,0.99668064882645,1650.277938906652,0.9892998247804248,1650.2390509148688,1.0000753854662845
1650.2959940452122,0.9830435770744637,1650.2959940452122,0.9967203986747779,1650.2793277632854,0.984767144535367,1650.2404397715015,0.9849003599483902
1650.2973829018465,0.9925225572946461,1650.2973829018465,0.9968543460501119,1650.2807166203845,0.9836691500555452,1650.2418286286008,0.9912888479336596
1650.298771758479,0.9791472228424788,1650.298771758479,0.9968279949116766,1650.2821054770177,0.96642928563579,1650.243217485235,0.986971825198315
1650.3001606155774,1.0051683947486172,1650.3001606155774,0.9968909129687705,1650.283494334117,1.0001944876184965,1650.244606342333,0.998550378790454
1650.301549472211,0.9819755707561135,1650.301549472211,0.9969324628334189,1650.2848831907495,0.999687959245722,1650.245995198966,0.9943083972955206
1650.3029383288438,1.0166829103516748,1650.3029383288438,0.9969936831328414,1650.2862720473825,1.0046012672503415,1650.247384056065,0.9777211851318174
1650.3043271859426,1.0004541826916473,1650.3043271859426,0.9969914787292475,1650.2876609044813,0.9777622340672256,1650.2487729131635,0.9716705548413348
1650.3057160425767,1.0012224463616064,1650.3057160425767,0.9969361622775355,1650.2890497611154,0.9798968647649278,1650.2501617697974,0.9855625644724304
1650.3071048992103,0.9965515270458114,1650.3071048992103,0.9969854774003354,1650.290438617749,1.001480773651093,1650.2515506268962,0.9956587093405777
1650.3084937563087,0.9989654723715241,1650.3084937563087,0.996941099169842,1650.2918274748474,0.9897185755554708,1650.25293948353,1.0160896336636382
1650.3098826129417,1.0078137511015453,1650.3098826129417,0.9970690178016035,1650.2932163314806,0.9784843338932454,1650.2543283406285,0.9903351701512796
1650.3112714695756,1.0091457010916678,1650.3112714695756,0.9971565743796581,1650.294605188113,0.9706696320578244,1650.255717197261,1.007803772663939
1650.3126603262087,0.9974113396914639,1650.3126603262087,0.9972260995399235,1650.2959940452122,0.9798195860563392,1650.2571060538942,0.986733879063296
1650.3140491833071,0.9933664240740163,1650.3140491833071,0.9972816871196987,1650.2973829018465,0.9894004247919392,1650.2584949109937,0.9911278362813556
1650.3154380399403,1.0001420188179844,1650.3154380399403,0.9973380234438823,1650.298771758479,0.9760413628694048,1650.259883767627,0.9882351341538588
1650.316826896573,0.9951616121970062,1650.316826896573,0.9973163741204689,1650.3001606155774,1.0020432387283025,1650.261272624726,1.0065074180245446
1650.3182157532058,0.9965538125083485,1650.3182157532058,0.997293720149912,1650.301549472211,0.9789633241961444,1650.2626614813585,0.9968100588307834
1650.3196046103055,1.0021414042313066,1650.3196046103055,0.997405213110547,1650.3029383288438,1.0136264393697327,1650.2640503384566,0.9782885554277234
1650.3209934669392,1.002536844131722,1650.3209934669392,0.9974578152585556,1650.3043271859426,0.9974442950026062,1650.2654391950907,0.987640914239824
1650.322382323572,0.9940498810767556,1650.322382323572,0.9974134169493525,1650.3057160425767,0.9981548632618654,1650.26682805219,0.9863844898017492
1650.323771180205,1.0010280325918437,1650.323771180205,0.9974582654216166,1650.3071048992103,0.9935473999458015,1650.2682169088228,0.9979912699155106
1650.3251600373044,0.9954820612030189,1650.3251600373044,0.9975872374625734,1650.3084937563087,0.9959097360587876,1650.2696057659216,0.9930536079303444
1650.3265488939376,1.0105706261532956,1650.3265488939376,0.997719547667745,1650.3098826129417,1.0048598669377675,1650.2709946225552,0.994445227080215
1650.327937750571,1.0015257165697236,1650.327937750571,0.997746327970432,1650.3112714695756,1.006276270350526,1650.272383479188,0.989527099913367
1650.3293266072044,0.9904044591148321,1650.3293266072044,0.9978408511097144,1650.3126603262087,0.9946446199174082,1650.2737723362868,0.9958330597454776
1650.3307154638371,0.9784251217157321,1650.3307154638371,0.9977474138439376,1650.3140491833071,0.990666143328597,1650.275161192921,0.988280916195027
1650.3321043209355,0.9930401841724342,1650.3321043209355,0.9978649662964663,1650.3154380399403,0.9974796642111028,1650.2765500500193,0.9826393122986656
1650.3334931775687,1.0123833875878256,1650.3334931775687,0.9979822305283663,1650.316826896573,0.9924909707401984,1650.277938906652,0.9892998247804248
1650.3348820342023,0.9982048665172691,1650.3348820342023,0.998089640920749,1650.3182157532058,0.9938568590060288,1650.2793277632854,0.984767144535367
1650.3362708908355,1.007956375667785,1650.3362708908355,0.9981765749742731,1650.3196046103055,0.9995410608542292,1650.2807166203845,0.9836691500555452
1650.3376597474692,0.9894908964768713,1650.3376597474692,0.998285263994912,1650.3209934669392,0.9999882102638346,1650.2821054770177,0.96642928563579
1650.3390486045676,0.9648315337427189,1650.3390486045676,0.9983409447032645,1650.322382323572,0.9914786885028644,1650.283494334117,1.0001944876184965
1650.3404374612005,0.9876742947396137,1650.3404374612005,0.9983420049147436,1650.323771180205,0.998483685027474,1650.2848831907495,0.999687959245722
1650.3418263178344,0.993436360953563,1650.3418263178344,0.9984440672826095,1650.3251600373044,0.993080199379068,1650.2862720473825,1.0046012672503415
1650.3432151744685,0.9990935211166455,1650.3432151744685,0.9985031999773092,1650.3265488939376,1.008266068011976,1650.2876609044813,0.9777622340672256
1650.344604031101,0.9889454967661797,1650.344604031101,0.9985570075545113,1650.327937750571,0.9992686060753974,1650.2890497611154,0.9798968647649278
1650.3459928877337,0.9896986108271592,1650.3459928877337,0.9986790218502981,1650.3293266072044,0.9882660284260004,1650.290438617749,1.001480773651093
1650.347381744367,0.9952103418399376,1650.347381744367,0.9986554814898746,1650.3307154638371,0.9762211348318116,1650.2918274748474,0.9897185755554708
1650.3487706014655,0.98713303142026,1650.3487706014655,0.998762395702833,1650.3321043209355,0.9909200099102627,1650.2932163314806,0.9784843338932454
1650.3501594580987,0.9966704087643534,1650.3501594580987,0.9987048209761337,1650.3334931775687,1.0103406312947618,1650.294605188113,0.9706696320578244
1650.3515483147328,1.0182089794580043,1650.3515483147328,0.9987677024244982,1650.3348820342023,0.9962979367875654,1650.2959940452122,0.9798195860563392
1650.3529371713655,0.9874434709758674,1650.3529371713655,0.9988363057427916,1650.3362708908355,1.0061184427875514,1650.2973829018465,0.9894004247919392
1650.3543260279982,0.986290266113043,1650.3543260279982,0.9988184159585282,1650.3376597474692,0.9877941808099756,1650.298771758479,0.9760413628694048
1650.355714884632,1.0091326072023836,1650.355714884632,0.9988720813767183,1650.3390486045676,0.9632308248762056,1650.3001606155774,1.0020432387283025
1650.357103741265,0.9752216165491969,1650.357103741265,0.9989144947192004,1650.3404374612005,0.9860367356131012,1650.301549472211,0.9789633241961444
1650.3584925978987,0.9958727797665413,1650.3584925978987,0.9989132204863412,1650.3418263178344,0.99189064081691,1650.3029383288438,1.0136264393697327
1650.359881454532,1.0048723170762617,1650.359881454532,0.9990130360528476,1650.3432151744685,0.9975980779115678,1650.3043271859426,0.9974442950026062
1650.3612703116305,0.9888172091479739,1650.3612703116305,0.9990735798898417,1650.344604031101,0.987518455885346,1650.3057160425767,0.9981548632618654
1650.362659168263,1.0101115618809429,1650.362659168263,0.9990946198135465,1650.3459928877337,0.9883912405874662,1650.3071048992103,0.9935473999458015
1650.3640480248962,0.9912272864037546,1650.3640480248962,0.9991711790427003,1650.347381744367,0.9938722631138656,1650.3084937563087,0.9959097360587876
1650.3654368815305,1.0042170912726576,1650.3654368815305,0.9992549867558362,1650.3487706014655,0.9859113513386988,1650.3098826129417,1.0048598669377675
1650.366825738164,1.0151216580897369,1650.366825738164,0.9993448746123945,1650.3501594580987,0.9953795421572136,1650.3112714695756,1.006276270350526
1650.3682145947969,0.9928538703023153,1650.3682145947969,0.9994598365762509,1650.3515483147328,1.016954243001264,1650.3126603262087,0.9946446199174082
1650.3696034514298,1.0058985516876227,1650.3696034514298,0.999560964700045,1650.3529371713655,0.9862943886793748,1650.3140491833071,0.990666143328597
1650.3709923080626,1.0085505319759664,1650.3709923080626,0.9996618026471079,1650.3543260279982,0.9851248812743448,1650.3154380399403,0.9974796642111028
1650.3723811646962,0.9906820469794502,1650.3723811646962,0.9996936409930492,1650.355714884632,1.0079943877413593,1650.316826896573,0.9924909707401984
1650.3737700213303,1.0122147551490335,1650.3737700213303,0.9997389234850679,1650.357103741265,0.9741630083344828,1650.3182157532058,0.9938568590060288
1650.3751588779628,0.993681656758297,1650.3751588779628,0.999814572786606,1650.3584925978987,0.9947904856312806,1650.3196046103055,0.9995410608542292
1650.3765477345953,0.9786977905287484,1650.3765477345953,0.9999390274228481,1650.359881454532,1.003880544327816,1650.3209934669392,0.9999882102638346
1650.377936591229,1.005747700428699,1650.377936591229,1.0000309854396738,1650.3612703116305,0.9879011490001486,1650.322382323572,0.9914786885028644
1650.3793254478617,1.0119623126755135,1650.3793254478617,1.0001244644955172,1650.362659168263,1.0091970268867083,1650.323771180205,0.998483685027474
1650.3807143044949,1.0098579334598947,1650.3807143044949,1.0001980499728462,1650.3640480248962,0.9904057364553358,1650.3251600373044,0.993080199379068
1650.382103161129,1.0123499839036199,1650.382103161129,1.0002997985278272,1650.3654368815305,1.0034689362396438,1650.3265488939376,1.008266068011976
1650.3834920177626,1.0112724354469331,1650.3834920177626,1.000361167699393,1650.366825738164,1.014456626120014,1650.327937750571,0.9992686060753974
1650.384880874395,0.9916910362845626,1650.384880874395,1.0004686384109207,1650.3682145947969,0.9923175669564503,1650.3293266072044,0.9882660284260004
1650.386269731028,0.9814195742381895,1650.386269731028,1.0005003955043816,1650.3696034514298,1.0054569267152582,1650.3307154638371,0.9762211348318116
1650.387658587662,1.0182831594208483,1650.387658587662,1.00057244792486,1650.3709923080626,1.0082094428557942,1650.3321043209355,0.9909200099102627
1650.389047444295,0.9907095272787082,1650.389047444295,1.0006492928484403,1650.3723811646962,0.9903785426113336,1650.3334931775687,1.0103406312947618
1650.390436300928,0.9907840692097569,1650.390436300928,1.0007498071425904,1650.3737700213303,1.0119504896483964,1650.3348820342023,0.9962979367875654
1650.3918251575612,1.0074772714255547,1650.3918251575612,1.0008114718515655,1650.3751588779628,0.9934974011376836,1650.3362708908355,1.0061184427875514
1650.393214014194,0.993710089957455,1650.393214014194,1.0009064110116117,1650.3765477345953,0.978638116802207,1650.3376597474692,0.9877941808099756
1650.3946028708267,0.9909074298209944,1650.3946028708267,1.0010254950086321,1650.377936591229,1.0057788639633978,1650.3390486045676,0.9632308248762056
1650.3959917274608,1.007224667167693,1650.3959917274608,1.0011330405070313,1650.3793254478617,1.012088266054243,1650.3404374612005,0.9860367356131012
1650.3973805840944,1.0028978191154643,1650.3973805840944,1.0012162862052714,1650.3807143044949,1.010057935796195,1650.3418263178344,0.99189064081691
1650.3987694407272,1.0076163834360812,1650.3987694407272,1.001282927241697,1650.382103161129,1.01265348493844,1650.3432151744685,0.9975980779115678
1650.4001582973603,0.9846709007067406,1650.4001582973603,1.001314034666691,1650.3834920177626,1.0116376743859032,1650.344604031101,0.987518455885346
1650.401547153994,1.0069416699074925,1650.401547153994,1.0014109867448218,1650.384880874395,0.9921557807959313,1650.3459928877337,0.9883912405874662
1650.4029360106272,1.0329957678338217,1650.4029360106272,1.001452972196685,1650.386269731028,0.9819106721810504,1650.347381744367,0.9938722631138656
1650.4043248672608,1.0087689947928191,1650.4043248672608,1.001510628468825,1650.387658587662,1.018866073502379,1650.3487706014655,0.9859113513386988
1650.4057137234283,1.0159045132702786,1650.4057137234283,1.001528251578116,1650.389047444295,0.991352787889652,1650.3501594580987,0.9953795421572136
1650.407102580061,1.0156200215079172,1650.407102580061,1.0014637634817474,1650.390436300928,0.9915269661816152,1650.3515483147328,1.016954243001264
1650.4084914366938,0.9946246228554332,1650.4084914366938,1.0014515177297738,1650.3918251575612,1.0082948108724086,1650.3529371713655,0.9862943886793748
1650.409880293327,1.0222065947530605,1650.409880293327,1.0014373423435545,1650.393214014194,0.9946107997253422,1650.3543260279982,0.9851248812743448
1650.4112691499606,1.008305891577815,1650.4112691499606,1.0015470306556358,1650.3946028708267,0.9919236004442924,1650.355714884632,1.0079943877413593
1650.4126580065938,1.0013878899910114,1650.4126580065938,1.0015772340671794,1650.3959917274608,1.008365893515275,1650.357103741265,0.9741630083344828
1650.4140468632274,1.009116784101958,1650.4140468632274,1.0016198271023182,1650.3973805840944,1.0041176298981511,1650.3584925978987,0.9947904856312806
1650.4154357198602,1.0051530229761159,1650.4154357198602,1.0016398278174623,1650.3987694407272,1.0089090819435715,1650.359881454532,1.003880544327816
1650.416824576493,1.0180023901705395,1650.416824576493,1.001651235427438,1650.4001582973603,0.9859647924055512,1650.3612703116305,0.9879011490001486
1650.4182134326604,0.9917071929529794,1650.4182134326604,1.001751637334154,1650.401547153994,1.0083624512565406,1650.362659168263,1.0091970268867083
1650.4196022892943,0.9930420155409483,1650.4196022892943,1.001807777238584,1650.4029360106272,1.0344966819637775,1650.3640480248962,0.9904057364553358
1650.4209911459282,1.0063992396716344,1650.4209911459282,1.001825970375501,1650.4043248672608,1.0102928699548213,1650.3654368815305,1.0034689362396438
1650.4223800025609,0.9982344355880401,1650.4223800025609,1.0019098107445517,1650.4057137234283,1.0174570709458992,1650.366825738164,1.014456626120014
1650.423768859194,1.0016840024277003,1650.423768859194,1.0019599422668526,1650.407102580061,1.017106649006732,1650.3682145947969,0.9923175669564503
1650.4251577158268,1.002150745925554,1650.4251577158268,1.0019905711121058,1650.4084914366938,0.9960683381299774,1650.3696034514298,1.0054569267152582
1650.42654657246,1.0118436549560617,1650.42654657246,1.0019747949638191,1650.409880293327,1.0236758555755598,1650.3709923080626,1.0082094428557942
1650.4279354286284,1.0180607714312868,1650.4279354286284,1.0019864360786774,1650.4112691499606,1.009865771702344,1650.3723811646962,0.9903785426113336
1650.4293242852611,1.0008235783061123,1650.4293242852611,1.0019974288170963,1650.4126580065938,1.002967313085566,1650.3737700213303,1.0119504896483964
1650.430713141894,0.9854785537102552,1650.430713141894,1.0020472566203709,1650.4140468632274,1.0107513788182505,1650.3751588779628,0.9934974011376836
1650.4321019985275,0.9977285988989527,1650.4321019985275,1.002132444378926,1650.4154357198602,1.0068013008639984,1650.3765477345953,0.978638116802207
1650.4334908551602,0.9927327891882252,1650.4334908551602,1.0021340469351467,1650.416824576493,1.0196833517824058,1650.377936591229,1.0057788639633978
1650.4348797113278,1.0069885523891808,1650.4348797113278,1.0022189562589081,1650.4182134326604,0.9934443042967048,1650.3793254478617,1.012088266054243
1650.436268567962,1.0287523944020238,1650.436268567962,1.002313059700511,1650.4196022892943,0.9948372142936008,1650.3807143044949,1.010057935796195
1650.4376574245955,1.01380743066317,1650.4376574245955,1.00231690624117,1650.4209911459282,1.0082368948692015,1650.382103161129,1.01265348493844
1650.439046281228,0.9939590111422287,1650.439046281228,1.0023614525749929,1650.4223800025609,1.0001408744387077,1650.3834920177626,1.0116376743859032
1650.4404351378605,0.994573539340272,1650.4404351378605,1.0024155442171783,1650.423768859194,1.0036472452420884,1650.384880874395,0.9921557807959313
1650.441823994029,1.0262317435549453,1650.441823994029,1.002522987727472,1650.4251577158268,1.0041455982503686,1650.386269731028,0.9819106721810504
1650.4432128506626,0.9951817817165421,1650.4432128506626,1.0025579638953819,1650.42654657246,1.0138418387100412,1650.387658587662,1.018866073502379
1650.4446017072953,1.0168952511277458,1650.4446017072953,1.0026177995477494,1650.4279354286284,1.020083084077944,1650.389047444295,0.991352787889652
1650.4459905639285,0.9979136863065391,1650.4459905639285,1.0027145095039356,1650.4293242852611,1.0028226521622503,1650.390436300928,0.9915269661816152
1650.4473794200956,0.9905960485959971,1650.4473794200956,1.0028091841596065,1650.430713141894,0.987496081203572,1650.3918251575612,1.0082948108724086
1650.4487682767283,0.9909576018116256,1650.4487682767283,1.0029271889625373,1650.4321019985275,0.9998561996413684,1650.393214014194,0.9946107997253422
1650.4501571333624,1.0076864168794615,1650.4501571333624,1.0029335520026814,1650.4334908551602,0.994851327554412,1650.3946028708267,0.9919236004442924
1650.451545989996,1.0075401495091774,1650.451545989996,1.0030097103021605,1650.4348797113278,1.0092230159401536,1650.3959917274608,1.008365893515275
1650.452934846163,1.03043661992716,1650.452934846163,1.0031033216034806,1650.436268567962,1.0311319601073192,1650.3973805840944,1.0041176298981511
1650.4543237027965,1.0100146099188014,1650.4543237027965,1.0031747952058592,1650.4376574245955,1.016156327426618,1650.3987694407272,1.0089090819435715
1650.455712559429,1.0180970045210225,1650.455712559429,1.0032623784980552,1650.439046281228,0.996306198208528,1650.4001582973603,0.9859647924055512
1650.4571014155963,0.9893987917140074,1650.4571014155963,1.0033683291577697,1650.4404351378605,0.996975975701784,1650.401547153994,1.0083624512565406
1650.4584902722306,0.9951134042212236,1650.4584902722306,1.0033893387723707,1650.441823994029,1.0288209136494766,1650.4029360106272,1.0344966819637775
1650.4598791288645,1.018714909984551,1650.4598791288645,1.0034057624010746,1650.4432128506626,0.9977274207835148,1650.4043248672608,1.0102928699548213
1650.461267985497,0.9996525232514574,1650.461267985497,1.0034473098648509,1650.4446017072953,1.0195572790562566,1650.4057137234283,1.0174570709458992
1650.462656841664,1.0179811945099044,1650.462656841664,1.003392322339361,1650.4459905639285,1.0006225324921256,1650.407102580061,1.017106649006732
1650.4640456982972,0.9947546058170132,1650.4640456982972,1.0034744188456894,1650.4473794200956,0.9933788153242818,1650.4084914366938,0.9960683381299774
1650.4654345549309,1.0045822355579705,1650.4654345549309,1.0034942451031608,1650.4487682767283,0.993858321965991,1650.409880293327,1.0236758555755598
1650.4668234110984,1.0231943915882127,1650.4668234110984,1.003536959151735,1650.4501571333624,1.0106425173857732,1650.4112691499606,1.009865771702344
1650.468212267732,1.0057818657182789,1650.468212267732,1.0036252620078567,1650.451545989996,1.0105725534769954,1650.4126580065938,1.002967313085566
1650.4696011243643,1.0016570606810749,1650.4696011243643,1.0035507006716526,1650.452934846163,1.0336343961507974,1650.4140468632274,1.0107513788182505
1650.4709899805314,1.0080820824036345,1650.4709899805314,1.0035161588685981,1650.4543237027965,1.0132211994602194,1650.4154357198602,1.0068013008639984
1650.4723788371657,1.0140461599745005,1650.4723788371657,1.0036065464553807,1650.455712559429,1.0214184222975062,1650.416824576493,1.0196833517824058
1650.4737676937991,1.0025412405021092,1650.4737676937991,1.0037027293021616,1650.4571014155963,0.9927314125127998,1650.4182134326604,0.9934443042967048
1650.4751565499662,0.9945237332729916,1650.4751565499662,1.0036731032248125,1650.4584902722306,0.9984861806650565,1650.4196022892943,0.9948372142936008
1650.4765454065994,1.0044086111586015,1650.4765454065994,1.003676964747457,1650.4598791288645,1.0221844109223903,1650.4209911459282,1.0082368948692015
1650.477934263233,1.011435251875583,1650.477934263233,1.003713657759441,1650.461267985497,1.0030986352562852,1650.4223800025609,1.0001408744387077
1650.4793231194,1.0161795878777058,1650.4793231194,1.0037149082091474,1650.462656841664,1.0214345148570898,1650.423768859194,1.0036472452420884
1650.4807119760333,1.0176356309209513,1650.4807119760333,1.0036840014938315,1650.4640456982972,0.9982107999663002,1650.4251577158268,1.0041455982503686
1650.4821008322017,0.9997210261506696,1650.4821008322017,1.003755584146804,1650.4654345549309,1.0080924921152912,1650.42654657246,1.0138418387100412
1650.4834896888344,1.0066708168994054,1650.4834896888344,1.003803901898164,1650.4668234110984,1.0268133883555444,1650.4279354286284,1.020083084077944
1650.4848785454672,0.988547285263247,1650.4848785454672,1.003846171693734,1650.468212267732,1.0094280885042586,1650.4293242852611,1.0028226521622503
1650.486267401635,0.9996552608648402,1650.486267401635,1.0038630266206054,1650.4696011243643,1.0052136450792009,1650.430713141894,0.987496081203572
1650.4876562582683,0.9997948126573215,1650.4876562582683,1.0039236318554805,1650.4709899805314,1.011626659157953,1650.4321019985275,0.9998561996413684
1650.4890451144358,1.0295165016027026,1650.4890451144358,1.003969657753571,1650.4723788371657,1.017703364558349,1650.4334908551602,0.994851327554412
1650.4904339710697,0.9928973431855053,1650.4904339710697,1.0040428048202137,1650.4737676937991,1.006253379329942,1650.4348797113278,1.0092230159401536
1650.4918228277022,1.0180760434757912,1650.4918228277022,1.0041289960450532,1650.4751565499662,0.9981767216048292,1650.436268567962,1.0311319601073192
1650.4932116838693,1.0059486280184777,1650.4932116838693,1.0042119601923523,1650.4765454065994,1.008101786213874,1650.4376574245955,1.016156327426618
1650.4946005405025,0.9950927297390874,1650.4946005405025,1.004228380981377,1650.477934263233,1.015191376246883,1650.439046281228,0.996306198208528
1650.495989396671,1.0209809049976615,1650.495989396671,1.0042618617088221,1650.4793231194,1.0199546017706806,1650.4404351378605,0.996975975701784
1650.4973782533043,0.9835875471512127,1650.4973782533043,1.004294587842307,1650.4807119760333,1.0213846021054402,1650.441823994029,1.0288209136494766
1650.4987671094716,1.0096669537827994,1650.4987671094716,1.004343391682201,1650.4821008322017,1.0034755625877076,1650.4432128506626,0.9977274207835148
1650.5001559661048,1.0067144116739632,1650.5001559661048,1.004386507017027,1650.4834896888344,1.0105000939306352,1650.4446017072953,1.0195572790562566
1650.501544822272,1.005358273626772,1650.501544822272,1.0044496632572901,1650.4848785454672,0.992349407849744,1650.4459905639285,1.0006225324921256
1650.502933678905,0.9907392013125224,1650.502933678905,1.0044907109419898,1650.486267401635,1.0035169557489894,1650.4473794200956,0.9933788153242818
1650.5043225355391,1.0001049225566678,1650.5043225355391,1.0044910543185446,1650.4876562582683,1.003717639433208,1650.4487682767283,0.993858321965991
1650.5057113917062,1.0048059320009697,1650.5057113917062,1.0045345306589892,1650.4890451144358,1.033603329765719,1650.4501571333624,1.0106425173857732
1650.507100248339,1.0146608302025064,1650.507100248339,1.004573381293776,1650.4904339710697,0.996911433350513,1650.451545989996,1.0105725534769954
1650.508489104507,0.9811012489608555,1650.508489104507,1.0046452296249357,1650.4918228277022,1.0222796754328662,1650.452934846163,1.0336343961507974
1650.5098779611396,1.0109846582502862,1650.5098779611396,1.0046801663690141,1650.4932116838693,1.010185643595243,1650.4543237027965,1.0132211994602194
1650.5112668173072,1.0266418947990648,1650.5112668173072,1.004719316701169,1650.4946005405025,0.9993003609122226,1650.455712559429,1.0214184222975062
1650.5126556739413,0.9953034202576039,1650.5126556739413,1.004745372153377,1650.495989396671,1.0253321844221095,1650.4571014155963,0.9927314125127998
1650.5140445301092,1.006824636315161,1650.5140445301092,1.0047228045873702,1650.4973782533043,0.9878116502730528,1650.4584902722306,0.9984861806650565
1650.515433386742,1.029511709575739,1650.515433386742,1.0047711905140861,1650.4987671094716,1.0140523328316529,1650.4598791288645,1.0221844109223903
1650.516822242909,1.0009068314233105,1650.516822242909,1.0048486171821591,1650.5001559661048,1.0111303715049134,1650.461267985497,1.0030986352562852
1650.5182110995431,0.9951690342297017,1650.5182110995431,1.0049174570021882,1650.501544822272,1.0098317793973417,1650.462656841664,1.0214345148570898
1650.5195999557106,1.0144870084384758,1650.5195999557106,1.0049825975211415,1650.502933678905,0.9951883246845148,1650.4640456982972,0.9982107999663002
1650.5209888118775,1.012338484290063,1650.5209888118775,1.005081278044675,1650.5043225355391,1.0045964480881135,1650.4654345549309,1.0080924921152912
1650.522377668511,1.0039105068775627,1650.522377668511,1.0051125722383472,1650.5057113917062,1.0093622553059622,1650.4668234110984,1.0268133883555444
1650.523766524678,1.0152097766020298,1650.523766524678,1.0051259715452863,1650.507100248339,1.0193012610628818,1650.468212267732,1.0094280885042586
1650.5251553813107,1.0155386927498353,1650.5251553813107,1.005215398332856,1650.508489104507,0.98565868954759,1650.4696011243643,1.0052136450792009
1650.5265442374791,1.0074000379749006,1650.5265442374791,1.0052163944628525,1650.5098779611396,1.0157162346474184,1650.4709899805314,1.011626659157953
1650.5279330941128,1.0122219277356375,1650.5279330941128,1.0052139308199324,1650.5112668173072,1.0314869430393097,1650.4723788371657,1.017703364558349
1650.5293219502798,0.9944667388626192,1650.5293219502798,1.0053092885746626,1650.5126556739413,1.0000265053922552,1650.4737676937991,1.006253379329942
1650.530710806913,0.9849002586094359,1650.530710806913,1.005379045788072,1650.5140445301092,1.0115796723262276,1650.4751565499662,0.9981767216048292
1650.53209966308,1.0202991446657248,1650.53209966308,1.0054059934444328,1650.515433386742,1.0344237060786072,1650.4765454065994,1.008101786213874
1650.533488519248,0.9936140856859458,1650.533488519248,1.0054547641129272,1650.516822242909,1.00575984548389,1650.477934263233,1.015191376246883
1650.5362662320497,1.0109328285383792,1650.5362662320497,1.005491167922388,1650.5182110995431,1.0000627351654354,1650.4793231194,1.0199546017706806
1650.5376550886824,0.9887605468298523,1650.5376550886824,1.0054406742166253,1650.5195999557106,1.0195417888919516,1650.4807119760333,1.0213846021054402
1650.5390439448497,1.0156006269182574,1650.5390439448497,1.0054236381078925,1650.5209888118775,1.0174824576040655,1650.4821008322017,1.0034755625877076
1650.540432801017,0.9967384519358746,1650.540432801017,1.0054155630102468,1650.522377668511,1.00904307186481,1650.4834896888344,1.0105000939306352
1650.5418216576506,1.0070031485144666,1650.5418216576506,1.0054153426625039,1650.523766524678,1.0204137130293882,1650.4848785454672,0.992349407849744
1650.5432105138182,1.0123271028091794,1650.5432105138182,1.0054145054749204,1650.5251553813107,1.0208351315549535,1650.486267401635,1.0035169557489894
1650.5445993704518,1.0001782583380248,1650.5445993704518,1.0054513585802658,1650.5265442374791,1.0126550339548703,1650.4876562582683,1.003717639433208
1650.5459882266189,0.9991177677038968,1650.5459882266189,1.0054210720895318,1650.5279330941128,1.0174995828412696,1650.4890451144358,1.033603329765719
1650.547377082786,1.007885760869346,1650.547377082786,1.0054103271802863,1650.5293219502798,0.9997466497571444,1650.4904339710697,0.996911433350513
1650.54876593942,0.9907275818826047,1650.54876593942,1.0054134124089122,1650.530710806913,0.99019808219718,1650.4918228277022,1.0222796754328662
1650.5501547955876,1.0070448592484589,1650.5501547955876,1.0053917303111104,1650.53209966308,1.0258148751531482,1650.4932116838693,1.010185643595243
1650.5515436517546,1.0053132057188583,1650.5515436517546,1.005355673840384,1650.533488519248,0.9990340161426444,1650.4946005405025,0.9993003609122226
1650.5529325083878,0.9943106377413123,1650.5529325083878,1.0053639501611495,1650.5362662320497,1.016484030458138,1650.495989396671,1.0253321844221095
1650.5543213645558,1.018776528899706,1650.5543213645558,1.0052854428863092,1650.5376550886824,0.9941400708434058,1650.4973782533043,0.9878116502730528
1650.5557102207229,0.9968310823134906,1650.5557102207229,1.0052687829556257,1650.5390439448497,1.0211088771808108,1650.4987671094716,1.0140523328316529
1650.557099077356,1.005397666833012,1650.557099077356,1.005339435036985,1650.540432801017,1.0021363518270692,1650.5001559661048,1.0111303715049134
1650.5584879335245,0.9958388465956614,1650.5584879335245,1.0053429109310486,1650.5418216576506,1.0124564156258926,1650.501544822272,1.0098317793973417
1650.5598767896915,1.006658757343043,1650.5598767896915,1.0053307609632463,1650.5432105138182,1.01780835344975,1650.502933678905,0.9951883246845148
1650.5612656463245,1.0012114435316857,1650.5612656463245,1.005296528621457,1650.5445993704518,1.0056305886684112,1650.5043225355391,1.0045964480881135
1650.5626545024925,1.0056682972635451,1650.5626545024925,1.0052545830952226,1650.5459882266189,1.0045340571485517,1650.5057113917062,1.0093622553059622
1650.564043358659,1.0147760646504604,1650.564043358659,1.0052481467258025,1650.547377082786,1.013338752596001,1650.507100248339,1.0193012610628818
1650.5654322148268,1.0041363422553857,1650.5654322148268,1.005274404443257,1650.54876593942,0.9960907988682196,1650.508489104507,0.98565868954759
1650.566821071461,0.9987436997444972,1650.566821071461,1.005272639360505,1650.5501547955876,1.0124745735407168,1650.5098779611396,1.0157162346474184
1650.568209927628,1.0003012907939117,1650.568209927628,1.0052707404668646,1650.5515436517546,1.0106973353561193,1650.5112668173072,1.0314869430393097
1650.569598783795,1.0156264414298006,1650.569598783795,1.005285219364313,1650.5529325083878,0.9996440704468575,1650.5126556739413,1.0000265053922552
1650.5709876404285,0.995506771879169,1650.5709876404285,1.005261688822679,1650.5543213645558,1.0241612140571177,1650.5140445301092,1.0115796723262276
1650.5723764965967,0.9902047314999289,1650.5723764965967,1.0052423393952818,1650.5557102207229,1.002083168929622,1650.515433386742,1.0344237060786072
1650.573765352765,1.0040137295946636,1650.573765352765,1.005263545363974,1650.557099077356,1.0107659223614032,1650.516822242909,1.00575984548389
1650.5751542089315,1.0171838017708117,1650.5751542089315,1.0052624100651844,1650.5584879335245,1.0011595248547,1650.5182110995431,1.0000627351654354
1650.576543065565,1.013730391852843,1650.576543065565,1.0052815748736217,1650.5598767896915,1.0120250145499974,1650.5195999557106,1.0195417888919516
1650.577931921732,0.9960544071276219,1650.577931921732,1.0052156254712,1650.5612656463245,1.0065143885984815,1650.5209888118775,1.0174824576040655
1650.579320777899,1.0007161222180785,1650.579320777899,1.0052254329065267,1650.5626545024925,1.0109526648977474,1650.522377668511,1.00904307186481
1650.5807096340675,0.9882944338896635,1650.5807096340675,1.0052284558492486,1650.564043358659,1.0201017583315786,1650.523766524678,1.0204137130293882
1650.582098490701,1.011204443020285,1650.582098490701,1.0052222794953682,1650.5654322148268,1.0094325634406134,1650.5251553813107,1.0208351315549535
1650.5834873468675,1.0052919473839683,1650.5834873468675,1.0052185671230476,1650.566821071461,1.0040097150868263,1650.5265442374791,1.0126550339548703
1650.5848762030355,1.0119608286913448,1650.5848762030355,1.0051708892281916,1650.568209927628,1.005573619286356,1650.5279330941128,1.0174995828412696
1650.5862650592028,1.024694552835117,1650.5862650592028,1.0052385342232535,1650.569598783795,1.0209942499649536,1650.5293219502798,0.9997466497571444
1650.5876539153703,1.014151062830142,1650.5876539153703,1.005209266703008,1650.5709876404285,1.000744818733667,1650.530710806913,0.99019808219718
1650.5890427720044,0.9950935791142637,1650.5890427720044,1.0052489482953186,1650.5723764965967,0.9953957207732655,1650.53209966308,1.0258148751531482
1650.5904316281724,1.0137862531972952,1650.5904316281724,1.0052048757137753,1650.573765352765,1.009298401406438,1650.533488519248,0.9990340161426444
1650.5918204843397,1.0036455880111699,1650.5918204843397,1.0052065620496669,1650.5751542089315,1.022536640047393,1650.534877375882,1.0410258722748176
1650.5932093405063,0.9976890120672128,1650.5932093405063,1.0052666345054053,1650.576543065565,1.0190844848190797,1650.5362662320497,1.016484030458138
1650.594598196674,1.0228279779629474,1650.594598196674,1.0052582843893305,1650.577931921732,1.0012494538641377,1650.5376550886824,0.9941400708434058
1650.595987052842,1.003468876160684,1650.595987052842,1.0053016800814092,1650.579320777899,1.0059452971732086,1650.5390439448497,1.0211088771808108
1650.5973759094752,0.9959508816779928,1650.5973759094752,1.0053932137188621,1650.5807096340675,0.9934616877033138,1650.540432801017,1.0021363518270692
1650.5987647656427,1.0030624838877413,1650.5987647656427,1.0054227716965969,1650.582098490701,1.016485235248695,1650.5418216576506,1.0124564156258926
1650.6001536218098,0.9883651544124902,1650.6001536218098,1.0055050679492117,1650.5834873468675,1.0105381308896508,1650.5432105138182,1.01780835344975
1650.6015424779769,1.0021499703252248,1650.6015424779769,1.0054929428713408,1650.5848762030355,1.0171935660397768,1650.5445993704518,1.0056305886684112
1650.6029313341453,1.0175035607781748,1650.6029313341453,1.0054010098264314,1650.5862650592028,1.0300624503185252,1650.5459882266189,1.0045340571485517
1650.6043201903133,0.9815176676952638,1650.6043201903133,1.0054198221978967,1650.5876539153703,1.0194340461935631,1650.547377082786,1.013338752596001
1650.605709046946,1.000255464915653,1650.605709046946,1.0054595273340248,1650.5890427720044,1.000316773860038,1650.54876593942,0.9960907988682196
1650.6070979031135,0.9899812525981683,1650.6070979031135,1.0053979828981772,1650.5904316281724,1.019062884645521,1650.5501547955876,1.0124745735407168
1650.6084867592806,1.0012881171235355,1650.6084867592806,1.0053874001552645,1650.5918204843397,1.0088711310410243,1650.5515436517546,1.0106973353561193
1650.6098756154477,1.0223055400781789,1650.6098756154477,1.0053829359831843,1650.5932093405063,1.0029434754438298,1650.5529325083878,0.9996440704468575
1650.611264471616,0.998689720363618,1650.611264471616,1.0053758325847335,1650.594598196674,1.0282062983524405,1650.5543213645558,1.0241612140571177
1650.6126533277843,0.9953952157535794,1650.6126533277843,1.0053776359793258,1650.595987052842,1.0087889471137392,1650.5557102207229,1.002083168929622
1650.6140421839516,0.9997148121829953,1650.6140421839516,1.0053096460086712,1650.5973759094752,1.0013222576363714,1650.557099077356,1.0107659223614032
1650.615431040119,1.0047969168476638,1650.615431040119,1.0053164096537537,1650.5987647656427,1.008501862735286,1650.5584879335245,1.0011595248547
1650.6168198962862,1.014776532212532,1650.6168198962862,1.0052623545367472,1650.6001536218098,0.993806171746164,1650.5598767896915,1.0120250145499974
1650.6182087524542,1.0187577508747103,1650.6182087524542,1.0051701689945431,1650.6015424779769,1.007654722860737,1650.5612656463245,1.0065143885984815
1650.6195976090874,1.0114814092186666,1650.6195976090874,1.0052141772380738,1650.6029313341453,1.0229991075083666,1650.5626545024925,1.0109526648977474
1650.620986465255,1.0248950016723941,1650.620986465255,1.0051609937697386,1650.6043201903133,0.9868373189382664,1650.564043358659,1.0201017583315786
1650.6223753214224,0.9944874894420909,1650.6223753214224,1.0051172354917788,1650.605709046946,1.0057163869673675,1650.5654322148268,1.0094325634406134
1650.6237641775897,0.9914402796705054,1650.6237641775897,1.0051321320105038,1650.6070979031135,0.9953251544692092,1650.566821071461,1.0040097150868263
1650.625153033757,1.0052693999816773,1650.625153033757,1.0050413104297322,1650.6084867592806,1.0066824568811914,1650.568209927628,1.005573619286356
1650.626541889925,1.0129620625786133,1650.626541889925,1.0050948732535232,1650.6098756154477,1.0278085453556745,1650.569598783795,1.0209942499649536
1650.6279307460925,1.0166075526157894,1650.6279307460925,1.0050913660902752,1650.611264471616,1.0040585091043872,1650.5709876404285,1.000744818733667
1650.6293196022602,1.009425365301699,1650.6293196022602,1.0051234149174915,1650.6126533277843,1.0007480888794646,1650.5723764965967,0.9953957207732655
1650.630708458428,1.0194660199808412,1650.630708458428,1.005057491183453,1650.6140421839516,1.0050229439453122,1650.573765352765,1.009298401406438
1650.632097314595,1.0098001503827982,1650.632097314595,1.0049756906790164,1650.615431040119,1.0101388288764546,1650.5751542089315,1.022536640047393
1650.6334861707626,1.0093101372100937,1650.6334861707626,1.004907260642667,1650.6168198962862,1.020116646100605,1650.576543065565,1.0190844848190797
1650.634875026931,1.026111321843152,1650.634875026931,1.0048488487675398,1650.6182087524542,1.0240249006112332,1650.577931921732,1.0012494538641377
1650.636263883098,1.0025072930207584,1650.636263883098,1.0048638127350429,1650.6195976090874,1.0167554525593494,1650.579320777899,1.0059452971732086
1650.6376527392651,1.018348316557401,1650.6376527392651,1.0048609059075782,1650.620986465255,1.0301844783906615,1650.5807096340675,0.9934616877033138
1650.6390415954331,1.0019497542405051,1650.6390415954331,1.004810670331195,1650.6223753214224,0.999576516119194,1650.582098490701,1.016485235248695
1650.6404304516002,1.0051056335242354,1650.6404304516002,1.004815669705463,1650.6237641775897,0.9965284820663052,1650.5834873468675,1.0105381308896508
1650.6418193077675,0.9982719097980003,1650.6418193077675,1.0048110295967196,1650.625153033757,1.0103372750924955,1650.5848762030355,1.0171935660397768
1650.6432081639362,1.0083335110946294,1650.6432081639362,1.0047368566481,1650.626541889925,1.0181229758980788,1650.5862650592028,1.0300624503185252
1650.6445970201032,1.0137165172668912,1650.6445970201032,1.004734112701242,1650.6279307460925,1.021783473836295,1650.5876539153703,1.0194340461935631
1650.6459858762703,1.0093086483942517,1650.6459858762703,1.0047579130957875,1650.6293196022602,1.0145970702763798,1650.5890427720044,1.000316773860038
1650.6473747324378,1.0036340997179947,1650.6473747324378,1.0047116591815846,1650.630708458428,1.024621960388724,1650.5904316281724,1.019062884645521
1650.6487635886062,1.0130474970586087,1650.6487635886062,1.004655026358993,1650.632097314595,1.0148246035787272,1650.5918204843397,1.0088711310410243
1650.6501524447742,0.9903323011837509,1650.6501524447742,1.0045762628281096,1650.6334861707626,1.0142630851226695,1650.5932093405063,1.0029434754438298
1650.6515413009413,1.005818140520404,1650.6515413009413,1.0046187649570317,1650.634875026931,1.0310867804614297,1650.594598196674,1.0282062983524405
1650.6529301571088,0.996413548337972,1650.6529301571088,1.0045535345560603,1650.636263883098,1.007383300759526,1650.595987052842,1.0087889471137392
1650.654319013276,1.0105555893340132,1650.654319013276,1.0044632899823351,1650.6376527392651,1.0232984119053272,1650.5973759094752,1.0013222576363714
1650.655707869443,0.9862348336854153,1650.655707869443,1.0043770188765913,1650.6390415954331,1.006769804196578,1650.5987647656427,1.008501862735286
1650.6570967251455,0.995714951831351,1650.6570967251455,1.0043537028029899,1650.6404304516002,1.0099458902743883,1650.6001536218098,0.993806171746164
1650.6584855813137,0.9839253361680229,1650.6584855813137,1.004356593515594,1650.6418193077675,1.0030746255016123,1650.6015424779769,1.007654722860737
1650.6598744374808,1.002036818369841,1650.6598744374808,1.0043378429420733,1650.6432081639362,1.01310984239016,1650.6029313341453,1.0229991075083666
1650.6612632936483,1.0145919834350563,1650.6612632936483,1.0042584217407369,1650.6445970201032,1.018515565506743,1650.6043201903133,0.9868373189382664
1650.6626521498154,0.9901990568409735,1650.6626521498154,1.0041876457836432,1650.6459858762703,1.0141108512301384,1650.605709046946,1.0057163869673675
1650.6640410059829,1.0097731421745135,1650.6640410059829,1.0041355912305028,1650.6473747324378,1.0083628815388823,1650.6070979031135,0.9953251544692092
1650.6654298621513,0.9992446612704641,1650.6654298621513,1.0041409160127168,1650.6487635886062,1.0177632598603286,1650.6084867592806,1.0066824568811914
1650.6668187183184,1.007011425478282,1650.6668187183184,1.0040675357820312,1650.6501524447742,0.9948643220811344,1650.6098756154477,1.0278085453556745
1650.6682075744857,1.0122031244557863,1650.6682075744857,1.003957744790167,1650.6515413009413,1.0104637781009866,1650.611264471616,1.0040585091043872
1650.6695964306534,0.9975093638921555,1650.6695964306534,1.0039504406533972,1650.6529301571088,1.0009507518624556,1650.6126533277843,1.0007480888794646
1650.6709852863553,0.9979294380954102,1650.6709852863553,1.0039327916039076,1650.654319013276,1.0150659919724805,1650.6140421839516,1.0050229439453122
1650.6723741425233,1.003732687486998,1650.6723741425233,1.0038717837242412,1650.655707869443,0.9905516021692082,1650.615431040119,1.0101388288764546
1650.6737629986908,0.9973874154885564,1650.6737629986908,1.003824699669099,1650.6570967251455,1.000049998808118,1650.6168198962862,1.020116646100605
1650.6751518548588,0.9961124458500107,1650.6751518548588,1.0037633753921462,1650.6584855813137,0.9882118989074012,1650.6182087524542,1.0240249006112332
1650.6765407110256,0.9979528390686532,1650.6765407110256,1.0037084999801191,1650.6598744374808,1.0063834967101042,1650.6195976090874,1.0167554525593494
1650.6779295671925,0.9899627816433753,1650.6779295671925,1.0036193110447846,1650.6612632936483,1.0189125439952935,1650.620986465255,1.0301844783906615
1650.6793184233609,1.0031815722833235,1650.6793184233609,1.003505823127758,1650.6626521498154,0.994345659746321,1650.6223753214224,0.999576516119194
1650.6807072790632,0.9986378758983896,1650.6807072790632,1.0034377556625684,1650.6640410059829,1.0139491511260876,1650.6237641775897,0.9965284820663052
1650.6820961352305,1.0086689837732172,1650.6820961352305,1.0034346013669297,1650.6654298621513,1.0033824494889407,1650.625153033757,1.0103372750924955
1650.6834849913978,0.9979586006388511,1650.6834849913978,1.0034388337534899,1650.6668187183184,1.0111074804843292,1650.626541889925,1.0181229758980788
1650.6848738475649,1.0040122396035964,1650.6848738475649,1.0034383309415515,1650.6682075744857,1.016209166098192,1650.6279307460925,1.021783473836295
1650.686262703732,1.0151768553636844,1650.686262703732,1.0033471182635205,1650.6695964306534,1.0014499654354194,1650.6293196022602,1.0145970702763798
1650.6876515594347,0.9968592111924588,1650.6876515594347,1.0032842332471201,1650.6709852863553,1.001854086610844,1650.630708458428,1.024621960388724
1650.6890404156031,1.0001843511823494,1650.6890404156031,1.0032362271150588,1650.6723741425233,1.007618923369899,1650.632097314595,1.0148246035787272
1650.6904292717702,0.9980708764608711,1650.6904292717702,1.003249302003049,1650.6737629986908,1.0012021228065389,1650.6334861707626,1.0142630851226695
1650.6918181279373,1.0152127517198453,1650.6918181279373,1.003256288652492,1650.6751518548588,0.9998611909165332,1650.634875026931,1.0310867804614297
1650.693206984105,0.9983967206941494,1650.693206984105,1.0031525309617777,1650.6765407110256,1.001653747152499,1650.636263883098,1.007383300759526
1650.694595839807,1.0039406403169986,1650.694595839807,1.0031143026875065,1650.6779295671925,0.9935457648729028,1650.6376527392651,1.0232984119053272
1650.6959846959746,1.0078410848877257,1650.6959846959746,1.0029905428743617,1650.6793184233609,1.006698549440775,1650.6390415954331,1.006769804196578
1650.6973735521426,1.0093449335600715,1650.6973735521426,1.0029397793818429,1650.6807072790632,1.0020709489111146,1650.6404304516002,1.0099458902743883
1650.6987624083097,1.01531613286629,1650.6987624083097,1.00291155720736,1650.6820961352305,1.0121333596436644,1650.6418193077675,1.0030746255016123
1650.700151264011,0.9912288837900808,1650.700151264011,1.0029025674482497,1650.6834849913978,1.0013904143593135,1650.6432081639362,1.01310984239016
1650.7015401201786,1.0034698808637317,1650.7015401201786,1.0028110070574145,1650.6848738475649,1.007464365952722,1650.6445970201032,1.018515565506743
1650.7029289763466,1.0126945240232799,1650.7029289763466,1.00270119640768,1650.686262703732,1.0185747723569756,1650.6459858762703,1.0141108512301384
1650.704317832514,1.0051552929628433,1650.704317832514,1.0025970541670088,1650.6876515594347,1.000133129356555,1650.6473747324378,1.0083628815388823
1650.7057066882164,1.0126487210382245,1650.7057066882164,1.002491604776584,1650.6890404156031,1.0034211748997033,1650.6487635886062,1.0177632598603286
1650.707095544384,1.0215628942907302,1650.707095544384,1.0023690140214923,1650.6904292717702,1.0013139101589403,1650.6501524447742,0.9948643220811344
1650.708484400551,1.0171488258855477,1650.708484400551,1.0023474574232094,1650.6918181279373,1.0185185774831358,1650.6515413009413,1.0104637781009866
1650.7098732562529,0.9937970384549484,1650.7098732562529,1.002289632890281,1650.693206984105,1.001544197268275,1650.6529301571088,1.0009507518624556
1650.7112621124213,0.997906744121914,1650.7112621124213,1.0021734490988776,1650.694595839807,1.0070672153512348,1650.654319013276,1.0150659919724805
1650.7126509685884,0.9878072340469053,1650.7126509685884,1.0021078642942636,1650.6959846959746,1.0108550768626257,1650.655707869443,0.9905516021692082
1650.7140398247554,1.006386773292405,1650.7140398247554,1.0019969164167009,1650.6973735521426,1.012312184984919,1650.6570967251455,1.000049998808118
1650.7154286804578,0.992679816270495,1650.7154286804578,1.0019538052586803,1650.6987624083097,1.0182722838706857,1650.6584855813137,0.9882118989074012
1650.7168175366248,0.997761239008742,1650.7168175366248,1.0018682537015215,1650.700151264011,0.9941059924819348,1650.6598744374808,1.0063834967101042
1650.7182063927924,1.0109932648193058,1650.7182063927924,1.0018370086526196,1650.7015401201786,1.0062906417807425,1650.6612632936483,1.0189125439952935
1650.7195952484951,0.9930988608314336,1650.7195952484951,1.001737261965573,1650.7029289763466,1.0154300108336487,1650.6626521498154,0.994345659746321
1650.7209841046622,0.9827180087164814,1650.7209841046622,1.0016601076880545,1650.704317832514,1.0077657357049234,1650.6640410059829,1.0139491511260876
1650.7223729608293,1.0093302230219072,1650.7223729608293,1.0015551790929587,1650.7057066882164,1.0151718414285649,1650.6654298621513,1.0033824494889407
1650.7237618165316,1.0109196184663405,1650.7237618165316,1.0015235171359664,1650.707095544384,1.023982991111141,1650.6668187183184,1.0111074804843292
1650.7251506726984,0.9802162121233164,1650.7251506726984,1.001504962025831,1650.708484400551,1.0195365394473814,1650.6682075744857,1.016209166098192
1650.7265395288662,0.9893067029440223,1650.7265395288662,1.0014760827568927,1650.7098732562529,0.9960724688404587,1650.6695964306534,1.0014499654354194
1650.727928384569,0.9976661769066193,1650.727928384569,1.0013770770430148,1650.7112621124213,1.0000756436356897,1650.6709852863553,1.001854086610844
1650.7293172407365,0.9850193271749051,1650.7293172407365,1.001265273289217,1650.7126509685884,0.989889397645168,1650.6723741425233,1.007618923369899
1650.7307060969035,0.9961473576322463,1650.7307060969035,1.001139282287646,1650.7140398247554,1.0083964435615431,1650.6737629986908,1.0012021228065389
1650.732094952605,1.0058719247558245,1650.732094952605,1.0010509985791152,1650.7154286804578,0.99461931931571,1650.6751518548588,0.9998611909165332
1650.7334838087734,1.0003028758424433,1650.7334838087734,1.0009817359425586,1650.7168175366248,0.9996253101367548,1650.6765407110256,1.001653747152499
1650.7348726644757,0.9995056713824161,1650.7348726644757,1.000881071642985,1650.7182063927924,1.012850468194519,1650.6779295671925,0.9935457648729028
1650.7362615206428,0.9967326685835488,1650.7362615206428,1.0008931980213316,1650.7195952484951,0.9948241337104098,1650.6793184233609,1.006698549440775
1650.7376503768105,1.0038074052724542,1650.7376503768105,1.0008322585066798,1650.7209841046622,0.9843494264379412,1650.6807072790632,1.0020709489111146
1650.7390392325117,1.0021822078382117,1650.7390392325117,1.00075737738258,1650.7223729608293,1.010899912282642,1650.6820961352305,1.0121333596436644
1650.7404280886788,1.0259511047375405,1650.7404280886788,1.0006451166143633,1650.7237618165316,1.0124597718281587,1650.6834849913978,1.0013904143593135
1650.7418169443815,1.0086183136604099,1650.7418169443815,1.000612845394969,1650.7251506726984,0.9816914002996658,1650.6848738475649,1.007464365952722
1650.743205800549,1.0106200862714154,1650.743205800549,1.0004809100036922,1650.7265395288662,0.9907670015095164,1650.686262703732,1.0185747723569756
1650.7445946562505,0.9941115806599109,1650.7445946562505,1.0003770013542463,1650.727928384569,0.9990400400954298,1650.6876515594347,1.000133129356555
1650.7459835124184,1.0057117817904742,1650.7459835124184,1.0003206661956825,1650.7293172407365,0.9862656458189422,1650.6890404156031,1.0034211748997033
1650.747372368586,1.0018242853286505,1650.747372368586,1.0002442387225736,1650.7307060969035,0.997282250672682,1650.6904292717702,1.0013139101589403
1650.7487612242885,1.0037778215504245,1650.7487612242885,1.000316753367067,1650.732094952605,1.0069290947195149,1650.6918181279373,1.0185185774831358
1650.7501500804558,1.0068407288942283,1650.7501500804558,1.000209391787315,1650.7334838087734,1.0012849091291025,1650.693206984105,1.001544197268275
1650.751538936158,1.0054229324889778,1650.751538936158,1.0001022847178498,1650.7348726644757,1.0003863074864738,1650.694595839807,1.0070672153512348
1650.7529277923252,1.0049381047434418,1650.7529277923252,1.0000075233422299,1650.7362615206428,0.9976229482309242,1650.6959846959746,1.0108550768626257
1650.7543166480266,1.016232475467063,1650.7543166480266,0.9999841762333749,1650.7376503768105,1.0046428325245602,1650.6973735521426,1.012312184984919
1650.755705504194,1.0025857751607328,1650.755705504194,0.999976273310735,1650.7390392325117,1.0029412379756524,1650.6987624083097,1.0182722838706857
1650.7570943598962,1.019746691697524,1650.7570943598962,0.9998698682430669,1650.7404280886788,1.026612962840731,1650.700151264011,0.9941059924819348
1650.758483216064,1.008267086229898,1650.758483216064,0.9997414012189852,1650.7418169443815,1.009236440749218,1650.7015401201786,1.0062906417807425
1650.7598720717658,1.001236215247042,1650.7598720717658,0.9997606145884773,1650.743205800549,1.0111061035808355,1650.7029289763466,1.0154300108336487
1650.7612609279329,1.0010050749726387,1650.7612609279329,0.9996801699122657,1650.7445946562505,0.9944863620720916,1650.704317832514,1.0077657357049234
1650.7626497836343,1.0134735647116588,1650.7626497836343,0.9996469721188199,1650.7459835124184,1.006034279561494,1650.7057066882164,1.0151718414285649
1650.7640386398027,0.9848133998933709,1650.7640386398027,0.999651645563089,1650.747372368586,1.0020689696123424,1650.707095544384,1.023982991111141
1650.7654274955055,1.005325419542105,1650.7654274955055,0.9995581424765064,1650.7487612242885,1.0040957715551877,1650.708484400551,1.0195365394473814
1650.7668163516726,1.0095303260924156,1650.7668163516726,0.9994514519640115,1650.7501500804558,1.007051553073993,1650.7098732562529,0.9960724688404587
1650.768205207374,1.007955702075613,1650.768205207374,0.9993834515725508,1650.751538936158,1.0055257718899473,1650.7112621124213,1.0000756436356897
1650.769594063542,1.0126803204701398,1650.769594063542,0.9993295303214478,1650.7529277923252,1.0049456652367237,1650.7126509685884,0.989889397645168
1650.7709829192434,1.018812945332794,1650.7709829192434,0.9992254648020694,1650.7543166480266,1.0162163948415344,1650.7140398247554,1.0083964435615431
1650.7723717754109,1.0028791522654128,1650.7723717754109,0.9991174891027045,1650.755705504194,1.002561987119584,1650.7154286804578,0.99461931931571
1650.7737606311136,0.9966101946993267,1650.7737606311136,0.9990475233991982,1650.7570943598962,1.0196139902689068,1650.7168175366248,0.9996253101367548
1650.7751494872807,1.016934806039259,1650.7751494872807,0.9989947471741185,1650.758483216064,1.0080063495904616,1650.7182063927924,1.012850468194519
1650.776538342982,0.9907680865158385,1650.776538342982,0.9988679224773995,1650.7598720717658,1.0009965339036238,1650.7195952484951,0.9948241337104098
1650.7779271991496,0.9915280480950441,1650.7779271991496,0.9988392840833747,1650.7612609279329,1.0006849234316877,1650.7209841046622,0.9843494264379412
1650.779316054852,1.016691804078975,1650.779316054852,0.9987879553353984,1650.7626497836343,1.0131157802864768,1650.7223729608293,1.010899912282642
1650.7807049105538,1.0098169046071441,1650.7807049105538,0.9987204107542872,1650.7640386398027,0.9844703357759887,1650.7237618165316,1.0124597718281587
1650.7820937667218,1.000637457492212,1650.7820937667218,0.9987372866265601,1650.7654274955055,1.004881208941921,1650.7251506726984,0.9816914002996658
1650.7834826224232,1.0191766788664476,1650.7834826224232,0.9986242369573026,1650.7668163516726,1.0089765502147667,1650.7265395288662,0.9907670015095164
1650.7848714785905,1.0037907151006453,1650.7848714785905,0.9985577255584641,1650.768205207374,1.0073342485725598,1650.727928384569,0.9990400400954298
1650.786260334292,1.0074572150346455,1650.786260334292,0.9984963691174625,1650.769594063542,1.012001349021198,1650.7293172407365,0.9862656458189422
1650.787649189995,0.9919896329751418,1650.787649189995,0.9984700252450378,1650.7709829192434,1.0180238388465266,1650.7307060969035,0.997282250672682
1650.789038046163,0.9875670184944765,1650.789038046163,0.9984768549948589,1650.7723717754109,1.001994100484868,1650.732094952605,1.0069290947195149
1650.7904269018638,0.9852825114233087,1650.7904269018638,0.9983578228596408,1650.7737606311136,0.995660946808755,1650.7334838087734,1.0012849091291025
1650.7918157580318,1.0031581988387266,1650.7918157580318,0.998278271733864,1650.7751494872807,1.0159125294517506,1650.7348726644757,1.0003863074864738
1650.7932046137332,0.9904066236720582,1650.7932046137332,0.9982447943386203,1650.776538342982,0.989646460234984,1650.7362615206428,0.9976229482309242
1650.794593469435,0.9692306743680035,1650.794593469435,0.9981493017177353,1650.7779271991496,0.9903771657078398,1650.7376503768105,1.0046428325245602
1650.7959823256035,0.9970785994790459,1650.7959823256035,0.9981539005353073,1650.779316054852,1.015459528202297,1650.7390392325117,1.0029412379756524
1650.797371181305,0.9897775258394057,1650.797371181305,0.9980965926591683,1650.7807049105538,1.00852475375587,1650.7404280886788,1.026612962840731
1650.7987600370063,0.9937260214523855,1650.7987600370063,0.9979811309336143,1650.7820937667218,0.9993739391926716,1650.7418169443815,1.009236440749218
1650.8001488931743,0.9916685845820272,1650.8001488931743,0.9979839702925533,1650.7834826224232,1.017774533257684,1650.743205800549,1.0111061035808355
1650.8015377488755,0.9868503263616174,1650.8015377488755,0.9979102503699402,1650.7848714785905,1.0023429734076046,1650.7445946562505,0.9944863620720916
1650.8029266045776,1.0003828604572784,1650.8029266045776,0.9978279105514978,1650.786260334292,1.0059423712532842,1650.7459835124184,1.006034279561494
1650.804315460746,0.9963546012313486,1650.804315460746,0.9978068198515562,1650.787649189995,0.9904719138795056,1650.747372368586,1.0020689696123424
1650.805704316448,0.9923744839077068,1650.805704316448,0.9977237989853165,1650.789038046163,0.9860628107230146,1650.7487612242885,1.0040957715551877
1650.8070931721493,1.0167000913865385,1650.8070931721493,0.9977573275134297,1650.7904269018638,0.9836645030062536,1650.7501500804558,1.007051553073993
1650.8084820283163,0.9971839637521993,1650.8084820283163,0.9976528369107848,1650.7918157580318,1.00143103301238,1650.751538936158,1.0055257718899473
1650.8098708840191,0.993165148827337,1650.8098708840191,0.997670004680527,1650.7932046137332,0.9886682563591211,1650.7529277923252,1.0049456652367237
1650.8112597397214,0.979973913908419,1650.8112597397214,0.9976247490596348,1650.794593469435,0.9674369208238324,1650.7543166480266,1.0162163948415344
1650.8126485958885,0.9982267826664115,1650.8126485958885,0.9975334023164831,1650.7959823256035,0.995237893210291,1650.755705504194,1.002561987119584
1650.8140374515904,0.9946190362448072,1650.8140374515904,0.9974261673806492,1650.797371181305,0.9878935760309328,1650.7570943598962,1.0196139902689068
1650.8154263072918,1.0025796035935892,1650.8154263072918,0.9973646315598108,1650.7987600370063,0.9917198187272128,1650.758483216064,1.0080063495904616
1650.8168151629932,0.999259900244149,1650.8168151629932,0.997289811258588,1650.8001488931743,0.9896693512555682,1650.7598720717658,1.0009965339036238
1650.8182040191616,0.9841473801144094,1650.8182040191616,0.9972252549024682,1650.8015377488755,0.9847880562571788,1650.7612609279329,1.0006849234316877
1650.819592874864,1.001331229553166,1650.819592874864,0.9971992981420397,1650.8029266045776,0.9982099394016166,1650.7626497836343,1.0131157802864768
1650.820981730565,0.9841540976506006,1650.820981730565,0.997095242274398,1650.804315460746,0.9941694160991172,1650.7640386398027,0.9844703357759887
1650.8223705862672,0.997377011718259,1650.8223705862672,0.9970624033225988,1650.805704316448,0.99011564010049,1650.7654274955055,1.004881208941921
1650.8237594424347,1.0016831482858328,1650.8237594424347,0.99702000523388,1650.8070931721493,1.0144199660644924,1650.7668163516726,1.0089765502147667
1650.825148298137,1.001274862500819,1650.825148298137,0.9969165471409784,1650.8084820283163,0.9948434103593228,1650.768205207374,1.0073342485725598
1650.826537153839,1.0022344217195687,1650.826537153839,0.9968445099646259,1650.8098708840191,0.9908510786791056,1650.769594063542,1.012001349021198
1650.8279260095412,0.9926825379211162,1650.8279260095412,0.9967338309474892,1650.8112597397214,0.9776462299478748,1650.7709829192434,1.0180238388465266
1650.8293148657085,0.9733710797238609,1650.8293148657085,0.9966650960544091,1650.8126485958885,0.995764558796662,1650.7723717754109,1.001994100484868
1650.8307037214097,0.9940827791935127,1650.8307037214097,0.9965909019318766,1650.8140374515904,0.992059053325493,1650.7737606311136,0.995660946808755
1650.8320925771116,0.9816505846756394,1650.8320925771116,0.9965938866477715,1650.8154263072918,0.9999374369475014,1650.7751494872807,1.0159125294517506
1650.833481432814,0.9912946519553604,1650.833481432814,0.9965342448267389,1650.8168151629932,0.9965517173127628,1650.776538342982,0.989646460234984
1650.8348702885155,1.0030813966898333,1650.8348702885155,0.9964209519923667,1650.8182040191616,0.9814166219961882,1650.7779271991496,0.9903771657078398
1650.8362591446837,1.0158681112502033,1650.8362591446837,0.9963298548437634,1650.819592874864,0.9985267993181228,1650.779316054852,1.015459528202297
1650.837648000385,1.0033631765690632,1650.837648000385,0.9962286908791201,1650.820981730565,0.9812953684322672,1650.7807049105538,1.00852475375587
1650.839036856086,1.0056719406483967,1650.839036856086,0.9961231560544815,1650.8223705862672,0.994447120322519,1650.7820937667218,0.9993739391926716
1650.8404257117888,0.9979222036404236,1650.8404257117888,0.9961523006900296,1650.8237594424347,0.9986981377466304,1650.7834826224232,1.017774533257684
1650.8418145674912,0.9872972893102648,1650.8418145674912,0.9960907102689323,1650.825148298137,0.9981874786633744,1650.7848714785905,1.0023429734076046
1650.8432034236582,1.011439291898681,1650.8432034236582,0.9960422079276765,1650.826537153839,0.9990718809887236,1650.786260334292,1.0059423712532842
1650.84459227936,0.9992579955510087,1650.84459227936,0.995991208491896,1650.8279260095412,0.9894402689367904,1650.787649189995,0.9904719138795056
1650.8459811350624,1.006880558677936,1650.8459811350624,0.9958951239713476,1650.8293148657085,0.9701249806695658,1650.789038046163,0.9860628107230146
1650.8473699907638,1.0184932440172947,1650.8473699907638,0.9958596620809533,1650.8307037214097,0.9906938535114094,1650.7904269018638,0.9836645030062536
1650.8487588464657,1.0058355487643642,1650.8487588464657,0.995814054927236,1650.8320925771116,0.9783069715119528,1650.7918157580318,1.00143103301238
1650.8501477021684,1.015974226865719,1650.8501477021684,0.9957117261100988,1650.833481432814,0.98785906738712,1650.7932046137332,0.9886682563591211
1650.8515365578698,0.9912221925512686,1650.8515365578698,0.995660596771797,1650.8348702885155,0.9994913202155165,1650.794593469435,0.9674369208238324
1650.852925414037,0.9858672323623722,1650.852925414037,0.9955460805578377,1650.8362591446837,1.012139727822323,1650.7959823256035,0.995237893210291
1650.8543142697388,1.001969496398151,1650.8543142697388,0.9954776813419782,1650.837648000385,0.9995791838697132,1650.797371181305,0.9878935760309328
1650.855703125441,1.007103085480506,1650.855703125441,0.9955412597123416,1650.839036856086,1.001773107474116,1650.7987600370063,0.9917198187272128
1650.857091981143,0.9970908834448203,1650.857091981143,0.9955490110667732,1650.8404257117888,0.9940824990660722,1650.8001488931743,0.9896693512555682
1650.8584808368453,0.981351035203627,1650.8584808368453,0.9955045780030302,1650.8418145674912,0.9834376581556532,1650.8015377488755,0.9847880562571788
1650.859869692547,0.9869436247396185,1650.859869692547,0.9955173700563908,1650.8432034236582,1.007436225487568,1650.8029266045776,0.9982099394016166
1650.861258548248,0.9758837185583386,1650.861258548248,0.9954944485768747,1650.84459227936,0.9952521785840388,1650.804315460746,0.9941694160991172
1650.86264740395,0.9889588767099978,1650.86264740395,0.9954870173260488,1650.8459811350624,1.0027474388089028,1650.805704316448,0.99011564010049
1650.8640362596527,0.9851549138776092,1650.8640362596527,0.9954714347299628,1650.8473699907638,1.0142763378187971,1650.8070931721493,1.0144199660644924
1650.865425115355,0.9849604670796188,1650.865425115355,0.9954340657856658,1650.8487588464657,1.001625176405003,1650.8084820283163,0.9948434103593228
1650.866813971522,0.9914660891938589,1650.866813971522,0.9954234800442336,1650.8501477021684,1.0116174511158382,1650.8098708840191,0.9908510786791056
1650.868202827224,0.9917984455208004,1650.868202827224,0.9953204517973108,1650.8515365578698,0.9869208797690452,1650.8112597397214,0.9776462299478748
1650.8695916829254,0.9727892741767363,1650.8695916829254,0.9953133006242526,1650.852925414037,0.9814762591287626,1650.8126485958885,0.995764558796662
1650.8709805386268,0.9968327388483678,1650.8709805386268,0.9952737361046592,1650.8543142697388,0.997438271049821,1650.8140374515904,0.992059053325493
1650.8723693943296,1.004502843769047,1650.8723693943296,0.9952742931498564,1650.855703125441,1.002612674379449,1650.8154263072918,0.9999374369475014
1650.8737582500314,1.0009301538918733,1650.8737582500314,0.9952799207616821,1650.857091981143,0.992652842957186,1650.8168151629932,0.9965517173127628
1650.8751471057328,0.9899183521948315,1650.8751471057328,0.995333402206671,1650.8584808368453,0.9769394481732234,1650.8182040191616,0.9814166219961882
1650.8765359614351,1.0104868944923961,1650.8765359614351,0.9952290953581243,1650.859869692547,0.9825195216947066,1650.819592874864,0.9985267993181228
1650.8779248171363,0.9979310049418931,1650.8779248171363,0.995194845073941,1650.861258548248,0.9714868242813832,1650.820981730565,0.9812953684322672
1650.8793136728384,1.0193427599436642,1650.8793136728384,0.9950942164112538,1650.86264740395,0.9844957224341554,1650.8223705862672,0.994447120322519
1650.8807025285412,1.0017856611135718,1650.8807025285412,0.9950874714599309,1650.8640362596527,0.9806935755490166,1650.8237594424347,0.9986981377466304
1650.8820913842435,0.9895422411821024,1650.8820913842435,0.9950492948144841,1650.865425115355,0.9804632023832134,1650.825148298137,0.9981874786633744
1650.883480239945,1.0022546175228295,1650.883480239945,0.995007993942043,1650.866813971522,0.9869286248511976,1650.826537153839,0.9990718809887236
1650.884869095646,1.0034981526711213,1650.884869095646,0.9949272896101895,1650.868202827224,0.9871572768876336,1650.8279260095412,0.9894402689367904
1650.8862579513482,0.9796664497959172,1650.8862579513482,0.9948540462650485,1650.8695916829254,0.9682301032927184,1650.8293148657085,0.9701249806695658
1650.88764680705,0.9900304337050615,1650.88764680705,0.9948406927565666,1650.8709805386268,0.992121444265055,1650.8307037214097,0.9906938535114094
1650.8890356627523,1.0090150293078004,1650.8890356627523,0.9948441823699872,1650.8723693943296,0.999755857799259,1650.8320925771116,0.9783069715119528
1650.8904245184542,0.9986241893576245,1650.8904245184542,0.9948129785798082,1650.8737582500314,0.996205684253482,1650.833481432814,0.98785906738712
1650.8918133741556,0.9894775356353123,1650.8918133741556,0.9947226445236437,1650.8751471057328,0.9852988013969032,1650.8348702885155,0.9994913202155165
1650.893202229857,0.9880683471524321,1650.893202229857,0.994688219350613,1650.8765359614351,1.0056659578769078,1650.8362591446837,1.012139727822323
1650.8945910855598,0.9836857520865782,1650.8945910855598,0.9945885278049695,1650.8779248171363,0.9931357918576296,1650.837648000385,0.9995791838697132
1650.895979941262,1.0042083612736135,1650.895979941262,0.9945383199668606,1650.8793136728384,1.0143420849606253,1650.839036856086,1.001773107474116
1650.8973687969635,1.004078050978432,1650.8973687969635,0.99453248944487,1650.8807025285412,0.9968643604623194,1650.8404257117888,0.9940824990660722
1650.8987576526654,0.9912019313271148,1650.8987576526654,0.9945003664313407,1650.8820913842435,0.9846433092773952,1650.8418145674912,0.9834376581556532
1650.9001465079011,0.9887908156482355,1650.9001465079011,0.9944096568020859,1650.883480239945,0.9972513564005402,1650.8432034236582,1.007436225487568
1650.9015353636023,0.9748030692416799,1650.9015353636023,0.994459961465099,1650.884869095646,0.9984076971659108,1650.84459227936,0.9952521785840388
1650.9029242193053,0.9808217260490686,1650.9029242193053,0.9944477659411464,1650.8862579513482,0.9746251315695832,1650.8459811350624,1.0027474388089028
1650.904313075008,0.9953212885890703,1650.904313075008,0.9944267176085726,1650.88764680705,0.9849225625172274,1650.8473699907638,1.0142763378187971
1650.9057019307097,0.9882461245888201,1650.9057019307097,0.9944233350779595,1650.8890356627523,1.0038127318307473,1650.8487588464657,1.001625176405003
1650.907090786411,1.014491907600505,1650.907090786411,0.9944981968135068,1650.8904245184542,0.9934443042967048,1650.8501477021684,1.0116174511158382
1650.9084796421128,1.0240392260390538,1650.9084796421128,0.9945341558502505,1650.8918133741556,0.9842557109438956,1650.8515365578698,0.9869208797690452
1650.909868497815,0.9977650407204354,1650.909868497815,0.9946188971329051,1650.893202229857,0.982819944825756,1650.852925414037,0.9814762591287626
1650.911257353517,0.9731915060865196,1650.911257353517,0.9946222307012587,1650.8945910855598,0.978362563990514,1650.8543142697388,0.997438271049821
1650.9126462092192,0.9812386525120588,1650.9126462092192,0.9945951137258664,1650.895979941262,0.9987236965177336,1650.855703125441,1.002612674379449
1650.914035064455,0.9933735571339886,1650.914035064455,0.9946528265532512,1650.8973687969635,0.998588243636533,1650.857091981143,0.992652842957186
1650.9154239201562,1.017548337286822,1650.9154239201562,0.9946267337432783,1650.8987576526654,0.9857506839122682,1650.8584808368453,0.9769394481732234
1650.9168127758585,0.989231709831611,1650.9168127758585,0.994627690433938,1650.9001465079011,0.9832631356378164,1650.859869692547,0.9825195216947066
1650.91820163156,0.9976731101362306,1650.91820163156,0.9946299820811838,1650.9015353636023,0.9694026226741412,1650.861258548248,0.9714868242813832
1650.9195904872624,0.9961890687813483,1650.9195904872624,0.9946259535556183,1650.9029242193053,0.9753759742560354,1650.86264740395,0.9844957224341554
1650.9209793429643,0.984574971496127,1650.9209793429643,0.9946409654399103,1650.904313075008,0.989774081977564,1650.8640362596527,0.9806935755490166
1650.9223681986666,0.9766429169001896,1650.9223681986666,0.994647284580658,1650.9057019307097,0.9827350070914832,1650.865425115355,0.9804632023832134
1650.9237570539024,0.9922198343237854,1650.9237570539024,0.9946350372219217,1650.907090786411,1.008910372790597,1650.866813971522,0.9869286248511976
1650.9251459096042,0.9952940825203122,1650.9251459096042,0.9946611526367859,1650.9084796421128,1.0184419872262942,1650.868202827224,0.9871572768876336
1650.926534765307,0.9815672402711071,1650.926534765307,0.9946614254105552,1650.909868497815,0.9923959643991276,1650.8695916829254,0.9682301032927184
1650.9279236210084,0.9983017172483103,1650.9279236210084,0.9946849482180613,1650.911257353517,0.9679579066832916,1650.8709805386268,0.992121444265055
1650.9293124767098,0.9920997180913063,1650.9293124767098,0.994713217178892,1650.9126462092192,0.975935169187447,1650.8723693943296,0.999755857799259
1650.9307013319465,0.9896861147947447,1650.9307013319465,0.9946606505956008,1650.914035064455,0.9880618164265792,1650.8737582500314,0.996205684253482
1650.9320901876476,0.9895602224291461,1650.9320901876476,0.9946337867147419,1650.9154239201562,1.0120807791414954,1650.8751471057328,0.9852988013969032
1650.9334790433495,1.0061903197023296,1650.9334790433495,0.9946110078058815,1650.9168127758585,0.9839172508538307,1650.8765359614351,1.0056659578769078
1650.9348678990525,1.0000795585211602,1650.9348678990525,0.9946382917380618,1650.91820163156,0.992315587657678,1650.8779248171363,0.9931357918576296
1650.936256754754,0.989839491065902,1650.936256754754,0.9945819910474414,1650.9195904872624,0.990835502458332,1650.8793136728384,1.0143420849606253
1650.9376456099897,1.0062309787458237,1650.9376456099897,0.9945249776586329,1650.9209793429643,0.97929860019688,1650.8807025285412,0.9968643604623194
1650.9390344656915,1.0077739860024602,1650.9390344656915,0.9945531569144369,1650.9223681986666,0.9714152252997068,1650.8820913842435,0.9846433092773952
1650.9404233213938,1.0047662917629145,1650.9404233213938,0.9945646227922136,1650.9237570539024,0.9868966118449672,1650.883480239945,0.9972513564005402
1650.9418121770957,1.0040464332815613,1650.9418121770957,0.9945541223545985,1650.9251459096042,0.989980359332226,1650.884869095646,0.9984076971659108
1650.9432010323324,0.990785650936107,1650.9432010323324,0.9945559278656513,1650.926534765307,0.9763270703443644,1650.8862579513482,0.9746251315695832
1650.9445898880342,0.9903188539909622,1650.9445898880342,0.9945630343167416,1650.9279236210084,0.9929956919271372,1650.88764680705,0.9849225625172274
1650.9459787437356,0.9903813388201825,1650.9459787437356,0.994489424125358,1650.9293124767098,0.9868547023448752,1650.8890356627523,1.0038127318307473
1650.947367599437,0.9904783829041458,1650.947367599437,0.9944909476339113,1650.9307013319465,0.9844018348271732,1650.8904245184542,0.9934443042967048
1650.948756454674,0.9898742314293766,1650.948756454674,0.9944870990904017,1650.9320901876476,0.9842500312169838,1650.8918133741556,0.9842557109438956
1650.950145310376,0.9986695711433494,1650.950145310376,0.9944819424648236,1650.9334790433495,1.0007679679236563,1650.893202229857,0.982819944825756
1650.9515341660774,0.9823329053641837,1650.9515341660774,0.9945303921693447,1650.9348678990525,0.9947174236896418,1650.8945910855598,0.978362563990514
1650.9529230217795,0.9902295612231551,1650.9529230217795,0.9945422608658168,1650.936256754754,0.9844765318417108,1650.895979941262,0.9987236965177336
1650.9543118770157,0.9850095313387125,1650.9543118770157,0.9944829512003467,1650.9376456099897,1.0007218416566146,1650.8973687969635,0.998588243636533
1650.955700732717,0.9902483552538173,1650.955700732717,0.9944849738059998,1650.9390344656915,1.0022847992349924,1650.8987576526654,0.9857506839122682
1650.95708958842,0.9843673167202285,1650.95708958842,0.9944738189469281,1650.9404233213938,0.9993050079615142,1650.9001465079011,0.9832631356378164
1650.9584784436558,0.9912329409354894,1650.9584784436558,0.9944871390315362,1650.9418121770957,0.998578519255608,1650.9015353636023,0.9694026226741412
1650.9598672993573,0.9902010113183505,1650.9598672993573,0.9944591721489803,1650.9432010323324,0.9853917423827332,1650.9029242193053,0.9753759742560354
1650.9612561550596,0.9925202614307431,1650.9612561550596,0.994500703704276,1650.9445898880342,0.9849345243663296,1650.904313075008,0.989774081977564
1650.9626450102958,0.9913107113026232,1650.9626450102958,0.9945389016017403,1650.9459787437356,0.9849237673077844,1650.9057019307097,0.9827350070914832
1650.964033865998,0.9751036727486333,1650.964033865998,0.9945752433268817,1650.947367599437,0.985021785625248,1650.907090786411,1.008910372790597
1650.9654227217,0.981484081481878,1650.9654227217,0.9945293065850621,1650.948756454674,0.9844171528785416,1650.9084796421128,1.0184419872262942
1650.9668115769362,0.9935856879491869,1650.9668115769362,0.9945870154498285,1650.950145310376,0.9931588549911504,1650.909868497815,0.9923959643991276
1650.9682004326376,1.0139778332014575,1650.9682004326376,0.9945454542935568,1650.9515341660774,0.9769599296126934,1650.911257353517,0.9679579066832916
1650.969589288339,0.9803466364022967,1650.969589288339,0.9944753312497959,1650.9529230217795,0.9848251465950424,1650.9126462092192,0.975935169187447
1650.970978143576,0.9926436219606816,1650.970978143576,0.99452830711237,1650.9543118770157,0.9795751856861932,1650.914035064455,0.9880618164265792
1650.9723669992784,0.9890512460997455,1650.9723669992784,0.9945806857299172,1650.955700732717,0.9847871096360268,1650.9154239201562,1.0120807791414954
1650.973755854514,1.0130790225169424,1650.973755854514,0.9945055689583108,1650.95708958842,0.978927524705306,1650.9168127758585,0.9839172508538307
1650.975144710216,1.007640599780282,1650.975144710216,0.9945017046607052,1650.9584784436558,0.9857684115447506,1650.91820163156,0.992315587657678
1650.9765335659174,0.973809087824662,1650.9765335659174,0.9945832699255888,1650.9598672993573,0.9847144779767298,1650.9195904872624,0.990835502458332
1650.9779224211532,0.9863417701611347,1650.9779224211532,0.9946566993115555,1650.9612561550596,0.987062098433626,1650.9209793429643,0.97929860019688
1650.979311276856,0.9919867728646584,1650.979311276856,0.9946736164618634,1650.9626450102958,0.9858970659649507,1650.9223681986666,0.9714152252997068
1650.980700132093,0.987978605429394,1650.980700132093,0.9947653307891405,1650.964033865998,0.969813972592908,1650.9237570539024,0.9868966118449672
1650.9820889877944,1.0010967374225348,1650.9820889877944,0.9948051851186036,1650.9654227217,0.9761146829804488,1650.9251459096042,0.989980359332226
1650.9834778434958,0.9916722413002547,1650.9834778434958,0.9947882930416166,1650.9668115769362,0.9882074239710464,1650.926534765307,0.9763270703443644
1650.984866698732,0.9940114887035599,1650.984866698732,0.9947903678515017,1650.9682004326376,1.0084470447649398,1650.9279236210084,0.9929956919271372
1650.9862555544344,1.0006294472877695,1650.9862555544344,0.9948221991968054,1650.969589288339,0.9749305459757972,1650.9293124767098,0.9868547023448752
1650.9876444096706,0.994555608656508,1650.9876444096706,0.9948684256610703,1650.970978143576,0.987212180914448,1650.9307013319465,0.9844018348271732
1650.9890332653729,0.9827371562703061,1650.9890332653729,0.9947826922800612,1650.9723669992784,0.983691266567914,1650.9320901876476,0.9842500312169838
1650.9904221206086,0.9772692443790886,1650.9904221206086,0.9947041576759728,1650.973755854514,1.0075127296879411,1650.9334790433495,1.0007679679236563
1650.99181097631,0.9936356449659672,1650.99181097631,0.9947171545552707,1650.975144710216,1.0021002941668258,1650.9348678990525,0.9947174236896418
1650.9931998315462,0.9836363595721173,1650.9931998315462,0.9946924504266037,1650.9765335659174,0.9685342268519072,1650.936256754754,0.9844765318417108
1650.9945886872486,0.9866073502750622,1650.9945886872486,0.9946207955180069,1650.9779224211532,0.9810714495015912,1650.9376456099897,1.0007218416566146
1650.9959775429504,0.9877008749614443,1650.9959775429504,0.9946306666149175,1650.979311276856,0.9867030708476228,1650.9390344656915,1.0022847992349924
1650.9973663981866,1.0028552892158726,1650.9973663981866,0.9946104185533018,1650.980700132093,0.9828068642425648,1650.9404233213938,0.9993050079615142
1650.998755253888,1.0109259248615896,1650.998755253888,0.9945815121415685,1650.9820889877944,0.9958962251932548,1650.9418121770957,0.998578519255608
1651.0001441091238,0.9747253452961177,1651.0001441091238,0.9945992065299585,1650.9834778434958,0.9865039361798346,1650.9432010323324,0.9853917423827332
1651.0015329648263,0.9844553627279405,1651.0015329648263,0.9946035900255819,1650.984866698732,0.9888330544960332,1650.9445898880342,0.9849345243663296
1651.0029218200636,0.9924260538764259,1651.0029218200636,0.9946074214765032,1650.9862555544344,0.9954483873319028,1650.9459787437356,0.9849237673077844
1651.004310675765,0.9946801567872656,1651.004310675765,0.9945932283402882,1650.9876444096706,0.9894519726164877,1650.947367599437,0.985021785625248
1651.0056995310008,1.0081804580165312,1651.0056995310008,0.9945918591561111,1650.9890332653729,0.9776099141182264,1650.948756454674,0.9844171528785416
1651.0070883867031,0.9846259876139184,1651.0070883867031,0.9946318194965662,1650.9904221206086,0.9720937805527357,1650.950145310376,0.9931588549911504
1651.0084772419389,0.98329828752369,1651.0084772419389,0.9946343068705714,1650.99181097631,0.988386421425238,1650.9515341660774,0.9769599296126934
1651.009866097175,0.9966657163174829,1651.009866097175,0.9946231032625413,1650.9931998315462,0.9784156608314932,1650.9529230217795,0.9848251465950424
1651.0112549528778,0.9990539058979812,1651.0112549528778,0.9946586603322828,1650.9945886872486,0.9813001875944952,1650.9543118770157,0.9795751856861932
1651.0126438081136,1.0096876494025373,1651.0126438081136,0.9946826927272665,1650.9959775429504,0.9823975796790386,1650.955700732717,0.9847871096360268
1651.014032663815,1.0064470894584125,1651.014032663815,0.9946523362044419,1650.9973663981866,0.9974503189553916,1650.95708958842,0.978927524705306
1651.0154215190512,0.9928256683899314,1651.0154215190512,0.9947542034061754,1650.998755253888,1.0054482350119536,1650.9584784436558,0.9857684115447506
1651.0168103747535,0.9862813763217896,1651.0168103747535,0.9947259823371756,1651.0001441091238,0.9694610550161584,1650.9598672993573,0.9847144779767298
1651.0181992299897,0.9944975770609318,1651.0181992299897,0.994636594661982,1651.0015329648263,0.979142837989146,1650.9612561550596,0.987062098433626
1651.019588085692,0.9922235407489777,1651.019588085692,0.9946302810175124,1651.0029218200636,0.9870743184521332,1650.9626450102958,0.9858970659649507
1651.0209769409282,0.9938492028767462,1651.0209769409282,0.9946040266272292,1651.004310675765,0.9893021483050706,1650.964033865998,0.969813972592908
1651.022365796164,0.9920831926394807,1651.022365796164,0.9945709596451833,1651.0056995310008,1.0027280761035215,1650.9654227217,0.9761146829804488
1651.0237546518654,0.997089898355166,1651.0237546518654,0.9946027683691082,1651.0070883867031,0.9793403375840352,1650.9668115769362,0.9882074239710464
1651.0251435071025,1.0066629831040965,1651.0251435071025,0.9946607713610142,1651.0084772419389,0.9780222106581452,1650.9682004326376,1.0084470447649398
1651.0265323628048,0.9792552771355911,1651.0265323628048,0.9946189117459975,1651.009866097175,0.9913067476790786,1650.969589288339,0.9749305459757972
1651.0279212180403,1.0092981686704268,1651.0279212180403,0.9947155029157376,1651.0112549528778,0.9937176196402204,1650.970978143576,0.987212180914448
1651.0293100732767,1.0063276165171882,1651.0293100732767,0.9947510965650056,1651.0126438081136,1.00431882992118,1650.9723669992784,0.983691266567914
1651.0306989289782,0.9788560883224908,1651.0306989289782,0.994699857460239,1651.014032663815,1.001064948795971,1650.973755854514,1.0075127296879411
1651.032087784214,0.9997733568473267,1651.032087784214,0.9947015636507116,1651.0154215190512,0.9876175068804298,1650.975144710216,1.0021002941668258
1651.033476639451,0.9898603019493127,1651.033476639451,0.9947331311838166,1651.0168103747535,0.9810797109225536,1650.9765335659174,0.9685342268519072
1651.0348654951529,0.977731331672921,1651.0348654951529,0.9947327501905472,1651.0181992299897,0.9891636834474772,1650.9779224211532,0.9810714495015912
1651.0362543503886,0.9854482610612634,1651.0362543503886,0.9947883315506711,1651.019588085692,0.9868955791673468,1650.979311276856,0.9867030708476228
1651.037643206091,1.0115196065679997,1651.037643206091,0.9947874510958754,1651.0209769409282,0.9884864190414738,1650.980700132093,0.9828068642425648
1651.039032061327,1.0008598696973496,1651.039032061327,0.9949041656341698,1651.022365796164,0.9866971329513056,1650.9820889877944,0.9958962251932548
1651.0404209165629,0.9879551525399577,1651.0404209165629,0.9950083644577266,1651.0237546518654,0.9917083732169208,1650.9834778434958,0.9865039361798346
1651.0418097722657,0.9832350563611603,1651.0418097722657,0.9950680591656941,1651.0251435071025,1.0012881792749002,1650.984866698732,0.9888330544960332
1651.0431986275023,1.0072514799959766,1651.0431986275023,0.9950796699162684,1651.0265323628048,0.9739858180661268,1650.9862555544344,0.9954483873319028
1651.0445874827378,0.9946572772599832,1651.0445874827378,0.9951879950929134,1651.0279212180403,1.0039645354409366,1650.9876444096706,0.9894519726164877
1651.0459763379731,1.0116501349797928,1651.0459763379731,0.9952634883789161,1651.0293100732767,1.0010455000341214,1650.9890332653729,0.9776099141182264
1651.0473651936757,0.9956849427728509,1651.0473651936757,0.9953205523963585,1651.0306989289782,0.9736680115284688,1650.9904221206086,0.9720937805527357
1651.048754048912,0.9851170985858813,1651.048754048912,0.9953929390880433,1651.032087784214,0.9944761213523567,1650.99181097631,0.988386421425238
1651.0501429041483,1.0012831646609466,1651.0501429041483,0.9954660182520093,1651.033476639451,0.984646837592598,1650.9931998315462,0.9784156608314932
1651.0515317598504,0.998165020295015,1651.0515317598504,0.9954410520626992,1651.0348654951529,0.9725813765024708,1650.9945886872486,0.9813001875944952
1651.052920615086,0.9942603256017559,1651.052920615086,0.9955305289058975,1651.0362543503886,0.9803124314506444,1650.9959775429504,0.9823975796790386
1651.054309470322,0.9991728612053241,1651.054309470322,0.9955674015023945,1651.037643206091,1.0062470111512831,1650.9973663981866,0.9974503189553916
1651.055698325559,0.9975157307307302,1651.055698325559,0.9956305482363129,1651.039032061327,0.9957596535779656,1650.998755253888,1.0054482350119536
1651.0570871812613,1.0152418283798206,1651.0570871812613,0.9956393522438672,1651.0404209165629,0.983023640486367,1651.0001441091238,0.9694610550161584
1651.058476036497,0.9871188111964003,1651.058476036497,0.995636318578247,1651.0418097722657,0.9783857992369716,1651.0015329648263,0.979142837989146
1651.0598648917332,1.009654128160705,1651.0598648917332,0.9957205359602849,1651.0431986275023,1.0022954702370692,1651.0029218200636,0.9870743184521332
1651.0612537469694,1.0044731891148668,1651.0612537469694,0.9957155931463743,1651.0445874827378,0.9898709815609388,1651.004310675765,0.9893021483050706
1651.0626426026708,0.9860114750857912,1651.0626426026708,0.9957471959361686,1651.0459763379731,1.00685844235899,1651.0056995310008,1.0027280761035215
1651.0640314579075,0.9851057025249683,1651.0640314579075,0.9958090945513249,1651.0473651936757,0.9910256872534106,1651.0070883867031,0.9793403375840352
1651.0654203131446,1.001480952667086,1651.0654203131446,0.9958719537978997,1651.048754048912,0.980578604107286,1651.0084772419389,0.9780222106581452
1651.0668091683804,0.9962932774735997,1651.0668091683804,0.9958952215002779,1651.0501429041483,0.9967433650678036,1651.009866097175,0.9913067476790786
1651.0681980240818,0.9924618003305994,1651.0681980240818,0.9959058928595852,1651.0515317598504,0.9936144379346552,1651.0112549528778,0.9937176196402204
1651.069586879318,1.0031952727106968,1651.069586879318,0.9960342849682348,1651.052920615086,0.989816507816466,1651.0126438081136,1.00431882992118
1651.0709757345546,0.9897222418423592,1651.0709757345546,0.996096495778281,1651.054309470322,0.9947439290818972,1651.014032663815,1.001064948795971
1651.0723645897908,0.9968227217091827,1651.0723645897908,0.9961400525382742,1651.055698325559,0.9931571338617832,1651.0154215190512,0.9876175068804298
1651.0737534450277,0.9855166942893641,1651.0737534450277,0.9961869486937383,1651.0570871812613,1.010814716378964,1651.0168103747535,0.9810797109225536
1651.0751423007289,0.9850003630250618,1651.0751423007289,0.9962363140155739,1651.058476036497,0.9828113391789196,1651.0181992299897,0.9891636834474772
1651.0765311559642,0.998280959053338,1651.0765311559642,0.9962881767438119,1651.0598648917332,1.0053333496266914,1651.019588085692,0.9868955791673468
1651.0779200112008,0.987164349240195,1651.0779200112008,0.9963391394175632,1651.0612537469694,1.00016961729914,1651.0209769409282,0.9884864190414738
1651.079308866437,0.9903815177625971,1651.079308866437,0.9964129517382477,1651.0626426026708,0.981818161477562,1651.022365796164,0.9866971329513056
1651.0806977216737,0.9922520700733217,1651.0806977216737,0.9965238456016238,1651.0640314579075,0.9809772176687356,1651.0237546518654,0.9917083732169208
1651.08208657691,0.9975361425753254,1651.08208657691,0.9966127077000015,1651.0654203131446,0.9973467930239528,1651.0251435071025,1.0012881792749002
1651.0834754326122,1.0005320132379356,1651.0834754326122,0.9966888335713423,1651.0668091683804,0.9922037142488084,1651.0265323628048,0.9739858180661268
1651.084864287848,0.9847255935322206,1651.084864287848,0.9967764693190712,1651.0681980240818,0.988398555387277,1651.0279212180403,1.0039645354409366
1651.086253143084,0.99307222439297,1651.086253143084,0.9968295455863239,1651.069586879318,0.9992168861379122,1651.0293100732767,1.0010455000341214
1651.0876419983213,0.9810480093693915,1651.0876419983213,0.9968281173873036,1651.0709757345546,0.9858588568929983,1651.0306989289782,0.9736680115284688
1651.089030853557,0.9869785791670782,1651.089030853557,0.996886337642701,1651.0723645897908,0.9929750383747308,1651.032087784214,0.9944761213523567
1651.0904197087928,1.0093229289850738,1651.0904197087928,0.9969067936423762,1651.0737534450277,0.9817588685708613,1651.033476639451,0.984646837592598
1651.091808564029,1.000646341206369,1651.091808564029,0.9969956740813977,1651.0751423007289,0.9812931309640898,1651.0348654951529,0.9725813765024708
1651.0931974192647,0.9999060161027634,1651.0931974192647,0.997082679944635,1651.0765311559642,0.994575516573314,1651.0362543503886,0.9803124314506444
1651.094586274967,0.9935204389760044,1651.094586274967,0.9971126239933421,1651.0779200112008,0.9835504781856748,1651.037643206091,1.0062470111512831
1651.095975130204,0.9833336418911764,1651.095975130204,0.9971761262382465,1651.079308866437,0.9868289714608351,1651.039032061327,0.9957596535779656
1651.09736398544,1.0035684893542849,1651.09736398544,0.9972057493947698,1651.0806977216737,0.9888028486756384,1651.0404209165629,0.983023640486367
1651.0987528406756,0.9933097323516733,1651.0987528406756,0.9971794550438735,1651.08208657691,0.9941571960806098,1651.0418097722657,0.9783857992369716
1651.1001416959118,0.9821105003930259,1651.1001416959118,0.9972222258138262,1651.0834754326122,0.9972190852249048,1651.0431986275023,1.0022954702370692
1651.101530551149,0.9763341963008731,1651.101530551149,0.9972235305971192,1651.084864287848,0.9815513003691736,1651.0445874827378,0.9898709815609388
1651.1029194063856,0.9804037209569413,1651.1029194063856,0.9972957964010452,1651.086253143084,0.9899237341760442,1651.0459763379731,1.00685844235899
1651.104308261621,0.9968031761220083,1651.104308261621,0.9973451887687925,1651.0876419983213,0.9779362402462524,1651.0473651936757,0.9910256872534106
1651.1056971168575,1.0033850107770717,1651.1056971168575,0.9974229190912491,1651.089030853557,0.9839054611176652,1651.048754048912,0.980578604107286
1651.1070859720933,1.0109327935683954,1651.1070859720933,0.9974270648972833,1651.0904197087928,1.0062008848842416,1651.0501429041483,0.9967433650678036
1651.108474827329,0.9859169055361303,1651.108474827329,0.9974734675445903,1651.091808564029,0.9976400734681282,1651.0515317598504,0.9936144379346552
1651.109863682566,1.014403543429943,1651.109863682566,0.9976046825242024,1651.0931974192647,0.9969889702285066,1651.052920615086,0.989816507816466
1651.1112525378023,1.0030518287247248,1651.1112525378023,0.9976636322605358,1651.094586274967,0.9906517718983808,1651.054309470322,0.9947439290818972
1651.112641393038,1.0042882047583708,1651.112641393038,0.9977794439380292,1651.095975130204,0.9805568318207905,1651.055698325559,0.9931571338617832
1651.1140302482747,0.9991620995456274,1651.1140302482747,0.9978737109689582,1651.09736398544,1.0007642674955166,1651.0570871812613,1.010814716378964
1651.1154191035105,0.9976612166746193,1651.1154191035105,0.9979616590430384,1651.0987528406756,0.9905080575962174,1651.058476036497,0.9828113391789196
1651.116807958747,1.0081750750683698,1651.116807958747,0.9980317457786185,1651.1001416959118,0.979382419197064,1651.0598648917332,1.0053333496266914
1651.1181968139838,0.987199790972468,1651.1181968139838,0.9981386078327947,1651.101530551149,0.9736234342778576,1651.0612537469694,1.00016961729914
1651.1195856692204,1.0086561354422863,1651.1195856692204,0.9982376135298195,1651.1029194063856,0.9777525096863008,1651.0626426026708,0.981818161477562
1651.1209745244562,1.0038173521123037,1651.1209745244562,0.9983294215549346,1651.104308261621,0.9941568518547363,1651.0640314579075,0.9809772176687356
1651.1223633796917,1.0050773499510053,1651.1223633796917,0.9984179489432551,1651.1056971168575,1.0007992064216713,1651.0654203131446,0.9973467930239528
1651.123752234928,1.0024929909520246,1651.123752234928,0.9984798805821468,1651.1070859720933,1.0083317290973357,1651.0668091683804,0.9922037142488084
1651.1251410901643,1.0151635132475798,1651.1251410901643,0.9985527697704483,1651.108474827329,0.9834259544759562,1651.0681980240818,0.988398555387277
1651.126529945401,0.9826777836353782,1651.126529945401,0.9986651139728289,1651.109863682566,1.0119737248948542,1651.069586879318,0.9992168861379122
1651.1279188006372,1.0025039475348756,1651.1279188006372,0.9987093242511123,1651.1112525378023,1.0007083307910818,1651.0709757345546,0.9858588568929983
1651.129307655873,0.9881605144383363,1651.129307655873,0.9987246118385794,1651.112641393038,1.0020581264973287,1651.0723645897908,0.9929750383747308
1651.130696511109,1.0107376294966586,1651.130696511109,0.9986924510779036,1651.1140302482747,0.9970375921331308,1651.0737534450277,0.9817588685708613
1651.1320853663458,0.9991338442448219,1651.1320853663458,0.9987346458306295,1651.1154191035105,0.9956276429554992,1651.0751423007289,0.9812931309640898
1651.1334742215824,1.0001440110557125,1651.1334742215824,0.9987883747722889,1651.116807958747,1.006190730220975,1651.0765311559642,0.994575516573314
1651.1348630768182,0.9909781763536679,1651.1348630768182,0.9988613627314198,1651.1181968139838,0.9853622250140852,1651.0779200112008,0.9835504781856748
1651.1362519320544,0.9816205838749336,1651.1362519320544,0.9989364943201385,1651.1195856692204,1.0068784935161184,1651.079308866437,0.9868289714608351
1651.13764078729,1.0047160482896946,1651.13764078729,0.9990623799915274,1651.1209745244562,1.0021403964810822,1651.0806977216737,0.9888028486756384
1651.1390296420602,1.0228679591353251,1651.1390296420602,0.9991586730616906,1651.1223633796917,1.0034872662674048,1651.08208657691,0.9941571960806098
1651.140418497297,0.999075961161117,1651.140418497297,0.9991931279613773,1651.123752234928,1.0009690818902166,1651.0834754326122,0.9972190852249048
1651.1418073525344,0.9874180529971883,1651.1418073525344,0.9992140287087656,1651.1251410901643,1.01369433792327,1651.084864287848,0.9815513003691736
1651.1431962077702,0.9954219132148545,1651.1431962077702,0.9993373985041197,1651.126529945401,0.9813660207927918,1651.086253143084,0.9899237341760442
1651.144585063006,0.9847931930188769,1651.144585063006,0.9994231091545462,1651.1279188006372,1.0012100400016282,1651.0876419983213,0.9779362402462524
1651.145973918242,0.9961832243978483,1651.145973918242,0.9995318723772525,1651.129307655873,0.9869002262166384,1651.089030853557,0.9839054611176652
1651.1473627734788,1.0089795313979595,1651.1473627734788,0.9995514872603161,1651.130696511109,1.009416040598688,1651.0904197087928,1.0062008848842416
1651.148751628715,0.9996307779046463,1651.148751628715,0.9996258142204598,1651.1320853663458,0.9978695860692476,1651.091808564029,0.9976400734681282
1651.150140483486,0.9857615250259484,1651.150140483486,0.9996745495694721,1651.1334742215824,0.9989322113405732,1651.0931974192647,0.9969889702285066
1651.1515293387215,1.0200527694345218,1651.1515293387215,0.9997375636687292,1651.1348630768182,0.989849811669722,1651.094586274967,0.9906517718983808
1651.1529181939577,1.0050696026913164,1651.1529181939577,0.9998594775880644,1651.1362519320544,0.9805766248085136,1651.095975130204,0.9805568318207905
1651.1543070491937,0.9960077970053385,1651.1543070491937,0.9999433642828564,1651.13764078729,1.0037740064199847,1651.09736398544,1.0007642674955166
1651.15569590443,1.0185948587800457,1651.15569590443,0.9999691281802351,1651.1390296420602,1.022007392766971,1651.0987528406756,0.9905080575962174
1651.1570847596663,1.0109260468727355,1651.1570847596663,1.0000881320857424,1651.140418497297,0.998269834703596,1651.1001416959118,0.979382419197064
1651.158473614437,1.0173488933142518,1651.158473614437,1.0000856085827305,1651.1418073525344,0.986641970755086,1651.101530551149,0.9736234342778576
1651.1598624696735,1.0117588025819655,1651.1598624696735,1.0000303189001654,1651.1431962077702,0.9947623451661264,1651.1029194063856,0.9777525096863008
1651.1612513249097,1.0076487479344824,1651.1612513249097,1.000055634258422,1651.144585063006,0.9842250748411592,1651.104308261621,0.9941568518547363
1651.1626401801457,1.0009879378101065,1651.1626401801457,1.000087681420619,1651.145973918242,0.99571688351319,1651.1056971168575,1.0007992064216713
1651.1640290353828,1.0113560689002685,1651.1640290353828,1.0002137749268816,1651.1473627734788,1.008526991224047,1651.1070859720933,1.0083317290973357
1651.1654178901529,1.001811185065962,1651.1654178901529,1.0003239775824697,1651.148751628715,0.9992567302827636,1651.108474827329,0.9834259544759562
1651.1668067453886,1.0033267198001143,1651.1668067453886,1.0003361880498625,1651.150140483486,0.9854407085132308,1651.109863682566,1.0119737248948542
1651.1681956006253,1.0143852231463164,1651.1681956006253,1.0004309437423364,1651.1515293387215,1.019785070528009,1651.1112525378023,1.0007083307910818
1651.1695844558608,1.0091701717740937,1651.1695844558608,1.0005091794044685,1651.1529181939577,1.004928367886583,1651.112641393038,1.0020581264973287
1651.1709733106316,1.0051242612838747,1651.1709733106316,1.0005906480649118,1651.1543070491937,0.9959513873894744,1651.1140302482747,0.9970375921331308
1651.172362165869,1.0029600048461218,1651.172362165869,1.000668051666125,1651.15569590443,1.018563412903152,1651.1154191035105,0.9956276429554992
1651.1737510211044,1.002870252562351,1651.1737510211044,1.0007292895064315,1651.1570847596663,1.0110151418937776,1651.116807958747,1.006190730220975
1651.1751398763402,1.009437474658268,1651.1751398763402,1.0008047720465774,1651.158473614437,1.017435987111151,1651.1181968139838,0.9853622250140852
1651.1765287311107,0.9990858953767878,1651.1765287311107,1.0008435348900835,1651.1598624696735,1.0117894779960923,1651.1195856692204,1.0068784935161184
1651.1779175863464,1.0090532479840226,1651.1779175863464,1.000966847614648,1651.1612513249097,1.0077048077253237,1651.1209745244562,1.0021403964810822
1651.179306441583,1.0298470756075289,1651.179306441583,1.0010445057821518,1651.1626401801457,1.001075705854516,1651.1223633796917,1.0034872662674048
1651.1806952968202,0.9927592869488322,1651.1806952968202,1.0011562874367221,1651.1640290353828,1.0115722714699489,1651.123752234928,1.0009690818902166
1651.1820841515907,0.9943701962686472,1651.1820841515907,1.0012459590510692,1651.1654178901529,1.0021357494317906,1651.1251410901643,1.01369433792327
1651.1834730068265,1.0012531808591263,1651.1834730068265,1.001327022305696,1651.1668067453886,1.0036640262534189,1651.126529945401,0.9813660207927918
1651.1848618620622,1.010900158782781,1651.1848618620622,1.0012783019044482,1651.1681956006253,1.0148223661105498,1651.1279188006372,1.0012100400016282
1651.1862507168337,0.9916962188827212,1651.1862507168337,1.0012989861436723,1651.1695844558608,1.009684020441165,1651.129307655873,0.9869002262166384
1651.18763957207,0.9931220897663923,1651.18763957207,1.0013755403344784,1651.1709733106316,1.005717935983798,1651.130696511109,1.009416040598688
1651.1890284273056,1.0074686032599989,1651.1890284273056,1.001427408355759,1651.172362165869,1.003630033948416,1651.1320853663458,0.9978695860692476
1651.1904172820766,1.0040749918111915,1651.1904172820766,1.0013881539805969,1651.1737510211044,1.003601635313857,1651.1334742215824,0.9989322113405732
1651.1918061373124,0.997293270469838,1651.1918061373124,1.001400914090177,1651.1751398763402,1.0102498417206405,1651.1348630768182,0.989849811669722
1651.193194992548,1.0151117675030723,1651.193194992548,1.0014698416536878,1651.1765287311107,0.9999286591877284,1651.1362519320544,0.9805766248085136
1651.1945838473196,1.0019663391939537,1651.1945838473196,1.0015576223479619,1651.1779175863464,1.0100288487098887,1651.13764078729,1.0037740064199847
1651.1959727025558,0.9867151644582479,1651.1959727025558,1.001685560046984,1651.179306441583,1.030922756832733,1651.1390296420602,1.022007392766971
1651.1973615577915,1.0104832776183417,1651.1973615577915,1.001762497166601,1651.1806952968202,0.9939072020400204,1651.140418497297,0.998269834703596
1651.1987504125625,1.018169787031888,1651.1987504125625,1.0018449223305332,1651.1820841515907,0.9956091408148016,1651.1418073525344,0.986641970755086
1651.2001392677987,1.0194052926269614,1651.2001392677987,1.0018616874138941,1651.1834730068265,1.0025818661637755,1651.1431962077702,0.9947623451661264
1651.2015281230354,1.0211295880466211,1651.2015281230354,1.0018900805359052,1651.1848618620622,1.01219239438096,1651.144585063006,0.9842250748411592
1651.202916977806,1.0140431226025077,1651.202916977806,1.0019552849123279,1651.1862507168337,0.992984418529782,1651.145973918242,0.99571688351319
1651.204305833042,0.9937648713044324,1651.204305833042,1.0020590826871625,1651.18763957207,0.9944881692579274,1651.1473627734788,1.008526991224047
1651.2056946878122,1.006507851422279,1651.2056946878122,1.0021877721012555,1651.1890284273056,1.0089066723624571,1651.148751628715,0.9992567302827636
1651.207083543048,1.0041858644867443,1651.207083543048,1.0022403187161655,1651.1904172820766,1.005468802507892,1651.150140483486,0.9854407085132308
1651.2084723982846,1.0092305046371264,1651.2084723982846,1.0023044034663566,1651.1918061373124,0.9986903926644778,1651.1515293387215,1.019785070528009
1651.2098612530551,0.9980180663572709,1651.2098612530551,1.0024398565824957,1651.193194992548,1.016603821062097,1651.1529181939577,1.004928367886583
1651.2112501082918,1.0045472800934145,1651.2112501082918,1.002527374998839,1651.1945838473196,1.0035270243557877,1651.1543070491937,0.9959513873894744
1651.2126389630623,1.011498881988448,1651.2126389630623,1.0025234018653257,1651.1959727025558,0.988378332117212,1651.15569590443,1.018563412903152
1651.214027818298,0.9961215537028205,1651.214027818298,1.0025417788896531,1651.1973615577915,1.0122642515320417,1651.1570847596663,1.0110151418937776
1651.2154166735338,0.993344744518395,1651.2154166735338,1.0026267059643983,1651.1987504125625,1.0200482312082575,1651.158473614437,1.017435987111151
1651.2168055283053,1.012147376953794,1651.2168055283053,1.0027087783678175,1651.2001392677987,1.021303106629902,1651.1598624696735,1.0117894779960923
1651.2181943835417,0.9869514665043198,1651.2181943835417,1.002818690541656,1651.2015281230354,1.023059605205625,1651.1612513249097,1.0077048077253237
1651.2195832383115,0.9895700657543017,1651.2195832383115,1.0028302029300584,1651.202916977806,1.0160258658205823,1651.1626401801457,1.001075705854516
1651.2209720935482,1.0047041892726098,1651.2209720935482,1.0029091382682809,1651.204305833042,0.9958111153460456,1651.1640290353828,1.0115722714699489
1651.2223609483187,1.0297634472648547,1651.2223609483187,1.0029926533348865,1651.2056946878122,1.0087098612193153,1651.1654178901529,1.0021357494317906
1651.2237498035545,0.987980445957689,1651.2237498035545,1.0030254105069705,1651.207083543048,1.0064355608734628,1651.1668067453886,1.0036640262534189
1651.2251386583257,1.0064249994015941,1651.2251386583257,1.0029569827030331,1651.2084723982846,1.011556178910365,1651.1681956006253,1.0148223661105498
1651.2265275135626,0.9994113068055194,1651.2265275135626,1.0030032263768558,1651.2098612530551,1.0004530873059223,1651.1695844558608,1.009684020441165
1651.227916368333,1.007603432795527,1651.227916368333,1.003039296804176,1651.2112501082918,1.0070861477742743,1651.1709733106316,1.005717935983798
1651.2293052235684,1.0231148764166733,1651.2293052235684,1.0031649523506874,1651.2126389630623,1.0140513001540326,1651.172362165869,1.003630033948416
1651.230694078339,1.0053294200697362,1651.230694078339,1.0031770250814094,1651.214027818298,0.9986534744395508,1651.1737510211044,1.003601635313857
1651.2320829335756,1.0192568795298005,1651.2320829335756,1.0032662589748402,1651.2154166735338,0.9959539690835252,1651.1751398763402,1.0102498417206405
1651.2334717883462,0.9991020851338286,1651.2334717883462,1.003282216609753,1651.2168055283053,1.0148890598735296,1651.1765287311107,0.9999286591877284
1651.2348606435826,0.998536598057219,1651.2348606435826,1.003290807660529,1651.2181943835417,0.989733377268029,1651.1779175863464,1.0100288487098887
1651.2362494983524,1.0068037141929012,1651.2362494983524,1.003383350092314,1651.2195832383115,0.9923707498538976,1651.179306441583,1.030922756832733
1651.2376383535882,1.0043328079588023,1651.2376383535882,1.0034043223796143,1651.2209720935482,1.007627012677925,1651.1806952968202,0.9939072020400204
1651.2390272083592,0.9770382013257457,1651.2390272083592,1.0034536150101647,1651.2223609483187,1.032845172279456,1651.1820841515907,0.9956091408148016
1651.2404160635965,0.9785985797569319,1651.2404160635965,1.0035412324546795,1651.2237498035545,0.9909694923795708,1651.1834730068265,1.0025818661637755
1651.2418049183668,1.0062555171833532,1651.2418049183668,1.0035214462321274,1651.2251386583257,1.0094009807167248,1651.1848618620622,1.01219239438096
1651.243193773137,0.9984467143579652,1651.243193773137,1.0035704876336249,1651.2265275135626,1.0024127652034456,1651.1862507168337,0.992984418529782
1651.2445826283736,0.9882690137422213,1651.2445826283736,1.0035810217823797,1651.227916368333,1.010665838688699,1651.18763957207,0.9944881692579274
1651.2459714831436,0.9935991607910468,1651.2459714831436,1.0036331973958734,1651.2293052235684,1.0263529862498115,1651.1890284273056,1.0089066723624571
1651.2473603383798,0.9996382370005346,1651.2473603383798,1.00372817779858,1651.230694078339,1.0085233768523765,1651.1904172820766,1.005468802507892
1651.2487491931513,0.9914598732289686,1651.2487491931513,1.0037451171796647,1651.2320829335756,1.0225860364602324,1651.1918061373124,0.9986903926644778
1651.250138048387,1.0140059201603395,1651.250138048387,1.0036787930866653,1651.2334717883462,1.0023813545924938,1651.193194992548,1.016603821062097
1651.2515269031571,1.0052425141116788,1651.2515269031571,1.0037002659762742,1651.2348606435826,1.001822589943424,1651.1945838473196,1.0035270243557877
1651.2529157579277,1.0030982399357307,1651.2529157579277,1.0037795588282368,1651.2362494983524,1.0102100836322576,1651.1959727025558,0.988378332117212
1651.2543046131634,1.0251021506973435,1651.2543046131634,1.0038858435616729,1651.2376383535882,1.0077518806135173,1651.1973615577915,1.0122642515320417
1651.2556934679344,1.0078598515254966,1651.2556934679344,1.0038889909721724,1651.2390272083592,0.9804125151233486,1651.1987504125625,1.0200482312082575
1651.257082322706,1.0092576038965297,1651.257082322706,1.003900720675108,1651.2404160635965,0.9820640248076704,1651.2001392677987,1.021303106629902
1651.2584711779416,1.0091322417703597,1651.2584711779416,1.0039988262618498,1651.2418049183668,1.0097989918828958,1651.2015281230354,1.023059605205625
1651.2598600327117,1.022358088834643,1651.2598600327117,1.004042716684589,1651.243193773137,1.0020116560044137,1651.202916977806,1.0160258658205823
1651.261248887948,1.0057311174339496,1651.261248887948,1.0040741285648163,1651.2445826283736,0.9918080266072832,1651.204305833042,0.9958111153460456
1651.262637742719,1.0210186811043187,1651.262637742719,1.0041645261522367,1651.2459714831436,0.9972091026745749,1651.2056946878122,1.0087098612193153
1651.2640265974903,0.9986377713452634,1651.2640265974903,1.0041861083173338,1651.2473603383798,1.0033650660823317,1651.207083543048,1.0064355608734628
1651.265415452726,1.0090279013998644,1651.265415452726,1.0042173569478192,1651.2487491931513,0.9951730066331466,1651.2084723982846,1.011556178910365
1651.2668043074966,0.9966457198091855,1651.2668043074966,1.0043223703579953,1651.250138048387,1.0177362381292632,1651.2098612530551,1.0004530873059223
1651.2681931622667,0.9858994157477935,1651.2681931622667,1.004322875406274,1651.2515269031571,1.0089621787845504,1651.2112501082918,1.0070861477742743
1651.2695820175024,1.0202853566241834,1651.2695820175024,1.0043847455906278,1651.2529157579277,1.0068895087440686,1651.2126389630623,1.0140513001540326
1651.270970872274,0.9989342918835655,1651.270970872274,1.0044406700449773,1651.2543046131634,1.0290855372896877,1651.214027818298,0.9986534744395508
1651.2723597270444,0.9967258329180263,1651.2723597270444,1.004551690581239,1651.2556934679344,1.0117794093892942,1651.2154166735338,0.9959539690835252
1651.2737485818143,1.0090007515741615,1651.2737485818143,1.0045553410467627,1651.257082322706,1.013194435898559,1651.2168055283053,1.0148890598735296
1651.2751374370512,1.0070479093586167,1651.2751374370512,1.004559694072005,1651.2584711779416,1.0131675862804304,1651.2181943835417,0.989733377268029
1651.2765262918213,1.027364940232398,1651.2765262918213,1.0045833137026594,1651.2598600327117,1.0264911929379996,1651.2195832383115,0.9923707498538976
1651.2779151465918,1.005164484595841,1651.2779151465918,1.0045560734888894,1651.261248887948,1.009828595308012,1651.2209720935482,1.007627012677925
1651.279304001829,0.9965184952730068,1651.279304001829,1.0045053416219991,1651.262637742719,1.0252707401036998,1651.2223609483187,1.032845172279456
1651.2806928566,0.9929568272678938,1651.2806928566,1.0044919978640474,1651.2640265974903,1.0028181772258955,1651.2237498035545,0.9909694923795708
1651.2820817113698,1.0161815108007557,1651.2820817113698,1.004487632807285,1651.265415452726,1.0132833322303765,1651.2251386583257,1.0094009807167248
1651.2834705661396,1.0024881659460223,1651.2834705661396,1.0044762615847669,1651.2668043074966,1.0009535917259116,1651.2265275135626,1.0024127652034456
1651.2848594213765,1.007592780646783,1651.2848594213765,1.0044810824064738,1651.2681931622667,0.9901613360851896,1651.227916368333,1.010665838688699
1651.2862482761468,1.0193144776555507,1651.2862482761468,1.0044834689940798,1651.2695820175024,1.0247590483428235,1651.2293052235684,1.0263529862498115
1651.2876371309178,1.021401403145232,1651.2876371309178,1.0045430041389793,1651.270970872274,1.0033702294704334,1651.230694078339,1.0085233768523765
1651.2890259856883,1.020909833341803,1651.2890259856883,1.004482829063003,1651.2723597270444,1.0012626205037969,1651.2320829335756,1.0225860364602324
1651.2904148404584,1.0077658776349772,1651.2904148404584,1.0045808689042837,1651.2737485818143,1.0135970941140215,1651.2334717883462,1.0023813545924938
1651.2918036956942,0.9981152492255717,1651.2918036956942,1.004658525261972,1651.2751374370512,1.011639739741144,1651.2348606435826,1.001822589943424
1651.2931925504656,0.9999134916374539,1651.2931925504656,1.0046473008208006,1651.2765262918213,1.032073676040597,1651.2362494983524,1.0102100836322576
1651.2945814052366,1.0201497726724627,1651.2945814052366,1.0046965643406705,1651.2779151465918,1.0097440878560813,1651.2376383535882,1.0077518806135173
1651.2959702600067,0.9966234629463054,1651.2959702600067,1.0047200676745032,1651.279304001829,1.0010081515268523,1651.2390272083592,0.9804125151233486
1651.297359115243,1.0069794953243698,1651.297359115243,1.004709643465977,1651.2806928566,0.9974171872150724,1651.2404160635965,0.9820640248076704
1651.298747970013,1.0002635231444392,1651.298747970013,1.0047580808799697,1651.2820817113698,1.0207417602867814,1651.2418049183668,1.0097989918828958
1651.300136824783,1.0043165572731971,1651.300136824783,1.0047759488998989,1651.2834705661396,1.00697556521243,1651.243193773137,1.0020116560044137
1651.3015256795543,0.9746852384650112,1651.3015256795543,1.0047657606634215,1651.2848594213765,1.0121078869290294,1651.2445826283736,0.9918080266072832
1651.302914534326,1.0031808763566064,1651.302914534326,1.004805711922071,1651.2862482761468,1.023884542511336,1651.2459714831436,0.9972091026745749
1651.304303389096,1.024399741692562,1651.304303389096,1.0048147818881357,1651.2876371309178,1.0260416339472802,1651.2473603383798,1.0033650660823317
1651.305692243866,1.0228947576917038,1651.305692243866,1.0048653890944186,1651.2890259856883,1.0254863976134132,1651.2487491931513,0.9951730066331466
1651.3070810991023,0.9874360798531223,1651.3070810991023,1.0048640288173676,1651.2904148404584,1.0123823210066334,1651.250138048387,1.0177362381292632
1651.308469953873,1.007456300514329,1651.308469953873,1.0048251561012407,1651.2918036956942,1.0027649943284485,1651.2515269031571,1.0089621787845504
1651.309858808644,1.0042196681554392,1651.309858808644,1.004820103652219,1651.2931925504656,1.0045603904278702,1651.2529157579277,1.0068895087440686
1651.3112476634149,0.9849050538473155,1651.3112476634149,1.004776241038151,1651.2945814052366,1.024940971716939,1651.2543046131634,1.0290855372896877
1651.3126365181847,0.9889634236881228,1651.3126365181847,1.004744947495885,1651.2959702600067,1.0013275931374097,1651.2556934679344,1.0117794093892942
1651.3140253729546,1.0234014158079519,1651.3140253729546,1.00474538171828,1651.297359115243,1.0117220097248971,1651.257082322706,1.013194435898559
1651.3154142277256,1.002914503490475,1651.3154142277256,1.0047587931396187,1651.298747970013,1.0050228578888438,1651.2584711779416,1.0131675862804304
1651.316803082496,1.0012161946312894,1651.316803082496,1.0047873922101445,1651.300136824783,1.0091131218300562,1651.2598600327117,1.0264911929379996
1651.3181919377328,0.9942337445182291,1651.3181919377328,1.0048522607542614,1651.3015256795543,0.9793303550337054,1651.261248887948,1.009828595308012
1651.3195807925033,1.0162954555049435,1651.3195807925033,1.0048796846491923,1651.302914534326,1.0080018746541068,1651.262637742719,1.0252707401036998
1651.3209696472743,1.0106742121737353,1651.3209696472743,1.004852194544357,1651.304303389096,1.0293320030150743,1651.2640265974903,1.0028181772258955
1651.3223585020444,0.9973538280405464,1651.3223585020444,1.0048556983837507,1651.305692243866,1.0278715386905148,1651.265415452726,1.0132833322303765
1651.323747356815,1.0002364929402092,1651.323747356815,1.0048644725425813,1651.3070810991023,0.9922389974008364,1651.2668043074966,1.0009535917259116
1651.3251362115864,1.0058808455951933,1651.3251362115864,1.0048527519963995,1651.308469953873,1.0123174344294892,1651.2681931622667,0.9901613360851896
1651.3265250663565,1.0191558395840095,1651.3265250663565,1.004883767399551,1651.309858808644,1.0090601110455455,1651.2695820175024,1.0247590483428235
1651.3279139211263,1.0259033377382818,1651.3279139211263,1.004919692812766,1651.3112476634149,0.9896091977841835,1651.270970872274,1.0033702294704334
1651.3293027758973,0.9995804963471246,1651.3293027758973,1.0049385072860695,1651.3126365181847,0.9936560032088736,1651.2723597270444,1.0012626205037969
1651.3306916306672,1.0060324430611116,1651.3306916306672,1.0049736930905735,1651.3140253729546,1.028257846176989,1651.2737485818143,1.0135970941140215
1651.3320804854382,1.0243019728915104,1651.3320804854382,1.005062337265951,1651.3154142277256,1.0076871661493094,1651.2751374370512,1.011639739741144
1651.3334693402096,0.9959510604605806,1651.3334693402096,1.0050604553066467,1651.316803082496,1.0060094092421377,1651.2765262918213,1.032073676040597
1651.3348581949797,1.005992611514455,1651.3348581949797,1.0050731938923845,1651.3181919377328,0.9990580258973172,1651.2779151465918,1.0097440878560813
1651.3362470497498,1.00875383034047,1651.3362470497498,1.005096491389594,1651.3195807925033,1.0212546568382148,1651.279304001829,1.0010081515268523
1651.3376359045203,1.0063630639999286,1651.3376359045203,1.005136421775277,1651.3209696472743,1.015578200072167,1651.2806928566,0.9974171872150724
1651.3390247592904,1.012949794026318,1651.3390247592904,1.0051106148339841,1651.3223585020444,1.0021966774113904,1651.2820817113698,1.0207417602867814
1651.3404136140614,1.0020712786003778,1651.3404136140614,1.0051049814031434,1651.323747356815,1.0051021158962046,1651.2834705661396,1.00697556521243
1651.3418024688328,1.0140938046445065,1651.3418024688328,1.005115565647766,1651.3251362115864,1.0107621358767953,1651.2848594213765,1.0121078869290294
1651.3431913236034,1.0025501353133752,1651.3431913236034,1.0051185562673366,1651.3265250663565,1.0241331596484318,1651.2862482761468,1.023884542511336
1651.3445801783737,1.0232554915095082,1651.3445801783737,1.0051444164545862,1651.3279139211263,1.0309504670155454,1651.2876371309178,1.0260416339472802
1651.3459690331435,1.005899406989538,1651.3459690331435,1.0051717971750085,1651.3293027758973,1.0045169319113478,1651.2890259856883,1.0254863976134132
1651.347357887915,1.0042099090380314,1651.347357887915,1.0051809639713418,1651.3306916306672,1.0110361396720575,1651.2904148404584,1.0123823210066334
1651.3487467426855,1.0016322168655079,1651.3487467426855,1.0051858341377788,1651.3320804854382,1.0294873349404663,1651.2918036956942,1.0027649943284485
1651.3501355974556,1.0074137844871796,1651.3501355974556,1.0051914875008365,1651.3334693402096,1.0009910262896486,1651.2931925504656,1.0045603904278702
1651.3515244522266,1.0069404755973603,1651.3515244522266,1.0051619627882344,1651.3348581949797,1.011096207086974,1651.2945814052366,1.024940971716939
1651.3529133069967,0.9994100970064936,1651.3529133069967,1.0051229375242263,1651.3362470497498,1.01389493555102,1651.2959702600067,1.0013275931374097
1651.3543021617668,0.9918144756263394,1651.3543021617668,1.0050959002753075,1651.3376359045203,1.0115321691556922,1651.297359115243,1.0117220097248971
1651.3556910165382,1.0143868460902044,1651.3556910165382,1.005127473016604,1651.3390247592904,1.01812659026975,1651.298747970013,1.0050228578888438
1651.357079870843,0.9985522332296167,1651.357079870843,1.0051099830453378,1651.3404136140614,1.007186833842257,1651.300136824783,1.0091131218300562
1651.3584687256132,0.996785353676349,1651.3584687256132,1.0050817126410885,1651.3418024688328,1.0192814680751583,1651.3015256795543,0.9793303550337054
1651.3598575803842,1.0074575145446503,1651.3598575803842,1.0050724304276113,1651.3431913236034,1.0076817445918027,1651.302914534326,1.0080018746541068
1651.3612464351547,0.996065170571733,1651.3612464351547,1.0050624682380165,1651.3445801783737,1.0285195438972754,1651.304303389096,1.0293320030150743
1651.3626352899253,1.012462064728645,1651.3626352899253,1.0050656950064893,1651.3459690331435,1.0111017147009491,1651.305692243866,1.0278715386905148
1651.3640241446965,1.0042924295835687,1651.3640241446965,1.0051047113773801,1651.347357887915,1.009412684396422,1651.3070810991023,0.9922389974008364
1651.3654129994668,1.0010808293207596,1651.3654129994668,1.0051099715635647,1651.3487467426855,1.0068265154092282,1651.308469953873,1.0123174344294892
1651.3668018542369,0.9960905529557514,1651.3668018542369,1.0051336187602484,1651.3501355974556,1.0126437605575151,1651.309858808644,1.0090601110455455
1651.3681907085413,1.0150557997810288,1651.3681907085413,1.00507335917149,1651.3515244522266,1.012138264862361,1651.3112476634149,0.9896091977841835
1651.3695795633123,1.020399342987413,1651.3695795633123,1.0050696926942508,1651.3529133069967,1.0045300124945389,1651.3126365181847,0.9936560032088736
1651.3709684180828,0.9994746207679732,1651.3709684180828,1.0050089711490149,1651.3543021617668,0.9968686632857376,1651.3140253729546,1.028257846176989
1651.3723572728538,1.014930528197311,1651.3723572728538,1.0049705995061604,1651.3556910165382,1.0195880872719298,1651.3154142277256,1.0076871661493094
1651.3737461276244,1.015417807472042,1651.3737461276244,1.0049395416430171,1651.357079870843,1.0036548182113043,1651.316803082496,1.0060094092421377
1651.3751349823945,1.0276717848771704,1651.3751349823945,1.0049291599924914,1651.3584687256132,1.001850730408578,1651.3181919377328,0.9990580258973172
1651.3765238366989,1.0140082869065983,1651.3765238366989,1.0048430407326756,1651.3598575803842,1.012567772695952,1651.3195807925033,1.0212546568382148
1651.3779126914703,1.0181958143206062,1651.3779126914703,1.00486037617338,1651.3612464351547,1.001107718860747,1651.3209696472743,1.015578200072167
1651.3793015462409,0.9919548945931806,1651.3793015462409,1.004862442204378,1651.3626352899253,1.017590888754201,1651.3223585020444,1.0021966774113904
1651.380690401011,1.0013359819041778,1651.380690401011,1.0048961406144135,1651.3640241446965,1.0094190525750806,1651.323747356815,1.0051021158962046
1651.382079255782,1.0018691698854796,1651.382079255782,1.004829474432769,1651.3654129994668,1.0061963238914184,1651.3251362115864,1.0107621358767953
1651.3834681100868,0.9962339603938453,1651.3834681100868,1.0048102926876736,1651.3668018542369,1.0012041021053113,1651.3265250663565,1.0241331596484318
1651.384856964857,1.0123408167665797,1651.384856964857,1.004833885938562,1651.3681907085413,1.020205542432422,1651.3279139211263,1.0309504670155454
1651.386245819628,1.0114026275111148,1651.386245819628,1.0048350531640977,1651.3695795633123,1.0255724540817746,1651.3293027758973,1.0045169319113478
1651.3876346743994,1.0263300575490686,1651.3876346743994,1.0048231831629861,1651.3709684180828,1.0044809603075726,1651.3306916306672,1.0110361396720575
1651.3890235291694,1.0320473862945287,1651.3890235291694,1.0047707026953971,1651.3723572728538,1.0199753413795558,1651.3320804854382,1.0294873349404663
1651.390412383474,1.0079702384388827,1651.390412383474,1.0046871101623194,1651.3737461276244,1.0204335060171112,1651.3334693402096,1.0009910262896486
1651.3918012382444,0.993730657039065,1651.3918012382444,1.004662554594747,1651.3751349823945,1.0327373435245992,1651.3348581949797,1.011096207086974
1651.3931900930152,1.0203997756419438,1651.3931900930152,1.0046632728806175,1651.3765238366989,1.0189191703433575,1651.3362470497498,1.01389493555102
1651.3945789473205,1.001307664054446,1651.3945789473205,1.0046727437880203,1651.3779126914703,1.0231446289963655,1651.3376359045203,1.0115321691556922
1651.3959678020908,1.0064282297048566,1651.3959678020908,1.0046784359179752,1651.3793015462409,0.9967782179374898,1651.3390247592904,1.01812659026975
1651.397356656861,0.9987183953966801,1651.397356656861,1.0047076941714557,1651.380690401011,1.0062386636738525,1651.3404136140614,1.007186833842257
1651.398745511631,1.0190838520478969,1651.398745511631,1.0046315810878872,1651.382079255782,1.0067076714264211,1651.3418024688328,1.0192814680751583
1651.4001343659363,0.9947077246779388,1651.4001343659363,1.0045972592647854,1651.3834681100868,1.00102613732874,1651.3431913236034,1.0076817445918027
1651.4015232207068,0.9969926906153304,1651.4015232207068,1.004603560054251,1651.384856964857,1.01723435680578,1651.3445801783737,1.0285195438972754
1651.4029120754778,1.0125939820413339,1651.4029120754778,1.0044997143298644,1651.386245819628,1.0162928129854392,1651.3459690331435,1.0111017147009491
1651.4043009297827,1.0001513217916174,1651.4043009297827,1.0044528860117066,1651.3876346743994,1.0312802354023058,1651.347357887915,1.009412684396422
1651.4056897845535,0.9919856101925589,1651.4056897845535,1.0044388630609364,1651.3890235291694,1.0369709775421017,1651.3487467426855,1.0068265154092282
1651.4070786393238,1.011524372305157,1651.4070786393238,1.0043258265232993,1651.390412383474,1.012694705986785,1651.3501355974556,1.0126437605575151
1651.408467493629,1.0039813149060404,1651.408467493629,1.0042449615566305,1651.3918012382444,0.9983639804799834,1651.3515244522266,1.012138264862361
1651.4098563484,0.9978743406618548,1651.4098563484,1.0041284494436569,1651.3931900930152,1.0251581782430832,1651.3529133069967,1.0045300124945389
1651.4112452031702,0.994384454881845,1651.4112452031702,1.0040295195036546,1651.3945789473205,1.0059865182215535,1651.3543021617668,0.9968686632857376
1651.4126340574746,0.9909458743328862,1651.4126340574746,1.0040176452349958,1651.3959678020908,1.011136739683572,1651.3556910165382,1.0195880872719298
1651.4140229122452,1.0131135763366497,1651.4140229122452,1.0039925224165505,1651.397356656861,1.0034200561656146,1651.357079870843,1.0036548182113043
1651.4154117670153,1.0141649657737937,1651.4154117670153,1.0039299664109262,1651.398745511631,1.023803821544013,1651.3584687256132,1.001850730408578
1651.4168006213206,1.01282780829302,1651.4168006213206,1.003876539852764,1651.4001343659363,0.999280653980968,1651.3598575803842,1.012567772695952
1651.418189476092,1.006050171744116,1651.418189476092,1.0038200262134456,1651.4015232207068,1.0015824063402274,1651.3612464351547,1.001107718860747
1651.419578330862,1.0072117869277828,1651.419578330862,1.0037614266459218,1651.4029120754778,1.0171503656926597,1651.3626352899253,1.017590888754201
1651.4209671851663,1.007066676410468,1651.4209671851663,1.0036708953403144,1651.4043009297827,1.004604881622013,1651.3640241446965,1.0094190525750806
1651.422356039937,0.9997632283767877,1651.422356039937,1.0036162047857538,1651.4056897845535,0.9963888984746232,1651.3654129994668,1.0061963238914184
1651.4237448942429,0.9978068309230146,1651.4237448942429,1.003606208116515,1651.4070786393238,1.0159000512638383,1651.3668018542369,1.0012041021053113
1651.4251337490136,1.00279130819272,1651.4251337490136,1.0035445158915264,1651.408467493629,1.0082431769913918,1651.3681907085413,1.020205542432422
1651.4265226033178,0.9978280865587726,1651.4265226033178,1.0034452869558703,1651.4098563484,1.0019940144283996,1651.3695795633123,1.0255724540817746
1651.4279114580888,1.0117396085569843,1651.4279114580888,1.003399126913185,1651.4112452031702,0.9983913464369224,1651.3709684180828,1.0044809603075726
1651.429300312859,1.0080541282115498,1651.429300312859,1.0033029054557396,1651.4126340574746,0.9949271433030384,1651.3723572728538,1.0199753413795558
1651.430689167163,1.0271672482202518,1651.430689167163,1.0032836088801729,1651.4140229122452,1.0171584550006854,1651.3737461276244,1.0204335060171112
1651.4320780219348,1.0041088447629716,1651.4320780219348,1.0032734839470936,1651.4154117670153,1.018150600024423,1651.3751349823945,1.0327373435245992
1651.4334668762397,1.002037681336951,1651.4334668762397,1.0032408728014353,1651.4168006213206,1.0167540756558555,1651.3765238366989,1.0189191703433575
1651.4348557310095,0.9858240983562264,1651.4348557310095,1.0032148527771316,1651.418189476092,1.0098933097722198,1651.3779126914703,1.0231446289963655
1651.436244585315,0.9961850078896115,1651.436244585315,1.0031132890478918,1651.419578330862,1.0110003401812195,1651.3793015462409,0.9967782179374898
1651.4376334400852,1.0012487537524821,1651.4376334400852,1.0031162695799525,1651.4209671851663,1.0107635127802892,1651.380690401011,1.0062386636738525
1651.43902229439,1.0096425779870404,1651.43902229439,1.0030996045858531,1651.422356039937,1.0033785769478645,1651.382079255782,1.0067076714264211
1651.4404111491615,0.9907740257330088,1651.4404111491615,1.003044486029207,1651.4237448942429,1.0014051300154032,1651.3834681100868,1.00102613732874
1651.441800003466,0.9990121715670722,1651.441800003466,1.0029651510470532,1651.4251337490136,1.0063457179204935,1651.384856964857,1.01723435680578
1651.443188858236,1.0122966266943794,1651.443188858236,1.0029202842259455,1651.4265226033178,1.0012658906495946,1651.386245819628,1.0162928129854392
1651.4445777125409,1.0040435639661127,1651.4445777125409,1.0028027707020462,1651.4279114580888,1.0151786398895657,1651.3876346743994,1.0312802354023058
1651.445966567312,1.0192646098235223,1651.445966567312,1.002766592219452,1651.429300312859,1.0113836356913006,1651.3890235291694,1.0369709775421017
1651.4473554216167,1.0011768051862195,1651.4473554216167,1.0027774051595155,1651.430689167163,1.0305400637179305,1651.390412383474,1.012694705986785
1651.4487442763875,1.0025850584315692,1651.4487442763875,1.0027904740694404,1651.4320780219348,1.007395778947438,1651.3918012382444,0.9983639804799834
1651.4501331306926,0.9886297858479051,1651.4501331306926,1.002720197130054,1651.4334668762397,1.005285158004409,1651.3931900930152,1.0251581782430832
1651.4515219854627,0.9969326347254652,1651.4515219854627,1.0025964252126394,1651.4348557310095,0.9889933776965902,1651.3945789473205,1.0059865182215535
1651.4529108397671,0.9997042380786099,1651.4529108397671,1.0025187430521683,1651.436244585315,0.9992864197643482,1651.3959678020908,1.011136739683572
1651.4542996945386,1.0075683918151745,1651.4542996945386,1.0024207933777742,1651.4376334400852,1.0043689147857664,1651.397356656861,1.0034200561656146
1651.455688548844,1.016883101397812,1651.455688548844,1.0024055154559306,1651.43902229439,1.0127720707518415,1651.398745511631,1.023803821544013
1651.457077403148,0.9976056370497421,1651.457077403148,1.0023061692624513,1651.4404111491615,0.993790423412454,1651.4001343659363,0.999280653980968
1651.4584662579189,0.9999668464391079,1651.4584662579189,1.0022245692236353,1651.441800003466,1.0019743935536132,1651.4015232207068,1.0015824063402274
1651.4598551122233,1.0206488269454563,1651.4598551122233,1.0021346068378072,1651.443188858236,1.0152528205652929,1651.4029120754778,1.0171503656926597
1651.4612439669934,1.00439883126533,1651.4612439669934,1.0020835013417242,1651.4445777125409,1.006857667850775,1651.4043009297827,1.004604881622013
1651.4626328212992,0.9803251230736979,1651.4626328212992,1.0019951912902598,1651.445966567312,1.0220844993626228,1651.4056897845535,0.9963888984746232
1651.4640216760706,0.9910409513285903,1651.4640216760706,1.0019676356362197,1651.4473554216167,1.003957478810531,1651.4070786393238,1.0159000512638383
1651.465410530375,1.0112329213488505,1651.465410530375,1.0019764040958106,1651.4487442763875,1.0053827460395308,1651.408467493629,1.0082431769913918
1651.4667993846797,1.0054520772052804,1651.4667993846797,1.0019480546234454,1651.4501331306926,0.9913190537540544,1651.4098563484,1.0019940144283996
1651.46818823945,1.008511454337754,1651.46818823945,1.0018377171787645,1651.4515219854627,0.9995210957535694,1651.4112452031702,0.9983913464369224
1651.469577093755,1.0119161843415587,1651.469577093755,1.0018249085834399,1651.4529108397671,1.0022222361824935,1651.4126340574746,0.9949271433030384
1651.4709659480602,1.0051651133909403,1651.4709659480602,1.0018181859222393,1651.4542996945386,1.0100075067057352,1651.4140229122452,1.0171584550006854
1651.4723548028312,1.0055158505278785,1651.4723548028312,1.0017973826661348,1651.455688548844,1.019329229415099,1651.4154117670153,1.018150600024423
1651.4737436571354,0.9946988224794516,1651.4737436571354,1.0017487428040532,1651.457077403148,0.9999062845059544,1651.4168006213206,1.0167540756558555
1651.4751325114396,0.9914673183682503,1651.4751325114396,1.001831168773971,1651.4584662579189,1.002191341910352,1651.418189476092,1.0098933097722198
1651.4765213662106,1.010584360668027,1651.4765213662106,1.0018241764687026,1651.4598551122233,1.022827510910454,1651.419578330862,1.0110003401812195
1651.4779102205157,1.0041264935978371,1651.4779102205157,1.0017809903403345,1651.4612439669934,1.0064914975778976,1651.4209671851663,1.0107635127802892
1651.4792990748208,1.0195745446647444,1651.4792990748208,1.0017275337922276,1651.4626328212992,0.9822810592208774,1651.422356039937,1.0033785769478645
1651.480687929591,0.9904563220713416,1651.480687929591,1.0016093122522,1651.4640216760706,0.9929909588213774,1651.4237448942429,1.0014051300154032
1651.4820767838958,1.0066791099855428,1651.4820767838958,1.001552151002161,1651.465410530375,1.0132315262364229,1651.4251337490136,1.0063457179204935
1651.4834656382002,0.9979870027365827,1651.4834656382002,1.0014410408660837,1651.4667993846797,1.007410752772933,1651.4265226033178,1.0012658906495946
1651.4848544929712,0.9896483500307458,1651.4848544929712,1.0014005266880164,1651.46818823945,1.0103648131623713,1651.4279114580888,1.0151786398895657
1651.486243347277,1.0066467792418028,1651.486243347277,1.0013761542392676,1651.469577093755,1.0137628388720854,1651.429300312859,1.0113836356913006
1651.4876322015818,0.9987763440643259,1651.4876322015818,1.0012738365779879,1651.4709659480602,1.0069926904496338,1651.430689167163,1.0305400637179305
1651.4890210558865,0.9998034461285674,1651.4890210558865,1.001181874566786,1651.4723548028312,1.0073231472881412,1651.4320780219348,1.007395778947438
1651.4904099106568,1.005781875376064,1651.4904099106568,1.001181950725872,1651.4737436571354,0.9964382948874628,1651.4334668762397,1.005285158004409
1651.4917987649612,0.9922617325357905,1651.4917987649612,1.0012091397009946,1651.4751325114396,0.993282862362059,1651.4348557310095,0.9889933776965902
1651.4931876192666,1.0003190849917496,1651.4931876192666,1.0011462630220531,1651.4765213662106,1.0124278448783963,1651.436244585315,0.9992864197643482
1651.494576474038,0.9942050332891048,1651.494576474038,1.0011108099530948,1651.4779102205157,1.005914833183409,1651.4376334400852,1.0043689147857664
1651.4959653283424,1.0011462967703684,1651.4959653283424,1.0010887186218282,1651.4792990748208,1.0213358941443478,1651.43902229439,1.0127720707518415
1651.4973541826469,1.0096288765658024,1651.4973541826469,1.0010541775344777,1651.480687929591,0.99205027556572,1651.4404111491615,0.993790423412454
1651.4987430369515,0.9999567141569401,1651.4987430369515,1.0010375411328805,1651.4820767838958,1.0082416279749613,1651.441800003466,1.0019743935536132
1651.5001318912562,0.9895042658706842,1651.5001318912562,1.0010022633091833,1651.4834656382002,0.9994251427913464,1651.443188858236,1.0152528205652929
1651.5015207460272,1.003725752205144,1651.5015207460272,1.0009730062154696,1651.4848544929712,0.9910343789567152,1651.4445777125409,1.006857667850775
1651.502909600333,1.008711517475574,1651.502909600333,1.0009033611139868,1651.486243347277,1.0080320804745015,1651.445966567312,1.0220844993626228
1651.5042984546371,1.0133143321392128,1651.5042984546371,1.0008486435855422,1651.4876322015818,1.000048621904624,1651.4473554216167,1.003957478810531
1651.505687308941,0.990270339066841,1651.505687308941,1.0007232292690296,1651.4890210558865,1.0009850883933318,1651.4487442763875,1.0053827460395308
1651.507076163247,1.0043020990335467,1651.507076163247,1.0006214439280052,1651.4904099106568,1.0069706599937334,1651.4501331306926,0.9913190537540544
1651.508465018018,1.014869574086951,1651.508465018018,1.000558754651081,1651.4917987649612,0.9934615155903772,1651.4515219854627,0.9995210957535694
1651.509853872323,1.0033838076150061,1651.509853872323,1.0004794520620295,1651.4931876192666,1.0014657137691296,1651.4529108397671,1.0022222361824935
1651.5112427266274,0.9995156849584703,1651.5112427266274,1.0003592768832628,1651.494576474038,0.9953094061354992,1651.4542996945386,1.0100075067057352
1651.5126315809327,1.0107048874863325,1651.5126315809327,1.0002861929656683,1651.4959653283424,1.0022362633868367,1651.455688548844,1.019329229415099
1651.5140204352372,1.0077608764764703,1651.5140204352372,1.0001970431114855,1651.4973541826469,1.010693204645638,1651.457077403148,0.9999062845059544
1651.5154092895416,1.0064489345150838,1651.5154092895416,1.000204578923682,1651.4987430369515,1.000994210378978,1651.4584662579189,1.002191341910352
1651.516798144313,1.0136344880592127,1651.516798144313,1.000153961805289,1651.5001318912562,0.9904960096906468,1651.4598551122233,1.022827510910454
1651.518186998618,0.9932884501756349,1651.518186998618,1.0001205192754803,1651.5015207460272,1.0047023836006663,1651.4612439669934,1.0064914975778976
1651.5195758529223,1.0050224713499756,1651.5195758529223,1.0001130689655915,1651.502909600333,1.009622748235692,1651.4626328212992,0.9822810592208774
1651.5209647072274,1.0034168053873793,1651.5209647072274,0.9999869446568137,1651.5042984546371,1.0141742748473208,1651.4640216760706,0.9929909588213774
1651.5223535615316,1.0166660351401937,1651.5223535615316,0.9999356738937215,1651.505687308941,0.990986531560306,1651.465410530375,1.0132315262364229
1651.523742415837,0.9917558834771945,1651.523742415837,0.9998994243056877,1651.507076163247,1.004926216474874,1651.4667993846797,1.007410752772933
1651.5251312701428,0.981937295123997,1651.5251312701428,0.9998033925855389,1651.508465018018,1.0154366371817127,1651.46818823945,1.0103648131623713
1651.5265201244476,1.0061951419440245,1651.5265201244476,0.9997440816539795,1651.509853872323,1.0038648820505742,1651.469577093755,1.0137628388720854
1651.527908978752,0.9944437407428066,1651.527908978752,0.9997452577204415,1651.5112427266274,0.9998747878385345,1651.4709659480602,1.0069926904496338
1651.5292978330565,0.9924616657331049,1651.5292978330565,0.9997407829023203,1651.5126315809327,1.0109941441154977,1651.4723548028312,1.0073231472881412
1651.5306866873618,0.9984915840299271,1651.5306866873618,0.9997336158307963,1651.5140204352372,1.0079594488152046,1651.4737436571354,0.9964382948874628
1651.5320755421324,0.9999161297361354,1651.5320755421324,0.9997338562854956,1651.5154092895416,1.0066548327548477,1651.4751325114396,0.993282862362059
1651.5334643964377,0.9885058973855824,1651.5334643964377,0.9997284389422585,1651.516798144313,1.0137905490548975,1651.4765213662106,1.0124278448783963
1651.5348532507426,0.9824577500570199,1651.5348532507426,0.999724064691923,1651.518186998618,0.993408160579993,1651.4779102205157,1.005914833183409
1651.536242105047,1.0024664627204842,1651.536242105047,0.9996271780286196,1651.5195758529223,1.0051361082012074,1651.4792990748208,1.0213358941443478
1651.5376309593514,1.0077401227854392,1651.5376309593514,0.9995004900766068,1651.5209647072274,1.003403705436626,1651.480687929591,0.99205027556572
1651.5390198136572,0.9933644701747075,1651.5390198136572,0.9994398154738027,1651.5223535615316,1.0166006369727676,1651.4820767838958,1.0082416279749613
1651.540408667962,1.020292450818553,1651.540408667962,0.9993654817654993,1651.523742415837,0.9916561369406254,1651.4834656382002,0.9994251427913464
1651.5417975222665,1.0105714149283684,1651.5417975222665,0.9992531141705486,1651.5251312701428,0.9817442389712396,1651.4848544929712,0.9910343789567152
1651.5431863765718,0.9950966349360892,1651.5431863765718,0.9992392707240918,1651.5265201244476,1.0059376381475245,1651.486243347277,1.0080320804745015
1651.5445752308765,1.0131289103109966,1651.5445752308765,0.9991552950922593,1651.527908978752,0.9941904138773971,1651.4876322015818,1.000048621904624
1651.545964085181,0.9990857380817766,1651.545964085181,0.9991172842772167,1651.5292978330565,0.9922044027005552,1651.4890210558865,1.0009850883933318
1651.5473529394865,1.0058392465793315,1651.5473529394865,0.9990375995060518,1651.5306866873618,0.9982256016788584,1651.4904099106568,1.0069706599937334
1651.5487417937925,1.0047565611557967,1651.5487417937925,0.9989029588599705,1651.5320755421324,0.9996500083431746,1651.4917987649612,0.9934615155903772
1651.550130648097,1.00138258020867,1651.550130648097,0.9988926104156415,1651.5334643964377,0.9882374576785046,1651.4931876192666,1.0014657137691296
1651.5515195024009,0.9947334109807692,1651.5515195024009,0.9988187832096052,1651.5348532507426,0.9821866552750852,1651.494576474038,0.9953094061354992
1651.552908356706,1.0042536286470842,1651.552908356706,0.9989276213266501,1651.536242105047,1.00209272119761,1651.4959653283424,1.0022362633868367
1651.5542972110109,0.9957580300435896,1651.5542972110109,0.9989118355072542,1651.5376309593514,1.0072367465939065,1651.4973541826469,1.010693204645638
1651.5556860648503,1.0069618345640636,1651.5556860648503,0.9988106796512246,1651.5390198136572,0.9928080027696414,1651.4987430369515,1.000994210378978
1651.5570749191554,0.9860257250641394,1651.5570749191554,0.9986858791914173,1651.540408667962,1.0196450566539852,1651.5001318912562,0.9904960096906468
1651.5584637734598,1.0045163069738294,1651.5584637734598,0.9987073544751348,1651.5417975222665,1.0098166334589098,1651.5015207460272,1.0047023836006663
1651.5598526277645,0.986334105381219,1651.5598526277645,0.9986293632917674,1651.5431863765718,0.9943396357935356,1651.502909600333,1.009622748235692
1651.5612414820696,0.9820756132714321,1651.5612414820696,0.9985651354224597,1651.5445752308765,1.012273115348283,1651.5042984546371,1.0141742748473208
1651.5626303363745,0.9923105277209817,1651.5626303363745,0.9985946309892181,1651.545964085181,0.9982038293923632,1651.505687308941,0.990986531560306
1651.5640191906798,0.9830206451660128,1651.5640191906798,0.9986301119110996,1651.5473529394865,1.004871226391591,1651.507076163247,1.004926216474874
1651.565408044985,1.0003343232584794,1651.565408044985,0.9985207596920715,1651.5487417937925,1.0036543018724942,1651.508465018018,1.0154366371817127
1651.56679689929,0.9738262501696062,1651.56679689929,0.9984584150549214,1651.550130648097,1.0002736595693889,1651.509853872323,1.0038648820505742
1651.5681857535942,1.0086430089016818,1651.5681857535942,0.9983526462437761,1651.5515195024009,0.993558415173752,1651.5112427266274,0.9998747878385345
1651.5695746078993,1.000796268121579,1651.5695746078993,0.9983205807646035,1651.552908356706,1.0031766884730888,1651.5126315809327,1.0109941441154977
1651.5709634617394,0.9890965484776058,1651.5709634617394,0.9982444216424401,1651.5542972110109,0.9946744815119296,1651.5140204352372,1.0079594488152046
1651.572352316044,0.9950745814362837,1651.572352316044,0.9981412096018349,1651.5556860648503,1.0057642343637765,1651.5154092895416,1.0066548327548477
1651.5737411703485,0.9829958321842907,1651.5737411703485,0.9981461572353021,1651.5570749191554,0.9847299681410348,1651.516798144313,1.0137905490548975
1651.5751300246532,0.9904821256076737,1651.5751300246532,0.9980975431586063,1651.5584637734598,1.0032178234649656,1651.518186998618,0.993408160579993
1651.5765188789576,1.0047330227265412,1651.5765188789576,0.9979574756898294,1651.5598526277645,0.9849821996498018,1651.5195758529223,1.0051361082012074
1651.577907733263,1.0049944048155839,1651.577907733263,0.9978193454306261,1651.5612414820696,0.9806664677614828,1651.5209647072274,1.003403705436626
1651.579296587103,1.0014453984235736,1651.579296587103,0.9978069287516991,1651.5626303363745,0.99091596525625,1651.5223535615316,1.0166006369727676
1651.5806854414077,1.0038428626884506,1651.5806854414077,0.9977498258350169,1651.5640191906798,0.9816740168930568,1651.523742415837,0.9916561369406254
1651.582074295712,1.014059245637249,1651.582074295712,0.9976871062643167,1651.565408044985,0.9988545884061112,1651.5251312701428,0.9817442389712396
1651.5834631500168,0.9956068844881837,1651.5834631500168,0.9977029771249156,1651.56679689929,0.9723250142832224,1651.5265201244476,1.0059376381475245
1651.5848520043216,0.9814651539067123,1651.5848520043216,0.9976134852990932,1651.5681857535942,1.0069814170522786,1651.527908978752,0.9941904138773971
1651.586240858161,0.9786050295183817,1651.586240858161,0.9975126311528454,1651.5695746078993,0.9991155116181826,1651.5292978330565,0.9922044027005552
1651.5876297124662,1.0048595411650632,1651.5876297124662,0.9974562935696737,1651.5709634617394,0.9873601119835612,1651.5306866873618,0.9982256016788584
1651.5890185667715,0.9869138181254175,1651.5890185667715,0.9973802418461061,1651.572352316044,0.9932249463588518,1651.5320755421324,0.9996500083431746
1651.590407421076,0.9961516294163986,1651.590407421076,0.9973565103151558,1651.5737411703485,0.9811735124730676,1651.5334643964377,0.9882374576785046
1651.5917962749147,1.010895510771507,1651.5917962749147,0.9972947848801409,1651.5751300246532,0.9885977761115332,1651.5348532507426,0.9821866552750852
1651.5931851292205,1.0010872768910049,1651.5931851292205,0.997200231535764,1651.5765188789576,1.0026808311023911,1651.536242105047,1.00209272119761
1651.5945739835254,1.0053176436320077,1651.5945739835254,0.9971096309592778,1651.577907733263,1.0028028591745275,1651.5376309593514,1.0072367465939065
1651.5959628378298,1.0031040832612208,1651.5959628378298,0.9970087278280964,1651.579296587103,0.9992491573135476,1651.5390198136572,0.9928080027696414
1651.5973516916697,1.0045030839785938,1651.5973516916697,0.9969699920486064,1651.5806854414077,1.0015840414131263,1651.540408667962,1.0196450566539852
1651.5987405459737,0.9812577084644922,1651.5987405459737,0.9968980115773364,1651.582074295712,1.0117138343604029,1651.5417975222665,1.0098166334589098
1651.6001294002788,0.9889236792142703,1651.6001294002788,0.9967805884038727,1651.5834631500168,0.9933199526999228,1651.5431863765718,0.9943396357935356
1651.6015182545846,0.9937496109144799,1651.6015182545846,0.9966834151041675,1651.5848520043216,0.9791228728884862,1651.5445752308765,1.012273115348283
1651.602907108423,0.9868793678921126,1651.602907108423,0.9965583127978199,1651.586240858161,0.9761708778542888,1651.545964085181,0.9982038293923632
1651.6042959627275,0.9994013137418586,1651.6042959627275,0.9964611239946056,1651.5876297124662,1.002303473488627,1651.5473529394865,1.004871226391591
1651.6056848170326,0.9812681249355679,1651.6056848170326,0.9964718224938025,1651.5890185667715,0.9843283426031928,1651.5487417937925,1.0036543018724942
1651.6070736708714,1.0004002708868762,1651.6070736708714,0.9964556117969912,1651.590407421076,0.9935183128594955,1651.550130648097,1.0002736595693889
1651.6084625251767,1.006761283239182,1651.6084625251767,0.996428366717271,1651.5917962749147,1.00816082095117,1651.5515195024009,0.993558415173752
1651.6098513794825,0.996316259024686,1651.6098513794825,0.9964064768725465,1651.5931851292205,0.9982844643032176,1651.552908356706,1.0031766884730888
1651.6112402333215,1.0138876129913053,1651.6112402333215,0.9963040073605073,1651.5945739835254,1.002411904638762,1651.5542972110109,0.9946744815119296
1651.612629087626,0.9821196543443798,1651.612629087626,0.9962496016201419,1651.5959628378298,1.0001035259314386,1651.5556860648503,1.0057642343637765
1651.6140179419306,1.013042992832316,1651.6140179419306,0.9962371907104565,1651.5973516916697,1.0014594316469392,1651.5570749191554,0.9847299681410348
1651.6154067957707,1.0021461749448597,1651.6154067957707,0.9961854596095377,1651.5987405459737,0.978213858413186,1651.5584637734598,1.0032178234649656
1651.6167956500758,1.004982556384161,1651.6167956500758,0.9961264767228319,1651.6001294002788,0.985739926853723,1651.5598526277645,0.9849821996498018
1651.61818450438,0.9953095216991384,1651.61818450438,0.9960454571017342,1651.6015182545846,0.9904537559646814,1651.5612414820696,0.9806664677614828
1651.6195733582197,0.9970754056245325,1651.6195733582197,0.9959744324050234,1651.602907108423,0.9834828378015428,1651.5626303363745,0.99091596525625
1651.620962212524,0.9908432724619799,1651.620962212524,0.9959828210341278,1651.6042959627275,0.995864556412898,1651.5640191906798,0.9816740168930568
1651.6223510663629,0.9949368401308545,1651.6223510663629,0.995892408478078,1651.6056848170326,0.9778060368096216,1651.565408044985,0.9988545884061112
1651.6237399206686,1.0011421560020795,1651.6237399206686,0.9958814658858751,1651.6070736708714,0.996854463968458,1651.56679689929,0.9723250142832224
1651.6251287749735,0.9841042035480244,1651.6251287749735,0.995843104510491,1651.6084625251767,1.0031655011322018,1651.5681857535942,1.0069814170522786
1651.6265176288125,0.9863800846698856,1651.6265176288125,0.9958037192481944,1651.6098513794825,0.9927359735056228,1651.5695746078993,0.9991155116181826
1651.6279064831176,1.0049163209172591,1651.6279064831176,0.9957274748490407,1651.6112402333215,1.0101402918364166,1651.5709634617394,0.9873601119835612
1651.6292953369568,0.9802780277273241,1651.6292953369568,0.9956484264427359,1651.612629087626,0.9784363143838998,1651.572352316044,0.9932249463588518
1651.6306841912622,0.9809283604552668,1651.6306841912622,0.9956334105190726,1651.6140179419306,1.0092311052481795,1651.5737411703485,0.9811735124730676
1651.6320730451014,1.0010749419205134,1651.6320730451014,0.9956453939131079,1651.6154067957707,0.9983234478833852,1651.5751300246532,0.9885977761115332
1651.6334618994065,0.9906053383270431,1651.6334618994065,0.9956045562987385,1651.6167956500758,1.001089733058859,1651.5765188789576,1.0026808311023911
1651.634850753245,0.9705039575685838,1651.634850753245,0.995560566936661,1651.61818450438,0.9913735274985268,1651.577907733263,1.0028028591745275
1651.6362396075494,0.9900722169191628,1651.6362396075494,0.9955227467807557,1651.6195733582197,0.9930616111819022,1651.579296587103,0.9992491573135476
1651.637628461389,0.9958402565651053,1651.637628461389,0.9954884288450151,1651.620962212524,0.9868628777093696,1651.5806854414077,1.0015840414131263
1651.639017315694,0.9932908369964065,1651.639017315694,0.9954490352261682,1651.6223510663629,0.9908500460014852,1651.582074295712,1.0117138343604029
1651.6404061695337,0.980634136918822,1651.6404061695337,0.9954933546576762,1651.6237399206686,0.9970189178794964,1651.5834631500168,0.9933199526999228
1651.6417950238383,0.9934615767881679,1651.6417950238383,0.9954509396846578,1651.6251287749735,0.9800133852230888,1651.5848520043216,0.9791228728884862
1651.6431838776773,0.9902284761544129,1651.6431838776773,0.9954529053951393,1651.6265176288125,0.982240956906621,1651.586240858161,0.9761708778542888
1651.6445727319815,0.9826551969834513,1651.6445727319815,0.9953780670139584,1651.6279064831176,1.0006227906615306,1651.5876297124662,1.002303473488627
1651.6459615858214,0.9863097954336053,1651.6459615858214,0.9953542331405673,1651.6292953369568,0.9760122757830988,1651.5890185667715,0.9843283426031928
1651.6473504401265,0.977166992893924,1651.6473504401265,0.9952685720918882,1651.6306841912622,0.9766450489949594,1651.590407421076,0.9935183128594955
1651.6487392939655,0.9972945209016575,1651.6487392939655,0.9951789316024048,1651.6320730451014,0.9967156548849913,1651.5917962749147,1.00816082095117
1651.6501281482708,0.9928118927724913,1651.6501281482708,0.9951761798811917,1651.6334618994065,0.9862511883322574,1651.5931851292205,0.9982844643032176
1651.65151700211,0.9978148891981626,1651.65151700211,0.9951944840116896,1651.634850753245,0.9661954702112524,1651.5945739835254,1.002411904638762
1651.6529058564145,0.9862695257861686,1651.6529058564145,0.995217834309675,1651.6362396075494,0.9856394128986772,1651.5959628378298,1.0001035259314386
1651.654294710254,0.9844867310006651,1651.654294710254,0.9951347486350861,1651.637628461389,0.9913474523886134,1651.5973516916697,1.0014594316469392
1651.65568356456,0.9883109479778985,1651.65568356456,0.9951419534833137,1651.639017315694,0.988770405387066,1651.5987405459737,0.978213858413186
1651.657072418399,0.9900729787751885,1651.657072418399,0.9951711743625887,1651.6404061695337,0.976214766653153,1651.6001294002788,0.985739926853723
1651.6584612722374,1.001424910164844,1651.6584612722374,0.9951544512284927,1651.6417950238383,0.9889422601543836,1651.6015182545846,0.9904537559646814
1651.6598501265423,0.987798527773824,1651.6598501265423,0.9950470401178538,1651.6431838776773,0.9857258135929118,1651.602907108423,0.9834828378015428
1651.661238980381,0.9913212281707559,1651.661238980381,0.9950608423488398,1651.6445727319815,0.9781134305146082,1651.6042959627275,0.995864556412898
1651.6626278346864,1.0104162711633895,1651.6626278346864,0.9949825086533873,1651.6459615858214,0.981727630072846,1651.6056848170326,0.9778060368096216
1651.6640166885263,0.9805291209861616,1651.6640166885263,0.9949491055427349,1651.6473504401265,0.97254359771286,1651.6070736708714,0.996854463968458
1651.6654055423649,1.0040646872060481,1651.6654055423649,0.9949077573264881,1651.6487392939655,0.9924864958038436,1651.6084625251767,1.0031655011322018
1651.6667943966693,0.9930990642451979,1651.6667943966693,0.9949070384852278,1651.6501281482708,0.9880227467899432,1651.6098513794825,0.9927359735056228
1651.668183250509,0.9943997055238568,1651.668183250509,0.9948324540668608,1651.65151700211,0.9930198737947468,1651.6112402333215,1.0101402918364166
1651.6695721043482,0.9729698274707717,1651.6695721043482,0.9948353101141872,1651.6529058564145,0.9815530214985408,1651.612629087626,0.9784363143838998
1651.6709609586535,0.9933074200283079,1651.6709609586535,0.9948252693296388,1651.654294710254,0.9796969555889244,1651.6140179419306,1.0092311052481795
1651.6723498124927,0.9796921748912336,1651.6723498124927,0.9948267811199962,1651.65568356456,0.9835096874196716,1651.6154067957707,0.9983234478833852
1651.6737386663324,1.0080486335802732,1651.6737386663324,0.9948404164983652,1651.657072418399,0.9852920889923708,1651.6167956500758,1.001089733058859
1651.6751275206368,0.9883271790310962,1651.6751275206368,0.9948541173533637,1651.6584612722374,0.996572456921638,1651.61818450438,0.9913735274985268
1651.6765163744756,0.9908592250343646,1651.6765163744756,0.9948630917527624,1651.6598501265423,0.9829060012941172,1651.6195733582197,0.9930616111819022
1651.6779052283157,0.9874713367332246,1651.6779052283157,0.9948709324584226,1651.661238980381,0.9864249363418788,1651.620962212524,0.9868628777093696
1651.6792940826206,0.9973098433917265,1651.6792940826206,0.9947721504812319,1651.6626278346864,1.0053465162663506,1651.6223510663629,0.9908500460014852
1651.680682936459,1.0105316062469967,1651.680682936459,0.9947632651713528,1651.6640166885263,0.9755765718837855,1651.6237399206686,0.9970189178794964
1651.6820717902986,0.9833523324574289,1651.6820717902986,0.9947523057434449,1651.6654055423649,0.998951746158891,1651.6251287749735,0.9800133852230888
1651.683460644603,0.997876819066077,1651.683460644603,0.99468186013892,1651.6667943966693,0.9880412489306408,1651.6265176288125,0.982240956906621
1651.6848494984426,0.9743220303016087,1651.6848494984426,0.9946961267651002,1651.668183250509,0.9892610993696622,1651.6279064831176,1.0006227906615306
1651.6862383522828,0.9868239357294704,1651.6862383522828,0.9947626575182105,1651.6695721043482,0.9679447400436324,1651.6292953369568,0.9760122757830988
1651.6876272061215,0.9783155810644906,1651.6876272061215,0.9947898053737797,1651.6709609586535,0.98816732165679,1651.6306841912622,0.9766450489949594
1651.689016060426,0.9832525425845552,1651.689016060426,0.9947813194382005,1651.6723498124927,0.9746240128354944,1651.6320730451014,0.9967156548849913
1651.6904049142652,1.0059628011867572,1651.6904049142652,0.9947708580980147,1651.6737386663324,1.002847522481607,1651.6334618994065,0.9862511883322574
1651.6917937681048,0.9898816551958479,1651.6917937681048,0.9947977400403956,1651.6751275206368,0.9832413633513212,1651.634850753245,0.9661954702112524
1651.693182621944,0.9894950751815323,1651.693182621944,0.9947347560830444,1651.6765163744756,0.9857692721094342,1651.6362396075494,0.9856394128986772
1651.6945714762494,0.9905489399354939,1651.6945714762494,0.994715493493781,1651.6779052283157,0.9824065295517482,1651.637628461389,0.9913474523886134
1651.6959603300886,0.9681817954779072,1651.6959603300886,0.9947223292054299,1651.6792940826206,0.9920960576068883,1651.639017315694,0.988770405387066
1651.6973491839274,0.9975205241758625,1651.6973491839274,0.9947221679794055,1651.680682936459,1.0052397201891143,1651.6404061695337,0.976214766653153
1651.698738037766,1.0220118877997584,1651.698738037766,0.9946951912517709,1651.6820717902986,0.978192000070222,1651.6417950238383,0.9889422601543836
1651.7001268916065,1.0026326212938108,1651.7001268916065,0.9945963867749158,1651.683460644603,0.992569970578154,1651.6431838776773,0.9857258135929118
1651.7015157459111,0.9889556833700236,1651.7015157459111,0.9946615639377467,1651.6848494984426,0.9691543497629188,1651.6445727319815,0.9781134305146082
1651.70290459975,1.0040920888555178,1651.70290459975,0.9946144899547489,1651.6862383522828,0.9816556008088276,1651.6459615858214,0.981727630072846
1651.7042934535896,0.9754759410726034,1651.7042934535896,0.9946347570285471,1651.6876272061215,0.9732183664812808,1651.6473504401265,0.97254359771286
1651.7056823074283,0.9974564074778643,1651.7056823074283,0.9946032902472739,1651.689016060426,0.9781212616532292,1651.6487392939655,0.9924864958038436
1651.707071161267,0.9899432682935928,1651.707071161267,0.9946049940908158,1651.6904049142652,1.000702478951233,1651.6501281482708,0.9880227467899432
1651.7084600151072,0.9832684339797622,1651.7084600151072,0.9946167191273313,1651.6917937681048,0.9847320334962756,1651.65151700211,0.9930198737947468
1651.7098488689464,0.9969395224203006,1651.7098488689464,0.9946271952867897,1651.693182621944,0.9842851422560752,1651.6529058564145,0.9815530214985408
1651.7112377232509,0.9816873099507429,1651.7112377232509,0.9946194534419487,1651.6945714762494,0.9853143776176764,1651.654294710254,0.9796969555889244
1651.71262657709,0.9801778639669337,1651.71262657709,0.9946019647335737,1651.6959603300886,0.963072050692079,1651.65568356456,0.9835096874196716
1651.7140154309295,1.0119880824355123,1651.7140154309295,0.9947146217057248,1651.6973491839274,0.9922557784121668,1651.657072418399,0.9852920889923708
1651.715404284769,1.0057659988443286,1651.715404284769,0.9947504888769815,1651.698738037766,1.016590310196564,1651.6584612722374,0.996572456921638
1651.7167931386086,0.979408320284645,1651.7167931386086,0.9947507249867442,1651.7001268916065,0.9972147824014866,1651.6598501265423,0.9829060012941172
1651.718181992448,0.9923527736989508,1651.718181992448,0.9946585812025004,1651.7015157459111,0.9836762066859508,1651.661238980381,0.9864249363418788
1651.7195708462866,0.9848950225365248,1651.7195708462866,0.9946479423440157,1651.70290459975,0.9986845408246292,1651.6626278346864,1.0053465162663506
1651.7209597001254,0.9957888936929775,1651.7209597001254,0.9946286460070257,1651.7042934535896,0.9702422756359422,1651.6640166885263,0.9755765718837855
1651.722348553965,1.008650006332969,1651.722348553965,0.9946260912132006,1651.7056823074283,0.9920734247557094,1651.6654055423649,0.998951746158891
1651.7237374078045,1.005288529962852,1651.7237374078045,0.9946252672564474,1651.707071161267,0.9846025185113918,1651.6667943966693,0.9880412489306408
1651.725126261644,1.0142840902068726,1651.725126261644,0.9946718404491176,1651.7084600151072,0.97797522382642,1651.668183250509,0.9892610993696622
1651.7265151159488,1.0131301562467456,1651.7265151159488,0.9947113879395191,1651.7098488689464,0.9915831610554552,1651.6695721043482,0.9679447400436324
1651.7279039697876,0.9741864830057014,1651.7279039697876,0.9946873587250928,1651.7112377232509,0.9764052956741048,1651.6709609586535,0.98816732165679
1651.7292928236263,1.0049388992422565,1651.7292928236263,0.9946972824309139,1651.71262657709,0.9748868292898698,1651.6723498124927,0.9746240128354944
1651.7306816774665,0.9927812794228188,1651.7306816774665,0.9946617227054471,1651.7140154309295,1.0066393425905424,1651.6737386663324,1.002847522481607
1651.7320705313057,0.9991001060535377,1651.7320705313057,0.9947296355016093,1651.715404284769,1.0004862190462414,1651.6751275206368,0.9832413633513212
1651.7334593851444,0.9969545314075535,1651.7334593851444,0.994703633530158,1651.7167931386086,0.9742671366612,1651.6765163744756,0.9857692721094342
1651.734848238984,0.999529927075897,1651.734848238984,0.9947291778300451,1651.718181992448,0.9870522019397644,1651.6779052283157,0.9824065295517482
1651.736237092823,1.0020260595605779,1651.736237092823,0.9947994411309192,1651.7195708462866,0.9796238075908174,1651.6792940826206,0.9920960576068883
1651.737625946662,0.9927648077292731,1651.737625946662,0.9948067777119671,1651.7209597001254,0.9904401590426803,1651.680682936459,1.0052397201891143
1651.7390148005018,0.9936381867330984,1651.7390148005018,0.9948405372586185,1651.722348553965,1.0032296132011311,1651.6820717902986,0.978192000070222
1651.740403654342,0.9861977529699557,1651.740403654342,0.994870800608099,1651.7237374078045,0.9998853727841428,1651.683460644603,0.992569970578154
1651.7417925081809,0.9981640446918386,1651.7417925081809,0.9948623169931671,1651.725126261644,1.0088798227443287,1651.6848494984426,0.9691543497629188
1651.7431813620192,1.0028053511385333,1651.7431813620192,0.9949199701834227,1651.7265151159488,1.007772103883582,1651.6862383522828,0.9816556008088276
1651.744570215393,0.9698599392990908,1651.744570215393,0.9949470330124265,1651.7279039697876,0.9690109796866287,1651.6876272061215,0.9732183664812808
1651.7459590692322,0.9877832650030401,1651.7459590692322,0.9949960290754681,1651.7292928236263,0.9996099920853866,1651.689016060426,0.9781212616532292
1651.747347923072,0.9942913781637702,1651.747347923072,0.9949636897227164,1651.7306816774665,0.9874815376604188,1651.6904049142652,1.000702478951233
1651.748736776911,1.004253844681883,1651.748736776911,0.9949677528987366,1651.7320705313057,0.9938344843242548,1651.6917937681048,0.9847320334962756
1651.7501256307498,0.9800842264769264,1651.7501256307498,0.9949376632403183,1651.7334593851444,0.9916742948554496,1651.693182621944,0.9842851422560752
1651.7515144845886,1.0126251192721665,1651.7515144845886,0.9950152578442398,1651.734848238984,0.994261582576732,1651.6945714762494,0.9853143776176764
1651.7529033384285,0.9701329357665645,1651.7529033384285,0.9950275544123339,1651.736237092823,0.99681496404948,1651.6959603300886,0.963072050692079
1651.7542921922684,0.9997491465701877,1651.7542921922684,0.995026580596245,1651.737625946662,0.9876091594029988,1651.6973491839274,0.9922557784121668
1651.7556810461076,0.9797325574093976,1651.7556810461076,0.9950219693184682,1651.7390148005018,0.9885115475302352,1651.698738037766,1.016590310196564
1651.7570698999464,0.9946401507885799,1651.7570698999464,0.9950723224849811,1651.740403654342,0.981139348055128,1651.7001268916065,0.9972147824014866
1651.7584587537858,0.9632947679772916,1651.7584587537858,0.9950732304622436,1651.7417925081809,0.9930357942413938,1651.7015157459111,0.9836762066859508
1651.7598476071587,0.9996858768928553,1651.7598476071587,0.9950732856055388,1651.7431813620192,0.9977110700545262,1651.70290459975,0.9986845408246292
1651.7612364609984,0.9807529992316498,1651.7612364609984,0.9950415551174432,1651.744570215393,0.9649592690432424,1651.7042934535896,0.9702422756359422
1651.7626253148385,0.9984358654350826,1651.7626253148385,0.9950576777866725,1651.7459590692322,0.9828404262652258,1651.7056823074283,0.9920734247557094
1651.7640141686772,0.969788563476273,1651.7640141686772,0.9950023355376902,1651.747347923072,0.9892838182773096,1651.707071161267,0.9846025185113918
1651.765403022516,1.0094513640266793,1651.765403022516,0.9949869612689147,1651.748736776911,0.99920019118305,1651.7084600151072,0.97797522382642
1651.7667918763552,1.0057053903603321,1651.7667918763552,0.9949891037112303,1651.7501256307498,0.975122710069648,1651.7098488689464,0.9915831610554552
1651.7681807297283,0.9989951565005789,1651.7681807297283,0.994987729959797,1651.7515144845886,1.0075774441521488,1651.7112377232509,0.9764052956741048
1651.769569583568,0.9928565303386836,1651.769569583568,0.995050049607011,1651.7529033384285,0.9653090025306624,1651.71262657709,0.9748868292898698
1651.770958437408,0.9808737088495411,1651.770958437408,0.9950223654679777,1651.7542921922684,0.994776974765748,1651.7140154309295,1.0066393425905424
1651.772347291247,0.997519886487279,1651.772347291247,0.9950390712715255,1651.7556810461076,0.974855418678918,1651.715404284769,1.0004862190462414
1651.7737361450854,0.9683648699463385,1651.7737361450854,0.9950391297675172,1651.7570698999464,0.989738884882004,1651.7167931386086,0.9742671366612
1651.7751249984592,0.9957569671153382,1651.7751249984592,0.9950953313492945,1651.7584587537858,0.958548836658541,1651.718181992448,0.9870522019397644
1651.776513852299,1.001375919942623,1651.776513852299,0.9952081214953769,1651.7598476071587,0.9947607100932276,1651.7195708462866,0.9796238075908174
1651.7779027061383,1.011551900018028,1651.7779027061383,0.9952206206453034,1651.7612364609984,0.9758899895415574,1651.7209597001254,0.9904401590426803
1651.7792915599773,1.016083759465569,1651.7792915599773,0.995286616704177,1651.7626253148385,0.99350127367876,1651.722348553965,1.0032296132011311
1651.780680413351,1.0048459046905758,1651.780680413351,0.9953063552494207,1651.7640141686772,0.9649418856366332,1651.7237374078045,0.9998853727841428
1651.78206926719,1.002131182224557,1651.78206926719,0.9953447202575135,1651.765403022516,1.0043909452416668,1651.725126261644,1.0088798227443287
1651.7834581210288,1.0197857760648346,1651.7834581210288,0.9953760080012762,1651.7667918763552,1.0006659049521798,1651.7265151159488,1.007772103883582
1651.784846974869,1.010579996436705,1651.784846974869,0.9954414980233902,1651.7681807297283,0.9939879230073432,1651.7279039697876,0.9690109796866287
1651.7862358282423,0.9904302927941504,1651.7862358282423,0.9955493074512427,1651.769569583568,0.987941939766152,1651.7292928236263,0.9996099920853866
1651.7876246820813,0.9791326897688281,1651.7876246820813,0.9955493060441837,1651.770958437408,0.9759912780048188,1651.7306816774665,0.9874815376604188
1651.789013535921,1.0023792003739067,1651.789013535921,0.9955639333216812,1651.772347291247,0.9925712614251796,1651.7320705313057,0.9938344843242548
1651.7904023892938,0.999824324583627,1651.7904023892938,0.9956182156448511,1651.7737361450854,0.9635609374888396,1651.7334593851444,0.9916742948554496
1651.7917912431324,0.9770432823471648,1651.7917912431324,0.9956191022713251,1651.7751249984592,0.990873109135006,1651.734848238984,0.994261582576732
1651.7931800969725,0.9589112723784238,1651.7931800969725,0.9956207111760987,1651.776513852299,0.9965774481968028,1651.736237092823,0.99681496404948
1651.7945689508122,0.9763360486736485,1651.7945689508122,0.9956553505892424,1651.7779027061383,1.0067173097508777,1651.737625946662,0.9876091594029988
1651.7959578041853,1.0071747458857545,1651.7959578041853,0.9956442189723488,1651.7792915599773,1.0112945672465468,1651.7390148005018,0.9885115475302352
1651.7973466580245,0.9833534106104075,1651.7973466580245,0.995696008309841,1651.780680413351,1.0001295149848837,1651.740403654342,0.981139348055128
1651.7987355113985,0.9768174274624427,1651.7987355113985,0.9956987434928615,1651.78206926719,0.9974659812326332,1651.7417925081809,0.9930357942413938
1651.8001243652377,1.0071337674171608,1651.8001243652377,0.9957265989376908,1651.7834581210288,1.0150702947958985,1651.7431813620192,0.9977110700545262
1651.8015132190774,0.994754532178725,1651.8015132190774,0.9957689381956214,1651.784846974869,1.005973265525426,1651.744570215393,0.9649592690432424
1651.802902072451,1.0023630890849096,1651.802902072451,0.995841273649716,1651.7862358282423,0.986022192069948,1651.7459590692322,0.9828404262652258
1651.8042909262897,1.0086881850883431,1651.8042909262897,0.995869282312116,1651.7876246820813,0.9747748698245318,1651.747347923072,0.9892838182773096
1651.8056797801285,0.9865109966869633,1651.8056797801285,0.9959169609377198,1651.789013535921,0.9979325794040882,1651.748736776911,0.99920019118305
1651.807068633502,0.9879397001290439,1651.807068633502,0.9959386380890548,1651.7904023892938,0.9954433100002692,1651.7501256307498,0.975122710069648
1651.8084574873417,1.0005818935346744,1651.8084574873417,0.9960391665503182,1651.7917912431324,0.972762955650713,1651.7515144845886,1.0075774441521488
1651.8098463407152,0.9979338906548026,1651.8098463407152,0.9959823939784802,1651.7931800969725,0.954711922960184,1651.7529033384285,0.9653090025306624
1651.811235194555,0.9982858085050887,1651.811235194555,0.9960909291348128,1651.7945689508122,0.9720942108350772,1651.7542921922684,0.994776974765748
1651.8126240483937,0.9992282225054008,1651.8126240483937,0.9962169870128115,1651.7959578041853,1.0027877132360958,1651.7556810461076,0.974855418678918
1651.8140129017668,1.0044556593776919,1651.8140129017668,0.9962910555494761,1651.7973466580245,0.9791210657026508,1651.7570698999464,0.989738884882004
1651.815401755607,0.9814448978500813,1651.815401755607,0.9963996675402504,1651.7987355113985,0.9726158851462836,1651.7584587537858,0.958548836658541
1651.8167906089814,0.9977367692405995,1651.8167906089814,0.9964266248411838,1651.8001243652377,1.0028298809055929,1651.7598476071587,0.9947607100932276
1651.81817946282,0.9860683985960425,1651.81817946282,0.9965490841412504,1651.8015132190774,0.9905456642728911,1651.7612364609984,0.9758899895415574
1651.8195683161932,0.9961873905084898,1651.8195683161932,0.9965542922255384,1651.802902072451,0.99819453529378,1651.7626253148385,0.99350127367876
1651.8209571700324,0.9963187641069359,1651.8209571700324,0.9966073833595296,1651.8042909262897,1.0045215789606392,1651.7640141686772,0.9649418856366332
1651.8223460234055,0.9924489769647026,1651.8223460234055,0.9966995087784578,1651.8056797801285,0.9824830337521214,1651.765403022516,1.0043909452416668
1651.8237348772448,1.0064457956103166,1651.8237348772448,0.9967761134137927,1651.807068633502,0.9839273194606292,1651.7667918763552,1.0006659049521798
1651.8251237306192,1.001208832692745,1651.8251237306192,0.9969028737013865,1651.8084574873417,0.9966187553016164,1651.7681807297283,0.9939879230073432
1651.826512584458,0.9850005656874681,1651.826512584458,0.9969752332081533,1651.8098463407152,0.9939245854466292,1651.769569583568,0.987941939766152
1651.827901437831,0.9802428353370308,1651.827901437831,0.9969575799252579,1651.811235194555,0.9943834385359316,1651.770958437408,0.9759912780048188
1651.8292902916708,1.0050563365080531,1651.8292902916708,0.9969409256113514,1651.8126240483937,0.9954481291624976,1651.772347291247,0.9925712614251796
1651.8306791450443,0.9964340306347365,1651.8306791450443,0.9969702966900047,1651.8140129017668,1.0007301891340457,1651.7737361450854,0.9635609374888396
1651.832067998884,0.998276877064978,1651.832067998884,0.9970164588909265,1651.815401755607,0.977911369926896,1651.7751249984592,0.990873109135006
1651.8334568522575,1.0100644036893964,1651.8334568522575,0.9970169141949735,1651.8167906089814,0.9941714814543576,1651.776513852299,0.9965774481968028
1651.8348457060963,0.984627689835229,1651.8348457060963,0.9970819324157589,1651.81817946282,0.9826655595215156,1651.7779027061383,1.0067173097508777
1651.8362345594694,0.988639080827455,1651.8362345594694,0.9971700699393142,1651.8195683161932,0.992754819872194,1651.7792915599773,1.0112945672465468
1651.8376234128432,1.0005710383608473,1651.8376234128432,0.997271535019075,1651.8209571700324,0.9929386364886138,1651.780680413351,1.0001295149848837
1651.839012266683,0.9952529139136718,1651.839012266683,0.9973107447735413,1651.8223460234055,0.989173407828402,1651.78206926719,0.9974659812326332
1651.840401120057,1.006814865710214,1651.840401120057,0.9973858958163874,1651.8237348772448,1.0032011285101037,1651.7834581210288,1.0150702947958985
1651.841789973896,0.9965231737829803,1651.841789973896,0.9974106529251467,1651.8251237306192,0.9981079624866084,1651.784846974869,1.005973265525426
1651.8431788272694,0.9937804061392344,1651.8431788272694,0.9974300669148242,1651.826512584458,0.9820211686864264,1651.7862358282423,0.986022192069948
1651.8445676806425,0.9890724116287779,1651.8445676806425,0.997459788931022,1651.827901437831,0.9772605248566794,1651.7876246820813,0.9747748698245318
1651.8459565344822,0.9727215839458251,1651.8459565344822,0.997501856652903,1651.8292902916708,1.0019817944098923,1651.789013535921,0.9979325794040882
1651.8473453878566,1.0029100595673772,1651.8473453878566,0.9975559059811084,1651.8306791450443,0.9934151311539304,1651.7904023892938,0.9954433100002692
1651.8487342416954,0.9934227842439958,1651.8487342416954,0.9976060901710085,1651.832067998884,0.9952984769640172,1651.7917912431324,0.972762955650713
1651.8501230950685,0.9816919979844273,1651.8501230950685,0.997718968212729,1651.8334568522575,1.007051294904588,1651.7931800969725,0.954711922960184
1651.851511948442,0.990004922355154,1651.851511948442,0.9978327412822102,1651.8348457060963,0.9817544796909746,1651.7945689508122,0.9720942108350772
1651.8529008022808,0.9793546577707154,1651.8529008022808,0.9979303485247524,1651.8362345594694,0.9858413013734526,1651.7959578041853,1.0027877132360958
1651.8542896556544,0.9841469530769852,1651.8542896556544,0.9980501848482903,1651.8376234128432,0.9978410153217518,1651.7973466580245,0.9791210657026508
1651.8556785090288,1.0010075607972193,1651.8556785090288,0.9981010003623109,1651.839012266683,0.9925764248132812,1651.7987355113985,0.9726158851462836
1651.8570673628676,1.0067488657172177,1651.8570673628676,0.9982000831007203,1651.840401120057,1.0041829467576375,1651.8001243652377,1.0028298809055929
1651.8584562162407,0.9993744607819471,1651.8584562162407,0.9982738269958528,1651.841789973896,0.9939428294179218,1651.8015132190774,0.9905456642728911
1651.8598450696147,0.9988605649139873,1651.8598450696147,0.9982964257272349,1651.8431788272694,0.9912264569940976,1651.802902072451,0.99819453529378
1651.8612339234548,0.9871051076087928,1651.8612339234548,0.9983471612981517,1651.8445676806425,0.9865599589407378,1651.8042909262897,1.0045215789606392
1651.8626227768284,0.9917168610127161,1651.8626227768284,0.9983377655678123,1651.8459565344822,0.9702915859923132,1651.8056797801285,0.9824830337521214
1651.8640116302015,1.0096574343161777,1651.8640116302015,0.9983924940659406,1651.8473453878566,1.0004588530893024,1651.807068633502,0.9839273194606292
1651.8654004835755,0.9957217657141787,1651.8654004835755,0.9983725309681852,1651.8487342416954,0.99104461967645,1651.8084574873417,0.9966187553016164
1651.8667893374145,0.9928440655055515,1651.8667893374145,0.9984177980171197,1651.8501230950685,0.9794527273317152,1651.8098463407152,0.9939245854466292
1651.8681781907874,0.9847814577587231,1651.8681781907874,0.9984476403962179,1651.851511948442,0.987859325556525,1651.811235194555,0.9943834385359316
1651.8695670441618,0.9941666522208144,1651.8695670441618,0.998540065369499,1651.8529008022808,0.9773277349584696,1651.8126240483937,0.9954481291624976
1651.8709558975354,1.0098384375083373,1651.8709558975354,0.9985782757208707,1651.8542896556544,0.9822280484363668,1651.8140129017668,1.0007301891340457
1651.8723447513742,0.9881703731994365,1651.8723447513742,0.9986978400525959,1651.8556785090288,0.9991066478019414,1651.815401755607,0.977911369926896
1651.8737336047477,1.0065219043016598,1651.8737336047477,0.9987694719034004,1651.8570673628676,1.0049368014204825,1651.8167906089814,0.9941714814543576
1651.8751224581208,1.0007991321451277,1651.8751224581208,0.9988063922330875,1651.8584562162407,0.9976493675667112,1651.81817946282,0.9826655595215156
1651.8765113114948,0.991998465961057,1651.8765113114948,0.9989415594924843,1651.8598450696147,0.9971589317535202,1651.8195683161932,0.992754819872194
1651.8779001648693,0.9957493586075361,1651.8779001648693,0.9990769616069269,1651.8612339234548,0.9854735820841448,1651.8209571700324,0.9929386364886138
1651.879289018708,0.9889359843529671,1651.879289018708,0.9991250150425935,1651.8626227768284,0.9900683950993596,1651.8223460234055,0.989173407828402
1651.8806778720812,0.9944448467032366,1651.8806778720812,0.9991865867130059,1651.8640116302015,1.0080344039991471,1651.8237348772448,1.0032011285101037
1651.8820667254547,1.0119411426614429,1651.8820667254547,0.999304161909676,1651.8654004835755,0.994101259376175,1651.8251237306192,0.9981079624866084
1651.8834555788287,0.9967261811910533,1651.8834555788287,0.9993652072311794,1651.8667893374145,0.9912731856564176,1651.826512584458,0.9820211686864264
1651.8848444322025,0.9908165332246938,1651.8848444322025,0.9994227180154764,1651.8681781907874,0.9832527228051448,1651.827901437831,0.9772605248566794
1651.886233285576,1.000254483237044,1651.886233285576,0.9995292905891504,1651.8695670441618,0.992715233896748,1651.8292902916708,1.0019817944098923
1651.8876221394155,0.9980296933022595,1651.8876221394155,0.9996495337847888,1651.8709558975354,1.0084027256837338,1651.8306791450443,0.9934151311539304
1651.8890109927886,0.9882618184847415,1651.8890109927886,0.9997219510821641,1651.8723447513742,0.9868836173182448,1651.832067998884,0.9952984769640172
1651.8903998461617,1.0068310696093599,1651.8903998461617,0.9997664956058987,1651.8737336047477,1.0052833508185737,1651.8334568522575,1.007051294904588
1651.8917886995362,0.9938470553481014,1651.8917886995362,0.9999140966453332,1651.8751224581208,0.99960457052788,1651.8348457060963,0.9817544796909746
1651.8931775529095,1.005015024189708,1651.8931775529095,1.0000249200183133,1651.8765113114948,0.9909484946012904,1651.8362345594694,0.9858413013734526
1651.8945664062828,0.9825975173427536,1651.8945664062828,1.0001574409050211,1651.8779001648693,0.9948302437196634,1651.8376234128432,0.9978410153217518
1651.8959552596568,0.9991085402242117,1651.8959552596568,1.000221449413435,1651.879289018708,0.9880706802428204,1651.839012266683,0.9925764248132812
1651.89734411303,0.988845945055893,1651.89734411303,1.0003224537929971,1651.8806778720812,0.9936359520517454,1651.840401120057,1.0041829467576375
1651.898732966403,0.9806841623162347,1651.898732966403,1.0004548495533911,1651.8820667254547,1.011236995469213,1651.841789973896,0.9939428294179218
1651.9001218197775,0.9995582398506506,1651.9001218197775,1.0005367454337581,1651.8834555788287,0.996093466618739,1651.8431788272694,0.9912264569940976
1651.901510673152,1.009490691010017,1651.901510673152,1.0005625085862737,1651.8848444322025,0.990244552690095,1651.8445676806425,0.9865599589407378
1651.9028995269905,1.010838313458841,1651.9028995269905,1.0006325264326308,1651.886233285576,0.9997836540385396,1651.8459565344822,0.9702915859923132
1651.9042883803634,0.9885271274203659,1651.9042883803634,1.000772437450862,1651.8876221394155,0.9976799176129796,1651.8473453878566,1.0004588530893024
1651.9056772337374,1.0060919807410154,1651.9056772337374,1.0009156132498045,1651.8890109927886,0.9879870333555733,1651.8487342416954,0.99104461967645
1651.907066087111,1.0045985566377866,1651.907066087111,1.0010115459889244,1651.8903998461617,1.0065959701304883,1651.8501230950685,0.9794527273317152
1651.908454940485,1.0014829416864461,1651.908454940485,1.001081400376984,1651.8917886995362,0.9937616805520212,1651.851511948442,0.987859325556525
1651.9098437938585,0.9828351948739612,1651.9098437938585,1.001155678264799,1651.8931775529095,1.005040069182516,1651.8529008022808,0.9773277349584696
1651.9112326472316,1.0199760609869906,1651.9112326472316,1.0012748162736225,1651.8945664062828,0.9827522183851556,1651.8542896556544,0.9822280484363668
1651.9126215006047,0.9764342945578567,1651.9126215006047,1.0013373383178756,1651.8959552596568,0.9993297922244022,1651.8556785090288,0.9991066478019414
1651.9140103539787,0.9878550728780481,1651.9140103539787,1.0013556245773947,1651.89734411303,0.989164802181566,1651.8570673628676,1.0049368014204825
1651.9153992073525,0.9913615512078772,1651.9153992073525,1.0014944725252362,1651.898732966403,0.981130226069482,1651.8584562162407,0.9976493675667112
1651.9167880607265,1.0171606053718525,1651.9167880607265,1.0014556232033358,1651.9001218197775,1.0000947481716658,1651.8598450696147,0.9971589317535202
1651.9181769136342,0.987913211954187,1651.9181769136342,1.0015635103199942,1651.901510673152,1.0100585381914735,1651.8612339234548,0.9854735820841448
1651.9195657670073,1.010672593657807,1651.9195657670073,1.0016913322214136,1651.9028995269905,1.0114776954112197,1651.8626227768284,0.9900683950993596
1651.9209546203804,1.004332752693065,1651.9209546203804,1.0017381428933962,1651.9042883803634,0.9892907027947784,1651.8640116302015,1.0080344039991471
1651.9223434737548,1.014431472028458,1651.9223434737548,1.0017278029539092,1651.9056772337374,1.0070131718891038,1651.8654004835755,0.994101259376175
1651.9237323271293,1.018708062660602,1651.9237323271293,1.0018239341008073,1651.907066087111,1.0056147542782328,1651.8667893374145,0.9912731856564176
1651.9251211805024,1.0042701453899439,1651.9251211805024,1.0018446372951155,1651.908454940485,1.0025659457171288,1651.8681781907874,0.9832527228051448
1651.9265100338755,1.00865897558428,1651.9265100338755,1.001949364947864,1651.9098437938585,0.9839710361465566,1651.8695670441618,0.992715233896748
1651.927898887249,1.0083687201923222,1651.927898887249,1.0020623088585718,1651.9112326472316,1.021276343068242,1651.8709558975354,1.0084027256837338
1651.9292877406222,0.9796549936740033,1651.9292877406222,1.0021444926367253,1651.9126215006047,0.9777401175548568,1651.8723447513742,0.9868836173182448
1651.9306765939962,1.0045742317984192,1651.9306765939962,1.002132891330769,1651.9140103539787,0.9891942334937456,1651.8737336047477,1.0052833508185737
1651.9320654473706,0.9930893673245016,1651.9320654473706,1.0021691094750478,1651.9153992073525,0.9928431138087328,1651.8751224581208,0.99960457052788
1651.9334543002778,0.9889449822812735,1651.9334543002778,1.0022602494874464,1651.9167880607265,1.018641207950551,1651.8765113114948,0.9909484946012904
1651.9348431536507,1.0127245014010438,1651.9348431536507,1.0022559020174682,1651.9181769136342,0.989457824456336,1651.8779001648693,0.9948302437196634
1651.9362320070247,1.0001442484128367,1651.9362320070247,1.002310609327783,1651.9195657670073,1.01238197678076,1651.879289018708,0.9880706802428204
1651.9376208603985,1.0055071121710741,1651.9376208603985,1.0024104054668823,1651.9209546203804,1.0060784265297635,1651.8806778720812,0.9936359520517454
1651.9390097137723,0.9990004793943514,1651.9390097137723,1.0024194610536734,1651.9223434737548,1.0161842097223672,1651.8820667254547,1.011236995469213
1651.9403985671458,1.0040637961401615,1651.9403985671458,1.0024258465434739,1651.9237323271293,1.020566119034856,1651.8834555788287,0.996093466618739
1651.9417874200533,0.9958359344486144,1651.9417874200533,1.0024095110295108,1651.9251211805024,1.0061226595545012,1651.8848444322025,0.990244552690095
1651.9431762734264,0.9865264273177095,1651.9431762734264,1.0025444333334517,1651.9265100338755,1.0106252200356325,1651.886233285576,0.9997836540385396
1651.9445651268004,1.0010379013722583,1651.9445651268004,1.002610506962148,1651.927898887249,1.0104482879366816,1651.8876221394155,0.9976799176129796
1651.9459539801749,1.0075962230746123,1651.9459539801749,1.00262925734086,1651.9292877406222,0.9817558565944684,1651.8890109927886,0.9879870333555733
1651.9473428335484,1.019475568321977,1651.9473428335484,1.0026185176745002,1651.9306765939962,1.006716879468536,1651.8903998461617,1.0065959701304883
1651.948731686456,0.9937336651216377,1651.948731686456,1.0027249755207712,1651.9320654473706,0.9952434868807344,1651.8917886995362,0.9937616805520212
1651.9501205398296,0.9733738663694518,1651.9501205398296,1.002727910182497,1651.9334543002778,0.9911802446705874,1651.8931775529095,1.005040069182516
1651.9515093932023,1.0150583535294755,1651.9515093932023,1.0027711778232904,1651.9348431536507,1.0150091086468938,1651.8945664062828,0.9827522183851556
1651.9528982465756,0.9879995479837838,1651.9528982465756,1.0028475799261034,1651.9362320070247,1.0024551910423478,1651.8959552596568,0.9993297922244022
1651.9542870994844,1.0075360161971643,1651.9542870994844,1.0029163690450702,1651.9376208603985,1.0079307920112404,1651.89734411303,0.989164802181566
1651.9556759528584,0.996280606993737,1651.9556759528584,1.0029794599895214,1651.9390097137723,1.001417522146847,1651.898732966403,0.981130226069482
1651.9570648062315,1.0073013250551381,1651.9570648062315,1.0029610614115678,1651.9403985671458,1.0064995008294553,1651.9001218197775,1.0000947481716658
1651.958453659605,1.0004456145532847,1651.958453659605,1.0030111367649812,1651.9417874200533,0.9982354121162516,1651.901510673152,1.0100585381914735
1651.9598425125123,1.0192135206016426,1651.9598425125123,1.003117442738074,1651.9431762734264,0.9890365780437076,1651.9028995269905,1.0114776954112197
1651.9612313658863,1.0003585842997538,1651.9612313658863,1.0031660139261218,1651.9445651268004,1.0036511177831646,1651.9042883803634,0.9892907027947784
1651.962620219261,0.9972460706130655,1651.962620219261,1.003184461921641,1651.9459539801749,1.010245452840754,1651.9056772337374,1.0070131718891038
1651.9640090721684,1.0109673880440244,1651.9640090721684,1.0032406211110982,1651.9473428335484,1.0221450831163492,1651.907066087111,1.0056147542782328
1651.9653979255413,1.0018981543946641,1651.9653979255413,1.0032318193145087,1651.948731686456,0.9964415650332604,1651.908454940485,1.0025659457171288
1651.966786778915,1.0119336573570186,1651.966786778915,1.0032463440887849,1651.9501205398296,0.9760291428508976,1651.9098437938585,0.9839710361465566
1651.968175631823,0.9767674641298962,1651.968175631823,1.0033173990143454,1651.9515093932023,1.017871260728122,1651.9112326472316,1.021276343068242
1651.969564485197,1.0196728399083048,1651.969564485197,1.003334589265602,1651.9528982465756,0.9908129556636216,1651.9126215006047,0.9777401175548568
1651.9709533385706,1.0214175976397324,1651.9709533385706,1.003439383959236,1651.9542870994844,1.010474363046595,1651.9140103539787,0.9891942334937456
1651.972342191479,1.002556415025206,1651.972342191479,1.0034751766083134,1651.9556759528584,0.999248985200611,1651.9153992073525,0.9928431138087328
1651.973731044852,1.0035762563246247,1651.973731044852,1.0034036593713769,1651.9570648062315,1.01028400613858,1651.9167880607265,1.018641207950551
1651.9751198977594,1.0127699010904938,1651.9751198977594,1.0034487519102395,1651.958453659605,1.0034580931246304,1651.9181769136342,0.989457824456336
1651.976508751134,1.0047914490261478,1651.976508751134,1.0034730379833283,1651.9598425125123,1.022390860389989,1651.9195657670073,1.01238197678076
1651.9778976045077,1.023771175037694,1651.9778976045077,1.003470125276354,1651.9612313658863,1.0035257335087624,1651.9209546203804,1.0060784265297635
1651.979286457415,1.0067146673605787,1651.979286457415,1.003530828725047,1651.962620219261,1.000421762751439,1651.9223434737548,1.0161842097223672
1651.980675310789,1.028659938829861,1651.980675310789,1.0035733666862516,1651.9640090721684,1.0142435503043516,1651.9237323271293,1.020566119034856
1651.982064163696,1.0070155453214866,1651.982064163696,1.0036600712365376,1651.9653979255413,1.0051361082012074,1651.9251211805024,1.0061226595545012
1651.983453017069,0.9964504997335535,1651.983453017069,1.0037102566667133,1651.966786778915,1.015218742203822,1651.9265100338755,1.0106252200356325
1651.9848418704437,1.018939259890147,1651.9848418704437,1.003824509347134,1651.968175631823,0.9800077915526454,1651.927898887249,1.0104482879366816
1651.9862307233525,1.0044769542222614,1651.9862307233525,1.0038253429149837,1651.969564485197,1.023073030014689,1651.9292877406222,0.9817558565944684
1651.9876195767254,1.008731082340636,1651.9876195767254,1.0038246391203864,1651.9709533385706,1.0249306449407358,1651.9306765939962,1.006716879468536
1651.9890084296328,1.013363198332299,1651.9890084296328,1.0039231195450415,1651.972342191479,1.006040475627216,1651.9320654473706,0.9952434868807344
1651.9903972830068,1.007573593904055,1651.9903972830068,1.003998855845439,1651.973731044852,1.0069920880543552,1651.9334543002778,0.9911802446705874
1651.9917861359147,1.0002644179252191,1651.9917861359147,1.004062631861856,1651.9751198977594,1.0162626932215126,1651.9348431536507,1.0150091086468938
1651.9931749892887,1.0073292463076,1651.9931749892887,1.0041395374744915,1651.976508751134,1.0082811278939392,1651.9362320070247,1.0024551910423478
1651.9945638421966,1.012543491838458,1651.9945638421966,1.0042194457780018,1651.9778976045077,1.0273237892693952,1651.9376208603985,1.0079307920112404
1651.9959526955697,1.005742896644905,1651.9959526955697,1.0042218622018586,1651.979286457415,1.0102692044260215,1651.9390097137723,1.001417522146847
1651.9973415484772,0.9905347335181511,1651.9973415484772,1.0043039773181248,1651.980675310789,1.0323357179867572,1651.9403985671458,1.0064995008294553
1651.9987304018507,1.0111377438931335,1651.9987304018507,1.0043460112086613,1651.982064163696,1.010701293953664,1651.9417874200533,0.9982354121162516
1652.000119254759,1.0337463709153716,1652.000119254759,1.0044277361147216,1651.983453017069,1.0001475868432397,1651.9431762734264,0.9890365780437076
1652.001508107667,1.0164730990010453,1652.001508107667,1.0045347436198524,1651.9848418704437,1.0228362026137587,1651.9445651268004,1.0036511177831646
1652.002896961041,1.0043827839806039,1652.002896961041,1.004435260193963,1651.9862307233525,1.00831942302236,1651.9459539801749,1.010245452840754
1652.0042858139484,1.0048261956791795,1652.0042858139484,1.004456635030846,1651.9876195767254,1.0125891147001056,1651.9473428335484,1.0221450831163492
1652.0056746673215,1.0058658381360142,1652.0056746673215,1.004475390858505,1651.9890084296328,1.0173387433019023,1651.948731686456,0.9964415650332604
1652.0070635202303,0.998993565059932,1652.0070635202303,1.0044617036793628,1651.9903972830068,1.0116027354597483,1651.9501205398296,0.9760291428508976
1652.0084523736048,1.0007312070374217,1652.0084523736048,1.0044626520772493,1651.9917861359147,1.004328124019763,1651.9515093932023,1.017871260728122
1652.0098412265122,1.0114632538078299,1652.0098412265122,1.0045193254286908,1651.9931749892887,1.0114991234718416,1651.9528982465756,0.9908129556636216
1652.0112300794196,0.9917146630284925,1652.0112300794196,1.0045986562682239,1651.9945638421966,1.016815864200139,1651.9542870994844,1.010474363046595
1652.0126189327932,0.9995359357644049,1652.0126189327932,1.0046956605742827,1651.9959526955697,1.0099890045650377,1651.9556759528584,0.999248985200611
1652.0140077857006,0.989569167071217,1652.0140077857006,1.004742572943286,1651.9973415484772,0.994797972544028,1651.9570648062315,1.01028400613858
1652.0153966386083,0.9970282706511492,1652.0153966386083,1.0046974380756188,1651.9987304018507,1.0155321598615936,1651.958453659605,1.0034580931246304
1652.016785491983,1.0188223552093756,1652.016785491983,1.004671765191776,1652.000119254759,1.038323527055336,1651.9598425125123,1.022390860389989
1652.0181743448904,1.0138924901075157,1652.0181743448904,1.004677454234168,1652.001508107667,1.021082543901492,1651.9612313658863,1.0035257335087624
1652.019563197798,1.0117800665684913,1652.019563197798,1.00467581811558,1652.002896961041,1.008837482961895,1651.962620219261,1.000421762751439
1652.020952051172,0.9925815586133289,1652.020952051172,1.004765128975665,1652.0042858139484,1.009304339302755,1651.9640090721684,1.0142435503043516
1652.0223409040798,1.0163554126787362,1652.0223409040798,1.004775951850146,1652.0056746673215,1.0103674809128904,1651.9653979255413,1.0051361082012074
1652.023729756988,1.0108431437043923,1652.023729756988,1.0048083035161768,1652.0070635202303,1.0034507783248197,1651.966786778915,1.015218742203822
1652.0251186103617,1.000358475881148,1652.0251186103617,1.0048501603867368,1652.0084523736048,1.0051971222372753,1651.968175631823,0.9800077915526454
1652.0265074632691,1.0134057268244079,1652.0265074632691,1.0048488852725104,1652.0098412265122,1.01603438541095,1651.969564485197,1.023073030014689
1652.0278963161766,1.0059379369613524,1652.0278963161766,1.0048265196744832,1652.0112300794196,0.996275217879918,1651.9709533385706,1.0249306449407358
1652.0292851690845,1.0130941508607219,1652.0292851690845,1.004777800135884,1652.0126189327932,1.0042294172505526,1651.972342191479,1.006040475627216
1652.030674022459,0.9918559414576955,1652.030674022459,1.0047781478877111,1652.0140077857006,0.994262271028479,1651.973731044852,1.0069920880543552
1652.0320628753673,1.0196642633318713,1652.0320628753673,1.0048087488648725,1652.0153966386083,1.0017117492121743,1651.9751198977594,1.0162626932215126
1652.0334517282747,1.0033439133479316,1652.0334517282747,1.0049006040805448,1652.016785491983,1.023582054025046,1651.976508751134,1.0082811278939392
1652.0348405811826,1.025476627797726,1652.0348405811826,1.0048986193602523,1652.0181743448904,1.0186349258283602,1651.9778976045077,1.0273237892693952
1652.0362294345557,1.0052839914733867,1652.0362294345557,1.0049237406838796,1652.019563197798,1.016510966132735,1651.979286457415,1.0102692044260215
1652.037618287464,0.9971714727704819,1652.037618287464,1.004934862594477,1652.020952051172,0.997311337758988,1651.980675310789,1.0323357179867572
1652.0390071403729,1.014912448404299,1652.0390071403729,1.0049433928433698,1652.0223409040798,1.021209477192325,1651.982064163696,1.010701293953664
1652.0403959932803,1.0006172885783362,1652.0403959932803,1.0049853523696417,1652.023729756988,1.0157035843465694,1651.983453017069,1.0001475868432397
1652.0417848466534,1.012134867613341,1652.0417848466534,1.005053653935276,1652.0251186103617,1.0052103749334032,1651.9848418704437,1.0228362026137587
1652.0431736995613,1.005366852986755,1652.0431736995613,1.0051233860601152,1652.0265074632691,1.0183196149282845,1651.9862307233525,1.00831942302236
1652.0445625524687,1.0278661883495022,1652.0445625524687,1.0050929935493513,1652.0278963161766,1.0107931162054054,1651.9876195767254,1.0125891147001056
1652.0459514053766,1.0221243744656168,1652.0459514053766,1.005093438076978,1652.0292851690845,1.0179345122323675,1651.9890084296328,1.0173387433019023
1652.0473402582854,1.0152170262942168,1652.0473402582854,1.0051007386335045,1652.030674022459,0.9965951758292854,1651.9903972830068,1.0116027354597483
1652.0487291111929,1.0003643023406423,1652.0487291111929,1.0051028133133524,1652.0320628753673,1.0245675727007195,1651.9917861359147,1.004328124019763
1652.0501179641003,1.0164275841902708,1652.0501179641003,1.005080099674145,1652.0334517282747,1.0082609046238742,1651.9931749892887,1.0114991234718416
1652.0515068174743,1.0083516498934697,1652.0515068174743,1.0051128147721669,1652.0348405811826,1.0305000474601422,1651.9945638421966,1.016815864200139
1652.0528956703831,1.0203781979962163,1652.0528956703831,1.0051186892823147,1652.0362294345557,1.010233749161057,1651.9959526955697,1.0099890045650377
1652.054284523291,1.0063057809379794,1652.054284523291,1.0050810120996374,1652.037618287464,1.0020923769717365,1651.9973415484772,0.994797972544028
1652.0556733761985,1.001072477846553,1652.0556733761985,1.0051226549343508,1652.0390071403729,1.0199295593383877,1651.9987304018507,1.0155321598615936
1652.0570622291068,1.0179684103320998,1652.0570622291068,1.005221802650317,1652.0403959932803,1.0056057183490548,1652.000119254759,1.038323527055336
1652.0584510820142,1.0047626429243486,1652.0584510820142,1.005257688136265,1652.0417848466534,1.0172498469700852,1652.001508107667,1.021082543901492
1652.0598399349217,0.984932958691786,1652.0598399349217,1.0053201539966663,1652.0431736995613,1.0105177355066493,1652.002896961041,1.008837482961895
1652.06122878783,1.0172172541781341,1652.06122878783,1.0053700404251962,1652.0445625524687,1.0331011042163625,1652.0042858139484,1.009304339302755
1652.0626176407384,1.0110508941840735,1652.0626176407384,1.0053865188940005,1652.0459514053766,1.0273305016739274,1652.0056746673215,1.0103674809128904
1652.0640064936458,1.002851363431454,1652.0640064936458,1.0053806022180156,1652.0473402582854,1.0203953830016272,1652.0070635202303,1.0034507783248197
1652.0653953465535,1.003640569435312,1652.0653953465535,1.005367471612097,1652.0487291111929,1.0054689746208287,1652.0084523736048,1.0051971222372753
1652.0667841994612,0.9997460602850086,1652.0667841994612,1.0053551780354026,1652.0501179641003,1.0215911376295077,1652.0098412265122,1.01603438541095
1652.0681730523695,1.0054423266305605,1652.0681730523695,1.005344422390193,1652.0515068174743,1.013507165104584,1652.0112300794196,0.996275217879918
1652.0695619052783,1.0031738816756166,1652.0695619052783,1.0053767490925465,1652.0528956703831,1.0256011969422072,1652.0126189327932,1.0042294172505526
1652.0709507581855,1.0101597812859069,1652.0709507581855,1.0054682814167981,1652.054284523291,1.0114188327868603,1652.0140077857006,0.994262271028479
1652.0723396110932,1.0038471892368905,1652.0723396110932,1.0055520525577775,1652.0556733761985,1.0062006267148365,1652.0153966386083,1.0017117492121743
1652.073728464001,1.020423692531438,1652.073728464001,1.0055517981975883,1652.0570622291068,1.023284040475111,1652.016785491983,1.023582054025046
1652.0751173169094,1.014082221994222,1652.0751173169094,1.0055167295731209,1652.0584510820142,1.010045371551814,1652.0181743448904,1.0186349258283602
1652.076506169817,0.9994788135612882,1652.076506169817,1.0055285957289137,1652.0598399349217,0.9901729537084184,1652.019563197798,1.016510966132735
1652.0778950227252,0.9932167453054047,1652.0778950227252,1.0055576446582706,1652.06122878783,1.0226797519542778,1652.020952051172,0.997311337758988
1652.0792838756336,0.9935135378909532,1652.0792838756336,1.0055879628590585,1652.0626176407384,1.0164969389283922,1652.0223409040798,1.021209477192325
1652.080672728541,1.0005533113005671,1652.080672728541,1.0056097888673508,1652.0640064936458,1.0082473077018732,1652.023729756988,1.0157035843465694
1652.0820615814484,1.0128792473809949,1652.0820615814484,1.0056052615672648,1652.0653953465535,1.009027581700505,1652.0251186103617,1.0052103749334032
1652.0834504343572,1.0062715381575031,1652.0834504343572,1.0055921601079088,1652.0667841994612,1.0050998784280272,1652.0265074632691,1.0183196149282845
1652.0848392872651,1.0036701494495521,1652.0848392872651,1.0055879503562388,1652.0681730523695,1.0108158351130527,1652.0278963161766,1.0107931162054054
1652.0862281401726,0.9965470089652877,1652.0862281401726,1.005583062354936,1652.0695619052783,1.0085676959335823,1652.0292851690845,1.0179345122323675
1652.087616993081,1.030024227840799,1652.087616993081,1.0055958076823988,1652.0709507581855,1.0156836192459096,1652.030674022459,0.9965951758292854
1652.0890058459884,1.0084422356222595,1652.0890058459884,1.0056654498523985,1652.0723396110932,1.009420601591511,1652.0320628753673,1.0245675727007195
1652.09039469843,0.9968559700814666,1652.09039469843,1.0056772237937275,1652.073728464001,1.0260888789484106,1652.0334517282747,1.0082609046238742
1652.091783551339,0.9932048676750458,1652.091783551339,1.005652762793754,1652.0751173169094,1.0196766393778738,1652.0348405811826,1.0305000474601422
1652.0931724042475,1.0197057492128334,1652.0931724042475,1.0057147633691375,1652.076506169817,1.0050045278610829,1652.0362294345557,1.010233749161057
1652.0945612571547,1.0308941538235308,1652.0945612571547,1.0057485424866273,1652.0778950227252,0.9987366910444562,1652.037618287464,1.0020923769717365
1652.0959501100622,1.0211029145195947,1652.0959501100622,1.0058195857965786,1652.0792838756336,0.9990652546406597,1652.0390071403729,1.0199295593383877
1652.0973389629703,1.0102432732121023,1652.0973389629703,1.0057770300906956,1652.080672728541,1.006166204127492,1652.0403959932803,1.0056057183490548
1652.0987278154123,1.0117909098686908,1652.0987278154123,1.0057432756677114,1652.0820615814484,1.0185567004986198,1652.0417848466534,1.0172498469700852
1652.1001166683202,1.0026753143635359,1652.1001166683202,1.0057699768778547,1652.0834504343572,1.0118987697109114,1652.0431736995613,1.0105177355066493
1652.101505521229,1.009550241753427,1652.101505521229,1.0058458838753817,1652.0848392872651,1.009278608418715,1652.0445625524687,1.0331011042163625
1652.1028943741364,1.0216579090756848,1652.1028943741364,1.005846731965859,1652.0862281401726,1.0021107930559658,1652.0459514053766,1.0273305016739274
1652.104283227044,1.0082847199160747,1652.104283227044,1.0058260556966836,1652.087616993081,1.0357880453280073,1652.0473402582854,1.0203953830016272
1652.1056720794866,1.0013095009943087,1652.1056720794866,1.0058589035493795,1652.0890058459884,1.014155514537218,1652.0487291111929,1.0054689746208287
1652.1070609323945,0.9984169271909733,1652.1070609323945,1.0058448059464682,1652.09039469843,1.0025153445137325,1652.0501179641003,1.0215911376295077
1652.1084497853026,1.0194451199968633,1652.1084497853026,1.0057849874821474,1652.091783551339,0.9988192191976146,1652.0515068174743,1.013507165104584
1652.1098386382107,1.0029513317316328,1652.1098386382107,1.0058342516614538,1652.0931724042475,1.0255331262757337,1652.0528956703831,1.0256011969422072
1652.1112274906525,0.9977969324927163,1652.1112274906525,1.0058707332838612,1652.0945612571547,1.036820292666001,1652.054284523291,1.0114188327868603
1652.11261634356,1.0014255509366672,1652.11261634356,1.0058768265045017,1652.0959501100622,1.027045310537778,1652.0556733761985,1.0062006267148365
1652.1140051964678,0.9893100206397574,1652.1140051964678,1.0059192055481219,1652.0973389629703,1.0160794790003715,1652.0570622291068,1.023284040475111
1652.1153940493766,0.9982748035358446,1652.1153940493766,1.005853527242086,1652.0987278154123,1.0176019039821511,1652.0584510820142,1.010045371551814
1652.1167829018193,1.0025829769396901,1652.1167829018193,1.0058626936576653,1652.1001166683202,1.0084607277434092,1652.0598399349217,0.9901729537084184
1652.1181717547267,1.0020126059442385,1652.1181717547267,1.0059092190575252,1652.101505521229,1.015451955233081,1652.06122878783,1.0226797519542778
1652.1195606076346,1.011230324226147,1652.1195606076346,1.0059073987000355,1652.1028943741364,1.0276312690308502,1652.0626176407384,1.0164969389283922
1652.1209494600764,0.9956439174349311,1652.1209494600764,1.0059136480410276,1652.104283227044,1.0141590428524208,1652.0640064936458,1.0082473077018732
1652.1223383129848,1.0211388429607893,1652.1223383129848,1.005906647922656,1652.1056720794866,1.0071760767837117,1652.0653953465535,1.009027581700505
1652.1237271658936,0.9997086728447347,1652.1237271658936,1.005908749433814,1652.1070609323945,1.0042524803840736,1652.0667841994612,1.0050998784280272
1652.1251160183351,0.9983722553372447,1652.1251160183351,1.005888950189385,1652.1084497853026,1.0253425972547814,1652.0681730523695,1.0108158351130527
1652.1265048712423,1.0202985975044923,1652.1265048712423,1.005862835798384,1652.1098386382107,1.0088028022051454,1652.0695619052783,1.0085676959335823
1652.127893723685,1.0112456601545028,1652.127893723685,1.0058617632181517,1652.1112274906525,1.003654732154836,1652.0709507581855,1.0156836192459096
1652.1292825765925,1.0102978563711709,1652.1292825765925,1.0058707328079626,1652.11261634356,1.007310755156697,1652.0723396110932,1.009420601591511
1652.1306714295004,0.9891503206515293,1652.1306714295004,1.005877335974243,1652.1140051964678,0.9951659500027408,1652.073728464001,1.0260888789484106
1652.1320602819435,1.0032258892470962,1652.1320602819435,1.0058770516250908,1652.1153940493766,1.00411823229343,1652.0751173169094,1.0196766393778738
1652.133449134851,1.0083641964607033,1652.133449134851,1.0058097620739914,1652.1167829018193,1.0084608137998776,1652.076506169817,1.0050045278610829
1652.1348379872927,0.9927516356834964,1652.1348379872927,1.0057987792147365,1652.1181717547267,1.0079337179311647,1652.0778950227252,0.9987366910444562
1652.136226840201,1.009182797484889,1652.136226840201,1.0058034829432299,1652.1195606076346,1.017204064928917,1652.0792838756336,0.9990652546406597
1652.1376156926442,1.0105588100899947,1652.1376156926442,1.0058634810977032,1652.1209494600764,1.0015318051368312,1652.080672728541,1.006166204127492
1652.139004545552,1.0025611126538596,1652.139004545552,1.0058513253329417,1652.1223383129848,1.027170350586307,1652.0820615814484,1.0185567004986198
1652.1403933984595,0.9932517371062575,1652.1403933984595,1.0058691304729062,1652.1237271658936,1.005615700899385,1652.0834504343572,1.0118987697109114
1652.1417822509018,1.017377596906292,1652.1417822509018,1.0058106321339266,1652.1251160183351,1.0042516198193898,1652.0848392872651,1.009278608418715
1652.1431711038092,1.0038723073318927,1652.1431711038092,1.0058039540714574,1652.1265048712423,1.0262804406469828,1652.0862281401726,1.0021107930559658
1652.144559956251,1.0163872467011155,1652.144559956251,1.005750941631344,1652.127893723685,1.017173342769712,1652.087616993081,1.0357880453280073
1652.1459488091598,0.9928183547544067,1652.1459488091598,1.0057595318592347,1652.1292825765925,1.0162290451423834,1652.0890058459884,1.014155514537218
1652.1473376616025,1.0006776399385777,1652.1473376616025,1.0057226324396384,1652.1306714295004,0.9949638894150286,1652.09039469843,1.0025153445137325
1652.14872651451,1.0265880430973495,1652.14872651451,1.0057312610924893,1652.1320602819435,1.009121899589829,1652.091783551339,0.9988192191976146
1652.150115366952,1.0054451633487793,1652.150115366952,1.0057331621028711,1652.133449134851,1.0142225525260715,1652.0931724042475,1.0255331262757337
1652.151504219394,0.9883661646428207,1652.151504219394,1.005704299866044,1652.1348379872927,0.9985083832338936,1652.0945612571547,1.036820292666001
1652.1528930723025,1.0014346945580888,1652.1528930723025,1.005682628186492,1652.136226840201,1.0150395726366936,1652.0959501100622,1.027045310537778
1652.1542819247454,1.0087254588879218,1652.1542819247454,1.005605153103476,1652.1376156926442,1.0164842025710747,1652.0973389629703,1.0160794790003715
1652.1556707776526,1.0157976679246086,1652.1556707776526,1.0056064522344583,1652.139004545552,1.0084274238901534,1652.0987278154123,1.0176019039821511
1652.1570596300942,1.0002617737540345,1652.1570596300942,1.0055469627145934,1652.1403933984595,0.9990812611437748,1652.1001166683202,1.0084607277434092
1652.1584484830023,0.9968426129871474,1652.1584484830023,1.0054997394244025,1652.1417822509018,1.0232892038632126,1652.101505521229,1.015451955233081
1652.1598373354448,1.0039344642149461,1652.1598373354448,1.0054559793178768,1652.1431711038092,1.009698736097255,1652.1028943741364,1.0276312690308502
1652.1612261878877,1.0021620497052386,1652.1612261878877,1.0055264207438583,1652.144559956251,1.0222324304317358,1652.104283227044,1.0141590428524208
1652.1626150407951,0.9940689835529734,1652.1626150407951,1.0055073230187097,1652.1459488091598,0.9985365236990478,1652.1056720794866,1.0071760767837117
1652.164003893238,1.0037695885914586,1652.164003893238,1.0055129365310236,1652.1473376616025,1.006404150262511,1652.1070609323945,1.0042524803840736
1652.1653927456798,1.0077574640248563,1652.1653927456798,1.0055381544244955,1652.14872651451,1.032471687206768,1652.1084497853026,1.0253425972547814
1652.1667815985872,0.9858894253837406,1652.1667815985872,1.0055508096046648,1652.150115366952,1.0112095434558055,1652.1098386382107,1.0088028022051454
1652.1681704510304,1.010958841650882,1652.1681704510304,1.0054826607161875,1652.151504219394,0.994004101623395,1652.1112274906525,1.003654732154836
1652.1695593034726,1.0164057820600365,1652.1695593034726,1.0054808842979726,1652.1528930723025,1.0071254755803154,1652.11261634356,1.007310755156697
1652.17094815638,0.9940452979856356,1652.17094815638,1.0053935456787997,1652.1542819247454,1.0143795195243626,1652.1140051964678,0.9951659500027408
1652.1723370088223,0.9765258065617515,1652.1723370088223,1.0053427299517756,1652.1556707776526,1.021492689029702,1652.1153940493766,1.00411823229343
1652.173725861264,1.0122284139086877,1652.173725861264,1.0053008380925836,1652.1570596300942,1.0058101885178812,1652.1167829018193,1.0084608137998776
1652.1751147141715,0.9958598291933551,1652.1751147141715,1.0051921071693302,1652.1584484830023,1.0023249876057172,1652.1181717547267,1.0079337179311647
1652.1765035666149,1.0212148914472228,1652.1765035666149,1.0051419157055548,1652.1598373354448,1.0094119098882066,1652.1195606076346,1.017204064928917
1652.1778924190571,1.0099297704613508,1652.1778924190571,1.0050596470975175,1652.1612261878877,1.0077004188454373,1652.1209494600764,1.0015318051368312
1652.1792812714991,0.9964239635352644,1652.1792812714991,1.0050447304920964,1652.1626150407951,0.99954364254828,1652.1223383129848,1.027170350586307
1652.180670124407,0.9835426400944638,1652.180670124407,1.0050744499406683,1652.164003893238,1.009303306625135,1652.1237271658936,1.005615700899385
1652.1820589768497,1.019621567513927,1652.1820589768497,1.0050184436029872,1652.1653927456798,1.013338580483064,1652.1251160183351,1.0042516198193898
1652.183447829292,1.0007085231381054,1652.183447829292,1.0050037161852898,1652.1667815985872,0.9913619098752982,1652.1265048712423,1.0262804406469828
1652.1848366817346,0.9864003830181726,1652.1848366817346,1.0050539238140515,1652.1681704510304,1.0165015859776836,1652.127893723685,1.017173342769712
1652.1862255346423,0.9977811890412297,1652.1862255346423,1.0049577151821316,1652.1695593034726,1.0219765845512978,1652.1292825765925,1.0162290451423834
1652.1876143870843,0.9972906489585962,1652.1876143870843,1.0049115905937318,1652.17094815638,0.9994067267071172,1652.1306714295004,0.9949638894150286
1652.189003239526,0.987735303303205,1652.189003239526,1.004850701136634,1652.1723370088223,0.9817431202371508,1652.1320602819435,1.009121899589829
1652.1903920919683,0.9835945991868731,1652.1903920919683,1.0048167128242493,1652.173725861264,1.0175940728435304,1652.133449134851,1.0142225525260715
1652.191780944411,0.9926198850963652,1652.191780944411,1.0047526025252642,1652.1751147141715,1.001030440152158,1652.1348379872927,0.9985083832338936
1652.193169797319,1.0164806652685312,1652.193169797319,1.004760169221856,1652.1765035666149,1.0264658923363017,1652.136226840201,1.0150395726366936
1652.1945586497616,0.9952285411403553,1652.1945586497616,1.0047793756850745,1652.1778924190571,1.015039658693162,1652.1376156926442,1.0164842025710747
1652.1959475022034,0.9878775588253563,1652.1959475022034,1.0047296960579055,1652.1792812714991,1.0014506538871664,1652.139004545552,1.0084274238901534
1652.1973363546451,0.9913495098216027,1652.1973363546451,1.0046462001874412,1652.180670124407,0.9885335779861358,1652.1403933984595,0.9990812611437748
1652.1987252070885,1.0113945903860342,1652.1987252070885,1.004536129579529,1652.1820589768497,1.0247384808468851,1652.1417822509018,1.0232892038632126
1652.2001140595305,1.0133173306337961,1652.2001140595305,1.0045122549869892,1652.183447829292,1.005715784572089,1652.1431711038092,1.009698736097255
1652.2015029119725,1.0027048822200844,1652.2015029119725,1.0045005004577081,1652.1848366817346,0.9913855754040976,1652.144559956251,1.0222324304317358
1652.202891764415,1.0060312219492116,1652.202891764415,1.0043986262045845,1652.1862255346423,1.0027279039905848,1652.1459488091598,0.9985365236990478
1652.2042806168572,1.0108202338959489,1652.2042806168572,1.0044045492905997,1652.1876143870843,1.002188932329238,1652.1473376616025,1.006404150262511
1652.2056694697646,1.010821097546807,1652.2056694697646,1.0043213653721397,1652.189003239526,0.9925265120616316,1652.14872651451,1.032471687206768
1652.2070583222069,0.9793557425457968,1652.2070583222069,1.0043082013512203,1652.1903920919683,0.9883322919066388,1652.150115366952,1.0112095434558055
1652.20844717465,0.9929116653589818,1652.20844717465,1.0042512394359175,1652.191780944411,0.9973374128689017,1652.151504219394,0.994004101623395
1652.2098360270918,1.0082829298983584,1652.2098360270918,1.0042068831884046,1652.193169797319,1.021319285245954,1652.1528930723025,1.0071254755803154
1652.2112248795336,0.9996256036596273,1652.2112248795336,1.0041150905655192,1652.1945586497616,0.9999851122309736,1652.1542819247454,1.0143795195243626
1652.2126137319765,0.9896920373938042,1652.2126137319765,1.0041337680012874,1652.1959475022034,0.992549919421026,1652.1556707776526,1.021492689029702
1652.2140025844185,0.9986812961002381,1652.2140025844185,1.004103567104839,1652.1973363546451,0.9959555180999556,1652.1570596300942,1.0058101885178812
1652.2153914368612,0.9988348587209002,1652.2153914368612,1.0040705894699757,1652.1987252070885,1.01598240730406,1652.1584484830023,1.0023249876057172
1652.2167802893034,1.0014267816210303,1652.2167802893034,1.0039981933226276,1652.2001140595305,1.017889676812351,1652.1598373354448,1.0094119098882066
1652.2181691417452,1.0038228603891528,1652.2181691417452,1.0038968258530268,1652.2015029119725,1.007217556001462,1652.1612261878877,1.0077004188454373
1652.219557994187,0.9896169852368336,1652.219557994187,1.0038991283212781,1652.202891764415,1.0104563772447075,1652.1626150407951,0.99954364254828
1652.2209468466292,1.0072277659774886,1652.2209468466292,1.003829403622445,1652.2042806168572,1.015272441440079,1652.164003893238,1.009303306625135
1652.222335699072,0.9936940551013218,1652.222335699072,1.003710818898886,1652.2056694697646,1.015189224835174,1652.1653927456798,1.013338580483064
1652.223724551514,0.9750614674476286,1652.223724551514,1.0036403259543587,1652.2070583222069,0.983575004279158,1652.1667815985872,0.9913619098752982
1652.2251134034912,1.0101462318261984,1652.2251134034912,1.003586073750121,1652.20844717465,0.9971327705871385,1652.1681704510304,1.0165015859776836
1652.2265022559334,1.013722281572448,1652.2265022559334,1.0034786259226838,1652.2098360270918,1.0125246584053031,1652.1695593034726,1.0219765845512978
1652.2278911083752,1.0037047571436926,1652.2278911083752,1.0033996041385371,1652.2112248795336,1.0037391535502984,1652.17094815638,0.9994067267071172
1652.2292799608178,1.0122788669363056,1652.2292799608178,1.003279970535908,1652.2126137319765,0.9937831946691116,1652.1723370088223,0.9817431202371508
1652.230668813261,1.007972823365122,1652.230668813261,1.003228449694603,1652.2140025844185,1.0027794518151332,1652.173725861264,1.0175940728435304
1652.2320576657028,1.0073074827832902,1652.2320576657028,1.0031226336113297,1652.2153914368612,1.0029007053790542,1652.1751147141715,1.001030440152158
1652.2334465181443,1.000347370909912,1652.2334465181443,1.003121341631133,1652.2167802893034,1.005430679492408,1652.1765035666149,1.0264658923363017
1652.2348353705868,1.0052870865779662,1652.2348353705868,1.003082560331085,1652.2181691417452,1.0077345832633766,1652.1778924190571,1.015039658693162
1652.2362242230286,0.9915262930450756,1652.2362242230286,1.0029937849608919,1652.219557994187,0.9934756288511885,1652.1792812714991,1.0014506538871664
1652.2376130750051,0.9937505419999699,1652.2376130750051,1.0029079002190238,1652.2209468466292,1.0110848476331502,1652.180670124407,0.9885335779861358
1652.2390019274485,1.0092715152763319,1652.2390019274485,1.0028318880459144,1652.222335699072,0.9973814737807024,1652.1820589768497,1.0247384808468851
1652.24039077989,1.0065892556030145,1652.24039077989,1.0027530519540981,1652.223724551514,0.9786110090146732,1652.183447829292,1.005715784572089
1652.2417796323318,1.0026806617999318,1652.2417796323318,1.0026670524781534,1652.2251134034912,1.013768690711934,1652.1848366817346,0.9913855754040976
1652.2431684847743,1.008588120747007,1652.2431684847743,1.0026001251972674,1652.2265022559334,1.0172486421795282,1652.1862255346423,1.0027279039905848
1652.244557336752,1.0112132232274917,1652.244557336752,1.0025036420025184,1652.2278911083752,1.0071169559899475,1652.1876143870843,1.002188932329238
1652.2459461891942,0.9968369674871035,1652.2459461891942,1.002447900969015,1652.2292799608178,1.0155991117939789,1652.189003239526,0.9925265120616316
1652.247335041636,1.001908450456004,1652.247335041636,1.002370572193564,1652.230668813261,1.0112270129188832,1652.1903920919683,0.9883322919066388
1652.2487238940787,0.9983080670029418,1652.2487238940787,1.0023394214117445,1652.2320576657028,1.0104529349859732,1652.191780944411,0.9973374128689017
1652.2501127460546,1.015112499589371,1652.2501127460546,1.0022318427952457,1652.2334465181443,1.0034697968043276,1652.193169797319,1.021319285245954
1652.251501598496,1.0161275391147473,1652.251501598496,1.0022169063238127,1652.2348353705868,1.0083859446724033,1652.1945586497616,0.9999851122309736
1652.2528904509393,0.9840578115328448,1652.2528904509393,1.0021042059229266,1652.2362242230286,0.9944947095495228,1652.1959475022034,0.992549919421026
1652.254279303382,0.9996530662564629,1652.254279303382,1.0020423523359177,1652.2376130750051,0.9966402694187066,1652.1973363546451,0.9959555180999556
1652.255668155358,0.9969906102767314,1652.255668155358,1.001947807000084,1652.2390019274485,1.012129659215525,1652.1987252070885,1.01598240730406
1652.2570570078003,0.9814435291504919,1652.2570570078003,1.0018712840393185,1652.24039077989,1.0093604481201266,1652.2001140595305,1.017889676812351
1652.258445860242,0.9757425556996844,1652.258445860242,1.0018072412589374,1652.2417796323318,1.0053548637437817,1652.2015029119725,1.007217556001462
1652.2598347122182,1.016114547492163,1652.2598347122182,1.001762391456603,1652.2431684847743,1.011210576133426,1652.202891764415,1.0104563772447075
1652.2612235646611,1.0095388994095016,1652.2612235646611,1.0016604845778567,1652.244557336752,1.0137449391266662,1652.2042806168572,1.015272441440079
1652.262612417104,1.0134515600323115,1652.262612417104,1.0016371589616615,1652.2459461891942,0.9992771256657652,1652.2056694697646,1.015189224835174
1652.2640012690802,1.0019993241052216,1652.2640012690802,1.0015953351320421,1652.247335041636,1.004283546769152,1652.2070583222069,0.983575004279158
1652.2653901215224,0.988482337827133,1652.2653901215224,1.001580596520178,1652.2487238940787,1.0006435302704058,1652.20844717465,0.9971327705871385
1652.2667789739648,0.9970332115628888,1652.2667789739648,1.0016085984625236,1652.2501127460546,1.0173780711079434,1652.2098360270918,1.0125246584053031
1652.2681678259416,1.0003370022382345,1652.2681678259416,1.001598385414559,1652.251501598496,1.018380198682011,1652.2112248795336,1.0037391535502984
1652.269556678384,0.9919871793760532,1652.269556678384,1.0014817341479088,1652.2528904509393,0.9861284718083744,1652.2126137319765,0.9937831946691116
1652.270945530361,1.0079309331151394,1652.270945530361,1.0014260363447383,1652.254279303382,1.001694710031439,1652.2140025844185,1.0027794518151332
1652.272334382803,0.9951575096925932,1652.272334382803,1.001382053835903,1652.255668155358,0.9989325555664464,1652.2153914368612,1.0029007053790542
1652.2737232347788,0.9990186309366517,1652.2737232347788,1.0012612576671576,1652.2570570078003,0.9832800887620836,1652.2167802893034,1.005430679492408
1652.275112087221,1.008132819386511,1652.275112087221,1.0011570326470678,1652.258445860242,0.9775059579044458,1652.2181691417452,1.0077345832633766
1652.2765009396635,0.9891490868454059,1652.2765009396635,1.0010861679237524,1652.2598347122182,1.0179053390895931,1652.219557994187,0.9934756288511885
1652.2778897916403,0.9946834856858148,1652.2778897916403,1.000978100213905,1652.2612235646611,1.0112152231827176,1652.2209468466292,1.0110848476331502
1652.279278644083,0.9951427690328679,1652.279278644083,1.0008750876862402,1652.262612417104,1.0151107413360283,1652.222335699072,0.9973814737807024
1652.280667496059,1.0106038312135641,1652.280667496059,1.0007690677193977,1652.2640012690802,1.0035978488292492,1652.223724551514,0.9786110090146732
1652.2820563485006,1.0058012786896933,1652.2820563485006,1.0007648675726786,1652.2653901215224,0.99004472957056,1652.2251134034912,1.013768690711934
1652.283445200478,1.023080053178988,1652.283445200478,1.0006486441521154,1652.2667789739648,0.9986370376540938,1652.2265022559334,1.0172486421795282
1652.2848340529206,1.0118986897411129,1652.2848340529206,1.000560862789849,1652.2681678259416,1.0019359263122558,1652.2278911083752,1.0071169559899475
1652.2862229048967,1.0112174921592085,1652.2862229048967,1.000452285116281,1652.269556678384,0.9934570406540224,1652.2292799608178,1.0155991117939789
1652.287611757339,0.9926344612105042,1652.287611757339,1.0003548948356014,1652.270945530361,1.0093682792587475,1652.230668813261,1.0112270129188832
1652.289000609316,0.9972554833772251,1652.289000609316,1.000321791466344,1652.272334382803,0.9965328709461916,1652.2320576657028,1.0104529349859732
1652.290389461292,1.0060036351255848,1652.290389461292,1.0002124968470472,1652.2737232347788,1.0002786508445538,1652.2334465181443,1.0034697968043276
1652.2917783137343,1.0108791619271262,1652.2917783137343,1.0001294938504506,1652.275112087221,1.0092992619711216,1652.2348353705868,1.0083859446724033
1652.2931671657118,1.014455625810076,1652.2931671657118,1.0000175279438708,1652.2765009396635,0.9902234688553464,1652.2362242230286,0.9944947095495228
1652.2945560181536,0.9724122525832729,1652.2945560181536,0.999913561135724,1652.2778897916403,0.995656385815932,1652.2376130750051,0.9966402694187066
1652.2959448701297,0.9972686947585806,1652.2959448701297,0.9998064055680792,1652.279278644083,0.9960136062160996,1652.2390019274485,1.012129659215525
1652.2973337221067,1.0046493068735967,1652.2973337221067,0.9997348677974841,1652.280667496059,1.01138105399725,1652.24039077989,1.0093604481201266
1652.298722574549,0.9930719400908414,1652.298722574549,0.9996224340349885,1652.2820563485006,1.0065705834723218,1652.2417796323318,1.0053548637437817
1652.3001114265255,0.9908245334471031,1652.3001114265255,0.9995333769510636,1652.283445200478,1.0237436680726286,1652.2431684847743,1.011210576133426
1652.3015002789682,1.0082408008940693,1652.3015002789682,0.9994135057048101,1652.2848340529206,1.0124662260632855,1652.244557336752,1.0137449391266662
1652.3028891309443,0.9938795396423165,1652.3028891309443,0.9993092520714595,1652.2862229048967,1.0116748507802351,1652.2459461891942,0.9992771256657652
1652.3042779829204,0.9875532737184056,1652.3042779829204,0.999195374656367,1652.287611757339,0.9929867420544278,1652.247335041636,1.004283546769152
1652.305666834897,1.0151325189849696,1652.305666834897,0.9990999530899164,1652.289000609316,0.9975763916815408,1652.2487238940787,1.0006435302704058
1652.3070556873397,1.0169079651097854,1652.3070556873397,0.9990140913639117,1652.290389461292,1.006217407726167,1652.2501127460546,1.0173780711079434
1652.3084445393165,0.9989641398765343,1652.3084445393165,0.9989317916917305,1652.2917783137343,1.0110100645621445,1652.251501598496,1.018380198682011
1652.3098333912933,1.011255636860576,1652.3098333912933,0.9988248204287024,1652.2931671657118,1.0144734071313446,1652.2528904509393,0.9861284718083744
1652.3112222437355,1.0068417765448792,1652.3112222437355,0.9988785824824178,1652.2945560181536,0.9723281983725516,1652.254279303382,1.001694710031439
1652.3126110957116,0.9995676531941626,1652.3126110957116,0.9987973563431077,1652.2959448701297,0.9970756290921464,1652.255668155358,0.9989325555664464
1652.313999947689,0.9947291072263532,1652.313999947689,0.998680878163658,1652.2973337221067,1.0043829419901091,1652.2570570078003,0.9832800887620836
1652.315388799666,0.9989119677236161,1652.315388799666,0.9985809542324479,1652.298722574549,0.9926969899254552,1652.258445860242,0.9775059579044458
1652.3167776521077,0.9897050829243877,1652.3167776521077,0.9984876319072394,1652.3001114265255,0.990362191882345,1652.2598347122182,1.0179053390895931
1652.3181665040836,0.9856676326688482,1652.3181665040836,0.9984187753605948,1652.3015002789682,1.0076494734161672,1652.2612235646611,1.0112152231827176
1652.3195553560606,1.0017612155748221,1652.3195553560606,0.9983618044704914,1652.3028891309443,0.9931930194090898,1652.262612417104,1.0151107413360283
1652.3209442080367,1.0154538951316954,1652.3209442080367,0.9983195097526064,1652.3042779829204,0.986758663326184,1652.2640012690802,1.0035978488292492
1652.3223330600133,1.0152691340893694,1652.3223330600133,0.9982344395482273,1652.305666834897,1.0142188520979318,1652.2653901215224,0.99004472957056
1652.3237219124564,0.9907404227008944,1652.3237219124564,0.998139516573971,1652.3070556873397,1.0159053867648766,1652.2667789739648,0.9986370376540938
1652.3251107644326,0.9970887081926774,1652.3251107644326,0.9980692974468925,1652.3084445393165,0.997897038082655,1652.2681678259416,1.0019359263122558
1652.326499616409,1.003001968774677,1652.326499616409,0.9979996235753593,1652.3098333912933,1.010067229894778,1652.269556678384,0.9934570406540224
1652.3278884683857,1.0017989851204552,1652.3278884683857,0.9979316785848845,1652.3112222437355,1.005712686539228,1652.270945530361,1.0093682792587475
1652.3292773203625,1.004925306547777,1652.3292773203625,0.9979186123148179,1652.3126110957116,0.998365529496414,1652.272334382803,0.9965328709461916
1652.330666172339,1.0089788394792614,1652.330666172339,0.9979034190189775,1652.313999947689,0.993416938339766,1652.2737232347788,1.0002786508445538
1652.332055024316,0.9845075731026831,1652.332055024316,0.9978707015543125,1652.315388799666,0.9974944659236608,1652.275112087221,1.0092992619711216
1652.333443876758,0.9874016567366815,1652.333443876758,0.9977732240668911,1652.3167776521077,0.98820828453573,1652.2765009396635,0.9902234688553464
1652.3348327287342,1.0083042799897415,1652.3348327287342,0.9977160922105927,1652.3181665040836,0.984109070721808,1652.2778897916403,0.995656385815932
1652.3362215807103,0.9883388474900201,1652.3362215807103,0.9976199632302751,1652.3195553560606,1.0001201348298323,1652.279278644083,0.9960136062160996
1652.3376104326878,0.9809560516765208,1652.3376104326878,0.9975502156555492,1652.3209442080367,1.0137474347642488,1652.280667496059,1.01138105399725
1652.3389992846649,1.0165814556417265,1652.3389992846649,0.9975263513716157,1652.3223330600133,1.0134766150583157,1652.2820563485006,1.0065705834723218
1652.340388136641,0.9992944111971999,1652.340388136641,0.9974268289433851,1652.3237219124564,0.9888971665649624,1652.283445200478,1.0237436680726286
1652.3417769886175,1.0012090824974422,1652.3417769886175,0.9973475153421788,1652.3251107644326,0.9951636264780952,1652.2848340529206,1.0124662260632855
1652.3431658405937,1.0105416922869692,1652.3431658405937,0.9973355202613065,1652.326499616409,1.0009955872824718,1652.2862229048967,1.0116748507802351
1652.344554692571,1.001876976417436,1652.344554692571,0.9972567647717685,1652.3278884683857,0.9997269428258896,1652.287611757339,0.9929867420544278
1652.3459435445482,1.0107992740968446,1652.3459435445482,0.9971840446998949,1652.3292773203625,1.0028336673902007,1652.289000609316,0.9975763916815408
1652.347332396524,0.9937018880958257,1652.347332396524,0.9971068735379277,1652.330666172339,1.006863433634155,1652.290389461292,1.006217407726167
1652.3487212485,0.9941895422680439,1652.3487212485,0.9970696285654068,1652.332055024316,0.982411262657508,1652.2917783137343,1.0110100645621445
1652.350110100477,1.0015927449748072,1652.350110100477,0.9970554368525696,1652.333443876758,0.9852029344911484,1652.2931671657118,1.0144734071313446
1652.351498952453,1.012503607964901,1652.351498952453,0.9969606758709104,1652.3348327287342,1.0060014059905802,1652.2945560181536,0.9723281983725516
1652.3528878044297,0.9929613692079361,1652.3528878044297,0.9968799060817227,1652.3362215807103,0.9859865646920464,1652.2959448701297,0.9970756290921464
1652.3542766564071,0.9927368756877353,1652.3542766564071,0.9967952603814848,1652.3376104326878,0.9785529208985294,1652.2973337221067,1.0043829419901091
1652.3556655083842,1.0055544562810144,1652.3556655083842,0.9967041583680888,1652.3389992846649,1.0140667903183376,1652.298722574549,0.9926969899254552
1652.3570543598946,0.998880446231858,1652.3570543598946,0.9966233676287823,1652.340388136641,0.9967230557412702,1652.3001114265255,0.990362191882345
1652.3584432118707,0.9895647671541807,1652.3584432118707,0.9966254763540474,1652.3417769886175,0.9985533907668466,1652.3015002789682,1.0076494734161672
1652.3598320638482,1.009768614510205,1652.3598320638482,0.9965604461088157,1652.3431658405937,1.0078491244227654,1652.3028891309443,0.9931930194090898
1652.3612209158248,1.008742449758351,1652.3612209158248,0.996527968715699,1652.344554692571,0.9991285922013736,1652.3042779829204,0.986758663326184
1652.362609767801,0.9974300796169179,1652.362609767801,0.9965173104316268,1652.3459435445482,1.0079529085236092,1652.305666834897,1.0142188520979318
1652.3639986197777,1.0070883506224668,1652.3639986197777,0.9964134094845687,1652.347332396524,0.9908269828679644,1652.3070556873397,1.0159053867648766
1652.3653874717536,0.9930666213658405,1652.3653874717536,0.996368087017865,1652.3487212485,0.9912761976328104,1652.3084445393165,0.997897038082655
1652.366776323264,1.0008965474049347,1652.366776323264,0.9962762217814242,1652.350110100477,0.9986434918892207,1652.3098333912933,1.010067229894778
1652.3681651752415,1.0085193347965344,1652.3681651752415,0.9961668248326868,1652.351498952453,1.009426281318423,1652.3112222437355,1.005712686539228
1652.3695540272186,0.9955493262316897,1652.3695540272186,0.9960817126645911,1652.3528878044297,0.9898632364787862,1652.3126110957116,0.998365529496414
1652.370942879195,0.9992973200973799,1652.370942879195,0.9960178935387749,1652.3542766564071,0.9895554124914578,1652.313999947689,0.993416938339766
1652.3723317311712,1.0108877221684578,1652.3723317311712,0.9960543836744038,1652.3556655083842,1.0022403080408495,1652.315388799666,0.9974944659236608
1652.3737205826817,0.995332884117853,1652.3737205826817,0.9959909523621608,1652.3570543598946,0.9955075941821352,1652.3167776521077,0.98820828453573
1652.3751094346587,1.0050465486452058,1652.3751094346587,0.995896513029303,1652.3584432118707,0.9862254574482174,1652.3181665040836,0.984109070721808
1652.3764982866362,0.9914956234633956,1652.3764982866362,0.9958063635182246,1652.3598320638482,1.0062954609429706,1652.3195553560606,1.0001201348298323
1652.3778871386128,0.9941510458724471,1652.3778871386128,0.995747904045884,1652.3612209158248,1.0052400644149877,1652.3209442080367,1.0137474347642488
1652.3792759901232,1.0019958372744664,1652.3792759901232,0.9956793648705579,1652.362609767801,0.9939563402834544,1652.3223330600133,1.0134766150583157
1652.3806648420991,0.9979936467557892,1652.3806648420991,0.9956081069489184,1652.3639986197777,1.003476337095923,1652.3237219124564,0.9888971665649624
1652.382053694076,0.9979129374288553,1652.382053694076,0.9955879056927885,1652.3653874717536,0.9894598898115768,1652.3251107644326,0.9951636264780952
1652.3834425455873,1.0008569355101922,1652.3834425455873,0.9955360464541454,1652.366776323264,0.9971694306426604,1652.326499616409,1.0009955872824718
1652.384831397564,0.9959635403547565,1652.384831397564,0.9954419317190856,1652.3681651752415,1.004653503526637,1652.3278884683857,0.9997269428258896
1652.3862202495409,0.9976819774755434,1652.3862202495409,0.9954827571739766,1652.3695540272186,0.9916484779149412,1652.3292773203625,1.0028336673902007
1652.387609101051,1.0197929054819446,1652.387609101051,0.9953631422483796,1652.370942879195,0.9953180117823353,1652.330666172339,1.006863433634155
1652.3889979530277,0.9861929855865049,1652.3889979530277,0.9952757029384371,1652.3723317311712,1.0068991470685251,1652.332055024316,0.982411262657508
1652.390386805005,1.0019948545873107,1652.390386805005,0.9952625960429787,1652.3737205826817,0.9913425471699168,1652.333443876758,0.9852029344911484
1652.3917756565158,0.9971796165782841,1652.3917756565158,0.9952781577120137,1652.3751094346587,1.0009223532278964,1652.3348327287342,1.0060014059905802
1652.393164508492,0.9893483244576523,1652.393164508492,0.9952957358976605,1652.3764982866362,0.9873376512453188,1652.3362215807103,0.9859865646920464
1652.3945533604688,0.993920238822044,1652.3945533604688,0.9952618830068117,1652.3778871386128,0.9899238202325126,1652.3376104326878,0.9785529208985294
1652.395942211979,1.0001012192138035,1652.395942211979,0.9951745109359657,1652.3792759901232,0.9976665788603836,1652.3389992846649,1.0140667903183376
1652.397331063955,0.9926839333082454,1652.397331063955,0.9952006051397232,1652.3806648420991,0.9936105653935788,1652.340388136641,0.9967230557412702
1652.398719915467,0.9988354696113791,1652.398719915467,0.9951810921056887,1652.382053694076,0.9935100514385328,1652.3417769886175,0.9985533907668466
1652.4001087674444,0.9979616108040652,1652.4001087674444,0.9952233069183537,1652.3834425455873,0.9963891566440284,1652.3431658405937,1.0078491244227654
1652.4014976189549,0.996644568659781,1652.4014976189549,0.9951830946431431,1652.384831397564,0.9914238705325182,1652.344554692571,0.9991285922013736
1652.402886470931,1.0095628852400065,1652.402886470931,0.995222618475662,1652.3862202495409,0.9931752057201392,1652.3459435445482,1.0079529085236092
1652.4042753224423,0.9956597682652775,1652.4042753224423,0.9952166759460132,1652.387609101051,1.0150642708431132,1652.347332396524,0.9908269828679644
1652.4056641744185,0.9872749299097883,1652.4056641744185,0.9951549700874749,1652.3889979530277,0.9815339169625646,1652.3487212485,0.9912761976328104
1652.4070530259294,0.9961047232825387,1652.4070530259294,0.9951416204460285,1652.390386805005,0.997248000198274,1652.350110100477,0.9986434918892207
1652.4084418779069,0.9833850484388256,1652.4084418779069,0.9950970817119157,1652.3917756565158,0.9924710916960068,1652.351498952453,1.009426281318423
1652.4098307294173,0.990645122730554,1652.4098307294173,0.9950364084846247,1652.393164508492,0.9846941686501964,1652.3528878044297,0.9898632364787862
1652.4112195813934,1.0142018923618266,1652.4112195813934,0.9950273740386512,1652.3945533604688,0.9892109284486076,1652.3542766564071,0.9895554124914578
1652.4126084329043,1.0183108519763355,1652.4126084329043,0.9949575848125628,1652.395942211979,0.9952752417175598,1652.3556655083842,1.0022403080408495
1652.4139972848814,1.0012515590258901,1652.4139972848814,0.9949668787110966,1652.397331063955,0.9879196511408465,1652.3570543598946,0.9955075941821352
1652.4153861363925,0.9780861630129634,1652.4153861363925,0.9948542110692661,1652.398719915467,0.9940221734817508,1652.3584432118707,0.9862254574482174
1652.4167749879036,1.002405603436131,1652.4167749879036,0.9947680656882562,1652.4001087674444,0.9931946544819888,1652.3598320638482,1.0062954609429706
1652.4181638398798,1.0045180433137344,1652.4181638398798,0.9948361979261895,1652.4014976189549,0.9918438260981214,1652.3612209158248,1.0052400644149877
1652.4195526913902,0.9916309811045615,1652.4195526913902,0.9948151051052434,1652.402886470931,1.0047398181644034,1652.362609767801,0.9939563402834544
1652.4209415433668,0.9895337003707726,1652.4209415433668,0.9947747196963331,1652.4042753224423,0.9908972049461472,1652.3639986197777,1.003476337095923
1652.4223303948786,0.9969037062354218,1652.4223303948786,0.9947070411197888,1652.4056641744185,0.9824915533424892,1652.3653874717536,0.9894598898115768
1652.42371924639,0.9675199085719163,1652.42371924639,0.9947556585671468,1652.4070530259294,0.9912652684613285,1652.366776323264,0.9971694306426604
1652.425108098366,0.9916790074025983,1652.425108098366,0.994713644897301,1652.4084418779069,0.9785635919006062,1652.3681651752415,1.004653503526637
1652.426496949877,0.9988227780769215,1652.426496949877,0.9947441654692863,1652.4098307294173,0.9857279650046208,1652.3695540272186,0.9916484779149412
1652.4278858013874,0.9904996140843312,1652.4278858013874,0.994778409100837,1652.4112195813934,1.0091586457018191,1652.370942879195,0.9953180117823353
1652.4292746528984,1.012303487294688,1652.4292746528984,0.9947690522188157,1652.4126084329043,1.013176105870798,1652.3723317311712,1.0068991470685251
1652.4306635048758,1.0047509977948639,1652.4306635048758,0.9947854062704957,1652.4139972848814,0.9962121384886092,1652.3737205826817,0.9913425471699168
1652.4320523563863,0.998705428576883,1652.4320523563863,0.994822360073977,1652.4153861363925,0.9730531380620272,1652.3751094346587,1.0009223532278964
1652.4334412078967,0.9937539451441195,1652.4334412078967,0.9948171382555595,1652.4167749879036,0.9971610831652292,1652.3764982866362,0.9873376512453188
1652.4348300598738,0.9649131539842566,1652.4348300598738,0.9947906508432556,1652.4181638398798,0.9993309109584908,1652.3778871386128,0.9899238202325126
1652.4362189113842,0.9908277875350835,1652.4362189113842,0.9948450641641874,1652.4195526913902,0.98648947869315,1652.3792759901232,0.9976665788603836
1652.4376077628951,0.9918328856364705,1652.4376077628951,0.9948440827484247,1652.4209415433668,0.9843631094164106,1652.3806648420991,0.9936105653935788
1652.438996614407,0.9828352296477915,1652.438996614407,0.9948136275467674,1652.4223303948786,0.9916271359107875,1652.382053694076,0.9935100514385328
1652.4403854659174,0.9970893033648965,1652.4403854659174,0.9948050629327433,1652.42371924639,0.9624459038282822,1652.3834425455873,0.9963891566440284
1652.4417743178935,0.994140302733597,1652.4417743178935,0.9948801295104045,1652.425108098366,0.986436640021576,1652.384831397564,0.9914238705325182
1652.4431631694044,0.9739323117830677,1652.4431631694044,0.9949234427719407,1652.426496949877,0.9935731308298416,1652.3862202495409,0.9931752057201392
1652.4445520209165,0.978146655185407,1652.4445520209165,0.9948982605676853,1652.4278858013874,0.985327630313804,1652.387609101051,1.0150642708431132
1652.4459408724276,0.9956299952938741,1652.4459408724276,0.994820488888255,1652.4292746528984,1.0070081806139388,1652.3889979530277,0.9815339169625646
1652.447329723938,0.9919400683348167,1652.447329723938,0.9948086802587627,1652.4306635048758,0.9995116295420496,1652.390386805005,0.997248000198274
1652.448718575449,0.9842944642612348,1652.448718575449,0.9948387402471457,1652.4320523563863,0.9935344914755474,1652.3917756565158,0.9924710916960068
1652.4501074269594,0.993118291364849,1652.4501074269594,0.9948146417820704,1652.4334412078967,0.9886034558384452,1652.393164508492,0.9846941686501964
1652.4514962789356,0.9902794865090666,1652.4514962789356,0.9947310989502328,1652.4348300598738,0.9598865844592172,1652.3945533604688,0.9892109284486076
1652.4528851304474,0.997070307566644,1652.4528851304474,0.9946412124174152,1652.4362189113842,0.985720133866,1652.395942211979,0.9952752417175598
1652.4542739819587,0.9984562418072941,1652.4542739819587,0.9946311595446409,1652.4376077628951,0.9867190773507378,1652.397331063955,0.9879196511408465
1652.4556628334692,0.9846031309859575,1652.4556628334692,0.9946311355357735,1652.438996614407,0.9777378800866796,1652.398719915467,0.9940221734817508
1652.45705168498,0.9769937616541831,1652.45705168498,0.9946163594875359,1652.4403854659174,0.991909487183481,1652.4001087674444,0.9931946544819888
1652.4584405364906,1.0036815628971416,1652.4584405364906,0.9947188137265462,1652.4417743178935,0.9890504331351138,1652.4014976189549,0.9918438260981214
1652.4598293880017,0.9973402548937261,1652.4598293880017,0.994738710992611,1652.4431631694044,0.9689880886660448,1652.402886470931,1.0047398181644034
1652.4612182395133,1.0039788425733376,1652.4612182395133,0.9947383372587103,1652.4445520209165,0.9731564058240608,1652.4042753224423,0.9908972049461472
1652.4626070910238,1.0108434731827638,1652.4626070910238,0.9947510909048295,1652.4459408724276,0.9904731186700628,1652.4056641744185,0.9824915533424892
1652.4639959425342,0.9974592087677593,1652.4639959425342,0.9948135116241426,1652.447329723938,0.986790590275946,1652.4070530259294,0.9912652684613285
1652.4653847940456,1.0111433515921688,1652.4653847940456,0.9948336985539753,1652.448718575449,0.979214264857886,1652.4084418779069,0.9785635919006062
1652.4667736455565,0.9908264151780585,1652.4667736455565,0.9947487322105458,1652.4501074269594,0.987968617271344,1652.4098307294173,0.9857279650046208
1652.468162497068,0.9919274186588243,1652.468162497068,0.9947530023043581,1652.4514962789356,0.985061801883036,1652.4112195813934,1.0091586457018191
1652.4695513485788,0.992749636507202,1652.4695513485788,0.9947548862077301,1652.4528851304474,0.991727219583492,1652.4126084329043,1.013176105870798
1652.47094020009,1.0063256101118028,1652.47094020009,0.9947476068992527,1652.4542739819587,0.9930956895433732,1652.4139972848814,0.9962121384886092
1652.472329051135,0.9869673055263801,1652.472329051135,0.9947323779471838,1652.4556628334692,0.979316930224641,1652.4153861363925,0.9730531380620272
1652.4737179026451,0.9835451822466712,1652.4737179026451,0.994697164931838,1652.45705168498,0.971733978458517,1652.4167749879036,0.9971610831652292
1652.4751067541567,0.9754962487729603,1652.4751067541567,0.9947937512652106,1652.4584405364906,0.9983809336042506,1652.4181638398798,0.9993309109584908
1652.476495605668,0.9843420862989423,1652.476495605668,0.9947365815089916,1652.4598293880017,0.9920929595740272,1652.4195526913902,0.98648947869315
1652.4778844571786,0.9922328766011453,1652.4778844571786,0.9947213560778418,1652.4612182395133,0.9986962445043264,1652.4209415433668,0.9843631094164106
1652.4792733086897,0.9809134150627474,1652.4792733086897,0.9947236327546912,1652.4626070910238,1.005537647682581,1652.4223303948786,0.9916271359107875
1652.4806621602,1.0048207512334917,1652.4806621602,0.9947245712591304,1652.4639959425342,0.9922858981760934,1652.42371924639,0.9624459038282822
1652.4820510112447,0.9918995137210095,1652.4820510112447,0.9947057672399682,1652.4653847940456,1.0059194802327,1652.425108098366,0.986436640021576
1652.4834398627563,1.0157447011077456,1652.4834398627563,0.9946972343363849,1652.4667736455565,0.9856233203390936,1652.426496949877,0.9935731308298416
1652.484828714268,0.9946108086008627,1652.484828714268,0.9947125854539252,1652.468162497068,0.9867227777788774,1652.4278858013874,0.985327630313804
1652.4862175657784,1.0007502222656126,1652.4862175657784,0.9946808136341831,1652.4695513485788,0.9875425516964872,1652.4292746528984,1.0070081806139388
1652.4876064172893,0.9844908578078863,1652.4876064172893,0.9947234113883439,1652.47094020009,1.0010399924201463,1652.4306635048758,0.9995116295420496
1652.4889952683347,0.9991609088145254,1652.4889952683347,0.9947704759254357,1652.472329051135,0.9817683347823808,1652.4320523563863,0.9935344914755474
1652.490384119846,1.0014738332019926,1652.490384119846,0.99475395427807,1652.4737179026451,0.9783296043631318,1652.4334412078967,0.9886034558384452
1652.4917729713568,0.9864341469024951,1652.4917729713568,0.9947245975044055,1652.4751067541567,0.9704175726619942,1652.4348300598738,0.9598865844592172
1652.4931618228682,0.9874737797386095,1652.4931618228682,0.9946428447094069,1652.476495605668,0.9791610819604386,1652.4362189113842,0.985720133866
1652.494550673913,0.9908259506526468,1652.494550673913,0.9946431507391118,1652.4778844571786,0.9869952325577092,1652.4376077628951,0.9867190773507378
1652.4959395254234,1.0070350898487006,1652.4959395254234,0.9946270253510293,1652.4792733086897,0.9757377556490264,1652.438996614407,0.9777378800866796
1652.4973283769343,0.9963332977895379,1652.4973283769343,0.994664650963272,1652.4806621602,0.9995198909630124,1652.4403854659174,0.991909487183481
1652.49871722798,0.9885228315785087,1652.49871722798,0.9946431086810548,1652.4820510112447,0.986648166820808,1652.4417743178935,0.9890504331351138
1652.500106079491,0.9901820161184662,1652.500106079491,0.9946511128863684,1652.4834398627563,1.0103584449837124,1652.4431631694044,0.9689880886660448
1652.5014949310023,1.0095382751522717,1652.5014949310023,0.9946077246186429,1652.484828714268,0.9893518889437832,1652.4445520209165,0.9731564058240608
1652.502883782047,0.9932097171214515,1652.502883782047,0.994606097795819,1652.4862175657784,0.9954270453277492,1652.4459408724276,0.9904731186700628
1652.504272633557,1.0001695130493367,1652.504272633557,0.9946809950164623,1652.4876064172893,0.9792961045592976,1652.447329723938,0.986790590275946
1652.5056614846033,0.9881269422954505,1652.5056614846033,0.9946845375958641,1652.4889952683347,0.9939357727875162,1652.448718575449,0.979214264857886
1652.5070503361146,0.9980790681582631,1652.5070503361146,0.9947175826571462,1652.490384119846,0.9962200556836984,1652.4501074269594,0.987968617271344
1652.508439187625,0.991998638622397,1652.508439187625,0.9948213397952607,1652.4917729713568,0.981230309742186,1652.4514962789356,0.985061801883036
1652.5098280386703,1.0004837251471892,1652.5098280386703,0.9949112730819245,1652.4931618228682,0.9821837293551609,1652.4528851304474,0.991727219583492
1652.5112168901817,0.9769778118106924,1652.5112168901817,0.9948880419457311,1652.494550673913,0.9855182453912243,1652.4542739819587,0.9930956895433732
1652.5126057412265,0.9950747593555124,1652.5126057412265,0.994888600468485,1652.4959395254234,1.0016243158403195,1652.4556628334692,0.979316930224641
1652.5139945927374,0.9702951179782162,1652.5139945927374,0.99487667047896,1652.4973283769343,0.9910175118889164,1652.45705168498,0.971733978458517
1652.5153834437835,0.9954968102341336,1652.5153834437835,0.9948876253573996,1652.49871722798,0.9832274222034466,1652.4584405364906,0.9983809336042506
1652.516772295294,1.0132094634779318,1652.516772295294,0.9949702940201486,1652.500106079491,0.9848856442923004,1652.4598293880017,0.9920929595740272
1652.5181611463388,1.0203441265140465,1652.5181611463388,0.994957072432611,1652.5014949310023,1.0040945667646304,1652.4612182395133,0.9986962445043264
1652.5195499978502,0.9905506378548111,1652.5195499978502,0.9949349783070635,1652.502883782047,0.987852441039056,1652.4626070910238,1.005537647682581
1652.5209388488954,1.0061296822797015,1652.5209388488954,0.9949732217566658,1652.504272633557,0.9948496064250448,1652.4639959425342,0.9922858981760934
1652.522327699941,0.9870555882641037,1652.522327699941,0.9949569259516072,1652.5056614846033,0.9828745906831652,1652.4653847940456,1.0059194802327
1652.523716551452,0.9849284956162584,1652.523716551452,0.9949770003260581,1652.5070503361146,0.9928067979790844,1652.4667736455565,0.9856233203390936
1652.5251054024968,0.9938548983209614,1652.5251054024968,0.9950114409283369,1652.508439187625,0.9868614147494076,1652.468162497068,0.9867227777788774
1652.5264942540073,0.9929437330028211,1652.5264942540073,0.9949827689420591,1652.5098280386703,0.9953925366839362,1652.4695513485788,0.9875425516964872
1652.5278831050523,0.9933506483637873,1652.5278831050523,0.9950184835973865,1652.5112168901817,0.9719835422167648,1652.47094020009,1.0010399924201463
1652.5292719560982,0.9850175120542837,1652.5292719560982,0.995081297172991,1652.5126057412265,0.9899885346967202,1652.472329051135,0.9817683347823808
1652.5306608076091,0.9945889507093753,1652.5306608076091,0.9951431885447671,1652.5139945927374,0.9653239763561574,1652.4737179026451,0.9783296043631318
1652.5320496586548,1.0005295599283015,1652.5320496586548,0.9950985272390526,1652.5153834437835,0.990407457584703,1652.4751067541567,0.9704175726619942
1652.5334385101658,0.9781148793004488,1652.5334385101658,0.9950931723620348,1652.516772295294,1.0081133177806347,1652.476495605668,0.9791610819604386
1652.5348273612103,0.9772048304075567,1652.5348273612103,0.995078741367523,1652.5181611463388,1.0151986049902253,1652.4778844571786,0.9869952325577092
1652.5362162122562,0.9792920723294428,1652.5362162122562,0.9950663536815184,1652.5195499978502,0.9855334773861244,1652.4792733086897,0.9757377556490264
1652.5376050633022,0.9765339061632102,1652.5376050633022,0.9950367023107335,1652.5209388488954,1.001072091482845,1652.4806621602,0.9995198909630124
1652.5389939148124,0.999744146379822,1652.5389939148124,0.9950552287771068,1652.522327699941,0.982077793842608,1652.4820510112447,0.986648166820808
1652.5403827658572,0.9933557193170333,1652.5403827658572,0.9950879943735439,1652.523716551452,0.9799812001039218,1652.4834398627563,1.0103584449837124
1652.541771616903,0.9774735056368401,1652.541771616903,0.9950946135138493,1652.5251054024968,0.9888969944520256,1652.484828714268,0.9893518889437832
1652.5431604679477,0.9747013846348821,1652.5431604679477,0.9950922118132394,1652.5264942540073,0.9879619048668116,1652.4862175657784,0.9954270453277492
1652.5445493194586,0.9877433796825968,1652.5445493194586,0.9950808149105171,1652.5278831050523,0.9884022558154164,1652.4876064172893,0.9792961045592976
1652.5459381705048,0.9846237394486118,1652.5459381705048,0.9951452952131662,1652.5292719560982,0.9801725036330888,1652.4889952683347,0.9939357727875162
1652.5473270215496,1.0006904609010834,1652.5473270215496,0.9951991825750349,1652.5306608076091,0.989758419700322,1652.490384119846,0.9962200556836984
1652.5487158725944,0.9921953039328797,1652.5487158725944,0.995199196388699,1652.5320496586548,0.9956254915437902,1652.4917729713568,0.981230309742186
1652.55010472364,0.9826206710495121,1652.55010472364,0.9952541737560533,1652.5334385101658,0.9733154381775924,1652.4931618228682,0.9821837293551609
1652.551493575151,0.9883039097980019,1652.551493575151,0.9952948037499478,1652.5348273612103,0.9723957527002152,1652.494550673913,0.9855182453912243
1652.5528824261964,0.9911564844202356,1652.5528824261964,0.995266521532388,1652.5362162122562,0.9744605916020764,1652.4959395254234,1.0016243158403195
1652.554271277242,0.9891057521095076,1652.554271277242,0.9953405864215941,1652.5376050633022,0.97168707768326,1652.4973283769343,0.9910175118889164
1652.5556601282872,0.9919378540846253,1652.5556601282872,0.995445260110382,1652.5389939148124,0.9948006402945472,1652.49871722798,0.9832274222034466
1652.557048979332,0.9885906098025611,1652.557048979332,0.9953979699527319,1652.5403827658572,0.9884763504346756,1652.500106079491,0.9848856442923004
1652.5584378303768,0.9988775779065739,1652.5584378303768,0.9953839869432212,1652.541771616903,0.9726786203117188,1652.5014949310023,1.0040945667646304
1652.559826681423,0.9806299881926094,1652.559826681423,0.9954275367312874,1652.5431604679477,0.9699177566937518,1652.502883782047,0.987852441039056
1652.5612155324686,1.0074611685579618,1652.5612155324686,0.9954193263115863,1652.5445493194586,0.9828844871770268,1652.504272633557,0.9948496064250448
1652.5626043835134,0.9990984552688251,1652.5626043835134,0.9953331843132447,1652.5459381705048,0.9798436818674804,1652.5056614846033,0.9828745906831652
1652.563993234559,0.9871712441109918,1652.563993234559,0.9953525971429361,1652.5473270215496,0.9958863286993932,1652.5070503361146,0.9928067979790844
1652.5653820856037,0.9839900981360842,1652.5653820856037,0.9954045466020138,1652.5487158725944,0.9874319691346428,1652.508439187625,0.9868614147494076
1652.5667709366485,0.9898417701397656,1652.5667709366485,0.9954553569222638,1652.55010472364,0.9779573240810008,1652.5098280386703,0.9953925366839362
1652.5681597876944,0.9928266166117558,1652.5681597876944,0.9954929654831359,1652.551493575151,0.9836537459477084,1652.5112168901817,0.9719835422167648
1652.56954863874,1.0012724400954225,1652.56954863874,0.9955796452580876,1652.5528824261964,0.9864648665431984,1652.5126057412265,0.9899885346967202
1652.5709374897845,1.002893676361709,1652.5709374897845,0.9956257295223668,1652.554271277242,0.9844970993376492,1652.5139945927374,0.9653239763561574
1652.5723263408302,0.9975456011130548,1652.5723263408302,0.9956239413452261,1652.5556601282872,0.987419835172604,1652.5153834437835,0.990407457584703
1652.573715191875,0.9902642810476556,1652.573715191875,0.9955751623988475,1652.557048979332,0.9840410861118026,1652.516772295294,1.0081133177806347
1652.5751040429202,0.9989564958723944,1652.5751040429202,0.9956802601764115,1652.5584378303768,0.9942667459648336,1652.5181611463388,1.0151986049902253
1652.5764928939664,1.0012738312359664,1652.5764928939664,0.9957453429704509,1652.559826681423,0.9761460935914006,1652.5195499978502,0.9855334773861244
1652.577881745012,0.9927843481385447,1652.577881745012,0.9957886338917338,1652.5612155324686,1.0028463176910498,1652.5209388488954,1.001072091482845
1652.5792705960569,0.999102485293514,1652.5792705960569,0.9958276256467135,1652.5626043835134,0.9944358469251636,1652.522327699941,0.982077793842608
1652.5806594471017,0.9993594111373686,1652.5806594471017,0.9958494900231384,1652.563993234559,0.982583461650699,1652.523716551452,0.9799812001039218
1652.5820482976812,1.0025105549215936,1652.5820482976812,0.9958098157275381,1652.5653820856037,0.97946821749602,1652.5251054024968,0.9888969944520256
1652.583437148727,0.9941585120083541,1652.583437148727,0.9959254957860774,1652.5667709366485,0.9853432925910458,1652.5264942540073,0.9879619048668116
1652.5848259997722,1.003282982849839,1652.5848259997722,0.9960447345612019,1652.5681597876944,0.9883519127814252,1652.5278831050523,0.9884022558154164
1652.5862148508174,0.9726882209505365,1652.5862148508174,0.9960272553050137,1652.56954863874,0.9968464607169004,1652.5292719560982,0.9801725036330888
1652.5876037018622,0.986474256757551,1652.5876037018622,0.9961482407869958,1652.5709374897845,0.9985067481609948,1652.5306608076091,0.989758419700322
1652.5889925524414,1.0011658318385008,1652.5889925524414,0.996268356146635,1652.5723263408302,0.9931802830517724,1652.5320496586548,0.9956254915437902
1652.5903814034875,0.9923729639429815,1652.5903814034875,0.9962607490616213,1652.573715191875,0.9858825224217976,1652.5334385101658,0.9733154381775924
1652.5917702545332,0.9838293845649958,1652.5917702545332,0.9963207130719686,1652.5751040429202,0.994641263715142,1652.5348273612103,0.9723957527002152
1652.593159105578,1.0003105252799485,1652.593159105578,0.9963776836783366,1652.5764928939664,0.9970137544913946,1652.5362162122562,0.9744605916020764
1652.5945479561576,0.9956803914845324,1652.5945479561576,0.9963913001921636,1652.577881745012,0.9886033697819768,1652.5376050633022,0.97168707768326
1652.5959368072024,0.9833472265573608,1652.5959368072024,0.9964448247513711,1652.5792705960569,0.9949338557075704,1652.5389939148124,0.9948006402945472
1652.5973256582472,0.993848432403593,1652.5973256582472,0.9963994439371315,1652.5806594471017,0.9952115599309724,1652.5403827658572,0.9884763504346756
1652.5987145088277,1.0063032232391096,1652.5987145088277,0.9964888936516338,1652.5820482976812,0.998309850961384,1652.541771616903,0.9726786203117188
1652.600103359874,1.011906780367171,1652.600103359874,0.9965746807431883,1652.583437148727,0.990107808961869,1652.5431604679477,0.9699177566937518
1652.6014922109189,0.9855883926874829,1652.6014922109189,0.9965993384533756,1652.5848259997722,0.999314732342439,1652.5445493194586,0.9828844871770268
1652.6028810614978,0.9949672984702693,1652.6028810614978,0.9965768626702142,1652.5862148508174,0.9688239789808796,1652.5459381705048,0.9798436818674804
1652.604269912543,0.9902803235881993,1652.604269912543,0.9966802323207916,1652.5876037018622,0.9826745954506936,1652.5473270215496,0.9958863286993932
1652.6056587635887,0.9927449819494233,1652.6056587635887,0.9967851272836751,1652.5889925524414,0.9974298375159216,1652.5487158725944,0.9874319691346428
1652.6070476141683,0.991246969863031,1652.6070476141683,0.9967639747422322,1652.5903814034875,0.988662232406336,1652.55010472364,0.9779573240810008
1652.608436465214,1.0080473486113606,1652.608436465214,0.9968001456543479,1652.5917702545332,0.9802095939709526,1652.551493575151,0.9836537459477084
1652.6098253157932,0.9969593324119388,1652.6098253157932,0.9969015299858097,1652.593159105578,0.9966870841374952,1652.5528824261964,0.9864648665431984
1652.611214166838,1.003973639990732,1652.611214166838,0.9968683025460446,1652.5945479561576,0.9920872798471156,1652.554271277242,0.9844970993376492
1652.6126030174175,1.0041682534562875,1652.6126030174175,0.9968956937271599,1652.5959368072024,0.9798512548366962,1652.5556601282872,0.987419835172604
1652.6139918684632,0.9800846178578431,1652.6139918684632,0.9969914672088955,1652.5973256582472,0.99027002540473,1652.557048979332,0.9840410861118026
1652.6153807190428,0.9850475749230762,1652.6153807190428,0.9970070674940349,1652.5987145088277,1.0027699856036134,1652.5584378303768,0.9942667459648336
1652.6167695700883,0.982683412154404,1652.6167695700883,0.9970350911588198,1652.600103359874,1.008440676586281,1652.559826681423,0.9761460935914006
1652.6181584206672,0.9814404603574799,1652.6181584206672,0.9970198009106389,1652.6014922109189,0.9822367401396712,1652.5612155324686,1.0028463176910498
1652.619547271712,0.9910281041513128,1652.619547271712,0.9969722975699956,1652.6028810614978,0.9915613887689596,1652.5626043835134,0.9944358469251636
1652.6209361222925,0.9985951218829897,1652.6209361222925,0.997014902565382,1652.604269912543,0.9869928229765952,1652.563993234559,0.982583461650699
1652.622324973339,1.020967982668591,1652.622324973339,0.9970713107296924,1652.6056587635887,0.9895534331926856,1652.5653820856037,0.97946821749602
1652.6237138239178,0.9942689355589863,1652.6237138239178,0.9970364037799514,1652.6070476141683,0.9880392696318684,1652.5667709366485,0.9853432925910458
1652.625102674497,0.9827769114917635,1652.625102674497,0.9971390945375175,1652.608436465214,1.0048217439222835,1652.5681597876944,0.9883519127814252
1652.6264915255426,0.9837993477687659,1652.6264915255426,0.997183793339805,1652.6098253157932,0.9938702838150932,1652.56954863874,0.9968464607169004
1652.6278803761218,0.9978330903080393,1652.6278803761218,0.997192614309264,1652.611214166838,1.0008294982985346,1652.5709374897845,0.9985067481609948
1652.6292692267014,0.9968584240389559,1652.6292692267014,0.9972478722974565,1652.6126030174175,1.0010510076480963,1652.5723263408302,0.9931802830517724
1652.6306580777475,0.9966465422446245,1652.6306580777475,0.9973127483028881,1652.6139918684632,0.9771360011469606,1652.573715191875,0.9858825224217976
1652.6320469283266,0.9932094593240436,1652.6320469283266,0.9973660805516369,1652.6153807190428,0.9820993940161667,1652.5751040429202,0.994641263715142
1652.6334357789058,0.998345320382798,1652.6334357789058,0.9973697064748911,1652.6167695700883,0.9797698454176264,1652.5764928939664,0.9970137544913946
1652.634824629951,0.9934064711026783,1652.634824629951,0.9974035642037702,1652.6181584206672,0.9785155723912604,1652.577881745012,0.9886033697819768
1652.636213480531,1.0071359670708016,1652.636213480531,0.9975196598606211,1652.619547271712,0.9880275659521712,1652.5792705960569,0.9949338557075704
1652.6376023311109,0.9829452533083533,1652.6376023311109,0.9975064892659973,1652.6209361222925,0.9956142181464348,1652.5806594471017,0.9952115599309724
1652.6389911816907,0.9957654019499965,1652.6389911816907,0.9974129619647345,1652.622324973339,1.0179778846924217,1652.5820482976812,0.998309850961384
1652.6403800327355,1.0063743926378692,1652.6403800327355,0.9975463185126383,1652.6237138239178,0.991322323899852,1652.583437148727,0.990107808961869
1652.6417688833146,1.0051051011914434,1652.6417688833146,0.9975876150976453,1652.625102674497,0.979965279657275,1652.5848259997722,0.999314732342439
1652.6431577338942,1.0183354146705919,1652.6431577338942,0.997660626811702,1652.6264915255426,0.981028765493284,1652.5862148508174,0.9688239789808796
1652.6445465844747,1.0028191628962326,1652.6445465844747,0.9977835430392042,1652.6278803761218,0.9950317879685656,1652.5876037018622,0.9826745954506936
1652.6459354350548,0.983063538178144,1652.6459354350548,0.9978369426379035,1652.6292692267014,0.9941149423546444,1652.5889925524414,0.9974298375159216
1652.6473242860995,1.006728819923393,1652.6473242860995,0.9978633311708732,1652.6306580777475,0.9939683021325568,1652.5903814034875,0.988662232406336
1652.6487131366791,1.0284550920196127,1652.6487131366791,0.9979143844902035,1652.6320469283266,0.9905934256128318,1652.5917702545332,0.9802095939709526
1652.6501019872585,1.0088987796289863,1652.6501019872585,0.9979410665005591,1652.6334357789058,0.9957193791507724,1652.593159105578,0.9966870841374952
1652.651490837838,1.000714757287748,1652.651490837838,0.9979798331127224,1652.634824629951,0.990827154980901,1652.5945479561576,0.9920872798471156
1652.6528796884184,1.005295143792258,1652.6528796884184,0.9980120339637427,1652.636213480531,1.0046379273058637,1652.5959368072024,0.9798512548366962
1652.6542685389977,1.0071014311279698,1652.6542685389977,0.9979802609924755,1652.6376023311109,0.9804942687682918,1652.5973256582472,0.99027002540473
1652.6556573895766,0.9969249458941828,1652.6556573895766,0.9980180471961807,1652.6389911816907,0.9931893189809504,1652.5987145088277,1.0027699856036134
1652.657046240157,1.0037121746138025,1652.657046240157,0.9980757350933348,1652.6403800327355,1.0039050704212988,1652.600103359874,1.008440676586281
1652.6584350907358,0.9970632336909275,1652.6584350907358,0.9981093840330455,1652.6417688833146,1.0026804008200494,1652.6014922109189,0.9822367401396712
1652.6598239413154,0.9895699516927764,1652.6598239413154,0.9981704662348999,1652.6431577338942,1.0159531481048172,1652.6028810614978,0.9915613887689596
1652.661212791896,1.0072748582617184,1652.661212791896,0.9982225373125323,1652.6445465844747,1.000596457382212,1652.604269912543,0.9869928229765952
1652.662601642475,0.9939574641223912,1652.662601642475,0.998171000204133,1652.6459354350548,0.980937115354479,1652.6056587635887,0.9895534331926856
1652.663990493054,1.0036347191633184,1652.663990493054,0.9981064593321187,1652.6473242860995,1.0045777738344792,1652.6070476141683,0.9880392696318684
1652.6653793436335,0.9759990939634781,1652.6653793436335,0.9981200855684008,1652.6487131366791,1.0263101301285675,1652.608436465214,1.0048217439222835
1652.6667681942142,0.9916806406155034,1652.6667681942142,0.9981899117705582,1652.6501019872585,1.0068215241340632,1652.6098253157932,0.9938702838150932
1652.6681570447945,1.007149075573294,1652.6681570447945,0.9981982734666357,1652.651490837838,0.9986931464714652,1652.611214166838,1.0008294982985346
1652.6695458953734,1.004087864091523,1652.6695458953734,0.9981919341395316,1652.6528796884184,1.0032966511899846,1652.6126030174175,1.0010510076480963
1652.670934745953,0.9963148405256106,1652.670934745953,0.9982437049311507,1652.6542685389977,1.005067349082987,1652.6139918684632,0.9771360011469606
1652.672323596532,0.9843991739645093,1652.672323596532,0.998304563758894,1652.6556573895766,0.9949490877024704,1652.6153807190428,0.9820993940161667
1652.6737124466456,0.9965304441369204,1652.6737124466456,0.9983384398446388,1652.657046240157,1.0017807664998004,1652.6167695700883,0.9797698454176264
1652.675101297226,0.9995036324211167,1652.675101297226,0.9983795207249729,1652.6584350907358,0.9951781700212482,1652.6181584206672,0.9785155723912604
1652.676490147806,1.0102686838636696,1652.676490147806,0.9984309560921845,1652.6598239413154,0.987759500053226,1652.619547271712,0.9880275659521712
1652.6778789983853,1.01494029164383,1652.6778789983853,0.9984634983479919,1652.661212791896,1.0054844647851338,1652.6209361222925,0.9956142181464348
1652.6792678489649,1.00684038344907,1652.6792678489649,0.9985145725810448,1652.662601642475,0.9921395161234108,1652.622324973339,1.0179778846924217
1652.6806566990783,1.0075149248942399,1652.6806566990783,0.9984800040066506,1652.663990493054,1.0017342960068851,1652.6237138239178,0.991322323899852
1652.682045549658,0.9976278593226928,1652.682045549658,0.9984706712163339,1652.6653793436335,0.9741642991815084,1652.625102674497,0.979965279657275
1652.6834344002384,1.001405048746806,1652.6834344002384,0.9985049714200801,1652.6667681942142,0.98988561116056,1652.6264915255426,0.981028765493284
1652.6848232508175,1.0010319805422965,1652.6848232508175,0.9985519678142546,1652.6681570447945,1.00533446836078,1652.6278803761218,0.9950317879685656
1652.686212100931,1.0040096730723707,1652.686212100931,0.998586037981331,1652.6695458953734,1.0022724071035485,1652.6292692267014,0.9941149423546444
1652.687600951511,1.0246241283066697,1652.687600951511,0.9986440763075165,1652.670934745953,0.994565017684174,1652.6306580777475,0.9939683021325568
1652.690378652205,0.9918505137036281,1652.690378652205,0.998766073841673,1652.672323596532,0.982730187929255,1652.6320469283266,0.9905934256128318
1652.6917675027846,1.0214702138602267,1652.6917675027846,0.9988081625776696,1652.6737124466456,0.994874648857338,1652.6334357789058,0.9957193791507724
1652.6931563533649,1.0157153586517957,1652.6931563533649,0.9988571598717114,1652.675101297226,0.997883957499464,1652.634824629951,0.990827154980901
1652.694545203478,0.9995892519075721,1652.694545203478,0.9989227334951727,1652.676490147806,1.0086835279399966,1652.636213480531,1.0046379273058637
1652.695934054057,0.9794425606930109,1652.695934054057,0.9989826500177683,1652.6778789983853,1.0133808342090296,1652.6376023311109,0.9804942687682918
1652.6973229041716,0.9908750359934975,1652.6973229041716,0.9990295157727004,1652.6792678489649,1.0053447951369834,1652.6389911816907,0.9931893189809504
1652.6987117547517,1.0242261384008722,1652.6987117547517,0.9990768247860067,1652.6806566990783,1.005983506245161,1652.6403800327355,1.0039050704212988
1652.7001006053308,1.0257652348266897,1652.7001006053308,0.999145768264618,1652.682045549658,0.9961021583220434,1652.6417688833146,1.0026804008200494
1652.7014894554447,0.988539633712705,1652.7014894554447,0.9991921924862949,1652.6834344002384,0.9999079195788534,1652.6431577338942,1.0159531481048172
1652.702878306024,0.987602454347113,1652.702878306024,0.9992503550971347,1652.6848232508175,0.9995824540155108,1652.6445465844747,1.000596457382212
1652.7042671561371,1.0059420222647,1652.7042671561371,0.999289869629317,1652.686212100931,1.00259004152827,1652.6459354350548,0.980937115354479
1652.7056560067178,1.0104241231827016,1652.7056560067178,0.999323147723807,1652.687600951511,1.0232348161752085,1652.6473242860995,1.0045777738344792
1652.7070448568322,1.0041115446803461,1652.7070448568322,0.9993939616744225,1652.6889898020906,1.0385607847386082,1652.6487131366791,1.0263101301285675
1652.7084337069457,1.0144391220904365,1652.7084337069457,0.9994595721108431,1652.690378652205,0.9906266434096191,1652.6501019872585,1.0068215241340632
1652.7098225575253,1.0022654125472066,1652.7098225575253,0.9994721446251088,1652.6917675027846,1.0202527874335523,1652.651490837838,0.9986931464714652
1652.7112114076397,1.0118918057518924,1652.7112114076397,0.9995149810966025,1652.6931563533649,1.0145545583810094,1652.6528796884184,1.0032966511899846
1652.7126002582186,1.017312231123038,1652.7126002582186,0.9995186782352689,1652.694545203478,0.9985124278879066,1652.6542685389977,1.005067349082987
1652.7139891083327,1.0116009297263362,1652.7139891083327,0.9994929838548138,1652.695934054057,0.978446124821293,1652.6556573895766,0.9949490877024704
1652.7153779584476,1.0138253539693443,1652.7153779584476,0.9995277586688398,1652.6973229041716,0.9899134073998408,1652.657046240157,1.0017807664998004
1652.7167668090267,0.9831400790951067,1652.7167668090267,0.999498698494923,1652.6987117547517,1.0232805982163764,1652.6584350907358,0.9951781700212482
1652.7181556591402,1.0075068621586218,1652.7181556591402,0.9995577353163142,1652.7001006053308,1.0248889936100491,1652.6598239413154,0.987759500053226
1652.719544509254,1.0173759631833776,1652.719544509254,0.9996122964411223,1652.7014894554447,0.9877410839689966,1652.661212791896,1.0054844647851338
1652.720933359834,0.9922638127453206,1652.720933359834,0.9996676292492778,1652.702878306024,0.9868621032011544,1652.662601642475,0.9921395161234108
1652.722322209948,1.0042743871720186,1652.722322209948,0.9996617325604011,1652.7042671561371,1.0052276722835436,1652.663990493054,1.0017342960068851
1652.7237110600624,0.9890492402903933,1652.7237110600624,0.9997337395062911,1652.7056560067178,1.009740215315005,1652.6653793436335,0.9741642991815084
1652.725099910176,1.0064746294542966,1652.725099910176,0.9998083891196544,1652.7070448568322,1.003503014601115,1652.6667681942142,0.98988561116056
1652.726488760755,0.9950143026773133,1652.726488760755,0.9998895711532721,1652.7084337069457,1.013890890897007,1652.6681570447945,1.00533446836078
1652.727877610869,1.0028486849740808,1652.727877610869,0.9999695789119113,1652.7098225575253,1.001736361362126,1652.6695458953734,1.0022724071035485
1652.729266460983,1.0081961076137282,1652.729266460983,1.000025518223405,1652.7112114076397,1.0114010190979097,1652.670934745953,0.994565017684174
1652.7306553110973,1.010721458383168,1652.7306553110973,1.000100442526392,1652.7126002582186,1.0168225766046712,1652.672323596532,0.982730187929255
1652.7320441612112,1.022618792045392,1652.7320441612112,1.0001034552950963,1652.7139891083327,1.0110880317224795,1652.6737124466456,0.994874648857338
1652.7334330117912,1.0056944920757465,1652.7334330117912,1.0001632167970649,1652.7153779584476,1.0133465837346218,1652.675101297226,0.997883957499464
1652.7348218619047,1.0154446497605514,1652.7348218619047,1.0001154170073718,1652.7167668090267,0.9826472294937548,1652.676490147806,1.0086835279399966
1652.7362107120186,1.0268784638804371,1652.7362107120186,1.0001657478130022,1652.7181556591402,1.007061277454918,1652.6778789983853,1.0133808342090296
1652.7375995621337,1.0026847511404868,1652.7375995621337,1.000192117148907,1652.719544509254,1.0169815229017347,1652.6792678489649,1.0053447951369834
1652.738988412247,1.0108322363449938,1652.738988412247,1.0002699108204225,1652.720933359834,0.991934013276964,1652.6806566990783,1.005983506245161
1652.7403772623604,1.0034653585185165,1652.7403772623604,1.0003044946853554,1652.722322209948,1.0039346738464152,1652.682045549658,0.9961021583220434
1652.7417661124748,0.9997563497378179,1652.7417661124748,1.0003275490697827,1652.7237110600624,0.9887858955513712,1652.6834344002384,0.9999079195788534
1652.743154962588,0.9885786624229699,1652.743154962588,1.0004046209297601,1652.725099910176,1.0062817779645012,1652.6848232508175,0.9995824540155108
1652.7445438127022,1.011479225839592,1652.7445438127022,1.0004797834703374,1652.726488760755,0.994904424395391,1652.686212100931,1.00259004152827
1652.745932662817,1.0029798374426124,1652.745932662817,1.0005483068548666,1652.727877610869,1.0028181772258955,1652.687600951511,1.0232348161752085
1652.7473215129305,1.0050211866682734,1652.7473215129305,1.0005433362467056,1652.729266460983,1.0082218349872385,1652.6889898020906,1.0385607847386082
1652.748710363044,1.001632378873643,1652.748710363044,1.000594566478005,1652.7306553110973,1.0108229777999267,1652.690378652205,0.9906266434096191
1652.750099213158,1.0263638314095036,1652.750099213158,1.000669340365693,1652.7320441612112,1.022724587374294,1652.6917675027846,1.0202527874335523
1652.7514880632723,0.99907094398183,1652.7514880632723,1.0007414533170618,1652.7334330117912,1.005858638309569,1652.6931563533649,1.0145545583810094
1652.7528769133862,1.005243461164538,1652.7528769133862,1.0007234293929101,1652.7348218619047,1.0155618493431784,1652.694545203478,0.9985124278879066
1652.7542657635006,1.0007502073889374,1652.7542657635006,1.0007870312640095,1652.7362107120186,1.0270486667400442,1652.695934054057,0.978446124821293
1652.7556546136143,1.0018057835753058,1652.7556546136143,1.0008208127018843,1652.7375995621337,1.0028773840761285,1652.6973229041716,0.9899134073998408
1652.7570434632623,1.007325159616414,1652.7570434632623,1.0008998085107834,1652.738988412247,1.0111050709032152,1652.6987117547517,1.0232805982163764
1652.7584323133758,1.013164881016901,1652.7584323133758,1.0009448053604386,1652.7403772623604,1.0037709083871236,1652.7001006053308,1.0248889936100491
1652.7598211634906,1.02014498145719,1652.7598211634906,1.0010140343250031,1652.7417661124748,1.000083819000184,1652.7014894554447,0.9877410839689966
1652.7612100136046,1.0242305564570755,1652.7612100136046,1.001046243202588,1652.743154962588,0.9889786620405004,1652.702878306024,0.9868621032011544
1652.762598863718,1.0113571299383692,1652.762598863718,1.0011216579119624,1652.7445438127022,1.0119645168527394,1652.7042671561371,1.0052276722835436
1652.7639877133668,1.0037089669042905,1652.7639877133668,1.0011811997594116,1652.745932662817,1.0035297781627752,1652.7056560067178,1.009740215315005
1652.7653765634802,1.0171377418358012,1652.7653765634802,1.001229814142823,1652.7473215129305,1.0055672511076974,1652.7070448568322,1.003503014601115
1652.7667654135942,1.0099114920442556,1652.7667654135942,1.001285823322727,1652.748710363044,1.0022279159094056,1652.7084337069457,1.013890890897007
1652.768154263709,0.9945894897172991,1652.768154263709,1.0012491236338872,1652.750099213158,1.0270508181517533,1652.7098225575253,1.001736361362126
1652.7695431133568,0.9957730499398972,1652.7695431133568,1.0011758831550293,1652.7514880632723,0.9998117084472254,1652.7112114076397,1.0114010190979097
1652.7709319634705,0.9999168696002662,1652.7709319634705,1.0012504182278852,1652.7528769133862,1.0059706838313751,1652.7126002582186,1.0168225766046712
1652.7723208135849,1.001988181721068,1652.7723208135849,1.0012518510429562,1652.7542657635006,1.0015378290896164,1652.7139891083327,1.0110880317224795
1652.7737096632322,0.9996431646542591,1652.7737096632322,1.0013370653502112,1652.7556546136143,1.0026280784872856,1652.7153779584476,1.0133465837346218
1652.7750985133464,1.0106344697701406,1652.7750985133464,1.0014229159932762,1652.7570434632623,1.008231559368163,1652.7167668090267,0.9826472294937548
1652.7764873629956,1.0250693319374449,1652.7764873629956,1.001491691647084,1652.7584323133758,1.0141221246274938,1652.7181556591402,1.007061277454918
1652.7778762131095,1.0292007114088408,1652.7778762131095,1.0015644878566188,1652.7598211634906,1.021179443484867,1652.719544509254,1.0169815229017347
1652.779265063223,1.0125770908316563,1652.779265063223,1.0016364969468974,1652.7612100136046,1.0253021507146516,1652.720933359834,0.991934013276964
1652.7806539128708,1.009995084089871,1652.7806539128708,1.0017246613255457,1652.762598863718,1.012491526664984,1652.722322209948,1.0039346738464152
1652.7820427629856,0.9978449384193061,1652.7820427629856,1.0017914611699317,1652.7639877133668,1.004894547694517,1652.7237110600624,0.9887858955513712
1652.7834316126343,1.0029625917939087,1652.7834316126343,1.0018298932598833,1652.7653765634802,1.01838863221591,1652.725099910176,1.0062817779645012
1652.7848204627478,0.9997716113683195,1652.7848204627478,1.0019079581983084,1652.7667654135942,1.011210059794616,1652.726488760755,0.994904424395391
1652.786209312396,1.0035022266626044,1652.786209312396,1.0019761776651044,1652.768154263709,0.9958318549549208,1652.727877610869,1.0028181772258955
1652.787598162044,0.9987919327660236,1652.787598162044,1.0020507139348986,1652.7695431133568,0.9969439626955536,1652.729266460983,1.0082218349872385
1652.7889870121571,0.9941310228903233,1652.7889870121571,1.0021133981277126,1652.7709319634705,1.0011671838803842,1652.7306553110973,1.0108229777999267
1652.7903758618063,1.0034487961633773,1652.7903758618063,1.0021656319784709,1652.7723208135849,1.0032425216713854,1652.7320441612112,1.022724587374294
1652.791764711921,1.0068328575757215,1652.791764711921,1.002239745844742,1652.7737096632322,1.0009797528922937,1652.7334330117912,1.005858638309569
1652.7931535615685,1.006936800225496,1652.7931535615685,1.0023001218235945,1652.7750985133464,1.0120725177205327,1652.7348218619047,1.0155618493431784
1652.794542411217,1.0035903113114049,1652.794542411217,1.0023396153404451,1652.7764873629956,1.026598419297578,1652.7362107120186,1.0270486667400442
1652.7959312613305,1.0282893537927749,1652.7959312613305,1.00242772244322,1652.7778762131095,1.0308108834238634,1652.7375995621337,1.0028773840761285
1652.7973201109787,1.0097165306643048,1652.7973201109787,1.0025107607396389,1652.779265063223,1.0142341701493005,1652.738988412247,1.0111050709032152
1652.798708960628,1.0205533880631086,1652.798708960628,1.002560894500113,1652.7806539128708,1.0117369835503922,1652.7403772623604,1.0037709083871236
1652.8000978107425,1.0204136792087435,1652.8000978107425,1.002644269069126,1652.7820427629856,0.9996325388800972,1652.7417661124748,1.000083819000184
1652.80148666039,0.9946399486675005,1652.80148666039,1.0027222100502748,1652.7834316126343,1.0047979062805474,1652.743154962588,0.9889786620405004
1652.802875510038,1.025822592352782,1652.802875510038,1.002807161246293,1652.7848204627478,1.0016791338106656,1652.7445438127022,1.0119645168527394
1652.8042643596862,1.0091788523371645,1652.8042643596862,1.0028919052747662,1652.786209312396,1.0054853253498175,1652.745932662817,1.0035297781627752
1652.8056532098003,1.0137297449709521,1652.8056532098003,1.0029781065405667,1652.787598162044,1.0008401693006113,1652.7473215129305,1.0055672511076974
1652.8070420594488,0.9966771068623735,1652.8070420594488,1.003063371421657,1652.7889870121571,0.9962320175328008,1652.748710363044,1.0022279159094056
1652.808430909097,1.0197041814365797,1652.808430909097,1.003153361543501,1652.7903758618063,1.0056218969651067,1652.750099213158,1.0270508181517533
1652.8098197587449,1.0193075438661139,1652.8098197587449,1.0032129304826825,1652.791764711921,1.0090879072848264,1652.7514880632723,0.9998117084472254
1652.8112086083927,1.0032694364059527,1652.8112086083927,1.0032823264009116,1652.7931535615685,1.009252877534675,1652.7528769133862,1.0059706838313751
1652.812597458042,0.986680579062073,1652.812597458042,1.0032919938408273,1652.794542411217,1.0059383265992712,1652.7542657635006,1.0015378290896164
1652.8139863081562,0.9994391426776157,1652.8139863081562,1.003352774511261,1652.7959312613305,1.0307857549351018,1652.7556546136143,1.0026280784872856
1652.815375157804,1.0001641945411373,1652.815375157804,1.0034425552508517,1652.7973201109787,1.012251687287661,1652.7570434632623,1.008231559368163
1652.8167640074523,1.0174844898467588,1652.8167640074523,1.0035264985330756,1652.798708960628,1.0231669176216711,1652.7584323133758,1.0141221246274938
1652.8181528571,0.9916642588265396,1652.8181528571,1.0036113103009328,1652.8000978107425,1.0231119275383882,1652.7598211634906,1.021179443484867
1652.819541706748,1.0197860714959526,1652.819541706748,1.0036991258321075,1652.80148666039,0.997347567532168,1652.7612100136046,1.0253021507146516
1652.8209305563971,1.0136085984456944,1652.8209305563971,1.003748070106342,1652.802875510038,1.0287022417796066,1652.762598863718,1.012491526664984
1652.8223194060463,1.0140445729680512,1652.8223194060463,1.0037867570702137,1652.8042643596862,1.012097301983421,1652.7639877133668,1.004894547694517
1652.823708255694,0.9960596704260063,1652.823708255694,1.0038581158999893,1652.8056532098003,1.0167487401548172,1652.7653765634802,1.01838863221591
1652.825097105342,1.0136814249457384,1652.825097105342,1.0039506774223004,1652.8070420594488,0.9997302990281556,1652.7667654135942,1.011210059794616
1652.8264859549902,1.0104375233408185,1652.8264859549902,1.0040142938314964,1652.808430909097,1.022919677388069,1652.768154263709,0.9958318549549208
1652.8278748041732,1.0066271692555329,1652.8278748041732,1.0040653409106588,1652.8098197587449,1.0225825081450295,1652.7695431133568,0.9969439626955536
1652.8292636538215,1.0151951858565975,1652.8292636538215,1.0041537982018458,1652.8112086083927,1.0065624941642957,1652.7709319634705,1.0011671838803842
1652.8306525034702,1.0187696051541346,1652.8306525034702,1.0042178885786894,1652.812597458042,0.9899287254512092,1652.7723208135849,1.0032425216713854
1652.832041353118,1.0303014686446146,1652.832041353118,1.0042807281953472,1652.8139863081562,1.0027900367607416,1652.7737096632322,1.0009797528922937
1652.8334302027658,1.0134186836602919,1652.8334302027658,1.0043242432805275,1652.815375157804,1.0036073150407687,1652.7750985133464,1.0120725177205327
1652.834819052414,1.0058869772120447,1652.834819052414,1.0044117616955037,1652.8167640074523,1.0210726474076306,1652.7764873629956,1.026598419297578
1652.8362079020628,0.9973360303020196,1652.8362079020628,1.004449619274759,1652.8181528571,0.9952454661795068,1652.7778762131095,1.0308108834238634
1652.8375967512454,1.0168145453786064,1652.8375967512454,1.004480688777711,1652.819541706748,1.0235583884962467,1652.779265063223,1.0142341701493005
1652.838985600894,1.0065542002722256,1652.838985600894,1.0045752710760616,1652.8209305563971,1.0174076745330598,1652.7806539128708,1.0117369835503922
1652.8403744505415,1.0048381589165054,1652.8403744505415,1.0046269227632993,1652.8223194060463,1.0178845134242498,1652.7820427629856,0.9996325388800972
1652.8417632997237,1.0129767887626517,1652.8417632997237,1.0047192069926212,1652.823708255694,0.999902584077815,1652.7834316126343,1.0047979062805474
1652.8431521493728,1.007498006330273,1652.8431521493728,1.004808587822513,1652.825097105342,1.0176861532646768,1652.7848204627478,1.0016791338106656
1652.8445409990215,1.011567155727094,1652.8445409990215,1.0048669461852624,1652.8264859549902,1.014493716457878,1652.786209312396,1.0054853253498175
1652.8459298482037,1.0096900698874733,1652.8459298482037,1.0049498258050458,1652.8278748041732,1.010719451868488,1652.787598162044,1.0008401693006113
1652.847318697852,0.9931567386757334,1652.847318697852,1.0050378493503187,1652.8292636538215,1.019412101794131,1652.7889870121571,0.9962320175328008
1652.848707547501,1.0048369701993602,1652.848707547501,1.0051279192249485,1652.8306525034702,1.0230666618360302,1652.7903758618063,1.0056218969651067
1652.8500963966828,1.01345826945418,1652.8500963966828,1.005146378604377,1652.832041353118,1.0347119091911492,1652.791764711921,1.0090879072848264
1652.851485246331,0.9989640033627882,1652.851485246331,1.0051204640775708,1652.8334302027658,1.0178009525934708,1652.7931535615685,1.009252877534675
1652.8528740955146,0.9987294909274474,1652.8528740955146,1.0052156820313847,1652.834819052414,1.0103247108481148,1652.794542411217,1.0059383265992712
1652.8542629451624,1.0091682136992133,1652.8542629451624,1.0053045794237359,1652.8362079020628,1.001773795925863,1652.7959312613305,1.0307857549351018
1652.8556517943446,1.018632997339605,1652.8556517943446,1.005403100719172,1652.8375967512454,1.0213705749010975,1652.7973201109787,1.012251687287661
1652.8570406439928,0.9922795820243939,1652.8570406439928,1.005498811472425,1652.838985600894,1.0111594585912194,1652.798708960628,1.0231669176216711
1652.858429493176,1.0261357456224773,1652.858429493176,1.005597743982125,1652.8403744505415,1.009487467467428,1652.8000978107425,1.0231119275383882
1652.8598183428242,1.0051602195229334,1652.8598183428242,1.005602780315548,1652.8417632997237,1.0177572359075433,1652.80148666039,0.997347567532168
1652.8612071920072,0.9934962970500675,1652.8612071920072,1.005684670668539,1652.8431521493728,1.012342648974719,1652.802875510038,1.0287022417796066
1652.862596041655,1.0101977351354963,1652.862596041655,1.00571963246706,1652.8445409990215,1.0164903986367968,1652.8042643596862,1.012097301983421
1652.8639848908372,1.0073367678312706,1652.8639848908372,1.0057556310927278,1652.8459298482037,1.014687859850501,1652.8056532098003,1.0167487401548172
1652.8653737400198,1.001510310622607,1652.8653737400198,1.0058329420845122,1652.847318697852,0.9981601127064356,1652.8070420594488,0.9997302990281556
1652.8667625896685,0.9948612985186953,1652.8667625896685,1.0059300857148021,1652.848707547501,1.0099896930167844,1652.808430909097,1.022919677388069
1652.868151438851,0.9824140258019834,1652.868151438851,1.0060150975828361,1652.8500963966828,1.018673909408528,1652.8098197587449,1.0225825081450295
1652.8695402880342,0.9889099359237367,1652.8695402880342,1.006086253335204,1652.851485246331,1.0040791626567938,1652.8112086083927,1.0065624941642957
1652.8709291376824,0.9939722491329241,1652.8709291376824,1.0061848220374336,1652.8528740955146,1.0039385463874917,1652.812597458042,0.9899287254512092
1652.8723179868646,1.0130448192755699,1652.8723179868646,1.0062600623652493,1652.8542629451624,1.0145214266406903,1652.8139863081562,1.0027900367607416
1652.8737068360467,0.9948241132998439,1652.8737068360467,1.0061746041170552,1652.8556517943446,1.024136774020103,1652.815375157804,1.0036073150407687
1652.8750956852302,1.015722339665656,1652.8750956852302,1.0062705426691712,1652.8570406439928,0.9977359403738828,1652.8167640074523,1.0210726474076306
1652.8764845348785,1.0029680343182361,1652.8764845348785,1.0063451824480696,1652.858429493176,1.031879790817379,1652.8181528571,0.9952454661795068
1652.8778733840606,0.9857275271730548,1652.8778733840606,1.0064251217706233,1652.8598183428242,1.0107919114148485,1652.819541706748,1.0235583884962467
1652.8792622332437,0.9980603172408042,1652.8792622332437,1.0065002033314872,1652.8612071920072,0.99914399630921,1652.8209305563971,1.0174076745330598
1652.880651082426,1.0132698563224007,1652.880651082426,1.0065870099958376,1652.862596041655,1.0159756948995278,1652.8223194060463,1.0178845134242498
1652.8820399316085,0.9984839218324086,1652.8820399316085,1.0066774558522629,1652.8639848908372,1.013134626653048,1652.823708255694,0.999902584077815
1652.883428780792,0.9875609199835105,1652.883428780792,1.006777132751175,1652.8653737400198,1.0073520622615106,1652.825097105342,1.0176861532646768
1652.884817629974,0.9939966589527259,1652.884817629974,1.006863458079817,1652.8667625896685,1.0007609112932505,1652.8264859549902,1.014493716457878
1652.886206479622,1.0143153044149484,1652.886206479622,1.0069636726996336,1652.868151438851,0.9883233420339292,1652.8278748041732,1.010719451868488
1652.8875953288043,0.9796194965104292,1652.8875953288043,1.0069881359885429,1652.8695402880342,0.9949286923194688,1652.8292636538215,1.019412101794131
1652.888984177987,0.9891553389868049,1652.888984177987,1.0070480371720663,1652.8709291376824,1.000119790603959,1652.8306525034702,1.0230666618360302
1652.8903730271695,1.0073488926335956,1652.8903730271695,1.0071462641023254,1652.8723179868646,1.0193865430230278,1652.832041353118,1.0347119091911492
1652.8917618763533,0.9990207609520433,1652.8917618763533,1.0071775141098254,1652.8737068360467,1.0009667583655708,1652.8334302027658,1.0178009525934708
1652.893150725536,0.9970986363152186,1652.893150725536,1.0072193673296634,1652.8750956852302,1.02209146993656,1652.834819052414,1.0103247108481148
1652.8945395742523,1.0081416984375178,1652.8945395742523,1.0071430665563288,1652.8764845348785,1.009332049485567,1652.8362079020628,1.001773795925863
1652.8959284234345,0.9958882955984251,1652.8959284234345,1.0072033838438637,1652.8778733840606,0.992060946567797,1652.8375967512454,1.0213705749010975
,,,,1652.8792622332437,1.004547912239958,1652.838985600894,1.0111594585912194
,,,,1652.880651082426,1.0199442749944774,1652.8403744505415,1.009487467467428
,,,,1652.8820399316085,1.0051512541396388,1652.8417632997237,1.0177572359075433
,,,,1652.883428780792,0.9942537514381112,1652.8431521493728,1.012342648974719
,,,,1652.884817629974,1.0008189133529262,1652.8445409990215,1.0164903986367968
,,,,1652.886206479622,1.0213786642091234,1652.8459298482037,1.014687859850501
,,,,1652.8875953288043,0.986465210769072,1652.847318697852,0.9981601127064356
,,,,1652.888984177987,0.9961269425849316,1652.848707547501,1.0099896930167844
,,,,1652.8903730271695,1.0145476738635404,1652.8500963966828,1.018673909408528
,,,,1652.8917618763533,1.006191246559785,1652.851485246331,1.0040791626567938
,,,,1652.893150725536,1.0042970576346846,1652.8528740955146,1.0039385463874917
,,,,1652.8945395742523,1.0153429216876673,1652.8542629451624,1.0145214266406903
,,,,1652.8959284234345,1.0030620612572316,1652.8556517943446,1.024136774020103
,,,,,,1652.8570406439928,0.9977359403738828
,,,,,,1652.858429493176,1.031879790817379
,,,,,,1652.8598183428242,1.0107919114148485
,,,,,,1652.8612071920072,0.99914399630921
,,,,,,1652.862596041655,1.0159756948995278
,,,,,,1652.8639848908372,1.013134626653048
,,,,,,1652.8653737400198,1.0073520622615106
,,,,,,1652.8667625896685,1.0007609112932505
,,,,,,1652.868151438851,0.9883233420339292
,,,,,,1652.8695402880342,0.9949286923194688
,,,,,,1652.8709291376824,1.000119790603959
,,,,,,1652.8723179868646,1.0193865430230278
,,,,,,1652.8737068360467,1.0009667583655708
,,,,,,1652.8750956852302,1.02209146993656
,,,,,,1652.8764845348785,1.009332049485567
,,,,,,1652.8778733840606,0.992060946567797
,,,,,,1652.8792622332437,1.004547912239958
,,,,,,1652.880651082426,1.0199442749944774
,,,,,,1652.8820399316085,1.0051512541396388
,,,,,,1652.883428780792,0.9942537514381112
,,,,,,1652.884817629974,1.0008189133529262
,,,,,,1652.886206479622,1.0213786642091234
,,,,,,1652.8875953288043,0.986465210769072
,,,,,,1652.888984177987,0.9961269425849316
,,,,,,1652.8903730271695,1.0145476738635404
,,,,,,1652.8917618763533,1.006191246559785
,,,,,,1652.893150725536,1.0042970576346846
,,,,,,1652.8945395742523,1.0153429216876673
,,,,,,1652.8959284234345,1.0030620612572316
