clean_time,clean_flux,trend_time,trend_flux,no_flare_raw_time,no_flare_raw_flux,raw_time,raw_flux
1571.4220034617686,1.0020013638288376,1571.4220034617686,1.006113720545573,1571.4220034617686,1.00812732015357,1571.4220034617686,1.00812732015357
1571.4233923947668,0.9944423279893768,1571.4233923947668,1.0059930571480897,1571.4233923947668,1.0004020776914966,1571.4233923947668,1.0004020776914966
1571.4247813282318,0.9940713756215374,1571.4247813282318,1.0060739566658166,1571.4247813282318,1.0001093220797912,1571.4247813282318,1.0001093220797912
1571.426170261696,0.9979177974805598,1571.426170261696,1.005975470861772,1571.426170261696,1.0038808262018486,1571.426170261696,1.0038808262018486
1571.4275591946948,0.9936455987519307,1571.4275591946948,1.005859353798389,1571.4275591946948,0.9994677198652304,1571.4275591946948,0.9994677198652304
1571.4289481281603,1.0029366369229675,1571.4289481281603,1.0057353654888417,1571.4289481281603,1.0086888450978704,1571.4289481281603,1.0086888450978704
1571.4303370611592,0.9894232506433808,1571.4303370611592,1.00564898099469,1571.4303370611592,0.9950124837819696,1571.4303370611592,0.9950124837819696
1571.431725994623,1.009398346641844,1571.431725994623,1.0055183048881708,1571.431725994623,1.0149685144722291,1571.431725994623,1.0149685144722291
1571.4331149280874,1.0053221563858346,1571.4331149280874,1.0054009485326392,1571.4331149280874,1.0107518496111962,1571.4331149280874,1.0107518496111962
1571.4345038610863,0.9946248123864758,1571.4345038610863,1.005447304933892,1571.4345038610863,1.00004283703436,1571.4345038610863,1.00004283703436
1571.4358927945514,1.0060387673305424,1571.4358927945514,1.005346201795739,1571.4358927945514,1.011417253595028,1571.4358927945514,1.011417253595028
1571.4372817280157,1.0115982122717087,1571.4372817280157,1.0054482261952375,1571.4372817280157,1.017109628150863,1571.4372817280157,1.017109628150863
1571.438670661014,0.9963073235733134,1571.438670661014,1.005437090546048,1571.438670661014,1.0017243367032722,1571.438670661014,1.0017243367032722
1571.4414485274774,0.9911652312366506,1571.4414485274774,1.0055392506631058,1571.4414485274774,0.9966555439010256,1571.4400595944785,1.0216812284394488
1571.4428374609415,1.0037313557917358,1571.4428374609415,1.0054886321829075,1571.4428374609415,1.0092404680141276,1571.4414485274774,0.9966555439010256
1571.4442263944056,1.0072761004783843,1571.4442263944056,1.0055775714103141,1571.4442263944056,1.0128942548587052,1571.4428374609415,1.0092404680141276
1571.4456153274048,1.0119789157049535,1571.4456153274048,1.0055316892234092,1571.4456153274048,1.017576868567276,1571.4442263944056,1.0128942548587052
1571.4483931943328,1.0033714984608886,1571.4483931943328,1.0054585441747013,1571.4483931943328,1.0088484461088736,1571.4456153274048,1.017576868567276
1571.449782127332,1.0046193523460096,1571.449782127332,1.0053538587020103,1571.449782127332,1.0099979424077752,1571.4470042608689,1.0238275083935833
1571.4511710607967,0.9979452756811841,1571.4511710607967,1.0054428993103661,1571.4511710607967,1.0033769913339723,1571.4483931943328,1.0088484461088736
1571.4525599937951,1.0088966752940272,1571.4525599937951,1.0054912891084467,1571.4525599937951,1.0144368186186172,1571.449782127332,1.0099979424077752
1571.4539489272593,0.9962336899738705,1571.4539489272593,1.0054668311423505,1571.4539489272593,1.0016799313352784,1571.4511710607967,1.0033769913339723
1571.4553378607238,0.995764928188292,1571.4553378607238,1.005457776607849,1571.4553378607238,1.0011995907202744,1571.4525599937951,1.0144368186186172
1571.4567267937232,1.0111889518165624,1571.4567267937232,1.005404040954393,1571.4567267937232,1.0166534583248088,1571.4539489272593,1.0016799313352784
1571.458115727187,0.9939779097608132,1571.458115727187,1.005310898065487,1571.458115727187,0.9992568251188988,1571.4553378607238,1.0011995907202744
1571.459504660651,0.9987989019923366,1571.459504660651,1.0052973980549798,1571.459504660651,1.0040899373530667,1571.4567267937232,1.0166534583248088
1571.4608935936503,0.9942576109323837,1571.4608935936503,1.0052053738683304,1571.4608935936503,0.9994330935187198,1571.458115727187,0.9992568251188988
1571.463671460113,0.9998466351326891,1571.463671460113,1.0052391057752594,1571.463671460113,1.0050849374131865,1571.459504660651,1.0040899373530667
1571.465060393578,1.0052013502225403,1571.465060393578,1.0052900709564205,1571.465060393578,1.0105189366907072,1571.4608935936503,0.9994330935187198
1571.4664493270434,0.9995276997249225,1571.4664493270434,1.0052058680526599,1571.4664493270434,1.0047311090446691,1571.4622825271144,1.0239337860610258
1571.4678382600418,1.003205670805855,1571.4678382600418,1.0052659158139337,1571.4678382600418,1.0084884674123795,1571.463671460113,1.0050849374131865
1571.469227193506,0.9996881164282301,1571.469227193506,1.0052931782253207,1571.469227193506,1.00497964379822,1571.465060393578,1.0105189366907072
1571.4706161269703,1.002477089823171,1571.4706161269703,1.0053463838604344,1571.4706161269703,1.007836717156657,1571.4664493270434,1.0047311090446691
1571.47200505997,0.9976522508465535,1571.47200505997,1.0053295476868938,1571.47200505997,1.0029692860923771,1571.4678382600418,1.0084884674123795
1571.473393993434,1.00606591734651,1571.473393993434,1.0054165774685262,1571.473393993434,1.0115153513262614,1571.469227193506,1.00497964379822
1571.4747829264325,1.0031476097453813,1571.4747829264325,1.0053444544988177,1571.4747829264325,1.0085088865012632,1571.4706161269703,1.007836717156657
1571.476171859897,1.0043641811542399,1571.476171859897,1.0052443758033391,1571.476171859897,1.0096314443636256,1571.47200505997,1.0029692860923771
1571.4775607933616,1.0019911209538965,1571.4775607933616,1.0052036579104993,1571.4775607933616,1.0072051399766984,1571.473393993434,1.0115153513262614
1571.4803386598242,0.9977603368415894,1571.4803386598242,1.005131323434451,1571.4803386598242,1.0028801678399903,1571.4747829264325,1.0085088865012632
1571.4817275928233,1.0149743440054206,1571.4817275928233,1.0051518155626666,1571.4817275928233,1.020203304626575,1571.476171859897,1.0096314443636256
1571.4831165262872,1.0130774882473383,1571.4831165262872,1.0052278496700195,1571.4831165262872,1.0183737050599764,1571.4775607933616,1.0072051399766984
1571.4845054597513,1.0039704951450217,1571.4845054597513,1.0051913017346692,1571.4845054597513,1.0091824089180248,1571.47894972636,1.0239639226681132
1571.4858943927509,1.0098619160028761,1571.4858943927509,1.0050971078939328,1571.4858943927509,1.0150092911467166,1571.4803386598242,1.0028801678399903
1571.4872833262152,0.9956903759139055,1571.4872833262152,1.0050038192854143,1571.4872833262152,1.0006726306192049,1571.4817275928233,1.020203304626575
1571.488672259679,0.9950340686332891,1571.488672259679,1.0050498982049856,1571.488672259679,1.00005888939038,1571.4831165262872,1.0183737050599764
1571.4900611926778,1.0016063986424677,1571.4900611926778,1.0049811805667295,1571.4900611926778,1.0065955809708975,1571.4845054597513,1.0091824089180248
1571.4914501261424,1.000357189035363,1571.4914501261424,1.00490699980366,1571.4914501261424,1.0052659415655494,1571.4858943927509,1.0150092911467166
1571.4928390591415,0.9982845958172593,1571.4928390591415,1.0049597534714916,1571.4928390591415,1.0032358413069005,1571.4872833262152,1.0006726306192049
1571.4942279926056,1.003390341332814,1571.4942279926056,1.0048884323269172,1571.4942279926056,1.0082953471139018,1571.488672259679,1.00005888939038
1571.4956169260695,1.0080028182989211,1571.4956169260695,1.004897570113252,1571.4956169260695,1.0129395827758958,1571.4900611926778,1.0065955809708975
1571.4970058590688,1.0070952352851252,1571.4970058590688,1.0049618726547187,1571.4970058590688,1.012092313593784,1571.4914501261424,1.0052659415655494
1571.4983947925334,0.9997295091351199,1571.4983947925334,1.0050326672842043,1571.4983947925334,1.004760815128798,1571.4928390591415,1.0032358413069005
1571.499783725532,1.00790285035157,1571.499783725532,1.004991198901634,1571.499783725532,1.0129334939511985,1571.4942279926056,1.0082953471139018
1571.501172658996,1.0030620863361819,1571.501172658996,1.0050536338608203,1571.501172658996,1.0081311948601954,1571.4956169260695,1.0129395827758958
1571.5025615924606,0.9923919311538498,1571.5025615924606,1.0050416080911428,1571.5025615924606,0.99739518234354,1571.4970058590688,1.012092313593784
1571.50395052546,1.0010633465620309,1571.50395052546,1.0049490869975035,1571.50395052546,1.0060176961541785,1571.4983947925334,1.004760815128798
1571.5053394589245,1.0017738211570821,1571.5053394589245,1.0049318359553703,1571.5053394589245,1.0067144053074133,1571.499783725532,1.0129334939511985
1571.5067283919234,0.9991174751763906,1571.5067283919234,1.004997106826541,1571.5067283919234,1.004110171932111,1571.501172658996,1.0081311948601954
1571.5081173253884,0.9936623005642642,1571.5081173253884,1.005044365685168,1571.5081173253884,0.9986746965758756,1571.5025615924606,0.99739518234354
1571.5095062588523,1.0014622257841412,1571.5095062588523,1.0051013560437867,1571.5095062588523,1.0065710411622693,1571.50395052546,1.0060176961541785
1571.510895191851,1.007369677899865,1571.510895191851,1.0051013560437867,1571.510895191851,1.012508629294547,1571.5053394589245,1.0067144053074133
1571.5122841253155,0.9909516634829252,1571.5122841253155,1.0050803241974786,1571.5122841253155,0.9959860191974492,1571.5067283919234,1.004110171932111
1571.5136730583145,0.983415631489282,1571.5136730583145,1.0051429938868468,1571.5136730583145,0.988473332070261,1571.5081173253884,0.9986746965758756
1571.5150619917786,1.0066806456708375,1571.5150619917786,1.0051270972542072,1571.5150619917786,1.01184199524512,1571.5095062588523,1.0065710411622693
1571.516450925243,0.9879645185226806,1571.516450925243,1.0050464973135425,1571.516450925243,0.9929502788112806,1571.510895191851,1.012508629294547
1571.5178398582418,0.9915700988818906,1571.5178398582418,1.005099340907421,1571.5178398582418,0.9966264528496944,1571.5122841253155,0.9959860191974492
1571.5192287917057,1.0043006926397664,1571.5192287917057,1.0051257352546605,1571.5192287917057,1.00944847210631,1571.5136730583145,0.988473332070261
1571.5206177247042,1.0063607228466833,1571.5206177247042,1.0051697790096197,1571.5206177247042,1.0115633853877617,1571.5150619917786,1.01184199524512
1571.5220066581692,0.9905119545097625,1571.5220066581692,1.0051728219763412,1571.5220066581692,0.9956356965158792,1571.516450925243,0.9929502788112806
1571.5233955916335,1.0082116691799257,1571.5233955916335,1.0051048317417217,1571.5233955916335,1.0133584201111296,1571.5178398582418,0.9966264528496944
1571.5247845246322,0.9946962622275928,1571.5247845246322,1.005074459462853,1571.5247845246322,0.999743808088118,1571.5192287917057,1.00944847210631
1571.5261734580963,0.9995612149033243,1571.5261734580963,1.0051162941169225,1571.5261734580963,1.004675264066638,1571.5206177247042,1.0115633853877617
1571.5275623910952,0.9842168516615148,1571.5275623910952,1.0051501005285488,1571.5275623910952,0.9892856673894634,1571.5220066581692,0.9956356965158792
1571.5289513245602,0.9962413434692432,1571.5289513245602,1.0051620364056297,1571.5289513245602,1.0013839775530249,1571.5233955916335,1.0133584201111296
1571.530340258024,1.0107118329426532,1571.530340258024,1.0052189636593163,1571.530340258024,1.015986701268822,1571.5247845246322,0.999743808088118
1571.5317291910224,0.9901068692040514,1571.5317291910224,1.005181796260197,1571.5317291910224,0.9952374012760884,1571.5261734580963,1.004675264066638
1571.5331181244874,1.0076524211087354,1571.5331181244874,1.0052095941484318,1571.5331181244874,1.0129018812653967,1571.5275623910952,0.9892856673894634
1571.5345070574865,0.9967234012018767,1571.5345070574865,1.0052023684082199,1571.5345070574865,1.001908723536023,1571.5289513245602,1.0013839775530249
1571.5358959909504,1.005330086409039,1571.5358959909504,1.0051680693860474,1571.5358959909504,1.010525702051482,1571.530340258024,1.015986701268822
1571.5372849244145,1.0064527134847354,1571.5372849244145,1.005237950002133,1571.5372849244145,1.0117244624774795,1571.5317291910224,0.9952374012760884
1571.5386738574134,0.995678793588555,1571.5386738574134,1.0052197841415482,1571.5386738574134,1.0008760219654045,1571.5331181244874,1.0129018812653967
1571.5400627908775,0.9909189125706745,1571.5400627908775,1.0051528935832927,1571.5400627908775,0.9960250122768234,1571.5345070574865,1.001908723536023
1571.541451723876,1.0021572700302432,1571.541451723876,1.005219582155616,1571.541451723876,1.007388112234014,1571.5358959909504,1.010525702051482
1571.5428406573417,0.997927695862963,1571.5428406573417,1.005148943562258,1571.5428406573417,1.0030659692481756,1571.5372849244145,1.0117244624774795
1571.544229590807,1.0030450309143961,1571.544229590807,1.0051348605672703,1571.544229590807,1.008195527290835,1571.5386738574134,1.0008760219654045
1571.5456185238054,1.0025802693945558,1571.5456185238054,1.005070417496304,1571.5456185238054,1.0076637699339432,1571.5400627908775,0.9960250122768234
1571.5470074572695,0.9930767454858982,1571.5470074572695,1.0050249647894518,1571.5470074572695,0.9980669211651882,1571.541451723876,1.007388112234014
1571.5483963902684,1.0056034260822782,1571.5483963902684,1.0049981482544434,1571.5483963902684,1.0106295810910135,1571.5428406573417,1.0030659692481756
1571.549785323733,0.9949314966759033,1571.549785323733,1.0050955911620751,1571.549785323733,1.0000012608172353,1571.544229590807,1.008195527290835
1571.5511742567314,0.994082940765302,1571.5511742567314,1.005038623383717,1571.5511742567314,0.9990917503159962,1571.5456185238054,1.0076637699339432
1571.5525631901955,0.9851785783449349,1571.5525631901955,1.0051507541275169,1571.5525631901955,0.9902529909736864,1571.5470074572695,0.9980669211651882
1571.5539521236603,0.9935577834762608,1571.5539521236603,1.0051265683164203,1571.5539521236603,0.998651325329563,1571.5483963902684,1.0106295810910135
1571.5553410566586,0.9875257736334823,1571.5553410566586,1.0052197410171904,1571.5553410566586,0.9926804024196496,1571.549785323733,1.0000012608172353
1571.556729990123,0.9912467686794578,1571.556729990123,1.0052112061462142,1571.556729990123,0.9964123599328152,1571.5511742567314,0.9990917503159962
1571.558118923122,1.0030536496091778,1571.558118923122,1.0052048924717403,1571.558118923122,1.00827443599878,1571.5525631901955,0.9902529909736864
1571.5595078565866,0.9929920236217205,1571.5595078565866,1.0051826225476723,1571.5595078565866,0.9981383264730012,1571.5539521236603,0.998651325329563
1571.5608967900507,1.0076906172439113,1571.5608967900507,1.005197675594948,1571.5608967900507,1.0129282661724182,1571.5553410566586,0.9926804024196496
1571.5622857230492,0.9995727518132207,1571.5622857230492,1.0051708990396886,1571.5622857230492,1.0047414415956706,1571.556729990123,0.9964123599328152
1571.5636746565135,1.0053295924451353,1571.5636746565135,1.0051299604384154,1571.5636746565135,1.010486893481947,1571.558118923122,1.00827443599878
1571.565063589513,1.0016507906390826,1571.565063589513,1.0051870993948722,1571.565063589513,1.0068464528490797,1571.5595078565866,0.9981383264730012
1571.566452522977,0.9972822532635863,1571.566452522977,1.0052007148671593,1571.566452522977,1.0024688339048884,1571.5608967900507,1.0129282661724182
1571.5678414559752,1.0054278156006438,1571.5678414559752,1.0052068385087174,1571.5678414559752,1.0106629158686489,1571.5622857230492,1.0047414415956706
1571.5692303894402,0.9985160464937972,1571.5692303894402,1.0050907721624642,1571.5692303894402,1.0035992641870617,1571.5636746565135,1.010486893481947
1571.5706193229048,0.9960666877430941,1571.5706193229048,1.005068765029352,1571.5706193229048,1.0011155157368288,1571.565063589513,1.0068464528490797
1571.5720082559033,0.9985309523978994,1571.5720082559033,1.0050459569527153,1571.5720082559033,1.0035694965996529,1571.566452522977,1.0024688339048884
1571.5733971893674,0.9893172297023474,1571.5733971893674,1.0049561603654866,1571.5733971893674,0.9942204445450912,1571.5678414559752,1.0106629158686489
1571.5747861223665,1.0083574188801796,1571.5747861223665,1.0049662004708668,1571.5747861223665,1.0133651239686243,1571.5692303894402,1.0035992641870617
1571.5761750558304,1.004449391629039,1571.5761750558304,1.0049835490699712,1571.5761750558304,1.009455114460525,1571.5706193229048,1.0011155157368288
1571.5775639888288,0.9980037347530657,1571.5775639888288,1.0049823242441034,1571.5775639888288,1.0029761129564316,1571.5720082559033,1.0035694965996529
1571.5789529222934,1.0003133258318526,1571.5789529222934,1.0050691137465737,1571.5789529222934,1.0053840278627078,1571.5733971893674,0.9942204445450912
1571.5803418557584,0.9955806374144941,1571.5803418557584,1.0050756156209495,1571.5803418557584,1.00063382204967,1571.5747861223665,1.0133651239686243
1571.581730788757,0.9912268543412276,1571.581730788757,1.0050510910178105,1571.581730788757,0.9962336314018032,1571.5761750558304,1.009455114460525
1571.5831197222224,0.9989251286212455,1571.5831197222224,1.0051691963907572,1571.5831197222224,1.0040887687907512,1571.5775639888288,1.0029761129564316
1571.5845086552213,0.9896322129550117,1571.5845086552213,1.005258521659878,1571.5845086552213,0.9948362153821486,1571.5789529222934,1.0053840278627078
1571.5858975886858,1.0155354732096122,1571.5858975886858,1.005253768239847,1571.5858975886858,1.0208708612251989,1571.5803418557584,1.00063382204967
1571.5872865216843,0.979953013753211,1571.5872865216843,1.0053145381550581,1571.5872865216843,0.9851610114349666,1571.581730788757,0.9962336314018032
1571.5886754551484,1.0035201875296214,1571.5886754551484,1.0053519175920063,1571.5886754551484,1.0088909448751946,1571.5831197222224,1.0040887687907512
1571.5900643886132,0.9845608002502483,1571.5900643886132,1.0052334847700475,1571.5900643886132,0.9897134842035438,1571.5845086552213,0.9948362153821486
1571.5914533216114,1.0042984105842265,1571.5914533216114,1.0052621961285244,1571.5914533216114,1.009583225792286,1571.5858975886858,1.0208708612251989
1571.5928422550755,1.0021099530804547,1571.5928422550755,1.0051746783888984,1571.5928422550755,1.00729554979796,1571.5872865216843,0.9851610114349666
1571.594231188075,1.0048523312015087,1571.594231188075,1.005126272131236,1571.594231188075,1.0100034777029545,1571.5886754551484,1.0088909448751946
1571.5956201215397,0.9984506446414412,1571.5956201215397,1.0050544782907862,1571.5956201215397,1.0034972917492029,1571.5900643886132,0.9897134842035438
1571.597009054538,1.0103825888181595,1571.597009054538,1.0049959444481786,1571.597009054538,1.015430404103302,1571.5914533216114,1.009583225792286
1571.598397988002,0.9935369913087012,1571.598397988002,1.0050047919684224,1571.598397988002,0.9985094372631336,1571.5928422550755,1.00729554979796
1571.599786921001,0.989163740177396,1571.599786921001,1.004897527428917,1571.599786921001,0.9940081967266048,1571.594231188075,1.0100034777029545
1571.601175854466,0.9969418775010978,1571.601175854466,1.0048902842428964,1571.601175854466,1.001817206655725,1571.5956201215397,1.0034972917492029
1571.60256478793,0.9945177155169385,1571.60256478793,1.0049236739862255,1571.60256478793,0.9994143965216696,1571.597009054538,1.015430404103302
1571.603953720928,0.9994593944454949,1571.603953720928,1.0048459024740903,1571.603953720928,1.0043026771977912,1571.598397988002,0.9985094372631336
1571.605342654393,1.0012642898528268,1571.605342654393,1.0048018887313102,1571.605342654393,1.0060722495633343,1571.599786921001,0.9940081967266048
1571.606731587392,1.0109304637778578,1571.606731587392,1.0047677664879104,1571.606731587392,1.0157503441646656,1571.601175854466,1.001817206655725
1571.608120520856,0.9962944860835142,1571.608120520856,1.0047425967920067,1571.608120520856,1.001019509117108,1571.60256478793,0.9994143965216696
1571.6095094538546,0.9913721321033768,1571.6095094538546,1.0046409514177883,1571.6095094538546,0.9959730420054178,1571.603953720928,1.0043026771977912
1571.6108983873191,0.9905257092164488,1571.6108983873191,1.0045911608049938,1571.6108983873191,0.995073372028942,1571.605342654393,1.0060722495633343
1571.6122873203176,1.003867600720205,1571.6122873203176,1.0045488431804175,1571.6122873203176,1.008434037009783,1571.606731587392,1.0157503441646656
1571.6136762537817,0.9946669198598381,1571.6136762537817,1.0046186576501939,1571.6136762537817,0.9992609458386436,1571.608120520856,1.001019509117108
1571.6150651867806,0.9833698610971794,1571.6150651867806,1.0045390137766623,1571.6150651867806,0.987833390444254,1571.6095094538546,0.9959730420054178
1571.6164541202456,1.0068510952809786,1571.6164541202456,1.0044652680881454,1571.6164541202456,1.011346955346251,1571.6108983873191,0.995073372028942
1571.6178430537095,0.9934941269901042,1571.6178430537095,1.0043970871704324,1571.6178430537095,0.9978626072697924,1571.6122873203176,1.008434037009783
1571.6192319867082,1.001182304788549,1571.6192319867082,1.0044316720289381,1571.6192319867082,1.0056192164045483,1571.6136762537817,0.9992609458386436
1571.6206209201737,1.0053361128844214,1571.6206209201737,1.0044286560406186,1571.6206209201737,1.0097884007335989,1571.6150651867806,0.987833390444254
1571.622009853173,1.0147027130347075,1571.622009853173,1.0042913830005735,1571.622009853173,1.0190571910080606,1571.6164541202456,1.011346955346251
1571.6233987866372,0.9960965569664701,1571.6233987866372,1.0042050787789285,1571.6233987866372,1.0002852214599336,1571.6178430537095,0.9978626072697924
1571.6247877196356,1.0056419075179346,1571.6247877196356,1.0040592588221589,1571.6247877196356,1.0097240683029594,1571.6192319867082,1.0056192164045483
1571.6261766531004,0.9719251308874762,1571.6261766531004,1.0040101767543859,1571.6261766531004,0.9758227224543646,1571.6206209201737,1.0097884007335989
1571.6275655860995,0.9872309774980312,1571.6275655860995,1.0039839947811768,1571.6275655860995,0.9911641005601995,1571.622009853173,1.0190571910080606
1571.6289545195636,0.9985250628214248,1571.6289545195636,1.0039144262435142,1571.6289545195636,1.0024337155321397,1571.6233987866372,1.0002852214599336
1571.630343452562,1.0094286084649209,1571.630343452562,1.0039427011306863,1571.630343452562,1.0134084837808626,1571.6247877196356,1.0097240683029594
1571.631732386027,1.0042107993431364,1571.631732386027,1.0039939262131663,1571.631732386027,1.0082215431781776,1571.6261766531004,0.9758227224543646
1571.6331213190251,1.0049327063019653,1571.6331213190251,1.0041099898737946,1571.6331213190251,1.0090629695487114,1571.6275655860995,0.9911641005601995
1571.635899185488,0.9990438592077328,1571.635899185488,1.0040976177575844,1571.635899185488,1.003137559065828,1571.6289545195636,1.0024337155321397
1571.6372881189532,1.016990137920487,1571.6372881189532,1.0040805933170116,1571.6372881189532,1.0211400610807522,1571.630343452562,1.0134084837808626
1571.638677052417,0.999555375311967,1571.638677052417,1.0041037726098139,1571.638677052417,1.0036573232831645,1571.631732386027,1.0082215431781776
1571.6400659854153,0.9881938569121427,1571.6400659854153,1.0039817471580987,1571.6400659854153,0.9921285949935532,1571.6331213190251,1.0090629695487114
1571.6414549188803,1.007663812918224,1571.6414549188803,1.0039872854666676,1571.6414549188803,1.0116816561947597,1571.6345102524892,1.0303669061184109
1571.6428438518792,1.0022877305199163,1571.6428438518792,1.0040440980727066,1571.6428438518792,1.0063410803992092,1571.635899185488,1.003137559065828
1571.644232785343,1.0069246445398432,1571.644232785343,1.0039215189242918,1571.644232785343,1.010873318588742,1571.6372881189532,1.0211400610807522
1571.6456217183418,1.0004773529864386,1571.6456217183418,1.0038515311670229,1571.6456217183418,1.0043307226933664,1571.638677052417,1.0036573232831645
1571.6470106518063,0.9839517450357578,1571.6470106518063,1.0038743853292291,1571.6470106518063,0.9877639532413937,1571.6400659854153,0.9921285949935532
1571.6483995848048,0.9969445075583621,1571.6483995848048,1.003802413147561,1571.6483995848048,1.0007353024612906,1571.6414549188803,1.0116816561947597
1571.649788518269,1.007028672553422,1571.649788518269,1.0038401649735658,1571.649788518269,1.010895828789138,1571.6428438518792,1.0063410803992092
1571.6511774512678,1.0029119524722427,1571.6511774512678,1.003850590762857,1571.6511774512678,1.0067737559723913,1571.644232785343,1.010873318588742
1571.6525663847328,1.0022640111495733,1571.6525663847328,1.0039352512094386,1571.6525663847328,1.0062081718116265,1571.6456217183418,1.0043307226933664
1571.6539553177313,1.017678098629499,1571.6539553177313,1.0038948526188731,1571.6539553177313,1.021641804837116,1571.6470106518063,0.9877639532413937
1571.6553442511954,0.9976833144814113,1571.6553442511954,1.0038937630123488,1571.6553442511954,1.0015680568693766,1571.6483995848048,1.0007353024612906
1571.6567331841943,1.0034468938373948,1571.6567331841943,1.0038842240632755,1571.6567331841943,1.007344506408657,1571.649788518269,1.010895828789138
1571.6581221176589,0.9996408525258613,1571.6581221176589,1.0038105117368636,1571.6581221176589,1.0034499957270595,1571.6511774512678,1.0067737559723913
1571.659511050657,0.9987939936417679,1571.659511050657,1.0038949220496318,1571.659511050657,1.002684218390643,1571.6525663847328,1.0062081718116265
1571.6608999841224,1.008374550479777,1571.6608999841224,1.0037905743335127,1571.6608999841224,1.012196869169393,1571.6539553177313,1.021641804837116
1571.662288917122,1.0005438955059787,1571.662288917122,1.003788825678593,1571.662288917122,1.0043347819098312,1571.6553442511954,1.0015680568693766
1571.6636778505867,0.9936980916984683,1571.6636778505867,1.0037390432333146,1571.6636778505867,0.9974135718241912,1571.6567331841943,1.007344506408657
1571.6650667835852,1.0111250729987338,1571.6650667835852,1.0037193416152281,1571.6650667835852,1.0148857925609385,1571.6581221176589,1.0034499957270595
1571.6664557170493,0.9916528145940516,1571.6664557170493,1.0036548873261977,1571.6664557170493,0.9952771938980997,1571.659511050657,1.002684218390643
1571.6678446500482,0.9997124607642347,1571.6678446500482,1.003711909859129,1571.6678446500482,1.0034233033036395,1571.6608999841224,1.012196869169393
1571.6692335835123,0.9937497830068708,1571.6692335835123,1.0036928975497574,1571.6692335835123,0.9974195991456088,1571.662288917122,1.0043347819098312
1571.6706225165108,1.000010639948078,1571.6706225165108,1.0036468290428542,1571.6706225165108,1.0036575077930037,1571.6636778505867,0.9974135718241912
1571.6720114499751,0.9941669084616532,1571.6720114499751,1.003610543273393,1571.6720114499751,0.9977563911056294,1571.6650667835852,1.0148857925609385
1571.6734003829747,1.0098385358275646,1571.6734003829747,1.0035013653248317,1571.6734003829747,1.01337434946059,1571.6664557170493,0.9952771938980997
1571.6747893164386,0.9919837203771623,1571.6747893164386,1.0035254332421968,1571.6747893164386,0.995480892760698,1571.6678446500482,1.0034233033036395
1571.6761782494368,1.01034695530837,1571.6761782494368,1.0035298244569426,1571.6761782494368,1.0139133027012148,1571.6692335835123,0.9974195991456088
1571.6775671829018,1.0024305766413086,1571.6775671829018,1.0035547391808597,1571.6775671829018,1.0059939558881872,1571.6706225165108,1.0036575077930037
1571.6789561159007,1.0024023042925116,1571.6789561159007,1.0035243878082551,1571.6789561159007,1.005935158752727,1571.6720114499751,0.9977563911056294
1571.6803450493649,1.017017006156995,1571.6803450493649,1.0036242767742496,1571.6803450493649,1.0207029572714266,1571.6734003829747,1.01337434946059
1571.6817339823633,1.0062316464758156,1571.6817339823633,1.003608257319339,1571.6817339823633,1.0098623891791625,1571.6747893164386,0.995480892760698
1571.683122915828,0.9924619390713985,1571.683122915828,1.0034943296043628,1571.683122915828,0.995929928206299,1571.6761782494368,1.0139133027012148
1571.6845118488263,1.0110890022270864,1571.6845118488263,1.0035181606644248,1571.6845118488263,1.0146461757829544,1571.6775671829018,1.0059939558881872
1571.6859007822904,1.0067242682355952,1571.6859007822904,1.0033659288900716,1571.6859007822904,1.0101128305343856,1571.6789561159007,1.005935158752727
1571.6872897152894,0.9876340240188973,1571.6872897152894,1.0033401904272423,1571.6872897152894,0.990932909731544,1571.6803450493649,1.0207029572714266
1571.6886786487544,1.00969505819371,1571.6886786487544,1.0033202116893585,1571.6886786487544,1.0130474595286123,1571.6817339823633,1.0098623891791625
1571.6900675817528,0.99588957115325,1571.6900675817528,1.003310378281414,1571.6900675817528,0.9991863423602824,1571.683122915828,0.995929928206299
1571.691456515217,1.0154110942909247,1571.691456515217,1.0033742220379724,1571.691456515217,1.0188373167828828,1571.6845118488263,1.0146461757829544
1571.6928454482158,0.9919021361496864,1571.6928454482158,1.0032411495960394,1571.6928454482158,0.9951170393575786,1571.6859007822904,1.0101128305343856
1571.6942343816804,1.0075900132119429,1571.6942343816804,1.0033006903564268,1571.6942343816804,1.0109157558517834,1571.6872897152894,0.990932909731544
1571.6956233146789,0.9990540798020457,1571.6956233146789,1.0033266299621362,1571.6956233146789,1.0023775630377096,1571.6886786487544,1.0130474595286123
1571.697012248143,0.9952856703437531,1571.697012248143,1.0032402109040535,1571.697012248143,0.9985106058254491,1571.6900675817528,0.9991863423602824
1571.698401181142,1.0091975722186723,1571.698401181142,1.0032595509724855,1571.698401181142,1.0124871031466278,1571.691456515217,1.0188373167828828
1571.6997901146074,1.0020939818681138,1571.6997901146074,1.0031715304015372,1571.6997901146074,1.005272153396806,1571.6928454482158,0.9951170393575786
1571.7011790476067,1.0109420753342742,1571.7011790476067,1.0030982798386971,1571.7011790476067,1.014074256784373,1571.6942343816804,1.0109157558517834
1571.7025679810708,1.0154552389884761,1571.7025679810708,1.0030307343328406,1571.7025679810708,1.0185328140447414,1571.6956233146789,1.0023775630377096
1571.7039569140695,0.9989929792804592,1571.7039569140695,1.0030055520364936,1571.7039569140695,1.0019955046637783,1571.697012248143,0.9985106058254491
1571.7053458470682,1.007747987378778,1571.7053458470682,1.0029847952926274,1571.7053458470682,1.010755908827661,1571.698401181142,1.0124871031466278
1571.7067347805323,1.0108975879695645,1571.7067347805323,1.0030046816072733,1571.7067347805323,1.0139350133589735,1571.6997901146074,1.005272153396806
1571.7081237135312,1.0137370562545671,1571.7081237135312,1.0029711631319196,1571.7081237135312,1.0167490344215713,1571.7011790476067,1.014074256784373
1571.7095126469962,0.9957665969901757,1571.7095126469962,1.0029510366365655,1571.7095126469962,0.9987051406993618,1571.7025679810708,1.0185328140447414
1571.7109015799945,1.0106872793332737,1571.7109015799945,1.0027989831754212,1571.7109015799945,1.0135161760237397,1571.7039569140695,1.0019955046637783
1571.7122905134584,1.0062659719844713,1571.7122905134584,1.0029235802196277,1571.7122905134584,1.0092078712758497,1571.7053458470682,1.010755908827661
1571.7136794464575,0.987947858124427,1571.7136794464575,1.0028510164822402,1571.7136794464575,0.9907645137515336,1571.7067347805323,1.0139350133589735
1571.7150683799225,1.0050850764367671,1571.7150683799225,1.0028648764196757,1571.7150683799225,1.0079645209720187,1571.7081237135312,1.0167490344215713
1571.7164573129207,0.9963700603302904,1571.7164573129207,1.002891047284577,1571.7164573129207,0.999250613287642,1571.7095126469962,0.9987051406993618
1571.7178462463849,0.9965879850173373,1571.7178462463849,1.0028488013327952,1571.7178462463849,0.9994270661973024,1571.7109015799945,1.0135161760237397
1571.7192351793838,0.9978067078745969,1571.7192351793838,1.0027231189060974,1571.7192351793838,1.000523854185441,1571.7122905134584,1.0092078712758497
1571.720624112848,0.9888514060132009,1571.720624112848,1.0026411688119758,1571.720624112848,0.9914631295064414,1571.7136794464575,0.9907645137515336
1571.7220130458463,1.0202124108702026,1571.7220130458463,1.0025288825124665,1571.7220130458463,1.0227924081950537,1571.7150683799225,1.0079645209720187
1571.7234019788452,0.9858643534451199,1571.7234019788452,1.0024854957561364,1571.7234019788452,0.988314715111734,1571.7164573129207,0.999250613287642
1571.7247909123105,1.006195258743125,1571.7247909123105,1.0025025606493507,1571.7247909123105,1.0087133234032188,1571.7178462463849,0.9994270661973024
1571.7261798453087,1.009340655161332,1571.7261798453087,1.0025202976191447,1571.7261798453087,1.011884494011441,1571.7192351793838,1.000523854185441
1571.7275687787728,0.9911431347452763,1571.7275687787728,1.0024974971968523,1571.7275687787728,0.993618511945982,1571.720624112848,0.9914631295064414
1571.7289577117715,0.9947846912907264,1571.7289577117715,1.0025394138835924,1571.7289577117715,0.9973108613469752,1571.7220130458463,1.0227924081950537
1571.7303466452363,1.0067032311768913,1571.7303466452363,1.0024706731773132,1571.7303466452363,1.0091904658476747,1571.7234019788452,0.988314715111734
1571.7317355782347,1.0083422087345317,1571.7317355782347,1.0022999216225945,1571.7317355782347,1.010661316783375,1571.7247909123105,1.0087133234032188
1571.7331245116989,0.9944657732014729,1571.7331245116989,1.0022242830705264,1571.7331245116989,0.9966777465850228,1571.7261798453087,1.011884494011441
1571.734513444698,1.004754765366164,1571.734513444698,1.0021826056071481,1571.734513444698,1.006947748750861,1571.7275687787728,0.993618511945982
1571.7359023781628,0.9899937077006917,1571.7359023781628,1.0021630507586665,1571.7359023781628,0.9921351143412088,1571.7289577117715,0.9973108613469752
1571.7372913111612,1.0060565886866082,1571.7372913111612,1.0020327117967465,1571.7372913111612,1.008101611782626,1571.7303466452363,1.0091904658476747
1571.7386802441597,0.9947177302236017,1571.7386802441597,1.0021291419829368,1571.7386802441597,0.9968356255041924,1571.7317355782347,1.010661316783375
1571.7400691776252,0.9954659356217047,1571.7400691776252,1.0021400656420782,1571.7400691776252,0.997596298068388,1571.7331245116989,0.9966777465850228
1571.741458110624,0.9871815636726888,1571.741458110624,1.00202245924552,1571.741458110624,0.9891780981531456,1571.734513444698,1.006947748750861
1571.7428470440882,1.0202559241641767,1571.7428470440882,1.0019673968667229,1571.7428470440882,1.0222631724726328,1571.7359023781628,0.9921351143412088
1571.744235977087,1.0105079398435302,1571.744235977087,1.0018440979633854,1571.744235977087,1.0123714154773804,1571.7372913111612,1.008101611782626
1571.745624910552,0.9878589168499637,1571.745624910552,1.001723455866975,1571.745624910552,0.9895614480959524,1571.7386802441597,0.9968356255041924
1571.7470138435503,0.9908206149109547,1571.7470138435503,1.0015689487156423,1571.7470138435503,0.9923751616421512,1571.7400691776252,0.997596298068388
1571.7484027765486,0.9880088826932386,1571.7484027765486,1.001495339182384,1571.7484027765486,0.9894862910880732,1571.741458110624,0.9891780981531456
1571.7497917100136,1.0007388512372346,1571.7497917100136,1.0014406523675876,1571.7497917100136,1.0021805680326064,1571.7428470440882,1.0222631724726328
1571.7511806430125,0.9894987471503806,1571.7511806430125,1.0014209154716747,1571.7511806430125,0.9909047412294092,1571.744235977087,1.0123714154773804
1571.7525695764766,0.995881524164225,1571.7525695764766,1.001489656687298,1571.7525695764766,0.9973650457364528,1571.745624910552,0.9895614480959524
1571.753958509475,1.0089515660399992,1571.753958509475,1.0015493805486608,1571.753958509475,1.0105148159709625,1571.7470138435503,0.9923751616421512
1571.7553474429396,1.0092743547363254,1571.7553474429396,1.0015208951205907,1571.7553474429396,1.0108093551777813,1571.7484027765486,0.9894862910880732
1571.756736375939,1.017807058765346,1571.756736375939,1.0013823500181211,1571.756736375939,1.0192140243714742,1571.7497917100136,1.0021805680326064
1571.7581253089372,1.0084082765392761,1571.7581253089372,1.0013411097931362,1571.7581253089372,1.0097606627544224,1571.7511806430125,0.9909047412294092
1571.759514242401,1.0055335987304357,1571.759514242401,1.0013298505580728,1571.759514242401,1.0068708081478683,1571.7525695764766,0.9973650457364528
1571.7609031754005,0.9904218682639016,1571.7609031754005,1.0012427172604221,1571.7609031754005,0.9916526826146926,1571.753958509475,1.0105148159709625
1571.7622921088646,0.9956404037206142,1571.7622921088646,1.0011022368765297,1571.7622921088646,0.996737835289358,1571.7553474429396,1.0108093551777813
1571.763681041863,0.9941260040117034,1571.763681041863,1.0009928697455928,1571.763681041863,0.9951130416443936,1571.756736375939,1.0192140243714742
1571.7650699753276,0.9933715059280749,1571.7650699753276,1.001041768387341,1571.7650699753276,0.994406368959836,1571.7581253089372,1.0097606627544224
1571.7664589083265,1.0026291840701995,1571.7664589083265,1.0009977778920491,1571.7664589083265,1.003629585303988,1571.759514242401,1.0068708081478683
1571.767847841325,0.98518318068228,1571.767847841325,1.0008680990080376,1571.767847841325,0.9860384172241656,1571.7609031754005,0.9916526826146926
1571.769236774789,1.001773366433655,1571.769236774789,1.0008112540717353,1571.769236774789,1.0025860591561302,1571.7622921088646,0.996737835289358
1571.7706257077882,0.9794470589556358,1571.7706257077882,1.0007452278200575,1571.7706257077882,0.980176970152243,1571.763681041863,0.9951130416443936
1571.772014641253,1.0025397975497559,1571.772014641253,1.000743787833402,1571.772014641253,1.0032854744536748,1571.7650699753276,0.994406368959836
1571.7734035742517,1.0033691327408674,1571.7734035742517,1.000661623477811,1571.7734035742517,1.0040329853159995,1571.7664589083265,1.003629585303988
1571.77479250725,1.00533905558675,1571.77479250725,1.0004949324399763,1571.77479250725,1.0058366304985351,1571.767847841325,0.9860384172241656
1571.7761814407145,1.0037656578106209,1571.7761814407145,1.000355782538548,1571.7761814407145,1.004122780104464,1571.769236774789,1.0025860591561302
1571.777570373713,0.9961296558506955,1571.777570373713,1.000350298891698,1571.777570373713,0.9964785989651274,1571.7706257077882,0.980176970152243
1571.778959307177,1.0201610151268976,1571.778959307177,1.000312326908164,1571.778959307177,1.0204796388625816,1571.772014641253,1.0032854744536748
1571.7803482401769,0.9862426240837451,1571.7803482401769,1.000345215444709,1571.7803482401769,0.9865830902698092,1571.7734035742517,1.0040329853159995
1571.781737173177,1.0028161884755131,1571.781737173177,1.0002030200667826,1571.781737173177,1.0030197802850682,1571.77479250725,1.0058366304985351
1571.7831261066406,1.012949286543091,1571.7831261066406,1.0000964322306962,1571.7831261066406,1.0130469675023743,1571.7761814407145,1.004122780104464
1571.7845150396388,0.9977036469398635,1571.7845150396388,1.000007186738746,1571.7845150396388,0.9977108171753198,1571.777570373713,0.9964785989651274
1571.7859039731038,1.0115669870666344,1571.7859039731038,0.9998640170903451,1571.7859039731038,1.0114294312444223,1571.778959307177,1.0204796388625816
1571.7872929061027,0.993918386349195,1571.7872929061027,0.999756457548674,1571.7872929061027,0.9936763250289656,1571.7803482401769,0.9865830902698092
1571.7886818391012,0.9906956691015293,1571.7886818391012,0.9998108621856724,1571.7886818391012,0.9905082910880116,1571.781737173177,1.0030197802850682
1571.7900707725653,1.000423527879101,1571.7900707725653,0.9997913606900601,1571.7900707725653,1.0002148002045967,1571.7831261066406,1.0130469675023743
1571.7914597055642,1.0097564022235717,1571.7914597055642,0.9999138303692494,1571.7914597055642,1.009669391887244,1571.7845150396388,0.9977108171753198
1571.7928486390292,1.0061792114537476,1571.7928486390292,0.9998001728656559,1571.7928486390292,1.0059781495452862,1571.7859039731038,1.0114294312444223
1571.7942375720274,1.0026369681402127,1571.7942375720274,0.9999064085243773,1571.7942375720274,1.0025431298668506,1571.7872929061027,0.9936763250289656
1571.7956265050257,0.9918386227929472,1571.7956265050257,0.9998585407530611,1571.7956265050257,0.991698318048282,1571.7886818391012,0.9905082910880116
1571.7970154384907,0.9974829766517022,1571.7970154384907,0.9998352193517853,1571.7970154384907,0.9973186107602264,1571.7900707725653,1.0002148002045967
1571.7984043714891,1.0028577368070735,1571.7984043714891,0.9998315756420393,1571.7984043714891,1.0026888311366258,1571.7914597055642,1.009669391887244
1571.7997933044876,0.9997886275632302,1571.7997933044876,0.999817066994809,1571.7997933044876,0.9996057332250342,1571.7928486390292,1.0059781495452862
1571.8011822379522,0.9970354984603651,1571.8011822379522,0.9996521645497288,1571.8011822379522,0.9966886941688218,1571.7942375720274,1.0025431298668506
1571.802571170951,0.9949774544056087,1571.802571170951,0.9995508337179518,1571.802571170951,0.9945305440816916,1571.7956265050257,0.991698318048282
1571.8039601044152,1.0060430001385896,1571.8039601044152,0.9995504568368228,1571.8039601044152,1.005590740386015,1571.7970154384907,0.9973186107602264
1571.8053490374136,0.9937491710757247,1571.8053490374136,0.9995268235174032,1571.8053490374136,0.9932789523383716,1571.7984043714891,1.0026888311366258
1571.8067379704128,0.9953934720510077,1571.8067379704128,0.9993736806444922,1571.8067379704128,0.994770037853116,1571.7997933044876,0.9996057332250342
1571.8081269038776,1.0016570781883891,1571.8081269038776,0.9993665557593421,1571.8081269038776,1.0010225842810965,1571.8011822379522,0.9966886941688218
1571.809515836876,0.9926543049129433,1571.809515836876,0.9993046575499251,1571.809515836876,0.9919640702364877,1571.802571170951,0.9945305440816916
1571.8109047698745,1.0027109272439538,1571.8109047698745,0.9992470212079518,1571.8109047698745,1.001955907181184,1571.8039601044152,1.005590740386015
1571.812293703339,1.0082396311237054,1571.812293703339,0.9992616994781462,1571.812293703339,1.007495247277893,1571.8053490374136,0.9932789523383716
1571.8136826363375,1.0066137451197363,1571.8136826363375,0.999094895427176,1571.8136826363375,1.005702654415961,1571.8067379704128,0.994770037853116
1571.815071569336,1.011177518615905,1571.815071569336,0.9991726636970819,1571.815071569336,1.0103409347460595,1571.8081269038776,1.0010225842810965
1571.8164605028005,0.9942767530304238,1571.8164605028005,0.999148968670415,1571.8164605028005,0.9934305923633169,1571.809515836876,0.9919640702364877
1571.8178494358,1.0122307905253662,1571.8178494358,0.9991816351687692,1571.8178494358,1.0114024164453113,1571.8109047698745,1.001955907181184
1571.8192383692638,1.0049592959126972,1571.8192383692638,0.9990966512792567,1571.8192383692638,1.0040514672183354,1571.812293703339,1.007495247277893
1571.820627302263,0.9911181118428254,1571.820627302263,0.9990331237335696,1571.820627302263,0.9901598232632552,1571.8136826363375,1.005702654415961
1571.8220162352627,0.9981663464510486,1571.8220162352627,0.9989898099143576,1571.8220162352627,0.9971580087040419,1571.815071569336,1.0103409347460595
1571.8234051687273,1.002700150883467,1571.8234051687273,0.9988549096010266,1571.8234051687273,1.0015519685676413,1571.8164605028005,0.9934305923633169
1571.8247941017255,1.0019797305043585,1571.8247941017255,0.9988493366281818,1571.8247941017255,1.000826789129163,1571.8178494358,1.0114024164453113
1571.8261830347242,0.995301564704744,1571.8261830347242,0.9988421759329056,1571.8261830347242,0.9941491805991121,1571.8192383692638,1.0040514672183354
1571.8275719681887,1.0036724174188458,1571.8275719681887,0.9988453196005828,1571.8275719681887,1.0025134965510165,1571.820627302263,0.9901598232632552
1571.828960901188,0.999335174191469,1571.828960901188,0.9987670838652274,1571.828960901188,0.9981030777311626,1571.8220162352627,0.9971580087040419
1571.8303498341863,1.000322235268769,1571.8303498341863,0.9986083970239724,1571.8303498341863,0.9989301838691825,1571.8234051687273,1.0015519685676413
1571.8317387676502,1.001636945267871,1571.8317387676502,0.9984705714526149,1571.8317387676502,1.0001050131296627,1571.8247941017255,1.000826789129163
1571.8331277006496,0.9911412836246282,1571.8331277006496,0.9984132209159188,1571.8331277006496,0.9895685613664031,1571.8261830347242,0.9941491805991121
1571.834516633648,0.9838860573411593,1571.834516633648,0.9984531418877569,1571.834516633648,0.9823641252118382,1571.8275719681887,1.0025134965510165
1571.835905567112,1.009279346304541,1571.835905567112,0.9984454778630522,1571.835905567112,1.0077103992183465,1571.828960901188,0.9981030777311626
1571.837294500111,1.002044039687016,1571.837294500111,0.9983414688002676,1571.837294500111,1.0003821183836892,1571.8303498341863,0.9989301838691825
1571.83868343311,0.995323264437601,1571.83868343311,0.9984743616629593,1571.83868343311,0.9938047611076265,1571.8317387676502,1.0001050131296627
1571.840072366574,1.0167817811320872,1571.840072366574,0.9984416631714996,1571.840072366574,1.015197292636001,1571.8331277006496,0.9895685613664031
1571.8414612995723,1.0038927237348219,1571.8414612995723,0.9984677726284489,1571.8414612995723,1.0023545318254143,1571.834516633648,0.9823641252118382
1571.8428502325717,0.9952435669117228,1571.8428502325717,0.9985311537594962,1571.8428502325717,0.9937817071400789,1571.835905567112,1.0077103992183465
1571.8442391660365,0.9935905165935777,1571.8442391660365,0.9984255005040393,1571.8442391660365,0.9920261088260097,1571.837294500111,1.0003821183836892
1571.845628099035,1.0005982915241403,1571.845628099035,0.9985282592156339,1571.845628099035,0.9991256702097372,1571.83868343311,0.9938047611076265
1571.8470170320334,0.9857376305903774,1571.8470170320334,0.998525534878029,1571.8470170320334,0.9842841948346576,1571.840072366574,1.015197292636001
1571.848405965498,0.9981163105118404,1571.848405965498,0.9986671429932044,1571.848405965498,0.9967859641937776,1571.8414612995723,1.0023545318254143
1571.8497948984964,1.0053091978766386,1571.8497948984964,0.9985195368303105,1571.8497948984964,1.0038208746350321,1571.8428502325717,0.9937817071400789
1571.8511838314948,0.9801323574560499,1571.8511838314948,0.9984507632416835,1571.8511838314948,0.9786139003798635,1571.8442391660365,0.9920261088260097
1571.8525727649594,1.011857748483173,1571.8525727649594,0.9984171935900885,1571.8525727649594,1.0102561735529552,1571.845628099035,0.9991256702097372
1571.8539616979588,0.9995888720990308,1571.8539616979588,0.9983612922309144,1571.8539616979588,0.9979508380484307,1571.8470170320334,0.9842841948346576
1571.855350630957,0.9882282229704121,1571.855350630957,0.9983662972979905,1571.855350630957,0.9866137518523433,1571.848405965498,0.9967859641937776
1571.8567395644209,0.985710686126557,1571.8567395644209,0.998287105430655,1571.8567395644209,0.9840222676453455,1571.8497948984964,1.0038208746350321
1571.8581284974202,0.9881041338378123,1571.8581284974202,0.9983019095004075,1571.8581284974202,0.9864262435955342,1571.8511838314948,0.9786139003798635
1571.8595174304191,0.9933064226146032,1571.8595174304191,0.9982630307940736,1571.8595174304191,0.9915810799464728,1571.8525727649594,1.0102561735529552
1571.8609063634185,0.9928043923692514,1571.8609063634185,0.9982849593180851,1571.8609063634185,0.9911016924471544,1571.8539616979588,0.9979508380484307
1571.862295296883,1.0139672515760512,1571.862295296883,0.9981533004007708,1571.862295296883,1.0120947586589342,1571.855350630957,0.9866137518523433
1571.863684229882,0.993187932558705,1571.863684229882,0.9981917016635993,1571.863684229882,0.9913919524725258,1571.8567395644209,0.9840222676453455
1571.8650731628811,0.9978668369831268,1571.8650731628811,0.9981638969072331,1571.8650731628811,0.9960346505975726,1571.8581284974202,0.9864262435955342
1571.8664620963452,0.9875672764961662,1571.8664620963452,0.9982351267800241,1571.8664620963452,0.9858243454569535,1571.8595174304191,0.9915810799464728
1571.8678510293437,0.9859021097603002,1571.8678510293437,0.9982028457907233,1571.8678510293437,0.9841302916338097,1571.8609063634185,0.9911016924471544
1571.8692399623428,0.9962093070187322,1571.8692399623428,0.9981188943180188,1571.8692399623428,0.9943353320308568,1571.862295296883,1.0120947586589342
1571.870628895807,0.9948689250646289,1571.870628895807,0.9982537862071297,1571.870628895807,0.993131671225583,1571.863684229882,0.9913919524725258
1571.8720178288054,0.9906573034242523,1571.8720178288054,0.9983375360877366,1571.8720178288054,0.9890103714078893,1571.8650731628811,0.9960346505975726
1571.8734067618043,1.0040112979624138,1571.8734067618043,0.9984924530867298,1571.8734067618043,1.0024977038292822,1571.8664620963452,0.9858243454569535
1571.8747956948032,0.9920142540249706,1571.8747956948032,0.9985305586753453,1571.8747956948032,0.9905565472854598,1571.8678510293437,0.9841302916338097
1571.8761846282673,1.002508511910617,1571.8761846282673,0.9986813632565412,1571.8761846282673,1.0011865673511815,1571.8692399623428,0.9943353320308568
1571.8775735612658,1.0113511814047838,1571.8775735612658,0.9986767318648982,1571.8775735612658,1.0100128926130334,1571.870628895807,0.993131671225583
1571.878962494265,1.009794172319195,1571.878962494265,0.998666388254803,1571.878962494265,1.0084474989507586,1571.8720178288054,0.9890103714078893
1571.8803514277297,0.9849236084750211,1571.8803514277297,0.9986572793900917,1571.8803514277297,0.9836011312467365,1571.8734067618043,1.0024977038292822
1571.881740360728,1.0049696140664117,1571.881740360728,0.9985881760230325,1571.881740360728,1.003550773869149,1571.8747956948032,0.9905565472854598
1571.8831292937266,1.002083225871838,1571.8831292937266,0.9985923435600544,1571.8831292937266,1.000672636965578,1571.8761846282673,1.0011865673511815
1571.8845182267255,0.9928119734226845,1571.8845182267255,0.9985611571480009,1571.8845182267255,0.9913834730113461,1571.8775735612658,1.0100128926130334
1571.88590716019,0.9949090180922179,1571.88590716019,0.998577562787908,1571.88590716019,0.9934938224822376,1571.878962494265,1.0084474989507586
1571.8872960931883,0.9882047091937958,1571.8872960931883,0.998605693303344,1571.8872960931883,0.9868268487500998,1571.8803514277297,0.9836011312467365
1571.888685026187,1.0003815554098898,1571.888685026187,0.9986417565504697,1571.888685026187,0.9990227937152234,1571.881740360728,1.003550773869149
1571.890073959652,1.006576913787893,1571.890073959652,0.9987772042501202,1571.890073959652,1.0053460758157862,1571.8831292937266,1.000672636965578
1571.8914628926502,0.9878996297239346,1571.8914628926502,0.9987823574119509,1571.8914628926502,0.9866967210620649,1571.8845182267255,0.9913834730113461
1571.8928518256484,1.0042544861741127,1571.8928518256484,0.9989538606211295,1571.8928518256484,1.0032038960097185,1571.88590716019,0.9934938224822376
1571.8942407586478,0.9981430594483034,1571.8942407586478,0.9989539762482599,1571.8942407586478,0.9970989781004859,1571.8872960931883,0.9868268487500998
1571.8956296921124,0.9879115826131749,1571.8956296921124,0.9991123010545903,1571.8956296921124,0.9870346145431311,1571.888685026187,0.9990227937152234
1571.8970186251108,0.9832575758122601,1571.8970186251108,0.9991559207361596,1571.8970186251108,0.982427628481503,1571.890073959652,1.0053460758157862
1571.8984075581093,0.9880505576814835,1571.8984075581093,0.9991351273279793,1571.8984075581093,0.9871960197555699,1571.8914628926502,0.9866967210620649
1571.8997964911082,0.9827391953649817,1571.8997964911082,0.9990126486921106,1571.8997964911082,0.9817688865351238,1571.8928518256484,1.0032038960097185
1571.9011854245732,1.006558089032847,1571.9011854245732,0.9989413708050462,1571.9011854245732,1.00549251725338,1571.8942407586478,0.9970989781004859
1571.902574357572,1.0056852009525363,1571.902574357572,0.9989392832282948,1571.902574357572,1.0046184537928302,1571.8956296921124,0.9870346145431311
1571.903963290571,1.006494048868927,1571.903963290571,0.9989657277207938,1571.903963290571,1.0054530599749958,1571.8970186251108,0.982427628481503
1571.9053522235704,0.9912112224629867,1571.9053522235704,0.9989639164232152,1571.9053522235704,0.990184244794268,1571.8984075581093,0.9871960197555699
1571.9067411570345,0.9903055107407261,1571.9067411570345,0.9990173560437056,1571.9067411570345,0.9893323930157117,1571.8997964911082,0.9817688865351238
1571.908130090033,0.9844204254485971,1571.908130090033,0.9989922674841989,1571.908130090033,0.9834283929766537,1571.9011854245732,1.00549251725338
1571.909519023032,0.9953542554455115,1571.909519023032,0.9990682999637428,1571.909519023032,0.9944268838496242,1571.902574357572,1.0046184537928302
1571.9109079560308,0.994300814143578,1571.9109079560308,0.9990703742372631,1571.9109079560308,0.9933764864908398,1571.903963290571,1.0054530599749958
1571.9122968894949,1.0026663370731848,1571.9122968894949,0.9992099072452002,1571.9122968894949,1.0018741376647815,1571.9053522235704,0.990184244794268
1571.913685822493,1.0094673960665372,1571.913685822493,0.999355051571043,1571.913685822493,1.0088163416553608,1571.9067411570345,0.9893323930157117
1571.9150747554925,1.009826626780183,1571.9150747554925,0.9993492526284145,1571.9150747554925,1.0091694847570487,1571.908130090033,0.9834283929766537
1571.9164636884916,0.9837700191072277,1571.9164636884916,0.999335608156109,1571.9164636884916,0.9831164103302684,1571.909519023032,0.9944268838496242
1571.9178526219555,1.0125509632764056,1571.9178526219555,0.9993495127525822,1571.9178526219555,1.0118923117874337,1571.9109079560308,0.9933764864908398
1571.9192415549542,0.9987418083865477,1571.9192415549542,0.9993531748595933,1571.9192415549542,0.9980957970761081,1571.9122968894949,1.0018741376647815
1571.920630487953,0.9953638377834465,1571.920630487953,0.9995068954220677,1571.920630487953,0.9948730193183273,1571.913685822493,1.0088163416553608
1571.922019420952,1.0126469090573285,1571.922019420952,0.9995130561491659,1571.922019420952,1.0121538068718967,1571.9150747554925,1.0091694847570487
1571.923408354416,0.9941280298749974,1571.923408354416,0.9994234910395068,1571.923408354416,0.993554906157897,1571.9164636884916,0.9831164103302684
1571.9247972874143,0.9916372836661351,1571.9247972874143,0.9993821210794647,1571.9247972874143,0.9910245718917409,1571.9178526219555,1.0118923117874337
1571.926186220414,0.9948948692646642,1571.926186220414,0.9994086306726226,1571.926186220414,0.994306518955016,1571.9192415549542,0.9980957970761081
1571.927575153412,1.0064335533799726,1571.927575153412,0.9994526821741038,1571.927575153412,1.0058827143556277,1571.920630487953,0.9948730193183273
1571.9289640864104,1.0069640861365097,1571.9289640864104,0.9994875631302123,1571.9289640864104,1.0064480806122211,1571.922019420952,1.0121538068718967
1571.9303530198754,0.9774618184555774,1571.9303530198754,0.9994974076803722,1571.9303530198754,0.9769705536528922,1571.923408354416,0.993554906157897
1571.9317419528743,0.9955774364214363,1571.9317419528743,0.9994826927465754,1571.9317419528743,0.9950624169922296,1571.9247972874143,0.9910245718917409
1571.9331308858727,1.0035294406469917,1571.9331308858727,0.9993984649644997,1571.9331308858727,1.0029257825292865,1571.926186220414,0.994306518955016
1571.9345198188712,1.0027988303718287,1571.9345198188712,0.9995343600446337,1571.9345198188712,1.002331887169213,1571.927575153412,1.0058827143556277
1571.9359087523358,0.9946341100047084,1571.9359087523358,0.9994595045128968,1571.9359087523358,0.9940965147569318,1571.9289640864104,1.0064480806122211
1571.9372976853351,0.9887328794831393,1571.9372976853351,0.9993211426278479,1571.9372976853351,0.9880616708788129,1571.9303530198754,0.9769705536528922
1571.9386866183331,1.0096774172120884,1571.9386866183331,0.9991972787041183,1571.9386866183331,1.0088669276473214,1571.9317419528743,0.9950624169922296
1571.9400755513316,1.0071049462656572,1571.9400755513316,0.9990545001099238,1571.9400755513316,1.0061527286496679,1571.9331308858727,1.0029257825292865
1571.941464484331,0.9996926306991551,1571.941464484331,0.9992130693680926,1571.941464484331,0.9989059419455659,1571.9345198188712,1.002331887169213
1571.942853417795,0.9999137108062631,1571.942853417795,0.9990599129042087,1571.942853417795,0.9989737048298294,1571.9359087523358,0.9940965147569318
1571.944242350794,0.9960696782776504,1571.944242350794,0.9990071706310543,1571.944242350794,0.99508075104754,1571.9372976853351,0.9880616708788129
1571.9456312837938,0.9942976787674361,1571.9456312837938,0.999068707011522,1571.9456312837938,0.9933716963107401,1571.9386866183331,1.0088669276473214
1571.947020216793,0.9941728753885251,1571.947020216793,0.9990752701766942,1571.947020216793,0.9932535340811316,1571.9400755513316,1.0061527286496679
1571.9484091497911,1.0053539096768502,1571.9484091497911,0.9991540075909687,1571.9484091497911,1.0045033879008738,1571.941464484331,0.9989059419455659
1571.9497980832552,1.0191267807000806,1571.9497980832552,0.9991038002296563,1571.9497980832552,1.018213439513266,1571.942853417795,0.9989737048298294
1571.9511870162544,1.0116509950437533,1571.9511870162544,0.9992075224216953,1571.9511870162544,1.0108492843131116,1571.944242350794,0.99508075104754
1571.9525759492535,0.9935092468692961,1571.9525759492535,0.9992771487152369,1571.9525759492535,0.9927910874337725,1571.9456312837938,0.9933716963107401
1571.953964882252,0.9937616506861616,1571.953964882252,0.9993801387664784,1571.953964882252,0.9931456563635408,1571.947020216793,0.9932535340811316
1571.9553538152504,0.9932983612465124,1571.9553538152504,0.999366078898831,1571.9553538152504,0.9926686884555617,1571.9484091497911,1.0045033879008738
1571.956742748715,1.002045249755216,1571.956742748715,0.9994091510312297,1571.956742748715,1.001453192352737,1571.9497980832552,1.018213439513266
1571.958131681714,1.003668336363378,1571.958131681714,0.999571748827609,1571.958131681714,1.0032385142216387,1571.9511870162544,1.0108492843131116
1571.9595206147123,1.0171401164438332,1571.9595206147123,0.9996768824754829,1571.9595206147123,1.0168114606473209,1571.9525759492535,0.9927910874337725
1571.9609095477108,0.9975430262764617,1571.9609095477108,0.9996529109442918,1571.9609095477108,0.9971967900094431,1571.953964882252,0.9931456563635408
1571.9622984807102,1.0058540423503368,1571.9622984807102,0.9995829552840843,1571.9622984807102,1.0054345562369922,1571.9553538152504,0.9926686884555617
1571.9636874137084,1.0033895419632655,1571.9636874137084,0.9997249707943981,1571.9636874137084,1.00311358053463,1571.956742748715,1.001453192352737
1571.9650763471725,1.0025011304171865,1571.9650763471725,0.9996698266498313,1571.9650763471725,1.0021701312604088,1571.958131681714,1.0032385142216387
1571.9664652801716,1.0078525930492894,1571.9664652801716,0.9997362112189375,1571.9664652801716,1.0075867328422783,1571.9595206147123,1.0168114606473209
1571.9678542131703,0.9863051190360476,1571.9678542131703,0.9997202953739832,1571.9678542131703,0.9860292449315892,1571.9609095477108,0.9971967900094431
1571.969243146169,1.0030720561958975,1571.969243146169,0.9998831966915975,1571.969243146169,1.0029548940611677,1571.9622984807102,1.0054345562369922
1571.9706320791674,1.0030187858699426,1571.9706320791674,0.9998093256347647,1571.9706320791674,1.0028275358996277,1571.9636874137084,1.00311358053463
1571.9720210121664,1.0067902319998978,1571.9720210121664,0.9999501008148152,1571.9720210121664,1.006739993987669,1571.9650763471725,1.0021701312604088
1571.9734099456314,0.9892668448042264,1571.9734099456314,0.9998879662135023,1571.9734099456314,0.9891560134937464,1571.9664652801716,1.0075867328422783
1571.9747988786296,1.0011416951915646,1571.9747988786296,0.9998502692286174,1571.9747988786296,1.0009917934732804,1571.9678542131703,0.9860292449315892
1571.9761878116278,0.983965710331389,1571.9761878116278,1.0000046073114965,1571.9761878116278,0.9839702437679184,1571.969243146169,1.0029548940611677
1571.9775767446272,0.9902570865834193,1571.9775767446272,0.9998899269522251,1571.9775767446272,0.9901480859678183,1571.9706320791674,1.0028275358996277
1571.9789656776256,1.014272155995457,1571.9789656776256,0.9999553354236853,1571.9789656776256,1.0142268539593418,1571.9720210121664,1.006739993987669
1571.980354610624,0.9987788978744239,1571.980354610624,0.9999805944182436,1571.980354610624,0.9987595159888646,1571.9734099456314,0.9891560134937464
1571.9817435440889,0.9980938746574878,1571.9817435440889,1.000157614881444,1571.9817435440889,0.9982511891052118,1571.9747988786296,1.0009917934732804
1571.9831324770876,1.0026058382211944,1571.9831324770876,1.000319863062574,1571.9831324770876,1.0029265347951624,1571.9761878116278,0.9839702437679184
1571.984521410086,0.9944972583672209,1571.984521410086,1.0003249113408885,1571.984521410086,0.9948203818049469,1571.9775767446272,0.9901480859678183
1571.9859103430854,0.9919948478569948,1571.9859103430854,1.0004048427589964,1571.9859103430854,0.9923964497881115,1571.9789656776256,1.0142268539593418
1571.987299276085,1.0005086631477178,1571.987299276085,1.0003180439019155,1571.987299276085,1.0008268688268456,1571.980354610624,0.9987595159888646
1571.988688209084,0.9941700438977281,1571.988688209084,1.0004422273946234,1571.988688209084,0.9946096931260536,1571.9817435440889,0.9982511891052118
1571.9942439415447,1.016464540584293,1571.9942439415447,1.0008581123097864,1571.9942439415447,1.0173367813190297,1571.9831324770876,1.0029265347951624
1571.995632874543,1.0222839755366946,1571.995632874543,1.0009223505484586,1571.995632874543,1.0232268797222113,1571.984521410086,0.9948203818049469
1571.9970218075414,1.0146498636979988,1571.9970218075414,1.0010993234768366,1571.9970218075414,1.015765292113931,1571.9859103430854,0.9923964497881115
1571.9984107405407,1.0046395817796412,1571.9984107405407,1.00115021190061,1571.9984107405407,1.005795130182428,1571.987299276085,1.0008268688268456
1571.999799673539,1.0091646560926315,1571.999799673539,1.0012714530806557,1571.999799673539,1.0104477616035092,1571.988688209084,0.9946096931260536
1572.0011886065372,0.9955927400696101,1572.0011886065372,1.0012872643258344,1572.0011886065372,0.9968743310869613,1571.991466075547,1.0477669547344763
1572.0025775400022,1.0165603848073703,1572.0025775400022,1.0012969116331034,1572.0025775400022,1.0178787737961792,1571.9928550085456,1.0270407239137511
1572.0039664730011,1.0068816493292008,1572.0039664730011,1.001324275879394,1572.0039664730011,1.008215038410812,1571.9942439415447,1.0173367813190297
1572.006744338998,1.0116298350497617,1572.006744338998,1.001338248071382,1572.006744338998,1.0129836467254694,1571.995632874543,1.0232268797222113
1572.008133271997,1.0212548152517167,1572.008133271997,1.0012982549021578,1572.008133271997,1.0225806643219695,1571.9970218075414,1.015765292113931
1572.0095222049963,0.9933916104421042,1572.0095222049963,1.0014058040116722,1572.0095222049963,0.9947881243532253,1571.9984107405407,1.005795130182428
1572.0109111379943,0.9978469489182688,1572.0109111379943,1.0015217938027914,1572.0109111379943,0.9993654662212669,1571.999799673539,1.0104477616035092
1572.0123000709928,0.9971162175712197,1572.0123000709928,1.0016812485976632,1572.0123000709928,0.9987926178137185,1572.0011886065372,0.9968743310869613
1572.013689003992,1.0083241940207586,1572.013689003992,1.0017734878298168,1572.013689003992,1.0101124447073642,1572.0025775400022,1.0178787737961792
1572.015077937457,1.0025782192772539,1572.015077937457,1.001669839591152,1572.015077937457,1.0042523640810297,1572.0039664730011,1.008215038410812
1572.0164668704551,1.0080733594368967,1572.0164668704551,1.0017057788805965,1572.0164668704551,1.009792909683516,1572.0053554059996,1.0245409978832019
1572.0178558034536,1.0008930819715558,1572.0178558034536,1.0017043218578143,1572.0178558034536,1.002598925928495,1572.006744338998,1.0129836467254694
1572.0192447364525,1.0081093351582666,1572.0192447364525,1.001831397637982,1572.0192447364525,1.009955584213503,1572.008133271997,1.0225806643219695
1572.020633669451,1.0082282417233308,1572.020633669451,1.0018395454896085,1572.020633669451,1.010082923437889,1572.0095222049963,0.9947881243532253
1572.0220226024494,0.9997163708866084,1572.0220226024494,1.0019860751514376,1572.0220226024494,1.0017018827293116,1572.0109111379943,0.9993654662212669
1572.0234115354483,0.9896143884622569,1572.0234115354483,1.0020215070612732,1572.0234115354483,0.991614900936471,1572.0123000709928,0.9987926178137185
1572.0248004684477,0.9941882266927491,1572.0248004684477,1.0021508982008167,1572.0248004684477,0.9963266243608156,1572.013689003992,1.0101124447073642
1572.026189401446,0.9941548933027812,1572.026189401446,1.0021090863950073,1572.026189401446,0.996251651862776,1572.015077937457,1.0042523640810297
1572.027578334445,1.0113576753818683,1572.027578334445,1.0021275102075087,1572.027578334445,1.0135093491596854,1572.0164668704551,1.009792909683516
1572.0289672679105,0.9827738661581732,1572.0289672679105,1.0020953037722802,1572.0289672679105,0.9848330759472328,1572.0178558034536,1.002598925928495
1572.0303562009096,1.0126290511575489,1572.0303562009096,1.0021566846394991,1572.0303562009096,1.0148129726776909,1572.0192447364525,1.009955584213503
1572.031745133908,1.0183209235291955,1572.031745133908,1.0022425430351416,1572.031745133908,1.0206045520237947,1572.020633669451,1.010082923437889
1572.0331340669063,1.0043648784238681,1572.0331340669063,1.002292715463382,1572.0331340669063,1.0066676013115083,1572.0220226024494,1.0017018827293116
1572.0345229999057,1.0114975437566733,1572.0345229999057,1.002342939448999,1572.0345229999057,1.0138674212545065,1572.0234115354483,0.991614900936471
1572.035911932904,1.0088299921014763,1572.035911932904,1.0024828619440256,1572.035911932904,1.0113347776968566,1572.0248004684477,0.9963266243608156
1572.037300865902,1.0061080380613474,1572.037300865902,1.0024878708808616,1572.037300865902,1.008611104952241,1572.026189401446,0.996251651862776
1572.0386897989015,0.9972229657273664,1572.0386897989015,1.0024339319781825,1572.0386897989015,0.9996501385930282,1572.027578334445,1.0135093491596854
1572.0400787319004,1.0046604882783847,1572.0400787319004,1.0024423060090064,1572.0400787319004,1.0071141766259184,1572.0289672679105,0.9848330759472328
1572.0414676648988,1.0055237663298802,1572.0414676648988,1.0025749998619666,1572.0414676648988,1.0081129898893837,1572.0303562009096,1.0148129726776909
1572.0428565978973,1.0003770732620607,1572.0428565978973,1.002532460771612,1572.0428565978973,1.002910488956917,1572.031745133908,1.0206045520237947
1572.0442455308962,1.0144105672635748,1572.0442455308962,1.0024825887393083,1572.0442455308962,1.0169289315148986,1572.0331340669063,1.0066676013115083
1572.0456344638956,0.9954246344538,1572.0456344638956,1.002534814062682,1572.0456344638956,0.9979478508155536,1572.0345229999057,1.0138674212545065
1572.0470233968938,0.9909691891638227,1572.0470233968938,1.002468469732286,1572.0470233968938,0.9934153666129016,1572.035911932904,1.0113347776968566
1572.048412329892,0.991952493128426,1572.048412329892,1.0025895418102526,1572.048412329892,0.9945211955831664,1572.037300865902,1.008611104952241
1572.051190196356,0.9965599219459017,1572.051190196356,1.0026238224485273,1572.051190196356,0.999174718240406,1572.0386897989015,0.9996501385930282
1572.0525791293544,1.0090423968446876,1572.0525791293544,1.0025125988909769,1572.0525791293544,1.011577715651948,1572.0400787319004,1.0071141766259184
1572.0539680623529,0.9920837976112974,1572.0539680623529,1.0024169227090198,1572.0539680623529,0.9944815874709948,1572.0414676648988,1.0081129898893837
1572.0553569953518,0.9905243036706884,1572.0553569953518,1.00246923845371,1572.0553569953518,0.9929701443706463,1572.0428565978973,1.002910488956917
1572.0567459283502,0.9760313862142872,1572.0567459283502,1.002553455561347,1572.0567459283502,0.9785236389854652,1572.0442455308962,1.0169289315148986
1572.058134861349,1.0048489350447953,1572.058134861349,1.0024822435572125,1572.058134861349,1.007343214839782,1572.0456344638956,0.9979478508155536
1572.0595237943478,0.9915732460506924,1572.0595237943478,1.0024910606034392,1572.0595237943478,0.9940433150993536,1572.0470233968938,0.9934153666129016
1572.060912727347,0.988961898952139,1572.060912727347,1.002541709867164,1572.060912727347,0.991475553168955,1572.048412329892,0.9945211955831664
1572.0623016603454,0.9888639165772641,1572.0623016603454,1.0027096495931933,1572.0623016603454,0.9915433912865412,1572.049801263357,1.0291434213739457
1572.0636905933438,0.9917283256688144,1572.0636905933438,1.0027183646694136,1572.0636905933438,0.9944242049109692,1572.051190196356,0.999174718240406
1572.0650795263427,1.0110702726952185,1572.0650795263427,1.0026235721922248,1572.0650795263427,1.0137228885470468,1572.0525791293544,1.011577715651948
1572.0664684593416,0.9894804003544245,1572.0664684593416,1.0026609337838348,1572.0664684593416,0.99211334218017,1572.0539680623529,0.9944815874709948
1572.06785739234,0.9958135641323775,1572.06785739234,1.002688060506948,1572.06785739234,0.9984903712464048,1572.0553569953518,0.9929701443706463
1572.0692463253397,0.9960524405758213,1572.0692463253397,1.002809492030056,1572.0692463253397,0.998850841969137,1572.0567459283502,0.9785236389854652
1572.0706352583393,0.9948997562419002,1572.0706352583393,1.0029427413533627,1572.0706352583393,0.9978274888970436,1572.058134861349,1.007343214839782
1572.0720241913375,1.0088397967947016,1572.0720241913375,1.0029894872222422,1572.0720241913375,1.011855710476509,1572.0595237943478,0.9940433150993536
1572.0734131243355,0.99260971075886,1572.0734131243355,1.003031166032401,1572.0734131243355,0.9956184755975436,1572.060912727347,0.991475553168955
1572.074802057335,1.0024973933736985,1572.074802057335,1.0028696273758528,1572.074802057335,1.0053741873379447,1572.0623016603454,0.9915433912865412
1572.076190990334,1.0145709937531227,1572.076190990334,1.0028760792939362,1572.076190990334,1.0174889803804843,1572.0636905933438,0.9944242049109692
1572.0775799233325,1.0079917320616694,1572.0775799233325,1.0028675264959244,1572.0775799233325,1.0108821750610288,1572.0650795263427,1.0137228885470468
1572.078968856331,0.9945085235654026,1572.078968856331,1.0029742123933807,1572.078968856331,0.9974664031415136,1572.0664684593416,0.99211334218017
1572.0803577893298,1.0016828174766756,1572.0803577893298,1.0031328758015865,1572.0803577893298,1.0048209653364133,1572.06785739234,0.9984903712464048
1572.0817467223292,1.0064437408202171,1572.0817467223292,1.00305906938467,1572.0817467223292,1.009522522055153,1572.0692463253397,0.998850841969137
1572.0831356553274,0.998492715262831,1572.0831356553274,1.0029951045624157,1572.0831356553274,1.0014833053498535,1572.0706352583393,0.9978274888970436
1572.0845245883256,1.0020192264306151,1572.0845245883256,1.0029658682181462,1572.0845245883256,1.0049910834082572,1572.0720241913375,1.011855710476509
1572.085913521325,0.9885261723479399,1572.085913521325,1.002972104124749,1572.085913521325,0.9914641750621976,1572.0734131243355,0.9956184755975436
1572.087302454324,1.0164250938981763,1572.087302454324,1.0028679065622503,1572.087302454324,1.0193401060950027,1572.074802057335,1.0053741873379447
1572.0886913873223,1.001882476662869,1572.0886913873223,1.0029096400976505,1572.0886913873223,1.0047975940901006,1572.076190990334,1.0174889803804843
1572.0900803203208,1.0075821081442182,1572.0900803203208,1.0028741368490313,1572.0900803203208,1.0104780370096602,1572.0775799233325,1.0108821750610288
1572.0914692533197,0.987826549523503,1572.0914692533197,1.002821007555568,1572.0914692533197,0.9906132156832994,1572.078968856331,0.9974664031415136
1572.0928581863182,1.0114867435373933,1572.0928581863182,1.0028870828107177,1572.0928581863182,1.0144069895279288,1572.0803577893298,1.0048209653364133
1572.0942471193166,0.9853443970673019,1572.0942471193166,1.002921182329491,1572.0942471193166,0.988222767708478,1572.0817467223292,1.009522522055153
1572.0956360523155,1.0026220019683445,1572.0956360523155,1.0029977801999475,1572.0956360523155,1.0056276423538768,1572.0831356553274,1.0014833053498535
1572.0970249853149,0.9815003486134113,1572.0970249853149,1.0029881747023117,1572.0970249853149,0.984433243125448,1572.0845245883256,1.0049910834082572
1572.098413918313,0.9966447908356507,1572.098413918313,1.0030804462524718,1572.098413918313,0.999714901546626,1572.085913521325,0.9914641750621976
1572.0998028513118,1.0055634934292181,1572.0998028513118,1.0030950322783176,1572.0998028513118,1.0086757448992794,1572.087302454324,1.0193401060950027
1572.101191784311,0.9938227261157089,1572.101191784311,1.0031633190560265,1572.101191784311,0.996966504483543,1572.0886913873223,1.0047975940901006
1572.1025807173096,1.0017303153167243,1572.1025807173096,1.0033056654472285,1572.1025807173096,1.005041700607508,1572.0900803203208,1.0104780370096602
1572.103969650308,0.990001530197079,1572.103969650308,1.0031445258242453,1572.103969650308,0.993114615574826,1572.0914692533197,0.9906132156832994
1572.1053585833065,1.006888718809022,1572.1053585833065,1.003157035875755,1572.1053585833065,1.0100675026171952,1572.0928581863182,1.0144069895279288
1572.106747516306,1.0046575383458922,1572.106747516306,1.0032046606357765,1572.106747516306,1.0078771248114655,1572.0942471193166,0.988222767708478
1572.108136449304,0.989203356601299,1572.108136449304,1.0032138846003795,1572.108136449304,0.9923825420357236,1572.0956360523155,1.0056276423538768
1572.1109143153017,0.9972940085837114,1572.1109143153017,1.0032524850362678,1572.1109143153017,1.0005376924233895,1572.0970249853149,0.984433243125448
1572.1123032483015,1.002975199588487,1572.1123032483015,1.003293042490296,1572.1123032483015,1.0062780395374449,1572.098413918313,0.999714901546626
1572.1136921813004,0.9980650742585305,1572.1136921813004,1.0032846667160273,1572.1136921813004,1.0013433853883769,1572.0998028513118,1.0086757448992794
1572.1150811142988,1.0079091863736405,1572.1150811142988,1.0033345775806155,1572.1150811142988,1.0112701377498183,1572.101191784311,0.996966504483543
1572.116470046832,0.9979162529897923,1572.116470046832,1.0032476677854791,1572.116470046832,1.0011571534572332,1572.1025807173096,1.005041700607508
1572.1178589798317,1.0028779324764718,1572.1178589798317,1.0032045910299507,1572.1178589798317,1.0060917461030214,1572.103969650308,0.993114615574826
1572.1192479128297,0.9976836235829095,1572.1192479128297,1.003174412164706,1572.1192479128297,1.000850682614139,1572.1053585833065,1.0100675026171952
1572.120636845828,1.014379382386257,1572.120636845828,1.0031043824936112,1572.120636845828,1.0175284039828172,1572.106747516306,1.0078771248114655
1572.1220257788273,1.0063140809823128,1572.1220257788273,1.0030125973598043,1572.1220257788273,1.009345700125814,1572.108136449304,0.9923825420357236
1572.1234147118262,1.0027642119644093,1572.1234147118262,1.002880683913235,1572.1234147118262,1.005652858698583,1572.1095253823023,1.026524611721338
1572.1248036448246,0.9999653621559976,1572.1248036448246,1.0028993457812978,1572.1248036448246,1.0028646075102086,1572.1109143153017,1.0005376924233895
1572.126192577823,1.0087880467987347,1572.126192577823,1.0030141750267603,1572.126192577823,1.0118287105366897,1572.1123032483015,1.0062780395374449
1572.127581510822,1.0174678788212381,1572.127581510822,1.0028776643783675,1572.127581510822,1.0203958098922552,1572.1136921813004,1.0013433853883769
1572.1289704438204,0.9962649561743784,1572.1289704438204,1.0028076979388993,1572.1289704438204,0.9990621672384268,1572.1150811142988,1.0112701377498183
1572.130359376819,0.9942656494687238,1572.130359376819,1.0028124355965797,1572.130359376819,0.997061957573746,1572.116470046832,1.0011571534572332
1572.131748309818,0.9933413894870948,1572.131748309818,1.002684956486961,1572.131748309818,0.9960084678945652,1572.1178589798317,1.0060917461030214
1572.1331372428172,1.002147418196236,1572.1331372428172,1.0025798728743127,1572.1331372428172,1.004732831136503,1572.1192479128297,1.000850682614139
1572.1345261758156,1.004933031083858,1572.1345261758156,1.0025704508646225,1572.1345261758156,1.0075161620624953,1572.120636845828,1.0175284039828172
1572.1359151083484,1.0073246441077608,1572.1359151083484,1.002625651819631,1572.1359151083484,1.0099695278925216,1572.1220257788273,1.009345700125814
1572.1373040413473,1.0094908920038188,1572.1373040413473,1.0026906500410564,1572.1373040413473,1.0122070787138349,1572.1234147118262,1.005652858698583
1572.1386929743462,0.9893036532027961,1572.1386929743462,1.0026616444363763,1572.1386929743462,0.99193682776723,1572.1248036448246,1.0028646075102086
1572.140081907345,0.992159723016837,1572.140081907345,1.0027112802751976,1572.140081907345,0.994849746103698,1572.126192577823,1.0118287105366897
1572.1414708403431,1.0003251978584904,1572.1414708403431,1.0027111676921052,1572.1414708403431,1.003037247216523,1572.127581510822,1.0203958098922552
1572.1428597733425,1.0129797237115126,1572.1428597733425,1.0027583125709447,1572.1428597733425,1.015773838417538,1572.1289704438204,0.9990621672384268
1572.1442487063414,0.9874460513730099,1572.1442487063414,1.0026292989514254,1572.1442487063414,0.990042342240474,1572.130359376819,0.997061957573746
1572.1456376393398,1.0070044124650668,1572.1456376393398,1.0025567227634014,1572.1456376393398,1.0095790435692618,1572.131748309818,0.9960084678945652
1572.1470265723383,0.992611843688284,1572.1470265723383,1.0025914417240536,1572.1470265723383,0.9951841394358076,1572.1331372428172,1.004732831136503
1572.1484155053372,1.0046770831450687,1572.1484155053372,1.0026651675975808,1572.1484155053372,1.007354715953099,1572.1345261758156,1.0075161620624953
1572.1498044383357,0.9977830280611537,1572.1498044383357,1.0026373817975733,1572.1498044383357,1.0004145628572898,1572.1359151083484,1.0099695278925216
1572.1511933708684,1.0041418051224027,1572.1511933708684,1.0027415727412732,1572.1511933708684,1.006894732923699,1572.1373040413473,1.0122070787138349
1572.1525823038671,0.9989688789676823,1572.1525823038671,1.0027312740699095,1572.1525823038671,1.0016973367634532,1572.1386929743462,0.99193682776723
1572.1539712368667,0.996954201066949,1572.1539712368667,1.0027798689723069,1572.1539712368667,0.999725603117306,1572.140081907345,0.994849746103698
1572.1553601698656,0.999574286776689,1572.1553601698656,1.0027247279631624,1572.1553601698656,1.0022978547871275,1572.1414708403431,1.003037247216523
1572.1567491028643,0.9953763794583076,1572.1567491028643,1.002666584044581,1572.1567491028643,0.998030634230124,1572.1428597733425,1.015773838417538
1572.158138035864,0.998468699230095,1572.158138035864,1.0026316573423604,1572.158138035864,1.0010963267135409,1572.1442487063414,0.990042342240474
1572.1595269688628,1.0097027524745534,1572.1595269688628,1.002609699441083,1572.1595269688628,1.012337773183346,1572.1456376393398,1.0095790435692618
1572.1609159018612,0.9998521237917138,1572.1609159018612,1.0025635813524645,1572.1609159018612,1.0024153260514883,1572.1470265723383,0.9951841394358076
1572.162304834394,0.9996295990914708,1572.162304834394,1.0025202897729555,1572.162304834394,1.0021489553468046,1572.1484155053372,1.007354715953099
1572.163693767393,1.0079243837944607,1572.163693767393,1.00258324625021,1572.163693767393,1.010528100679393,1572.1498044383357,1.0004145628572898
1572.1650827003914,1.006337846396458,1572.1650827003914,1.0024458342634466,1572.1650827003914,1.0087991819817776,1572.1511933708684,1.006894732923699
1572.1664716333898,1.0034054156920833,1572.1664716333898,1.002288176900714,1572.1664716333898,1.0057013847863212,1572.1525823038671,1.0016973367634532
1572.167860566389,0.9851671343761222,1572.167860566389,1.002165574836025,1572.167860566389,0.987300587531606,1572.1539712368667,0.999725603117306
1572.169249499388,0.9994725577143531,1572.169249499388,1.0020233774669332,1572.169249499388,1.0014948679664504,1572.1553601698656,1.0022978547871275
1572.1706384323866,1.0010511579813444,1572.1706384323866,1.0019780441801136,1572.1706384323866,1.0030312813983853,1572.1567491028643,0.998030634230124
1572.1720273649194,1.0065239893698512,1572.1720273649194,1.0020284311950853,1572.1720273649194,1.0085656540284909,1572.158138035864,1.0010963267135409
1572.1734162979185,0.9806072298967161,1572.1734162979185,1.0021054513330636,1572.1734162979185,0.982671850696114,1572.1595269688628,1.012337773183346
1572.1748052309172,0.9950873169748058,1572.1748052309172,1.0020188157275278,1572.1748052309172,0.997096214900578,1572.1609159018612,1.0024153260514883
1572.1761941639156,0.9820559803736875,1572.1761941639156,1.00203541815799,1572.1761941639156,0.9840548749483028,1572.162304834394,1.0021489553468046
1572.177583096914,0.976211103289986,1572.177583096914,1.0019731732089012,1572.177583096914,0.9781373368852296,1572.163693767393,1.010528100679393
1572.1789720299134,1.0006965330804423,1572.1789720299134,1.0019566778385094,1572.1789720299134,1.0026545738097938,1572.1650827003914,1.0087991819817776
1572.1803609629123,1.002312131402078,1572.1803609629123,1.001959445882497,1572.1803609629123,1.0042761077809306,1572.1664716333898,1.0057013847863212
1572.1817498954451,0.9931429042915407,1572.1817498954451,1.0019675768596734,1572.1817498954451,0.9950969892883736,1572.167860566389,0.987300587531606
1572.1831388284436,1.0018289928952921,1572.1831388284436,1.0019759529489216,1572.1831388284436,1.0038085598481188,1572.169249499388,1.0014948679664504
1572.1845277614425,0.997390025725961,1572.1845277614425,1.0021240144367947,1572.1845277614425,0.999508496539718,1572.1706384323866,1.0030312813983853
1572.185916694441,1.0131813423366678,1572.185916694441,1.002202380000597,1572.185916694441,1.015412752662008,1572.1720273649194,1.0085656540284909
1572.1873056274394,1.0096811418102294,1572.1873056274394,1.0022121952390377,1572.1873056274394,1.011914753625088,1572.1734162979185,0.982671850696114
1572.1886945604383,0.992944916913565,1572.1886945604383,1.0023353453248471,1572.1886945604383,0.9952637861831098,1572.1748052309172,0.997096214900578
1572.190083492972,1.0006155881397891,1572.190083492972,1.0023185668730057,1572.190083492972,1.0029355822950632,1572.1761941639156,0.9840548749483028
1572.1914724259702,0.9996048150639156,1572.1914724259702,1.0024644834098293,1572.1914724259702,1.002068324547026,1572.177583096914,0.9781373368852296
1572.1928613589685,1.006424026514863,1572.1928613589685,1.002564715652788,1572.1928613589685,1.0090052179690074,1572.1789720299134,1.0026545738097938
1572.1942502919678,1.0080234454116277,1572.1942502919678,1.0025199851997837,1572.1942502919678,1.0105636495751,1572.1803609629123,1.0042761077809306
1572.1956392249667,0.9968550548916143,1572.1956392249667,1.0025125670999504,1572.1956392249667,0.9993597201059542,1572.1817498954451,0.9950969892883736
1572.1970281574995,1.007952765797653,1572.1970281574995,1.0023803818754735,1572.1970281574995,1.0103520782926911,1572.1831388284436,1.0038085598481188
1572.1984170904984,0.9897343898297745,1572.1984170904984,1.002448430851763,1572.1984170904984,0.9921576860448844,1572.1845277614425,0.999508496539718
1572.1998060234982,1.0096471486206116,1572.1998060234982,1.002334265751518,1572.1998060234982,1.0120039333807545,1572.185916694441,1.015412752662008
1572.2011949564967,0.9877647137627404,1572.2011949564967,1.0023273225670284,1572.2011949564967,0.9900635608719948,1572.1873056274394,1.011914753625088
1572.2025838894951,1.0040161438851343,1572.2025838894951,1.0021803805503282,1572.2025838894951,1.0062052811574769,1572.1886945604383,0.9952637861831098
1572.2039728224945,1.0156091572912072,1572.2039728224945,1.002199927476581,1572.2039728224945,1.0178434237817993,1572.190083492972,1.0029355822950632
1572.2053617550278,0.986493306510758,1572.2053617550278,1.0021650561165132,1572.2053617550278,0.9886291198779183,1572.1914724259702,1.002068324547026
1572.2067506880262,0.9940642607608304,1572.2067506880262,1.0020259156567735,1572.2067506880262,0.9960781511105448,1572.1928613589685,1.0090052179690074
1572.2081396210249,1.0077732099081604,1572.2081396210249,1.002005017690679,1572.2081396210249,1.0097938130222186,1572.1942502919678,1.0105636495751
1572.2095285540236,0.9961302785208888,1572.2095285540236,1.0018850787352311,1572.2095285540236,0.9980080625264484,1572.1956392249667,0.9993597201059542
1572.2109174865568,0.9911906465823253,1572.2109174865568,1.0019053278094028,1572.2109174865568,0.9930791896856784,1572.1970281574995,1.0103520782926911
1572.2123064195553,1.0061346230872212,1572.2123064195553,1.0018144004888057,1572.2123064195553,1.007960154239155,1572.1984170904984,0.9921576860448844
1572.2136953525535,0.996267466188681,1572.2136953525535,1.001792430050888,1572.2136953525535,0.9980532059337996,1572.1998060234982,1.0120039333807545
1572.215084285553,0.9993732508682823,1572.215084285553,1.0016871082644765,1572.215084285553,1.001059301739119,1572.2011949564967,0.9900635608719948
1572.216473218552,0.9987417634626023,1572.216473218552,1.0017085299202129,1572.216473218552,1.0004481436480444,1572.2025838894951,1.0062052811574769
1572.2178621510848,1.0052323734139719,1572.2178621510848,1.0015947261453433,1572.2178621510848,1.0068354437620006,1572.2039728224945,1.0178434237817993
1572.2192510840832,1.0121185429879314,1572.2192510840832,1.0015948587199215,1572.2192510840832,1.01373272907181,1572.2053617550278,0.9886291198779183
1572.220640017082,1.0039829465952452,1572.220640017082,1.0016272055985542,1572.220640017082,1.005616633266798,1572.2067506880262,0.9960781511105448
1572.2220289500806,1.0019040883073282,1572.2220289500806,1.001612581641143,1572.2220289500806,1.0035197404463188,1572.2081396210249,1.0097938130222186
1572.2234178826134,1.0010284501645879,1572.2234178826134,1.001598525257579,1572.2234178826134,1.002628619425731,1572.2095285540236,0.9980080625264484
1572.2248068156125,1.0002523861566248,1572.2248068156125,1.001614292233981,1572.2248068156125,1.0018670858156185,1572.2109174865568,0.9930791896856784
1572.2261957486116,1.008937017105085,1572.2261957486116,1.0016207581855552,1572.2261957486116,1.0105722600342677,1572.2123064195553,1.007960154239155
1572.22758468161,0.985330051632176,1572.22758468161,1.0014672529379953,1572.22758468161,0.9867757800453284,1572.2136953525535,0.9980532059337996
1572.228973614608,0.9987990121787106,1572.228973614608,1.0014713704937286,1572.228973614608,1.0002686155743956,1572.215084285553,1.001059301739119
1572.2303625471418,1.002387500406121,1572.2303625471418,1.0013952795144745,1572.2303625471418,1.003786111151003,1572.216473218552,1.0004481436480444
1572.2317514801407,1.0026778082415582,1572.2317514801407,1.0012499190962054,1572.2317514801407,1.0039310743814207,1572.2178621510848,1.0068354437620006
1572.2331404131392,0.9930420770342764,1572.2331404131392,1.0013072098620472,1572.2331404131392,0.9943401914308034,1572.2192510840832,1.01373272907181
1572.2345293461376,0.9975425324509678,1572.2345293461376,1.0012889052573373,1572.2345293461376,0.9988282702654614,1572.220640017082,1.005616633266798
1572.2359182786709,1.004175046273358,1572.2359182786709,1.001259506565907,1572.2359182786709,1.0054398113374592,1572.2220289500806,1.0035197404463188
1572.2373072116693,0.9917043546049432,1572.2373072116693,1.0011418616310634,1572.2373072116693,0.9928367437568252,1572.2234178826134,1.002628619425731
1572.2386961446678,1.0066200441487676,1572.2386961446678,1.0010900176734543,1572.2386961446678,1.007717277787343,1572.2248068156125,1.0018670858156185
1572.2400850772012,0.991884885134011,1572.2400850772012,1.0009375099528919,1572.2400850772012,0.9928147870859472,1572.2261957486116,1.0105722600342677
1572.2414740102004,0.996433456409872,1572.2414740102004,1.0008541895408734,1572.2414740102004,0.9972845994465136,1572.22758468161,0.9867757800453284
1572.2428629431993,1.0058370557175549,1572.2428629431993,1.0008493282834316,1572.2428629431993,1.0066913415774994,1572.228973614608,1.0002686155743956
1572.2442518761986,0.9992939613287021,1572.2442518761986,1.0007956264117797,1572.2442518761986,1.000089025997467,1572.2303625471418,1.003786111151003
1572.245640808732,0.9999671391618546,1572.245640808732,1.0007502905001975,1572.245640808732,1.0007174050068774,1572.2317514801407,1.0039310743814207
1572.2470297417308,0.987745114685541,1572.2470297417308,1.0007442261582717,1572.2470297417308,0.9884802204375952,1572.2331404131392,0.9943401914308034
1572.2484186747292,1.0143675969694428,1572.2484186747292,1.0006104744295934,1572.2484186747292,1.0149868424496007,1572.2345293461376,0.9988282702654614
1572.2498076077277,1.0127018277461681,1572.2498076077277,1.0006440450824003,1572.2498076077277,1.013354053378266,1572.2359182786709,1.0054398113374592
1572.2511965402614,0.9955850710771449,1572.2511965402614,1.000481737652626,1572.2511965402614,0.9960646818922751,1572.2373072116693,0.9928367437568252
1572.2525854732603,0.9994360032930955,1572.2525854732603,1.0004037316016383,1572.2525854732603,0.99983950719144,1572.2386961446678,1.007717277787343
1572.2539744062587,1.0027885118673694,1572.2539744062587,1.0003242796682046,1572.2539744062587,1.0031136957932771,1572.2400850772012,0.9928147870859472
1572.2553633387915,0.9813296357018034,1572.2553633387915,1.0004404982325883,1572.2553633387915,0.9817619096719166,1572.2414740102004,0.9972845994465136
1572.2567522717904,0.9960266332825272,1572.2567522717904,1.0004159785105498,1572.2567522717904,0.996440958957908,1572.2428629431993,1.0066913415774994
1572.258141204789,0.9841113705568412,1572.258141204789,1.0004270632662244,1572.258141204789,0.9845316483730798,1572.2442518761986,1.000089025997467
1572.2595301377874,1.0053141668440382,1572.2595301377874,1.0003308448650348,1572.2595301377874,1.0056467698738851,1572.245640808732,1.0007174050068774
1572.2609190703206,1.005770808114948,1572.2609190703206,1.0001917202753916,1572.2609190703206,1.0059636347712606,1572.2470297417308,0.9884802204375952
1572.26230800332,1.0056718942652985,1572.26230800332,1.0001518816370953,1572.26230800332,1.0058246373589803,1572.2484186747292,1.0149868424496007
1572.2636969363182,1.0110913314180097,1572.2636969363182,1.0001943026974895,1572.2636969363182,1.0112877891911125,1572.2498076077277,1.013354053378266
1572.2650858688507,1.009531607452045,1572.2650858688507,1.000241270381834,1572.2650858688507,1.0097751775284485,1572.2511965402614,0.9960646818922751
1572.26647480185,1.0116020152580434,1572.26647480185,1.00019120365655,1572.26647480185,1.011795437262334,1572.2525854732603,0.99983950719144
1572.267863734849,0.9847638655509375,1572.267863734849,1.0001301129568185,1572.267863734849,0.9848919960892524,1572.2539744062587,1.0031136957932771
1572.2692526673818,0.9991302470924988,1572.2692526673818,1.0001570972824245,1572.2692526673818,0.9992872077391052,1572.2553633387915,0.9817619096719166
1572.2706416003805,1.0051763601712373,1572.2706416003805,1.0001416793284021,1572.2706416003805,1.005318772882872,1572.2567522717904,0.996440958957908
1572.2720305333792,1.0018263461958392,1572.2720305333792,1.0001684817422714,1572.2720305333792,1.0019951356440997,1572.258141204789,0.9845316483730798
1572.2734194659129,0.9885322648946894,1572.2734194659129,1.0000614573344357,1572.2734194659129,0.9885930174526936,1572.2595301377874,1.0056467698738851
1572.274808398911,1.0048457872780283,1572.274808398911,1.0000397483996932,1572.274808398911,1.004885728290011,1572.2609190703206,1.0059636347712606
1572.2761973319095,1.011060192191231,1572.2761973319095,0.9999924915034553,1572.2761973319095,1.0110526006492715,1572.26230800332,1.0058246373589803
1572.277586264443,0.9990632914143326,1572.277586264443,1.0000084167164691,1572.277586264443,0.9990717002467912,1572.2636969363182,1.0112877891911125
1572.2789751974417,1.004387283532112,1572.2789751974417,0.9999640773562409,1572.2789751974417,1.0043512032855295,1572.2650858688507,1.0097751775284485
1572.28036413044,0.9977435770212241,1572.28036413044,0.9999976790405156,1572.28036413044,0.997741261298806,1572.26647480185,1.011795437262334
1572.2817530629732,1.002897221493359,1572.2817530629732,0.9999942181979903,1572.2817530629732,1.0028914229401882,1572.267863734849,0.9848919960892524
1572.283141995972,1.0089144170435138,1572.283141995972,0.9999462552945143,1572.283141995972,1.0088601932353096,1572.2692526673818,0.9992872077391052
1572.2845309289703,1.00285626865709,1572.2845309289703,0.9999447791807718,1572.2845309289703,1.0028008901123668,1572.2706416003805,1.005318772882872
1572.2859198615042,1.001377440527152,1572.2859198615042,0.9999957183463567,1572.2859198615042,1.0013731529757854,1572.2720305333792,1.0019951356440997
1572.287308794504,1.0090837699160609,1572.287308794504,0.9999982203123724,1572.287308794504,1.0090819740621604,1572.2734194659129,0.9885930174526936
1572.288697727503,0.9940621739285788,1572.288697727503,0.9999920414983754,1572.288697727503,0.9940542626831526,1572.274808398911,1.004885728290011
1572.2900866600355,0.989471843714188,1572.2900866600355,0.9999098032385925,1572.2900866600355,0.989382596558381,1572.2761973319095,1.0110526006492715
1572.2914755930342,0.9890419487844888,1572.2914755930342,0.9999348113292544,1572.2914755930342,0.988977474454536,1572.277586264443,0.9990717002467912
1572.292864526033,0.989821693363001,1572.292864526033,0.9999969923393368,1572.292864526033,0.9898187163152302,1572.2789751974417,1.0043512032855295
1572.294253458566,0.9878258009332272,1572.294253458566,0.9999006559387239,1572.294253458566,0.9877276663063292,1572.28036413044,0.997741261298806
1572.2956423915643,1.0000714473506818,1572.2956423915643,0.9998323427467847,1572.2956423915643,0.9999037781187998,1572.2817530629732,1.0028914229401882
1572.2970313245632,1.0019343354968204,1572.2970313245632,0.9998156356768918,1572.2970313245632,1.0017496145512577,1572.283141995972,1.0088601932353096
1572.298420257097,0.9870909216158993,1572.298420257097,0.9999358867166878,1572.298420257097,0.9870276359759868,1572.2845309289703,1.0028008901123668
1572.2998091900952,1.0011602142558307,1572.2998091900952,0.9999199684456008,1572.2998091900952,1.0010800898476813,1572.2859198615042,1.0013731529757854
1572.3011981226275,1.0021221119563402,1572.3011981226275,0.9999126940663376,1572.3011981226275,1.0020346207497122,1572.287308794504,1.0090819740621604
1572.302587055627,0.9871831824851784,1572.302587055627,1.0000080944568936,1572.302587055627,0.9871911731968952,1572.288697727503,0.9940542626831526
1572.303975988626,0.9935348933798631,1572.303975988626,1.0000074642597185,1572.303975988626,0.9935423093823468,1572.2900866600355,0.989382596558381
1572.3053649211588,0.9971815700567608,1572.3053649211588,0.9998842434883912,1572.3053649211588,0.9970661397967704,1572.2914755930342,0.988977474454536
1572.3067538541573,1.013415745983729,1572.3067538541573,0.9998451166893263,1572.3067538541573,1.0132587847979022,1572.292864526033,0.9898187163152302
1572.3081427871562,1.0163126845297952,1572.3081427871562,0.9997409754698382,1572.3081427871562,1.0160494346141873,1572.294253458566,0.9877276663063292
1572.30953171969,1.000337589865927,1572.30953171969,0.9996601569853595,1572.30953171969,0.9999976321237288,1572.2956423915643,0.9999037781187998
1572.3109206526883,0.9945205391788651,1572.3109206526883,0.9995198992139218,1572.3109206526883,0.9940430690862344,1572.2970313245632,1.0017496145512577
1572.3123095852209,1.0067937910131413,1572.3123095852209,0.9993934085161107,1572.3123095852209,1.00618307847348,1572.298420257097,0.9870276359759868
1572.31369851822,1.0100925076694378,1572.31369851822,0.9993609989840911,1572.31369851822,1.0094470575308752,1572.2998091900952,1.0010800898476813
1572.3150874512185,1.0042334299627735,1572.3150874512185,0.9993578511458078,1572.3150874512185,1.0035885626163814,1572.3011981226275,1.0020346207497122
1572.3164763837513,1.0160773442843023,1572.3164763837513,0.9992591239931496,1572.3164763837513,1.0153245569588178,1572.302587055627,0.9871911731968952
1572.3178653167502,0.9974123911393611,1572.3178653167502,0.999260304736375,1572.3178653167502,0.9966746099177544,1572.303975988626,0.9935423093823468
1572.3192542492834,0.9977778504565882,1572.3192542492834,0.9991028930541178,1572.3192542492834,0.9968827370164962,1572.3053649211588,0.9970661397967704
1572.320643182282,0.9836548962053951,1572.320643182282,0.9991425518568995,1572.320643182282,0.982811463141192,1572.3067538541573,1.0132587847979022
1572.3220321152803,1.0019517751919307,1572.3220321152803,0.9991452971602126,1572.3220321152803,1.001095404164344,1572.3081427871562,1.0160494346141873
1572.3234210478138,0.9970971832037805,1572.3234210478138,0.9991967884641714,1572.3234210478138,0.996296303243889,1572.30953171969,0.9999976321237288
1572.324809980813,1.0070380776196433,1572.324809980813,0.9991756500180227,1572.324809980813,1.006207925798507,1572.3109206526883,0.9940430690862344
1572.3261989133457,0.9875297781924282,1572.3261989133457,0.9992217825344649,1572.3261989133457,0.9867612652713028,1572.3123095852209,1.00618307847348
1572.3275878463442,1.0005324755404046,1572.3275878463442,0.9990948352876602,1572.3275878463442,0.9996268288499954,1572.31369851822,1.0094470575308752
1572.3289767788774,1.0022666204183466,1572.3289767788774,0.9990008589748908,1572.3289767788774,1.0012652147197891,1572.3150874512185,1.0035885626163814
1572.3303657118763,0.992998528338041,1572.3303657118763,0.9991091299703801,1572.3303657118763,0.992113895709688,1572.3164763837513,1.0153245569588178
1572.3317546448757,0.9773715613494388,1572.3317546448757,0.9991824476555318,1572.3317546448757,0.976572508938041,1572.3178653167502,0.9966746099177544
1572.333143577409,0.9956455726834469,1572.333143577409,0.9991844467904981,1572.333143577409,0.9948335707411186,1572.3192542492834,0.9968827370164962
1572.3345325104085,0.9963909193066268,1572.3345325104085,0.9991134045797977,1572.3345325104085,0.9955075236808384,1572.320643182282,0.982811463141192
1572.3359214429408,0.9977137674151337,1572.3359214429408,0.9991952367241933,1572.3359214429408,0.9969108440153512,1572.3220321152803,1.001095404164344
1572.337310375939,1.0034408823307164,1572.337310375939,0.9990412754670798,1572.337310375939,1.0024788589394908,1572.3234210478138,0.996296303243889
1572.3386993084728,0.9952045121966937,1572.3386993084728,0.9990150221022479,1572.3386993084728,0.9942242577484368,1572.324809980813,1.006207925798507
1572.3400882414717,0.996392491429879,1572.3400882414717,0.9990251649202578,1572.3400882414717,0.9954211730760414,1572.3261989133457,0.9867612652713028
1572.3414771740045,0.9953096388653276,1572.3414771740045,0.9989926157986945,1572.3414771740045,0.9943069796597276,1572.3275878463442,0.9996268288499954
1572.342866107003,0.9918203606771422,1572.342866107003,0.9990019206612989,1572.342866107003,0.9908304452674472,1572.3289767788774,1.0012652147197891
1572.3442550400018,1.0144184590338743,1572.3442550400018,0.9989171347752809,1572.3442550400018,1.0133199805612734,1572.3303657118763,0.992113895709688
1572.3456439725355,0.9918792768469927,1572.3456439725355,0.998899052629252,1572.3456439725355,0.9907872699650486,1572.3317546448757,0.976572508938041
1572.347032905534,0.9993819538865615,1572.347032905534,0.9988399766350723,1572.347032905534,0.998222647469566,1572.333143577409,0.9948335707411186
1572.3484218380663,1.016101812963454,1572.3484218380663,0.9987215357618384,1572.3484218380663,1.014802763133249,1572.3345325104085,0.9955075236808384
1572.3498107710657,0.9990478086827177,1572.3498107710657,0.9986688753877575,1572.3498107710657,0.9977179515557733,1572.3359214429408,0.9969108440153512
1572.3511997035985,0.9869891095058416,1572.3511997035985,0.998586182477341,1572.3511997035985,0.9855936870081486,1572.337310375939,1.0024788589394908
1572.352588636597,0.9952792574260426,1572.352588636597,0.9985870232890324,1572.352588636597,0.9938729510143904,1572.3386993084728,0.9942242577484368
1572.3539775691302,0.9996691575639796,1572.3539775691302,0.9985025002764387,1572.3539775691302,0.9981721532768748,1572.3400882414717,0.9954211730760414
1572.355366502129,0.9864109157625955,1572.355366502129,0.9984839108125698,1572.355366502129,0.9849154288388448,1572.3414771740045,0.9943069796597276
1572.356755434662,0.9994449845899315,1572.356755434662,0.9983824060601851,1572.356755434662,0.9978282884396804,1572.342866107003,0.9908304452674472
1572.3581443676603,1.0006130956952204,1572.3581443676603,0.998464773571066,1572.3581443676603,0.9990769280255716,1572.3442550400018,1.0133199805612734
1572.359533300194,0.9989888891525367,1572.359533300194,0.9984800363537112,1572.359533300194,0.9974704623579784,1572.3456439725355,0.9907872699650486
1572.360922233193,0.995895467535693,1572.360922233193,0.9983823005203272,1572.360922233193,0.994284407956052,1572.347032905534,0.998222647469566
1572.3623111657255,0.9972666292719916,1572.3623111657255,0.998400058396209,1572.3623111657255,0.995671060901747,1572.3484218380663,1.014802763133249
1572.3637000987242,0.9871273422292249,1572.3637000987242,0.9983401768548886,1572.3637000987242,0.9854888854194206,1572.3498107710657,0.9977179515557733
1572.3650890312574,0.9922406207814227,1572.3650890312574,0.99834071536975,1572.3650890312574,0.9905942111698504,1572.3511997035985,0.9855936870081486
1572.366477964256,1.00983238226612,1572.366477964256,0.9983842593828861,1572.366477964256,1.0082007550696157,1572.352588636597,0.9938729510143904
1572.3678668967889,0.9967538325450198,1572.3678668967889,0.9983880492543167,1572.3678668967889,0.9951471144613862,1572.3539775691302,0.9981721532768748
1572.3692558297876,1.0011149545106057,1572.3692558297876,0.9984469363794078,1572.3692558297876,0.9995601592947246,1572.355366502129,0.9849154288388448
1572.3706447623213,1.0195770173942207,1572.3706447623213,0.9985062973632916,1572.3706447623213,1.0180540725150116,1572.356755434662,0.9978282884396804
1572.3720336953195,0.9869987732345457,1572.3720336953195,0.9985096676116322,1572.3720336953195,0.985527816995515,1572.3581443676603,0.9990769280255716
1572.373422627852,1.0107554121464348,1572.373422627852,0.9984238374766535,1572.373422627852,1.00916229734554,1572.359533300194,0.9974704623579784
1572.374811560852,0.9915296056354399,1572.374811560852,0.9982646944391432,1572.374811560852,0.9898089987970266,1572.360922233193,0.994284407956052
1572.376200493386,0.9984315572017461,1572.376200493386,0.998356839718423,1572.376200493386,0.9967909741230792,1572.3623111657255,0.995671060901747
1572.3775894263845,0.9833204127945394,1572.3775894263845,0.9984073675216566,1572.3775894263845,0.9817543447685048,1572.3637000987242,0.9854888854194206
1572.3789783589173,1.0099455982874965,1572.3789783589173,0.9984362148865266,1572.3789783589173,1.0083662603954766,1572.3650890312574,0.9905942111698504
1572.3803672919162,0.9941258243037641,1572.3803672919162,0.9985500586186474,1572.3803672919162,0.9926844001328348,1572.366477964256,1.0082007550696157
1572.38175622445,1.0075261496269492,1572.38175622445,0.9986163561383349,1572.38175622445,1.0061320922545507,1572.3678668967889,0.9951471144613862
1572.3831451574483,1.000221327315079,1572.3831451574483,0.9986385494459811,1572.3831451574483,0.9988595754348644,1572.3692558297876,0.9995601592947246
1572.384534089981,0.9922290480010426,1572.384534089981,0.9986234196715874,1572.384534089981,0.9908631650122848,1572.3706447623213,1.0180540725150116
1572.38592302298,1.0050953304978023,1572.38592302298,0.9985486000392841,1572.38592302298,1.0036365351746022,1572.3720336953195,0.985527816995515
1572.3873119555128,0.9987254917296698,1572.3873119555128,0.9984838634788226,1572.3873119555128,0.9972112875370276,1572.373422627852,1.00916229734554
1572.3887008885113,1.0028273174605975,1572.3887008885113,0.9983637377905211,1572.3887008885113,1.0011864290184036,1572.374811560852,0.9898089987970266
1572.3900898210445,0.9982594868631156,1572.3900898210445,0.9983121194401652,1572.3900898210445,0.9965745440815686,1572.376200493386,0.9967909741230792
1572.3914787540434,1.003019934398251,1572.3914787540434,0.9981704207442075,1572.3914787540434,1.0011848299331296,1572.3775894263845,0.9817543447685048
1572.3928676865762,0.9962722004552355,1572.3928676865762,0.9982673218729453,1572.3928676865762,0.994545981404914,1572.3789783589173,1.0083662603954766
1572.394256619109,1.0085311987141752,1572.394256619109,0.9981987578577254,1572.394256619109,1.0067145898172525,1572.3803672919162,0.9926844001328348
1572.3956455521084,1.0001180582310314,1572.3956455521084,0.9981402961843044,1572.3956455521084,0.9982581348619932,1572.38175622445,1.0061320922545507
1572.3970344846416,0.9961223577288336,1572.3970344846416,0.9980604292476328,1572.3970344846416,0.9941903079380038,1572.3831451574483,0.9988595754348644
1572.39842341764,0.9999133244038871,1572.39842341764,0.9981121029226911,1572.39842341764,0.9980255909611828,1572.384534089981,0.9908631650122848
1572.3998123501729,1.0023498870920564,1572.3998123501729,0.9980994015705967,1572.3998123501729,1.0004448224709368,1572.38592302298,1.0036365351746022
1572.4012012831718,1.0054297115539226,1572.4012012831718,0.9979991052457419,1572.4012012831718,1.0034179525182991,1572.3873119555128,0.9972112875370276
1572.4025902157052,0.9968401754861894,1572.4025902157052,0.9980024591964733,1572.4025902157052,0.994848946561061,1572.3887008885113,1.0011864290184036
1572.4039791482378,1.0095181456995639,1572.4039791482378,0.997999894245858,1572.4039791482378,1.0074990026474395,1572.3900898210445,0.9965745440815686
1572.4053680812362,0.9996974327556349,1572.4053680812362,0.9979630734623812,1572.4053680812362,0.9976611225252656,1572.3914787540434,1.0011848299331296
1572.40675701377,0.9973067528919966,1572.40675701377,0.9978323709940461,1572.40675701377,0.9951449618465942,1572.3928676865762,0.994545981404914
1572.4081459467682,1.0131601049425927,1572.4081459467682,0.9978208615480859,1572.4081459467682,1.010952288799967,1572.394256619109,1.0067145898172525
1572.4095348793007,1.01609838353781,1572.4095348793007,0.9978486907193959,1572.4095348793007,1.013912441655298,1572.3956455521084,0.9982581348619932
1572.4109238123,1.0045161628118227,1572.4109238123,0.9979056694201174,1572.4109238123,1.0024123738940596,1572.3970344846416,0.9941903079380038
1572.4123127448331,1.010934825705324,1572.4123127448331,0.9978977381971362,1572.4123127448331,1.008809576036059,1572.39842341764,0.9980255909611828
1572.413701677366,1.0000296408852452,1572.413701677366,0.9979690103364501,1572.413701677366,0.9979985910213638,1572.3998123501729,1.0004448224709368
1572.4150906103646,1.0160256751043615,1572.4150906103646,0.9980796033459793,1572.4150906103646,1.014074502797492,1572.4012012831718,1.0034179525182991
1572.4164795428978,0.9986674642721989,1572.4164795428978,0.9982073486771827,1572.4164795428978,0.9968772017213168,1572.4025902157052,0.994848946561061
1572.4178684758972,0.9862428487596134,1572.4178684758972,0.9983570998349227,1572.4178684758972,0.98462255022058,1572.4039791482378,1.0074990026474395
1572.41925740843,0.9973410975253674,1572.41925740843,0.9983594897267075,1572.41925740843,0.9957049492089002,1572.4053680812362,0.9976611225252656
1572.4206463409632,1.0075383758553083,1572.4206463409632,0.9982891336228589,1572.4206463409632,1.005814612324378,1572.40675701377,0.9951449618465942
1572.422035273963,1.008196870345751,1572.422035273963,0.9982431165060747,1572.422035273963,1.0064255859056133,1572.4081459467682,1.010952288799967
1572.4234242064958,0.9812667065519699,1572.4234242064958,0.9983123257022871,1572.4234242064958,0.9796106479521208,1572.4095348793007,1.013912441655298
1572.4248131394943,0.9882040778137624,1572.4248131394943,0.9982579672137095,1572.4248131394943,0.9864825939106648,1572.4109238123,1.0024123738940596
1572.4262020720275,1.0186035485221907,1572.4262020720275,0.9982392532897716,1572.4262020720275,1.0168100456751032,1572.4123127448331,1.008809576036059
1572.4275910045608,1.0043498443615764,1572.4275910045608,0.9982462419968264,1572.4275910045608,1.0025884577840412,1572.413701677366,0.9979985910213638
1572.4289799375592,0.9913247680015915,1572.4289799375592,0.9983205774651593,1572.4289799375592,0.989659914846864,1572.4150906103646,1.014074502797492
1572.430368870092,0.9883882489180337,1572.430368870092,0.9982784223436947,1572.430368870092,0.9866866617929416,1572.4164795428978,0.9968772017213168
1572.4317578026255,0.9945628301701086,1572.4317578026255,0.9981612671097845,1572.4317578026255,0.992734094782889,1572.4178684758972,0.98462255022058
1572.4331467356246,0.9857169468439702,1572.4331467356246,0.9980909716353856,1572.4331467356246,0.983835185232964,1572.41925740843,0.9957049492089002
1572.4345356681574,0.9944470094263616,1572.4345356681574,0.9980298243542592,1572.4345356681574,0.99248777414741,1572.4206463409632,1.005814612324378
1572.435924601156,0.9955341188346404,1572.435924601156,0.9981250378672439,1572.435924601156,0.9936675300599588,1572.422035273963,1.0064255859056133
1572.4373135336891,0.9931387361036763,1572.4373135336891,0.9981034999296806,1572.4373135336891,0.9912552484208188,1572.4234242064958,0.9796106479521208
1572.4387024662226,1.004600230088829,1572.4387024662226,0.9979701962997707,1572.4387024662226,1.0025610888245435,1572.4248131394943,0.9864825939106648
1572.4400913992208,0.9912249474395188,1572.4400913992208,0.9978464883555251,1572.4400913992208,0.9890903329729138,1572.4262020720275,1.0168100456751032
1572.4414803317536,1.0114916978621,1572.4414803317536,0.9978290707666503,1572.4414803317536,1.0092958209659206,1572.4275910045608,1.0025884577840412
1572.4428692642873,0.9860203027228438,1572.4428692642873,0.9978482734084703,1572.4428692642873,0.9838986566176868,1572.4289799375592,0.989659914846864
1572.4442581972855,1.0059198451968827,1572.4442581972855,0.9978725254363807,1572.4442581972855,1.0037797763131866,1572.430368870092,0.9866866617929416
1572.445647129818,1.0142062717003713,1572.445647129818,0.9978694436565164,1572.445647129818,1.0120454480945993,1572.4317578026255,0.992734094782889
1572.4470360623518,1.0005289872048222,1572.4470360623518,0.9977855490186394,1572.4470360623518,0.9983133648072268,1572.4331467356246,0.983835185232964
1572.4484249953507,1.0085783279503129,1572.4484249953507,0.9977629991655106,1572.4484249953507,1.00632213738904,1572.4345356681574,0.99248777414741
1572.4498139278835,0.9989087344841836,1572.4498139278835,0.997614064788029,1572.4498139278835,0.9965254029610324,1572.435924601156,0.9936675300599588
1572.4512028604163,0.9929429575775212,1572.4512028604163,0.9976139344342455,1572.4512028604163,0.990573730577687,1572.4373135336891,0.9912552484208188
1572.4525917934152,0.9973771659679315,1572.4525917934152,0.9975538680145001,1572.4525917934152,0.99493744978065,1572.4387024662226,1.0025610888245435
1572.453980725949,1.0045486402507908,1572.453980725949,0.9975778746885032,1572.453980725949,1.0021154975626096,1572.4400913992208,0.9890903329729138
1572.4553696584817,1.0069482073720033,1572.4553696584817,0.9976298057316285,1572.4553696584817,1.0045615445023433,1572.4414803317536,1.0092958209659206
1572.45675859148,1.015369912071901,1572.45675859148,0.9977305718355843,1572.45675859148,1.013065602996145,1572.4428692642873,0.9838986566176868
1572.4581475240134,0.9897603371098532,1572.4581475240134,0.997776845398875,1572.4581475240134,0.9875599468623965,1572.4442581972855,1.0037797763131866
1572.4595364565462,1.0030169747304103,1572.4595364565462,0.9977735708989557,1572.4595364565462,1.0007838285490291,1572.445647129818,1.0120454480945993
1572.4609253895446,0.9919286478159903,1572.4609253895446,0.997723842949492,1572.4609253895446,0.9896708624306632,1572.4470360623518,0.9983133648072268
1572.462314322078,0.9975239736676187,1572.462314322078,0.9977454853781186,1572.462314322078,0.9952750412833078,1572.4484249953507,1.00632213738904
1572.4637032546111,1.004425744606894,1572.4637032546111,0.9977206902105658,1572.4637032546111,1.0021363471744518,1572.4498139278835,0.9965254029610324
1572.4650921876105,0.9993763309575189,1572.4650921876105,0.9978238203421419,1572.4650921876105,0.9972015085155442,1572.4512028604163,0.990573730577687
1572.4664811201435,1.01102393027624,1572.4664811201435,0.9978277361129831,1572.4664811201435,1.008827719503591,1572.4525917934152,0.99493744978065
1572.4678700526774,1.0000440380893143,1572.4678700526774,0.9978224782777197,1572.4678700526774,0.997866420473138,1572.453980725949,1.0021154975626096
1572.469258985211,1.005513043031514,1572.469258985211,0.9977579763649588,1572.469258985211,1.0032586590236952,1572.4553696584817,1.0045615445023433
1572.4706479182091,0.9996451723459424,1572.4706479182091,0.9978729383529209,1572.4706479182091,0.9975188654391576,1572.45675859148,1.013065602996145
1572.472036850742,0.9884090164177979,1572.472036850742,0.9978600816723293,1572.472036850742,0.9862939018483304,1572.4581475240134,0.9875599468623965
1572.4734257832752,0.998839502718394,1572.4734257832752,0.9978687362988541,1572.4734257832752,0.9967107123429796,1572.4595364565462,1.0007838285490291
1572.4748147162743,1.0005427588774047,1572.4748147162743,0.9979489715959935,1572.4748147162743,0.998490617259524,1572.4609253895446,0.9896708624306632
1572.4762036488069,0.9871665402932001,1572.4762036488069,0.9979824168071036,1572.4762036488069,0.9851748496729148,1572.462314322078,0.9952750412833078
1572.4775925813396,0.9922795393185172,1572.4775925813396,0.9980779287423514,1572.4775925813396,0.9903723073364402,1572.4637032546111,1.0021363471744518
1572.4789815138734,1.003708167300989,1572.4789815138734,0.9980502149613871,1572.4789815138734,1.001751152133252,1572.4650921876105,0.9972015085155442
1572.4803704468716,0.980574340557962,1572.4803704468716,0.998063532874352,1572.4803704468716,0.9786754905832176,1572.4664811201435,1.008827719503591
1572.481759379404,1.0044859356011848,1572.481759379404,0.998136038634929,1572.481759379404,1.002613612625467,1572.4678700526774,0.997866420473138
1572.4831483119378,1.0022356718447176,1572.4831483119378,0.9980889404899048,1572.4831483119378,1.000320339832682,1572.469258985211,1.0032586590236952
1572.4845372449367,0.9972137521358435,1572.4845372449367,0.9980351494849107,1572.4845372449367,0.9952543761813052,1572.4706479182091,0.9975188654391576
1572.4859261774695,0.9966951233727533,1572.4859261774695,0.998148627178739,1572.4859261774695,0.9948498691102576,1572.472036850742,0.9862939018483304
1572.4873151100023,1.0020543231256371,1572.4873151100023,0.9981752348233397,1572.4873151100023,1.0002258092916756,1572.4734257832752,0.9967107123429796
1572.4887040425356,0.9942728143730138,1572.4887040425356,0.9982518130825944,1572.4887040425356,0.9925346396465948,1572.4748147162743,0.998490617259524
1572.490092975535,1.0032395457476109,1572.490092975535,0.9983160688393833,1572.490092975535,1.0015501594149636,1572.4762036488069,0.9851748496729148
1572.4914819080675,1.0151435832888058,1572.4914819080675,0.9982411037938397,1572.4914819080675,1.013358051091451,1572.4775925813396,0.9903723073364402
1572.4928708406003,1.0087244888815508,1572.4928708406003,0.9982721611837252,1572.4928708406003,1.0069815755547342,1572.4789815138734,1.001751152133252
1572.4942597731338,1.0140572522026028,1572.4942597731338,0.9982595361956408,1572.4942597731338,1.012292322259596,1572.4803704468716,0.9786754905832176
1572.4956487061322,0.9911553334133152,1572.4956487061322,0.9982147947771888,1572.4956487061322,0.9893859177354886,1572.481759379404,1.002613612625467
1572.497037638665,0.9989668915578728,1572.497037638665,0.998255324719306,1572.497037638665,0.99722401871594,1572.4831483119378,1.000320339832682
1572.4984265711985,0.989378386181217,1572.4984265711985,0.9981905716372923,1572.4984265711985,0.9875881768678108,1572.4845372449367,0.9952543761813052
1572.4998155037315,1.0074158884798368,1572.4998155037315,0.9983367622681141,1572.4998155037315,1.0057403163624157,1572.4859261774695,0.9948498691102576
1572.50120443673,1.0177216276762517,1572.50120443673,0.9984304106049988,1572.50120443673,1.0161242226023877,1572.4873151100023,1.0002258092916756
1572.5025933692627,1.0087033928629097,1572.5025933692627,0.9984465680785832,1572.5025933692627,1.007136440813195,1572.4887040425356,0.9925346396465948
1572.5039823017962,1.0047400659355106,1572.5039823017962,0.9982924823450905,1572.5039823017962,1.0030244545343308,1572.490092975535,1.0015501594149636
1572.5053712343297,1.004781342289272,1572.5053712343297,0.9982713660018222,1572.5053712343297,1.003044443100256,1572.4914819080675,1.013358051091451
1572.5067601668625,0.9945768347133485,1572.5067601668625,0.9981457279671051,1572.5067601668625,0.9927326187041744,1572.4928708406003,1.0069815755547342
1572.508149099861,1.005573149696004,1572.508149099861,0.9980911830164455,1572.508149099861,1.003653694589658,1572.4942597731338,1.012292322259596
1572.5095380323942,0.9995320526812856,1572.5095380323942,0.9981659746305046,1572.5095380323942,0.9976988855390444,1572.4956487061322,0.9893859177354886
1572.5109269649283,1.0010367328941614,1572.5109269649283,0.998049720450504,1572.5109269649283,0.9990844314257036,1572.497037638665,0.99722401871594
1572.5123158974616,0.9969397295743457,1572.5123158974616,0.9981058892927379,1572.5123158974616,0.995051415358064,1572.4984265711985,0.9875881768678108
1572.5137048299944,1.0033967283042449,1572.5137048299944,0.9980640618501861,1572.5137048299944,1.0014542142985223,1572.4998155037315,1.0057403163624157
1572.5150937629935,0.9942373563331587,1572.5150937629935,0.9980055812462033,1572.5150937629935,0.9922544307039626,1572.50120443673,1.0161242226023877
1572.5164826955263,1.0015090464784764,1572.5164826955263,0.9979665392293912,1572.5164826955263,0.9994725171210525,1572.5025933692627,1.007136440813195
1572.5178716280589,0.9951066928733691,1572.5178716280589,0.9979623414131857,1572.5178716280589,0.9930790051758392,1572.5039823017962,1.0030244545343308
1572.5192605605926,1.0010072113187207,1572.5192605605926,0.9979688060580447,1572.5192605605926,0.9989739715352366,1572.5053712343297,1.003044443100256
1572.5206494931258,0.9963975614915465,1572.5206494931258,0.9979691406973733,1572.5206494931258,0.9943740182346767,1572.5067601668625,0.9927326187041744
1572.5220384261245,0.9984367418503097,1572.5220384261245,0.99792957519133,1572.5220384261245,0.9963695536500952,1572.508149099861,1.003653694589658
1572.523427358657,1.005317139077072,1572.523427358657,0.9978608238339924,1572.523427358657,1.0031665886138794,1572.5095380323942,0.9976988855390444
1572.5248162911903,0.998355145058429,1572.5248162911903,0.9978434494513052,1572.5248162911903,0.996202141722561,1572.5109269649283,0.9990844314257036
1572.526205223724,1.0015302376627682,1572.526205223724,0.9978633192026612,1572.526205223724,0.999390287236,1572.5123158974616,0.995051415358064
1572.5275941562568,1.0060243257700594,1572.5275941562568,0.997975344304393,1572.5275941562568,1.00398747288897,1572.5137048299944,1.0014542142985223
1572.528983089255,0.9964843750952053,1572.528983089255,0.997974346096858,1572.528983089255,0.9944658426313736,1572.5150937629935,0.9922544307039626
1572.5303720217885,0.9886142514569296,1572.5303720217885,0.9980416253217644,1572.5303720217885,0.9866781743403336,1572.5164826955263,0.9994725171210525
1572.5317609543215,1.0070267226973735,1572.5317609543215,0.9981059654083388,1572.5317609543215,1.0051193792498574,1572.5178716280589,0.9930790051758392
1572.5331498868543,1.010470203787203,1572.5331498868543,0.9979985653855288,1572.5331498868543,1.0084478137444517,1572.5192605605926,0.9989739715352366
1572.5345388193873,1.014863499099596,1572.5345388193873,0.9979033636562695,1572.5345388193873,1.0127356994034582,1572.5206494931258,0.9943740182346767
1572.5359277519206,1.0082727425515414,1572.5359277519206,0.9978572108863233,1572.5359277519206,1.006112226695185,1572.5220384261245,0.9963695536500952
1572.537316684919,1.003052215386948,1572.537316684919,0.9977150316215723,1572.537316684919,1.000760272792877,1572.523427358657,1.0031665886138794
1572.5387056174518,1.0046521190734348,1572.5387056174518,0.9977119788255512,1572.5387056174518,1.0023534537520398,1572.5248162911903,0.996202141722561
1572.5400945499853,1.0059071241884037,1572.5400945499853,0.9975986940713949,1572.5400945499853,1.003491633447464,1572.526205223724,0.999390287236
1572.5414834825187,1.013066576797991,1572.5414834825187,0.9975859373686227,1572.5414834825187,1.0106209706318456,1572.5275941562568,1.00398747288897
1572.5428724150515,0.9911516289351125,1572.5428724150515,0.9976667562299992,1572.5428724150515,0.9888390305717736,1572.528983089255,0.9944658426313736
1572.5442613475843,0.9949743519463456,1572.5442613475843,0.9976133637765546,1572.5442613475843,0.9925997101165914,1572.5303720217885,0.9866781743403336
1572.5456502801176,0.9995171940359371,1572.5456502801176,0.9975478848715843,1572.5456502801176,0.99706626280333,1572.5317609543215,1.0051193792498574
1572.5470392131167,1.0004396631843337,1572.5470392131167,0.9974341587292843,1572.5470392131167,0.9978726938076744,1572.5331498868543,1.0084478137444517
1572.5484281456493,0.9984167915349624,1572.5484281456493,0.9975488025236345,1572.5484281456493,0.995969474815191,1572.5345388193873,1.0127356994034582
1572.549817078182,1.002471806457664,1572.549817078182,0.9976470219253127,1572.549817078182,1.0001130122765771,1572.5359277519206,1.006112226695185
1572.5512060107158,0.992345368362626,1572.5512060107158,0.9975289751426357,1572.5512060107158,0.9898932582903116,1572.537316684919,1.000760272792877
1572.5525949432483,1.003371017766003,1572.5525949432483,0.9974837803364618,1572.5525949432483,1.0008463158812757,1572.5387056174518,1.0023534537520398
1572.553983875781,0.9945148475376793,1572.553983875781,0.9975754164103605,1572.553983875781,0.9921035631586866,1572.5400945499853,1.003491633447464
1572.5553728083146,0.9959836439897498,1572.5553728083146,0.9976219958679363,1572.5553728083146,0.9936151907688744,1572.5414834825187,1.0106209706318456
1572.5567617408487,0.9999492975195461,1572.5567617408487,0.9977009453639871,1572.5567617408487,0.997650359451306,1572.5428724150515,0.9888390305717736
1572.558150673382,0.9964849852897667,1572.558150673382,0.9977371613591388,1572.558150673382,0.994230100560015,1572.5442613475843,0.9925997101165914
1572.5595396063804,1.0051415519320877,1572.5595396063804,0.9977888546991113,1572.5595396063804,1.002919037912805,1572.5456502801176,0.99706626280333
1572.5609285389137,1.018083329027009,1572.5609285389137,0.9978656429523715,1572.5609285389137,1.0159103756986272,1572.5470392131167,0.9978726938076744
1572.5623174714474,0.9944636615052963,1572.5623174714474,0.9978487267475649,1572.5623174714474,0.9923242984297812,1572.5484281456493,0.995969474815191
1572.5637064039802,0.9846822629940019,1572.5637064039802,0.9978644987290535,1572.5637064039802,0.9825794727698997,1572.549817078182,1.0001130122765771
1572.5650953365127,1.0031878592601735,1572.5650953365127,0.9978794326149161,1572.5650953365127,1.0010605318047143,1572.5512060107158,0.9898932582903116
1572.5664842690462,1.0004549584427114,1572.5664842690462,0.9978745646593713,1572.5664842690462,0.99832855611733,1572.5525949432483,1.0008463158812757
1572.5678732015797,1.0010169685499655,1572.5678732015797,0.9979635637163485,1572.5678732015797,0.9989784612746596,1572.553983875781,0.9921035631586866
1572.5692621341125,0.9921490465396116,1572.5692621341125,0.9978601358546267,1572.5692621341125,0.9900259823680552,1572.5553728083146,0.9936151907688744
1572.570651066645,0.9940814918647773,1572.570651066645,0.9978603236518735,1572.570651066645,0.991954479208524,1572.5567617408487,0.997650359451306
1572.5720399991783,0.99464656945978,1572.5720399991783,0.9978197538699286,1572.5720399991783,0.9924779951259266,1572.558150673382,0.994230100560015
1572.573428931711,0.9878547141765127,1572.573428931711,0.997678674963539,1572.573428931711,0.9855615822961088,1572.5595396063804,1.002919037912805
1572.5748178647095,0.9883317589920457,1572.5748178647095,0.9977489688146767,1572.5748178647095,0.9861069933811092,1572.5609285389137,1.0159103756986272
1572.576206797243,0.9959267144692435,1572.576206797243,0.9978718826125906,1572.576206797243,0.993807265511596,1572.5623174714474,0.9923242984297812
1572.5775957297765,1.0050587642504645,1572.5775957297765,0.9978277795944747,1572.5775957297765,1.0028755550940076,1572.5637064039802,0.9825794727698997
1572.5789846623093,1.0007094693643823,1572.5789846623093,0.9977283291734026,1572.5789846623093,0.9984361868569276,1572.5650953365127,1.0010605318047143
1572.580373594842,1.0107743943989689,1572.580373594842,0.9976856241646083,1572.580373594842,1.0084350825655393,1572.5664842690462,0.99832855611733
1572.5817625273753,1.0015163151841802,1572.5817625273753,0.9976113463055619,1572.5817625273753,0.9991240395378754,1572.5678732015797,0.9989784612746596
1572.5831514599088,0.9974238285415123,1572.5831514599088,0.9977359658669699,1572.5831514599088,0.9951656269485968,1572.5692621341125,0.9900259823680552
1572.584540392441,0.9922899210622776,1572.584540392441,0.9977399779958046,1572.584540392441,0.9900473240061356,1572.570651066645,0.991954479208524
1572.585929324974,1.0071717447491864,1572.585929324974,0.9978349275096152,1572.585929324974,1.004991144911537,1572.5720399991783,0.9924779951259266
1572.5873182575078,0.9927241582467832,1572.5873182575078,0.9978014095191655,1572.5873182575078,0.9905415643623674,1572.573428931711,0.9855615822961088
1572.5887071900404,1.0107186308229101,1572.5887071900404,0.997804805677039,1572.5887071900404,1.0084999070224168,1572.5748178647095,0.9861069933811092
1572.590096122573,0.996914580568039,1572.590096122573,0.9978021796078249,1572.590096122573,0.99472354137361,1572.576206797243,0.993807265511596
1572.591485055107,0.9845478044814775,1572.591485055107,0.9977924432518991,1572.591485055107,0.9823743593318665,1572.5775957297765,1.0028755550940076
1572.59287398764,1.0002761615346938,1572.59287398764,0.9978017607538994,1572.59287398764,0.9980773152194694,1572.5789846623093,0.9984361868569276
1572.5942629201727,1.006598043119539,1572.5942629201727,0.997760066921219,1572.5942629201727,1.0043433308657193,1572.580373594842,1.0084350825655393
1572.5956518527055,0.9988134749275113,1572.5956518527055,0.997803852790801,1572.5956518527055,0.9966199335020388,1572.5817625273753,0.9991240395378754
1572.5970407852387,1.0079232997590102,1572.5970407852387,0.9978915967010198,1572.5970407852387,1.0057981909486793,1572.5831514599088,0.9951656269485968
1572.5984297177724,1.0111877623386434,1572.5984297177724,0.9979111845532092,1572.5984297177724,1.0090755777210645,1572.584540392441,0.9900473240061356
1572.599818650305,0.9964085053350291,1572.599818650305,0.9979418843223121,1572.599818650305,0.9943577813688176,1572.585929324974,1.004991144911537
1572.6012075828376,1.0054275731706181,1572.6012075828376,0.9980824632741031,1572.6012075828376,1.003499628873834,1572.5873182575078,0.9905415643623674
1572.6025965153713,0.9971190556032463,1572.6025965153713,0.9982204806965951,1572.6025965153713,0.9953446629960074,1572.5887071900404,1.0084999070224168
1572.6039854479054,0.9927650228425939,1572.6039854479054,0.9982577461865039,1572.6039854479054,0.9910353741956408,1572.590096122573,0.99472354137361
1572.605374380439,1.0148879902679144,1572.605374380439,0.9982371921716582,1572.605374380439,1.01309893777378,1572.591485055107,0.9823743593318665
1572.6067633129717,0.9959227970801603,1572.6067633129717,0.998134067361432,1572.6067633129717,0.9940644722275944,1572.59287398764,0.9980773152194694
1572.6081522455047,0.9834872482160589,1572.6081522455047,0.9981272499878695,1572.6081522455047,0.9816454224600322,1572.5942629201727,1.0043433308657193
1572.6095411780375,1.0099474261079155,1572.6095411780375,0.9981350357582008,1572.6095411780375,1.0080639102721272,1572.5956518527055,0.9966199335020388
1572.620652638302,0.9964775751153131,1572.620652638302,0.9980579368244372,1572.620652638302,0.9945423527114076,1572.5970407852387,1.0057981909486793
1572.6220415708349,1.0015106659355373,1572.6220415708349,0.9980532952256932,1572.6220415708349,0.9995610203406414,1572.5984297177724,1.0090755777210645
1572.6234305033686,1.0105448813602291,1572.6234305033686,0.9981856673637146,1572.6234305033686,1.008711416801546,1572.599818650305,0.9943577813688176
1572.6248194359011,1.0137018009825507,1572.6248194359011,0.9981285046288639,1572.6248194359011,1.0118046627542996,1572.6012075828376,1.003499628873834
1572.6262083684337,0.9954701859051281,1572.6262083684337,0.9980530330310791,1572.6262083684337,0.9935320383346252,1572.6025965153713,0.9953446629960074
1572.6275973009674,0.9888073092760469,1572.6275973009674,0.998040267083212,1572.6275973009674,0.986869511043698,1572.6039854479054,0.9910353741956408
1572.6289862335009,0.9901920965203409,1572.6289862335009,0.9980321589011383,1572.6289862335009,0.9882435558170402,1572.605374380439,1.01309893777378
1572.6303751660334,0.9938786331027413,1572.6303751660334,0.9979399834157974,1572.6303751660334,0.991831226635865,1572.6067633129717,0.9940644722275944
1572.6317640985662,0.9952486933591403,1572.6317640985662,0.9980575010158114,1572.6317640985662,0.9933154237832752,1572.6081522455047,0.9816454224600322
1572.6331530310997,1.0015595813762175,1572.6331530310997,0.9979395818841481,1572.6331530310997,0.9994959498706448,1572.6095411780375,1.0080639102721272
1572.6345419636332,0.992760508483954,1572.6345419636332,0.9979065584267384,1572.6345419636332,0.9906822223632014,1572.620652638302,0.9945423527114076
1572.6359308961655,1.0052412270072697,1572.6359308961655,0.9978305773821416,1572.6359308961655,1.0030604339529965,1572.6220415708349,0.9995610203406414
1572.6373198286983,0.999189032338751,1572.6373198286983,0.9978042905205036,1572.6373198286983,0.996995103508636,1572.6234305033686,1.008711416801546
1572.638708761232,0.9899732615903148,1572.638708761232,0.9978133566278239,1572.638708761232,0.9878085431192268,1572.6248194359011,1.0118046627542996
1572.6400976937653,0.999665299245368,1572.6400976937653,0.9979277836161621,1572.6400976937653,0.9975937764339174,1572.6262083684337,0.9935320383346252
1572.641486626298,0.9962146039064097,1572.641486626298,0.997866886981644,1572.641486626298,0.9940895655657406,1572.6275973009674,0.986869511043698
1572.6428755583652,1.0116144966241827,1572.6428755583652,0.9979251128271412,1572.6428755583652,1.0095155106812592,1572.6289862335009,0.9882435558170402
1572.6442644908984,0.99979755614741,1572.6442644908984,0.9978627646880266,1572.6442644908984,0.997660753505587,1572.6303751660334,0.991831226635865
1572.6456534234312,0.9893427189244807,1572.6456534234312,0.997883216168896,1572.6456534234312,0.9872484942536408,1572.6317640985662,0.9933154237832752
1572.647042355964,0.9915766230945294,1572.647042355964,0.9978644333578723,1572.647042355964,0.9894590451351352,1572.6331530310997,0.9994959498706448
1572.6484312884977,1.0008233794683692,1572.6484312884977,0.9978896491785071,1572.6484312884977,0.9987112910273388,1572.6345419636332,0.9906822223632014
1572.649820221031,1.0087402792347142,1572.649820221031,0.997939976472316,1572.649820221031,1.0066622505261682,1572.6359308961655,1.0030604339529965
1572.6512091535642,1.0127799792229297,1572.6512091535642,0.9979507635651832,1572.6512091535642,1.010704553589053,1572.6373198286983,0.996995103508636
1572.652598086098,1.0092791567975248,1572.652598086098,0.9979632717803291,1572.652598086098,1.0072235294573495,1572.638708761232,0.9878085431192268
1572.6539870186311,1.018500760674813,1572.6539870186311,0.997951411834344,1572.6539870186311,1.016414272069783,1572.6400976937653,0.9975937764339174
1572.6553759511646,1.0034783232472086,1572.6553759511646,0.9979779426547236,1572.6553759511646,1.001449232532861,1572.641486626298,0.9940895655657406
1572.6567648836972,0.9980753952766452,1572.6567648836972,0.9979452934826312,1572.6567648836972,0.9960246432571448,1572.6428755583652,1.0095155106812592
1572.6581538157643,0.9981965631705887,1572.6581538157643,0.9978835523686486,1572.6581538157643,0.9960839324188432,1572.6442644908984,0.997660753505587
1572.659542748298,0.9999001633127542,1572.659542748298,0.9978117269615099,1572.659542748298,0.997712108744195,1572.6456534234312,0.9872484942536408
1572.6609316808313,0.9925172941474946,1572.6609316808313,0.9977302137970038,1572.6609316808313,0.9902644920870034,1572.647042355964,0.9894590451351352
1572.662320613364,0.9998294172414364,1572.662320613364,0.9976561441216428,1572.662320613364,0.9974859611844806,1572.6484312884977,0.9987112910273388
1572.6637095458968,0.9944208270948643,1572.6637095458968,0.9975995372445181,1572.6637095458968,0.9920337569361476,1572.649820221031,1.0066622505261682
1572.66509847843,0.9979512439862748,1572.66509847843,0.9976143098527324,1572.66509847843,0.9955704415360432,1572.6512091535642,1.010704553589053
1572.6664874109629,1.0013410118410124,1572.6664874109629,0.9975971273921898,1572.6664874109629,0.9989349169525826,1572.652598086098,1.0072235294573495
1572.6678763434957,0.9890347211488715,1572.6678763434957,0.9976846730376796,1572.6678763434957,0.9867447823923244,1572.6539870186311,1.016414272069783
1572.6692652755632,1.0005727865817682,1572.6692652755632,0.9976595044350209,1572.6692652755632,0.9982309504123348,1572.6553759511646,1.001449232532861
1572.670654208097,0.9960516906039417,1572.670654208097,0.9977309943382188,1572.670654208097,0.9937916436785346,1572.6567648836972,0.9960246432571448
1572.6720431406295,1.0068205074692465,1572.6720431406295,0.9977284844264577,1572.6720431406295,1.0045334990067682,1572.6581538157643,0.9960839324188432
1572.673432073162,1.0027472610155441,1572.673432073162,0.9977345369136967,1572.673432073162,1.0004755741108218,1572.659542748298,0.997712108744195
1572.6748210056958,0.9888827614965703,1572.6748210056958,0.9976748485294628,1572.6748210056958,0.9865834592894877,1572.6609316808313,0.9902644920870034
1572.676209938229,0.9999622559204827,1572.676209938229,0.9976882007839291,1572.676209938229,0.9976505439611452,1572.662320613364,0.9974859611844806
1572.6775988707618,1.0033791615024885,1572.6775988707618,0.9976961667009121,1572.6775988707618,1.0010675431786082,1572.6637095458968,0.9920337569361476
1572.678987802829,0.9789400679759611,1572.678987802829,0.9977473065463889,1572.678987802829,0.976734816093354,1572.66509847843,0.9955704415360432
1572.6803767353622,1.003444816573739,1572.6803767353622,0.9977314681630417,1572.6803767353622,1.0011684700607109,1572.6664874109629,0.9989349169525826
1572.681765667895,0.9966346344751507,1572.681765667895,0.997817158238317,1572.681765667895,0.9944591387738786,1572.6678763434957,0.9867447823923244
1572.6831546004278,1.0002714335917056,1572.6831546004278,0.9978115804105743,1572.6831546004278,0.9980824199916905,1572.6692652755632,0.9982309504123348
1572.6845435329612,1.004050017469896,1572.6845435329612,0.9977255375859706,1572.6845435329612,1.0017663434433552,1572.670654208097,0.9937916436785346
1572.6859324654947,0.9887462584667138,1572.6859324654947,0.9975990402832391,1572.6859324654947,0.9863723185300372,1572.6720431406295,1.0045334990067682
1572.6873213975618,1.0068496030577803,1572.6873213975618,0.9975733289002088,1572.6873213975618,1.0044063102242038,1572.673432073162,1.0004755741108218
1572.6887103300946,0.9942340103119042,1572.6887103300946,0.997577590433642,1572.6887103300946,0.9918255683341262,1572.6748210056958,0.9865834592894877
1572.690099262628,1.0094033677007106,1572.690099262628,0.9974723275735214,1572.690099262628,1.006851926640979,1572.676209938229,0.9976505439611452
1572.6914881951611,1.0023797276082786,1572.6914881951611,0.9975054470583983,1572.6914881951611,0.9998792383101716,1572.6775988707618,1.0010675431786082
1572.692877127694,0.9951951081989275,1572.692877127694,0.9974798892185857,1572.692877127694,0.9926871062771446,1572.678987802829,0.976734816093354
1572.694266059761,1.0092689346690302,1572.694266059761,0.9976009845630003,1572.694266059761,1.0068476829146749,1572.6803767353622,1.0011684700607109
1572.6956549922947,0.9964238485524658,1572.6956549922947,0.9976068490602256,1572.6956549922947,0.9940392558828888,1572.681765667895,0.9944591387738786
1572.697043924828,0.9896834765889093,1572.697043924828,0.9977172439318959,1572.697043924828,0.9874242706272236,1572.6831546004278,0.9980824199916905
1572.6984328573612,1.0061723134380125,1572.6984328573612,0.9977297826439431,1572.6984328573612,1.0038880835888615,1572.6845435329612,1.0017663434433552
1572.699821789895,1.0158668393317507,1572.699821789895,0.9978073792261819,1572.699821789895,1.013639428596399,1572.6859324654947,0.9863723185300372
1572.7012107219623,0.9882847982501167,1572.7012107219623,0.9979173589467543,1572.7012107219623,0.9862265557569824,1572.6873213975618,1.0044063102242038
1572.702599654495,0.9921937377184951,1572.702599654495,0.9978251693793606,1572.702599654495,0.9900358843960982,1572.6887103300946,0.9918255683341262
1572.703988587028,1.0022304296843785,1572.703988587028,0.9978440315160662,1572.703988587028,1.0000696524643395,1572.690099262628,1.006851926640979
1572.7053775195614,0.9991440821910844,1572.7053775195614,0.9977122183670206,1572.7053775195614,0.9968582587111476,1572.6914881951611,0.9998792383101716
1572.706766452095,1.017440211230522,1572.706766452095,0.9977233655127582,1572.706766452095,1.0151238717569282,1572.692877127694,0.9926871062771446
1572.708155384162,1.0034429420875464,1572.708155384162,0.9977915596212735,1572.708155384162,1.0012268981764922,1572.694266059761,1.0068476829146749
1572.7095443166943,1.0032322163160168,1572.7095443166943,0.9978305917329522,1572.7095443166943,1.0010557960521722,1572.6956549922947,0.9940392558828888
1572.7109332492282,0.9837341302197234,1572.7109332492282,0.9978362427208795,1572.7109332492282,0.9816055683347412,1572.697043924828,0.9874242706272236
1572.7123221817617,1.0046203496190336,1572.7123221817617,0.9979344763042296,1572.7123221817617,1.0025452824816423,1572.6984328573612,1.0038880835888615
1572.7137111138286,0.999084384303628,1572.7137111138286,0.9978543241879588,1572.7137111138286,0.9969406731060396,1572.699821789895,1.013639428596399
1572.7151000463614,1.0076199515619155,1572.7151000463614,0.997966235938531,1572.7151000463614,1.0055706903168098,1572.7012107219623,0.9862265557569824
1572.7164889788946,1.000722972678657,1572.7164889788946,0.9980726182141842,1572.7164889788946,0.9987941974484688,1572.702599654495,0.9900358843960982
1572.7178779114274,1.0007244942810931,1572.7178779114274,0.9980686422937978,1572.7178779114274,0.998791737317278,1572.703988587028,1.0000696524643395
1572.7192668434946,1.004198351020395,1572.7192668434946,0.9979858757569603,1572.7192668434946,1.0021757707767842,1572.7053775195614,0.9968582587111476
1572.720655776028,1.001651262861574,1572.720655776028,0.99803821757514,1572.720655776028,0.9996862410182532,1572.706766452095,1.0151238717569282
1572.7220447085615,1.001246503577639,1572.7220447085615,0.9979004491402188,1572.7220447085615,0.9991443356201996,1572.708155384162,1.0012268981764922
1572.7234336410943,1.0037593668195839,1572.7234336410943,0.9978271297139709,1572.7234336410943,1.0015783279170982,1572.7095443166943,1.0010557960521722
1572.7248225731614,1.0096724652388558,1572.7248225731614,0.9979320902558609,1572.7248225731614,1.0075845537095995,1572.7109332492282,0.9816055683347412
1572.726211505695,1.0116576603308733,1572.726211505695,0.9979118380143792,1572.726211505695,1.0095451552621084,1572.7123221817617,1.0025452824816423
1572.727600438228,1.014355916312794,1572.727600438228,0.9979419646509318,1572.727600438228,1.0122683359804858,1572.7137111138286,0.9969406731060396
1572.7289893707607,0.9952315319024672,1572.7289893707607,0.9980811999885439,1572.7289893707607,0.9933218816276512,1572.7151000463614,1.0055706903168098
1572.7303783028278,0.9849674891463542,1572.7303783028278,0.9980923073565541,1572.7303783028278,0.9830884739132764,1572.7164889788946,0.9987941974484688
1572.7317672353615,1.0015051393912022,1572.7317672353615,0.9981461289476193,1572.7317672353615,0.9996484780044744,1572.7178779114274,0.998791737317278
1572.7331561678948,0.9977966060529734,1572.7331561678948,0.9982431090915473,1572.7331561678948,0.996043586267314,1572.7192668434946,1.0021757707767842
1572.734545099962,0.9952373065440058,1572.734545099962,0.9982363916012666,1572.734545099962,0.993482097671452,1572.720655776028,0.9996862410182532
1572.7359340324947,1.0081848155280504,1572.7359340324947,0.9983043436619429,1572.7359340324947,1.0064752805556674,1572.7220447085615,0.9991443356201996
1572.737322965028,1.0121732860206565,1572.737322965028,0.998303689998078,1572.737322965028,1.0104563263519013,1572.7234336410943,1.0015783279170982
1572.7387118975607,0.9988176285941814,1572.7387118975607,0.9983699594684929,1572.7387118975607,0.9971895153759892,1572.7248225731614,1.0075845537095995
1572.740100829628,0.9942593848951178,1572.740100829628,0.9983723114922455,1572.740100829628,0.992641040320597,1572.726211505695,1.0095451552621084
1572.741489762161,1.0024186182370083,1572.741489762161,0.998405231377001,1572.741489762161,1.0008199924775338,1572.727600438228,1.0122683359804858
1572.7428786946948,0.9883283402630808,1572.7428786946948,0.9984447866881556,1572.7428786946948,0.9867912788718306,1572.7289893707607,0.9933218816276512
1572.7442676267617,1.0030652165678808,1572.7442676267617,0.9983976609469206,1572.7442676267617,1.0014579659985885,1572.7303783028278,0.9830884739132764
1572.7456565592945,0.9983468684579607,1572.7456565592945,0.9984197827002982,1572.7456565592945,0.9967692634653204,1572.7317672353615,0.9996484780044744
1572.7470454918284,1.0070967442035654,1572.7470454918284,0.9983750183022221,1572.7470454918284,1.005460230426343,1572.7331561678948,0.996043586267314
1572.748434423897,1.0006691325943153,1572.748434423897,0.9983226287135395,1572.748434423897,0.9989906389240544,1572.734545099962,0.993482097671452
1572.7498233564295,0.9960468012218686,1572.7498233564295,0.9983106983427978,1572.7498233564295,0.9943641777099136,1572.7359340324947,1.0064752805556674
1572.7512122889625,1.0060749371133089,1572.7512122889625,0.998301896361698,1572.7512122889625,1.0043665176021923,1572.737322965028,1.0104563263519013
1572.75260122103,1.0041166056809048,1572.75260122103,0.9983753989448947,1572.75260122103,1.0024853167838668,1572.7387118975607,0.9971895153759892
1572.7539901535629,0.9943731579360101,1572.7539901535629,0.998465592016832,1572.7539901535629,0.9928473838242252,1572.740100829628,0.992641040320597
1572.7553790860957,1.010171278820505,1572.7553790860957,0.9984854293623519,1572.7553790860957,1.008641303062608,1572.741489762161,1.0008199924775338
1572.7567680181637,0.9906263633256808,1572.7567680181637,0.9984644598454296,1572.7567680181637,0.9891052167666182,1572.7428786946948,0.9867912788718306
1572.758156950697,0.9960107204272778,1572.758156950697,0.9983857647130351,1572.758156950697,0.9944029247761688,1572.7442676267617,1.0014579659985885
1572.7595458832295,0.9898106985974572,1572.7595458832295,0.9985219216868039,1572.7595458832295,0.9883476808696908,1572.7456565592945,0.9967692634653204
1572.7609348152969,0.9924679094694533,1572.7609348152969,0.9984887976250209,1572.7609348152969,0.9909680896075724,1572.7470454918284,1.005460230426343
1572.76232374783,1.0039598012716973,1572.76232374783,0.9985441958958643,1572.76232374783,1.0024982324726186,1572.748434423897,0.9989906389240544
1572.7637126803636,1.0076457347169394,1572.7637126803636,0.998544535641014,1572.7637126803636,1.0061791422635746,1572.7498233564295,0.9943641777099136
1572.7651016124305,0.9938547954863997,1572.7651016124305,0.9985383222837917,1572.7651016124305,0.9924021000786905,1572.7512122889625,1.0043665176021923
1572.7664905449633,1.000666326754345,1572.7664905449633,0.9985265327117927,1572.7664905449633,0.9991918776554618,1572.75260122103,1.0024853167838668
1572.767879477497,0.9936558675840307,1572.767879477497,0.9983784883480019,1572.767879477497,0.992044643016667,1572.7539901535629,0.9928473838242252
1572.7692684095646,0.9981748491609568,1572.7692684095646,0.9983533913024076,1572.7692684095646,0.9965312457726104,1572.7553790860957,1.008641303062608
1572.7706573420974,0.9959769203662768,1572.7706573420974,0.9983988361951158,1572.7706573420974,0.9943821981708864,1572.7567680181637,0.9891052167666182
1572.7720462746302,1.0107277449883618,1572.7720462746302,0.998498935469294,1572.7720462746302,1.0092105774201594,1572.758156950697,0.9944029247761688
1572.7734352066975,1.002216194524643,1572.7734352066975,0.9985431247641304,1572.7734352066975,1.0007560905698527,1572.7595458832295,0.9883476808696908
1572.7748241392303,1.0019803267148095,1572.7748241392303,0.9985416796688,1572.7748241392303,1.000519118432899,1572.7609348152969,0.9909680896075724
1572.7762130712977,1.0145900610685263,1572.7762130712977,0.9985423825850268,1572.7762130712977,1.0131111769264542,1572.76232374783,1.0024982324726186
1572.777602003831,0.9935809678115983,1572.777602003831,0.9984546782844317,1572.777602003831,0.9920455655658637,1572.7637126803636,1.0061791422635746
1572.7789909363646,0.9953660939794129,1572.7789909363646,0.998411979128387,1572.7789909363646,0.9937854318472776,1572.7651016124305,0.9924021000786905
1572.7803798684315,1.0202226197760764,1572.7803798684315,0.9984339949073173,1572.7803798684315,1.018624945957837,1572.7664905449633,0.9991918776554618
1572.781768800964,1.0021470321329529,1572.781768800964,0.9984379888236596,1572.781768800964,1.000581667268425,1572.767879477497,0.992044643016667
1572.783157733032,1.0000063675164046,1572.783157733032,0.9984708517650059,1572.783157733032,0.998477209544534,1572.7692684095646,0.9965312457726104
1572.7845466655654,0.9980834339975466,1572.7845466655654,0.9984198129106243,1572.7845466655654,0.996506275441024,1572.7706573420974,0.9943821981708864
1572.785935598098,0.996223125251976,1572.785935598098,0.9984531822775532,1572.785935598098,0.9946821496663248,1572.7720462746302,1.0092105774201594
1572.7873245301653,0.9982462863128196,1572.7873245301653,0.9983940174921873,1572.7873245301653,0.9966431202385122,1572.7734352066975,1.0007560905698527
1572.7887134626983,1.0077680377383418,1572.7887134626983,0.998475654013148,1572.7887134626983,1.0062318505743375,1572.7748241392303,1.000519118432899
1572.7901023947666,1.0048878406317732,1572.7901023947666,0.9984516981540804,1572.7901023947666,1.003331970933181,1572.7762130712977,1.0131111769264542
1572.7914913272994,1.0201626771686205,1572.7914913272994,0.9984186274655541,1572.7914913272994,1.0185494199302794,1572.777602003831,0.9920455655658637
1572.792880259832,0.9877126929757369,1572.792880259832,0.9984682259735103,1572.792880259832,0.9861997403270024,1572.7789909363646,0.9937854318472776
1572.7942691919002,1.0184245726089782,1572.7942691919002,0.9984976585712662,1572.7942691919002,1.0168945511815073,1572.7803798684315,1.018624945957837
1572.795658124434,1.0002416546411526,1572.795658124434,0.9984775691920683,1572.795658124434,0.9987188559307504,1572.781768800964,1.000581667268425
1572.797047056501,1.0005259936187085,1572.797047056501,0.998376196653318,1572.797047056501,0.9989013361618282,1572.783157733032,0.998477209544534
1572.7984359890345,0.9901316058861169,1572.7984359890345,0.9983208504449751,1572.7984359890345,0.9884690268406772,1572.7845466655654,0.996506275441024
1572.799824921102,0.9953515880276758,1572.799824921102,0.9983354504732724,1572.799824921102,0.9936947760128968,1572.785935598098,0.9946821496663248
1572.8012138536346,1.00329234419484,1572.8012138536346,0.9984112074729428,1572.8012138536346,1.0016983208159296,1572.7873245301653,0.9966431202385122
1572.8026027861674,1.0032219577344077,1572.8026027861674,0.9984088543122687,1572.8026027861674,1.0016256854425212,1572.7887134626983,1.0062318505743375
1572.8039917182357,0.9885368440415665,1572.8039917182357,0.998451764130386,1572.8039917182357,0.9870063558411863,1572.7901023947666,1.003331970933181
1572.8053806507687,1.0057952361904918,1572.8053806507687,0.998430860472756,1572.8053806507687,1.0042170031290716,1572.7914913272994,1.0185494199302794
1572.8067695828358,0.9897639659565812,1572.8067695828358,0.9984554149896616,1572.8067695828358,0.9882351913709916,1572.792880259832,0.9861997403270024
1572.8081585153686,0.9940238043228606,1572.8081585153686,0.9984798554749971,1572.8081585153686,0.9925127444789966,1572.7942691919002,1.0168945511815073
1572.8095474474362,0.9826106356077192,1572.8095474474362,0.9984063721432932,1572.8095474474362,0.9810447199265184,1572.795658124434,0.9987188559307504
1572.810936379969,0.985787728767849,1572.810936379969,0.998522793473032,1572.810936379969,0.9843315167007082,1572.797047056501,0.9989013361618282
1572.812325312036,0.9915531726413679,1572.812325312036,0.9984606062763035,1572.812325312036,0.9900267819106924,1572.7984359890345,0.9884690268406772
1572.8137142445694,0.9915723219601198,1572.8137142445694,0.9985536530437547,1572.8137142445694,0.9901381643503556,1572.799824921102,0.9936947760128968
1572.8151031766374,1.0031909941075388,1572.8151031766374,0.9985262980435566,1572.8151031766374,1.0017125895768362,1572.8012138536346,1.0016983208159296
1572.81649210917,0.998058757500997,1572.81649210917,0.998467113940137,1572.81649210917,0.9965288471446996,1572.8026027861674,1.0016256854425212
1572.817881041237,1.0048103205432386,1572.817881041237,0.998542316045125,1572.817881041237,1.00334562466129,1572.8039917182357,0.9870063558411863
1572.8192699737706,0.9806322802670974,1572.8192699737706,0.998533338580546,1572.8192699737706,0.9791940247349584,1572.8053806507687,1.0042170031290716
1572.8206589058382,1.004559787119755,1572.8206589058382,0.9986396966114149,1572.8206589058382,1.0031932810372997,1572.8067695828358,0.9882351913709916
1572.822047838371,0.9915289961723627,1572.822047838371,0.9986841259959462,1572.822047838371,0.990224268942034,1572.8081585153686,0.9925127444789966
1572.823436770438,0.9992921298656152,1572.823436770438,0.998615317171986,1572.823436770438,0.9979084272132208,1572.8095474474362,0.9810447199265184
1572.824825702971,1.0075162937794873,1572.824825702971,0.9986341827913823,1572.824825702971,1.0061402106874804,1572.810936379969,0.9843315167007082
1572.8262146350394,0.9937623388779074,1572.8262146350394,0.9987239334431276,1572.8262146350394,0.992494231991786,1572.812325312036,0.9900267819106924
1572.8276035675722,1.001570177290086,1572.8276035675722,0.9987631751672189,1572.8276035675722,1.0003314104230407,1572.8137142445694,0.9901381643503556
1572.828992499639,0.9935184035526257,1572.828992499639,0.9986810432295933,1572.828992499639,0.9922079957277362,1572.8151031766374,1.0017125895768362
1572.8303814321723,1.0015692930874331,1572.8303814321723,0.9986901229677368,1572.8303814321723,1.0002573604741978,1572.81649210917,0.9965288471446996
1572.8317703642397,1.0030807703502798,1572.8317703642397,0.9987083723049914,1572.8317703642397,1.0017851634469648,1572.817881041237,1.00334562466129
1572.8331592967725,0.9966636054808466,1572.8331592967725,0.9986143777233034,1572.8331592967725,0.9952826061867196,1572.8192699737706,0.9791940247349584
1572.83454822884,1.0074853457417283,1572.83454822884,0.998557844727146,1572.83454822884,1.0060323954380437,1572.8206589058382,1.0031932810372997
1572.8359371613733,1.0033108885785027,1572.8359371613733,0.9986478855879932,1572.8359371613733,1.0019542974663325,1572.822047838371,0.990224268942034
1572.8373260934404,0.9993932847561873,1572.8373260934404,0.9985400880837229,1572.8373260934404,0.9979342585907244,1572.823436770438,0.9979084272132208
1572.8387150259732,1.0096070459813782,1572.8387150259732,0.9986190916840394,1572.8387150259732,1.00821287121573,1572.824825702971,1.0061402106874804
1572.8401039580413,1.004603376180428,1572.8401039580413,0.9985683268846541,1572.8401039580413,1.0031651125351648,1572.8262146350394,0.992494231991786
1572.8414928905745,0.9997315642135156,1572.8414928905745,0.9985687467184782,1572.8414928905745,0.998300695131594,1572.8276035675722,1.0003314104230407
1572.842881822642,0.9970722728026534,1572.842881822642,0.9985693832989632,1572.842881822642,0.9956458445570412,1572.828992499639,0.9922079957277362
1572.8442707551758,1.0038253672815514,1572.8442707551758,0.9984726105262768,1572.8442707551758,1.0022921349821092,1572.8303814321723,1.0002573604741978
1572.8456596872434,0.9894642467387732,1572.8456596872434,0.9985063036427215,1572.8456596872434,0.9879862875977622,1572.8317703642397,1.0017851634469648
1572.8470486197762,1.000236782894254,1572.8470486197762,0.9984339792589613,1572.8470486197762,0.9986703913462918,1572.8331592967725,0.9952826061867196
1572.8484375518433,1.007549530988415,1572.8484375518433,0.9984687165505383,1572.8484375518433,1.0060066870670996,1572.83454822884,1.0060323954380437
1572.8498264839109,1.0028109566042136,1572.8498264839109,0.9984508632584789,1572.8498264839109,1.001257465306538,1572.8359371613733,1.0019542974663325
1572.8526043485117,1.0107162574489672,1572.8526043485117,0.9983160471741798,1572.8526043485117,1.0090142589511335,1572.8373260934404,0.9979342585907244
1572.853993281044,1.009839809968677,1572.853993281044,0.9983383028061769,1572.853993281044,1.0081617619902412,1572.8387150259732,1.00821287121573
1572.855382213112,1.0005263009614114,1572.855382213112,0.9983253608686306,1572.855382213112,0.9988507804658572,1572.8401039580413,1.0031651125351648
1572.856771145645,1.004327746708489,1572.856771145645,0.9983005396412444,1572.856771145645,1.0026209315157597,1572.8414928905745,0.998300695131594
1572.8581600777125,1.0078571642783092,1572.8581600777125,0.998273547698608,1572.8581600777125,1.0061171469575665,1572.842881822642,0.9956458445570412
1572.8595490097796,1.015168287115001,1572.8595490097796,0.9982630377214634,1572.8595490097796,1.0134049780939156,1572.8442707551758,1.0022921349821092
1572.8609379423128,1.0004499572572114,1572.8609379423128,0.9981517670087877,1572.8609379423128,0.9986008926401516,1572.8456596872434,0.9879862875977622
1572.8623268743809,1.0075439831352595,1572.8623268743809,0.998029517823027,1572.8623268743809,1.005558635673975,1572.8470486197762,0.9986703913462918
1572.8637158069137,1.000818074393243,1572.8637158069137,0.9980405823565506,1572.8637158069137,0.9988570538003938,1572.8484375518433,1.0060066870670996
1572.8651047389806,1.0036227537269946,1572.8651047389806,0.9981524968832343,1572.8651047389806,1.001768557561427,1572.8498264839109,1.001257465306538
1572.8664936710484,1.0193104216902262,1572.8664936710484,0.9981947827037216,1572.8664936710484,1.0174703448867142,1572.8512154164446,1.0263623660693049
1572.8678826035812,0.9957528937890723,1572.8678826035812,0.9982302582214989,1572.8678826035812,0.9939906682918704,1572.8526043485117,1.0090142589511335
1572.8692715356483,0.9987425120925697,1572.8692715356483,0.9981516158345788,1572.8692715356483,0.9968964522478848,1572.853993281044,1.0081617619902412
1572.8706604681815,0.9972220030077482,1572.8706604681815,0.998110769357,1572.8706604681815,0.9953380206417922,1572.855382213112,0.9988507804658572
1572.8720494002491,1.0027003967430435,1572.8720494002491,0.9980065235948452,1572.8720494002491,1.0007015371606969,1572.856771145645,1.0026209315157597
1572.8734383323165,1.0066038508113646,1572.8734383323165,0.9979340658245188,1572.8734383323165,1.0045242735148026,1572.8581600777125,1.0061171469575665
1572.874827264849,0.9944194754432939,1572.874827264849,0.9979047545376089,1572.874827264849,0.992335922549658,1572.8595490097796,1.0134049780939156
1572.876216196917,1.0011219207383366,1572.876216196917,0.9977936993476644,1572.876216196917,0.998913144791544,1572.8609379423128,0.9986008926401516
1572.8776051294503,1.0031213251757154,1572.8776051294503,0.9976930139699224,1572.8776051294503,1.000807138292062,1572.8623268743809,1.005558635673975
1572.8789940615177,0.9971044621885349,1572.8789940615177,0.9976935852031181,1572.8789940615177,0.9948047257029063,1572.8637158069137,0.9988570538003938
1572.8803829935846,0.9891609226807165,1572.8803829935846,0.997558316666362,1572.8803829935846,0.986745704941521,1572.8651047389806,1.001768557561427
1572.8817719261178,0.9920948739195058,1572.8817719261178,0.997683140132525,1572.8817719261178,0.989796329121394,1572.8664936710484,1.0174703448867142
1572.883160858185,1.0099667800603442,1572.883160858185,0.9976494425775927,1572.883160858185,1.0075927951490886,1572.8678826035812,0.9939906682918704
1572.884549790252,1.001882678698185,1572.884549790252,0.9976810468975109,1572.884549790252,0.9995593597520877,1572.8692715356483,0.9968964522478848
1572.885938722785,1.0195655358778468,1572.885938722785,0.9976765784025156,1572.885938722785,1.0171966552917375,1572.8706604681815,0.9953380206417922
1572.8873276548534,0.9906278482955445,1572.8873276548534,0.9976054430196049,1572.8873276548534,0.9882557334664346,1572.8720494002491,1.0007015371606969
1572.8887165869205,0.999398575084525,1572.8887165869205,0.9975777276842931,1572.8887165869205,0.9969777595837408,1572.8734383323165,1.0045242735148026
1572.8901055194528,0.985498800461419,1572.8901055194528,0.9975590743578842,1572.8901055194528,0.9830932711690984,1572.874827264849,0.992335922549658
1572.8914944515209,0.9902278838267844,1572.8914944515209,0.9975023753410396,1572.8914944515209,0.9877546662461484,1572.876216196917,0.998913144791544
1572.8928833835894,0.9975604437197454,1572.8928833835894,0.9975353301235744,1572.8928833835894,0.9951017865441956,1572.8776051294503,1.000807138292062
1572.8942723161226,0.9985882972295139,1572.8942723161226,0.9975777667781393,1572.8942723161226,0.9961694834810032,1572.8789940615177,0.9948047257029063
1572.8956612481898,1.004361386949655,1572.8956612481898,0.997539677524055,1572.8956612481898,1.0018903340553715,1572.8803829935846,0.986745704941521
1572.897050180257,1.0056413821680397,1572.897050180257,0.9975204361130067,1572.897050180257,1.0031478301135497,1572.8817719261178,0.989796329121394
1572.898439112791,1.0088916516119106,1572.898439112791,0.9974569112397494,1572.898439112791,1.0063259505923858,1572.883160858185,1.0075927951490886
1572.8998280448582,1.0108016393413979,1572.8998280448582,0.9974367663846012,1572.8998280448582,1.008210718600938,1572.884549790252,0.9995593597520877
1572.901216976925,0.9998873165852036,1572.901216976925,0.9973143198216855,1572.901216976925,0.9972019390385026,1572.885938722785,1.0171966552917375
1572.9026059094583,0.9998932967503542,1572.9026059094583,0.997370110963331,1572.9026059094583,0.9972636883313916,1572.8873276548534,0.9882557334664346
1572.9039948415257,1.00687638873466,1572.9039948415257,0.9973437499951977,1572.9039948415257,1.0042018733222482,1572.8887165869205,0.9969777595837408
1572.9053837735928,0.9990477217304463,1572.9053837735928,0.9973728995456539,1572.9053837735928,0.9964231230067748,1572.8901055194528,0.9830932711690984
1572.906772706126,1.0018650293793014,1572.906772706126,0.9973754105412462,1572.906772706126,0.9992355449840984,1572.8914944515209,0.9877546662461484
1572.9081616381936,0.9946645557528532,1572.9081616381936,0.997346556430458,1572.9081616381936,0.9920252694835394,1572.8928833835894,0.9951017865441956
1572.9095505702608,0.982690979651191,1572.9095505702608,0.9973196651347768,1572.9095505702608,0.9800570387566916,1572.8942723161226,0.9961694834810032
1572.9109395027936,0.9867802475540207,1572.9109395027936,0.9972690302773773,1572.9109395027936,0.9840853805750686,1572.8956612481898,1.0018903340553715
1572.9123284348616,1.0030020760072957,1572.9123284348616,0.9972479245734487,1572.9123284348616,1.0002417386411362,1572.897050180257,1.0031478301135497
1572.9137173669292,0.9963970874441795,1572.9137173669292,0.9972268087561929,1572.9137173669292,0.9936338877659244,1572.898439112791,1.0063259505923858
1572.9151062989963,0.998345236487098,1572.9151062989963,0.9971933763007949,1572.9151062989963,0.9955432570863848,1572.8998280448582,1.008210718600938
1572.916495231529,0.9983651550889879,1572.916495231529,0.9972442024609904,1572.916495231529,0.9956138628515608,1572.901216976925,0.9972019390385026
1572.917884163597,1.0040444403458522,1572.917884163597,0.9972568392555138,1572.917884163597,1.0012901850513758,1572.9026059094583,0.9972636883313916
1572.9192730956645,0.993441150863764,1572.9192730956645,0.997188930320182,1572.9192730956645,0.9906485185658874,1572.9039948415257,1.0042018733222482
1572.9206620277314,0.9962990469176529,1572.9206620277314,0.9972328985454769,1572.9206620277314,0.9935421863757872,1572.9053837735928,0.9964231230067748
1572.9220509602642,0.9977204805010402,1572.9220509602642,0.9972167135485698,1572.9220509602642,0.9949435386053472,1572.906772706126,0.9992355449840984
1572.9234398923322,0.9949022460067972,1572.9234398923322,0.9972603555113444,1572.9234398923322,0.9921765675517736,1572.9081616381936,0.9920252694835394
1572.9248288243991,1.010890348263285,1572.9248288243991,0.9973561130578363,1572.9248288243991,1.0082176684715525,1572.9095505702608,0.9800570387566916
1572.9262177569317,1.0034516570890466,1572.9262177569317,0.9973793490817597,1572.9262177569317,1.0008219605824864,1572.9109395027936,0.9840853805750686
1572.9276066889995,1.0043754231967057,1572.9276066889995,0.9973217618590402,1572.9276066889995,1.0016854666304575,1572.9123284348616,1.0002417386411362
1572.928995621067,1.0016720106757826,1572.928995621067,0.9973968461882393,1572.928995621067,0.999064504363058,1572.9137173669292,0.9936338877659244
1572.9303845531344,0.9997687957192727,1572.9303845531344,0.9972882911694796,1572.9303845531344,0.997057713847442,1572.9151062989963,0.9955432570863848
1572.9317734852016,1.0031880259345571,1572.9317734852016,0.997325718436096,1572.9317734852016,1.000505218691671,1572.916495231529,0.9956138628515608
1572.9331624177348,0.9968357623737487,1572.9331624177348,0.9973687298004807,1572.9331624177348,0.9942128181383996,1572.917884163597,1.0012901850513758
1572.9345513498029,1.006149794952008,1572.9345513498029,0.9973796025569029,1572.9345513498029,1.003513282601943,1572.9192730956645,0.9906485185658874
1572.93594028187,1.0003607060319666,1572.93594028187,0.997390414535624,1572.93594028187,0.9977501792743726,1572.9206620277314,0.9935421863757872
1572.937329213937,1.0042350202994166,1572.937329213937,0.997510070848797,1572.937329213937,1.001734546247714,1572.9220509602642,0.9949435386053472
1572.9387181464704,1.0046807773278994,1572.9387181464704,0.9976127528052715,1572.9387181464704,1.0022823559606258,1572.9234398923322,0.9921765675517736
1572.9401070785375,0.9966341664574229,1572.9401070785375,0.9974982724451273,1572.9401070785375,0.9941408593010688,1572.9248288243991,1.0082176684715525
1572.9414960106046,1.0028133509178065,1572.9414960106046,0.9975526826469318,1572.9414960106046,1.000359148402217,1572.9262177569317,1.0008219605824864
1572.942884942673,1.0074063364623005,1572.942884942673,0.9974778372347187,1572.942884942673,1.004865493710967,1572.9276066889995,1.0016854666304575
1572.9442738747412,1.014298154727657,1572.9442738747412,0.9974900562989535,1572.9442738747412,1.0117523234632153,1572.928995621067,0.999064504363058
1572.945662807274,0.9830731505414001,1572.945662807274,0.9973842810470867,1572.945662807274,0.9805017074694288,1572.9303845531344,0.997057713847442
1572.947051739341,0.9993464023097488,1572.947051739341,0.9974934892596711,1572.947051739341,0.9968415298190504,1572.9317734852016,1.000505218691671
1572.9484406714091,1.009820817447289,1572.9484406714091,0.9974947234681627,1572.9484406714091,1.0072909370519774,1572.9331624177348,0.9942128181383996
1572.9498296034767,1.0035949642915196,1572.9498296034767,0.9974123825731979,1572.9498296034767,1.000998044472468,1572.9345513498029,1.003513282601943
1572.9512185355438,0.9984184682648214,1572.9512185355438,0.9973744604831063,1572.9512185355438,0.9957970811219956,1572.93594028187,0.9977501792743726
1572.9526074680766,0.9932766543828657,1572.9526074680766,0.9974098642603215,1572.9526074680766,0.9907039330209604,1572.937329213937,1.001734546247714
1572.9539964001442,1.0001969097908072,1572.9539964001442,0.997528662775915,1572.9539964001442,0.9977250859362264,1572.9387181464704,1.0022823559606258
1572.955385332212,1.0072227401522627,1572.955385332212,0.9975429062375597,1572.955385332212,1.0047478994400465,1572.9401070785375,0.9941408593010688
1572.956774264279,0.9925021633751206,1572.956774264279,0.9975127347881451,1572.956774264279,0.990033547271467,1572.9414960106046,1.000359148402217
1572.958163196346,0.9980484321847705,1572.958163196346,0.9975217240704343,1572.958163196346,0.9955749927787462,1572.942884942673,1.004865493710967
1572.9595521288795,1.007681631222467,1572.9595521288795,0.9974424488948287,1572.9595521288795,1.0051044339528732,1572.9442738747412,1.0117523234632153
1572.9609410609469,0.9915762955876981,1572.9609410609469,0.9973719682268208,1572.9609410609469,0.9889704015773624,1572.945662807274,0.9805017074694288
1572.9623299930136,1.0092202274797513,1572.9623299930136,0.9973182192542986,1572.9623299930136,1.0065137201055236,1572.947051739341,0.9968415298190504
1572.9637189250816,1.0019169385982574,1572.9637189250816,0.9972458382827146,1572.9637189250816,0.9991574973220704,1572.9484406714091,1.0072909370519774
1572.9651078571492,1.0016962498280588,1572.9651078571492,0.9971843385379358,1572.9651078571492,0.9988758123007236,1572.9498296034767,1.000998044472468
1572.9664967892163,1.0017587873755043,1572.9664967892163,0.9970983265825227,1572.9664967892163,0.9988520105314526,1572.9512185355438,0.9957970811219956
1572.967885721749,0.9947741561902116,1572.967885721749,0.9971637792799861,1572.967885721749,0.9919527571166906,1572.9526074680766,0.9907039330209604
1572.969274653817,1.0064795215132052,1572.969274653817,0.9971475124237181,1572.969274653817,1.0036085511823067,1572.9539964001442,0.9977250859362264
1572.9706635858847,0.9929837163344427,1572.9706635858847,0.9972503513439711,1572.9706635858847,0.9902533599933652,1572.955385332212,1.0047478994400465
1572.972052517952,1.0097602520181077,1572.972052517952,0.9973016598957132,1572.972052517952,1.0070355754343725,1572.956774264279,0.990033547271467
1572.9734414500188,1.0066764812200797,1572.9734414500188,0.9972200759416682,1572.9734414500188,1.0038779970509792,1572.958163196346,0.9955749927787462
1572.9748303820866,1.0080158964134784,1572.9748303820866,0.997163490986349,1572.9748303820866,1.005156650237398,1572.9595521288795,1.0051044339528732
1572.9762193141537,0.9932266097859951,1572.9762193141537,0.9972074130692351,1572.9762193141537,0.9904529381362188,1572.9609410609469,0.9889704015773624
1572.9776082462208,0.9985054197460339,1572.9776082462208,0.9971634312843539,1572.9776082462208,0.9956730905099792,1572.9623299930136,1.0065137201055236
1572.978997178754,0.9929305227536438,1572.978997178754,0.9970538437210711,1572.978997178754,0.990005194259493,1572.9637189250816,0.9991574973220704
1572.9803861108217,1.000031085618608,1572.9803861108217,0.9970895750531187,1572.9803861108217,0.9971205701993668,1572.9651078571492,0.9988758123007236
1572.9817750428888,0.9956999489919327,1572.9817750428888,0.9970880477900721,1572.9817750428888,0.9928005183250406,1572.9664967892163,0.9988520105314526
1572.983163974956,0.994965511993368,1572.983163974956,0.9969491911525343,1572.983163974956,0.9919300624064554,1572.967885721749,0.9919527571166906
1572.9845529070235,0.995807052545145,1572.9845529070235,0.9969699363047971,1572.9845529070235,0.992789693747801,1572.969274653817,1.0036085511823067
1572.9859418390915,0.9939907105930122,1572.9859418390915,0.9969928892062762,1572.9859418390915,0.9910016703983268,1572.9706635858847,0.9902533599933652
1572.987330771159,1.001384380560208,1572.987330771159,0.9969194721352415,1572.987330771159,0.9982995880725584,1572.972052517952,1.0070355754343725
1572.9887197032258,1.0101223029651243,1572.9887197032258,0.9969556509096689,1572.9887197032258,1.0070471380509691,1572.9734414500188,1.0038779970509792
1572.9901086352934,1.0110147743203493,1572.9901086352934,0.996944166871448,1572.9901086352934,1.0079252818795257,1572.9748303820866,1.005156650237398
1572.9914975678269,0.9981221159992102,1572.9914975678269,0.9968627041440269,1572.9914975678269,0.9949907116209308,1572.9762193141537,0.9904529381362188
1572.992886499895,0.9851459288130062,1572.992886499895,0.9969495291511511,1572.992886499895,0.9821407698753,1572.9776082462208,0.9956730905099792
1572.9942754319625,0.9948041880275372,1572.9942754319625,0.9968987430781832,1572.9942754319625,0.9917190446535644,1572.978997178754,0.990005194259493
1572.9956643640303,0.9960425466905625,1572.9956643640303,0.9969605897567497,1572.9956643640303,0.993015164771438,1572.9803861108217,0.9971205701993668
1572.9970532960972,0.9913440582690805,1572.9970532960972,0.996986455510674,1572.9970532960972,0.9883565988452576,1572.9817750428888,0.9928005183250406
1572.998442228164,0.9920125374262345,1572.998442228164,0.9969912761452484,1572.998442228164,0.9890278456406676,1572.983163974956,0.9919300624064554
1572.999831160232,0.9927033944421115,1572.999831160232,0.9970121518848195,1572.999831160232,0.9897373474760944,1572.9845529070235,0.992789693747801
1573.0012200922995,0.9925990245944852,1573.0012200922995,0.9969499365951042,1573.0012200922995,0.9895715346338344,1572.9859418390915,0.9910016703983268
1573.0026090243668,0.9952471947299902,1573.0026090243668,0.9969536411375829,1573.0026090243668,0.9922153146180288,1572.987330771159,0.9982995880725584
1573.003997956434,0.9861236263528057,1573.003997956434,0.9969611808232641,1573.003997956434,0.9831269749664124,1572.9887197032258,1.0070471380509691
1573.0053868885016,1.008822664048101,1573.0053868885016,0.9970759894450186,1573.0053868885016,1.00587285593032,1572.9901086352934,1.0079252818795257
1573.0067758205696,0.9854420101511141,1573.0067758205696,0.9972267384185902,1573.0067758205696,0.9827091216836548,1572.9914975678269,0.9949907116209308
1573.0081647526367,0.9967934127975353,1573.0081647526367,0.9971726289527364,1573.0081647526367,0.9939751079620884,1572.992886499895,0.9821407698753
1573.0095536847036,0.9930270731270624,1573.0095536847036,0.9971101293901468,1573.0095536847036,0.990157353373644,1572.9942754319625,0.9917190446535644
1573.0109426167714,0.9972757487100743,1573.0109426167714,0.9971008886776839,1573.0109426167714,0.9943845352955176,1572.9956643640303,0.993015164771438
1573.0123315488386,1.0046097042315425,1573.0123315488386,0.9971090160425425,1573.0123315488386,1.001705393693103,1572.9970532960972,0.9883565988452576
1573.0137204809057,0.9919959899084891,1573.0137204809057,0.997147343920332,1573.0137204809057,0.9891661665168704,1572.998442228164,0.9890278456406676
1573.015109413439,0.9813381603554222,1573.015109413439,0.9971431114172281,1573.015109413439,0.9785345865692644,1572.999831160232,0.9897373474760944
1573.0164983455063,0.99884786863599,1573.0164983455063,0.9972996221481062,1573.0164983455063,0.996150601974114,1573.0012200922995,0.9895715346338344
1573.0178872775737,1.0038464050598899,1573.0178872775737,0.9973625308922689,1573.0178872775737,1.0011987911776374,1573.0026090243668,0.9922153146180288
1573.0192762096408,0.9854515050799781,1573.0192762096408,0.9974241482160807,1573.0192762096408,0.982913128062652,1573.003997956434,0.9831269749664124
1573.0206651417086,1.0064293150251464,1573.0206651417086,0.9973777148397025,1573.0206651417086,1.0037901703674676,1573.0053868885016,1.00587285593032
1573.0220540737764,0.9965210842490361,1573.0220540737764,0.9972798547737558,1573.0220540737764,0.9938104021788644,1573.0067758205696,0.9827091216836548
1573.0234430058435,1.0010832213673078,1573.0234430058435,0.9971894590460176,1573.0234430058435,0.9982696359753104,1573.0081647526367,0.9939751079620884
1573.024831937911,0.9922014422859904,1573.024831937911,0.9971599903456692,1573.024831937911,0.9893835806108572,1573.0095536847036,0.990157353373644
1573.0262208699785,1.001434390161373,1573.0262208699785,0.9971894154604792,1573.0262208699785,0.998619774147041,1573.0109426167714,0.9943845352955176
1573.027609802046,0.9829207664669416,1573.027609802046,0.9972543927214728,1573.027609802046,0.9802220520563144,1573.0123315488386,1.001705393693103
1573.028998734113,1.0073806321979246,1573.028998734113,0.9972488823338672,1573.028998734113,1.004609209544165,1573.0137204809057,0.9891661665168704
1573.03038766618,1.00356870233401,1573.03038766618,0.997323574853556,1573.03038766618,1.0008827258228992,1573.015109413439,0.9785345865692644
1573.031776598248,0.9963146751494072,1573.031776598248,0.9972823818809491,1573.031776598248,0.9936070723359448,1573.0164983455063,0.996150601974114
1573.033165530315,0.9961571567905594,1573.033165530315,0.9973816716172774,1573.033165530315,0.9935488902332824,1573.0178872775737,1.0011987911776374
1573.034554462382,0.9894942730770785,1573.034554462382,0.9974948048501004,1573.034554462382,0.9870153968233124,1573.0192762096408,0.982913128062652
1573.03594339445,0.9968085854940684,1573.03594339445,0.9975271582573938,1573.03594339445,0.9943436356144704,1573.0206651417086,1.0037901703674676
1573.0373323265176,1.0042661075654864,1573.0373323265176,0.9975243893241317,1573.0373323265176,1.0017799356681845,1573.0220540737764,0.9938104021788644
1573.038721258119,1.0009519453158886,1573.038721258119,0.9976037478932493,1573.038721258119,0.9985534121081692,1573.0234430058435,0.9982696359753104
1573.0401101901862,1.011246671273217,1573.0401101901862,0.9975487736758419,1573.0401101901862,1.008767876812375,1573.024831937911,0.9893835806108572
1573.0414991222538,0.9925919561053544,1573.0414991222538,0.9976033028991563,1573.0414991222538,0.990213013841836,1573.0262208699785,0.998619774147041
1573.0428880543218,0.9938187825700533,1573.0428880543218,0.9975557420270775,1573.0428880543218,0.9913896330871164,1573.027609802046,0.9802220520563144
1573.0442769863894,1.0073367869822858,1573.0442769863894,0.997604342255339,1573.0442769863894,1.0049235528070697,1573.028998734113,1.004609209544165
1573.0456659184572,0.999599643027674,1573.0456659184572,0.9976189941998493,1573.0456659184572,0.9972195904797966,1573.03038766618,1.0008827258228992
1573.047054850525,0.9967566412247126,1573.047054850525,0.9976750914773415,1573.047054850525,0.9944392732145128,1573.031776598248,0.9936070723359448
1573.0484437825926,1.013018599938191,1573.0484437825926,0.9978062150496185,1573.0484437825926,1.0107962549791902,1573.033165530315,0.9935488902332824
1573.0498327146595,1.0080179613212685,1573.0498327146595,0.9977891000652853,1573.0498327146595,1.0057893344763922,1573.034554462382,0.9870153968233124
1573.0512216467268,0.9978349996049466,1573.0512216467268,0.9978227370625128,1573.0512216467268,0.9956624504425792,1573.03594339445,0.9943436356144704
1573.0526105787944,0.9998572982247608,1573.0526105787944,0.9977182551457022,1573.0526105787944,0.9975758789795044,1573.0373323265176,1.0017799356681845
1573.0539995108616,0.9827631571712155,1573.0539995108616,0.9977622193438858,1573.0539995108616,0.980563948788556,1573.038721258119,0.9985534121081692
1573.0553884429287,0.9958971807660147,1573.0553884429287,0.9977207131437409,1573.0553884429287,0.9936272454117092,1573.0401101901862,1.008767876812375
1573.0567773749965,0.9998141488286207,1573.0567773749965,0.99775596230851,1573.0567773749965,0.9975705281941644,1573.0414991222538,0.990213013841836
1573.0581663070643,0.9947615164472513,1573.0581663070643,0.9978119091007278,1573.0581663070643,0.9925848878261668,1573.0428880543218,0.9913896330871164
1573.0595552391314,0.9927545510804848,1573.0595552391314,0.9978282918215544,1573.0595552391314,0.9905985779027142,1573.0442769863894,1.0049235528070697
1573.060944170733,1.0150124554955093,1573.060944170733,0.9978347202845372,1573.060944170733,1.012814669614683,1573.0456659184572,0.9972195904797966
1573.0623331028005,1.0055509602221913,1573.0623331028005,0.997843353356851,1573.0623331028005,1.0033823421193129,1573.047054850525,0.9944392732145128
1573.0637220348683,0.9888517121661577,1573.0637220348683,0.9978652117761178,1573.0637220348683,0.9867407231758596,1573.0484437825926,1.0107962549791902
1573.0651109669352,1.007345067869272,1573.0651109669352,0.997968514837509,1573.0651109669352,1.0052986613103871,1573.0498327146595,1.0057893344763922
1573.0664998990023,0.9948858578916779,1573.0664998990023,0.9980155867854464,1573.0664998990023,0.9929115932483052,1573.0512216467268,0.9956624504425792
1573.0678888310704,0.9951691783299736,1573.0678888310704,0.9979416440221672,1573.0678888310704,0.9931207659028032,1573.0526105787944,0.9975758789795044
1573.0692777631373,0.9834723297743234,1573.0692777631373,0.9978547211371799,1573.0692777631373,0.98136250737309,1573.0539995108616,0.980563948788556
1573.0706666952042,1.0036934627447518,1573.0706666952042,0.9978750621099843,1573.0706666952042,1.0015606764758045,1573.0553884429287,0.9936272454117092
1573.0720556272722,1.0000785683813758,1573.0720556272722,0.9979553016613756,1573.0720556272722,0.9980337093941124,1573.0567773749965,0.9975705281941644
1573.0734445593398,0.9970748237644375,1573.0734445593398,0.9979430827822053,1573.0734445593398,0.9950239233920068,1573.0581663070643,0.9925848878261668
1573.0748334909413,0.9887158545175039,1573.0748334909413,0.9978936541151969,1573.0748334909413,0.9866332769461014,1573.0595552391314,0.9905985779027142
1573.0762224230084,1.0094694934738806,1573.0762224230084,0.9979221198698855,1573.0762224230084,1.0073719368714344,1573.060944170733,1.012814669614683
1573.077611355076,1.0086227174389175,1573.077611355076,0.9979128740703822,1573.077611355076,1.0065175948121492,1573.0623331028005,1.0033823421193129
1573.079000287144,1.0039500835982176,1573.079000287144,0.9979635474284383,1573.079000287144,1.0019055868687543,1573.0637220348683,0.9867407231758596
1573.080389219211,1.0005001013646064,1573.080389219211,0.9979762136765568,1573.080389219211,0.9984753029428612,1573.0651109669352,1.0052986613103871
1573.0817781512778,0.998253039363953,1573.0817781512778,0.9979694182848341,1573.0817781512778,0.9962260049951118,1573.0664998990023,0.9929115932483052
1573.083167083346,0.9979491214055147,1573.083167083346,0.9979749931690672,1573.083167083346,0.9959282676177452,1573.0678888310704,0.9931207659028032
1573.0845560149478,0.9961656365499245,1573.0845560149478,0.9979321755880491,1573.0845560149478,0.99410574092832,1573.0692777631373,0.98136250737309
1573.085944947015,0.9819494731980023,1573.085944947015,0.998074156134534,1573.085944947015,0.9800583918288464,1573.0706666952042,1.0015606764758045
1573.087333879082,0.9978955179985591,1573.087333879082,0.997933377882892,1573.087333879082,0.9958332450505004,1573.0720556272722,0.9980337093941124
1573.0887228111496,0.9981847927348647,1573.0887228111496,0.997990083312892,1573.0887228111496,0.9961785244631294,1573.0734445593398,0.9950239233920068
1573.0901117432168,0.9867573290613791,1573.0901117432168,0.997936858431459,1573.0901117432168,0.98472150899773,1573.0748334909413,0.9866332769461014
1573.091500675284,1.0047506736559306,1573.091500675284,0.9979209728172633,1573.091500675284,1.002661769693527,1573.0762224230084,1.0073719368714344
1573.092889606886,1.0021234214751313,1573.092889606886,0.9979650667841251,1573.092889606886,1.0000841672383654,1573.077611355076,1.0065175948121492
1573.094278538954,1.0021743870209334,1573.094278538954,0.9978551547793432,1573.094278538954,1.000024878076667,1573.079000287144,1.0019055868687543
1573.0956674710214,1.0091239740180482,1573.0956674710214,0.9979207320780571,1573.0956674710214,1.007025734909609,1573.080389219211,0.9984753029428612
1573.0970564030897,0.9977450891159839,1573.0970564030897,0.9978844223854716,1573.0970564030897,0.9956342819404445,1573.0817781512778,0.9962260049951118
1573.098445335157,0.9977916945798327,1573.098445335157,0.9978604958890424,1573.098445335157,0.9956569151473998,1573.083167083346,0.9959282676177452
1573.0998342672249,1.0036051946843065,1573.0998342672249,0.9977591849672666,1573.0998342672249,1.0013563010771285,1573.0845560149478,0.99410574092832
1573.101223198826,1.001654179613446,1573.101223198826,0.9978996749746338,1573.101223198826,0.9995503802732412,1573.085944947015,0.9800583918288464
1573.1026121308932,0.9951651594378257,1573.1026121308932,0.9978694721585947,1573.1026121308932,0.9930449323588468,1573.087333879082,0.9958332450505004
1573.1040010629613,1.0058454538338004,1573.1040010629613,0.9978735635624858,1573.1040010629613,1.0037065874102602,1573.0887228111496,0.9961785244631294
1573.1053899950282,1.004457666787466,1573.1053899950282,0.9979564974696604,1573.1053899950282,1.0024050550037669,1573.0901117432168,0.98472150899773
1573.106778927095,0.988163149560289,1573.106778927095,0.9980232791555996,1573.106778927095,0.9862098268648848,1573.091500675284,1.002661769693527
1573.1081678586977,1.0092974165590247,1573.1081678586977,0.9981068822042969,1573.1081678586977,1.0073866976585797,1573.092889606886,1.0000841672383654
1573.109556790765,1.0029617372815667,1573.109556790765,0.9981646266375948,1573.109556790765,1.0011209280254485,1573.094278538954,1.000024878076667
1573.1109457228322,0.9979013503867906,1573.1109457228322,0.9982125961983492,1573.1109457228322,0.9961176977194368,1573.0956674710214,1.007025734909609
1573.112334654899,1.0067558872939768,1573.112334654899,0.9982817383591767,1573.112334654899,1.0050260172711665,1573.0970564030897,0.9956342819404445
1573.1137235865012,1.001297878698423,1573.1137235865012,0.9981679751864836,1573.1137235865012,0.9994634761389262,1573.098445335157,0.9956569151473998
1573.1151125185693,0.9930667344548152,1573.1151125185693,0.9980267328834063,1573.1151125185693,0.9911071485231324,1573.0998342672249,1.0013563010771285
1573.1165014506362,1.0143996219170794,1573.1165014506362,0.9981333645871986,1573.1165014506362,1.0125061076600768,1573.101223198826,0.9995503802732412
1573.117890382703,0.9948662350975606,1573.117890382703,0.9981393776762953,1573.117890382703,0.993015164771438,1573.1026121308932,0.9930449323588468
1573.1192793147711,1.016495925639662,1573.1192793147711,0.998179542239778,1573.1192793147711,1.0146454377435972,1573.1040010629613,1.0037065874102602
1573.120668246373,1.0090847870767647,1573.120668246373,0.9982507024989167,1573.120668246373,1.0073195975803502,1573.1053899950282,1.0024050550037669
1573.1220571784402,1.0129864072391244,1573.1220571784402,0.9983527262174111,1573.1220571784402,1.0113177412883605,1573.106778927095,0.9862098268648848
1573.1234461105073,0.9963979879655708,1573.1234461105073,0.9983735718674109,1573.1234461105073,0.9947774182466884,1573.1081678586977,1.0073866976585797
1573.124835042575,0.993620692373372,1573.124835042575,0.9983873395826538,1573.124835042575,0.9920183196129254,1573.109556790765,1.0011209280254485
1573.1262239741764,1.0035687782516307,1573.1262239741764,0.998382987032643,1573.1262239741764,1.0019459945235634,1573.1109457228322,0.9961176977194368
1573.1276129062437,0.9971734376071361,1573.1276129062437,0.9984461196425257,1573.1276129062437,0.9956239493894432,1573.112334654899,1.0050260172711665
1573.1290018383113,1.0030968907827884,1573.1290018383113,0.9984807298593852,1573.1290018383113,1.0015729156284785,1573.1137235865012,0.9994634761389262
1573.1303907699134,1.0112131336855676,1573.1303907699134,0.998414136506539,1573.1303907699134,1.0096094876927475,1573.1151125185693,0.9911071485231324
1573.1317797019806,1.000297464678071,1573.1317797019806,0.9985399118744823,1573.1317797019806,0.998836942227909,1573.1165014506362,1.0125061076600768
1573.1331686340477,0.9965710189072711,1573.1331686340477,0.9985050378412249,1573.1331686340477,0.9950811829454728,1573.117890382703,0.993015164771438
1573.1345575661153,0.9994658657802529,1573.1345575661153,0.9985784624287555,1573.1345575661153,0.9980450875008698,1573.1192793147711,1.0146454377435972
1573.1359464977174,0.9914259247561843,1573.1359464977174,0.9986855319227492,1573.1359464977174,0.9901227270271334,1573.120668246373,1.0073195975803502
1573.1373354297843,1.00408126458169,1573.1373354297843,0.9985825997006905,1573.1373354297843,1.0026580794967408,1573.1220571784402,1.0113177412883605
1573.1387243618517,0.987001817864214,1573.1387243618517,0.998643801234792,1573.1387243618517,0.9856632472175686,1573.1234461105073,0.9947774182466884
1573.140113293454,1.0068001168223415,1573.140113293454,0.9986647651210201,1573.140113293454,1.0054558021901994,1573.124835042575,0.9920183196129254
1573.1415022255208,1.0025505308033864,1573.1415022255208,0.9986247066591816,1573.1415022255208,1.0011717297345386,1573.1262239741764,1.0019459945235634
1573.1428911575877,1.0139740490060083,1573.1428911575877,0.998605362753101,1573.1428911575877,1.0125599230298754,1573.1276129062437,0.9956239493894432
1573.1442800896557,0.9979276318288036,1573.1442800896557,0.9987408630065756,1573.1442800896557,0.9966711042308076,1573.1290018383113,1.0015729156284785
1573.1456690212576,0.9933540240310695,1573.1456690212576,0.9987111443331395,1573.1456690212576,0.9920737340679984,1573.1303907699134,1.0096094876927475
1573.1470579533254,0.9963461699028199,1573.1470579533254,0.9987659915779675,1573.1470579533254,0.9951166703379,1573.1317797019806,0.998836942227909
1573.1484468853932,1.001175878519443,1573.1484468853932,0.9987819786519792,1573.1484468853932,0.9999564249262828,1573.1331686340477,0.9950811829454728
1573.1498358169952,1.0030095605421618,1573.1498358169952,0.9988172943624803,1573.1498358169952,1.0018232954804225,1573.1345575661153,0.9980450875008698
1573.1512247490632,1.0075302535035242,1573.1512247490632,0.9987454246744455,1573.1512247490632,1.006266230907729,1573.1359464977174,0.9901227270271334
1573.1526136811303,1.0143208477921863,1573.1526136811303,0.9988573712492214,1573.1526136811303,1.0131618556289848,1573.1373354297843,1.0026580794967408
1573.1540026127316,1.0066692856634392,1573.1540026127316,0.9988212548481619,1573.1540026127316,1.005482679123459,1573.1387243618517,0.9856632472175686
1573.1553915447994,0.9967142290079527,1573.1553915447994,0.9988639809429434,1573.1553915447994,0.9955819426493602,1573.140113293454,1.0054558021901994
1573.156780476867,1.0034821842538473,1573.156780476867,0.9988495671464165,1573.156780476867,1.002327745381096,1573.1415022255208,1.0011717297345386
1573.1581694084684,1.0083840130444084,1573.1581694084684,0.9988793560300893,1573.1581694084684,1.0072539735808357,1573.1428911575877,1.0125599230298754
1573.1595583405356,0.9949259395273419,1573.1595583405356,0.9989519029235434,1573.1595583405356,0.9938831605588324,1573.1442800896557,0.9966711042308076
1573.1609472726032,1.000939881443638,1573.1609472726032,0.9990052392871055,1573.1609472726032,0.9999441857736088,1573.1456690212576,0.9920737340679984
1573.1623362042046,1.002958137250132,1573.1623362042046,0.9989520870708872,1573.1623362042046,1.0019071244507487,1573.1470579533254,0.9951166703379
1573.1637251362718,0.9883167377935155,1573.1637251362718,0.9989172614432731,1573.1637251362718,0.9872466491552478,1573.1484468853932,0.9999564249262828
1573.1651140683396,1.0039120155675532,1573.1651140683396,0.9988419267004224,1573.1651140683396,1.0027494118671991,1573.1498358169952,1.0018232954804225
1573.1665029999417,0.9964628737818089,1573.1665029999417,0.9989488614795944,1573.1665029999417,0.9954154532710228,1573.1512247490632,1.006266230907729
1573.1678919320088,0.9972662661813546,1573.1678919320088,0.9990515535480634,1573.1678919320088,0.9963204125295588,1573.1526136811303,1.0131618556289848
1573.1692808636103,0.9962564982725337,1573.1692808636103,0.998936884594066,1573.1692808636103,0.9951973626409584,1573.1540026127316,1.005482679123459
1573.170669795678,1.0029262302975692,1573.170669795678,0.9989714188527032,1573.170669795678,1.0018946392849557,1573.1553915447994,0.9955819426493602
1573.1720587277457,1.005580772543298,1573.1720587277457,0.9989938290670144,1573.1720587277457,1.0045689863991956,1573.156780476867,1.002327745381096
1573.173447659347,1.0143983435960344,1573.173447659347,0.9989788387619326,1573.173447659347,1.0133624793275944,1573.1581694084684,1.0072539735808357
1573.174836591414,1.0112969564103997,1573.174836591414,0.9989060950724582,1573.174836591414,1.0101906936865743,1573.1595583405356,0.9938831605588324
1573.176225523482,0.9931741082197888,1573.176225523482,0.9990095987011278,1573.176225523482,0.9921904672930018,1573.1609472726032,0.9999441857736088
1573.177614455084,1.014375208709507,1573.177614455084,0.998963606435467,1573.177614455084,1.0133239167711787,1573.1623362042046,1.0019071244507487
1573.1790033871512,0.9934268641565601,1573.1790033871512,0.9989285852552967,1573.1790033871512,0.9923624919665184,1573.1637251362718,0.9872466491552478
1573.1803923187526,1.0065615374879828,1573.1803923187526,0.999053617592489,1573.1803923187526,1.0056089453568269,1573.1651140683396,1.0027494118671991
1573.1817812508202,1.001303667086766,1573.1817812508202,0.9990025357839625,1573.1817812508202,1.00030490250946,1573.1665029999417,0.9954154532710228
1573.1831701824217,1.0074201731156138,1573.1831701824217,0.9990954615658588,1573.1831701824217,1.0065089228497015,1573.1678919320088,0.9963204125295588
1573.1845591144888,0.9993103932879293,1573.1845591144888,0.9991000796397311,1573.1845591144888,0.9984110935187812,1573.1692808636103,0.9951973626409584
1573.1859480465564,1.017058265650577,1573.1859480465564,0.9989790023354317,1573.1859480465564,1.016019851536618,1573.170669795678,1.0018946392849557
1573.1873369781588,1.014489891206775,1573.1873369781588,0.9989104551841044,1573.1873369781588,1.013384559005032,1573.1720587277457,1.0045689863991956
1573.1887259102257,1.0080658276707897,1573.1887259102257,0.9989469974346882,1573.1887259102257,1.007004331768249,1573.173447659347,1.0133624793275944
1573.190114841827,1.013663177395536,1573.190114841827,0.998880429834318,1573.190114841827,1.0125283103440736,1573.174836591414,1.0101906936865743
1573.191503773895,0.9973061980407971,1573.191503773895,0.9989728234187791,1573.191503773895,0.9962817884698631,1573.176225523482,0.9921904672930018
1573.1928927059623,0.9974644519783085,1573.1928927059623,0.9989943146015812,1573.1928927059623,0.996461316543512,1573.177614455084,1.0133239167711787
1573.194281637564,0.9955531652402624,1573.194281637564,0.9989659537445429,1573.194281637564,0.9945237172176372,1573.1790033871512,0.9923624919665184
1573.1956705696311,1.0073408190586242,1573.1956705696311,0.9988889167292415,1573.1956705696311,1.006221579526616,1573.1803923187526,1.0056089453568269
1573.197059501233,1.0057996783648584,1573.197059501233,0.9989179024415236,1573.197059501233,1.0047113049885834,1573.1817812508202,1.00030490250946
1573.1984484333002,0.9972147840759428,1573.1984484333002,0.9989446255789639,1573.1984484333002,0.99616234910055,1573.1831701824217,1.0065089228497015
1573.1998373649026,0.9993943739771594,1573.1998373649026,0.9989730452952896,1573.1998373649026,0.9983680412229424,1573.1845591144888,0.9984110935187812
1573.2012262969708,0.989695377046481,1573.2012262969708,0.998967198048335,1573.2012262969708,0.9886732177295136,1573.1859480465564,1.016019851536618
1573.202615228573,1.004620997646247,1573.202615228573,0.9988367107622732,1573.202615228573,1.0034523328516909,1573.1873369781588,1.013384559005032
1573.20400416064,1.0087045257639276,1573.20400416064,0.9987581138975032,1573.20400416064,1.0074518296318558,1573.1887259102257,1.007004331768249
1573.2053930922416,0.9894929581089805,1573.2053930922416,0.9988190664021742,1573.2053930922416,0.9883244326299376,1573.190114841827,1.0125283103440736
1573.2067820243092,0.9973031758141065,1573.2067820243092,0.9988726158084673,1573.2067820243092,0.9961788319795284,1573.191503773895,0.9962817884698631
1573.208170955911,1.0008022341636975,1573.208170955911,0.9989008180053642,1573.208170955911,0.9997021703677136,1573.1928927059623,0.996461316543512
1573.2095598879782,1.011758018684387,1573.2095598879782,0.998894828086358,1573.2095598879782,1.010639852138735,1573.194281637564,0.9945237172176372
1573.2109488200454,0.9873315869506513,1573.2109488200454,0.9989012844023607,1573.2109488200454,0.9862467903360266,1573.1956705696311,1.006221579526616
1573.2123377516475,1.007888464254879,1573.2123377516475,0.998893528055656,1573.2123377516475,1.006773263946153,1573.197059501233,1.0047113049885834
1573.213726683715,0.9945137130976676,1573.213726683715,0.9988550257062334,1573.213726683715,0.9933750204613724,1573.1984484333002,0.99616234910055
1573.2151156153168,0.9984041745220906,1573.2151156153168,0.998844877753598,1573.2151156153168,0.9972508956491996,1573.1998373649026,0.9983680412229424
1573.216504547384,0.9983523236652256,1573.216504547384,0.9987912251960895,1573.216504547384,0.9971455405309536,1573.2012262969708,0.9886732177295136
1573.2178934789858,0.9923915349042853,1573.2178934789858,0.9988514692736437,1573.2178934789858,0.9912517427338718,1573.202615228573,1.0034523328516909
1573.219282411053,0.9992259714110546,1573.219282411053,0.9989238227259236,1573.219282411053,0.9981506271289552,1573.20400416064,1.0074518296318558
1573.2206713426544,1.0027735782394278,1573.2206713426544,0.9988052343029395,1573.2206713426544,1.0015754987662289,1573.2053930922416,0.9883244326299376
1573.2220602742564,1.0023320580451551,1573.2220602742564,0.9987946944834288,1573.2220602742564,1.0011239416861573,1573.2067820243092,0.9961788319795284
1573.2234492063244,0.996064990049497,1573.2234492063244,0.9988304018534282,1573.2234492063244,0.99489999428327,1573.208170955911,0.9997021703677136
1573.2248381379256,1.0122327535301994,1573.2248381379256,0.9988297952129486,1573.2248381379256,1.011048233916408,1573.2095598879782,1.010639852138735
1573.2262270699923,0.9934647064053135,1573.2262270699923,0.9987839295359264,1573.2262270699923,0.9922565833187544,1573.2109488200454,0.9862467903360266
1573.227616001595,0.9919901202625957,1573.227616001595,0.9987778272372406,1573.227616001595,0.9907777369566844,1573.2123377516475,1.006773263946153
1573.2290049336625,1.0127635173986214,1573.2290049336625,0.9987246900528218,1573.2290049336625,1.0114719300107438,1573.213726683715,0.9933750204613724
1573.230393865264,1.0005090452720324,1573.230393865264,0.9986528280183519,1573.230393865264,0.9991611875188564,1573.2151156153168,0.9972508956491996
1573.231782797331,1.0025433809809974,1573.231782797331,0.9986567355184628,1573.231782797331,1.0011967000661253,1573.216504547384,0.9971455405309536
1573.233171728933,1.0001815675666246,1573.233171728933,0.9985786306295901,1573.233171728933,0.9987599401216368,1573.2178934789858,0.9912517427338718
1573.2345606610002,0.9982737130507282,1573.2345606610002,0.998630646347539,1573.2345606610002,0.9969067232956064,1573.219282411053,0.9981506271289552
1573.2359495926016,1.0080632453963736,1573.2359495926016,0.9986220475349403,1573.2359495926016,1.0066741821624436,1573.2206713426544,1.0015754987662289
1573.2373385246694,0.9810779146019319,1573.2373385246694,0.998622666513991,1573.2373385246694,0.9797266431377668,1573.2220602742564,1.0011239416861573
1573.2387274562716,0.9916288431180209,1573.2387274562716,0.9986524136074535,1573.2387274562716,0.9902925375825784,1573.2234492063244,0.99489999428327
1573.240116387873,1.0103406921694134,1573.240116387873,0.9987038220574774,1573.240116387873,1.0090311108497905,1573.2248381379256,1.011048233916408
1573.2415053199402,0.9932253948943682,1573.2415053199402,0.9986868534874521,1573.2415053199402,0.9919211444308887,1573.2262270699923,0.9922565833187544
1573.242894251542,0.9977077097239498,1573.242894251542,0.9987971615343103,1573.242894251542,0.9965076285131788,1573.227616001595,0.9907777369566844
1573.2442831836097,1.0015528790093722,1573.2442831836097,0.9988121117527543,1573.2442831836097,1.000363146115402,1573.2290049336625,1.0114719300107438
1573.2456721152112,1.0022777024567668,1573.2456721152112,0.9987262568842339,1573.2456721152112,1.0010010581331767,1573.230393865264,0.9991611875188564
1573.2470610472783,0.982582747017301,1573.2470610472783,0.9986551015202295,1573.2470610472783,0.9812612729745886,1573.231782797331,1.0011967000661253
1573.248449978881,0.9935156453124828,1573.248449978881,0.9987481347848585,1573.248449978881,0.9922718976354172,1573.233171728933,0.9987599401216368
1573.2498389104826,0.9885473439256011,1573.2498389104826,0.9987409770641225,1573.2498389104826,0.987302740146398,1573.2345606610002,0.9969067232956064
1573.2512278425495,1.000800295830283,1573.2512278425495,0.9986687354535319,1573.2512278425495,0.9994679658783494,1573.2359495926016,1.0066741821624436
1573.2526167741516,0.9964146793111751,1573.2526167741516,0.9987052212494937,1573.2526167741516,0.9951245427577105,1573.2373385246694,0.9797266431377668
1573.25400570622,0.9771290464097854,1573.25400570622,0.9986134379607919,1573.25400570622,0.975774196366626,1573.2387274562716,0.9902925375825784
1573.2553946378216,1.0091182029734849,1573.2553946378216,0.9984704568958321,1573.2553946378216,1.0075747131848365,1573.240116387873,1.0090311108497905
1573.256783569423,0.9883556014460251,1573.256783569423,0.9984303150777182,1573.256783569423,0.9868041945605824,1573.2415053199402,0.9919211444308887
1573.258172501491,1.000661751754777,1573.258172501491,0.9984706802067278,1573.258172501491,0.9991314199314478,1573.242894251542,0.9965076285131788
1573.259561433093,1.0077119991150802,1573.259561433093,0.9984153391374236,1573.259561433093,1.006115117349334,1573.2442831836097,1.000363146115402
1573.26095036516,0.9925718210857206,1573.26095036516,0.9984086182423849,1573.26095036516,0.990992260396522,1573.2456721152112,1.0010010581331767
1573.2623392967612,0.9989642484282953,1573.2623392967612,0.99833326247279,1573.2623392967612,0.9972992372270988,1573.2470610472783,0.9812612729745886
1573.2637282283636,0.999157872631488,1573.2637282283636,0.9983809710171329,1573.2637282283636,0.9975402070772378,1573.248449978881,0.9922718976354172
1573.2651171604311,0.9928359439661879,1573.2651171604311,0.9982697565799301,1573.2651171604311,0.9911180961069316,1573.2498389104826,0.987302740146398
1573.2665060920326,1.0009994714421506,1573.2665060920326,0.9982032430027447,1573.2665060920326,0.999200918637588,1573.2512278425495,0.9994679658783494
1573.267895023634,1.011449979838492,1573.267895023634,0.9980760588172036,1573.267895023634,1.0095040095679422,1573.2526167741516,0.9951245427577105
1573.2692839557017,1.0021790731217726,1573.2692839557017,0.9981815162550248,1573.2692839557017,1.0003566267677464,1573.25400570622,0.975774196366626
1573.2706728873031,1.0013780581645828,1573.2706728873031,0.9982963847801862,1573.2706728873031,0.999672095263906,1573.2553946378216,1.0075747131848365
1573.2720618189046,1.0014076500804674,1573.2720618189046,0.99831958044021,1573.2720618189046,0.9997248650779488,1573.256783569423,0.9868041945605824
1573.2734507509724,0.9967369057411045,1573.2734507509724,0.9983395971928579,1573.2734507509724,0.9950819209848298,1573.258172501491,0.9991314199314478
1573.2748396825746,0.9877694884471393,1573.2748396825746,0.9982565854035089,1573.2748396825746,0.986047396703012,1573.259561433093,1.006115117349334
1573.276228614176,1.0120028058970445,1573.276228614176,0.9981391257110055,1573.276228614176,1.0101195958951603,1573.26095036516,0.990992260396522
1573.2776175462432,1.0025175732878167,1573.2776175462432,0.9980231892997138,1573.2776175462432,1.0005357858217163,1573.2623392967612,0.9972992372270988
1573.279006477845,1.0082166682664468,1573.279006477845,0.9980333100517312,1573.279006477845,1.0062338186792903,1573.2637282283636,0.9975402070772378
1573.280395409447,0.9933625547580596,1573.280395409447,0.9980372373358237,1573.280395409447,0.9914128198235896,1573.2651171604311,0.9911180961069316
1573.281784341514,0.9989581120606892,1573.281784341514,0.9979821807956913,1573.281784341514,0.9969423951978732,1573.2665060920326,0.999200918637588
1573.2831732731156,1.0010526247394036,1573.2831732731156,0.9978910929518464,1573.2831732731156,0.998941497803518,1573.267895023634,1.0095040095679422
1573.284562204718,1.001980026589696,1573.284562204718,0.997948417316092,1573.284562204718,0.9999243817175228,1573.2692839557017,1.0003566267677464
1573.2859511367856,0.9984679134657156,1573.2859511367856,0.9979377812826248,1573.2859511367856,0.996408854245868,1573.2706728873031,0.999672095263906
1573.287340068387,0.9970117389921482,1573.287340068387,0.9978431861085734,1573.287340068387,0.9948613702235746,1573.2720618189046,0.9997248650779488
1573.2887289999885,1.0005851071140408,1573.2887289999885,0.9979362392408746,1573.2887289999885,0.9985201388338136,1573.2734507509724,0.9950819209848298
1573.290117932056,1.0052583641722095,1573.290117932056,0.9978420774517736,1573.290117932056,1.003089094481369,1573.2748396825746,0.986047396703012
1573.2915068636576,1.0055142920719138,1573.2915068636576,0.9978994983861609,1573.2915068636576,1.0034022076786784,1573.276228614176,1.0101195958951603
1573.292895795259,0.9868549825581393,1573.292895795259,0.9979810761744828,1573.292895795259,0.9848625975215224,1573.2776175462432,1.0005357858217163
1573.2942847273266,1.002636779816009,1573.2942847273266,0.9979840912670273,1573.2942847273266,1.0006155555755782,1573.279006477845,1.0062338186792903
1573.295673658929,0.99880671768807,1573.295673658929,0.9980120208217069,1573.295673658929,0.9968211107301668,1573.280395409447,0.9914128198235896
1573.2970625905302,1.0161170429030082,1573.2970625905302,0.9979077818173283,1573.2970625905302,1.013991104350124,1573.281784341514,0.9969423951978732
1573.2984515221317,1.0001089435867023,1573.2984515221317,0.9978667546048725,1573.2984515221317,0.9979754657881702,1573.2831732731156,0.998941497803518
1573.2998404541995,1.0137919098647592,1573.2998404541995,0.9978067676547616,1573.2998404541995,1.0115684286567028,1573.284562204718,0.9999243817175228
1573.3012293858014,0.9942113493305075,1573.3012293858014,0.9978888495882217,1573.3012293858014,0.9921124196309736,1573.2859511367856,0.996408854245868
1573.302618317403,0.9873867123574506,1573.302618317403,0.9978850828494417,1573.302618317403,0.9852984712652524,1573.287340068387,0.9948613702235746
1573.3040072490044,1.0101282007612493,1573.3040072490044,0.9979441083319219,1573.3040072490044,1.0080514866096135,1573.2887289999885,0.9985201388338136
1573.305396181072,0.9881493297922699,1573.305396181072,0.9978982531399904,1573.305396181072,0.9860724900411584,1573.290117932056,1.003089094481369
1573.3067851126748,1.0045062958640072,1573.3067851126748,0.9978302430314658,1573.3067851126748,1.0023267613286198,1573.2915068636576,1.0034022076786784
1573.3081740442772,0.9938427449283518,1573.3081740442772,0.9978325716960895,1573.3081740442772,0.991688662033358,1573.292895795259,0.9848625975215224
1573.3095629758784,0.9953272190877464,1573.3095629758784,0.997840407549744,1573.3095629758784,0.9931777179398702,1573.2942847273266,1.0006155555755782
1573.3109519079462,0.9989935991544633,1573.3109519079462,0.9977583399987928,1573.3109519079462,0.9967541951617768,1573.295673658929,0.9968211107301668
1573.3123408395477,0.998138166231515,1573.3123408395477,0.9977332342377055,1573.3123408395477,0.995875620810262,1573.2970625905302,1.013991104350124
1573.3137297711492,1.0010712704458407,1573.3137297711492,0.9976126874449153,1573.3137297711492,0.9986814004333706,1573.2984515221317,0.9979754657881702
1573.315118702751,1.0194760036114774,1573.315118702751,0.9975064735982876,1573.315118702751,1.01693391328056,1573.2998404541995,1.0115684286567028
1573.316507634819,1.0012136014945627,1573.316507634819,0.9975756042810835,1573.316507634819,0.9987862635253784,1573.3012293858014,0.9921124196309736
1573.31789656642,0.9973679087764682,1573.31789656642,0.9976548853287354,1573.31789656642,0.995028966660948,1573.302618317403,0.9852984712652524
1573.3192854980216,0.987513944683106,1573.3192854980216,0.9976872579093649,1573.3192854980216,0.9852300796181482,1573.3040072490044,1.0080514866096135
1573.320674429624,1.0031637315184636,1573.320674429624,0.997678734626319,1573.320674429624,1.0008351222843572,1573.305396181072,0.9860724900411584
1573.322063361226,0.999768006058286,1573.322063361226,0.9976885123335679,1573.322063361226,0.9974570546429888,1573.3067851126748,1.0023267613286198
1573.323452293293,0.9852109566984008,1573.323452293293,0.9977166209438556,1573.323452293293,0.9829613466339916,1573.3081740442772,0.991688662033358
1573.3248412248945,1.013703528274017,1573.3248412248945,0.9976471321416427,1573.3248412248945,1.0113184178244377,1573.3095629758784,0.9931777179398702
1573.3262301564964,0.9879194995208234,1573.3262301564964,0.9977871910999857,1573.3262301564964,0.985733422459786,1573.3109519079462,0.9967541951617768
1573.327619088098,0.9912794250995818,1573.327619088098,0.9976829481025552,1573.327619088098,0.9889825792267568,1573.3123408395477,0.995875620810262
1573.3290080196994,1.0059045080506246,1573.3290080196994,0.9976643874248156,1573.3290080196994,1.003555104832187,1573.3137297711492,0.9986814004333706
1573.330396951767,1.0032839136034064,1573.330396951767,0.9977290304337654,1573.330396951767,1.0010054863693203,1573.315118702751,1.01693391328056
1573.331785883369,1.0007442124727364,1573.331785883369,0.9978127954852656,1573.331785883369,0.9985553802131216,1573.316507634819,0.9987862635253784
1573.3331748149706,0.9956201705197814,1573.3331748149706,0.9977257616453921,1573.3331748149706,0.993355892941364,1573.31789656642,0.995028966660948
1573.3345637465718,1.0000872691072116,1573.3345637465718,0.9976042606024595,1573.3345637465718,0.9976913206356328,1573.3192854980216,0.9852300796181482
1573.3359526781742,0.9972815826983898,1573.3359526781742,0.9977372351101469,1573.3359526781742,0.9950249689477628,1573.320674429624,1.0008351222843572
1573.3373416102418,0.9917903604715015,1573.3373416102418,0.9976017614709434,1573.3373416102418,0.9894118106162718,1573.322063361226,0.9974570546429888
1573.3387305418432,0.9917429532087116,1573.3387305418432,0.9976881463705437,1573.3387305418432,0.9894501886628484,1573.323452293293,0.9829613466339916
1573.3401194734447,0.9994391434716834,1573.3401194734447,0.9977592632136129,1573.3401194734447,0.9971996634171512,1573.3248412248945,1.0113184178244377
1573.3415084050466,1.0159235836692002,1573.3415084050466,0.9977044866708188,1573.3415084050466,1.013591517541458,1573.3262301564964,0.985733422459786
1573.342897336649,1.012322926912951,1573.342897336649,0.9978046560287869,1573.342897336649,1.0101005298784318,1573.327619088098,0.9889825792267568
1573.3442862682505,0.9971978151980042,1573.3442862682505,0.997875322898072,1573.3442862682505,0.9950790918339604,1573.3290080196994,1.003555104832187
1573.3456751998517,0.9952624499282551,1573.3456751998517,0.9977975103835762,1573.3456751998517,0.9930703947166716,1573.330396951767,1.0010054863693203
1573.3470641319195,1.0012886930071832,1573.3470641319195,0.9978055777290494,1573.3470641319195,0.9990914427995972,1573.331785883369,0.9985553802131216
1573.348453063521,1.003393162770087,1573.348453063521,0.9979090375197118,1573.348453063521,1.001295105313757,1573.3331748149706,0.993355892941364
1573.3498419951225,0.99723552891849,1573.3498419951225,0.9978529417516955,1573.3498419951225,0.9950944061506232,1573.3345637465718,0.9976913206356328
1573.3512309267244,0.9941746630304664,1573.3512309267244,0.9979534497281654,1573.3512309267244,0.9921400346035903,1573.3359526781742,0.9950249689477628
1573.3526198583263,1.0015088191762274,1573.3526198583263,0.9979870312330257,1573.3526198583263,0.9994928132033764,1573.3373416102418,0.9894118106162718
1573.3540087899278,0.993035980864528,1573.3540087899278,0.9978964252868077,1573.3540087899278,0.9909470554858912,1573.3387305418432,0.9894501886628484
1573.3553977215292,0.9921392182294648,1573.3553977215292,0.9979602171225973,1573.3553977215292,0.9901154696401206,1573.3401194734447,0.9971996634171512
1573.356786653597,0.9789527754287841,1573.356786653597,0.9978602575983776,1573.356786653597,0.9768580686660132,1573.3415084050466,1.013591517541458
1573.3581755851992,1.0082275477812748,1573.3581755851992,0.99787229412172,1573.3581755851992,1.0060823361012168,1573.342897336649,1.0101005298784318
1573.359564516801,0.9972531494738216,1573.359564516801,0.9979328767869121,1573.359564516801,0.9951917043392192,1573.3442862682505,0.9950790918339604
1573.3609534484026,1.0073411435571376,1573.3609534484026,0.9977965640471607,1573.3609534484026,1.0051215318646494,1573.3456751998517,0.9930703947166716
1573.3623423800054,1.0047549675549492,1573.3623423800054,0.9978035267334011,1573.3623423800054,1.0025480501292323,1573.3470641319195,0.9990914427995972
1573.363731311607,1.0011649029762877,1573.363731311607,0.997861193208121,1573.363731311607,0.999023604682011,1573.348453063521,1.001295105313757
1573.3651202432084,1.0065132473764784,1573.3651202432084,0.9977608387301804,1573.3651202432084,1.0042595018953926,1573.3498419951225,0.9950944061506232
1573.3665091748103,1.009676724498054,1573.3665091748103,0.9977534842356957,1573.3665091748103,1.007408469819618,1573.3512309267244,0.9921400346035903
1573.367898106413,1.0100558066729832,1573.367898106413,0.9977012542460696,1573.367898106413,1.0077339451761609,1573.3526198583263,0.9994928132033764
1573.369287038014,0.9993480612465127,1573.369287038014,0.9976230439352334,1573.369287038014,0.99697265481152,1573.3540087899278,0.9909470554858912
1573.3706759696151,1.0014167352064152,1573.3706759696151,0.9976509126815107,1573.3706759696151,0.9990643198532188,1573.3553977215292,0.9901154696401206
1573.3720649016832,1.0074384607015765,1573.3720649016832,0.9976774069567963,1573.3720649016832,1.005098591141295,1573.356786653597,0.9768580686660132
1573.373453833285,0.9928235626480876,1573.373453833285,0.9977187901699033,1573.373453833285,0.9905587237774232,1573.3581755851992,1.0060823361012168
1573.3748427648866,0.9959938818981657,1573.3748427648866,0.997775812728166,1573.3748427648866,0.9937786049832232,1573.359564516801,0.9951917043392192
1573.376231696488,1.0016344317852248,1573.376231696488,0.9977893591863546,1573.376231696488,0.999420177829968,1573.3609534484026,1.0051215318646494
1573.37762062809,0.9910192577213361,1573.37762062809,0.997871323019537,1573.37762062809,0.9889096978402292,1573.3623423800054,1.0025480501292323
1573.3790095596923,0.9890613519727032,1573.3790095596923,0.9978656894115848,1573.3790095596923,0.9869503878565956,1573.363731311607,0.999023604682011
1573.3803984912938,0.9968434534209358,1573.3803984912938,0.9978630715908932,1573.3803984912938,0.9947132703258884,1573.3651202432084,1.0042595018953926
1573.381787422895,1.001263326585937,1573.381787422895,0.9979234864742965,1573.381787422895,0.9991841897454904,1573.3665091748103,1.007408469819618
1573.3831763544972,0.9923049593638671,1573.3831763544972,0.9978638169803704,1573.3831763544972,0.9901852143593798,1573.367898106413,1.0077339451761609
1573.384565286099,0.9897679996060593,1573.384565286099,0.9977478693327815,1573.384565286099,0.987538912740715,1573.369287038014,0.99697265481152
1573.3859542177,0.9977104255567336,1573.3859542177,0.9977567205895894,1573.3859542177,0.9954722823015302,1573.3706759696151,0.9990643198532188
1573.387343149302,0.9982342996130956,1573.387343149302,0.9978175492461928,1573.387343149302,0.9960557024134288,1573.3720649016832,1.005098591141295
1573.388732080904,0.995100745993423,1573.388732080904,0.997796299064177,1573.388732080904,0.9929078415482392,1573.373453833285,0.9905587237774232
1573.3901210125057,0.9974441397543875,1573.3901210125057,0.997783290692923,1573.3901210125057,0.9952330960465046,1573.3748427648866,0.9937786049832232
1573.391509944107,0.9944456054252273,1573.391509944107,0.9977807538704521,1573.391509944107,0.9922386858643414,1573.376231696488,0.999420177829968
1573.392898875709,1.009806472671493,1573.392898875709,0.9977592779432333,1573.392898875709,1.007543777035112,1573.37762062809,0.9889096978402292
1573.3942878073112,1.00748025046711,1573.3942878073112,0.9977865037650634,1573.3942878073112,1.0052501967259282,1573.3790095596923,0.9869503878565956
1573.3956767389127,0.9998488711808092,1573.3956767389127,0.9977079644090127,1573.3956767389127,0.9975571819824542,1573.3803984912938,0.9947132703258884
1573.3970656705142,1.0044746222243617,1573.3970656705142,0.9976420164221651,1573.3970656705142,1.0021060875608048,1573.381787422895,0.9991841897454904
1573.398454602116,0.9932759294834707,1573.398454602116,0.9976865679753556,1573.398454602116,0.9909780531388952,1573.3831763544972,0.9901852143593798
1573.3998435337176,0.981972948544125,1573.3998435337176,0.9976882182151813,1573.3998435337176,0.979702841368496,1573.384565286099,0.987538912740715
1573.401232465319,0.9951582078907147,1573.401232465319,0.9976807758833524,1573.401232465319,0.9928502129750948,1573.3859542177,0.9954722823015302
1573.402621396921,1.0112306506354183,1573.402621396921,0.9976794669682103,1573.402621396921,1.0088840565078605,1573.387343149302,0.9960557024134288
1573.404010328523,0.9983408053489518,1573.404010328523,0.9976463519571955,1573.404010328523,0.9959910624663904,1573.388732080904,0.9929078415482392
1573.4053992601246,0.9978063354934238,1573.4053992601246,0.9976887376596809,1573.4053992601246,0.995500143287266,1573.3901210125057,0.9952330960465046
1573.4067881917258,0.9996897710350864,1573.4067881917258,0.9977000235398747,1573.4067881917258,0.9973905080942777,1573.391509944107,0.9922386858643414
1573.4081771233282,1.0022788114339705,1573.4081771233282,0.997635459798298,1573.4081771233282,0.9999088828910208,1573.392898875709,1.007543777035112
1573.40956605493,1.001193229530664,1573.40956605493,0.997680921726596,1573.40956605493,0.9988713840645802,1573.3942878073112,1.0052501967259282
1573.4109549865316,0.9885203962112514,1573.4109549865316,0.9976279430528842,1573.4109549865316,0.9861755695380529,1573.3956767389127,0.9975571819824542
1573.412343918133,1.0040785109194725,1573.412343918133,0.9976494467228695,1573.412343918133,1.0017183708851345,1573.3970656705142,1.0021060875608048
1573.413732849735,0.9978338523128137,1573.413732849735,0.9976683130733826,1573.413732849735,0.9955072161644396,1573.398454602116,0.9909780531388952
1573.4151217813371,1.0035634660537502,1573.4151217813371,0.997655672195991,1573.4151217813371,1.001210784317193,1573.3998435337176,0.979702841368496
1573.4165107129393,1.0062032169545063,1573.4165107129393,0.9975746906766579,1573.4165107129393,1.0037628629112498,1573.401232465319,0.9928502129750948
1573.4178996445414,0.9831016510753315,1573.4178996445414,0.997706205446318,1573.4178996445414,0.9808466178623793,1573.402621396921,1.0088840565078605
1573.4192885761436,1.0167319673547621,1573.4192885761436,0.9977506064757998,1573.4192885761436,1.014444937051547,1573.404010328523,0.9959910624663904
1573.420677507745,0.9964918534098169,1573.420677507745,0.9977143609471678,1573.420677507745,0.9942142327138344,1573.4053992601246,0.995500143287266
1573.4220664393465,1.0040201410669816,1573.4220664393465,0.9976548876864287,1573.4220664393465,1.0016656010710918,1573.4067881917258,0.9973905080942777
1573.4234553704828,1.0220902888561874,1573.4234553704828,0.9975807015357622,1573.4234553704828,1.0196175473900453,1573.4081771233282,0.9999088828910208
1573.4248443020847,1.0047982037555605,1573.4248443020847,0.9974890045889439,1573.4248443020847,1.0022751600768929,1573.40956605493,0.9988713840645802
1573.4262332336862,1.0061035136737364,1573.4262332336862,0.9974838618440272,1573.4262332336862,1.0035720182341237,1573.4109549865316,0.9861755695380529
1573.4276221652876,1.000491265875723,1573.4276221652876,0.9976097952734402,1573.4276221652876,0.998099886923145,1573.412343918133,1.0017183708851345
1573.4290110968898,1.0029039242184654,1573.4290110968898,0.9975449523607798,1573.4290110968898,1.0004417473069482,1573.413732849735,0.9955072161644396
1573.430400028492,0.9975388695908355,1573.430400028492,0.9976020973061936,1573.430400028492,0.995146868448267,1573.4151217813371,1.001210784317193
1573.4317889600934,1.0108725090972202,1573.4317889600934,0.9976102665250245,1573.4317889600934,1.008456793223298,1573.4165107129393,1.0037628629112498
1573.4331778916949,1.0014028439954477,1573.4331778916949,0.99773261776547,1573.4331778916949,0.9991322809773646,1573.4178996445414,0.9808466178623793
1573.4345668232968,0.9938371313508311,1573.4345668232968,0.9978016958879692,1573.4345668232968,0.9916523750982936,1573.4192885761436,1.014444937051547
1573.435955754899,1.0027953103828566,1573.435955754899,0.9977437073132455,1573.435955754899,1.000532710657728,1573.420677507745,0.9942142327138344
1573.4373446860343,0.9946657009396478,1573.4373446860343,0.9977552380506504,1573.4373446860343,0.9924329132218552,1573.4220664393465,1.0016656010710918
1573.438733617636,0.9942343336126385,1573.438733617636,0.997775341585065,1573.438733617636,0.9920225018359498,1573.4234553704828,1.0196175473900453
1573.4401225492384,1.005671765028265,1573.4401225492384,0.9977149881852596,1573.4401225492384,1.0033737931634246,1573.4248443020847,1.0022751600768929
1573.4415114808396,1.0126292675917172,1573.4415114808396,0.9976603498621004,1573.4415114808396,1.0102600693861552,1573.4262332336862,1.0035720182341237
1573.4429004124408,0.9999969845769916,1573.4429004124408,0.9976529987774341,1573.4429004124408,0.9976499904316272,1573.4276221652876,0.998099886923145
1573.4442893440432,1.0065928450539017,1573.4442893440432,0.9977941809893828,1573.4442893440432,1.0043724834203305,1573.4290110968898,1.0004417473069482
1573.4456782756452,1.0110756140313977,1573.4456782756452,0.9977292216749719,1573.4456782756452,1.0087796854420907,1573.430400028492,0.995146868448267
1573.4470672072466,1.0010950568193233,1573.4470672072466,0.997708231097246,1573.4470672072466,0.9988007782994042,1573.4317889600934,1.008456793223298
1573.4484561383824,0.9922127770069129,1573.4484561383824,0.9978422841937115,1573.4484561383824,0.9900718638147636,1573.4331778916949,0.9991322809773646
1573.4498450699843,1.010385917577695,1573.4498450699843,0.9977143395478516,1573.4498450699843,1.00807651844448,1573.4345668232968,0.9916523750982936
1573.4512340015867,0.9945882912512196,1573.4512340015867,0.9977157731885314,1573.4512340015867,0.9923164260099708,1573.435955754899,1.000532710657728
1573.452622933188,1.0054556761633315,1573.452622933188,0.9977895798391213,1573.452622933188,1.0032331966658703,1573.4373446860343,0.9924329132218552
1573.4540118647892,0.9996735162798959,1573.4540118647892,0.9977972109557972,1573.4540118647892,0.9974714464104548,1573.438733617636,0.9920225018359498
1573.4554007963916,1.0079185631856182,1573.4554007963916,0.9978305064988386,1573.4554007963916,1.0057318904130872,1573.4401225492384,1.0033737931634246
1573.456789727993,0.9906537747984618,1573.456789727993,0.9978949672320173,1573.456789727993,0.9885684161407854,1573.4415114808396,1.0102600693861552
1573.4581786591289,0.9932723824658656,1573.4581786591289,0.9979876556491852,1573.4581786591289,0.99127357639819,1573.4429004124408,0.9976499904316272
1573.4595675907308,1.0080185368631847,1573.4595675907308,0.9979571121467706,1573.4595675907308,1.0059592680383969,1573.4442893440432,1.0043724834203305
1573.4609565223327,0.9889236423760047,1573.4609565223327,0.9980452556750745,1573.4609565223327,0.9869905494982856,1573.4456782756452,1.0087796854420907
1573.4623454539342,1.00462808505941,1573.4623454539342,0.9981425927222931,1573.4623454539342,1.002762081542832,1573.4470672072466,0.9988007782994042
1573.4637343855356,1.0140808819342597,1573.4637343855356,0.9981947303672523,1573.4637343855356,1.0122501925129537,1573.4484561383824,0.9900718638147636
1573.465123316672,0.9917065432076091,1573.465123316672,0.9981652871396116,1573.465123316672,0.9898870464590548,1573.4498450699843,1.00807651844448
1573.4665122482745,1.0180431981460283,1573.4665122482745,0.9980781831774297,1573.4665122482745,1.016086705601728,1573.4512340015867,0.9923164260099708
1573.4679011798758,1.0145400521066337,1573.4679011798758,0.9979627726900063,1573.4679011798758,1.0124732034053996,1573.452622933188,1.0032331966658703
1573.4692901114772,0.9949843099064006,1573.4692901114772,0.99804027602347,1573.4692901114772,0.993034415298006,1573.4540118647892,0.9974714464104548
1573.4706790430791,1.0039897431010705,1573.4706790430791,0.9981030018797755,1573.4706790430791,1.002085176445683,1573.4554007963916,1.0057318904130872
1573.4720679742163,1.0116985475873796,1573.4720679742163,0.9980755262296205,1573.4720679742163,1.0097515602690166,1573.456789727993,0.9885684161407854
1573.4734569058182,1.0016940696169274,1573.4734569058182,0.9981108134709538,1573.4734569058182,0.9998016826743816,1573.4581786591289,0.99127357639819
1573.4748458374197,1.0061893442133982,1573.4748458374197,0.9981743884758497,1573.4748458374197,1.0043524333511251,1573.4595675907308,1.0059592680383969
1573.476234769022,0.9969535736925904,1573.476234769022,0.9982779665025515,1573.476234769022,0.9952367862432908,1573.4609565223327,0.9869905494982856
1573.477623700623,0.9979953190168631,1573.477623700623,0.9982204146197841,1573.477623700623,0.9962193011376168,1573.4623454539342,1.002762081542832
1573.479012631759,1.0121083269032243,1573.479012631759,0.998342726901852,1573.479012631759,1.010430987000636,1573.4637343855356,1.0122501925129537
1573.4804015633613,0.9861646839638524,1573.4804015633613,0.9983464861504598,1573.4804015633613,0.9845340470009908,1573.465123316672,0.9898870464590548
1573.4817904949632,1.0017049964852365,1573.4817904949632,0.9983404855056639,1573.4817904949632,1.0000426525245203,1573.4665122482745,1.016086705601728
1573.483179426565,1.0053104033273172,1573.483179426565,0.9983330160991857,1573.483179426565,1.0036345670696494,1573.4679011798758,1.0124732034053996
1573.4845683577005,0.9904607867831471,1573.4845683577005,0.9984232919385831,1573.4845683577005,0.9888991192761089,1573.4692901114772,0.993034415298006
1573.4859572893024,0.9943997866033236,1573.4859572893024,0.9983261025590072,1573.4859572893024,0.9927352633452046,1573.4706790430791,1.002085176445683
1573.4873462209048,0.9992536532418279,1573.4873462209048,0.9983595639599718,1573.4873462209048,0.9976144415359202,1573.4720679742163,1.0097515602690166
1573.488735152506,0.9974746734474649,1573.488735152506,0.9982848029675665,1573.488735152506,0.9957638078476402,1573.4734569058182,0.9998016826743816
1573.4901240836416,0.9925740872753992,1573.4901240836416,0.9981708777558491,1573.4901240836416,0.990758547933396,1573.4748458374197,1.0043524333511251
1573.491513015244,0.9895450452351594,1573.491513015244,0.9980376218582113,1573.491513015244,0.9876031836680746,1573.476234769022,0.9952367862432908
1573.4929019468454,0.9933730883193351,1573.4929019468454,0.9980259732673644,1573.4929019468454,0.991412143287512,1573.477623700623,0.9962193011376168
1573.4942908779813,1.006352585464799,1573.4942908779813,0.9981006628207918,1573.4942908779813,1.0044411825838333,1573.479012631759,1.010430987000636
1573.4956798095832,0.9961441610271976,1573.4956798095832,0.9980209259820636,1573.4956798095832,0.9941727179999896,1573.4804015633613,0.9845340470009908
1573.497068741185,0.9995089603911654,1573.497068741185,0.9979786528728427,1573.497068741185,0.9974886058255108,1573.4817904949632,1.0000426525245203
1573.4984576727866,0.9992837293083945,1573.4984576727866,0.9980484288956313,1573.4984576727866,0.9973335560572104,1573.483179426565,1.0036345670696494
1573.4998466039224,1.0027956002014287,1573.4998466039224,0.9981626219479799,1573.4998466039224,1.0009530855749562,1573.4845683577005,0.9888991192761089
1573.5012355355243,1.0048802538270059,1573.5012355355243,0.9981171027885825,1573.5012355355243,1.0029881675992665,1573.4859572893024,0.9927352633452046
1573.502624467127,0.99811127273165,1573.502624467127,0.998207414681691,1573.502624467127,0.9963220731181126,1573.4873462209048,0.9976144415359202
1573.5040133982625,1.008385931292082,1573.5040133982625,0.9983373734186656,1573.5040133982625,1.0067093620384722,1573.488735152506,0.9957638078476402
1573.505402329864,1.000033620103345,1573.505402329864,0.9984434572624775,1573.505402329864,0.9984770250346948,1573.4901240836416,0.990758547933396
1573.506791261466,0.9911480457721658,1573.506791261466,0.9983814233157696,1573.506791261466,0.9895437966546584,1573.491513015244,0.9876031836680746
1573.508180193068,0.9936954712658814,1573.508180193068,0.998413341572541,1573.508180193068,0.9921188159720696,1573.4929019468454,0.991412143287512
1573.5095691242036,0.9938861164939503,1573.5095691242036,0.9984703445142313,1573.5095691242036,0.992365813143626,1573.4942908779813,1.0044411825838333
1573.510958055805,1.004377681711956,1573.510958055805,0.9985707382869055,1573.510958055805,1.0029421631459985,1573.4956798095832,0.9941727179999896
1573.5123469874077,0.9966652578373454,1573.5123469874077,0.9985229354478696,1573.5123469874077,0.995193118914654,1573.497068741185,0.9974886058255108
1573.513735918543,0.9894691393539143,1573.513735918543,0.9986453239349335,1573.513735918543,0.9881287291937096,1573.4984576727866,0.9973335560572104
1573.5151248501445,1.0002265038761504,1573.5151248501445,0.998697575986881,1573.5151248501445,0.9989237848589442,1573.4998466039224,1.0009530855749562
1573.5165137817469,1.0047826284193746,1573.5165137817469,0.9987728103099206,1573.5165137817469,1.0035495695370074,1573.5012355355243,1.0029881675992665
1573.517902712883,1.00509134121675,1573.517902712883,0.9986895104474507,1573.517902712883,1.0037741795147277,1573.502624467127,0.9963220731181126
1573.5192916444844,0.9901803445280103,1573.5192916444844,0.9987097955820119,1573.5192916444844,0.9889028094728952,1573.5040133982625,1.0067093620384722
1573.5206805756202,0.993570905418321,1573.5206805756202,0.9986627503316499,1573.5206805756202,0.992242253054568,1573.505402329864,0.9984770250346948
1573.522069507222,1.0006603346232363,1573.522069507222,0.9986606003192496,1573.522069507222,0.9993200504905024,1573.506791261466,0.9895437966546584
1573.5234584388245,0.9886957690632299,1573.5234584388245,0.9986537480461917,1573.5234584388245,0.9873647354524064,1573.508180193068,0.9921188159720696
1573.52484736996,1.0074746148328004,1573.52484736996,0.9986697575959858,1573.52484736996,1.0061344293791818,1573.5095691242036,0.992365813143626
1573.5262363015613,1.001604343149668,1573.5262363015613,0.9987798879641294,1573.5262363015613,1.0003822736354109,1573.510958055805,1.0029421631459985
1573.5276252331637,1.0029592067951723,1573.5276252331637,0.998663545126358,1573.5276252331637,1.0016187970751869,1573.5123469874077,0.995193118914654
1573.5290141643,0.9983410022834514,1573.5290141643,0.9986842075503946,1573.5290141643,0.9970273927305152,1573.513735918543,0.9881287291937096
1573.5304030959023,0.9994959920177524,1573.5304030959023,0.998760349488172,1573.5304030959023,0.9982569662996776,1573.5151248501445,0.9989237848589442
1573.5317920275045,0.9916876977441145,1573.5317920275045,0.9987735583254167,1573.5317920275045,0.9904714506234296,1573.5165137817469,1.0035495695370074
1573.5331809586403,1.0071251508282466,1573.5331809586403,0.9986921378569474,1573.5331809586403,1.0058079699701623,1573.517902712883,1.0037741795147277
1573.534569890242,0.9836386347555499,1573.534569890242,0.9987231362854849,1573.534569890242,0.9823826622746354,1573.5192916444844,0.9889028094728952
1573.5359588213778,0.99846896536327,1573.5359588213778,0.9987652175007298,1573.5359588213778,0.997236073358775,1573.5206805756202,0.992242253054568
1573.53734775298,1.0019134877932185,1573.53734775298,0.998736283084892,1573.53734775298,1.0006473527712194,1573.522069507222,0.9993200504905024
1573.538736684582,1.0026112638033597,1573.538736684582,0.9988307508996322,1573.538736684582,1.0014389614851391,1573.5234584388245,0.9873647354524064
1573.540125615718,0.995725037725342,1573.540125615718,0.9988686309203614,1573.540125615718,0.9945985052058376,1573.52484736996,1.0061344293791818
1573.5415145473194,1.006616427639656,1573.5415145473194,0.9987642751934995,1573.5415145473194,1.005372526749391,1573.5262363015613,1.0003822736354109
1573.5429034784556,1.0083333891021324,1573.5429034784556,0.9987634159836549,1573.5429034784556,1.0070865001500218,1573.5276252331637,1.0016187970751869
1573.5442924100578,0.9937574031413771,1573.5442924100578,0.9987335974591481,1573.5442924100578,0.9924989062410484,1573.5290141643,0.9970273927305152
1573.5456813411934,0.9992763946212162,1573.5456813411934,0.9988137774726406,1573.5456813411934,0.998091030450858,1573.5304030959023,0.9982569662996776
1573.5470702727948,0.986519504362416,1573.5470702727948,0.9988182041510033,1573.5470702727948,0.9853536397072062,1573.5317920275045,0.9904714506234296
1573.5484592043972,0.9966012366817601,1573.5484592043972,0.9988378817971602,1573.5484592043972,0.9954430682436396,1573.5331809586403,1.0058079699701623
1573.5498481355328,0.9813408758496233,1573.5498481355328,0.9987922791546265,1573.5498481355328,0.9801556900174426,1573.534569890242,0.9823826622746354
1573.551237067134,1.0162716213479184,1573.551237067134,0.9987928608063781,1573.551237067134,1.0150448400424237,1573.5359588213778,0.997236073358775
1573.5526259982707,0.9997205790508283,1573.5526259982707,0.9988747098776289,1573.5526259982707,0.9985956033580914,1573.53734775298,1.0006473527712194
1573.554014929873,0.9976353479008101,1573.554014929873,0.9988948220925359,1573.554014929873,0.9965327833546048,1573.538736684582,1.0014389614851391
1573.5554038610085,1.0042365243346505,1573.5554038610085,0.9988537973685527,1573.5554038610085,1.0030854657878627,1573.540125615718,0.9945985052058376
1573.55679279261,1.012730310581638,1573.55679279261,0.9987819118907989,1573.55679279261,1.011496715832491,1573.5415145473194,1.005372526749391
1573.5581817237462,1.0022971155097538,1573.5581817237462,0.9987056857471723,1573.5581817237462,1.0009998280675814,1573.5429034784556,1.0070865001500218
1573.5595706553486,0.9858937626393277,1573.5595706553486,0.9986898253545563,1573.5595706553486,0.9846020696284166,1573.5442924100578,0.9924989062410484
1573.5609595869498,0.9984779795862676,1573.5609595869498,0.99864815949094,1573.5609595869498,0.9971281966060584,1573.5456813411934,0.998091030450858
1573.5623485180854,1.002267286548356,1573.5623485180854,0.9986552057664422,1573.5623485180854,1.000919443280922,1573.5470702727948,0.9853536397072062
1573.5637374496878,0.9971431993888438,1573.5637374496878,0.9986367023551768,1573.5637374496878,0.9957837964135654,1573.5484592043972,0.9954430682436396
1573.565126380824,0.9942302440397651,1573.565126380824,0.9985519558928346,1573.565126380824,0.9927905547937178,1573.5498481355328,0.9801556900174426
1573.5665153124255,0.9957048340236773,1573.5665153124255,0.9984638691772175,1573.5665153124255,0.99417530113774,1573.551237067134,1.0150448400424237
1573.567904243561,1.0097157820095242,1573.567904243561,0.9984439389159476,1573.567904243561,1.0081446025751857,1573.5526259982707,0.9985956033580914
1573.5692931751632,0.9954744081282471,1573.5692931751632,0.9983907063503653,1573.5692931751632,0.9938723974848724,1573.554014929873,0.9965327833546048
1573.570682106299,0.9968716584576769,1573.570682106299,0.9982881211228751,1573.570682106299,0.9951651349223588,1573.5554038610085,1.0030854657878627
1573.5720710379003,1.0088699746538887,1573.5720710379003,0.9982554325150989,1573.5720710379003,1.0071099328996145,1573.55679279261,1.011496715832491
1573.573459969037,0.9922965039168659,1573.573459969037,0.9982802771517345,1573.573459969037,0.990590028946826,1573.5581817237462,1.0009998280675814
1573.5748489006392,0.9892670377849243,1573.5748489006392,0.9982429298503834,1573.5748489006392,0.9875288262028328,1573.5595706553486,0.9846020696284166
1573.576237831775,1.0004628108906775,1573.576237831775,0.998357178708243,1573.576237831775,0.9988192292833352,1573.5609595869498,0.9971281966060584
1573.5776267633764,1.0065010780774393,1573.5776267633764,0.9983279894823062,1573.5776267633764,1.0048181976888235,1573.5623485180854,1.000919443280922
1573.5790156945127,1.0071292093366728,1573.5790156945127,0.99837153728277,1573.5790156945127,1.0054891369678347,1573.5637374496878,0.9957837964135654
1573.5804046261146,1.010952815853232,1573.5804046261146,0.9982992077480622,1573.5804046261146,1.009233395136954,1573.565126380824,0.9927905547937178
1573.5817935572504,1.0060451174604048,1573.5817935572504,0.9984258769643999,1573.5817935572504,1.0044614786661574,1573.5665153124255,0.99417530113774
1573.583182488852,0.9954790243248133,1573.583182488852,0.9985433751448157,1573.583182488852,0.9940289848351672,1573.567904243561,1.0081446025751857
1573.5845714199886,1.0157471824564392,1573.5845714199886,0.9985531268431657,1573.5845714199886,1.0142775251240128,1573.5692931751632,0.9938723974848724
1573.5859603511249,1.0030035097162242,1573.5859603511249,0.998667078848972,1573.5859603511249,1.0016665851235682,1573.570682106299,0.9951651349223588
1573.5873492827268,0.9985974563386202,1573.5873492827268,0.9987032833638877,1573.5873492827268,0.9973025584042065,1573.5720710379003,1.0071099328996145
1573.5887382138635,0.9950521062405536,1573.5887382138635,0.9986879019086718,1573.5887382138635,0.9937465002711834,1573.573459969037,0.990590028946826
1573.5901271454654,0.996866586923458,1573.5901271454654,0.9987701763091681,1573.5901271454654,0.9956406167782608,1573.5748489006392,0.9875288262028328
1573.5915160766012,0.9939368187271728,1573.5915160766012,0.9987753359213835,1573.5915160766012,0.9927195800088632,1573.576237831775,0.9988192292833352
1573.5929050082027,1.0053650324710848,1573.5929050082027,0.9987440054925318,1573.5929050082027,1.0041022995123006,1573.5776267633764,1.0048181976888235
1573.594293939339,1.0013783644371388,1573.594293939339,0.9988390200733773,1573.594293939339,1.0002157842570731,1573.5790156945127,1.0054891369678347
1573.5956828709411,0.997343406805392,1573.5956828709411,0.9988241214068585,1573.5956828709411,0.9961706520433188,1573.5804046261146,1.009233395136954
1573.597071802077,1.0079594416609508,1573.597071802077,0.99874179154677,1573.597071802077,1.00669121857094,1573.5817935572504,1.0044614786661574
1573.5984607332125,1.0036227841734024,1573.5984607332125,0.9987009339777918,1573.5984607332125,1.0023190119153689,1573.583182488852,0.9940289848351672
1573.5998496648149,1.006498507285133,1573.5998496648149,0.9986292264173199,1573.5998496648149,1.0051188257203394,1573.5845714199886,1.0142775251240128
1573.6012385959511,0.9938924206678283,1573.6012385959511,0.9986522539871651,1573.6012385959511,0.9925529061206864,1573.5859603511249,1.0016665851235682
1573.6026275275526,1.0092437156850749,1573.6026275275526,0.998641172485775,1573.6026275275526,1.0078723275556434,1573.5873492827268,0.9973025584042065
1573.6040164586884,0.9923593327422258,1573.6040164586884,0.9985265237386672,1573.6040164586884,0.990897114822718,1573.5887382138635,0.9937465002711834
1573.605405389825,0.9961489880973263,1573.605405389825,0.9985357024780215,1573.605405389825,0.994690329602534,1573.5901271454654,0.9956406167782608
1573.6067943214262,1.006168426212792,1573.6067943214262,0.9985911159817924,1573.6067943214262,1.0047508515974757,1573.5915160766012,0.9927195800088632
1573.608183252562,1.0160083208171633,1573.608183252562,0.9985683341032745,1573.608183252562,1.01455373635346,1573.5929050082027,1.0041022995123006
1573.609572184164,0.9948608401717494,1573.609572184164,0.9986999428505465,1573.609572184164,0.9935674642237728,1573.594293939339,1.0002157842570731
1573.6109611153006,1.0091304112457093,1573.6109611153006,0.9988069323940182,1573.6109611153006,1.007926450441841,1573.5956828709411,0.9961706520433188
1573.6123500464364,0.9877639675457396,1573.6123500464364,0.9987902357584809,1573.6123500464364,0.9865690060187418,1573.597071802077,1.00669121857094
1573.613738978038,0.9923999198550577,1573.613738978038,0.9987776469374157,1573.613738978038,0.9911868567737144,1573.5984607332125,1.0023190119153689
1573.615127909174,0.9882264611498275,1573.615127909174,0.9989085636700769,1573.615127909174,0.9871478748879372,1573.5998496648149,1.0051188257203394
1573.616516840776,1.006089947606644,1573.616516840776,0.9989165901829224,1573.616516840776,1.004999939880544,1573.6012385959511,0.9925529061206864
1573.617905771912,1.0073550043956614,1573.617905771912,0.9990476340683178,1573.617905771912,1.0063956338083653,1573.6026275275526,1.0078723275556434
1573.6192947030477,0.9849719663311478,1573.6192947030477,0.9989437831826024,1573.6192947030477,0.9839316223756436,1573.6040164586884,0.990897114822718
1573.62068363465,1.0005849898447954,1573.62068363465,0.9990213773678203,1573.62068363465,0.999605794728314,1573.605405389825,0.994690329602534
1573.6220725657856,1.0004117446365177,1573.6220725657856,0.9990385966335388,1573.6220725657856,0.9994499454173768,1573.6067943214262,1.0047508515974757
1573.6234614969212,1.0083993476245825,1573.6234614969212,0.9990419549700295,1573.6234614969212,1.0074332556413652,1573.608183252562,1.01455373635346
1573.6248504285236,0.9959910818279842,1573.6248504285236,0.9990396933438982,1573.6248504285236,0.9950346249626868,1573.609572184164,0.9935674642237728
1573.6262393596598,1.0015368141450427,1573.6262393596598,0.9989307471936926,1573.6262393596598,1.000465918095898,1573.6109611153006,1.007926450441841
1573.6276282907957,1.0160101297773922,1573.6276282907957,0.9990087579486704,1573.6276282907957,1.01500301781218,1573.6123500464364,0.9865690060187418
1573.6290172223971,1.0115100165802928,1573.6290172223971,0.9989784864978392,1573.6290172223971,1.010476745440785,1573.613738978038,0.9911868567737144
1573.6304061535334,0.9922146402708885,1573.6304061535334,0.9990205591883647,1573.6304061535334,0.9912428247583052,1573.615127909174,0.9871478748879372
1573.63179508467,0.996030231880843,1573.63179508467,0.9990233336597377,1573.63179508467,0.9950574426794814,1573.616516840776,1.004999939880544
1573.6331840162711,0.9982112341740569,1573.6331840162711,0.9991255549615743,1573.6331840162711,0.9973383533130326,1573.617905771912,1.0063956338083653
1573.634572947407,1.0104680779477633,1573.634572947407,0.9992495770799107,1573.634572947407,1.0097097995420528,1573.6192947030477,0.9839316223756436
1573.6359618785436,0.988692441219079,1573.6359618785436,0.9992202665431891,1573.6359618785436,0.9879215246441644,1573.62068363465,0.999605794728314
1573.6373508101456,1.0087156019309778,1573.6373508101456,0.9993179047732804,1573.6373508101456,1.008027561833783,1573.6220725657856,0.9994499454173768
1573.6387397412814,1.0017217990338112,1573.6387397412814,0.999452165530463,1573.6387397412814,1.0011730213034138,1573.6234614969212,1.0074332556413652
1573.6401286724172,1.0021792418827307,1573.6401286724172,0.9994705994782145,1573.6401286724172,1.0016486876691553,1573.6248504285236,0.9950346249626868
1573.6415176035534,0.9968894192451299,1573.6415176035534,0.999471417328707,1573.6415176035534,0.9963624807729216,1573.6262393596598,1.000465918095898
1573.642906535155,1.011377623182048,1573.642906535155,0.9994912131440988,1573.642906535155,1.0108630475410203,1573.6276282907957,1.01500301781218
1573.6442954662916,0.9917605925585947,1573.6442954662916,0.9995086277066664,1573.6442954662916,0.9912732688817912,1573.6290172223971,1.010476745440785
1573.6456843974286,1.0022007535289588,1573.6456843974286,0.9996409221313642,1573.6456843974286,1.0018408854184364,1573.6304061535334,0.9912428247583052
1573.6470733290307,0.9898456312910047,1573.6470733290307,0.9996385889816062,1573.6470733290307,0.9894878901733472,1573.63179508467,0.9950574426794814
1573.6484622601663,0.9944746625265595,1573.6484622601663,0.9997697878667907,1573.6484622601663,0.9942457223930766,1573.6331840162711,0.9973383533130326
1573.6498511913023,1.0105904004493222,1573.6498511913023,0.9996549338449451,1573.6498511913023,1.0102416799055038,1573.634572947407,1.0097097995420528
1573.6512401224386,0.9916424639256943,1573.6512401224386,0.999652812149418,1573.6512401224386,0.9912981777100982,1573.6359618785436,0.9879215246441644
1573.6526290540403,0.9987358620367199,1573.6526290540403,0.999633006825093,1573.6526290540403,0.9983693327918176,1573.6373508101456,1.008027561833783
1573.6540179851763,1.0059434445068414,1573.6540179851763,0.9996422875428588,1573.6540179851763,1.0055836060055616,1573.6387397412814,1.0011730213034138
1573.655406916312,0.9993258510919302,1573.655406916312,0.9996352663861859,1573.655406916312,0.9989613633628835,1573.6401286724172,1.0016486876691553
1573.6567958474488,0.9863984898306921,1573.6567958474488,0.9997575450885579,1573.6567958474488,0.9861593326721936,1573.6415176035534,0.9963624807729216
1573.65818477905,1.0027173334890385,1573.65818477905,0.9997337728598428,1573.65818477905,1.0024503829209577,1573.642906535155,1.0108630475410203
1573.6595737101857,0.9954917935727453,1573.6595737101857,0.9998399703270676,1573.6595737101857,0.995332485346613,1573.6442954662916,0.9912732688817912
1573.6609626413224,0.9977956275021453,1573.6609626413224,0.9999055098766606,1573.6609626413224,0.9977013456702352,1573.6456843974286,1.0018408854184364
1573.6623515724586,1.0103248287664772,1573.6623515724586,0.9998767321511729,1573.6623515724586,1.0102002881982186,1573.6470733290307,0.9894878901733472
1573.66374050406,1.01800998174981,1573.66374050406,0.9998766856095176,1573.66374050406,1.0178844464694057,1573.6484622601663,0.9942457223930766
1573.665129435196,0.9825764500796685,1573.665129435196,0.9999157578170722,1573.665129435196,0.9824936756946204,1573.6498511913023,1.0102416799055038
1573.6665183663322,0.9904514375450648,1573.6665183663322,0.999823547321916,1573.6665183663322,0.9902766697363978,1573.6512401224386,0.9912981777100982
1573.667907297469,1.0039370852822829,1573.667907297469,0.9997881108016752,1573.667907297469,1.0037243618581138,1573.6526290540403,0.9983693327918176
1573.6692962286045,1.0047373236156731,1573.6692962286045,0.999791872078353,1573.6692962286045,1.004528209724708,1573.6540179851763,1.0055836060055616
1573.6706851602055,1.0023329495436033,1573.6706851602055,0.9998798190672558,1573.6706851602055,1.002212488234807,1573.655406916312,0.9989613633628835
1573.6720740913424,1.007240472766533,1573.6720740913424,0.9999205907892799,1573.6720740913424,1.0071604885955852,1573.6567958474488,0.9861593326721936
1573.6734630224787,0.9966151090343752,1573.6734630224787,1.0000129868596972,1573.6734630224787,0.9966280519349684,1573.65818477905,1.0024503829209577
1573.6748519536145,1.0035694442182368,1573.6748519536145,1.0000822960317723,1573.6748519536145,1.003652034001104,1573.6595737101857,0.995332485346613
1573.6762408847503,1.0120275342853662,1573.6762408847503,1.0000377557825875,1573.6762408847503,1.0120657441769232,1573.6609626413224,0.9977013456702352
1573.6776298163522,1.0027847715133313,1573.6776298163522,1.0001015713181218,1573.6776298163522,1.0028866256843665,1573.6623515724586,1.0102002881982186
1573.679018747488,0.9859299599805504,1573.679018747488,1.0002037636356171,1573.679018747488,0.98613085665366,1573.66374050406,1.0178844464694057
1573.680407678624,0.9983620622027728,1573.680407678624,1.0002540072726362,1573.680407678624,0.9986156534272964,1573.665129435196,0.9824936756946204
1573.6817966097603,0.9867080783112153,1573.6817966097603,1.000242207775051,1573.6817966097603,0.986947066679488,1573.6665183663322,0.9902766697363978
1573.6831855408968,0.9877782551132472,1573.6831855408968,1.0001864479310116,1573.6831855408968,0.9879624243252114,1573.667907297469,1.0037243618581138
1573.6845744724983,0.9950493404981086,1573.6845744724983,1.0003213300958598,1573.6845744724983,0.995369079798076,1573.6692962286045,1.004528209724708
1573.685963403634,0.9932432461427785,1573.685963403634,1.0004165815956427,1573.685963403634,0.993657012999118,1573.6706851602055,1.002212488234807
1573.6873523347704,0.9874870166841231,1573.6873523347704,1.0004671690687843,1573.6873523347704,0.987948340074144,1573.6720740913424,1.0071604885955852
1573.6887412659066,0.9921936243641589,1573.6887412659066,1.000557244138308,1573.6887412659066,0.9927465184454024,1573.6734630224787,0.9966280519349684
1573.6901301970424,0.9968636347989549,1573.6901301970424,1.0006873384819468,1573.6901301970424,0.9975488175364056,1573.6748519536145,1.003652034001104
1573.6915191281782,0.9945263515287837,1573.6915191281782,1.0008015416964642,1573.6915191281782,0.9953235058677664,1573.6762408847503,1.0120657441769232
1573.6929080593147,0.997667928612629,1573.6929080593147,1.0008053778221817,1573.6929080593147,0.9984714282362356,1573.6776298163522,1.0028866256843665
1573.6942969909169,0.9949657492603692,1573.6942969909169,1.0007895482051132,1573.6942969909169,0.9957513226818469,1573.679018747488,0.98613085665366
1573.6956859220527,0.9947789173991018,1573.6956859220527,1.000853300345273,1573.6956859220527,0.9956277625927888,1573.680407678624,0.9986156534272964
1573.6970748531885,0.9937130796299567,1573.6970748531885,1.0007549879158535,1573.6970748531885,0.9944633209969028,1573.6817966097603,0.986947066679488
1573.6984637843248,1.0017909739334805,1573.6984637843248,1.0008229484079527,1573.6984637843248,1.0026153962205804,1573.6831855408968,0.9879624243252114
1573.6998527154606,1.0041928147288355,1573.6998527154606,1.000955707683566,1573.6998527154606,1.0051525295176535,1573.6845744724983,0.995369079798076
1573.7012416465964,0.99881457161765,1573.7012416465964,1.0009389599994691,1573.7012416465964,0.9997524185472858,1573.685963403634,0.993657012999118
1573.7026305777335,1.0019058618719208,1573.7026305777335,1.0008328601933854,1573.7026305777335,1.0027403093817933,1573.6873523347704,0.987948340074144
1573.7040195088707,0.9957993181262548,1573.7040195088707,1.0008534143558905,1573.7040195088707,0.9966491475599296,1573.6887412659066,0.9927465184454024
1573.705408440472,1.005184084281975,1573.705408440472,1.0008634544815092,1573.705408440472,1.00605201498429,1573.6901301970424,0.9975488175364056
1573.7067973716075,1.0044985632739085,1573.7067973716075,1.00077563616969,1573.7067973716075,1.0052776886919854,1573.6915191281782,0.9953235058677664
1573.7081863027445,1.0073411124504614,1573.7081863027445,1.0008262694261643,1573.7081863027445,1.0081734476133974,1573.6929080593147,0.9984714282362356
1573.7095752338803,1.0028209535000119,1573.7095752338803,1.0007291422982274,1573.7095752338803,1.0035521526747575,1573.6942969909169,0.9957513226818469
1573.7109641650163,1.008227417722718,1573.7109641650163,1.0007604729274895,1573.7109641650163,1.0089941473786488,1573.6956859220527,0.9956277625927888
1573.712353096152,1.0051059571459648,1573.712353096152,1.0008579099199917,1573.712353096152,1.0059682475172431,1573.6970748531885,0.9944633209969028
1573.7137420272884,1.0000092551993778,1573.7137420272884,1.0009321361253165,1573.7137420272884,1.0009413999518,1573.6984637843248,1.0026153962205804
1573.7151309584242,1.006738898055167,1573.7151309584242,1.001043918740336,1573.7151309584242,1.007789851657472,1573.6998527154606,1.0051525295176535
1573.71651988956,1.0020118724023543,1573.71651988956,1.0011138512252886,1573.71651988956,1.0031279645541835,1573.7012416465964,0.9997524185472858
1573.7179088206965,1.002353227940704,1573.7179088206965,1.001110023494235,1573.7179088206965,1.0034658635732403,1573.7026305777335,1.0027403093817933
1573.719297751833,0.9993330182155035,1573.719297751833,1.0010957447018125,1573.719297751833,1.0004280320755594,1573.7040195088707,0.9966491475599296
1573.7206866829688,0.9965213276389623,1573.7206866829688,1.0011277270264007,1573.7206866829688,0.9976451316725254,1573.705408440472,1.00605201498429
1573.7220756145705,0.9941499384953382,1573.7220756145705,1.0011539949098858,1573.7220756145705,0.995297182464025,1573.7067973716075,1.0052776886919854
1573.7234645457063,0.9949179306262087,1573.7234645457063,1.0011587906485087,1573.7234645457063,0.996070832220252,1573.7081863027445,1.0081734476133974
1573.7248534768428,0.9966523721653766,1573.7248534768428,1.001198132145636,1573.7248534768428,0.9978464934104924,1573.7095752338803,1.0035521526747575
1573.7262424079786,0.9937179477175987,1573.7262424079786,1.0011988648928531,1573.7262424079786,0.9949092812785154,1573.7109641650163,1.0089941473786488
1573.7276313391144,0.9920088568228912,1573.7276313391144,1.0012002864421097,1573.7276313391144,0.9931995516041884,1573.712353096152,1.0059682475172431
1573.7290202702509,0.9808113229659982,1573.7290202702509,1.0012548750404193,1573.7290202702509,0.9820421186145488,1573.7137420272884,1.0009413999518
1573.7304092013874,1.0105507072631699,1573.7304092013874,1.0013055589076756,1573.7304092013874,1.011870040740695,1573.7151309584242,1.007789851657472
1573.7317981325232,0.9994933920933767,1573.7317981325232,1.0013120122465518,1573.7317981325232,1.0008047396641508,1573.71651988956,1.0031279645541835
1573.733187063659,1.0062385874665054,1573.733187063659,1.0012538231610717,1573.733187063659,1.007500232713035,1573.7179088206965,1.0034658635732403
1573.7345759947953,1.0043905706655603,1573.7345759947953,1.001379238946503,1573.7345759947953,1.0057758652581226,1573.719297751833,1.0004280320755594
1573.735964925931,0.9944268461954698,1573.735964925931,1.0013260856574053,1573.735964925931,0.9957455413735484,1573.7206866829688,0.9976451316725254
1573.7373538570669,0.9928382089322565,1573.7373538570669,1.001394064711426,1573.7373538570669,0.9942222896434842,1573.7220756145705,0.995297182464025
1573.7387427882031,1.0075721066838053,1573.7387427882031,1.00153795295325,1573.7387427882031,1.0091217051808918,1573.7234645457063,0.996070832220252
1573.7401317193398,0.9892168231113841,1573.7401317193398,1.0015917314956861,1573.7401317193398,0.9907913906847932,1573.7248534768428,0.9978464934104924
1573.7415206504754,1.0111223865064796,1573.7415206504754,1.0014948981341236,1573.7415206504754,1.0126339114754388,1573.7262424079786,0.9949092812785154
1573.742909581611,0.9910478557180262,1573.742909581611,1.0015288852451272,1573.742909581611,0.9925630541618484,1573.7276313391144,0.9931995516041884
1573.7442985127475,1.0009735016361123,1573.7442985127475,1.0015537853539676,1573.7442985127475,1.0025287996026642,1573.7290202702509,0.9820421186145488
1573.745687443884,0.9976322902722725,1573.745687443884,1.0015921406450146,1573.745687443884,0.999220661190394,1573.7304092013874,1.011870040740695
1573.7470763750198,0.9960251910540782,1573.7470763750198,1.001669814618208,1573.7470763750198,0.9976883684782036,1573.7317981325232,1.0008047396641508
1573.7484653061556,0.9990588809542339,1573.7484653061556,1.0016547921269707,1573.7484653061556,1.000712115724817,1573.733187063659,1.007500232713035
1573.749854237292,0.9867147943864846,1573.749854237292,1.0016488879842527,1573.749854237292,0.9883417765548328,1573.7345759947953,1.0057758652581226
1573.7512431684277,1.0047886471706733,1573.7512431684277,1.00166047697581,1573.7512431684277,1.0064570755848554,1573.735964925931,0.9957455413735484
1573.7526320995637,0.9998367026494674,1573.7526320995637,1.0016295248725853,1573.7526320995637,1.0014659614249584,1573.7373538570669,0.9942222896434842
1573.7540210306995,1.001911088808752,1573.7540210306995,1.0015359101543209,1573.7540210306995,1.00344993422378,1573.7387427882031,1.0091217051808918
1573.7554099618364,0.988742667262158,1573.7554099618364,1.0016442133208214,1573.7554099618364,0.990368371126535,1573.7401317193398,0.9907913906847932
1573.7567988929725,1.0026107223371665,1573.7567988929725,1.001767663266031,1573.7567988929725,1.004383000481171,1573.7415206504754,1.0126339114754388
1573.7581878236424,1.0080798392080557,1573.7581878236424,1.0018370213304355,1573.7581878236424,1.009931703375463,1573.742909581611,0.9925630541618484
1573.759576754779,0.9978929132351908,1573.759576754779,1.0017825690366613,1573.759576754779,0.9996717262442276,1573.7442985127475,1.0025287996026642
1573.760965685915,1.005834600507458,1573.760965685915,1.0019185945593991,1573.760965685915,1.007764389299647,1573.745687443884,0.999220661190394
1573.7623546170507,1.0076461033502457,1573.7623546170507,1.0019223013209109,1573.7623546170507,1.0095831027857265,1573.7470763750198,0.9976883684782036
1573.7637435481874,0.998411613451345,1573.7637435481874,1.0019896268234496,1573.7637435481874,1.0003980799783114,1573.7484653061556,1.000712115724817
1573.7651324793244,1.0170116353890524,1573.7651324793244,1.0020661293512891,1573.7651324793244,1.0191129129795322,1573.749854237292,0.9883417765548328
1573.7665214104609,1.0138129594531364,1573.7665214104609,1.0021816162655648,1573.7665214104609,1.0160247102957198,1573.7512431684277,1.0064570755848554
1573.7679103415967,0.9907724630199246,1573.7679103415967,1.0021700404372833,1573.7679103415967,0.9929224793288246,1573.7526320995637,1.0014659614249584
1573.7692992727325,1.010044228550669,1573.7692992727325,1.0022930231841394,1573.7692992727325,1.012360283383742,1573.7540210306995,1.00344993422378
1573.7706882038688,0.9968475230715242,1573.7706882038688,1.0022263368918516,1573.7706882038688,0.9990668414876892,1573.7554099618364,0.990368371126535
1573.7720771350046,1.0044035019757396,1573.7720771350046,1.0023031599900185,1573.7720771350046,1.0067168039353245,1573.7567988929725,1.004383000481171
1573.7734660661404,0.9896626246784197,1573.7734660661404,1.0023937866169148,1573.7734660661404,0.9920316658246356,1573.7581878236424,1.009931703375463
1573.7748549972766,0.9978140343860621,1573.7748549972766,1.0023417368539742,1573.7748549972766,1.0001506522837966,1573.759576754779,0.9996717262442276
1573.7762439279477,0.9971335654329047,1573.7762439279477,1.0023485743770748,1573.7762439279477,0.9994754077752016,1573.760965685915,1.007764389299647
1573.7776328590833,0.9956253862769496,1573.7776328590833,1.002456216094779,1573.7776328590833,0.9980708573750936,1573.7623546170507,1.0095831027857265
1573.7790217902188,0.9950126282238196,1573.7790217902188,1.002475160445166,1573.7790217902188,0.99747544412364,1573.7637435481874,1.0003980799783114
1573.7804107213556,1.0038265948589848,1573.7804107213556,1.002564392334358,1573.7804107213556,1.0064008000838658,1573.7651324793244,1.0191129129795322
1573.7817996524918,0.9997994506238509,1573.7817996524918,1.0026760702932425,1573.7817996524918,1.0024749842328655,1573.7665214104609,1.0160247102957198
1573.7831885836276,1.0030170899198372,1573.7831885836276,1.0027469204420825,1573.7831885836276,1.005772298067896,1573.7679103415967,0.9929224793288246
1573.7845775147634,1.0168120128320834,1573.7845775147634,1.0027932620503188,1573.7845775147634,1.0196522352398356,1573.7692992727325,1.012360283383742
1573.7859664458997,0.9947583143013916,1573.7859664458997,1.0027792397588071,1573.7859664458997,0.997522986158902,1573.7706882038688,0.9990668414876892
1573.7873553765698,0.9986887919933553,1573.7873553765698,1.0027486687960963,1573.7873553765698,1.0014338567129184,1573.7720771350046,1.0067168039353245
1573.7887443077057,0.9964880228730466,1573.7887443077057,1.002713754445635,1573.7887443077057,0.9991922466751404,1573.7734660661404,0.9920316658246356
1573.790133238842,0.991997437793436,1573.790133238842,1.0027868450307489,1573.790133238842,0.9947619809234662,1573.7748549972766,1.0001506522837966
1573.7915221699786,0.9996408718684452,1573.7915221699786,1.0027865254930959,1573.7915221699786,1.0024263966418472,1573.7762439279477,0.9994754077752016
1573.7929111011144,0.9904601184580594,1573.7929111011144,1.0027085665259876,1573.7929111011144,0.9931428455802406,1573.7776328590833,0.9980708573750936
1573.7943000322502,1.0073969319171605,1573.7943000322502,1.0026744666152783,1573.7943000322502,1.0100911813799067,1573.7790217902188,0.99747544412364
1573.7956889629208,0.9941763912961683,1573.7956889629208,1.0026071944032546,1573.7956889629208,0.9967684024194036,1573.7804107213556,1.0064008000838658
1573.797077894057,1.0036608831663598,1573.797077894057,1.0025440639490781,1573.797077894057,1.0062142606363234,1573.7817996524918,1.0024749842328655
1573.798466825193,1.000966634848992,1573.798466825193,1.0026664003409227,1573.798466825193,1.0036356126254056,1573.7831885836276,1.005772298067896
1573.7998557563287,0.9999133082029305,1573.7998557563287,1.0025838566999936,1573.7998557563287,1.0024969409037434,1573.7845775147634,1.0196522352398356
1573.8012446874652,1.0155698185978224,1573.8012446874652,1.0025564479586788,1573.8012446874652,1.0181660699874726,1573.7859664458997,0.997522986158902
1573.8026336186017,1.0115668714067232,1573.8026336186017,1.0025866344313974,1573.8026336186017,1.0141834251059647,1573.7873553765698,1.0014338567129184
1573.8040225492718,1.0086350230514578,1573.8040225492718,1.0025872498749457,1573.8040225492718,1.0112446138887137,1573.7887443077057,0.9991922466751404
1573.8054114804077,1.0053305043452814,1573.8054114804077,1.0025537955564359,1573.8054114804077,1.0078979129200278,1573.790133238842,0.9947619809234662
1573.806800411544,0.9913971553262678,1573.806800411544,1.0026736505125804,1573.806800411544,0.9940478048387766,1573.7915221699786,1.0024263966418472
1573.8081893426795,1.0072109171578585,1573.8081893426795,1.00270234538466,1573.8081893426795,1.009932748931219,1573.7929111011144,0.9931428455802406
1573.8095782738155,1.0064713255722868,1573.8095782738155,1.0026913908579027,1573.8095782738155,1.0091801332966732,1573.7943000322502,1.0100911813799067
1573.810967204486,1.004387677320021,1573.810967204486,1.0028249945547854,1573.810967204486,1.0072250670393437,1573.7956889629208,0.9967684024194036
1573.8123561356228,1.0035275442820972,1573.8123561356228,1.0029254848599047,1573.8123561356228,1.006463348919392,1573.797077894057,1.0062142606363234
1573.8137450667584,1.0084221455570452,1573.8137450667584,1.0030240692888537,1573.8137450667584,1.0114716839976243,1573.798466825193,1.0036356126254056
1573.815133997894,1.0057382400661028,1573.815133997894,1.003031675301994,1573.815133997894,1.0087873118487822,1573.7998557563287,1.0024969409037434
1573.816522928565,1.005837625580422,1573.816522928565,1.0031280518582404,1573.816522928565,1.008983937834207,1573.8012446874652,1.0181660699874726
1573.817911859701,0.986547085388079,1573.817911859701,1.0032315836927028,1573.817911859701,0.9897351948613026,1573.8026336186017,1.0141834251059647
1573.8193007908371,0.999306234801819,1573.8193007908371,1.0033468477311085,1573.8193007908371,1.002650760606448,1573.8040225492718,1.0112446138887137
1573.820689721973,0.9918002915770043,1573.820689721973,1.003436876569587,1573.820689721973,0.9952089867608348,1573.8054114804077,1.0078979129200278
1573.8220786526435,0.9971473779745139,1573.8220786526435,1.0034334435431855,1573.8220786526435,1.0005710272010249,1573.806800411544,0.9940478048387766
1573.8234675837807,1.0054029664352953,1573.8234675837807,1.0035041639325366,1573.8234675837807,1.008926063247943,1573.8081893426795,1.009932748931219
1573.8248565149172,0.9932480494117715,1573.8248565149172,1.0035114035896067,1573.8248565149172,0.9967357441778458,1573.8095782738155,1.0091801332966732
1573.8262454460528,0.9830448350857323,1573.8262454460528,1.0035923995501121,1573.8262454460528,0.9865763249090344,1573.810967204486,1.0072250670393437
1573.8276343767238,1.005052565364952,1573.8276343767238,1.003640824950229,1573.8276343767238,1.0087117858212244,1573.8123561356228,1.006463348919392
1573.8290233078596,1.0093605039891445,1573.8290233078596,1.0037042521439037,1573.8290233078596,1.013099429800018,1573.8137450667584,1.0114716839976243
1573.8304122389957,0.9900792338472107,1573.8304122389957,1.003748987628094,1573.8304122389957,0.9937910286457368,1573.815133997894,1.0087873118487822
1573.8318011701317,0.9966522469297286,1573.8318011701317,1.0037600814613934,1573.8318011701317,1.0003997405668652,1573.816522928565,1.008983937834207
1573.8331901008023,0.9943467835972626,1573.8331901008023,1.0037020112560275,1573.8331901008023,0.9980278665825344,1573.817911859701,0.9897351948613026
1573.834579031938,1.0017307372393236,1573.834579031938,1.0036652135758501,1573.834579031938,1.0054022943367995,1573.8193007908371,1.002650760606448
1573.835967963074,1.0065694012063422,1573.835967963074,1.0036176383350746,1573.835967963074,1.0102108052590593,1573.820689721973,0.9952089867608348
1573.8373568937448,0.9992620062163801,1573.8373568937448,1.0035203247455244,1573.8373568937448,1.002779732984126,1573.8220786526435,1.0005710272010249
1573.8387458248812,1.0129021907953701,1573.8387458248812,1.0035894525681452,1573.8387458248812,1.0165379551654006,1573.8234675837807,1.008926063247943
1573.840134756017,0.9986722904544488,1573.840134756017,1.0035354202865356,1573.840134756017,1.0022030167297225,1573.8248565149172,0.9967357441778458
1573.8415236871529,1.0001024734252968,1573.8415236871529,1.003537696942567,1573.8415236871529,1.003640532887787,1573.8262454460528,0.9865763249090344
1573.8429126178237,0.9950313747453028,1573.8429126178237,1.003569849712109,1573.8429126178237,0.9985834872119768,1573.8276343767238,1.0087117858212244
1573.8443015489593,0.9964661320004219,1573.8443015489593,1.0036140780205105,1573.8443015489593,1.0000674383462678,1573.8290233078596,1.013099429800018
1573.845690480095,1.0087511394956838,1573.845690480095,1.0037162350418858,1573.845690480095,1.0124998958288198,1573.8304122389957,0.9937910286457368
1573.8470794107657,0.9990357200515866,1573.8470794107657,1.0038169462302744,1573.8470794107657,1.002848985677147,1573.8318011701317,1.0003997405668652
1573.8484683419024,1.0108389138089429,1573.8484683419024,1.0039049183651771,1573.8484683419024,1.014786157247711,1573.8331901008023,0.9980278665825344
1573.849857273038,0.9886979525989634,1573.849857273038,1.004058890726114,1573.849857273038,0.9927109695496954,1573.834579031938,1.0054022943367995
1573.851246203708,1.016425289113524,1573.851246203708,1.0041163253259688,1573.851246203708,1.020609226273057,1573.835967963074,1.0102108052590593
1573.8526351348446,0.9952738484763491,1573.8526351348446,1.0041305480670717,1573.8526351348446,0.9993848749473802,1573.8373568937448,1.002779732984126
1573.8540240659809,0.9969432291936392,1573.8540240659809,1.0040822390449502,1573.8540240659809,1.0010129897694522,1573.8387458248812,1.0165379551654006
1573.855412996651,1.00147743228619,1573.855412996651,1.0040726646670446,1573.855412996651,1.0055561140395044,1573.840134756017,1.0022030167297225
1573.8568019277868,0.9990115068892367,1573.8568019277868,1.0040645074179377,1573.8568019277868,1.0030719965695931,1573.8415236871529,1.003640532887787
1573.858190858923,1.014401036323411,1573.858190858923,1.004044078725697,1573.858190858923,1.0185033539737316,1573.8429126178237,0.9985834872119768
1573.859579789594,0.9973550294205091,1573.859579789594,1.0040679377135018,1573.859579789594,1.0014122075584395,1573.8443015489593,1.0000674383462678
1573.8609687207295,0.9969316007016112,1573.8609687207295,1.0040816124285992,1573.8609687207295,1.0010006891134982,1573.845690480095,1.0124998958288198
1573.8623576513996,1.0109866678288624,1573.8623576513996,1.0040823277148911,1573.8623576513996,1.0151138467223255,1573.8470794107657,1.002848985677147
1573.8637465825364,0.9954997385762783,1573.8637465825364,1.004065555077256,1573.8637465825364,0.999546997592854,1573.8484683419024,1.014786157247711
1573.8651355136722,0.9883423389554702,1573.8651355136722,1.0041373297758265,1573.8651355136722,0.9924314371431406,1573.849857273038,0.9927109695496954
1573.8665244443423,1.0091338624748922,1573.8665244443423,1.00407935907546,1573.8665244443423,1.0132504818551331,1573.851246203708,1.020609226273057
1573.8679133754786,0.9936300610385146,1573.8679133754786,1.0042099763902574,1573.8679133754786,0.9978132201361368,1573.8526351348446,0.9993848749473802
1573.8693023066148,0.9996475497332132,1573.8693023066148,1.0041517103123532,1573.8693023066148,1.0037977967741591,1573.8540240659809,1.0010129897694522
1573.870691237285,1.0047434927125078,1573.870691237285,1.0041538871232911,1573.870691237285,1.0089170837690968,1573.855412996651,1.0055561140395044
1573.8720801684208,1.001173116782928,1573.8720801684208,1.0042693125590083,1573.8720801684208,1.005447437744151,1573.8568019277868,1.0030719965695931
1573.8734690990916,0.9897481297208547,1573.8734690990916,1.0043084185771356,1573.8734690990916,0.9940123789496292,1573.858190858923,1.0185033539737316
1573.8762469608982,1.0027893970652217,1573.8762469608982,1.0042796302016963,1573.8762469608982,1.0070809648548429,1573.859579789594,1.0014122075584395
1573.877635892034,0.9940317824398172,1573.877635892034,1.0042548831578235,1573.877635892034,0.9982612715292616,1573.8609687207295,1.0010006891134982
1573.8790248231703,1.0024875722038007,1573.8790248231703,1.0042358541535277,1573.8790248231703,1.00673396335038,1573.8623576513996,1.0151138467223255
1573.8804137538405,1.0079865278623072,1573.8804137538405,1.0043658261656598,1573.8804137538405,1.0123872218202812,1573.8637465825364,0.999546997592854
1573.8818026849765,1.000657484442919,1573.8818026849765,1.0043319808209366,1573.8818026849765,1.0049923134738523,1573.8651355136722,0.9924314371431406
1573.8831916156469,0.9985358182468868,1573.8831916156469,1.00420431217426,1573.8831916156469,1.002733974543977,1573.8665244443423,1.0132504818551331
1573.8845805467836,1.005971006211057,1573.8845805467836,1.0041873046598138,1573.8845805467836,1.010183313293002,1573.8679133754786,0.9978132201361368
1573.8859694774542,1.0045093750008578,1573.8859694774542,1.0040858270594542,1573.8859694774542,1.0086136265867116,1573.8693023066148,1.0037977967741591
1573.8873584085904,1.005526050234174,1573.8873584085904,1.0039972619706046,1573.8873584085904,1.0095454012752274,1573.870691237285,1.0089170837690968
1573.8887473397272,1.0104623274857563,1573.8887473397272,1.004020804373776,1573.8887473397272,1.0145251988316468,1573.8720801684208,1.005447437744151
1573.8901362703978,1.0072605313255112,1573.8901362703978,1.0039962746831261,1573.8901362703978,1.0112858210861595,1573.8734690990916,0.9940123789496292
1573.8915252015336,1.004788816933113,1573.8915252015336,1.0038800328224415,1573.8915252015336,1.0086874305224356,1573.874858030228,1.0246777912364038
1573.8929141322035,1.0039290015859363,1573.8929141322035,1.0038799859340386,1573.8929141322035,1.0078242319908632,1573.8762469608982,1.0070809648548429
1573.89430306334,0.9892854704948117,1573.89430306334,1.0038742227441428,1573.89430306334,0.9931181827650528,1573.877635892034,0.9982612715292616
1573.895691994011,0.9984596868084145,1573.895691994011,1.003973691608954,1573.895691994011,1.002427257687764,1573.8790248231703,1.00673396335038
1573.8970809251466,1.0011069580550553,1573.8970809251466,1.0039749937821796,1573.8970809251466,1.0050863519886208,1573.8804137538405,1.0123872218202812
1573.8984698558163,0.9993654990287263,1573.8984698558163,1.0040341020160988,1573.8984698558163,1.0033970414031776,1573.8818026849765,1.0049923134738523
1573.8998587869532,0.9898164242705016,1573.8998587869532,1.0040873878940844,1573.8998587869532,0.9938621879404308,1573.8831916156469,1.002733974543977
1573.9012477176234,1.0084043955587205,1573.9012477176234,1.0040716743624523,1573.9012477176234,1.012510289883101,1573.8845805467836,1.010183313293002
1573.9026366487592,1.004070437501576,1573.9026366487592,1.0040822727559593,1573.9026366487592,1.008169326893653,1573.8859694774542,1.0086136265867116
1573.9040255794298,1.0060687874611725,1573.9040255794298,1.0040745454680007,1573.9040255794298,1.0101680604796193,1573.8873584085904,1.0095454012752274
1573.905414510566,1.0039488079322147,1573.905414510566,1.0040405956812941,1573.905414510566,1.008005359149786,1573.8887473397272,1.0145251988316468
1573.9068034412362,1.0108416704070697,1573.9068034412362,1.0040534987994503,1573.9068034412362,1.0149391159044991,1573.8901362703978,1.0112858210861595
1573.908192372372,0.9970279717983738,1573.908192372372,1.0039401451762724,1573.908192372372,1.0009564067520638,1573.8915252015336,1.0086874305224356
1573.9095813030428,0.9923649631999678,1573.9095813030428,1.0038466825258707,1573.9095813030428,0.9961822761631954,1573.8929141322035,1.0078242319908632
1573.910970234179,1.0017245419292806,1573.910970234179,1.0038357203236563,1573.910970234179,1.005566877113464,1573.89430306334,0.9931181827650528
1573.9123591648497,1.001755980545763,1573.9123591648497,1.003923200859509,1573.9123591648497,1.0056860704696584,1573.895691994011,1.002427257687764
1573.9137480959853,1.0036181455270068,1573.9137480959853,1.0039436520230571,1573.9137480959853,1.0075760662569913,1573.8970809251466,1.0050863519886208
1573.915137026656,0.9875055572354922,1573.915137026656,1.004074162159661,1573.915137026656,0.9915288150092358,1573.8984698558163,1.0033970414031776
1573.9165259577917,0.988331931608407,1573.9165259577917,1.0041107526194153,1573.9165259577917,0.992394719685118,1573.8998587869532,0.9938621879404308
1573.9179148884618,0.9965957929127595,1573.9179148884618,1.0042394310084963,1573.9179148884618,1.0008207920201708,1573.9012477176234,1.012510289883101
1573.919303819598,0.9862344927238937,1573.919303819598,1.0041438085166239,1573.919303819598,0.9903212596142312,1573.9026366487592,1.008169326893653
1573.9206927502692,0.996012355378921,1573.9206927502692,1.0041885802651946,1573.9206927502692,1.0001842330745512,1573.9040255794298,1.0101680604796193
1573.922081680939,1.0100369350477512,1573.922081680939,1.0041886468716303,1573.922081680939,1.01426762309597,1573.905414510566,1.008005359149786
1573.9234706120749,0.9848369191272726,1573.9234706120749,1.0041677721751487,1573.9234706120749,0.9889414950358704,1573.9068034412362,1.0149391159044991
1573.9248595427457,1.0027124688629718,1573.9248595427457,1.0041642647647206,1573.9248595427457,1.006888029066204,1573.908192372372,1.0009564067520638
1573.926248473882,1.0021472617957419,1573.926248473882,1.0040388298758025,1573.926248473882,1.0061947640966362,1573.9095813030428,0.9961822761631954
1573.927637404552,0.9913692013054842,1573.927637404552,1.0040279389654616,1573.927637404552,0.9953623759405812,1573.910970234179,1.005566877113464
1573.929026335688,0.9839438080814468,1573.929026335688,1.0040184355661081,1573.929026335688,0.9878977228748932,1573.9123591648497,1.0056860704696584
1573.9304152663583,1.0055277125857123,1573.9304152663583,1.0038602436141741,1573.9304152663583,1.0094092945170965,1573.9137480959853,1.0075760662569913
1573.9318041970296,0.9944618852934402,1573.9318041970296,1.0040170289226036,1573.9318041970296,0.9984566674490908,1573.915137026656,0.9915288150092358
1573.9331931281652,0.9860508024463376,1573.9331931281652,1.004013264283632,1573.9331931281652,0.990008084913642,1573.9165259577917,0.992394719685118
1573.934582058835,1.0084076630897616,1573.934582058835,1.0038769107355678,1573.934582058835,1.0123171695846231,1573.9179148884618,1.0008207920201708
1573.9359709899718,1.0031295099980866,1573.9359709899718,1.0037676393183232,1573.9359709899718,1.0069089401813258,1573.919303819598,0.9903212596142312
1573.937359920642,1.0025670221759309,1573.937359920642,1.0036705358582845,1573.937359920642,1.0062469803811611,1573.9206927502692,1.0001842330745512
1573.938748851312,0.9948099639711125,1573.938748851312,1.0036387734131136,1573.938748851312,0.9984298520191112,1573.922081680939,1.01426762309597
1573.9401377824483,1.003602018119501,1573.9401377824483,1.0035276204557517,1573.9401377824483,1.007142345128053,1573.9234706120749,0.9889414950358704
1573.941526713119,1.0138641739763394,1573.941526713119,1.0034513057008922,1573.941526713119,1.0173633291799145,1573.9248595427457,1.006888029066204
1573.9429156442548,1.015772527088826,1573.9429156442548,1.0035633463015148,1573.9429156442548,1.0193920763664084,1573.926248473882,1.0061947640966362
1573.944304574925,1.0027766006456569,1573.944304574925,1.0035014956581663,1573.944304574925,1.0062878185589283,1573.927637404552,0.9953623759405812
1573.9456935055955,0.9896394791730337,1573.9456935055955,1.0035608002477776,1573.9456935055955,0.9931633876756836,1573.929026335688,0.9878977228748932
1573.9470824367322,1.0083019581945225,1573.9470824367322,1.0035429741524586,1573.9470824367322,1.011874345970279,1573.9304152663583,1.0094092945170965
1573.9484713674028,1.0024470859700827,1573.9484713674028,1.003470416386708,1573.9484713674028,1.005925994764041,1573.9318041970296,0.9984566674490908
1573.949860298074,1.0052804160394422,1573.949860298074,1.0034661444275932,1573.949860298074,1.008764863151666,1573.9331931281652,0.990008084913642
1573.95124922921,1.0044820769538363,1573.95124922921,1.0035721574714291,1573.95124922921,1.0080702451099437,1573.934582058835,1.0123171695846231
1573.9526381598807,1.0001332094783646,1573.9526381598807,1.0035786210306734,1573.9526381598807,1.0037123072152787,1573.9359709899718,1.0069089401813258
1573.9540270905509,1.011243998821137,1573.9540270905509,1.0034688360084723,1573.9540270905509,1.0147518384175993,1573.937359920642,1.0062469803811611
1573.9554160216867,1.0029038257960148,1573.9554160216867,1.0035793888154478,1573.9554160216867,1.006493608533039,1573.938748851312,0.9984298520191112
1573.9568049523575,0.9982729770465801,1573.9568049523575,1.0036604576645005,1573.9568049523575,1.001927113016674,1573.9401377824483,1.007142345128053
1573.9581938830277,0.995808859920249,1573.9581938830277,1.003715763434042,1573.9581938830277,0.9995090500692356,1573.941526713119,1.0173633291799145
1573.9595828141632,0.9997617880388296,1573.9595828141632,1.0037397772504337,1573.9595828141632,1.0035006744295902,1573.9429156442548,1.0193920763664084
1573.9609717448343,0.988600160369771,1573.9609717448343,1.0037283860227322,1573.9609717448343,0.9922860433897644,1573.944304574925,1.0062878185589283
1573.962360675505,1.0050675403260936,1573.962360675505,1.0037664319828044,1573.962360675505,1.0088530588548563,1573.9456935055955,0.9931633876756836
1573.9637496066407,0.9982917821004125,1573.9637496066407,1.0036685976202018,1573.9637496066407,1.001954112956493,1573.9470824367322,1.011874345970279
1573.9651385373108,0.9997601877730719,1573.9651385373108,1.0036120729817073,1573.9651385373108,1.0033713945355136,1573.9484713674028,1.005925994764041
1573.9665274679817,1.0032872967576127,1573.9665274679817,1.0036138842335343,1573.9665274679817,1.0069130609010704,1573.949860298074,1.008764863151666
1573.9679163991182,1.0012385403721973,1573.9679163991182,1.003627442370607,1573.9679163991182,1.0048704754766282,1573.95124922921,1.0080702451099437
1573.969305329788,1.0052816194327556,1573.969305329788,1.0036344122216567,1573.969305329788,1.008935227236629,1573.9526381598807,1.0037123072152787
1573.970694260458,1.0038670295345944,1573.970694260458,1.003592250396961,1573.970694260458,1.007473171269936,1573.9540270905509,1.0147518384175993
1573.9720831915947,1.0022567677593486,1573.9720831915947,1.003521482880745,1573.9720831915947,1.005786197809124,1573.9554160216867,1.006493608533039
1573.9734721222649,1.00719433472825,1573.9734721222649,1.003518608609999,1573.9734721222649,1.010738257386367,1573.9568049523575,1.001927113016674
1573.9748610529348,0.979176921810281,1573.9748610529348,1.003594501796257,1573.9748610529348,0.9826965750145816,1573.9581938830277,0.9995090500692356
1573.9762499836056,0.9941175464596201,1573.9762499836056,1.003484302559712,1573.9762499836056,0.997581352771404,1573.9595828141632,1.0035006744295902
1573.977638914742,0.9943770208567603,1573.977638914742,1.0034621864291131,1573.977638914742,0.9978197394837924,1573.9609717448343,0.9922860433897644
1573.979027845412,1.006720716448161,1573.979027845412,1.0034281178269382,1573.979027845412,1.010171873682965,1573.962360675505,1.0088530588548563
1573.9804167760822,0.9965490664998987,1573.9804167760822,1.0033281262310265,1573.9804167760822,0.999865707588622,1573.9637496066407,1.001954112956493
1573.981805706753,1.0021112900935716,1573.981805706753,1.0032686044445425,1573.981805706753,1.0053867955102975,1573.9651385373108,1.0033713945355136
1573.9831946378897,1.0051741058911268,1573.9831946378897,1.0031540628879416,1573.9831946378897,1.008344488234438,1573.9665274679817,1.0069130609010704
1573.9845835685596,0.9950870549482312,1573.9845835685596,1.0031963780551558,1573.9845835685596,0.9982677293736374,1573.9679163991182,1.0048704754766282
1573.9859724992298,0.9914229222214016,1573.9859724992298,1.0032267533517785,1573.9859724992298,0.9946219994587095,1573.969305329788,1.008935227236629
1573.9873614299004,1.0036322629981853,1573.9873614299004,1.0031018731431889,1573.9873614299004,1.0067454029604173,1573.970694260458,1.007473171269936
1573.9887503610366,1.002764857723911,1573.9887503610366,1.0030591938192197,1573.9887503610366,1.0058325097787908,1573.9720831915947,1.005786197809124
1573.9901392917068,1.000184481828783,1573.9901392917068,1.0031731656134644,1573.9901392917068,1.0033582328336428,1573.9734721222649,1.010738257386367
1573.991528222377,1.0092006922535803,1573.991528222377,1.0031111012853002,1573.991528222377,1.0123404178243762,1573.9748610529348,0.9826965750145816
1573.9929171530478,0.9933355728031347,1573.9929171530478,1.00309043322631,1573.9929171530478,0.9964054100622012,1573.9762499836056,0.997581352771404
1573.994306084183,0.9964925469743292,1573.994306084183,1.00302181267887,1573.994306084183,0.9995037607871756,1573.977638914742,0.9978197394837924
1573.9956950148537,1.008402016218675,1573.9956950148537,1.0029181452029012,1573.9956950148537,1.0113446797248995,1573.979027845412,1.010171873682965
1573.9970839455243,1.0018833634716227,1573.9970839455243,1.00294110367968,1573.9970839455243,1.0048300063185394,1573.9804167760822,0.999865707588622
1573.9984728761951,1.0021139006761675,1573.9984728761951,1.0030272477747066,1573.9984728761951,1.005147547751992,1573.981805706753,1.0053867955102975
1573.9998618068653,0.9898576367688146,1573.9998618068653,1.0030513854516248,1573.9998618068653,0.9928780739608306,1573.9831946378897,1.008344488234438
1574.001250738001,0.9834522653747799,1574.001250738001,1.003031912223752,1574.001250738001,0.9864340063196464,1573.9845835685596,0.9982677293736374
1574.0026396686717,0.9984276968191615,1574.0026396686717,1.0030178547469888,1574.0026396686717,1.0014408065835323,1573.9859724992298,0.9946219994587095
1574.0040285993427,1.0075609180081306,1574.0040285993427,1.0030270785927886,1574.0040285993427,1.0106108840939634,1573.9873614299004,1.0067454029604173
1574.005417530013,0.9978004067547134,1574.005417530013,1.0030128665921154,1574.005417530013,1.0008066462658238,1573.9887503610366,1.0058325097787908
1574.0068064606826,0.9932710993192615,1574.0068064606826,1.0030336856578403,1574.0068064606826,0.9962843716076136,1573.9901392917068,1.0033582328336428
1574.0081953918193,0.9940558259354106,1574.0081953918193,1.0031001469824623,1574.0081953918193,0.9971375451045834,1573.991528222377,1.0123404178243762
1574.0095843224894,0.995024644019483,1574.0095843224894,1.002991104432559,1574.0095843224894,0.9980008666427151,1573.9929171530478,0.9964054100622012
1574.0109732531594,0.990113473637617,1574.0109732531594,1.0029292986499925,1574.0109732531594,0.993013811699283,1573.994306084183,0.9995037607871756
1574.0123621838306,1.0000723064563477,1574.0123621838306,1.0028102413228015,1574.0123621838306,1.0028827509777407,1573.9956950148537,1.0113446797248995
1574.0137511145022,1.0040866154827164,1574.0137511145022,1.002666097134684,1574.0137511145022,1.0067636079312292,1573.9970839455243,1.0048300063185394
1574.0151400451723,1.0004204416853115,1574.0151400451723,1.0025379368278653,1574.0151400451723,1.0029594455676138,1573.9984728761951,1.005147547751992
1574.0165289758424,0.9904663335675578,1574.0165289758424,1.0024037205131173,1574.0165289758424,0.9928471378111062,1573.9998618068653,0.9928780739608306
1574.017917906979,1.0173076743860525,1574.017917906979,1.002272206974101,1574.017917906979,1.019619207978599,1574.001250738001,0.9864340063196464
1574.0193068376498,1.0032839342729873,1574.0193068376498,1.0023373240312712,1574.0193068376498,1.005628933922752,1574.0026396686717,1.0014408065835323
1574.02069576832,1.004447352785691,1574.02069576832,1.002398948155467,1574.02069576832,1.00685696990992,1574.0040285993427,1.0106108840939634
1574.02208469899,1.0004289886827555,1574.02208469899,1.0024008850776123,1574.02208469899,1.0028309037128946,1574.005417530013,1.0008066462658238
1574.0234736296609,1.002564274111853,1574.0234736296609,1.0024237308533908,1574.0234736296609,1.0049942200755253,1574.0068064606826,0.9962843716076136
1574.0248625603313,0.9946629619320478,1574.0248625603313,1.0024702384946842,1574.0248625603313,0.997120016669849,1574.0081953918193,0.9971375451045834
1574.0262514910014,0.9970795401775396,1574.0262514910014,1.0024604974448983,1574.0262514910014,0.9995328518385068,1574.0095843224894,0.9980008666427151
1574.0276404221372,0.9888158740710584,1574.0276404221372,1.0023639015882277,1574.0276404221372,0.9911533374862398,1574.0109732531594,0.993013811699283
1574.029029352808,1.001213142943487,1574.029029352808,1.0023617914083538,1574.029029352808,1.0035777995424218,1574.0123621838306,1.0028827509777407
1574.030418283478,0.9771722075615803,1574.030418283478,1.0023743712373199,1574.030418283478,0.9794923771451228,1574.0137511145022,1.0067636079312292
1574.031807214148,0.9963499088676118,1574.031807214148,1.0023666996520324,1574.031807214148,0.9987079698502312,1574.0151400451723,1.0029594455676138
1574.0331961448192,0.9971876642202171,1574.0331961448192,1.0023135620983,1574.0331961448192,0.9994947198050492,1574.0165289758424,0.9928471378111062
1574.0345850754898,0.9929353223508681,1574.0345850754898,1.0024031312563406,1574.0345850754898,0.9953214762595342,1574.017917906979,1.019619207978599
1574.03597400616,1.0118488122794018,1574.03597400616,1.0023793630897748,1574.03597400616,1.014256367995772,1574.0193068376498,1.005628933922752
1574.03736293683,0.9993147944887176,1574.03736293683,1.002280225658392,1574.03736293683,1.0015934577239216,1574.02069576832,1.00685696990992
1574.0387518675009,1.0026692786574576,1574.0387518675009,1.0021768736495869,1574.0387518675009,1.0048519629894173,1574.02208469899,1.0028309037128946
1574.0401407981717,1.0053786447255597,1574.0401407981717,1.002314253876104,1574.0401407981717,1.007705346151068,1574.0234736296609,1.0049942200755253
1574.0415297288416,1.0053536268236891,1574.0415297288416,1.0023274503967878,1574.0415297288416,1.007693537521352,1574.0248625603313,0.997120016669849
1574.0429186595115,0.9851370002515206,1574.0429186595115,1.0022983048468703,1574.0429186595115,0.98740114539403,1574.0262514910014,0.9995328518385068
1574.0443075906485,0.9986812631016776,1574.0443075906485,1.0024309390565271,1574.0443075906485,1.0011089963891733,1574.0276404221372,0.9911533374862398
1574.0456965213184,1.0037353763195662,1574.0456965213184,1.0024763381194814,1574.0456965213184,1.0062209644938185,1574.029029352808,1.0035777995424218
1574.0470854519883,0.9992288227234447,1574.0470854519883,1.0023377773128455,1574.0470854519883,1.0015647971955488,1574.030418283478,0.9794923771451228
1574.0484743826592,0.9997042282290035,1574.0484743826592,1.0024434202042898,1574.0484743826592,1.0021469257385722,1574.031807214148,0.9987079698502312
1574.0498633133298,0.9951211153039435,1574.0498633133298,1.002470878020988,1574.0498633133298,0.9975799381959692,1574.0331961448192,0.9994947198050492
1574.051252244,1.0083189458572575,1574.051252244,1.0024094767667842,1574.051252244,1.0107484669308089,1574.0345850754898,0.9953214762595342
1574.05264117467,1.0071446571241631,1574.05264117467,1.0024726879223094,1574.05264117467,1.0096350115538524,1574.03597400616,1.014256367995772
1574.0540301053406,0.9946261769176636,1574.0540301053406,1.0025919046760863,1574.0540301053406,0.9972041531565744,1574.03736293683,1.0015934577239216
1574.0554190360117,1.004045592532021,1574.0554190360117,1.0025571715992858,1574.0554190360117,1.006613109405632,1574.0387518675009,1.0048519629894173
1574.0568079666818,1.006751466826115,1574.0568079666818,1.0026086641986616,1574.0568079666818,1.0093777433345743,1574.0401407981717,1.007705346151068
1574.058196897352,0.9971258220412974,1574.058196897352,1.002752409207184,1574.058196897352,0.9998703203346048,1574.0415297288416,1.007693537521352
1574.0595858280226,0.9921779854023007,1574.0595858280226,1.0026878029698016,1574.0595858280226,0.9948447643380368,1574.0429186595115,0.98740114539403
1574.0609747586932,0.9930133449007914,1574.0609747586932,1.0026347941952498,1574.0609747586932,0.9956297306977416,1574.0443075906485,1.0011089963891733
1574.062363689363,1.0035273655924628,1574.062363689363,1.0026078898404294,1574.062363689363,1.0061444544137843,1574.0456965213184,1.0062209644938185
1574.0637526200337,0.9915312804627524,1574.0637526200337,1.0027101474560962,1574.0637526200337,0.9942184764401384,1574.0470854519883,1.0015647971955488
1574.0651415507043,0.9962770490220694,1574.0651415507043,1.0026634169684567,1574.0651415507043,0.9989305502197188,1574.0484743826592,1.0021469257385722
1574.0665304813742,1.0079278034154655,1574.0665304813742,1.0026434881304978,1574.0665304813742,1.010592248600193,1574.0498633133298,0.9975799381959692
1574.0679194120444,0.989324722800716,1574.0679194120444,1.002526090154203,1574.0679194120444,0.9918238462422926,1574.051252244,1.0107484669308089
1574.0693083427154,1.0004627903954058,1574.0693083427154,1.0025302950323196,1574.0693083427154,1.0029942564239638,1574.05264117467,1.0096350115538524
1574.070697273386,0.9829310152014752,1574.070697273386,1.0026633582403177,1574.070697273386,0.985548912620476,1574.0540301053406,0.9972041531565744
1574.0720862040562,0.9965828531704432,1574.0720862040562,1.002528608361959,1574.0720862040562,0.9991028209063548,1574.0554190360117,1.006613109405632
1574.0734751347263,0.9935040478990385,1574.0734751347263,1.002431094013404,1574.0734751347263,0.9959193496421784,1574.0568079666818,1.0093777433345743
1574.074864065397,1.0109630667382343,1574.074864065397,1.0023373778187172,1574.074864065397,1.0133260693859707,1574.058196897352,0.9998703203346048
1574.0762529960684,1.0061503396540952,1574.0762529960684,1.0022825744363704,1574.0762529960684,1.008446952698535,1574.0595858280226,0.9948447643380368
1574.0776419267393,0.9961010748742577,1574.0776419267393,1.0022459555738943,1574.0776419267393,0.9983382736355336,1574.0609747586932,0.9956297306977416
1574.0790308574092,1.00668952700853,1574.0790308574092,1.0021426178951125,1574.0790308574092,1.0088464780039208,1574.062363689363,1.0061444544137843
1574.0804197880802,1.0085362199904362,1574.0804197880802,1.002104182867651,1574.0804197880802,1.0106583646259455,1574.0637526200337,0.9942184764401384
1574.0818087187508,1.001555440086956,1574.0818087187508,1.002092171105027,1574.0818087187508,1.0036508654387886,1574.0651415507043,0.9989305502197188
1574.083197648955,1.0059937578122011,1574.083197648955,1.0021875507700804,1574.083197648955,1.0081944202317992,1574.0665304813742,1.010592248600193
1574.0845865796257,1.0191760578582565,1574.0845865796257,1.0021756155031036,1574.0845865796257,1.021393393090125,1574.0679194120444,0.9918238462422926
1574.085975510296,1.0042694081749801,1574.085975510296,1.0023080159908093,1574.085975510296,1.0065872780281286,1574.0693083427154,1.0029942564239638
1574.0873644409662,0.9975222316967697,1574.0873644409662,1.0023070008555257,1574.0873644409662,0.9998235163387,1574.070697273386,0.985548912620476
1574.0887533716364,0.9927595966416185,1574.0887533716364,1.0023766184974634,1574.0887533716364,0.9951190074625312,1574.0720862040562,0.9991028209063548
1574.090142302307,1.0013613091380689,1574.090142302307,1.0022993418743662,1574.090142302307,1.0036637811275402,1574.0734751347263,0.9959193496421784
1574.091531232978,0.9974117921051244,1574.091531232978,1.0022576589970134,1574.091531232978,0.9996636078112978,1574.074864065397,1.0133260693859707
1574.0929201636482,0.9986114270965621,1574.0929201636482,1.0022614001499979,1574.0929201636482,1.000869687127588,1574.0762529960684,1.008446952698535
1574.0943090943183,1.0026216089955189,1574.0943090943183,1.0022794236716903,1574.0943090943183,1.0049070084248115,1574.0776419267393,0.9983382736355336
1574.095698024989,0.991777317450481,1574.095698024989,1.0022186786427967,1574.095698024989,0.9939777526031186,1574.0790308574092,1.0088464780039208
1574.0970869556595,1.010275634590624,1574.0970869556595,1.00225466250683,1574.0970869556595,1.0125534651854995,1574.0804197880802,1.0106583646259455
1574.0984758863297,1.0010040985333037,1574.0984758863297,1.0022210866344363,1574.0984758863297,1.003227415357572,1574.0818087187508,1.0036508654387886
1574.099864816534,0.9895950211373622,1574.099864816534,1.0023266533093191,1574.099864816534,0.9918974656681772,1574.083197648955,1.0081944202317992
1574.101253747205,0.9958962468484064,1574.101253747205,1.002302267769018,1574.101253747205,0.9981890666788116,1574.0845865796257,1.021393393090125
1574.1026426778749,0.9835243458182117,1574.1026426778749,1.0023441974744565,1574.1026426778749,0.9858299211057452,1574.085975510296,1.0065872780281286
1574.104031608545,0.9905067496874536,1574.104031608545,1.0023383544152062,1574.104031608545,0.9928229055188768,1574.0873644409662,0.9998235163387
1574.105420539216,0.9940799901330732,1574.105420539216,1.0023947654059135,1574.105420539216,0.9964605785041548,1574.0887533716364,0.9951190074625312
1574.106809469887,0.9945410381371393,1574.106809469887,1.0023282080812994,1574.106809469887,0.9968565366193142,1574.090142302307,1.0036637811275402
1574.1081984005568,1.0205911696648118,1574.1081984005568,1.002311098700989,1574.1081984005568,1.022949856591265,1574.091531232978,0.9996636078112978
1574.109587330761,1.0017628606185058,1574.109587330761,1.002412741203135,1574.109587330761,1.0041798551480905,1574.0929201636482,1.000869687127588
1574.110976261432,0.9941051213402371,1574.110976261432,1.0024794259102354,1574.110976261432,0.9965699313355858,1574.0943090943183,1.0049070084248115
1574.112365192103,0.9901484354007984,1574.112365192103,1.0024870930773868,1574.112365192103,0.9926110267200692,1574.095698024989,0.9939777526031186
1574.113754122773,1.0049558554553368,1574.113754122773,1.0024293199057752,1574.113754122773,1.00739721471942,1574.0970869556595,1.0125534651854995
1574.1151430534428,1.0006060697854604,1574.1151430534428,1.0024901259649672,1574.1151430534428,1.003097704940537,1574.0984758863297,1.003227415357572
1574.116531984114,0.9870869577733614,1574.116531984114,1.0024713460490093,1574.116531984114,0.9895263912264832,1574.099864816534,0.9918974656681772
1574.1179209147845,0.993994735206711,1574.1179209147845,1.0025566612495116,1574.1179209147845,0.9965360430284326,1574.101253747205,0.9981890666788116
1574.119309844989,0.9852234259830915,1574.119309844989,1.0025395520845126,1574.119309844989,0.9877254521882576,1574.1026426778749,0.9858299211057452
1574.120698775659,1.005658885513136,1574.120698775659,1.002534171325294,1574.120698775659,1.0082073974238306,1574.104031608545,0.9928229055188768
1574.1220877063297,1.0029031788408658,1574.1220877063297,1.0024630582558296,1574.1220877063297,1.0053733877953075,1574.105420539216,0.9964605785041548
1574.1234766369998,1.0027248424777195,1574.1234766369998,1.0023710396540757,1574.1234766369998,1.005102342841361,1574.106809469887,0.9968565366193142
1574.12486556767,1.002454348334515,1574.12486556767,1.002402726613918,1574.12486556767,1.004862972076496,1574.1081984005568,1.022949856591265
1574.126254497875,0.9936792607283597,1574.126254497875,1.0024980166381394,1574.126254497875,0.9961614880546332,1574.109587330761,1.0041798551480905
1574.127643428546,1.0054238883643902,1574.127643428546,1.0024512577024227,1574.127643428546,1.0078884414149432,1574.110976261432,0.9965699313355858
1574.129032359216,1.0068926859179725,1574.129032359216,1.0023769723029448,1574.129032359216,1.0092860419444372,1574.112365192103,0.9926110267200692
1574.130421289886,1.0049916674349235,1574.130421289886,1.002397883079201,1574.130421289886,1.0074015199490038,1574.113754122773,1.00739721471942
1574.1318102205569,1.0114149804461434,1574.1318102205569,1.0023792769551758,1574.1318102205569,1.0138214168012385,1574.1151430534428,1.003097704940537
1574.1331991507618,0.9950483879552612,1574.1331991507618,1.0024621268855956,1574.1331991507618,0.9974983233437144,1574.116531984114,0.9895263912264832
1574.134588081432,0.9971612120312946,1574.134588081432,1.00257175325148,1574.134588081432,0.9997256646205858,1574.1179209147845,0.9965360430284326
1574.135977012102,0.9849100544035893,1574.135977012102,1.0025970732462672,1574.135977012102,0.9874679379558604,1574.119309844989,0.9877254521882576
1574.137365942773,0.9894872003212843,1574.137365942773,1.0025480660750936,1574.137365942773,0.9920084790881624,1574.120698775659,1.0082073974238306
1574.1387548729772,0.9897629046885595,1574.1387548729772,1.0025504782557944,1574.1387548729772,0.9922872734553596,1574.1220877063297,1.0053733877953075
1574.140143803647,0.9897037972886759,1574.140143803647,1.0025144660582452,1574.140143803647,0.9921923738946746,1574.1234766369998,1.005102342841361
1574.1415327343184,0.9904475926985264,1574.1415327343184,1.0026521339954728,1574.1415327343184,0.9930743924298564,1574.12486556767,1.004862972076496
1574.1429216649897,0.999084075371537,1574.1429216649897,1.0026073465820968,1574.1429216649897,1.0016890338206843,1574.126254497875,0.9961614880546332
1574.1443105951948,1.0059045681086138,1574.1443105951948,1.0025566258827185,1574.1443105951948,1.008476289762985,1574.127643428546,1.0078884414149432
1574.145699525865,1.0028356536015834,1574.145699525865,1.0024565951853366,1574.145699525865,1.005299214839905,1574.129032359216,1.0092860419444372
1574.1470884565356,1.0060481948950595,1574.1470884565356,1.002433793896986,1574.1470884565356,1.0084967088518688,1574.130421289886,1.0074015199490038
1574.1484773872066,0.9957343343359961,1574.1484773872066,1.0023575888118208,1574.1484773872066,0.9980818664621725,1574.1318102205569,1.0138214168012385
1574.149866317411,1.0155784883058254,1574.149866317411,1.0023579737301087,1574.149866317411,1.017973195702114,1574.1331991507618,0.9974983233437144
1574.1512552480808,0.9964297388901134,1574.1512552480808,1.0023144782440776,1574.1512552480808,0.9987359538425266,1574.134588081432,0.9997256646205858
1574.152644178752,1.0157962002164689,1574.152644178752,1.0024090032888426,1574.152644178752,1.0182432566035842,1574.135977012102,0.9874679379558604
1574.1540331089568,1.0078498161617768,1574.1540331089568,1.0024440834458064,1574.1540331089568,1.0103130852133169,1574.137365942773,0.9920084790881624
1574.155422039627,1.0079197075999542,1574.155422039627,1.0025404851316526,1574.155422039627,1.0104803126310116,1574.1387548729772,0.9922872734553596
1574.156810970297,0.9935846561280567,1574.156810970297,1.002520179863774,1574.156810970297,0.9960886681713854,1574.140143803647,0.9921923738946746
1574.1581999009677,1.00271961541807,1574.1581999009677,1.002497527094204,1574.1581999009677,1.0052239348254663,1574.1415327343184,0.9930743924298564
1574.1595888311722,1.0000303744838313,1574.1595888311722,1.0026192610081595,1574.1595888311722,1.002649715050692,1574.1429216649897,1.0016890338206843
1574.1609777618423,0.9936056678328231,1574.1609777618423,1.0025385331585686,1574.1609777618423,0.9961279687671584,1574.1443105951948,1.008476289762985
1574.162366692513,0.9920667075862728,1574.162366692513,1.0026063514407557,1574.162366692513,0.994652382078916,1574.145699525865,1.005299214839905
1574.1637556227183,1.0094575740725327,1574.1637556227183,1.002627236165505,1574.1637556227183,1.012109657518679,1574.1470884565356,1.0084967088518688
1574.1651445533885,0.9928410796160886,1574.1651445533885,1.0026299184900433,1574.1651445533885,0.9954521707290456,1574.1484773872066,0.9980818664621725
1574.1665334840584,0.9948118634196786,1574.1665334840584,1.002655586086239,1574.1665334840584,0.9974536719626014,1574.149866317411,1.017973195702114
1574.1679224142636,1.0076302046144947,1574.1679224142636,1.0027205503587029,1574.1679224142636,1.0103715133290985,1574.1512552480808,0.9987359538425266
1574.1693113449342,1.002159721439881,1574.1693113449342,1.0026888330470674,1574.1693113449342,1.0048543616173284,1574.152644178752,1.0182432566035842
1574.1707002756043,0.9913140498921598,1574.1707002756043,1.0026750060437173,1574.1707002756043,0.9939658209668432,1574.1540331089568,1.0103130852133169
1574.1720892058088,1.0202552818000332,1574.1720892058088,1.0027554946946955,1574.1720892058088,1.0230665898162683,1574.155422039627,1.0104803126310116
1574.1734781364796,1.0089315201615392,1574.1734781364796,1.0027855302280029,1574.1734781364796,1.011741929408934,1574.156810970297,0.9960886681713854
1574.1748670671495,0.9966938326794152,1574.1748670671495,1.002894593623203,1574.1748670671495,0.9995788562917748,1574.1581999009677,1.0052239348254663
1574.176255997354,1.0000617893388175,1574.176255997354,1.0028933567304523,1574.176255997354,1.002955324847869,1574.1595888311722,1.002649715050692
1574.177644928025,1.0054686641480042,1574.177644928025,1.0028447070094177,1574.177644928025,1.008328927904656,1574.1609777618423,0.9961279687671584
1574.1790338586957,1.001757442821833,1574.1790338586957,1.0028189515903587,1574.1790338586957,1.0045813485584292,1574.162366692513,0.994652382078916
1574.1804227889002,1.0011529221556503,1574.1804227889002,1.002766536675015,1574.1804227889002,1.0039226484320922,1574.1637556227183,1.012109657518679
1574.1818117195703,1.0117205650004057,1574.1818117195703,1.0027068534568797,1574.1818117195703,1.0144591443091735,1574.1651445533885,0.9954521707290456
1574.1832006497752,1.0004552118379466,1574.1832006497752,1.0027781347635267,1574.1832006497752,1.003234611241305,1574.1665334840584,0.9974536719626014
1574.184589580446,0.9982189618778178,1574.184589580446,1.0029006129021316,1574.184589580446,1.001114408677793,1574.1679224142636,1.0103715133290985
1574.185978511116,1.000283422269001,1574.185978511116,1.0029692289335919,1574.185978511116,1.0032534927481944,1574.1693113449342,1.0048543616173284
1574.1873674413205,1.0083085383369488,1574.1873674413205,1.002965436984531,1574.1873674413205,1.0112986137683515,1574.1707002756043,0.9939658209668432
1574.1887563719915,0.9989519272442002,1574.1887563719915,1.0029562659801488,1574.1887563719915,1.0019050948425163,1574.1720892058088,1.0230665898162683
1574.1901453021965,1.0178158972740752,1574.1901453021965,1.0030390147139034,1574.1901453021965,1.020909054761936,1574.1734781364796,1.011741929408934
1574.1915342328666,0.9916387049417492,1574.1915342328666,1.0029564747260298,1574.1915342328666,0.9945704597102624,1574.1748670671495,0.9995788562917748
1574.1929231635368,1.0037138445774334,1574.1929231635368,1.0030876833115276,1574.1929231635368,1.0068129950648843,1574.176255997354,1.002955324847869
1574.1943120937417,1.0141154807225599,1574.1943120937417,1.003121980834968,1574.1943120937417,1.0172815298178202,1574.177644928025,1.008328927904656
1574.1957010244118,0.9899192989850245,1574.1957010244118,1.003250843585549,1574.1957010244118,0.993137371788341,1574.1790338586957,1.0045813485584292
1574.1970899546163,0.9901304498830438,1574.1970899546163,1.003259457536221,1574.1970899546163,0.993357738039757,1574.1804227889002,1.0039226484320922
1574.198478885287,0.9942777630268226,1574.198478885287,1.0033402936343312,1574.198478885287,0.9975989427094182,1574.1818117195703,1.0144591443091735
1574.1998678154923,0.9983219712009377,1574.1998678154923,1.0032881362038677,1574.1998678154923,1.00160458981756,1574.1832006497752,1.003234611241305
1574.2012567461625,0.9966257455062203,1574.2012567461625,1.00321026366764,1574.2012567461625,0.9998251769272536,1574.184589580446,1.001114408677793
1574.2026456768324,0.9951653255547613,1574.2026456768324,1.0032772959593859,1574.2026456768324,0.9984267768551228,1574.185978511116,1.0032534927481944
1574.2040346070376,0.9993206561137931,1574.2040346070376,1.0032719310382678,1574.2040346070376,1.002590364385714,1574.1873674413205,1.0112986137683515
1574.2054235377082,0.9974872620666734,1574.2054235377082,1.003158802455334,1574.2054235377082,1.000638127279254,1574.1887563719915,1.0019050948425163
1574.2068124679126,1.0082709392371136,1574.2068124679126,1.003088785495286,1574.2068124679126,1.0113852718895475,1574.1901453021965,1.020909054761936
1574.2095903287886,1.0080098828996953,1574.2095903287886,1.0028805856800367,1574.2095903287886,1.0109135417337116,1574.1915342328666,0.9945704597102624
1574.21097925946,1.0058838090520665,1574.21097925946,1.0027885060023856,1574.21097925946,1.0086887220913108,1574.1929231635368,1.0068129950648843
1574.2123681896646,1.0150139317133071,1574.2123681896646,1.0027411028190838,1574.2123681896646,1.0177961892629357,1574.1943120937417,1.0172815298178202
1574.2137571203348,0.989963685024451,1574.2137571203348,1.0027328283174894,1574.2137571203348,0.992669085816172,1574.1957010244118,0.993137371788341
1574.2151460505395,0.9992070503523834,1574.2151460505395,1.002666824369942,1574.2151460505395,1.001871760064881,1574.1970899546163,0.993357738039757
1574.21653498121,1.0025336284557804,1574.21653498121,1.0027644251694294,1574.21653498121,1.005305057651483,1574.198478885287,0.9975989427094182
1574.2179239114143,1.0113041342809415,1574.2179239114143,1.0027868382806278,1574.2179239114143,1.0141224753557128,1574.1998678154923,1.00160458981756
1574.219312842085,0.9977619110129392,1574.219312842085,1.0028272524603967,1574.219312842085,1.0005828358307407,1574.2012567461625,0.9998251769272536
1574.2207017722903,1.008075243787767,1574.2207017722903,1.0028306922294865,1574.2207017722903,1.0109287945470946,1574.2026456768324,0.9984267768551228
1574.2220907029605,1.0031512157350815,1574.2220907029605,1.0028197701978216,1574.2220907029605,1.0059798716371198,1574.2040346070376,1.002590364385714
1574.2234796331643,1.007314388213094,1574.2234796331643,1.0028817963133543,1574.2234796331643,1.0102172631034352,1574.2054235377082,1.000638127279254
1574.2248685638356,0.9890881535642448,1574.2248685638356,1.002985437393295,1574.2248685638356,0.9920410143231606,1574.2068124679126,1.0113852718895475
1574.2262574940405,0.9997495583807203,1574.2262574940405,1.0029848561790726,1574.2262574940405,1.0027336670275782,1574.2082013985828,1.0247255792847851
1574.2276464247109,1.0060874983207249,1574.2276464247109,1.0030077174490373,1574.2276464247109,1.0091135252446823,1574.2095903287886,1.0109135417337116
1574.2290353549151,1.00379301636796,1574.2290353549151,1.0030126723013189,1574.2290353549151,1.006817115784629,1574.21097925946,1.0086887220913108
1574.2304242855855,0.9940422071975862,1574.2304242855855,1.0029908266087777,1574.2304242855855,0.9970152150811208,1574.2123681896646,1.0177961892629357
1574.2318132157902,1.0029937056279288,1574.2318132157902,1.0030970103771861,1574.2318132157902,1.0060999875425107,1574.2137571203348,0.992669085816172
1574.2332021464604,1.0077954302713863,1574.2332021464604,1.0031074185194822,1574.2332021464604,1.010927072455261,1574.2151460505395,1.001871760064881
1574.2345910766653,1.000753531314578,1574.2345910766653,1.0030254413125537,1574.2345910766653,1.003781252391901,1574.21653498121,1.005305057651483
1574.2359800073364,1.0046697409579413,1574.2359800073364,1.0030781216959568,1574.2359800073364,1.007762236684855,1574.2179239114143,1.0141224753557128
1574.2373689375409,0.9960084510620263,1574.2373689375409,1.0031156008867463,1574.2373689375409,0.999111615875362,1574.219312842085,1.0005828358307407
1574.238757867745,1.008296867073076,1574.238757867745,1.0029923568316306,1574.238757867745,1.011314051091574,1574.2207017722903,1.0109287945470946
1574.240146798416,1.0185719326573364,1574.240146798416,1.0029203063630234,1574.240146798416,1.0215464747534726,1574.2220907029605,1.0059798716371198
1574.2415357286209,1.004360234267742,1574.2415357286209,1.0030515360254664,1574.2415357286209,1.007425075705156,1574.2234796331643,1.0102172631034352
1574.242924659291,0.9938326039629093,1574.242924659291,1.0031077392622534,1574.242924659291,0.9969211765663524,1574.2248685638356,0.9920410143231606
1574.2443135894955,1.0070372307189466,1574.2443135894955,1.0031393048779946,1574.2443135894955,1.0101986276096648,1574.2262574940405,1.0027336670275782
1574.2457025201663,0.9923878273622051,1574.2457025201663,1.0031239180793932,1574.2457025201663,0.9954879656378716,1574.2276464247109,1.0091135252446823
1574.2470914503715,0.9841716710358757,1574.2470914503715,1.0030842500346357,1574.2470914503715,0.9872071025463556,1574.2290353549151,1.006817115784629
1574.248480380576,0.9952338436385834,1574.248480380576,1.0030549037282679,1574.248480380576,0.9982741872180132,1574.2304242855855,0.9970152150811208
1574.249869311246,1.0030902134685238,1574.249869311246,1.002998601154639,1574.249869311246,1.0060980809408375,1574.2318132157902,1.0060999875425107
1574.251258241451,0.9920315443422247,1574.251258241451,1.0030925479082158,1574.251258241451,0.9950994494195644,1574.2332021464604,1.010927072455261
1574.2526471721212,0.9981882219462863,1574.2526471721212,1.0031013702684213,1574.2526471721212,1.0012839732201189,1574.2345910766653,1.003781252391901
1574.2540361023257,1.0000556962096199,1574.2540361023257,1.0031243106168297,1574.2540361023257,1.0031801808387086,1574.2359800073364,1.007762236684855
1574.2554250325306,0.9895062315849156,1574.2554250325306,1.0030188181393958,1574.2554250325306,0.9924933709458692,1574.2373689375409,0.999111615875362
1574.2568139632017,1.0049704919801665,1574.2568139632017,1.0029112286095716,1574.2568139632017,1.0078961908281945,1574.238757867745,1.011314051091574
1574.2582028934055,1.0090447542032495,1574.2582028934055,1.0029753813833504,1574.2582028934055,1.0120470471798733,1574.240146798416,1.0215464747534726
1574.2595918236102,0.9946749940484236,1574.2595918236102,1.0030581968681174,1574.2595918236102,0.9977169060000172,1574.2415357286209,1.007425075705156
1574.2609807542813,0.9939208103069089,1574.2609807542813,1.0031649387727064,1574.2609807542813,0.997066508816449,1574.242924659291,0.9969211765663524
1574.2623696844862,1.0038155129858608,1574.2623696844862,1.0032399894485757,1574.2623696844862,1.0070678646562516,1574.2443135894955,1.0101986276096648
1574.2637586151563,0.9951241593312642,1574.2637586151563,1.0033075510187113,1574.2637586151563,0.9984155832582046,1574.2457025201663,0.9954879656378716
1574.2651475453608,1.0104355061747936,1574.2651475453608,1.0033162470405077,1574.2651475453608,1.0137863599317696,1574.2470914503715,0.9872071025463556
1574.2665364755658,1.0010374121083538,1574.2665364755658,1.0034339118910187,1574.2665364755658,1.0044748863811472,1574.248480380576,0.9982741872180132
1574.267925406236,0.9965954765872571,1574.267925406236,1.003380514308787,1574.267925406236,0.9999644818559328,1574.249869311246,1.0060980809408375
1574.2693143364404,0.9888568860502249,1574.2693143364404,1.0033126817500126,1574.2693143364404,0.9921326542100178,1574.251258241451,0.9950994494195644
1574.2707032666451,0.997260066412964,1574.2707032666451,1.0032275491386944,1574.2707032666451,1.0004787722813695,1574.2526471721212,1.0012839732201189
1574.2720921973164,0.9805371728245496,1574.2720921973164,1.0032182062036232,1574.2720921973164,0.9836927436370168,1574.2540361023257,1.0031801808387086
1574.2734811275209,0.9935791676979762,1574.2734811275209,1.0031842176914123,1574.2734811275209,0.9967429400615788,1574.2554250325306,0.9924933709458692
1574.2748700577251,0.9887987571600713,1574.2748700577251,1.0031257872874888,1574.2748700577251,0.991889531745087,1574.2568139632017,1.0078961908281945
1574.276258988396,1.0017661974766117,1574.276258988396,1.0032382325901448,1574.276258988396,1.005010149424986,1574.2582028934055,1.0120470471798733
1574.2776479186018,1.0046536348997288,1574.2776479186018,1.0031119558300028,1574.2776479186018,1.0077800726359885,1574.2595918236102,0.9977169060000172
1574.2790368488068,1.0127295159967131,1574.2790368488068,1.0029920888239299,1574.2790368488068,1.0157596926631909,1574.2609807542813,0.997066508816449
1574.2804257790112,0.9929560574858766,1574.2804257790112,1.0028590097214523,1574.2804257790112,0.9957949285072036,1574.2623696844862,1.0070678646562516
1574.281814709682,0.9927726997027424,1574.281814709682,1.0029939880956213,1574.281814709682,0.9957450493473102,1574.2637586151563,0.9984155832582046
1574.2832036398872,1.0076717760637195,1574.2832036398872,1.0030442947374654,1574.2832036398872,1.0107394259486826,1574.2651475453608,1.0137863599317696
1574.2845925700915,0.9994203985913022,1574.2845925700915,1.0030321107650046,1574.2845925700915,1.002450751940636,1574.2665364755658,1.0044748863811472
1574.285981500762,1.0059967122052609,1574.285981500762,1.0030839889808725,1574.285981500762,1.009099194980496,1574.267925406236,0.9999644818559328
1574.2873704309668,1.0042281177486532,1574.2873704309668,1.0031711263981817,1574.2873704309668,1.0074126520426423,1574.2693143364404,0.9921326542100178
1574.2887593611713,1.0049805500514462,1574.2887593611713,1.0030803803911987,1574.2887593611713,1.0080762724313608,1574.2707032666451,1.0004787722813695
1574.2901482913758,1.0081445335996992,1574.2901482913758,1.003072900334202,1574.2901482913758,1.0112424612739217,1574.2720921973164,0.9836927436370168
1574.2915372220464,0.9995122504850394,1574.2915372220464,1.003041711473632,1574.2915372220464,1.0025524783653756,1574.2734811275209,0.9967429400615788
1574.2929261522515,0.9934074943958876,1574.2929261522515,1.003012238570793,1574.2929261522515,0.9963998747670216,1574.2748700577251,0.991889531745087
1574.2943150824558,1.0015995878167516,1574.2943150824558,1.0029613404811812,1574.2943150824558,1.0045656652220878,1574.276258988396,1.005010149424986
1574.295704013126,1.0172113378567584,1574.295704013126,1.0029539185616427,1574.295704013126,1.020216097308767,1574.2776479186018,1.0077800726359885
1574.297092943331,1.0023988765678908,1574.297092943331,1.0028824759841195,1574.297092943331,1.005288267256106,1574.2790368488068,1.0157596926631909
1574.2984818735365,1.017695668847627,1574.2984818735365,1.002831350079983,1574.2984818735365,1.020577121561017,1574.2804257790112,0.9957949285072036
1574.2998708037408,1.007697458628415,1574.2998708037408,1.0028032825909121,1574.2998708037408,1.0105223193710946,1574.281814709682,0.9957450493473102
1574.3012597339452,1.001150007666338,1574.3012597339452,1.0028100628398737,1574.3012597339452,1.0039633021000205,1574.2832036398872,1.0107394259486826
1574.3026486646158,0.989214813646262,1574.3026486646158,1.0028108811200067,1574.3026486646158,0.9919953788895712,1574.2845925700915,1.002450751940636
1574.3040375948203,0.9971088862642832,1574.3040375948203,1.0028092871577425,1574.3040375948203,0.9999100514533364,1574.285981500762,1.009099194980496
1574.3054265250248,1.00028554506602,1574.3054265250248,1.0028290649935403,1574.3054265250248,1.0031154178851107,1574.2873704309668,1.0074126520426423
1574.3068154552298,1.0059728892965478,1574.3068154552298,1.002791598316552,1574.3068154552298,1.008781161520805,1574.2887593611713,1.0080762724313608
1574.3082043859008,1.0078992469840022,1574.3082043859008,1.0027127188739733,1574.3082043859008,1.0106333942943593,1574.2901482913758,1.0112424612739217
1574.3095933161053,1.0019615487975952,1574.3095933161053,1.0026864275361818,1574.3095933161053,1.0046532458924804,1574.2915372220464,1.0025524783653756
1574.3109822463095,1.0029453792494598,1574.3109822463095,1.0027476052808824,1574.3109822463095,1.0057010772699222,1574.2929261522515,0.9963998747670216
1574.3123711765147,0.9867044722925409,1574.3123711765147,1.0027330977362905,1574.3123711765147,0.9894012320521514,1574.2943150824558,1.0045656652220878
1574.3137601067197,1.0055510058439892,1574.3137601067197,1.002806135521186,1574.3137601067197,1.0083727182398523,1574.295704013126,1.020216097308767
1574.3151490373898,0.9983366343106699,1574.3151490373898,1.0028159776552112,1574.3151490373898,1.0011479279652675,1574.297092943331,1.005288267256106
1574.3165379675945,1.0069999089705133,1574.3165379675945,1.0028955961460513,1574.3165379675945,1.0099157740260023,1574.2984818735365,1.020577121561017
1574.3179268977992,1.0039908591028688,1574.3179268977992,1.0028410573162105,1574.3179268977992,1.0068432546785315,1574.2998708037408,1.0105223193710946
1574.3193158280046,1.01137583722708,1574.3193158280046,1.002691115607219,1574.3193158280046,1.014097566527406,1574.3012597339452,1.0039633021000205
1574.320704758209,0.9789830068792915,1574.320704758209,1.0027142328143472,1574.320704758209,0.9816401946812516,1574.3026486646158,0.9919953788895712
1574.3220936884136,1.0031616289718068,1574.3220936884136,1.0028372563058712,1574.3220936884136,1.0060078556294152,1574.3040375948203,0.9999100514533364
1574.3234826190842,1.0025795262349682,1574.3234826190842,1.0029035355621447,1574.3234826190842,1.0054905515432695,1574.3054265250248,1.0031154178851107
1574.324871549289,0.9968558540921097,1574.324871549289,1.002977084136776,1574.324871549289,0.9998235778419796,1574.3068154552298,1.008781161520805
1574.3262604794932,1.0027224737591396,1574.3262604794932,1.0029705776942404,1574.3262604794932,1.005701138773202,1574.3082043859008,1.0106333942943593
1574.327649409698,1.0051698760435042,1574.327649409698,1.0029446806075282,1574.327649409698,1.0081297802847609,1574.3095933161053,1.0046532458924804
1574.3290383399033,0.994184442617665,1574.3290383399033,1.002972913269098,1574.3290383399033,0.997140066739054,1574.3109822463095,1.0057010772699222
1574.3304272701075,0.9901153909141254,1574.3304272701075,1.003033452882933,1574.3304272701075,0.9931188593011302,1574.3123711765147,0.9894012320521514
1574.3318162007777,0.9901410159150881,1574.3318162007777,1.0030217808294952,1574.3318162007777,0.9931330050554772,1574.3137601067197,1.0083727182398523
1574.333205130983,0.9959769428823918,1574.333205130983,1.0030051824636395,1574.333205130983,0.9989700353253312,1574.3151490373898,1.0011479279652675
1574.334594061188,0.9819799053415719,1574.334594061188,1.002953567181434,1574.334594061188,0.9848802489628165,1574.3165379675945,1.0099157740260023
1574.3359829913925,0.9864714676964896,1574.3359829913925,1.0029577857157084,1574.3359829913925,0.9893892389125962,1574.3179268977992,1.0068432546785315
1574.337371921597,0.9905159615527831,1574.337371921597,1.0029123263917232,1574.337371921597,0.9934006673290364,1574.3193158280046,1.014097566527406
1574.338760851802,0.9921891218438234,1574.338760851802,1.002960203289654,1574.338760851802,0.9951262033462644,1574.320704758209,0.9816401946812516
1574.3401497820073,1.0095797051123943,1574.3401497820073,1.0029033862196925,1574.3401497820073,1.012510904915899,1574.3220936884136,1.0060078556294152
1574.3415387122116,1.00060846473902,1574.3415387122116,1.00278724974065,1574.3415387122116,1.0033974104228562,1574.3234826190842,1.0054905515432695
1574.3429276424158,1.0073361677797212,1574.3429276424158,1.0027859307831455,1574.3429276424158,1.0101425366185146,1574.324871549289,0.9998235778419796
1574.3443165730869,0.9919444831162033,1574.3443165730869,1.0027463823646392,1574.3443165730869,0.9946687419513348,1574.3262604794932,1.005701138773202
1574.3457055032914,1.007544642725356,1574.3457055032914,1.0027472846835999,1574.3457055032914,1.0103126546903585,1574.327649409698,1.0081297802847609
1574.3470944334956,1.0088498352129818,1574.3470944334956,1.0027043167014733,1574.3470944334956,1.011578084671627,1574.3290383399033,0.997140066739054
1574.3484833637012,1.003795901851819,1574.3484833637012,1.0025669857041244,1574.3484833637012,1.0063726315817312,1574.3304272701075,0.9931188593011302
1574.349872293907,0.995543035759966,1574.349872293907,1.0025804683645168,1574.349872293907,0.9981120030692596,1574.3318162007777,0.9931330050554772
1574.3512612241116,0.9948182922861498,1574.3512612241116,1.0026311777192023,1574.3512612241116,0.997435836011468,1574.333205130983,0.9989700353253312
1574.352650154316,0.9915000802957248,1574.352650154316,1.002629363079802,1574.352650154316,0.994107094000475,1574.334594061188,0.9848802489628165
1574.354039084521,0.9856898811202246,1574.354039084521,1.0026294966431095,1574.354039084521,0.9882817493537772,1574.3359829913925,0.9893892389125962
1574.3554280147264,1.0075490088503765,1574.3554280147264,1.0027009421473256,1574.3554280147264,1.0102703404338766,1574.337371921597,0.9934006673290364
1574.3568169449309,1.0103425120213847,1574.3568169449309,1.0025994004816718,1574.3568169449309,1.0129687968337866,1574.338760851802,0.9951262033462644
1574.3582058751354,0.9887095388163929,1574.3582058751354,1.0025607215909222,1574.3582058751354,0.9912413486795908,1574.3401497820073,1.012510904915899
1574.3595948053403,0.9999552421841442,1574.3595948053403,1.0025014645281587,1574.3595948053403,1.0024565947522142,1574.3415387122116,1.0033974104228562
1574.3609837355448,0.9779891396042485,1574.3609837355448,1.0025112598374923,1574.3609837355448,0.9804451244520404,1574.3429276424158,1.0101425366185146
1574.3623726657493,0.9891122204729548,1574.3623726657493,1.0024964218343024,1574.3623726657493,0.9915814618167188,1574.3443165730869,0.9946687419513348
1574.3637615959542,0.9915137602098717,1574.3637615959542,1.0024447000691181,1574.3637615959542,0.9939377139679884,1574.3457055032914,1.0103126546903585
1574.3651505261594,1.0065757360463456,1574.3651505261594,1.002440067602314,1574.3651505261594,1.0090318488891477,1574.3470944334956,1.011578084671627
1574.3665394563636,0.999886865288622,1574.3665394563636,1.0024105856833438,1574.3665394563636,1.0022971782510504,1574.3484833637012,1.0063726315817312
1574.367928386568,0.995354144252523,1574.367928386568,1.0024004834642537,1574.367928386568,0.9977434754168776,1574.349872293907,0.9981120030692596
1574.3693173167735,1.003895613118011,1574.3693173167735,1.0023780213274576,1574.3693173167735,1.0062828982965468,1574.3512612241116,0.997435836011468
1574.3707062469784,0.9984940000512716,1574.3707062469784,1.0023588203707903,1574.3707062469784,1.0008492680387044,1574.352650154316,0.994107094000475
1574.372095177183,0.9996083284129726,1574.372095177183,1.0024379487826882,1574.372095177183,1.002045322320392,1574.354039084521,0.9882817493537772
1574.3734841073874,0.9962621186490148,1574.3734841073874,1.0024372484019923,1574.3734841073874,0.9986902569056576,1574.3554280147264,1.0102703404338766
1574.3748730375924,1.0045661969453663,1574.3748730375924,1.0023664409405164,1574.3748730375924,1.0069434435212767,1574.3568169449309,1.0129687968337866
1574.3762619677975,1.0070062531779786,1574.3762619677975,1.0023890705535492,1574.3762619677975,1.009412062164686,1574.3582058751354,0.9912413486795908
1574.377650898002,1.011775058357332,1574.377650898002,1.002413771255116,1574.377650898002,1.0142172519098382,1574.3595948053403,1.0024565947522142
1574.3790398282065,0.9922758894659536,1574.3790398282065,1.002366232129668,1574.3790398282065,0.9946238445571028,1574.3609837355448,0.9804451244520404
1574.3804287584117,0.9964949251864708,1574.3804287584117,1.0025079484682604,1574.3804287584117,0.9989940831077214,1574.3623726657493,0.9915814618167188
1574.381817688616,1.002545784956644,1574.381817688616,1.0023989680498708,1574.381817688616,1.0049508602632875,1574.3637615959542,0.9939377139679884
1574.3832066188204,1.007594002627995,1574.3832066188204,1.0022900504844239,1574.3832066188204,1.009901443761816,1574.3651505261594,1.0090318488891477
1574.3845955490256,1.0040391658119352,1574.3845955490256,1.0022897751516155,1574.3845955490256,1.00633818974506,1574.3665394563636,1.0022971782510504
1574.3859844792305,1.0008934319714635,1574.3859844792305,1.0023089797464273,1574.3859844792305,1.0032044746342177,1574.367928386568,0.9977434754168776
1574.387373409435,1.0004073990938418,1574.387373409435,1.0022099874340098,1574.387373409435,1.0026182868747295,1574.3693173167735,1.0062828982965468
1574.3887623396397,0.9837412069156486,1574.3887623396397,1.0022612165810594,1574.3887623396397,0.9859656588441976,1574.3707062469784,1.0008492680387044
1574.3901512698444,1.0061609622756993,1574.3901512698444,1.00226037869183,1574.3901512698444,1.0084352670753784,1574.372095177183,1.002045322320392
1574.3915402000498,0.9842173408681898,1574.3915402000498,1.0022720830060268,1574.3915402000498,0.9864535643626132,1574.3734841073874,0.9986902569056576
1574.3929291302543,0.9986263672981672,1574.3929291302543,1.0022223862927984,1574.3929291302543,1.0008457008484777,1574.3748730375924,1.0069434435212767
1574.3943180604583,0.9928383372252517,1574.3943180604583,1.0022624931166195,1574.3943180604583,0.9950846271291398,1574.3762619677975,1.009412062164686
1574.3957069906637,1.0050267582515322,1574.3957069906637,1.0022097724993422,1574.3957069906637,1.0072476387430194,1574.377650898002,1.0142172519098382
1574.3970959208682,0.9894126733599455,1574.3970959208682,1.002285113614111,1574.3970959208682,0.9916735937298145,1574.3790398282065,0.9946238445571028
1574.398484851073,1.0022341819263783,1574.398484851073,1.0023313793423403,1574.398484851073,1.0045707699943087,1574.3804287584117,0.9989940831077214
1574.399873780812,1.0132111990048471,1574.399873780812,1.0023390480084498,1574.399873780812,1.0155811486420183,1574.381817688616,1.0049508602632875
1574.4012627110171,0.9947355744629147,1574.4012627110171,1.002325649125446,1574.4012627110171,0.9970489803817144,1574.3832066188204,1.009901443761816
1574.4026516412214,0.9928687934070806,1574.4026516412214,1.0023445506697137,1574.4026516412214,0.995196624601601,1574.3845955490256,1.00633818974506
1574.404040571426,0.984338160003105,1574.404040571426,1.0022052338273817,1574.404040571426,0.9865088558111266,1574.3859844792305,1.0032044746342177
1574.4054295016313,1.0147883980979162,1574.4054295016313,1.0022098260672319,1574.4054295016313,1.0170309039527574,1574.387373409435,1.0026182868747295
1574.4068184318362,1.0156505137452776,1574.4068184318362,1.0022348131621222,1574.4068184318362,1.0179203028815116,1574.3887623396397,0.9859656588441976
1574.408207362041,0.9990663723142637,1574.408207362041,1.0022253368436815,1574.408207362041,1.0012896315218578,1574.3901512698444,1.0084352670753784
1574.4095962922452,0.9997509328772336,1574.4095962922452,1.0022282748779001,1574.4095962922452,1.001978652765121,1574.3915402000498,0.9864535643626132
1574.41098522245,1.0027592729474988,1574.41098522245,1.0021185186597734,1574.41098522245,1.0048836371784988,1574.3929291302543,1.0008457008484777
1574.4123741521896,0.9980973351908351,1574.4123741521896,1.0020468790667292,1574.4123741521896,1.0001403197327954,1574.3943180604583,0.9950846271291398
1574.413763082394,0.9918977623638727,1574.413763082394,1.0020460118172243,1574.413763082394,0.9939271969071476,1574.3957069906637,1.0072476387430194
1574.4151520125984,0.9906899589157645,1574.4151520125984,1.0019830125514264,1574.4151520125984,0.9926545095388666,1574.3970959208682,0.9916735937298145
1574.4165409428035,1.0036221119619584,1574.4165409428035,1.0020193731246088,1574.4165409428035,1.0056487994821175,1574.398484851073,1.0045707699943087
1574.417929873008,0.9971324638092383,1574.417929873008,1.0020912419356611,1574.417929873008,0.9992177090329653,1574.399873780812,1.0155811486420183
1574.4193188032132,0.9862010475617243,1574.4193188032132,1.0020931015214172,1574.4193188032132,0.988265266474799,1574.4012627110171,0.9970489803817144
1574.420707733419,0.9973587716773947,1574.420707733419,1.001984479233558,1574.420707733419,0.9993380094481954,1574.4026516412214,0.995196624601601
1574.4220966631583,1.001874253319829,1574.4220966631583,1.0019507618788468,1574.4220966631583,1.0038286714206035,1574.404040571426,0.9865088558111266
1574.4234855933628,0.9950696162129721,1574.4234855933628,1.0019141984232527,1574.4234855933628,0.9969743769033536,1574.4054295016313,1.0170309039527574
1574.4248745235673,1.0015368901352337,1574.4248745235673,1.0018458747512107,1574.4248745235673,1.0033856017931404,1574.4068184318362,1.0179203028815116
1574.4262634537722,1.0084713137911883,1574.4262634537722,1.001868503016358,1574.4262634537722,1.0103556454829177,1574.408207362041,1.0012896315218578
1574.4276523839776,1.0025269657217013,1574.4276523839776,1.001872214851837,1574.4276523839776,1.0044039115962926,1574.4095962922452,1.001978652765121
1574.429041314182,1.0042548208132775,1574.429041314182,1.0019015927333716,1574.429041314182,1.0061645044829894,1574.41098522245,1.0048836371784988
1574.430430243921,1.0036598566509036,1574.430430243921,1.0018761063996857,1574.430430243921,1.005542829331074,1574.4123741521896,1.0001403197327954
1574.4318191741258,0.9933681836737452,1574.4318191741258,1.001867827959632,1574.4318191741258,0.99522362454142,1574.413763082394,0.9939271969071476
1574.4332081043303,0.9961662666045927,1574.4332081043303,1.0018725922005425,1574.4332081043303,0.99803167978588,1574.4151520125984,0.9926545095388666
1574.4345970345348,1.0103406555697338,1574.4345970345348,1.0018265626702496,1574.4345970345348,1.0121861060954331,1574.4165409428035,1.0056487994821175
1574.4359859647398,1.006546910138433,1574.4359859647398,1.00177384872171,1574.4359859647398,1.0083323720883233,1574.417929873008,0.9992177090329653
1574.4373748944793,1.016330163913785,1574.4373748944793,1.0017806277337442,1574.4373748944793,1.0181398695902906,1574.4193188032132,0.988265266474799
1574.4387638246835,1.0120869644509385,1574.4387638246835,1.001728140652967,1574.4387638246835,1.013835993078544,1574.420707733419,0.9993380094481954
1574.440152754888,1.0013857566941111,1574.440152754888,1.001765715392211,1574.440152754888,1.0031539189382468,1574.4220966631583,1.0038286714206035
1574.4415416850934,0.9990557350852145,1574.4415416850934,1.0016473576174827,1574.4415416850934,1.0007015371606969,1574.4234855933628,0.9969743769033536
1574.442930614833,0.9905433857687005,1574.442930614833,1.0016257380438,1574.442930614833,0.9921537498349792,1574.4248745235673,1.0033856017931404
1574.4443195450372,0.995607290326527,1574.4443195450372,1.0014863511979304,1574.4443195450372,0.997087112415172,1574.4262634537722,1.0103556454829177
1574.4457084752416,1.0077041400822417,1574.4457084752416,1.0015681599497177,1574.4457084752416,1.0092843813558834,1574.4276523839776,1.0044039115962926
1574.4470974054466,1.0037927525190482,1574.4470974054466,1.001482082647831,1574.4470974054466,1.0052804563395752,1574.429041314182,1.0061645044829894
1574.448486335186,1.0116748913521374,1574.448486335186,1.0014205617165342,1574.448486335186,1.013112037972371,1574.430430243921,1.005542829331074
1574.4498752653903,0.9975724136678179,1574.4498752653903,1.0014643403384285,1574.4498752653903,0.9990331991936552,1574.4318191741258,0.99522362454142
1574.4512641955948,0.9940204818604611,1574.4512641955948,1.001392782518052,1574.4512641955948,0.995404936210182,1574.4332081043303,0.99803167978588
1574.4526531258002,1.003244516000779,1574.4526531258002,1.0013970627189026,1574.4526531258002,1.004646111512027,1574.4345970345348,1.0121861060954331
1574.4540420555388,1.005602055019232,1574.4540420555388,1.0013685327625634,1574.4540420555388,1.006978254377627,1574.4359859647398,1.0083323720883233
1574.455430985743,1.0060676922165463,1574.455430985743,1.0014123466915845,1574.455430985743,1.0074886085931585,1574.4373748944793,1.0181398695902906
1574.4568199159485,0.9997480455926565,1574.4568199159485,1.0014289644381515,1574.4568199159485,1.00117664999692,1574.4387638246835,1.013835993078544
1574.4582088461534,1.001981772469372,1574.4582088461534,1.0014157843484688,1574.4582088461534,1.0034003625802852,1574.440152754888,1.0031539189382468
1574.4595977758922,1.0088318905637315,1574.4595977758922,1.0015088909772087,1574.4595977758922,1.0103541079009235,1574.4415416850934,1.0007015371606969
1574.4609867060967,1.0035652475104737,1574.4609867060967,1.0015532682030521,1574.4609867060967,1.00512405349912,1574.442930614833,0.9921537498349792
1574.4623756363017,0.9781550556411914,1574.4623756363017,1.0016129102560722,1574.4623756363017,0.979732731962464,1574.4443195450372,0.997087112415172
1574.4637645660414,0.994057833203423,1574.4637645660414,1.0016215717794348,1574.4637645660414,0.9956697693328718,1574.4457084752416,1.0092843813558834
1574.465153496246,0.9928718805849086,1574.465153496246,1.0015860168373076,1574.465153496246,0.9944465921048056,1574.4470974054466,1.0052804563395752
1574.46654242645,1.011987873893732,1574.46654242645,1.0015393091569607,1574.46654242645,1.0135456360947497,1574.448486335186,1.013112037972371
1574.4679313561896,0.9941477499394689,1574.4679313561896,1.0014715883478214,1574.4679313561896,0.9956107261842926,1574.4498752653903,0.9990331991936552
1574.4693202863946,1.00952544275147,1574.4693202863946,1.0015684928103203,1574.4693202863946,1.0111088761502611,1574.4512641955948,0.995404936210182
1574.470709216599,0.9999456952839517,1574.470709216599,1.0015400308214697,1574.470709216599,1.001485642474485,1574.4526531258002,1.004646111512027
1574.472098146338,0.9862087595878849,1574.472098146338,1.0015326012945005,1574.472098146338,0.987720224409477,1574.4540420555388,1.006978254377627
1574.4734870765428,0.9935914310959627,1574.4734870765428,1.0015347054881267,1574.4734870765428,0.9951163013182214,1574.455430985743,1.0074886085931585
1574.4748760067473,1.0069124678847272,1574.4748760067473,1.0014982965097987,1574.4748760067473,1.0084211213210317,1574.4568199159485,1.00117664999692
1574.476264936486,1.0069468850181813,1574.476264936486,1.0015672279897396,1574.476264936486,1.008525000360563,1574.4582088461534,1.0034003625802852
1574.4776538666915,1.007643809081076,1574.4776538666915,1.0016389917188222,1574.4776538666915,1.0092953289396824,1574.4595977758922,1.0103541079009235
1574.4790427968965,1.001547004415619,1574.4790427968965,1.0016426898175235,1574.4790427968965,1.0031922354815437,1574.4609867060967,1.00512405349912
1574.4804317266353,0.9946930623254321,1574.4804317266353,1.0015594852347165,1574.4804317266353,0.9962442714692036,1574.4623756363017,0.979732731962464
1574.4818206568398,1.0019627595234384,1574.4818206568398,1.001458848972802,1574.4818206568398,1.003424471865955,1574.4637645660414,0.9956697693328718
1574.4832095870447,0.9956923448082032,1574.4832095870447,1.0015300850503384,1574.4832095870447,0.9972158387797306,1574.465153496246,0.9944465921048056
1574.4845985167842,1.009160702714668,1574.4845985167842,1.0015763984624553,1574.4845985167842,1.0107515420947977,1574.46654242645,1.0135456360947497
1574.4859874469885,0.9955943094132675,1574.4859874469885,1.0016099869771629,1574.4859874469885,0.9971972032859604,1574.4679313561896,0.9956107261842926
1574.487376377193,1.001544997765188,1574.487376377193,1.0016623208756115,1574.487376377193,1.0032098869228374,1574.4693202863946,1.0111088761502611
1574.4887653069327,1.007248173560641,1574.4887653069327,1.0016959184926495,1574.4887653069327,1.00895638436487,1574.470709216599,1.001485642474485
1574.490154237137,1.0022070324437053,1574.490154237137,1.0015956685874403,1574.490154237137,1.0038062227234876,1574.472098146338,0.987720224409477
1574.4915431668765,0.9938603125401635,1574.4915431668765,1.0015261945450722,1574.4915431668765,0.995377136727726,1574.4734870765428,0.9951163013182214
1574.4929320970823,1.0051127222641345,1574.4929320970823,1.0015442774414072,1574.4929320970823,1.0066648951671984,1574.4748760067473,1.0084211213210317
1574.4943210272872,0.9892692437252835,1574.4943210272872,1.001461628778056,1574.4943210272872,0.990715188121158,1574.476264936486,1.008525000360563
1574.495709957026,1.000728820034538,1574.495709957026,1.0014146760318887,1574.495709957026,1.002144527110661,1574.4776538666915,1.0092953289396824
1574.4970988872303,0.9967391158742133,1574.4970988872303,1.001449511217216,1574.4970988872303,0.9981839004033108,1574.4790427968965,1.0031922354815437
1574.4984878169698,0.9966834553422895,1574.4984878169698,1.001431573512622,1574.4984878169698,0.9981102809774262,1574.4804317266353,0.9962442714692036
1574.4998767471752,0.9959837521219501,1574.4998767471752,1.0013606193049969,1574.4998767471752,0.9973389068425504,1574.4818206568398,1.003424471865955
1574.501265676914,1.0023494363029173,1574.501265676914,1.0013093619604267,1574.501265676914,1.0036618745258674,1574.4832095870447,0.9972158387797306
1574.5026546071183,0.9968409046647555,1574.5026546071183,1.0012085543038962,1574.5026546071183,0.9980456410303878,1574.4845985167842,1.0107515420947977
1574.5040435373237,1.0173995575790336,1574.5040435373237,1.0012309095340306,1574.5040435373237,1.0186518843943762,1574.4859874469885,0.9971972032859604
1574.5054324670627,0.9945691290247347,1574.5054324670627,1.001237996674576,1574.5054324670627,0.9958004022991032,1574.487376377193,1.0032098869228374
1574.5068213972672,0.9933131551938955,1574.5068213972672,1.0011380331009314,1574.5068213972672,0.9944435784440968,1574.4887653069327,1.00895638436487
1574.508210327006,0.9966638484216319,1574.508210327006,1.0010208528994098,1574.508210327006,0.99768129560103,1574.490154237137,1.0038062227234876
1574.509599257211,0.9984911451726329,1574.509599257211,1.000975093810171,1574.509599257211,0.9994647677078012,1574.4915431668765,0.995377136727726
1574.5109881869498,0.9954963021476424,1574.5109881869498,1.0010225740844596,1574.5109881869498,0.996514270867394,1574.4929320970823,1.0066648951671984
1574.5123771171543,1.002668915419788,1574.5123771171543,1.0009463969044723,1574.5123771171543,1.003617838177552,1574.4943210272872,0.990715188121158
1574.513766046894,1.0123590296411942,1574.513766046894,1.0009406533944476,1574.513766046894,1.013311308598826,1574.495709957026,1.002144527110661
1574.515154977099,1.0050123500931976,1574.515154977099,1.0008379164259953,1574.515154977099,1.0058544664496687,1574.4970988872303,0.9981839004033108
1574.5165439068378,0.9926307206106029,1574.5165439068378,1.000929757014425,1574.5165439068378,0.9935536259858244,1574.4984878169698,0.9981102809774262
1574.5179328370425,0.9971959403462456,1574.5179328370425,1.0009895662976795,1574.5179328370425,0.9981827318409952,1574.4998767471752,0.9973389068425504
1574.5193217667816,0.9928332334024248,1574.5193217667816,1.0010079482625316,1574.5193217667816,0.9938339579350164,1574.501265676914,1.0036618745258674
1574.5207106969867,1.0042242939371544,1574.5207106969867,1.0009057738318226,1574.5207106969867,1.0051338940238832,1574.5026546071183,0.9980456410303878
1574.522099626725,1.000918445525494,1574.522099626725,1.0009236826522556,1574.522099626725,1.0018429765299486,1574.5040435373237,1.0186518843943762
1574.5234885569298,0.9931106040046449,1574.5234885569298,1.0008227532013514,1574.5234885569298,0.9939276889333858,1574.5054324670627,0.9958004022991032
1574.5248774866695,1.0014534733678764,1574.5248774866695,1.0007930420774198,1574.5248774866695,1.0022476681108354,1574.5068213972672,0.9944435784440968
1574.5262664168738,1.0176679892529363,1574.5262664168738,1.0008474533669152,1574.5262664168738,1.0185304154168304,1574.508210327006,0.99768129560103
1574.5276553466124,0.9933895929233533,1574.5276553466124,1.0008407143151803,1574.5276553466124,0.994224749774675,1574.509599257211,0.9994647677078012
1574.5290442768178,0.9955205990265302,1574.5290442768178,1.00097163929585,1574.5290442768178,0.9964878859603726,1574.5109881869498,0.996514270867394
1574.530433206557,0.9978545409764643,1574.530433206557,1.0009516001191097,1574.530433206557,0.9988040994765116,1574.5123771171543,1.003617838177552
1574.5318221367615,1.0060137567490646,1574.5318221367615,1.0009632560834918,1574.5318221367615,1.0069828056203296,1574.513766046894,1.013311308598826
1574.5332110665004,1.0022419464524273,1574.5332110665004,1.001027754612171,1574.5332110665004,1.0032720052354052,1574.515154977099,1.0058544664496687
1574.5345999967053,0.9938548087424798,1574.5345999967053,1.0009642066406943,1574.5345999967053,0.9948130901489552,1574.5165439068378,0.9935536259858244
1574.535988926445,0.9988047002532311,1574.535988926445,1.0008572260558444,1574.535988926445,0.999660901666988,1574.5179328370425,0.9981827318409952
1574.5373778566495,1.0085549056469738,1574.5373778566495,1.0008599477866977,1574.5373778566495,1.009422210205848,1574.5193217667816,0.9938339579350164
1574.5401557165933,1.005922346575406,1574.5401557165933,1.0010014507759089,1574.5401557165933,1.006929728289888,1574.5207106969867,1.0051338940238832
1574.5415446463326,1.0026332649290337,1574.5415446463326,1.0008855581834128,1574.5415446463326,1.0035211550217535,1574.522099626725,1.0018429765299486
1574.5429335760714,1.003934678622637,1574.5429335760714,1.0008406647118242,1574.5429335760714,1.0047786510799317,1574.5234885569298,0.9939276889333858
1574.544322506276,0.9946465512560253,1574.544322506276,1.0008393268240428,1574.544322506276,0.9954813847869362,1574.5248774866695,1.0022476681108354
1574.5457114360152,1.0002242337771847,1574.5457114360152,1.000925639243291,1574.5457114360152,1.0011500805800595,1574.5262664168738,1.0185304154168304
1574.5471003662196,1.0000613105263587,1574.5471003662196,1.0008646605927025,1574.5471003662196,1.0009260241318574,1574.5276553466124,0.994224749774675
1574.5484892959585,0.9996984254724477,1574.5484892959585,1.0008379820829982,1574.5484892959585,1.0005361548413951,1574.5290442768178,0.9964878859603726
1574.549878226164,1.0057227491787173,1574.549878226164,1.000869883276606,1574.549878226164,1.00659761057913,1574.530433206557,0.9988040994765116
1574.5512671559031,0.992523981033339,1574.5512671559031,1.0007353136826445,1574.5512671559031,0.9932537974969456,1574.5318221367615,1.0069828056203296
1574.552656085642,1.0026934287465807,1574.552656085642,1.000708285790224,1574.552656085642,1.003403622254113,1574.5332110665004,1.0032720052354052
1574.5540450158464,0.9993057801583496,1574.5540450158464,1.0007293832921544,1574.5540450158464,1.0000346570981504,1574.5345999967053,0.9948130901489552
1574.5554339455855,1.0068143334807513,1574.5554339455855,1.0006615258154055,1574.5554339455855,1.0074803671536692,1574.535988926445,0.999660901666988
1574.5568228753252,1.0122163440532963,1574.5568228753252,1.0006549642399274,1574.5568228753252,1.0128793095617212,1574.5373778566495,1.009422210205848
1574.5582118055297,0.9990879924224908,1574.5582118055297,1.0007138492615884,1574.5582118055297,0.9998011906481434,1574.5401557165933,1.006929728289888
1574.5596007352683,0.9998557336139279,1574.5596007352683,1.0005793934225204,1574.5596007352683,1.000435043449453,1574.5415446463326,1.0035211550217535
1574.5609896654737,0.9930426024641608,1574.5609896654737,1.0004454852796272,1574.5609896654737,0.9934849883256012,1574.5429335760714,1.0047786510799317
1574.563767524951,1.0042761989795106,1574.563767524951,1.0002392405784442,1574.563767524951,1.004516462598272,1574.544322506276,0.9954813847869362
1574.5651564551565,0.9960043498916503,1574.5651564551565,1.0001512230497223,1574.5651564551565,0.9961549687069776,1574.5457114360152,1.0011500805800595
1574.5665453848965,1.0041454552673674,1574.5665453848965,1.0000841148560828,1574.5665453848965,1.0042299188178234,1574.5471003662196,1.0009260241318574
1574.5679343146355,0.9931369510519505,1574.5679343146355,1.0000818593540417,1574.5679343146355,0.9932182486012386,1574.5484892959585,1.0005361548413951
1574.5693232448402,1.0067607713739926,1574.5693232448402,1.0000374556875264,1574.5693232448402,1.006798480290859,1574.549878226164,1.00659761057913
1574.5707121745795,0.9959187810011606,1574.5707121745795,0.9999814885784035,1574.5707121745795,0.9959003451287296,1574.5512671559031,0.9932537974969456
1574.5721011043192,0.9985852588192919,1574.5721011043192,0.9998590315465281,1574.5721011043192,0.9984444897996964,1574.552656085642,1.003403622254113
1574.5734900345235,1.0050327506075214,1574.5734900345235,0.9997671225557143,1574.5734900345235,1.0047987011491366,1574.5540450158464,1.0000346570981504
1574.5748789642623,0.9976291185684855,1574.5748789642623,0.9997336350597225,1574.5748789642623,0.9973633851478988,1574.5554339455855,1.0074803671536692
1574.5762678940018,1.018215854731656,1574.5762678940018,0.9997781117467434,1574.5762678940018,1.0179899245942114,1574.5568228753252,1.0128793095617212
1574.5776568242068,0.9874952169988187,1574.5776568242068,0.9997487827656658,1574.5776568242068,0.987247141181486,1574.5582118055297,0.9998011906481434
1574.5790457539456,0.9998858542976065,1574.5790457539456,0.9997522013674377,1574.5790457539456,0.9996380839501932,1574.5596007352683,1.000435043449453
1574.5804346836844,0.9963983133386936,1574.5804346836844,0.9996676933235279,1574.5804346836844,0.9960672035267456,1574.5609896654737,0.9934849883256012
1574.5818236138894,0.9977011890097177,1574.5818236138894,0.9996905142369593,1574.5818236138894,0.9973924146959504,1574.5623785952123,1.0232793911642728
1574.5832125436282,1.006115401266181,1574.5832125436282,0.9996771377082744,1574.5832125436282,1.0057905645419878,1574.563767524951,1.004516462598272
1574.584601473367,0.9995869405394455,1574.584601473367,0.999544721858017,1574.584601473367,0.9991318504544062,1574.5651564551565,0.9961549687069776
1574.5859904031067,1.0022167924041754,1574.5859904031067,0.9994793613823795,1574.5859904031067,1.001694999638822,1574.5665453848965,1.0042299188178234
1574.5873793333117,0.9975180122412033,1574.5873793333117,0.9994598212008051,1574.5873793333117,0.9969791741591756,1574.5679343146355,0.9932182486012386
1574.5887682630505,1.0066126441145034,1574.5887682630505,0.9994841124545336,1574.5887682630505,1.0060933451882956,1574.5693232448402,1.006798480290859
1574.590157192789,0.983096787296439,1574.590157192789,0.9995783298741279,1574.590157192789,0.9826822447503952,1574.5707121745795,0.9959003451287296
1574.5915461229945,1.001798546543676,1574.5915461229945,0.9994647402116063,1574.5915461229945,1.00126232406564,1574.5721011043192,0.9984444897996964
1574.5929350527338,1.0068326687870868,1574.5929350527338,0.9995686797373637,1574.5929350527338,1.0063984014559548,1574.5734900345235,1.0047987011491366
1574.5943239824724,1.0062172374891034,1574.5943239824724,0.9994650246687867,1574.5943239824724,1.0056789360892051,1574.5748789642623,0.9973633851478988
1574.5957129122112,1.0097026430248843,1574.5957129122112,0.9994610701611518,1574.5957129122112,1.0091584841421943,1574.5762678940018,1.0179899245942114
1574.5971018424166,1.0069785327926306,1574.5971018424166,0.9995137334151741,1574.5971018424166,1.0064888727804966,1574.5776568242068,0.987247141181486
1574.598490772156,0.990724593145974,1574.598490772156,0.9995170297144815,1574.598490772156,0.9902461026063522,1574.5790457539456,0.9996380839501932
1574.599879701895,1.0054086266610502,1574.599879701895,0.9995057905109224,1574.599879701895,1.0049117441773538,1574.5804346836844,0.9960672035267456
1574.6012686316335,1.0033258726646084,1574.6012686316335,0.9995014000461828,1574.6012686316335,1.0028256144308343,1574.5818236138894,0.9973924146959504
1574.6026575618384,0.9948337090483934,1574.6026575618384,0.9994757283469374,1574.6026575618384,0.9943121459352282,1574.5832125436282,1.0057905645419878
1574.6040464915773,1.0005478412815516,1574.6040464915773,0.9993725789335483,1574.6040464915773,0.9999200764879388,1574.584601473367,0.9991318504544062
1574.605435421316,0.9979971782587038,1574.605435421316,0.999344413273683,1574.605435421316,0.9973429045557356,1574.5859904031067,1.001694999638822
1574.6068243510554,1.0032797859847105,1574.6068243510554,0.9992634225738279,1574.6068243510554,1.0025407927422194,1574.5873793333117,0.9969791741591756
1574.608213280795,1.016896124222121,1574.608213280795,0.9992803576846325,1574.608213280795,1.0161643227407977,1574.5887682630505,1.0060933451882956
1574.6096022109996,1.0048313047218738,1574.6096022109996,0.9991407001602228,1574.6096022109996,1.0039678533427232,1574.590157192789,0.9826822447503952
1574.6109911407382,1.0020745926602106,1574.6109911407382,0.9991171121744628,1574.6109911407382,1.0011898732020708,1574.5915461229945,1.00126232406564
1574.6123800704777,0.9998548203746747,1574.6123800704777,0.9990393034364128,1574.6123800704777,0.9988942632846546,1574.5929350527338,1.0063984014559548
1574.613769000217,0.9980117150551089,1574.613769000217,0.9989769260548611,1574.613769000217,0.9969906752724926,1574.5943239824724,1.0056789360892051
1574.6151579299558,0.9953508118817239,1574.6151579299558,0.9989069265188881,1574.6151579299558,0.9942628203048528,1574.5957129122112,1.0091584841421943
1574.6165468601605,1.0007251232599954,1574.6165468601605,0.9990139875200866,1574.6165468601605,0.9997383957994982,1574.5971018424166,1.0064888727804966
1574.6179357898995,0.9883597392326445,1574.6179357898995,0.9989522697045404,1574.6179357898995,0.987324204791038,1574.598490772156,0.9902461026063522
1574.6193247196384,0.9875124934138436,1574.6193247196384,0.9990412186392331,1574.6193247196384,0.986565684841634,1574.599879701895,1.0049117441773538
1574.6207136493772,1.0194990990353716,1574.6207136493772,0.9990839283071903,1574.6207136493772,1.0185651647699003,1574.6012686316335,1.0028256144308343
1574.6221025791167,0.9965323487356846,1574.6221025791167,0.9991679932722006,1574.6221025791167,0.9957032271170668,1574.6026575618384,0.9943121459352282
1574.6234915088562,1.000263892685529,1574.6234915088562,0.9992567316335496,1574.6234915088562,0.9995204281759932,1574.6040464915773,0.9999200764879388
1574.6248804390607,1.003838226222893,1574.6248804390607,0.9992601044859363,1574.6248804390607,1.0030954908224652,1574.605435421316,0.9973429045557356
1574.6262693687995,0.9993282204576267,1574.6262693687995,0.9991531559469392,1574.6262693687995,0.9984819452970763,1574.6068243510554,1.0025407927422194
1574.6276582985388,0.9987641980112567,1574.6276582985388,0.9991281449615098,1574.6276582985388,0.997893420412957,1574.608213280795,1.0161643227407977
1574.6290472282783,1.0005977749546917,1574.6290472282783,0.9991088643215169,1574.6290472282783,0.9997061065776188,1574.6096022109996,1.0039678533427232
1574.630436158017,0.9922706177595771,1574.630436158017,0.9990760790807682,1574.630436158017,0.99135383817829,1574.6109911407382,1.0011898732020708
1574.6318250877555,0.996214061392334,1574.6318250877555,0.9991677970860613,1574.6318250877555,0.9953850091475366,1574.6123800704777,0.9988942632846546
1574.6332140174954,1.0012279500433745,1574.6332140174954,0.9992001416690607,1574.6332140174954,1.000427109526363,1574.613769000217,0.9969906752724926
1574.6346029477004,1.0107714530900158,1574.6346029477004,0.9992531692637713,1574.6346029477004,1.0100165779015455,1574.6151579299558,0.9942628203048528
1574.6359918774392,0.9916726719953409,1574.6359918774392,0.9993518929113712,1574.6359918774392,0.9910299619070212,1574.6165468601605,0.9997383957994982
1574.637380807178,0.9939524844725978,1574.637380807178,0.9993221842546902,1574.637380807178,0.9932787678285324,1574.6179357898995,0.987324204791038
1574.6387697369173,0.9959543359518297,1574.6387697369173,0.9992214876088855,1574.6387697369173,0.995178973160307,1574.6193247196384,0.986565684841634
1574.640158666656,1.0065430195442022,1574.640158666656,0.9991047492139714,1574.640158666656,1.0056419111147836,1574.6207136493772,1.0185651647699003
1574.641547596395,1.0145061758853424,1574.641547596395,0.9992217896861363,1574.641547596395,1.01371667671579,1574.6221025791167,0.9957032271170668
1574.6429365261351,0.998710192588761,1574.6429365261351,0.9992193689414522,1574.6429365261351,0.997930568393938,1574.6234915088562,0.9995204281759932
1574.644325455875,0.9919710743675733,1574.644325455875,0.9992628799512494,1574.644325455875,0.9912398726008762,1574.6248804390607,1.0030954908224652
1574.6457143856142,0.9973114726109882,1574.6457143856142,0.9992538695948172,1574.6457143856142,0.9965673481978355,1574.6262693687995,0.9984819452970763
1574.6471033153528,0.9868461006722908,1574.6471033153528,0.9992227463029192,1574.6471033153528,0.9860790708920936,1574.6276582985388,0.997893420412957
1574.6484922450925,1.0043249928847962,1574.6484922450925,0.9992274260030131,1574.6484922450925,1.0035490775107692,1574.6290472282783,0.9997061065776188
1574.6498811752972,1.002530583647021,1574.6498811752972,0.9992043155581758,1574.6498811752972,1.0017328856591603,1574.630436158017,0.99135383817829
1574.651270105036,0.9987284997862945,1574.651270105036,0.9991091114459603,1574.651270105036,0.9978387439972416,1574.6318250877555,0.9953850091475366
1574.6526590347748,1.010007442540986,1574.6526590347748,0.9991450214723915,1574.6526590347748,1.0091439078648887,1574.6332140174954,1.000427109526363
1574.654047964514,1.0049881731961396,1574.654047964514,0.9991190740568562,1574.654047964514,1.0041028530418183,1574.6346029477004,1.0100165779015455
1574.655436894253,1.007501215565133,1574.655436894253,0.999172531264454,1574.655436894253,1.0066675398082283,1574.6359918774392,0.9910299619070212
1574.6568258239918,1.013331534341405,1574.6568258239918,0.9991590308017185,1574.6568258239918,1.0124793537333767,1574.637380807178,0.9932787678285324
1574.6582147537313,0.9898567867610223,1574.6582147537313,0.9991107452436999,1574.6582147537313,0.9889765519053392,1574.6387697369173,0.995178973160307
1574.6596036834708,0.9900655169567354,1574.6596036834708,0.9990935510601856,1574.6596036834708,0.9891680731185432,1574.640158666656,1.0056419111147836
1574.6609926132096,0.9809983170008348,1574.6609926132096,0.999092651332883,1574.6609926132096,0.9801082094854602,1574.641547596395,1.01371667671579
1574.6623815429484,1.0088276753103107,1574.6623815429484,0.9990581939818468,1574.6623815429484,1.007877555334424,1574.6429365261351,0.997930568393938
1574.6637704726877,0.9980601260318417,1574.6637704726877,0.9991059443310705,1574.6637704726877,0.9971678047182304,1574.644325455875,0.9912398726008762
1574.6651594024272,0.9907596728499247,1574.6651594024272,0.9990924799130504,1574.6651594024272,0.9898605385454738,1574.6457143856142,0.9965673481978355
1574.6665483321658,0.9902804259314311,1574.6665483321658,0.9990441076596891,1574.6665483321658,0.9893338244575234,1574.6471033153528,0.9860790708920936
1574.6679372619046,0.9922041294008375,1574.6679372619046,0.9989377285843566,1574.6679372619046,0.9911501393156916,1574.6484922450925,1.0035490775107692
1574.6693261916444,1.015328266083279,1574.6693261916444,0.9989608211182774,1574.6693261916444,1.0142731583911493,1574.6498811752972,1.0017328856591603
1574.6707151213836,0.9990805981024066,1574.6707151213836,0.9989405746374203,1574.6707151213836,0.9980221467775156,1574.651270105036,0.9978387439972416
1574.6721040511225,0.9895286983253359,1574.6721040511225,0.99899263645974,1574.6721040511225,0.988531883192602,1574.6526590347748,1.0091439078648887
1574.6734929808613,1.007732087617037,1574.6734929808613,0.9989647370696757,1574.6734929808613,1.0066888199430288,1574.654047964514,1.0041028530418183
1574.6748819106006,0.9936461010210681,1574.6748819106006,0.9989597924037317,1574.6748819106006,0.9926125027987835,1574.655436894253,1.0066675398082283
1574.6762708403394,1.002423422248362,1574.6762708403394,0.9990535662509282,1574.6762708403394,1.001474694890686,1574.6568258239918,1.0124793537333767
1574.6776597700782,1.0127764994796296,1574.6776597700782,0.9990418807633135,1574.6776597700782,1.011806138833014,1574.6582147537313,0.9889765519053392
1574.6790486998177,0.9815723683933648,1574.6790486998177,0.9989684506643045,1574.6790486998177,0.9805598280688116,1574.6596036834708,0.9891680731185432
1574.6804376295572,0.9860381888845966,1574.6804376295572,0.9988676420172345,1574.6804376295572,0.9849216406701016,1574.6609926132096,0.9801082094854602
1574.6818265592958,1.005281364325693,1574.6818265592958,0.998728078855617,1574.6818265592958,1.004002725702353,1574.6623815429484,1.007877555334424
1574.6832154890344,0.9871840923239898,1574.6832154890344,0.9987764020628536,1574.6832154890344,0.9859761759050384,1574.6637704726877,0.9971678047182304
1574.684604418774,0.988146012603641,1574.684604418774,0.9987643889842822,1574.684604418774,0.9869250485053304,1574.6651594024272,0.9898605385454738
1574.6859933485134,0.9968125995017125,1574.6859933485134,0.9988043406720448,1574.6859933485134,0.995620751218895,1574.6665483321658,0.9893338244575234
1574.6873822782522,0.9954825999355724,1574.6873822782522,0.9988043406720448,1574.6873822782522,0.9942923418791424,1574.6679372619046,0.9911501393156916
1574.688771207991,0.9945638031429812,1574.688771207991,0.9987803547947303,1574.688771207991,0.993350788169143,1574.6693261916444,1.0142731583911493
1574.690160137265,0.9861124912732273,1574.690160137265,0.9988744567209413,1574.690160137265,0.985002578986279,1574.6707151213836,0.9980221467775156
1574.6915490670035,0.9869622224571847,1574.6915490670035,0.9988685068219965,1574.6915490670035,0.9858454814355272,1574.6721040511225,0.988531883192602
1574.6929379967423,0.990223244367736,1574.6929379967423,0.998930684113909,1574.6929379967423,0.989164382921757,1574.6734929808613,1.0066888199430288
1574.6943269264818,1.0024342417016059,1574.6943269264818,0.9989192164719575,1574.6943269264818,1.001350827285229,1574.6748819106006,0.9926125027987835
1574.695715856221,0.9905290696191608,1574.695715856221,0.9988753491813325,1574.695715856221,0.9894150702900996,1574.6762708403394,1.001474694890686
1574.6971047859602,0.9985493415080787,1574.6971047859602,0.998873112648247,1574.6971047859602,0.997424088885032,1574.6776597700782,1.011806138833014
1574.698493715699,0.9967344651739697,1574.698493715699,0.998769655807859,1574.698493715699,0.9955081387136362,1574.6790486998177,0.9805598280688116
1574.6998826454385,1.0012928724693728,1574.6998826454385,0.9987316158579995,1574.6998826454385,1.0000228484684346,1574.6804376295572,0.9849216406701016
1574.7012715751775,1.0025117303285447,1574.7012715751775,0.9987048900932297,1574.7012715751775,1.0012133674549428,1574.6818265592958,1.004002725702353
1574.7026605049164,1.0089212493675515,1574.7026605049164,0.9987804618137632,1574.7026605049164,1.007690831377042,1574.6832154890344,0.9859761759050384
1574.7040494346552,0.9990672730642084,1574.7040494346552,0.9987707549059817,1574.7040494346552,0.9978391745202,1574.684604418774,0.9869250485053304
1574.7054383639293,1.0047959180985964,1574.7054383639293,0.9987307093045782,1574.7054383639293,1.003520539988956,1574.6859933485134,0.995620751218895
1574.7068272936683,1.0207456087075855,1574.7068272936683,0.9987866504666376,1574.7068272936683,1.0195070874995784,1574.6873822782522,0.9942923418791424
1574.7082162234074,0.9935003886242844,1574.7082162234074,0.9986553229028171,1574.7082162234074,0.992164451405659,1574.688771207991,0.993350788169143
1574.7096051531462,1.0007959451018804,1574.7096051531462,0.9986193043645983,1574.7096051531462,0.9994141505085506,1574.690160137265,0.985002578986279
1574.7109940828857,0.9979663114377223,1574.7109940828857,0.998624316438812,1574.7109940828857,0.996593425588458,1574.6915490670035,0.9858454814355272
1574.7123830126243,0.9815642140799152,1574.7123830126243,0.9986138318940172,1574.7123830126243,0.9802036010723836,1574.6929379967423,0.989164382921757
1574.713771942363,1.005732529402415,1574.713771942363,0.9985291309584686,1574.713771942363,1.004253228560856,1574.6943269264818,1.001350827285229
1574.7151608716367,0.9954896278870129,1574.7151608716367,0.9985552894631535,1574.7151608716367,0.9940514335322832,1574.695715856221,0.9894150702900996
1574.7165498013765,1.008635266001517,1574.7165498013765,0.9986065084572319,1574.7165498013765,1.0072297412886062,1574.6971047859602,0.997424088885032
1574.717938731115,0.9976947183196201,1574.717938731115,0.9985835588412695,1574.717938731115,0.9962815424567442,1574.698493715699,0.9955081387136362
1574.7193276608537,1.0025185540394481,1574.7193276608537,0.9985182177478857,1574.7193276608537,1.001033039838657,1574.6998826454385,1.0000228484684346
1574.7207165905938,0.9997526794877818,1574.7207165905938,0.9984009963584409,1574.7207165905938,0.9981540713126223,1574.7012715751775,1.0012133674549428
1574.722105520334,0.9972045053216622,1574.722105520334,0.9982919702365256,1574.722105520334,0.995501250346302,1574.7026605049164,1.007690831377042
1574.7234944496072,1.0075413443946517,1574.7234944496072,0.9983042610519487,1574.7234944496072,1.0058328172951898,1574.7040494346552,0.9978391745202
1574.724883379346,1.009006874824195,1574.724883379346,0.9981867360085616,1574.724883379346,1.0071772789909623,1574.7054383639293,1.003520539988956
1574.7262723090853,1.0059452010380054,1574.7262723090853,0.9981391932994509,1574.7262723090853,1.0040733314675288,1574.7068272936683,1.0195070874995784
1574.727661238825,0.9886223408635875,1574.727661238825,0.9982489580797673,1574.727661238825,0.9868912217014568,1574.7082162234074,0.992164451405659
1574.7290501685638,0.9939992790522981,1574.7290501685638,0.9981975934201189,1574.7290501685638,0.9922076882113372,1574.7096051531462,0.9994141505085506
1574.7304390978368,0.9966977596601315,1574.7304390978368,0.9981923907563499,1574.7304390978368,0.9948961195766446,1574.7109940828857,0.996593425588458
1574.7318280275765,1.0006994423695967,1574.7318280275765,0.9982120623271605,1574.7318280275765,0.9989102541373948,1574.7123830126243,0.9802036010723836
1574.733216957315,0.988433159500132,1574.733216957315,0.9980902626382779,1574.733216957315,0.9865455117658696,1574.713771942363,1.004253228560856
1574.734605887054,0.9965421859844708,1574.734605887054,0.9980540186158058,1574.734605887054,0.9946029334419808,1574.7151608716367,0.9940514335322832
1574.7359948167932,0.9972337360347988,1574.7359948167932,0.9979957839259543,1574.7359948167932,0.9952350641514572,1574.7165498013765,1.0072297412886062
1574.7373837460668,1.0227082253177002,1574.7373837460668,0.9980600645791651,1574.7373837460668,1.020724237406227,1574.717938731115,0.9962815424567442
1574.7387726758056,0.9988009820510861,1574.7387726758056,0.9980481094441964,1574.7387726758056,0.9968514318470932,1574.7193276608537,1.001033039838657
1574.7401616055445,1.0137723360282278,1574.7401616055445,0.9980659741538065,1574.7401616055445,1.0118116741281933,1574.7207165905938,0.9981540713126223
1574.7415505352842,1.0018002251287426,1574.7415505352842,0.9981254401070925,1574.7415505352842,0.9999222906060106,1574.722105520334,0.995501250346302
1574.7429394645578,1.0032715106152916,1574.7429394645578,0.9982558173897829,1574.7429394645578,1.0015216218931502,1574.7234944496072,1.0058328172951898
1574.7443283942966,1.0103627239409407,1574.7443283942966,0.9983754907330014,1574.7443283942966,1.0087213803328687,1574.724883379346,1.0071772789909623
1574.7457173240357,1.00851571406314,1574.7457173240357,0.9983523347356145,1574.7457173240357,1.0068540177524912,1574.7262723090853,1.0040733314675288
1574.7471062537747,1.0096683744440402,1574.7471062537747,0.9984463519876507,1574.7471062537747,1.0080997051809533,1574.727661238825,0.9868912217014568
1574.748495183048,0.9991739413748989,1574.748495183048,0.9985026731627158,1574.748495183048,0.9976778514173632,1574.7290501685638,0.9922076882113372
1574.7498841127867,0.9937268517516104,1574.7498841127867,0.9984606010175763,1574.7498841127867,0.9921971096472167,1574.7304390978368,0.9948961195766446
1574.751273042526,0.9969039588042129,1574.751273042526,0.9984829342963438,1574.751273042526,0.995391589998472,1574.7318280275765,0.9989102541373948
1574.7526619718,1.0016521437170938,1574.7526619718,0.9985397911144533,1574.7526619718,1.0001895223566113,1574.733216957315,0.9865455117658696
1574.754050901539,0.9868543263374299,1574.754050901539,0.9984646772471548,1574.754050901539,0.9853391864364603,1574.734605887054,0.9946029334419808
1574.7554398312773,1.0051020438616478,1574.7554398312773,0.9984607298843444,1574.7554398312773,1.0035549203223473,1574.7359948167932,0.9952350641514572
1574.756828761017,1.0026314056622112,1574.756828761017,0.9984244770136035,1574.756828761017,1.0010517368357073,1574.7373837460668,1.020724237406227
1574.7582176902906,1.0066453645277513,1574.7582176902906,0.9984832331448454,1574.7582176902906,1.0051185182039406,1574.7387726758056,0.9968514318470932
1574.7596066200294,1.011298723097895,1574.7596066200294,0.9983756145556987,1574.7596066200294,1.009655984172254,1574.7401616055445,1.0118116741281933
1574.7609955497685,1.0020344779108714,1574.7609955497685,0.998373737526574,1574.7609955497685,1.000404906842366,1574.7415505352842,0.9999222906060106
1574.762384479042,0.9974103911157305,1574.762384479042,0.9984833202613633,1574.762384479042,0.9958976389844196,1574.7429394645578,1.0015216218931502
1574.7637734087816,0.9938078584883927,1574.7637734087816,0.9985852351530405,1574.7637734087816,0.9924018540655712,1574.7443283942966,1.0087213803328687
1574.7651623385204,1.008840330936634,1574.7651623385204,0.9984832650805425,1574.7651623385204,1.0073101875785455,1574.7457173240357,1.0068540177524912
1574.7665512677934,0.9994828800622261,1574.7665512677934,0.9984480543519906,1574.7665512677934,0.9979317369562536,1574.7471062537747,1.0080997051809533
1574.7679401975329,1.0002372422474115,1574.7679401975329,0.9985254463285634,1574.7679401975329,0.998762338749548,1574.748495183048,0.9976778514173632
1574.7693291272717,1.0052627920869566,1574.7693291272717,0.9986137669545974,1574.7693291272717,1.003869263585252,1574.7498841127867,0.9921971096472167
1574.7707180565449,1.0000800524714923,1574.7707180565449,0.9986549019904184,1574.7707180565449,0.9987348467834908,1574.751273042526,0.995391589998472
1574.772106986284,0.9834137192401591,1574.772106986284,0.9987961398213288,1574.772106986284,0.9822298266244068,1574.7526619718,1.0001895223566113
1574.7734959160234,1.001301455828969,1574.7734959160234,0.9986817166197698,1574.7734959160234,0.9999814567611494,1574.754050901539,0.9853391864364603
1574.7748848452966,0.9929556791514168,1574.7748848452966,0.9987321703157939,1574.7748848452966,0.9916967804662876,1574.7554398312773,1.0035549203223473
1574.7762737750354,0.999137710572418,1574.7762737750354,0.9987590680341679,1574.7762737750354,0.9978978486491004,1574.756828761017,1.0010517368357073
1574.777662704775,0.9952959226417475,1574.777662704775,0.9986304902875085,1574.777662704775,0.9939328552088864,1574.7582176902906,1.0051185182039406
1574.7790516340488,1.0073162353118201,1574.7790516340488,0.9986012957049255,1574.7790516340488,1.0059072977669912,1574.7596066200294,1.009655984172254
1574.7804405637876,1.0062257615110524,1574.7804405637876,0.9985331766231897,1574.7804405637876,1.0047498060417193,1574.7609955497685,1.000404906842366
1574.7818294930607,0.9991351736593848,1574.7818294930607,0.9984328921996393,1574.7818294930607,0.9975694211351284,1574.762384479042,0.9958976389844196
1574.7832184228,0.9946877077958222,1574.7832184228,0.998536605061843,1574.7832184228,0.9932320868391868,1574.7637734087816,0.9924018540655712
1574.7846073525388,1.0009673119378237,1574.7846073525388,0.9986036695490998,1574.7846073525388,0.9995696307998092,1574.7651623385204,1.0073101875785455
1574.785996281812,1.003784939039929,1574.785996281812,0.9986128809590558,1574.785996281812,1.0023925698379736,1574.7665512677934,0.9979317369562536
1574.7873852115513,1.017646183983544,1574.7873852115513,0.9985873490178241,1574.7873852115513,1.016208605102232,1574.7679401975329,0.998762338749548
1574.7887741408254,1.0061217992697158,1574.7887741408254,0.998567706800286,1574.7887741408254,1.0046807378585376,1574.7693291272717,1.003869263585252
1574.790163070564,1.000096625050201,1574.790163070564,0.9985870030255853,1574.790163070564,0.9986834915448828,1574.7707180565449,0.9987348467834908
1574.7915520003023,0.9941280303347745,1574.7915520003023,0.9986553049866936,1574.7915520003023,0.9927912313297952,1574.772106986284,0.9822298266244068
1574.7929409295766,0.999168606461282,1574.7929409295766,0.9987646250466883,1574.7929409295766,0.9979342585907244,1574.7734959160234,0.9999814567611494
1574.794329859316,1.0003450833097898,1574.794329859316,0.9987333273791181,1574.794329859316,0.9990779735813275,1574.7748848452966,0.9916967804662876
1574.795718788589,1.0102347779111611,1574.795718788589,0.9986713034600255,1574.795718788589,1.0088924824571888,1574.7762737750354,0.9978978486491004
1574.797107718328,0.998889147088534,1574.797107718328,0.9986939530273359,1574.797107718328,0.997584550941952,1574.777662704775,0.9939328552088864
1574.7984966476015,1.0070238886571166,1574.7984966476015,0.9986952708605754,1574.7984966476015,1.0057099952454889,1574.7790516340488,1.0059072977669912
1574.7998855773417,1.0050486505279266,1574.7998855773417,0.9987029249110226,1574.7998855773417,1.0037450269601165,1574.7804405637876,1.0047498060417193
1574.8012745066158,1.0033184945019555,1574.8012745066158,0.998739191739925,1574.8012745066158,1.0020535022566015,1574.7818294930607,0.9975694211351284
1574.8026634363544,0.9924926697384688,1574.8026634363544,0.9986318843646497,1574.8026634363544,0.991134824999029,1574.7832184228,0.9932320868391868
1574.804052366094,0.996535219040799,1574.804052366094,0.9986274358688443,1574.804052366094,0.9951674105437102,1574.7846073525388,0.9995696307998092
1574.805441295367,0.9868330139444329,1574.805441295367,0.9986227925061362,1574.805441295367,0.9854739401224364,1574.785996281812,1.0023925698379736
1574.8068302251058,1.0071238184060984,1574.8068302251058,0.9986375206155118,1574.8068302251058,1.005751632965893,1574.7873852115513,1.016208605102232
1574.8082191543797,1.0004503122512334,1574.8082191543797,0.9987101645274633,1574.8082191543797,0.9991598959499812,1574.7887741408254,1.0046807378585376
1574.8096080841187,0.9993159191587411,1574.8096080841187,0.9987811658783801,1574.8096080841187,0.9980979188181924,1574.790163070564,0.9986834915448828
1574.8123859431307,1.0027789960621056,1574.8123859431307,0.9987751821496385,1574.8123859431307,1.0015507744477612,1574.7915520003023,0.9927912313297952
1574.8137748724046,1.0094708336556373,1574.8137748724046,0.9988496767394223,1574.8137748724046,1.0083096158748084,1574.7929409295766,0.9979342585907244
1574.815163802144,1.004533332070709,1574.815163802144,0.9988766741613292,1574.815163802144,1.003404913822988,1574.794329859316,0.9990779735813275
1574.8165527314172,1.000807471218716,1574.8165527314172,0.9990069449553081,1574.8165527314172,0.999813614310657,1574.795718788589,1.0088924824571888
1574.817941661156,1.0167582657958008,1574.817941661156,0.9990656116829028,1574.817941661156,1.0158082187509292,1574.797107718328,0.997584550941952
1574.8193305904297,0.9889769800236919,1574.8193305904297,0.9990291110727967,1574.8193305904297,0.988016793224528,1574.7984966476015,1.0057099952454889
1574.8207195201685,0.9991519541190996,1574.8207195201685,0.9990674423676168,1574.8207195201685,0.9982201873383753,1574.7998855773417,1.0037450269601165
1574.8221084494417,0.9940265398150638,1574.8221084494417,0.9991296809394108,1574.8221084494417,0.9931614195707312,1574.8012745066158,1.0020535022566015
1574.823497379181,0.9935854248124892,1574.823497379181,0.9990997197526648,1574.823497379181,0.9926909194804904,1574.8026634363544,0.991134824999029
1574.824886308455,1.0011288069558755,1574.824886308455,0.9990569211955486,1574.824886308455,1.0001846635975096,1574.804052366094,0.9951674105437102
1574.8262752381936,0.9999976599551528,1574.8262752381936,0.9989832590714784,1574.8262752381936,0.9989809214058506,1574.805441295367,0.9854739401224364
1574.8276641674663,0.9998151949376172,1574.8276641674663,0.9989425201481572,1574.8276641674663,0.9987579105134043,1574.8068302251058,1.005751632965893
1574.8290530967406,0.991282510703389,1574.8290530967406,0.9989396490207862,1574.8290530967406,0.9902314033224872,1574.8082191543797,0.9991598959499812
1574.83044202648,1.0045094640404626,1574.83044202648,0.9988344666808041,1574.83044202648,1.0033386747906758,1574.8096080841187,0.9980979188181924
1574.831830955753,0.9897173180919661,1574.831830955753,0.9988371108210656,1574.831830955753,0.988566386532553,1574.810997013392,1.027179560147609
1574.833219885492,0.9964722677987891,1574.833219885492,0.9988387154186366,1574.833219885492,0.995315079918438,1574.8123859431307,1.0015507744477612
1574.8346088147655,1.0034645578657173,1574.8346088147655,0.9988063731544032,1574.8346088147655,1.002266795630844,1574.8137748724046,1.0083096158748084
1574.8359977445052,0.9970314179655169,1574.8359977445052,0.9988162103627469,1574.8359977445052,0.9958511425049136,1574.815163802144,1.003404913822988
1574.8373866737782,0.997449368735733,1574.8373866737782,0.9987984804543681,1574.8373866737782,0.9962509138234188,1574.8165527314172,0.999813614310657
1574.838775603051,0.9966364858956057,1574.838775603051,0.998700916962132,1574.838775603051,0.9953417723418584,1574.817941661156,1.0158082187509292
1574.8401645327908,1.0108652851594604,1574.8401645327908,0.9988140403600305,1574.8401645327908,1.009666439729815,1574.8193305904297,0.988016793224528
1574.841553462064,1.0047414965131045,1574.841553462064,0.9988087396152022,1574.841553462064,1.003544587771346,1574.8207195201685,0.9982201873383753
1574.8429423918028,0.9992746143504085,1574.8429423918028,0.9988949537466586,1574.8429423918028,0.9981703696817614,1574.8221084494417,0.9931614195707312
1574.8443313210764,0.9936361807895683,1574.8443313210764,0.9988693066581384,1574.8443313210764,0.9925126829757168,1574.823497379181,0.9926909194804904
1574.84572025035,0.9944062945464678,1574.84572025035,0.9988729960177977,1574.84572025035,0.9932855946925868,1574.824886308455,1.0001846635975096
1574.8471091800889,0.9935046950906045,1574.8471091800889,0.9989108109653654,1574.8471091800889,0.9924225806708538,1574.8262752381936,0.9989809214058506
1574.848498109362,0.9909274106975575,1574.848498109362,0.9988329292153757,1574.848498109362,0.989770928266849,1574.8276641674663,0.9987579105134043
1574.8498870391015,0.9983666774035674,1574.8498870391015,0.9988168462842579,1574.8498870391015,0.9971854561595244,1574.8290530967406,0.9902314033224872
1574.8512759683754,1.0095164656710558,1574.8512759683754,0.9987244733992434,1574.8512759683754,1.0082288005651905,1574.83044202648,1.0033386747906758
1574.8526648976483,0.9953924305782136,1574.8526648976483,0.9988144947394396,1574.8526648976483,0.9942123876154412,1574.831830955753,0.988566386532553
1574.8540538273874,0.9979540969576342,1574.8540538273874,0.9988272820144177,1574.8540538273874,0.9967837782393464,1574.833219885492,0.995315079918438
1574.855442756661,1.017074937389205,1574.855442756661,0.9989053009558302,1574.855442756661,1.015961546427396,1574.8346088147655,1.002266795630844
1574.8568316859346,0.9851440529725137,1574.8568316859346,0.998859061395976,1574.8568316859346,0.9840200640919528,1574.8359977445052,0.9958511425049136
1574.8582206156734,1.0010531577970128,1574.8582206156734,0.9989776557285969,1574.8582206156734,1.000029736835769,1574.8373866737782,0.9962509138234188
1574.8596095449466,0.9956873385057449,1574.8596095449466,0.9990717462324771,1574.8596095449466,0.994763087982502,1574.838775603051,0.9953417723418584
1574.8609984742209,1.0083388529462096,1574.8609984742209,0.999057548772954,1574.8609984742209,1.0073885427569724,1574.8401645327908,1.009666439729815
1574.8623874039592,0.9966809712938552,1574.8623874039592,0.9990079541073371,1574.8623874039592,0.995692218029988,1574.841553462064,1.003544587771346
1574.8637763332322,0.9973024049841263,1574.8637763332322,0.998983899846039,1574.8637763332322,0.9962890458568762,1574.8429423918028,0.9981703696817614
1574.8651652625065,1.01277102735347,1574.8651652625065,0.9989801138460872,1574.8651652625065,1.0117381162055883,1574.8443313210764,0.9925126829757168
1574.8665541922455,1.0059315287095307,1574.8665541922455,0.9990356303044131,1574.8665541922455,1.004961438827408,1574.84572025035,0.9932855946925868
1574.8679431215187,1.0046666202692123,1574.8679431215187,0.9990674442577702,1574.8679431215187,1.0037297126434537,1574.8471091800889,0.9924225806708538
1574.869332050792,1.0011092291920012,1574.869332050792,0.9990116447578375,1574.869332050792,1.000119777637352,1574.848498109362,0.989770928266849
1574.8707209805311,1.0138667062048319,1574.8707209805311,0.998885129318895,1574.8707209805311,1.0127363759395356,1574.8498870391015,0.9971854561595244
1574.8721099098052,1.008389689100784,1574.8721099098052,0.9987866985220057,1574.8721099098052,1.007166208400604,1574.8512759683754,1.0082288005651905
1574.873498839078,0.9992216109763398,1574.873498839078,0.9988682310015538,1574.873498839078,0.9980907229344592,1574.8526648976483,0.9942123876154412
1574.8748877688167,1.0020445052010822,1574.8748877688167,0.9988664310901323,1574.8748877688167,1.0009086187036824,1574.8540538273874,0.9967837782393464
1574.8762766980908,1.0059742872129662,1574.8762766980908,0.9988531606514239,1574.8762766980908,1.0048205963167347,1574.855442756661,1.015961546427396
1574.877665627364,0.990821695917699,1574.877665627364,0.9988390646245866,1574.877665627364,0.989671415960181,1574.8568316859346,0.9840200640919528
1574.8790545566371,0.9917796148487621,1574.8790545566371,0.9988349094217676,1574.8790545566371,0.9906241017638188,1574.8582206156734,1.000029736835769
1574.8804434863764,0.9906745788306681,1574.8804434863764,0.9987765629254193,1574.8804434863764,0.989462550822082,1574.8596095449466,0.994763087982502
1574.88183241565,1.0100429744815749,1574.88183241565,0.9987513423093515,1574.88183241565,1.008781776553603,1574.8609984742209,1.0073885427569724
1574.883221344924,0.9967202937693915,1574.883221344924,0.9986257047535114,1574.883221344924,0.9953505058075856,1574.8623874039592,0.995692218029988
1574.8846102746634,0.9830353154058595,1574.8846102746634,0.9985201778818044,1574.8846102746634,0.9815805980031546,1574.8637763332322,0.9962890458568762
1574.8859992039372,1.0074034028890329,1574.8859992039372,0.998532838827474,1574.8859992039372,1.0059253797312435,1574.8651652625065,1.0117381162055883
1574.887388133211,1.0098925722889984,1574.887388133211,0.9985792597622815,1574.887388133211,1.0084577772757743,1574.8665541922455,1.004961438827408
1574.8887770624842,0.9949588943417369,1574.8887770624842,0.9986828065837499,1574.8887770624842,0.9936483410366704,1574.8679431215187,1.0037297126434537
1574.890165992223,1.0039896008256717,1574.890165992223,0.9985495367889199,1574.890165992223,1.002533350845367,1574.869332050792,1.000119777637352
1574.891554921497,1.0150575651118616,1574.891554921497,0.9985330996537188,1574.891554921497,1.0135685768181038,1574.8707209805311,1.0127363759395356
1574.8929438507705,1.0033120507261615,1574.8929438507705,0.9984856930855307,1574.8929438507705,1.0017927283503765,1574.8721099098052,1.007166208400604
1574.8943327800434,1.0026755251641581,1574.8943327800434,0.9984717559041028,1574.8943327800434,1.0011431922127254,1574.873498839078,0.9980907229344592
1574.8957217093166,1.0160086148716174,1574.8957217093166,0.9984262739744773,1574.8957217093166,1.0144096956722386,1574.8748877688167,1.0009086187036824
1574.8971106390563,0.9895837905272946,1574.8971106390563,0.9984786593743675,1574.8971106390563,0.988078296504298,1574.8762766980908,1.0048205963167347
1574.8984995683293,1.011605616819006,1574.8984995683293,0.9985381407383218,1574.8984995683293,1.0101267917788934,1574.877665627364,0.989671415960181
1574.8998884976022,1.0025684290981276,1574.8998884976022,0.9985750403420596,1574.8998884976022,1.001139809532338,1574.8790545566371,0.9906241017638188
1574.9012774268765,0.9821487745772708,1574.9012774268765,0.9985776138926626,1574.9012774268765,0.9807517798049736,1574.8804434863764,0.989462550822082
1574.90266635615,1.0022975544926167,1574.90266635615,0.9985936303200394,1574.90266635615,1.0008879536016797,1574.88183241565,1.008781776553603
1574.9040552858887,1.0000918796260658,1574.9040552858887,0.9985136393197723,1574.9040552858887,0.9986053823795747,1574.883221344924,0.9953505058075856
1574.905444215162,0.9970190641537171,1574.905444215162,0.9984530966676421,1574.905444215162,0.9954767720409534,1574.8846102746634,0.9815805980031546
1574.9068331444355,1.0038343066681614,1574.9068331444355,0.9985320331061411,1574.9068331444355,1.002360711139053,1574.8859992039372,1.0059253797312435
1574.9082220737096,0.999597374720467,1574.9082220737096,0.9986018921187277,1574.9082220737096,0.9981998297527712,1574.887388133211,1.0084577772757743
1574.9096110029825,0.996451919042072,1574.9096110029825,0.9985919171864236,1574.9096110029825,0.9950488322203136,1574.8887770624842,0.9936483410366704
1574.910999932721,1.00500606845578,1574.910999932721,0.9984942101378496,1574.910999932721,1.0034927405064995,1574.890165992223,1.002533350845367
1574.9123888619952,0.9965442433077107,1574.9123888619952,0.9985227937903909,1574.9123888619952,0.9950721419633464,1574.891554921497,1.0135685768181038
1574.9137777912683,0.9947200478229554,1574.9137777912683,0.9985175580051032,1574.9137777912683,0.993245433050897,1574.8929438507705,1.0017927283503765
1574.9151667205415,1.0003155445483627,1574.9151667205415,0.9985333615826203,1574.9151667205415,0.998848443341226,1574.8943327800434,1.0011431922127254
1574.916555649815,1.0178472863786614,1574.916555649815,0.9985353132912834,1574.916555649815,1.0163564589867993,1574.8957217093166,1.0144096956722386
1574.9179445790887,1.0034626149654218,1574.9179445790887,0.9984890419470661,1574.9179445790887,1.0019464250465218,1574.8971106390563,0.988078296504298
1574.919333508362,0.9898752950893193,1574.919333508362,0.9985443675558922,1574.919333508362,0.9884344004941664,1574.8984995683293,1.0101267917788934
1574.9207224381007,0.9948490532332901,1574.9207224381007,0.9985201899034433,1574.9207224381007,0.9933768655597656,1574.8998884976022,1.001139809532338
1574.9221113673746,1.0085428983365332,1574.9221113673746,0.9984701971523345,1574.9221113673746,1.0070000265386652,1574.9012774268765,0.9807517798049736
1574.9235002966484,0.9953252832833505,1574.9235002966484,0.9983517626522613,1574.9235002966484,0.9936847509782942,1574.90266635615,1.0008879536016797
1574.9248892259216,1.0081692687597799,1574.9248892259216,0.9982454953246406,1574.9248892259216,1.0064004310641872,1574.9040552858887,0.9986053823795747
1574.9262781551947,0.9966931550337098,1574.9262781551947,0.9981730598625869,1574.9262781551947,0.9948722563040938,1574.905444215162,0.9954767720409534
1574.9276670844683,0.9959278226072156,1574.9276670844683,0.9982262326875871,1574.9276670844683,0.9941612783899524,1574.9068331444355,1.002360711139053
1574.929056013742,0.9886288773746161,1574.929056013742,0.9981945179468734,1574.929056013742,0.9868439256793136,1574.9082220737096,0.9981998297527712
1574.9304449430151,1.0082642456961537,1574.9304449430151,0.9982335670187666,1574.9304449430151,1.0064832144787577,1574.9096110029825,0.9950488322203136
1574.9318338722885,1.0017552604414344,1574.9318338722885,0.9981155384630904,1574.9318338722885,0.9998674911837356,1574.910999932721,1.0034927405064995
1574.9332228015624,1.0011639961606251,1574.9332228015624,0.998051921212105,1574.9332228015624,0.9992136498165004,1574.9123888619952,0.9950721419633464
1574.934611731301,0.9961979335477121,1574.934611731301,0.9980446597413483,1574.934611731301,0.9942500276226606,1574.9137777912683,0.993245433050897
1574.936000660574,0.9969245793941786,1574.936000660574,0.9980436943884649,1574.936000660574,0.9949742902452324,1574.9151667205415,0.998848443341226
1574.937389589848,1.0035224024057448,1574.937389589848,0.998032841036292,1574.937389589848,1.0015483143165704,1574.916555649815,1.0163564589867993
1574.9387785191216,0.9976461616133598,1574.9387785191216,0.9978946614808724,1574.9387785191216,0.9955457787208554,1574.9179445790887,1.0019464250465218
1574.9401674483947,1.011978151965354,1574.9401674483947,0.9978213990841035,1574.9401674483947,1.009773455436615,1574.919333508362,0.9884344004941664
1574.941556377668,1.0006319682078766,1574.941556377668,0.997766206733046,1574.941556377668,0.9983967632545948,1574.9207224381007,0.9933768655597656
1574.9429453069415,0.9996643279316416,1574.9429453069415,0.9978020754673554,1574.9429453069415,0.997467141180871,1574.9221113673746,1.0070000265386652
1574.9443342362156,0.9987847436868642,1574.9443342362156,0.997811496100313,1574.9443342362156,0.9965988993803576,1574.9235002966484,0.9936847509782942
1574.9457231654883,1.0059387862806537,1574.9457231654883,0.9978901757823938,1574.9457231654883,1.0038164322679295,1574.9248892259216,1.0064004310641872
1574.9471120947617,0.9895737700939252,1574.9471120947617,0.99787415593779,1574.9471120947617,0.9874700905706524,1574.9262781551947,0.9948722563040938
1574.9485010240355,0.9975273015834883,1574.9485010240355,0.9978780459760777,1574.9485010240355,0.9954105945119208,1574.9276670844683,0.9941612783899524
1574.949889953309,0.9945769746469038,1574.949889953309,0.9978680557499434,1574.949889953309,0.9924565919845666,1574.929056013742,0.9868439256793136
1574.9512788825816,1.0203241525619995,1574.9512788825816,0.9978227581397622,1574.9512788825816,1.01810266010603,1574.9304449430151,1.0064832144787577
1574.9526678118557,0.9997750212094425,1574.9526678118557,0.9977731108142882,1574.9526678118557,0.9975486330265664,1574.9318338722885,0.9998674911837356
1574.954056741129,0.9926243001841161,1574.954056741129,0.9978204345514354,1574.954056741129,0.9904608105560292,1574.9332228015624,0.9992136498165004
1574.9554456704022,1.0030566248295303,1574.9554456704022,0.997828801323249,1574.9554456704022,1.000878789612994,1574.934611731301,0.9942500276226606
1574.9568345996754,0.9944645458310942,1574.9568345996754,0.997967881767378,1574.9568345996754,0.9924436762958148,1574.936000660574,0.9949742902452324
1574.9582235289492,0.9977497007855946,1574.9582235289492,0.9979804714672434,1574.9582235289492,0.9957347167963088,1574.937389589848,1.0015483143165704
1574.959612458223,0.9997365632749499,1574.959612458223,0.9978826712641623,1574.959612458223,0.9976197923212602,1574.9387785191216,0.9955457787208554
1574.9610013874965,0.9959608614479324,1574.9610013874965,0.9978548991190533,1574.9610013874965,0.993824424926652,1574.9401674483947,1.009773455436615
1574.9623903167694,0.9963125207743033,1574.9623903167694,0.9978209182408451,1574.9623903167694,0.9941414743338663,1574.941556377668,0.9983967632545948
1574.963779246043,1.014155737401841,1574.963779246043,0.9978380843183794,1574.963779246043,1.0119632182095466,1574.9429453069415,0.997467141180871
1574.9651681753166,1.015404938182982,1574.9651681753166,0.9977196566342978,1574.9651681753166,1.0130894662686951,1574.9443342362156,0.9965988993803576
1574.9665571045898,1.0080033467844658,1574.9665571045898,0.9977156439593503,1574.9665571045898,1.0057007082502436,1574.9457231654883,1.0038164322679295
1574.967946033864,1.0002042965513747,1574.967946033864,0.9977548990110876,1574.967946033864,0.9979587368960728,1574.9471120947617,0.9874700905706524
1574.9693349631384,1.0007314361160262,1574.9693349631384,0.9977982470824802,1574.9693349631384,0.998528072756904,1574.9485010240355,0.9954105945119208
1574.9707238924111,1.0021003920249683,1574.9707238924111,0.9978035712191828,1574.9707238924111,0.9998993498826564,1574.949889953309,0.9924565919845666
1574.9721128216845,0.9993233881116222,1574.9721128216845,0.9978965627526397,1574.9721128216845,0.99722137407491,1574.9512788825816,1.01810266010603
1574.9735017509583,1.0062009594110817,1574.9735017509583,0.9979750311111983,1574.9735017509583,1.004163433772392,1574.9526678118557,0.9975486330265664
1574.974890680232,0.9966738057605827,1574.974890680232,0.9980040420866598,1574.974890680232,0.994684486790956,1574.954056741129,0.9904608105560292
1574.9762796095051,1.004613075798808,1574.9762796095051,0.9978626656340887,1574.9762796095051,1.0024658817474594,1574.9554456704022,1.000878789612994
1574.9776685387783,0.9986652544899779,1574.9776685387783,0.99797497835014,1574.9776685387783,0.9966429357286728,1574.9568345996754,0.9924436762958148
1574.979057468052,1.0050373283345868,1574.979057468052,0.9980663652589541,1574.979057468052,1.003093953240471,1574.9582235289492,0.9957347167963088
1574.980446397326,0.9891985284395131,1574.980446397326,0.9979792435635315,1574.980446397326,0.9871995991462238,1574.959612458223,0.9976197923212602
1574.9818353261333,1.0086264977891992,1574.9818353261333,0.9979931605386497,1574.9818353261333,1.0066023463316722,1574.9610013874965,0.993824424926652
1574.9832242554062,1.0172235472320328,1574.9832242554062,0.9980038352492246,1574.9832242554062,1.0151930014433896,1574.9623903167694,0.9941414743338663
1574.9846131846805,0.9925078476219747,1574.9846131846805,0.9980510969673826,1574.9846131846805,0.9905735460678478,1574.963779246043,1.0119632182095466
1574.986002113954,0.984430896724106,1574.986002113954,0.9979321796137326,1574.986002113954,0.9823952704469884,1574.9651681753166,1.0130894662686951
1574.987391043227,0.9961874440935861,1574.987391043227,0.9978903265240169,1574.987391043227,0.9940858138656744,1574.9665571045898,1.0057007082502436
1574.9887799725002,1.0149648251375283,1574.9887799725002,0.9978651251176418,1574.9887799725002,1.0127980022258651,1574.967946033864,0.9979587368960728
1574.9901689017738,1.0085191853080298,1574.9901689017738,0.9977479036484781,1574.9901689017738,1.0062479029303577,1574.9693349631384,0.998528072756904
1574.991557831047,1.007169410998594,1574.991557831047,0.9976825607795213,1574.991557831047,1.0048353571038795,1574.9707238924111,0.9998993498826564
1574.99294676032,1.0030471524162627,1574.99294676032,0.9976978098104566,1574.99294676032,1.0007379471023206,1574.9721128216845,0.99722137407491
1574.9943356891283,0.9887631494462226,1574.9943356891283,0.9977436619747484,1574.9943356891283,0.9865321655541596,1574.9735017509583,1.004163433772392
1574.9957246184022,0.9984771245321091,1574.9957246184022,0.9976258255216196,1574.9957246184022,0.9961065656257984,1574.974890680232,0.994684486790956
1574.997113547675,1.0099712296715084,1574.997113547675,0.9974934769314263,1574.997113547675,1.0074397134857411,1574.9762796095051,1.0024658817474594
1574.9985024769485,0.9944125296235068,1574.9985024769485,0.9974447658688745,1574.9985024769485,0.991871572787394,1574.9776685387783,0.9966429357286728
1574.999891406222,0.995505433009297,1574.999891406222,0.997402419161004,1574.999891406222,0.9929195271713956,1574.979057468052,1.003093953240471
1575.0012803354955,1.0009893306554989,1575.0012803354955,0.997395863197119,1575.0012803354955,0.9983826175002478,1574.980446397326,0.9871995991462238
1575.0026692647689,0.9896453756236232,1575.0026692647689,0.9974389556375075,1575.0026692647689,0.9871108499135156,1574.9818353261333,1.0066023463316722
1575.0040581935764,1.0007491912922644,1575.0040581935764,0.9974755319965866,1575.0040581935764,0.9982228319794052,1574.9832242554062,1.0151930014433896
1575.0054471228502,0.9812916054868297,1575.0054471228502,0.9975259221138939,1575.0054471228502,0.9788638136258732,1574.9846131846805,0.9905735460678478
1575.0068360521232,0.9915192264774689,1575.0068360521232,0.997381115380896,1575.0068360521232,0.9889225520257012,1574.986002113954,0.9823952704469884
1575.0082249813963,0.9993600236165904,1575.0082249813963,0.9973792711354553,1575.0082249813963,0.9967409719566264,1574.987391043227,0.9940858138656744
1575.0096139106704,1.0043859301879556,1575.0096139106704,0.9973821773246943,1575.0096139106704,1.0017566259251516,1574.9887799725002,1.0127980022258651
1575.011002839944,1.003338082722523,1575.011002839944,0.9972715737652653,1575.011002839944,1.0006005487753145,1574.9901689017738,1.0062479029303577
1575.0123917687515,1.0071461336800358,1575.0123917687515,0.9971333005036603,1575.0123917687515,1.0042589483658748,1574.991557831047,1.0048353571038795
1575.013780698025,0.9919292075864596,1575.013780698025,0.9971263703010842,1575.013780698025,0.9890787703563172,1574.99294676032,1.0007379471023206
1575.0151696272983,0.9991233118564752,1575.0151696272983,0.9971312988419078,1575.0151696272983,0.9962571256546756,1574.9943356891283,0.9865321655541596
1575.0165585565724,0.9956659942193657,1575.0165585565724,0.997061577253611,1575.0165585565724,0.9927403066141456,1574.9957246184022,0.9961065656257984
1575.0179474858453,1.0058988008781617,1575.0179474858453,0.9970806331010689,1575.0179474858453,1.0029622132152036,1574.997113547675,1.0074397134857411
1575.0193364146526,0.9969075045176125,1575.0193364146526,0.9970012547948498,1575.0193364146526,0.993918032918462,1574.9985024769485,0.991871572787394
1575.0207253439266,1.002910548490893,1575.0207253439266,0.997037707934713,1575.0207253439266,0.9999396345309056,1574.999891406222,0.9929195271713956
1575.0221142732005,1.0090127948002727,1575.0221142732005,0.9971683740738534,1575.0221142732005,1.0061556480107026,1575.0012803354955,0.9983826175002478
1575.0235032024734,1.0005304566076978,1575.0235032024734,0.9970760644440739,1575.0235032024734,0.9976049700308356,1575.0026692647689,0.9871108499135156
1575.024892131281,1.0010434807060928,1575.024892131281,0.9971134181891164,1575.024892131281,0.998153886802783,1575.0040581935764,0.9982228319794052
1575.0262810605543,0.9985727093927131,1575.0262810605543,0.9972137525903099,1575.0262810605543,0.9957904387677804,1575.0054471228502,0.9788638136258732
1575.0276699898277,1.002055107999004,1575.0276699898277,0.997144053510368,1575.0276699898277,0.9991932922308964,1575.0068360521232,0.9889225520257012
1575.0290589191009,1.003057926570949,1575.0290589191009,0.9970395985871412,1575.0290589191009,1.000088472467949,1575.0082249813963,0.9967409719566264
1575.0304478479088,1.0066388896912224,1575.0304478479088,0.9970238615824157,1575.0304478479088,1.003642993018978,1575.0096139106704,1.0017566259251516
1575.031836777183,1.004000229487206,1575.031836777183,0.996930753444932,1575.031836777183,1.000918705241565,1575.011002839944,1.0006005487753145
1575.033225706456,1.0017310550486318,1575.033225706456,0.9968746327414939,1575.033225706456,0.998600277607354,1575.0123917687515,1.0042589483658748
1575.0346146357292,0.9938633546732135,1575.0346146357292,0.9968527544975843,1575.0346146357292,0.9907354227002024,1575.013780698025,0.9890787703563172
1575.0360035645372,1.0091005164886173,1575.0360035645372,0.9967402555073178,1575.0360035645372,1.005811106637431,1575.0151696272983,0.9962571256546756
1575.0373924938108,1.0071611078007892,1575.0373924938108,0.9967529955843125,1575.0373924938108,1.0038908512364513,1575.0165585565724,0.9927403066141456
1575.038781423084,1.003518053320711,1575.038781423084,0.9967466319559927,1575.038781423084,1.000253239754453,1575.0179474858453,1.0029622132152036
1575.0401703518914,0.9963057524141957,1575.0401703518914,0.9967593744869927,1575.0401703518914,0.9930770985741664,1575.0193364146526,0.993918032918462
1575.0415592811653,0.9939411075861012,1575.0415592811653,0.9967807760003689,1575.0415592811653,0.99074138851834,1575.0207253439266,0.9999396345309056
1575.0429482104382,1.0065010376979877,1575.0429482104382,0.9967313290435553,1575.0429482104382,1.0032111169884328,1575.0221142732005,1.0061556480107026
1575.0443371397114,1.006549305576424,1575.0443371397114,0.9968392226654855,1575.0443371397114,1.0033678273452868,1575.0235032024734,0.9976049700308356
1575.0457260685198,0.9918461354588909,1575.0457260685198,0.9968667894762694,1575.0457260685198,0.9887384727093496,1575.024892131281,0.998153886802783
1575.0471149977934,0.9946213530842853,1575.0471149977934,0.9968074453830565,1575.0471149977934,0.9914459700913856,1575.0262810605543,0.9957904387677804
1575.0485039270666,0.9943387642658182,1575.0485039270666,0.9968270545517535,1575.0485039270666,0.991183781609726,1575.0276699898277,0.9991932922308964
1575.049892855874,0.9974493635718223,1575.049892855874,0.9967015335244276,1575.049892855874,0.9941593102849996,1575.0290589191009,1.000088472467949
1575.0512817851477,1.0017866048696167,1575.0512817851477,0.9967486298731437,1575.0512817851477,0.9985294258290588,1575.0304478479088,1.003642993018978
1575.0526707144218,0.9909959911334645,1575.0526707144218,0.9968439778253348,1575.0526707144218,0.987868385810443,1575.031836777183,1.000918705241565
1575.054059643229,0.9993876538505685,1575.054059643229,0.9968460143252041,1575.054059643229,0.996235599506756,1575.033225706456,0.998600277607354
1575.0554485725029,0.9943689685733652,1575.0554485725029,0.9968460094270218,1575.0554485725029,0.9912327382204228,1575.0346146357292,0.9907354227002024
1575.0568375017774,0.9933920195054514,1575.0568375017774,0.9968844820379062,1575.0568375017774,0.9902970888252816,1575.0360035645372,1.005811106637431
1575.0582264305854,1.0005337239835883,1575.0582264305854,0.9968175214914698,1575.0582264305854,0.9973495469099508,1575.0373924938108,1.0038908512364513
1575.0596153598583,1.0013204117608627,1575.0596153598583,0.996859762628994,1575.0596153598583,0.9981760279835002,1575.038781423084,1.000253239754453
1575.0610042891317,1.0034700205958067,1575.0610042891317,0.996862498002302,1575.0610042891317,1.0003216314015573,1575.0401703518914,0.9930770985741664
1575.0623932179396,0.9895313025874461,1575.0623932179396,0.996883485600965,1575.0623932179396,0.9864474140346364,1575.0415592811653,0.99074138851834
1575.0637821472128,0.9996702600559847,1575.0637821472128,0.9969696468359731,1575.0637821472128,0.9966409061204404,1575.0429482104382,1.0032111169884328
1575.0651710760203,1.0002440955669072,1575.0651710760203,0.99694210701074,1575.0651710760203,0.9971854561595244,1575.0443371397114,1.0033678273452868
1575.066560005294,1.0099788453212437,1575.066560005294,0.9968670124272961,1575.066560005294,1.0068145941501585,1575.0457260685198,0.9887384727093496
1575.067948934568,0.9968384413401318,1575.067948934568,0.9968754241878192,1575.067948934568,0.9937237440576684,1575.0471149977934,0.9914459700913856
1575.0693378633755,1.013449325985295,1575.0693378633755,0.9969369977525022,1575.0693378633755,1.010345128422077,1575.0485039270666,0.991183781609726
1575.0707267926489,0.9873570224953072,1575.0707267926489,0.9968645545908488,1575.0707267926489,0.984261218451931,1575.049892855874,0.9941593102849996
1575.0721157214566,0.998263167224559,1575.0721157214566,0.9969623157477434,1575.0721157214566,0.9952307589218732,1575.0512817851477,0.9985294258290588
1575.0735046507302,1.0021556534116107,1575.0735046507302,0.9970289750158849,1575.0735046507302,0.9991782239273528,1575.0526707144218,0.987868385810443
1575.0748935800034,0.9942870144950992,1575.0748935800034,0.9970437226824705,1575.0748935800034,0.9913476263470332,1575.054059643229,0.996235599506756
1575.076282508811,0.9850645910935478,1575.076282508811,0.9970768644213096,1575.076282508811,0.9821851137400142,1575.0554485725029,0.9912327382204228
1575.0776714380847,1.0005425046743843,1575.0776714380847,0.9970103333980388,1575.0776714380847,0.9975512161643166,1575.0568375017774,0.9902970888252816
1575.079060366892,1.0076108207797838,1575.079060366892,0.9970979697291801,1575.079060366892,1.0046867036766751,1575.0582264305854,0.9973495469099508
1575.0804492961652,1.0124981311096286,1575.0804492961652,0.9970212125666057,1575.0804492961652,1.009482114400344,1575.0596153598583,0.9981760279835002
1575.0818382249736,0.999491159874587,1575.0818382249736,0.997103928743878,1575.0818382249736,0.9965965622557262,1575.0610042891317,1.0003216314015573
1575.0832271542472,0.9924533064463178,1575.0832271542472,0.9970522536169736,1575.0832271542472,0.989527805801918,1575.0623932179396,0.9864474140346364
1575.0846160835204,0.9876433461746215,1575.0846160835204,0.9971030702015659,1575.0846160835204,0.984782212734863,1575.0637821472128,0.9966409061204404
1575.086005012328,0.9843597297851611,1575.086005012328,0.9971707755718608,1575.086005012328,0.9815747551915764,1575.0651710760203,0.9971854561595244
1575.0873939416017,0.999835653825733,1575.0873939416017,0.9972316300853069,1575.0873939416017,0.9970677388820444,1575.066560005294,1.0068145941501585
1575.08878287041,0.996280495963652,1575.08878287041,0.9972344289542514,1575.08878287041,0.9935252114705708,1575.067948934568,0.9937237440576684
1575.0901717996828,1.0058179077271774,1575.0901717996828,0.9971802073213277,1575.0901717996828,1.0029817097548908,1575.0693378633755,1.010345128422077
1575.09156072849,1.0052670838238207,1575.09156072849,0.9970690875449625,1575.09156072849,1.0023207340072022,1575.0707267926489,0.984261218451931
1575.0929496577642,1.0008426126012757,1575.0929496577642,0.997050156719533,1575.0929496577642,0.9978902837456888,1575.0721157214566,0.9952307589218732
1575.094338586572,0.9952218212612685,1575.094338586572,0.9970493237272274,1575.094338586572,0.9922852438471274,1575.0735046507302,0.9991782239273528
1575.0957275158453,1.0055590926043585,1575.0957275158453,0.9970859110216994,1575.0957275158453,1.0026288039355702,1575.0748935800034,0.9913476263470332
1575.0971164446528,1.0041437999762568,1575.0971164446528,0.9970764542885552,1575.0971164446528,1.0012081396761623,1575.076282508811,0.9821851137400142
1575.0985053739264,1.002758097469495,1575.0985053739264,0.9969465901852441,1575.0985053739264,0.9996962660528558,1575.0776714380847,0.9975512161643166
1575.099894302734,0.9919323309554487,1575.099894302734,0.9969046062238507,1575.099894302734,0.988861909791848,1575.079060366892,1.0046867036766751
1575.101283232007,1.0131000539612063,1575.101283232007,0.9967944870853479,1575.101283232007,1.009852548654399,1575.0804492961652,1.009482114400344
1575.102672160815,1.009066362440977,1575.102672160815,0.9967654592560012,1575.102672160815,1.005802496178263,1575.0818382249736,0.9965965622557262
1575.104061090089,0.9959982463578333,1575.104061090089,0.996690129406635,1575.104061090089,0.9927016210511704,1575.0832271542472,0.989527805801918
1575.1054500188966,0.9975010637856643,1575.1054500188966,0.9966888422000123,1575.1054500188966,0.9941981803578144,1575.0846160835204,0.984782212734863
1575.1068389481695,1.0044438114679388,1575.1068389481695,0.9966875313142589,1575.1068389481695,1.0011166227958648,1575.086005012328,0.9815747551915764
1575.1082278769777,1.0019528006538614,1575.1082278769777,0.996601528187267,1575.1082278769777,0.9985476923031504,1575.0873939416017,0.9970677388820444
1575.109616806251,0.997351443794359,1575.109616806251,0.9966988729240128,1575.109616806251,0.9940590599389746,1575.08878287041,0.9935252114705708
1575.1110057350588,0.9918863434564656,1575.1110057350588,0.9968410130921134,1575.1110057350588,0.9887529874833751,1575.0901717996828,1.0029817097548908
1575.112394664332,0.996619329713053,1575.112394664332,0.9969353753974743,1575.112394664332,0.9935650655958618,1575.09156072849,1.0023207340072022
1575.1137835931402,0.9862860933997054,1575.1137835931402,0.9969264738279321,1575.1137835931402,0.9832547172784948,1575.0929496577642,0.9978902837456888
1575.1151725219484,1.000406373487848,1575.1151725219484,0.9969211148563641,1575.1151725219484,0.9973262371669178,1575.094338586572,0.9922852438471274
1575.1165614512215,1.0111184257649262,1575.1165614512215,0.9969033428762373,1575.1165614512215,1.0079873386888134,1575.0957275158453,1.0026288039355702
1575.117950380029,1.0083428501754892,1575.117950380029,0.9968779176573073,1575.117950380029,1.0051947207675758,1575.0971164446528,1.0012081396761623
1575.1193393093026,0.9930856235593432,1575.1193393093026,0.997016474247618,1575.1193393093026,0.9901227270271334,1575.0985053739264,0.9996962660528558
1575.12072823811,0.9929048650629829,1575.12072823811,0.9970556367728388,1575.12072823811,0.989981392490222,1575.099894302734,0.988861909791848
1575.1221171673833,0.9954365727359086,1575.1221171673833,0.9970544886769205,1575.1221171673833,0.9925045030395074,1575.101283232007,1.009852548654399
1575.1235060961912,0.9990487699951675,1575.1235060961912,0.9970430512559877,1575.1235060961912,0.9960946339895232,1575.102672160815,1.005802496178263
1575.1248950249994,1.0066626796470934,1575.1248950249994,0.9969900352517498,1575.1248950249994,1.0036326604679766,1575.104061090089,0.9927016210511704
1575.1262839542724,0.9989246553305621,1575.1262839542724,0.996941279960314,1575.1262839542724,0.995869224469166,1575.1054500188966,0.9941981803578144
1575.12767288308,0.9992221165943102,1575.12767288308,0.9969426515013994,1575.12767288308,0.996167146356372,1575.1068389481695,1.0011166227958648
1575.129061812354,0.9995911562737055,1575.129061812354,0.9969308392654236,1575.129061812354,0.9965232503462405,1575.1082278769777,0.9985476923031504
1575.130450741162,0.9899537334685475,1575.130450741162,0.997020164516683,1575.130450741162,0.9870038342067158,1575.109616806251,0.9940590599389746
1575.1318396699694,0.9981211400344521,1575.1318396699694,0.9970326383225493,1575.1318396699694,0.9951593536140604,1575.1110057350588,0.9887529874833751
1575.1332285992426,0.995961284517545,1575.1332285992426,0.997093064684879,1575.1332285992426,0.9930660894870876,1575.112394664332,0.9935650655958618
1575.1346175280505,0.9953218943828533,1575.1346175280505,0.9970874299975904,1575.1346175280505,0.9924229496905324,1575.1137835931402,0.9832547172784948
1575.136006456858,0.9900093867839828,1575.136006456858,0.9969810769253424,1575.136006456858,0.987020624602093,1575.1151725219484,0.9973262371669178
1575.1373953861312,0.995833803300419,1575.1373953861312,0.9969802113818699,1575.1373953861312,0.9928265957156632,1575.1165614512215,1.0079873386888134
1575.1387843149391,1.0062209971777487,1575.1387843149391,0.997096317809308,1575.1387843149391,1.0032992511883434,1575.117950380029,1.0051947207675758
1575.1401732442132,0.9972484276301876,1575.1401732442132,0.9971035365245527,1575.1401732442132,0.9943599339836096,1575.1193393093026,0.9901227270271334
1575.1415621730207,1.011938272207518,1575.1415621730207,0.9970648993147252,1575.1415621730207,1.008968131491306,1575.12072823811,0.989981392490222
1575.142951101828,0.9958893678788726,1575.142951101828,0.9970656392502322,1575.142951101828,0.9929670692066578,1575.1221171673833,0.9925045030395074
1575.1443400311018,1.0112321064748733,1575.1443400311018,0.997115383511374,1575.1443400311018,1.008315089666708,1575.1235060961912,0.9960946339895232
1575.145728959911,1.0107100827418192,1575.145728959911,0.9971173462335028,1575.145728959911,1.0077965555149668,1575.1248950249994,1.0036326604679766
1575.1471178887186,0.9977626018803326,1575.1471178887186,0.9971038511217842,1575.1471178887186,0.9948729328401712,1575.1262839542724,0.995869224469166
1575.1485068179918,1.0102343405237957,1575.1485068179918,0.9970560968026471,1575.1485068179918,1.007260308418652,1575.12767288308,0.996167146356372
1575.1498957468,1.008986128870279,1575.1498957468,0.9971010390362275,1575.1498957468,1.006061117469696,1575.129061812354,0.9965232503462405
1575.1512846756082,0.9950975648332374,1575.1512846756082,0.9971407575082712,1575.1512846756082,0.9922523395924504,1575.130450741162,0.9870038342067158
1575.152673604881,0.988207555816964,1575.152673604881,0.9971648670274367,1575.152673604881,0.985405855991731,1575.1318396699694,0.9951593536140604
1575.1540625336888,0.9966832496551712,1575.1540625336888,0.9971743636106127,1575.1540625336888,0.9938669851962528,1575.1332285992426,0.9930660894870876
1575.1554514624968,0.9972285139942277,1575.1554514624968,0.9971040202890122,1575.1554514624968,0.994340560450482,1575.1346175280505,0.9924229496905324
1575.1568403913045,0.98642449799626,1575.1568403913045,0.9970420424609542,1575.1568403913045,0.9835066962157124,1575.136006456858,0.987020624602093
1575.1582293205774,0.9951284760882314,1575.1582293205774,0.996973196108393,1575.1582293205774,0.9921164173441586,1575.1373953861312,0.9928265957156632
1575.1596182493854,0.9948566063904494,1575.1596182493854,0.9970821270094242,1575.1596182493854,0.9919537411691668,1575.1387843149391,1.0032992511883434
1575.1610071781936,0.999211614950724,1575.1610071781936,0.9970658306556637,1575.1610071781936,0.9962797588616308,1575.1401732442132,0.9943599339836096
1575.1623961074663,0.9954849250106882,1575.1623961074663,0.9970186019588839,1575.1623961074663,0.9925169882053008,1575.1415621730207,1.008968131491306
1575.163785036274,1.003250546257684,1575.163785036274,0.9969224718330126,1575.163785036274,1.0001630144430305,1575.142951101828,0.9929670692066578
1575.1651739650824,1.002951250199645,1575.1651739650824,0.9969925243917079,1575.1651739650824,0.9999348987783634,1575.1443400311018,1.008315089666708
1575.1665628938904,0.9785474003109829,1575.1665628938904,0.9970350166190464,1575.1665628938904,0.9756460235315854,1575.145728959911,1.0077965555149668
1575.1679518231635,1.0042974679215249,1575.1679518231635,0.9969191757455009,1575.1679518231635,1.0012034039236202,1575.1471178887186,0.9948729328401712
1575.169340751971,0.9992946294340834,1575.169340751971,0.9968032849819376,1575.169340751971,0.9961001692847024,1575.1485068179918,1.007260308418652
1575.170729680779,1.0006145487910492,1575.170729680779,0.9968869177591879,1575.170729680779,0.9974995534093096,1575.1498957468,1.006061117469696
1575.1721186095865,0.9987821294417022,1575.1721186095865,0.996879965386247,1575.1721186095865,0.9956658946262462,1575.1512846756082,0.9922523395924504
1575.1735075388597,0.9924706632608532,1575.1735075388597,0.9969761931786101,1575.1735075388597,0.9894696236992556,1575.152673604881,0.985405855991731
1575.1748964676676,1.0024088938401778,1575.1748964676676,0.9970376090982739,1575.1748964676676,0.9994393668532564,1575.1540625336888,0.9938669851962528
1575.176285396476,1.0106640584146167,1575.176285396476,0.9970063580440319,1575.176285396476,1.0076384920859578,1575.1554514624968,0.994340560450482
1575.1776743252835,0.9883910015404079,1575.1776743252835,0.9971179338306926,1575.1776743252835,0.9855423932728204,1575.1568403913045,0.9835066962157124
1575.1790632540908,1.0095811751180763,1575.1790632540908,0.997153491709846,1575.1790632540908,1.0067073939335194,1575.1582293205774,0.9921164173441586
1575.1804521833649,1.008891280489206,1575.1804521833649,0.9972831118474985,1575.1804521833649,1.0061502357220828,1575.1596182493854,0.9919537411691668
1575.1818411121726,0.9937041918372571,1575.1818411121726,0.9974115073577965,1575.1818411121726,0.9911319958481596,1575.1610071781936,0.9962797588616308
1575.18323004098,1.0011103542066992,1575.18323004098,0.9973597619027103,1575.18323004098,0.9984671845099315,1575.1623961074663,0.9925169882053008
1575.1846189697876,0.9979414620228971,1575.1846189697876,0.9973009001144135,1575.1846189697876,0.9952479183369292,1575.163785036274,1.0001630144430305
1575.1860078985956,1.0084834512116598,1575.1860078985956,0.9972456665608763,1575.1860078985956,1.0057057515191847,1575.1651739650824,0.9999348987783634
1575.1873968278696,1.0104587994889584,1575.1873968278696,0.9973858237762437,1575.1873968278696,1.0078172821202491,1575.1665628938904,0.9756460235315854
1575.1887857566771,1.0033757866264013,1575.1887857566771,0.9974537853808682,1575.1887857566771,1.0008209765300102,1575.1679518231635,1.0012034039236202
1575.1901746854846,0.9870830437674155,1575.1901746854846,0.9974767151832571,1575.1901746854846,0.9845923521102128,1575.169340751971,0.9961001692847024
1575.1915636142926,1.0009098260724751,1575.1915636142926,0.9973756668078659,1575.1915636142926,0.99828310519358,1575.170729680779,0.9974995534093096
1575.1929525431,1.005769149528278,1575.1929525431,0.997488071835144,1575.1929525431,1.0032427296742346,1575.1721186095865,0.9956658946262462
1575.1943414719076,0.9985198475288617,1575.1943414719076,0.9973262303302319,1575.1943414719076,0.9958500354458776,1575.1735075388597,0.9894696236992556
1575.1957304011812,1.0028077794715713,1575.1957304011812,0.997479966444145,1575.1957304011812,1.0002806702172304,1575.1748964676676,0.9994393668532564
1575.1971193299894,1.004936551846738,1575.1971193299894,0.997484488301178,1575.1971193299894,1.0024086221939936,1575.176285396476,1.0076384920859578
1575.198508258797,0.9966100186223081,1575.198508258797,0.9975178750787975,1575.198508258797,0.9941363080583656,1575.1776743252835,0.9855423932728204
1575.1998971876042,1.0030630524598074,1575.1998971876042,0.997635517689804,1575.1998971876042,1.000691327616255,1575.1790632540908,1.0067073939335194
1575.2012861164126,0.99145141432145,1575.2012861164126,0.9977637192888653,1575.2012861164126,0.9892342506475758,1575.1804521833649,1.0061502357220828
1575.2026750452203,1.0024136015795084,1575.2026750452203,0.9978065542325367,1575.2026750452203,1.0002148617078763,1575.1818411121726,0.9911319958481596
1575.204063974028,0.9952142866324518,1575.204063974028,0.9977954324829711,1575.204063974028,0.9930202695436589,1575.18323004098,0.9984671845099315
1575.2054529028355,1.003253331231989,1575.2054529028355,0.9977817590038804,1575.2054529028355,1.0010278735631566,1575.1846189697876,0.9952479183369292
1575.2068418321091,0.9879595128575579,1575.2068418321091,0.9978387894215465,1575.2068418321091,0.9858243243072864,1575.1860078985956,1.0057057515191847
1575.2082307609166,1.0130418459839337,1575.2082307609166,0.9978460942930328,1575.2082307609166,1.0108598493704724,1575.1873968278696,1.0078172821202491
1575.209619689724,1.00280807965634,1575.209619689724,0.997954002251287,1575.209619689724,1.000756336582972,1575.1887857566771,1.0008209765300102
1575.211008618532,1.0028769396009773,1575.211008618532,0.9980624696053312,1575.211008618532,1.000933835048388,1575.1901746854846,0.9845923521102128
1575.2123975473403,1.0068304477310905,1575.2123975473403,0.9981389670321876,1575.2123975473403,1.0049567030748656,1575.1915636142926,0.99828310519358
1575.213786476148,0.9971914540416104,1575.213786476148,0.9980987280241372,1575.213786476148,0.9952955218754712,1575.1929525431,1.0032427296742346
1575.2151754049553,0.9864225971310973,1575.2151754049553,0.9980614506415614,1575.2151754049553,0.9845103682382794,1575.1943414719076,0.9958500354458776
1575.2165643337637,0.9985274119605003,1575.2165643337637,0.9979938682325702,1575.2165643337637,0.9965242343987168,1575.1957304011812,1.0002806702172304
1575.2179532625714,1.0005028939210314,1575.2179532625714,0.9979436140751223,1575.2179532625714,0.9984454738521727,1575.1971193299894,1.0024086221939936
1575.219342191379,1.0096601912186514,1575.219342191379,0.9979604250474137,1575.219342191379,1.0076009135820183,1575.198508258797,0.9941363080583656
1575.2207311201864,0.9785079716912064,1575.2207311201864,0.9979474815728874,1575.2207311201864,0.9764995660482336,1575.1998971876042,1.000691327616255
1575.2221200489944,0.9909103681601652,1575.2221200489944,0.9978378499691515,1575.2221200489944,0.9887678712770795,1575.2012861164126,0.9892342506475758
1575.2235089782685,0.9916118367775884,1575.2235089782685,0.9977519643944835,1575.2235089782685,0.9893826580616608,1575.2026750452203,1.0002148617078763
1575.224897907076,0.9843101882255013,1575.224897907076,0.9977611979400457,1575.224897907076,0.982106512548468,1575.204063974028,0.9930202695436589
1575.2262868358837,0.9961259743324093,1575.2262868358837,0.9976295477165962,1575.2262868358837,0.9937647052419952,1575.2054529028355,1.0010278735631566
1575.2276757646914,0.9982603418693388,1575.2276757646914,0.9975649768766006,1575.2276757646914,0.9958295548537144,1575.2068418321091,0.9858243243072864
1575.229064693499,0.9881349206473874,1575.229064693499,0.9976674475449441,1575.229064693499,0.9858300441123048,1575.2082307609166,1.0108598493704724
1575.2304536223064,1.0113926942189133,1575.2304536223064,0.9977320923270978,1575.2304536223064,1.009098948967377,1575.209619689724,1.000756336582972
1575.2318425511144,0.9923389436200213,1575.2318425511144,0.997762149367826,1575.2318425511144,0.9901182372877104,1575.211008618532,1.000933835048388
1575.2332314799226,1.0039356750328627,1575.2332314799226,0.997768047343026,1575.2332314799226,1.0016949381355422,1575.2123975473403,1.0049567030748656
1575.2346204087298,1.008406131285018,1575.2346204087298,0.9978446370954988,1575.2346204087298,1.0062326501169747,1575.213786476148,0.9952955218754712
1575.236009337537,1.009529412054675,1575.236009337537,0.997890914668635,1575.236009337537,1.0074002283801289,1575.2151754049553,0.9845103682382794
1575.2373982663455,1.0161017942927988,1575.2373982663455,0.9978924325319886,1575.2373982663455,1.0139602912069592,1575.2165643337637,0.9965242343987168
1575.2387871951546,1.0065029305352158,1575.2387871951546,0.9980249610288551,1575.2387871951546,1.004515048022837,1575.2179532625714,0.9984454738521727
1575.2401761239626,1.00387583838498,1575.2401761239626,0.9979445376547795,1575.2401761239626,1.001812409399903,1575.219342191379,1.0076009135820183
1575.24156505277,1.0002463592976913,1575.24156505277,0.9978118139522296,1575.24156505277,0.998057634169943,1575.2207311201864,0.9764995660482336
1575.242953981578,1.0080601160316014,1575.242953981578,0.9977801990624309,1575.242953981578,1.0058224232409083,1575.2221200489944,0.9887678712770795
1575.2443429103864,1.0027542003514511,1575.2443429103864,0.9977698916842391,1575.2443429103864,1.0005179498705832,1575.2235089782685,0.9893826580616608
1575.2457318391937,1.0085393347815303,1575.2457318391937,0.997793038134561,1575.2457318391937,1.0063135269298722,1575.224897907076,0.982106512548468
1575.247120768001,0.9921533046820984,1575.247120768001,0.9978813929733859,1575.247120768001,0.9900513217193204,1575.2262868358837,0.9937647052419952
1575.2485096968094,0.9932440500055183,1575.2485096968094,0.9979005157587936,1575.2485096968094,0.9911587497748596,1575.2276757646914,0.9958295548537144
1575.2498986256169,0.9956923548874769,1575.2498986256169,0.9978184775930986,1575.2498986256169,0.9935202297049094,1575.229064693499,0.9858300441123048
1575.2512875544242,0.9898617645017201,1575.2512875544242,0.9977979413821713,1575.2512875544242,0.98768203087274,1575.2304536223064,1.009098948967377
1575.252676482767,0.99906620461726,1575.252676482767,0.9978820853014571,1575.252676482767,0.9969502676176836,1575.2318425511144,0.9901182372877104
1575.2540654115746,1.0043386976310265,1575.2540654115746,0.9979352726324425,1575.2540654115746,1.0022650120357306,1575.2332314799226,1.0016949381355422
1575.255454340382,0.9932366407315137,1575.255454340382,0.9980153946346548,1575.255454340382,0.9912654579652606,1575.2346204087298,1.0062326501169747
1575.2568432691896,1.007609300312612,1575.2568432691896,0.9980283020144216,1575.2568432691896,1.0056225990849357,1575.236009337537,1.0074002283801289
1575.2582321979976,1.002403615448281,1575.2582321979976,0.9980358415663275,1575.2582321979976,1.0004347359330543,1575.2373982663455,1.0139602912069592
1575.259621126806,0.987850435290014,1575.259621126806,0.9980545000995485,1575.259621126806,0.9859285723664964,1575.2387871951546,1.004515048022837
1575.2610100556135,1.0060417506006558,1575.2610100556135,0.9980614366506853,1575.2610100556135,1.004091474935061,1575.2401761239626,1.001812409399903
1575.262398984421,1.0064654777962652,1575.262398984421,0.9981263854899038,1575.262398984421,1.0045797494731552,1575.24156505277,0.998057634169943
1575.263787913229,0.9986591583950676,1575.263787913229,0.9980185760553232,1575.263787913229,0.9966803912260528,1575.242953981578,1.0058224232409083
1575.2651768420365,0.9882880048522176,1575.2651768420365,0.9981153176173404,1575.2651768420365,0.9864253958604788,1575.2443429103864,1.0005179498705832
1575.266565770844,1.0037592760715999,1575.266565770844,0.9980639785576122,1575.266565770844,1.0018159765901296,1575.2457318391937,1.0063135269298722
1575.267954699652,0.9998090354794306,1575.267954699652,0.9980809432977947,1575.267954699652,0.9978903452489684,1575.247120768001,0.9900513217193204
1575.2693436279944,1.006748861686769,1575.2693436279944,0.9979434797213338,1575.2693436279944,1.004678462237186,1575.2485096968094,0.9911587497748596
1575.2707325568017,1.0013967445802936,1575.2707325568017,0.9979136733066375,1575.2707325568017,0.9993075038214294,1575.2498986256169,0.9935202297049094
1575.2721214856092,0.9958116974723707,1575.2721214856092,0.9979875698960928,1575.2721214856092,0.9938076960345544,1575.2512875544242,0.98768203087274
1575.2735104144176,1.0081363433563493,1575.2735104144176,0.9978905208183837,1575.2735104144176,1.0060097007278084,1575.252676482767,0.9969502676176836
1575.2748993432256,1.0034411008818034,1575.2748993432256,0.9977840127286378,1575.2748993432256,1.0012174881746876,1575.2540654115746,1.0022650120357306
1575.276288272033,1.0051256962876383,1575.276288272033,0.9979018861344526,1575.276288272033,1.0030168281276393,1575.255454340382,0.9912654579652606
1575.2776772008406,1.0045094788145355,1575.2776772008406,0.997949045781982,1575.2776772008406,1.0024492758619217,1575.2568432691896,1.0056225990849357
1575.2790661296483,0.9771245533674926,1575.2790661296483,0.9980314627665282,1575.2790661296483,0.9752010473024492,1575.2582321979976,1.0004347359330543
1575.2804550579913,0.9950884649458575,1575.2804550579913,0.9981335939285674,1575.2804550579913,0.99323122579327,1575.259621126806,0.9859285723664964
1575.2818439867983,0.9917003195023701,1575.2818439867983,0.9982042349086162,1575.2818439867983,0.9899194586874936,1575.2610100556135,1.004091474935061
1575.2832329156058,1.0072732995862341,1575.2832329156058,0.9983030294482923,1575.2832329156058,1.0055639864593149,1575.262398984421,1.0045797494731552
1575.2846218444142,1.0043697808028413,1575.2846218444142,0.9984109914853296,1575.2846218444142,1.002773828669268,1575.263787913229,0.9966803912260528
1575.2860107732215,0.999048199483968,1575.2860107732215,0.9983489786067848,1575.2860107732215,0.9973987495337668,1575.2651768420365,0.9864253958604788
1575.287399702029,0.9881674394157876,1575.287399702029,0.9983336306149097,1575.287399702029,0.986520787447402,1575.266565770844,1.0018159765901296
1575.2887886303715,1.0042299435548974,1575.2887886303715,0.9983280694005476,1575.2887886303715,1.0025509407833817,1575.267954699652,0.9978903452489684
1575.2901775591797,0.9971484970507029,1575.2901775591797,0.9983135024060649,1575.2901775591797,0.9954668085096308,1575.2693436279944,1.004678462237186
1575.291566487987,0.9869031501464759,1575.291566487987,0.9983140746524974,1575.291566487987,0.9852393051101138,1575.2707325568017,0.9993075038214294
1575.2929554167945,0.9867914035312485,1575.2929554167945,0.998310700172519,1575.2929554167945,0.9851244169835034,1575.2721214856092,0.9938076960345544
1575.2943443456024,1.001443708877341,1575.2943443456024,0.9982755274040737,1575.2943443456024,0.9997167466450192,1575.2735104144176,1.0060097007278084
1575.2957332739452,0.9926867738367892,1575.2957332739452,0.9982941181187637,1575.2957332739452,0.990993367455558,1575.2748993432256,1.0012174881746876
1575.2971222027527,1.005351769580957,1575.2971222027527,0.9982486872919725,1575.2971222027527,1.003591084250852,1575.276288272033,1.0030168281276393
1575.29851113156,1.0049711383271145,1575.29851113156,0.9983701036088013,1575.29851113156,1.0033331394954963,1575.2776772008406,1.0024492758619217
1575.299900060368,0.9960631054729262,1575.299900060368,0.9983482001350991,1575.299900060368,0.9944178085698732,1575.2790661296483,0.9752010473024492
1575.30128898871,1.0053028671516346,1575.30128898871,0.9982213236136055,1575.30128898871,1.0035147586806574,1575.2804550579913,0.99323122579327
1575.3026779175177,1.0016961911866265,1575.3026779175177,0.998221182710503,1575.3026779175177,0.9999143566829204,1575.2818439867983,0.9899194586874936
1575.3040668463254,1.0073101118435674,1575.3040668463254,0.9981230014741622,1575.3040668463254,1.0054193922485757,1575.2832329156058,1.0055639864593149
1575.3054557751336,1.0053565965135693,1575.3054557751336,0.9980388950944731,1575.3054557751336,1.0033849867603428,1575.2846218444142,1.002773828669268
1575.3068447034752,0.9958804388215913,1575.3068447034752,0.998149595119915,1575.3068447034752,0.9940376567976146,1575.2860107732215,0.9973987495337668
1575.3082336322827,0.9956834080121217,1575.3082336322827,0.998101887387109,1575.3082336322827,0.9937934887769276,1575.287399702029,0.986520787447402
1575.3096225610911,0.9968732442320702,1575.3096225610911,0.9980509770493738,1575.3096225610911,0.9949303154001968,1575.2887886303715,1.0025509407833817
1575.311011489899,1.0080154169355937,1575.311011489899,0.9979274973179432,1575.311011489899,1.00592630228044,1575.2901775591797,0.9954668085096308
1575.312400418241,1.0043764639380548,1575.312400418241,0.9978300222994032,1575.312400418241,1.002196989408305,1575.291566487987,0.9852393051101138
1575.3137893470484,1.001857657529803,1575.3137893470484,0.9978619538137771,1575.3137893470484,0.9997156395859832,1575.2929554167945,0.9851244169835034
1575.3151782758564,0.9971234510800656,1575.3151782758564,0.9979080469314304,1575.3151782758564,0.995037515616836,1575.2943443456024,0.9997167466450192
1575.3165672046646,1.0089493102102476,1575.3165672046646,0.9979668164740871,1575.3165672046646,1.006897931094247,1575.2957332739452,0.990993367455558
1575.3179561330062,0.9880592926779932,1575.3179561330062,0.9979393895935813,1575.3179561330062,0.9860232874173422,1575.2971222027527,1.003591084250852
1575.3193450618137,1.007948819067222,1575.3193450618137,0.9979444964089796,1575.3193450618137,1.0058769766500646,1575.29851113156,1.0033331394954963
1575.320733990622,0.9978765413768832,1575.320733990622,0.9978631709597384,1575.320733990622,0.9957442498046732,1575.299900060368,0.9944178085698732
1575.3221229189635,1.0095799447935865,1575.3221229189635,0.9978386520558952,1575.3221229189635,1.0073978912554975,1575.30128898871,1.0035147586806574
1575.323511847771,1.0013574505985896,1575.323511847771,0.9978365642713601,1575.323511847771,0.9991910781128248,1575.3026779175177,0.9999143566829204
1575.3249007765794,1.009953668590118,1575.3249007765794,0.9977707912025491,1575.3249007765794,1.007702270987079,1575.3040668463254,1.0054193922485757
1575.3262897049217,1.006094906127493,1575.3262897049217,0.997911202103434,1575.3262897049217,1.003993377203828,1575.3054557751336,1.0033849867603428
1575.3276786337292,1.0036982773366332,1575.3276786337292,0.9978588167154687,1575.3276786337292,1.0015491753624872,1575.3068447034752,0.9940376567976146
1575.3290675625367,1.0164256324678378,1575.3290675625367,0.9978175047751047,1575.3290675625367,1.0142072883785156,1575.3082336322827,0.9937934887769276
1575.330456490879,1.0066906373357813,1575.330456490879,0.9977658009798306,1575.330456490879,1.004441490100232,1575.3096225610911,0.9949303154001968
1575.3318454196874,0.9930773822764587,1575.3318454196874,0.9978934685440165,1575.3318454196874,0.9909854335324676,1575.311011489899,1.00592630228044
1575.333234348495,1.0079993592209207,1575.333234348495,0.9978105034853142,1575.333234348495,1.005792348137101,1575.312400418241,1.002196989408305
1575.3346232768365,1.0065127998526988,1575.3346232768365,0.9977082429508257,1575.3346232768365,1.0042061170485523,1575.3137893470484,0.9997156395859832
1575.3360122056451,1.0088382080544387,1575.3360122056451,0.9976339974449573,1575.3360122056451,1.006451294276557,1575.3151782758564,0.995037515616836
1575.3374011344536,0.9924788108759206,1575.3374011344536,0.9975981750959703,1575.3374011344536,0.990095050551237,1575.3165672046646,1.006897931094247
1575.3387900627954,1.0008090910814438,1575.3387900627954,0.9976971661151071,1575.3387900627954,0.9985043939941924,1575.3179561330062,0.9860232874173422
1575.3401789916034,0.9963306055720836,1575.3401789916034,0.9977465705524539,1575.3401789916034,0.994085444845996,1575.3193450618137,1.0058769766500646
1575.3415679204115,0.9944342112411888,1575.3415679204115,0.9978002265753237,1575.3415679204115,0.9922466812907116,1575.320733990622,0.9957442498046732
1575.3429568487531,0.9962797343467686,1575.3429568487531,0.99772102956014,1575.3429568487531,0.9940092422823608,1575.3221229189635,1.0073978912554975
1575.3443457775606,1.003366045455623,1575.3443457775606,0.997654409156271,1575.3443457775606,1.0010125592464938,1575.323511847771,0.9991910781128248
1575.3457347059034,0.9889915323036068,1575.3457347059034,0.9976883790821851,1575.3457347059034,0.986705358789992,1575.3249007765794,1.007702270987079
1575.3471236347114,0.9930055559069468,1575.3471236347114,0.9977294846269181,1575.3471236347114,0.9907509215267044,1575.3262897049217,1.003993377203828
1575.3485125635189,0.99289775122508,1575.3485125635189,0.9978589365547953,1575.3485125635189,0.990771894145106,1575.3276786337292,1.0015491753624872
1575.3499014918607,0.9931158568165062,1575.3499014918607,0.99790243278506,1575.3499014918607,0.9910327295546107,1575.3290675625367,1.0142072883785156
1575.3512904206686,0.9989485931476919,1575.3512904206686,0.997936156152265,1575.3512904206686,0.9968869192395206,1575.330456490879,1.004441490100232
1575.3526793490112,1.0160998901172058,1575.3526793490112,0.9979392149364215,1575.3526793490112,1.0140059266405486,1575.3318454196874,0.9909854335324676
1575.3540682778184,1.0067188930642381,1575.3540682778184,0.9980310419971591,1575.3540682778184,1.0047367058431282,1575.333234348495,1.005792348137101
1575.3554572061605,1.009249266758115,1575.3554572061605,0.997910315309568,1575.3554572061605,1.0071402540165408,1575.3346232768365,1.0042061170485523
1575.3568461349687,1.0013516300883925,1575.3568461349687,0.9979020648446483,1575.3568461349687,0.9992508593007612,1575.3360122056451,1.006451294276557
1575.358235063776,1.0039466316617829,1575.358235063776,0.997925566016686,1575.358235063776,1.00186401065163,1575.3374011344536,0.990095050551237
1575.3596239921176,0.9970249391033815,1575.3596239921176,0.9978998046237536,1575.3596239921176,0.9949309919362742,1575.3387900627954,0.9985043939941924
1575.361012920926,0.9958830294254348,1575.361012920926,0.9978749566839911,1575.361012920926,0.9937667348502276,1575.3401789916034,0.994085444845996
1575.3624018492685,1.0037809969339313,1575.3624018492685,0.997760531990932,1575.3624018492685,1.0015330615031874,1575.3415679204115,0.9922466812907116
1575.3637907780758,0.9898124498521591,1575.3637907780758,0.9976411128373628,1575.3637907780758,0.9874775939707844,1575.3429568487531,0.9940092422823608
1575.3651797064176,0.9936796043761748,1575.3651797064176,0.9976545508766382,1575.3651797064176,0.9913489794191882,1575.3443457775606,1.0010125592464938
1575.3665686352256,1.0001478036750706,1575.3665686352256,0.9976454068929769,1575.3665686352256,0.997792862550533,1575.3457347059034,0.986705358789992
1575.3679575635683,0.9897466977889822,1575.3679575635683,0.99752376439811,1575.3679575635683,0.987295851779064,1575.3471236347114,0.9907509215267044
1575.3693464923758,0.9956307410314233,1575.3693464923758,0.9974795659719159,1575.3693464923758,0.9931213194323212,1575.3485125635189,0.990771894145106
1575.3707354207174,1.0063125518295255,1575.3707354207174,0.9974820123521582,1575.3707354207174,1.0037786692541506,1575.3499014918607,0.9910327295546107
1575.3721243495256,1.000390884986689,1575.3721243495256,0.9974802106310691,1575.3721243495256,0.997870110669924,1575.3512904206686,0.9968869192395206
1575.373513277868,0.9965113410113832,1575.373513277868,0.9975836946301376,1575.373513277868,0.9941034653069686,1575.3526793490112,1.0140059266405486
1575.3749022066754,0.9957618365619519,1575.3749022066754,0.9975504630704812,1575.3749022066754,0.993322681170288,1575.3540682778184,1.0047367058431282
1575.3762911350173,1.0152215477207827,1575.3762911350173,0.9976565916779595,1575.3762911350173,1.012842469097139,1575.3554572061605,1.0071402540165408
1575.3776800638252,1.0072810776731977,1575.3776800638252,0.9976468772246613,1575.3776800638252,1.0049108216281573,1575.3568461349687,0.9992508593007612
1575.379068992167,0.9996907949848635,1575.379068992167,0.9975697432710487,1575.379068992167,0.9972612897034808,1575.358235063776,1.00186401065163
1575.3804579209743,0.9989662883441452,1575.3804579209743,0.9976903737562585,1575.3804579209743,0.9966590495879726,1575.3596239921176,0.9949309919362742
1575.3818468493173,0.9963924973366706,1575.3818468493173,0.997664965824351,1575.3818468493173,0.9940658868030292,1575.361012920926,0.9937667348502276
1575.3832357781253,0.9971824887968097,1575.3832357781253,0.9977039018236717,1575.3832357781253,0.9948928599028168,1575.3624018492685,1.0015330615031874
1575.384624706467,0.9917404856030175,1575.384624706467,0.9977284582285256,1575.384624706467,0.989487705663508,1575.3637907780758,0.9874775939707844
1575.3860136352746,1.002279523592377,1575.3860136352746,0.99762677369762,1575.3860136352746,0.9999008874646506,1575.3651797064176,0.9913489794191882
1575.387402563617,0.9947533596501694,1575.387402563617,0.9975333342564042,1575.387402563617,0.9922996356145936,1575.3665686352256,0.997792862550533
1575.388791492425,1.0085044524428866,1575.388791492425,0.9974774981580575,1575.388791492425,1.0059604981039922,1575.3679575635683,0.987295851779064
1575.390180420767,1.0023433245932487,1575.390180420767,0.9975962229624873,1575.390180420767,0.9999339147258872,1575.3693464923758,0.9931213194323212
1575.3915693495742,0.9975831429786844,1575.3915693495742,0.9975844568640547,1575.3915693495742,0.9951734378651276,1575.3707354207174,1.0037786692541506
1575.392958277917,0.9915440163243131,1575.392958277917,0.9976028641030205,1575.392958277917,0.9891671505693468,1575.3721243495256,0.997870110669924
1575.3943472062583,1.0030326426215468,1575.3943472062583,0.9976035881297977,1575.3943472062583,1.000628963290568,1575.373513277868,0.9941034653069686
1575.3957361350658,1.0054931427975444,1575.3957361350658,0.9975794803564624,1575.3957361350658,1.0030593268939605,1575.3749022066754,0.993322681170288
1575.3971250634086,0.9961528166219656,1575.3971250634086,0.997673173637823,1575.3971250634086,0.9938349419874928,1575.3762911350173,1.012842469097139
1575.3985139922163,0.9810046253160448,1575.3985139922163,0.9976213772063924,1575.3985139922163,0.9786711853536336,1575.3776800638252,1.0049108216281573
1575.3999029205584,1.011413818524861,1575.3999029205584,0.9976086078225986,1575.3999029205584,1.008995131431125,1575.379068992167,0.9972612897034808
1575.401291849366,0.9964301013181908,1575.401291849366,0.9975960213618233,1575.401291849366,0.9940347046401856,1575.3804579209743,0.9966590495879726
1575.4026807777082,1.0037701977310307,1575.4026807777082,0.997611713543814,1575.4026807777082,1.0013729069626665,1575.3818468493173,0.9940658868030292
1575.404069706051,1.0086001164092415,1575.404069706051,0.9975605815347726,1575.404069706051,1.0061397186612422,1575.3832357781253,0.9948928599028168
1575.4054586348584,0.9999941321200009,1575.4054586348584,0.9976127305042966,1575.4054586348584,0.9976068766325084,1575.384624706467,0.989487705663508
1575.4068475632,1.0052599915762443,1575.4068475632,0.9977037826619739,1575.4068475632,1.002951696154363,1575.3860136352746,0.9999008874646506
1575.4082364915423,1.0053788280901301,1575.4082364915423,0.9976071419775396,1575.4082364915423,1.0029730992957229,1575.387402563617,0.9922996356145936
1575.4096254203505,0.9913791901668789,1575.4096254203505,0.9975997952630561,1575.4096254203505,0.9889996771385328,1575.388791492425,1.0059604981039922
1575.4110143486923,0.9917482657158027,1575.4110143486923,0.9976717013582407,1575.4110143486923,0.9894391795757694,1575.390180420767,0.9999339147258872
1575.4124032774998,1.0018860839822545,1575.4124032774998,0.9976736657184738,1575.4124032774998,0.9995553620389026,1575.3915693495742,0.9951734378651276
1575.413792205842,1.0007486268664116,1575.413792205842,0.9975987018324572,1575.413792205842,0.9983455310225464,1575.392958277917,0.9891671505693468
1575.415181134184,0.9987023964636177,1575.415181134184,0.9975617748859692,1575.415181134184,0.9962673351991174,1575.3943472062583,1.000628963290568
1575.4165700629917,1.0032132956809234,1575.4165700629917,0.9976091515209214,1575.4165700629917,1.0008147646987533,1575.3957361350658,1.0030593268939605
1575.417958991334,0.9952241627419461,1575.417958991334,0.9976206526756849,1575.417958991334,0.9928561787932324,1575.3971250634086,0.9938349419874928
1575.4193479196765,1.0018553892414765,1575.4193479196765,0.9976847719070342,1575.4193479196765,0.9995358654992156,1575.3985139922163,0.9786711853536336
1575.420736848484,0.9910580928244982,1575.420736848484,0.9978037982816926,1575.420736848484,0.9888815293380946,1575.3999029205584,1.008995131431125
1575.422125776826,1.014809946540833,1575.422125776826,0.9978214793558146,1575.422125776826,1.012599162122369,1575.401291849366,0.9940347046401856
1575.423514705168,0.9986397625695509,1575.423514705168,0.9977529965227698,1575.423514705168,0.9963958155505568,1575.4026807777082,1.0013729069626665
1575.4249036339763,0.9852616063151037,1575.4249036339763,0.9978378066236895,1575.4249036339763,0.9831312801959962,1575.404069706051,1.0061397186612422
1575.426292562318,0.9878940641534026,1575.426292562318,0.9977168809563051,1575.426292562318,0.9856385844023808,1575.4054586348584,0.9976068766325084
1575.4276814906598,0.9960140474393809,1575.4276814906598,0.9976387816341259,1575.4276814906598,0.9936622407778984,1575.4068475632,1.002951696154363
1575.4290704194682,0.9969710395997033,1575.4290704194682,0.9975683143650736,1575.4290704194682,0.9945467194442712,1575.4082364915423,1.0029730992957229
1575.4304593478098,1.0067436356466224,1575.4304593478098,0.9975858388352967,1575.4304593478098,1.004313194258632,1575.4096254203505,0.9889996771385328
1575.4318482761514,0.9956715044148576,1575.4318482761514,0.9976498606599595,1575.4318482761514,0.993331537642575,1575.4110143486923,0.9894391795757694
1575.4332372044942,0.9887605101632563,1575.4332372044942,0.9977429663065369,1575.4332372044942,0.986528844377052,1575.4124032774998,0.9995553620389026
1575.434626133302,0.9828253420674247,1575.434626133302,0.9977881379135147,1575.434626133302,0.9806514679556688,1575.413792205842,0.9983455310225464
1575.4360150616446,0.9958123946064289,1575.4360150616446,0.9977145011972264,1575.4360150616446,0.9935364665707688,1575.415181134184,0.9962673351991174
1575.4374039899872,1.00934180944446,1575.4374039899872,0.997685070503222,1575.4374039899872,1.0070052543174457,1575.4165700629917,1.0008147646987533
1575.4387929183297,0.9971374052376074,1575.4387929183297,0.9976965831283325,1575.4387929183297,0.9948405821150124,1575.417958991334,0.9928561787932324
1575.440181847138,1.0130658403267776,1575.440181847138,0.9978085578261564,1575.440181847138,1.0108457651194052,1575.4193479196765,0.9995358654992156
1575.4415707754797,1.001567162112646,1575.4415707754797,0.9977027961055256,1575.4415707754797,0.9992663581272632,1575.420736848484,0.9888815293380946
1575.442959703821,0.9986848032292892,1575.442959703821,0.9977149569105894,1575.442959703821,0.9964027654211708,1575.422125776826,1.012599162122369
1575.4443486321638,0.9943544055124247,1575.4443486321638,0.997581746970866,1575.4443486321638,0.9919498049592615,1575.423514705168,0.9963958155505568
1575.4457375609718,1.001964284992539,1575.4457375609718,0.9975851189902101,1575.4457375609718,0.9995446604682228,1575.4249036339763,0.9831312801959962
1575.4471264893136,0.996369216234414,1575.4471264893136,0.9975022308236124,1575.4471264893136,0.9938805159178022,1575.426292562318,0.9856385844023808
1575.4485154176557,0.9969844286888848,1575.4485154176557,0.9975196928395217,1575.4485154176557,0.9945116010715224,1575.4276814906598,0.9936622407778984
1575.4499043459978,1.0100224155539008,1575.4499043459978,0.9974222832682639,1575.4499043459978,1.007418863873899,1575.4290704194682,0.9945467194442712
1575.4512932748053,0.9981502189403512,1575.4512932748053,0.9973989283035547,1575.4512932748053,0.9955539586570648,1575.4304593478098,1.004313194258632
1575.452682203147,0.9931525063279985,1575.452682203147,0.997425366624984,1575.452682203147,0.9905955027387257,1575.4318482761514,0.993331537642575
1575.4540711314896,0.9967304650360297,1575.4540711314896,0.9973902991402358,1575.4540711314896,0.994129296684472,1575.4332372044942,0.986528844377052
1575.455460059832,1.0098897430428349,1575.455460059832,0.997345767332664,1575.455460059832,1.007209260696443,1575.434626133302,0.9806514679556688
1575.456848988174,0.9973437662560505,1575.456848988174,0.9974740539999412,1575.456848988174,0.9948245297589924,1575.4360150616446,0.9935364665707688
1575.4582379169815,0.9930441410551515,1575.4582379169815,0.9973556540304316,1575.4582379169815,0.9904181887831488,1575.4374039899872,1.0070052543174457
1575.4596268453238,0.9961311857194394,1575.4596268453238,0.9972500475854175,1575.4596268453238,0.9933918723600292,1575.4387929183297,0.9948405821150124
1575.4610157736663,1.0024963758836245,1575.4610157736663,0.9971904210553735,1575.4610157736663,0.9996797831738774,1575.440181847138,1.0108457651194052
1575.462404702008,1.0132668718544318,1575.462404702008,0.9973008512883802,1575.462404702008,1.0105319138827389,1575.4415707754797,0.9992663581272632
1575.4637936303498,0.9978427439828949,1575.4637936303498,0.9973455095622067,1575.4637936303498,0.9951939799605708,1575.442959703821,0.9964027654211708
1575.4651825591582,1.0037007174797872,1575.4651825591582,0.9974117071221047,1575.4651825591582,1.001102846061196,1575.4443486321638,0.9919498049592615
1575.4665714874998,0.9926089538982612,1575.4665714874998,0.9975092017622149,1575.4665714874998,0.9901365652650818,1575.4457375609718,0.9995446604682228
1575.4679604158414,0.9999187531290624,1575.4679604158414,0.997587800180293,1575.4679604158414,0.9975067492930428,1575.4471264893136,0.9938805159178022
1575.469349344184,0.9997722667885134,1575.469349344184,0.9976269263700508,1575.469349344184,0.997399733586243,1575.4485154176557,0.9945116010715224
1575.4707382725264,0.9971193927952888,1575.4707382725264,0.9977725244172154,1575.4707382725264,0.9948983336947164,1575.4499043459978,1.007418863873899
1575.4721272008685,1.0143690380171098,1575.4721272008685,0.9978190082637663,1575.4721272008685,1.0121567075277031,1575.4512932748053,0.9955539586570648
1575.47351612921,0.9982083160979568,1575.47351612921,0.9979833856250377,1575.47351612921,0.9961953148585068,1575.452682203147,0.9905955027387257
1575.474905058018,0.9997644258416732,1575.474905058018,0.9980930579525885,1575.474905058018,0.9978579330205296,1575.4540711314896,0.994129296684472
1575.4762939863608,0.9981426210329594,1575.4762939863608,0.9980394578441387,1575.4762939863608,0.9961857203468624,1575.455460059832,1.007209260696443
1575.4776829147024,1.0020319840508338,1575.4776829147024,0.9979690982966873,1575.4776829147024,0.9999969555876512,1575.456848988174,0.9948245297589924
1575.479071843044,0.9937231996455806,1575.479071843044,0.9978454148061071,1575.479071843044,0.9915821383527964,1575.4582379169815,0.9904181887831488
1575.4804607713868,0.9892395801299495,1575.4804607713868,0.9978405295749637,1575.4804607713868,0.9871033465133836,1575.4596268453238,0.9933918723600292
1575.481849699729,1.0081470674026092,1575.481849699729,0.9978735002178799,1575.481849699729,1.0060032428834325,1575.4610157736663,0.9996797831738774
1575.483238628071,1.0037288506740636,1575.483238628071,0.9978040348093564,1575.483238628071,1.0015246970571388,1575.462404702008,1.0105319138827389
1575.4846275564128,1.004147983343529,1575.4846275564128,0.9977872012663992,1575.4846275564128,1.0019260059576385,1575.4637936303498,0.9951939799605708
1575.486016484755,0.9913416303849116,1575.486016484755,0.9978031781114377,1575.486016484755,0.989163829392239,1575.4651825591582,1.001102846061196
1575.4874054135626,0.989747549810524,1575.4874054135626,0.997771467165741,1575.4874054135626,0.987541864898144,1575.4665714874998,0.9901365652650818
1575.4887943419044,1.0062349737130485,1575.4887943419044,0.9977734545057226,1575.4887943419044,1.0039945457661434,1575.4679604158414,0.9975067492930428
1575.490183270247,0.9991234751095087,1575.490183270247,0.9979113738834738,1575.490183270247,0.9970366797257606,1575.469349344184,0.997399733586243
1575.4915721985894,0.990768454022296,1575.4915721985894,0.9979277635074019,1575.4915721985894,0.988715347476156,1575.4707382725264,0.9948983336947164
1575.4929611269313,0.9764125023364782,1575.4929611269313,0.9979662475423227,1575.4929611269313,0.9744267210101446,1575.4721272008685,1.0121567075277031
1575.4943500552731,1.0091187744763477,1575.4943500552731,0.9979707312908824,1575.4943500552731,1.0070710013235198,1575.47351612921,0.9961953148585068
1575.4957389836154,0.9917780187154621,1575.4957389836154,0.9978834367985412,1575.4957389836154,0.9896788578570332,1575.474905058018,0.9978579330205296
1575.4971279119577,1.0174714642177718,1575.4971279119577,0.9978244335177239,1575.4971279119577,1.0152578874035472,1575.4762939863608,0.9961857203468624
1575.4985168402995,0.9890684183931405,1575.4985168402995,0.9977938897785751,1575.4985168402995,0.9868864244456348,1575.4776829147024,0.9999969555876512
1575.4999057686414,1.0037644797038283,1575.4999057686414,0.9978993731195963,1575.4999057686414,1.001655945056168,1575.479071843044,0.9915821383527964
1575.501294696984,0.9980760788800942,1575.501294696984,0.9977987510845564,1575.501294696984,0.9958790649939292,1575.4804607713868,0.9871033465133836
1575.5026836253264,0.9960291493624019,1575.5026836253264,0.9976881207122326,1575.5026836253264,0.9937264502019784,1575.481849699729,1.0060032428834325
1575.5040725536685,1.009796626682643,1575.5040725536685,0.99761960267118,1575.5040725536685,1.0073929094898362,1575.483238628071,1.0015246970571388
1575.50546148201,1.0039629625846562,1575.50546148201,0.997652406735888,1575.50546148201,1.0016060658962744,1575.4846275564128,1.0019260059576385
1575.5068504103524,1.0089557313533597,1575.5068504103524,0.9976715883274763,1575.5068504103524,1.0066064670514168,1575.486016484755,0.989163829392239
1575.5082393386942,0.9949366282575719,1575.5082393386942,0.9976715883274763,1575.5082393386942,0.9926200061989155,1575.4874054135626,0.987541864898144
1575.509628267036,0.9825551994182121,1575.509628267036,0.9977827931521347,1575.509628267036,0.9803766713016564,1575.4887943419044,1.0039945457661434
1575.5110171953784,0.9808485227091391,1575.5110171953784,0.9978184614626772,1575.5110171953784,0.978708763857573,1575.490183270247,0.9970366797257606
1575.5124061237211,0.9937816057558221,1575.5124061237211,0.997800013918056,1575.5124061237211,0.9915953000546672,1575.4915721985894,0.988715347476156
1575.5137950520627,1.0039507281753381,1575.5137950520627,0.9977824310433715,1575.5137950520627,1.001724398206552,1575.4929611269313,0.9744267210101446
1575.5151839804043,1.002558285899664,1575.5151839804043,0.9978429138937066,1575.5151839804043,1.0003956813504005,1575.4943500552731,1.0070710013235198
1575.516572908747,1.0020840646067457,1575.516572908747,0.9978252913012393,1575.516572908747,0.999904823674556,1575.4957389836154,0.9896788578570332
1575.5179618370894,1.0068541394883506,1575.5179618370894,0.9979738251656707,1575.5179618370894,1.004814076969079,1575.4971279119577,1.0152578874035472
1575.5193507654312,0.9986756207601444,1575.5193507654312,0.9978763066900067,1575.5193507654312,0.9965547400254826,1575.4985168402995,0.9868864244456348
1575.520739693773,1.0135684347021252,1575.520739693773,0.9978725192016941,1575.520739693773,1.0114120873195274,1575.4999057686414,1.001655945056168
1575.5221286221154,1.0002480681353092,1575.5221286221154,0.9980000457907547,1575.5221286221154,0.9982476178011526,1575.501294696984,0.9958790649939292
1575.5235175504572,1.001788141884298,1575.5235175504572,0.9979590082702188,1575.5235175504572,0.9997435005717192,1575.5026836253264,0.9937264502019784
1575.524906478799,1.0026085355545067,1575.524906478799,0.9979584685553522,1575.524906478799,1.0005616787024998,1575.5040725536685,1.0073929094898362
1575.5262954071416,1.0147999126121634,1575.5262954071416,0.9979772248007941,1575.5262954071416,1.0127472005167752,1575.50546148201,1.0016060658962744
1575.527684335484,0.9922453734120652,1575.527684335484,0.9978875417066817,1575.527684335484,0.9901492964439942,1575.5068504103524,1.0066064670514168
1575.529073263826,1.000998747004524,1575.529073263826,0.9977613993046192,1575.529073263826,0.9987579105134043,1575.5082393386942,0.9926200061989155
1575.5304621921678,1.00329291298451,1575.5304621921678,0.99776194982936,1575.5304621921678,1.001047493109403,1575.509628267036,0.9803766713016564
1575.53185112051,0.9966350214737149,1575.53185112051,0.9977090234869146,1575.53185112051,0.9943517540474002,1575.5110171953784,0.978708763857573
1575.5332400488523,1.0043369278055498,1575.5332400488523,0.9975853430871676,1575.5332400488523,1.0019117987000112,1575.5124061237211,0.9915953000546672
1575.5346289767283,1.0111868666861992,1575.5346289767283,0.9976709057969262,1575.5346289767283,1.008831717216776,1575.5137950520627,1.001724398206552
1575.5360179050704,0.9874787017928943,1575.5360179050704,0.9977633491852681,1575.5360179050704,0.9852700567499988,1575.5151839804043,1.0003956813504005
1575.5374068334131,0.9976481444979387,1575.5374068334131,0.997716918895435,1575.5374068334131,0.9953704328702312,1575.516572908747,0.999904823674556
1575.5387957617554,0.9878001391739537,1575.5387957617554,0.9976763893719307,1575.5387957617554,0.9855048762721608,1575.5179618370894,1.004814076969079
1575.5401846900972,0.9987883903656607,1575.5401846900972,0.9977808202953672,1575.5401846900972,0.9965718994405384,1575.5193507654312,0.9965547400254826
1575.5415736184395,0.9937431668453667,1575.5415736184395,0.9978337822906947,1575.5415736184395,0.9915905027988452,1575.520739693773,1.0114120873195274
1575.5429625467827,1.010912813846318,1575.5429625467827,0.9978610608855462,1575.5429625467827,1.0087505328874795,1575.5221286221154,0.9982476178011526
1575.5443514751246,1.0123883040313868,1575.5443514751246,0.9977939850337413,1575.5443514751246,1.0101549602810282,1575.5235175504572,0.9997435005717192
1575.5457404034664,1.0109854180178157,1575.5457404034664,0.9979407566784196,1575.5457404034664,1.0089035530475474,1575.524906478799,1.0005616787024998
1575.547129331343,0.9993182957319984,1575.547129331343,0.9979386981190433,1575.547129331343,0.9972583990493316,1575.5262954071416,1.0127472005167752
1575.5485182596858,1.0041214849704392,1575.5485182596858,0.9979014274289799,1575.5485182596858,1.0020142631641082,1575.527684335484,0.9901492964439942
1575.5499071880274,0.9916058225521727,1575.5499071880274,0.9979051986582016,1575.5499071880274,0.9895286053445552,1575.529073263826,0.9987579105134043
1575.551296116369,0.9872757300988354,1575.551296116369,0.9980135169762892,1575.551296116369,0.9853145236212724,1575.5304621921678,1.001047493109403
1575.5526850447118,1.0002999971406794,1575.5526850447118,0.9980979517557479,1575.5526850447118,0.9983973782873926,1575.53185112051,0.9943517540474002
1575.554073973054,1.0100072406166303,1575.554073973054,0.9982298032285069,1575.554073973054,1.008219329060106,1575.5332400488523,1.0019117987000112
1575.5554629009305,1.0022860384739576,1575.5554629009305,0.9980939501106179,1575.5554629009305,1.000375631281195,1575.5346289767283,1.008831717216776
1575.556851829272,1.0049344231661463,1575.556851829272,0.9981549804534083,1575.556851829272,1.003080299512362,1575.5360179050704,0.9852700567499988
1575.5582407576144,1.0006657459655872,1575.5582407576144,0.9982934323607097,1575.5582407576144,0.998958042185776,1575.5374068334131,0.9953704328702312
1575.5596296859562,0.9999013956420134,1575.5596296859562,0.998284242181772,1575.5596296859562,0.9981858070049836,1575.5387957617554,0.9855048762721608
1575.561018614298,1.0010526007615068,1575.561018614298,0.9983990298382812,1575.561018614298,0.9994499454173768,1575.5401846900972,0.9965718994405384
1575.5624075426406,1.0025368100370418,1575.5624075426406,0.9983469111876009,1575.5624075426406,1.0008795276523512,1575.5415736184395,0.9915905027988452
1575.5637964705174,1.0074967979556486,1575.5637964705174,0.9984229988067418,1575.5637964705174,1.0059079743030688,1575.5429625467827,1.0087505328874795
1575.5651853988593,0.9976464968392356,1575.5651853988593,0.9982704428733326,1575.5651853988593,0.9959210102307324,1575.5443514751246,1.0101549602810282
1575.5665743272011,0.9952182291534036,1575.5665743272011,0.9982647966652951,1575.5665743272011,0.9934913231634176,1575.5457404034664,1.0089035530475474
1575.5679632555434,0.9878339688589212,1575.5679632555434,0.9982305866693847,1575.5679632555434,0.9860860822659876,1575.547129331343,0.9972583990493316
1575.5693521838857,0.980600829921333,1575.5693521838857,0.9983261500038204,1575.5693521838857,0.9789594512259155,1575.5485182596858,1.0020142631641082
1575.570741111762,0.9979525194164273,1575.570741111762,0.998320232964587,1575.570741111762,0.9962761916714042,1575.5499071880274,0.9895286053445552
1575.5721300401035,1.0025653689566505,1575.5721300401035,0.9983461394374228,1575.5721300401035,1.0009072656315274,1575.551296116369,0.9853145236212724
1575.5735189684465,0.9967643222571629,1575.5735189684465,0.9983243545283038,1575.5735189684465,0.9950940986342244,1575.5526850447118,0.9983973782873926
1575.5749078967888,1.0030555891198338,1575.5749078967888,0.9982070471973815,1575.5749078967888,1.0012571577901392,1575.554073973054,1.008219329060106
1575.576296824665,1.0069583592744558,1575.576296824665,0.9981584582644739,1575.576296824665,1.005104003429915,1575.5554629009305,1.000375631281195
1575.5776857530068,0.9997587928798336,1575.5776857530068,0.9983007070298971,1575.5776857530068,0.9980599097912944,1575.556851829272,1.003080299512362
1575.579074681349,1.0184876982638535,1575.579074681349,0.99828492550456,1575.579074681349,1.0167409159886418,1575.5582407576144,0.998958042185776
1575.580463609691,1.008340429075339,1575.580463609691,0.9981459483338878,1575.580463609691,1.0064709138228036,1575.5596296859562,0.9981858070049836
1575.581852537567,0.9958128860636465,1575.581852537567,0.998108729000975,1575.581852537567,0.993929534031779,1575.561018614298,0.9994499454173768
1575.5832414659094,0.9922911148486926,1575.5832414659094,0.9981688644017436,1575.5832414659094,0.9904740952644596,1575.5624075426406,1.0008795276523512
1575.584630394252,1.0004497535274932,1575.584630394252,0.9982556796598564,1575.584630394252,0.9987046486731236,1575.5637964705174,1.0059079743030688
1575.586019322128,1.0101769635380118,1575.586019322128,0.9982754239618669,1575.586019322128,1.00843483655242,1575.5651853988593,0.9959210102307324
1575.5874082504697,1.0142914656272333,1575.5874082504697,0.9982722991678566,1575.5874082504697,1.0125390734180333,1575.5665743272011,0.9934913231634176
1575.5887971788125,1.0018944061770927,1575.5887971788125,0.9983429067682861,1575.5887971788125,1.0002341737377245,1575.5679632555434,0.9860860822659876
1575.5901861071548,1.0149897067394826,1575.5901861071548,0.9983765047077133,1575.5901861071548,1.0133418757288717,1575.5693521838857,0.9789594512259155
1575.591575035031,1.0142538799514036,1575.591575035031,0.9985127362492182,1575.591575035031,1.012745416921662,1575.570741111762,0.9962761916714042
1575.5929639633728,1.0086958654800544,1575.5929639633728,0.9984515800535113,1575.5929639633728,1.0071339806820043,1575.5721300401035,1.0009072656315274
1575.594352891715,1.0108147903385665,1575.594352891715,0.9983780255130162,1575.594352891715,1.0091752745375715,1575.5735189684465,0.9950940986342244
1575.5957418195912,0.9990936580616213,1575.5957418195912,0.9984109129358143,1575.5957418195912,0.9975060112536857,1575.5749078967888,1.0012571577901392
1575.597130747933,1.0069559655502316,1575.597130747933,0.9983802247613762,1575.597130747933,1.0053249232108488,1575.576296824665,1.005104003429915
1575.5985196762756,1.0034521403547232,1575.5985196762756,0.9984361504319987,1575.5985196762756,1.0018828921585194,1575.5776857530068,0.9980599097912944
1575.5999086041525,0.9900823062547336,1575.5999086041525,0.99835484410382,1575.5999086041525,0.9884534665108952,1575.579074681349,1.0167409159886418
1575.6012975324943,0.9806814082229588,1575.6012975324943,0.9983777045248409,1575.6012975324943,0.979090453211826,1575.580463609691,1.0064709138228036
1575.602686460836,0.9959449283900177,1575.602686460836,0.9983338301871648,1575.602686460836,0.994285515015088,1575.581852537567,0.993929534031779
1575.6040753887128,1.0068736156825506,1575.6040753887128,0.9983770351096204,1575.6040753887128,1.0052394951552484,1575.5832414659094,0.9904740952644596
1575.605464317055,1.0037288879904476,1575.605464317055,0.9984046132335505,1575.605464317055,1.0021275522054445,1575.584630394252,0.9987046486731236
1575.606853245397,0.9965569628158927,1575.606853245397,0.9984183395580011,1575.606853245397,0.9949807480896082,1575.586019322128,1.00843483655242
1575.608242173273,0.9946756464608957,1575.608242173273,0.9983693371380985,1575.608242173273,0.993053665824574,1575.5874082504697,1.0125390734180333
1575.6096311016156,0.9970299070139479,1575.6096311016156,0.9982759932276027,1575.6096311016156,0.9953110207019732,1575.5887971788125,1.0002341737377245
1575.611020029958,1.0003471668650226,1575.611020029958,0.9983049314460157,1575.611020029958,0.9986515098394024,1575.5901861071548,1.0133418757288717
1575.6124089578343,0.990999150437346,1575.6124089578343,0.9983750318585062,1575.6124089578343,0.9893888083896378,1575.591575035031,1.012745416921662
1575.613797886176,1.0090451247040702,1575.613797886176,0.9983304126795651,1575.613797886176,1.0073604357581176,1575.5929639633728,1.0071339806820043
1575.6151868140528,1.0008424946125987,1575.6151868140528,0.9983354710828455,1575.6151868140528,0.999176563338799,1575.594352891715,1.0091752745375715
1575.6165757423946,0.9973262421386117,1575.6165757423946,0.9984096963627447,1575.6165757423946,0.9957401905882084,1575.5957418195912,0.9975060112536857
1575.6179646707365,0.9844919317803514,1575.6179646707365,0.9984272500929354,1575.6179646707365,0.982943572186138,1575.597130747933,1.0053249232108488
1575.619353598613,0.996660386738743,1575.619353598613,0.9983571892547966,1575.619353598613,0.99502306234609,1575.5985196762756,1.0018828921585194
1575.6207425269558,0.9936403365319829,1575.6207425269558,0.9984279510766103,1575.6207425269558,0.9920782853107012,1575.5999086041525,0.9884534665108952
1575.6221314548318,0.9901142954023135,1575.6221314548318,0.9983245764714552,1575.6221314548318,0.988455434615848,1575.6012975324943,0.979090453211826
1575.6235203831734,1.0149357025244032,1575.6235203831734,0.9984554426507505,1575.6235203831734,1.0133680761260535,1575.602686460836,0.994285515015088
1575.624909311516,0.9958805166805178,1575.624909311516,0.9984026618530222,1575.624909311516,0.994289758741392,1575.6040753887128,1.0052394951552484
1575.6262982393928,0.9949200178287863,1575.6262982393928,0.9983873366600333,1575.6262982393928,0.9933155467898348,1575.605464317055,1.0021275522054445
1575.6276871677346,0.9878066858932455,1575.6276871677346,0.9985022264055424,1575.6276871677346,0.986327175122686,1575.606853245397,0.9949807480896082
1575.6290760956108,1.0178358212505199,1575.6290760956108,0.9984080656751079,1575.6290760956108,1.0162154934695664,1575.608242173273,0.993053665824574
1575.630465023953,0.9973992053013552,1575.630465023953,0.9984020844163103,1575.630465023953,0.9958054455680444,1575.6096311016156,0.9953110207019732
1575.6318539518293,0.9966199398837859,1575.6318539518293,0.9982670625863953,1575.6318539518293,0.9948928599028168,1575.611020029958,0.9986515098394024
1575.633242880171,1.0032327033682926,1575.633242880171,0.9982941255943956,1575.633242880171,1.0015213143767514,1575.6124089578343,0.9893888083896378
1575.6346318080475,1.0147207743708864,1575.6346318080475,0.9983735682163963,1575.6346318080475,1.0130704002519666,1575.613797886176,1.0073604357581176
1575.6360207363905,0.9882012821118968,1575.6360207363905,0.9984648684692818,1575.6360207363905,0.9866842631650308,1575.6151868140528,0.999176563338799
1575.637409664267,1.0045939352485873,1575.637409664267,0.9985168564917278,1575.637409664267,1.0031039782750737,1575.6165757423946,0.9957401905882084
1575.6387985926085,1.0126879399730877,1575.6387985926085,0.9985259282130396,1575.6387985926085,1.0111951652517783,1575.6179646707365,0.982943572186138
1575.6401875204851,0.9950854704409193,1575.6401875204851,0.998440317362717,1575.6401875204851,0.99353345291006,1575.619353598613,0.99502306234609
1575.6415764488274,1.0082211493953965,1575.6415764488274,0.9984819953887177,1575.6415764488274,1.006690665041422,1575.6207425269558,0.9920782853107012
1575.6429653767036,0.9910536693598786,1575.6429653767036,0.9983989244437612,1575.6429653767036,0.9894669175549458,1575.6221314548318,0.988455434615848
1575.6443543050457,1.0042735352938414,1575.6443543050457,0.9983684529469006,1575.6443543050457,1.0026350157668271,1575.6235203831734,1.0133680761260535
1575.6457432329223,1.0048305354290095,1575.6457432329223,0.9983627818288602,1575.6457432329223,1.003185408617489,1575.624909311516,0.994289758741392
1575.6471321612648,0.9946947600619036,1575.6471321612648,0.9983272135121926,1575.6471321612648,0.9930308481077792,1575.6262982393928,0.9933155467898348
1575.648521089141,1.011155623529692,1575.648521089141,0.9983319374466504,1575.648521089141,1.0094689526984733,1575.6276871677346,0.986327175122686
1575.6499100174829,0.9975993319050152,1575.6499100174829,0.9982286150824738,1575.6499100174829,0.9958321994947444,1575.6290760956108,1.0162154934695664
1575.6512989453597,0.9924140363909428,1575.6512989453597,0.9981849181210372,1575.6512989453597,0.9906127236570612,1575.630465023953,0.9958054455680444
1575.6526878737018,0.9982240334418149,1575.6526878737018,0.9982513985623558,1575.6526878737018,0.9964785374618476,1575.6318539518293,0.9948928599028168
1575.6540768015789,0.998264774946135,1575.6540768015789,0.9981674072524651,1575.6540768015789,0.9964353621594492,1575.633242880171,1.0015213143767514
1575.6554657299212,1.0017657914784388,1575.6554657299212,0.998094424486899,1575.6554657299212,0.9998568511163352,1575.6346318080475,1.0130704002519666
1575.6568546577982,0.9901702414751361,1575.6568546577982,0.9982068633028436,1575.6568546577982,0.9883947308787148,1575.6360207363905,0.9866842631650308
1575.65824358614,1.0025570387367921,1575.65824358614,0.9982460355544122,1575.65824358614,1.000798589336174,1575.637409664267,1.0031039782750737
1575.6596325140158,1.0181295566258965,1575.6596325140158,0.9982209015863197,1575.6596325140158,1.0163182039467824,1575.6387985926085,1.0111951652517783
1575.6610214423586,0.98336624124982,1575.6610214423586,0.9982247431883812,1575.6610214423586,0.9816205136317252,1575.6401875204851,0.99353345291006
1575.6624103702352,0.9956297622233994,1575.6624103702352,0.9982488822015471,1575.6624103702352,0.9938862972261006,1575.6415764488274,1.006690665041422
1575.6637992981114,1.007092185535435,1575.6637992981114,0.9982926957456125,1575.6637992981114,1.00537277276251,1575.6429653767036,0.9894669175549458
1575.6651882264532,1.0082589992827113,1575.6651882264532,0.9982782889318146,1575.6651882264532,1.0065230686040487,1575.6443543050457,1.0026350157668271
1575.6665771543298,0.988697941817291,1575.6665771543298,0.9984067092613098,1575.6665771543298,0.9871226585432314,1575.6457432329223,1.003185408617489
1575.6679660826726,0.9953085984981395,1575.6679660826726,0.9982725336484356,1575.6679660826726,0.9935892363848112,1575.6471321612648,0.9930308481077792
1575.6693550105483,1.0069610577468895,1575.6693550105483,0.9981260994192119,1575.6693550105483,1.0050741128359466,1575.648521089141,1.0094689526984733
1575.6707439388902,1.0081230303794806,1575.6707439388902,0.9981210081388396,1575.6707439388902,1.0062287754103492,1575.6499100174829,0.9958321994947444
1575.6721328667672,0.9942195034861055,1575.6721328667672,0.998196774364996,1575.6721328667672,0.9924267013905984,1575.6512989453597,0.9906127236570612
1575.6735217946434,0.9954284451691471,1575.6735217946434,0.9982288970852132,1575.6735217946434,0.9936654389484464,1575.6526878737018,0.9964785374618476
1575.6749107229853,1.0034868179407825,1575.6749107229853,0.9982579233308603,1575.6749107229853,1.0017386669674586,1575.6540768015789,0.9964353621594492
1575.676299650862,1.0032817499955753,1575.676299650862,0.9982608322247964,1575.676299650862,1.0015368747065332,1575.6554657299212,0.9998568511163352
1575.6776885787383,1.0080698756879527,1575.6776885787383,0.9981848032348384,1575.6776885787383,1.006240030510547,1575.6568546577982,0.9883947308787148
1575.6790775070804,0.9947166408362882,1575.6790775070804,0.9981555011781352,1575.6790775070804,0.9928818871641764,1575.65824358614,1.000798589336174
1575.681855363299,1.0055223698592424,1575.681855363299,0.998070819086253,1575.681855363299,1.003582535294964,1575.6596325140158,1.0163182039467824
1575.683244291176,0.9949069845400066,1575.683244291176,0.9981278594485504,1575.683244291176,0.9930443788293288,1575.6610214423586,0.9816205136317252
1575.684633219052,1.006683026352909,1575.684633219052,0.9981460850198686,1575.684633219052,1.0048167216101092,1575.6624103702352,0.9938862972261006
1575.686022147394,1.0021472193395493,1575.686022147394,0.9981801033743521,1575.686022147394,1.0003234149966709,1575.6637992981114,1.00537277276251
1575.6874110752706,1.0041083275642182,1575.6874110752706,0.9982241917842486,1575.6874110752706,1.0023252237466254,1575.6651882264532,1.0065230686040487
1575.6888000031468,0.9893609549662487,1575.6888000031468,0.9981279038521546,1575.6888000031468,0.9875087761336276,1575.6665771543298,0.9871226585432314
1575.6901889314886,1.0006061196376377,1575.6901889314886,0.9981249433921031,1575.6901889314886,0.9987299265211091,1575.6679660826726,0.9935892363848112
1575.6915778593652,0.9944558642584901,1575.6915778593652,0.9981283026383607,1575.6915778593652,0.9925945438410908,1575.6693550105483,1.0050741128359466
1575.6929667872423,1.0036725983048331,1575.6929667872423,0.9982484622406536,1575.6929667872423,1.0019146278508808,1575.6707439388902,1.0062287754103492
1575.694355715584,1.0006579886098947,1575.694355715584,0.9983237282472773,1575.694355715584,0.9989806138894516,1575.6721328667672,0.9924267013905984
1575.69574464346,0.9981619663436978,1575.69574464346,0.9984203759063023,1575.69574464346,0.9965852456522486,1575.6735217946434,0.9936654389484464
1575.697133571337,0.9840603400727005,1575.697133571337,0.9983472720152337,1575.697133571337,0.9824339560099636,1575.6749107229853,1.0017386669674586
1575.6985224992136,0.995748710244632,1575.6985224992136,0.9984466797018577,1575.6985224992136,0.99420199356116,1575.676299650862,1.0015368747065332
1575.6999114275554,0.989593429238281,1575.6999114275554,0.9984207056828506,1575.6999114275554,0.9880305699591966,1575.6776885787383,1.006240030510547
1575.7013003554316,1.0086427327546081,1575.7013003554316,0.9984172237624755,1575.7013003554316,1.0070462770050523,1575.6790775070804,0.9928818871641764
1575.7026892833082,0.9937974403997692,1575.7026892833082,0.9983469790232778,1575.7026892833082,0.9921546723841757,1575.6804664349563,1.0284823841229775
1575.704078211651,0.9929183696605425,1575.704078211651,0.9983764289524972,1575.704078211651,0.991306296143028,1575.681855363299,1.003582535294964
1575.705467139527,0.9858458083502127,1575.705467139527,0.9983842373446653,1575.705467139527,0.9842529155091622,1575.683244291176,0.9930443788293288
1575.706856067403,0.9990401847348419,1575.706856067403,0.9984714938157285,1575.706856067403,0.997513145634139,1575.684633219052,1.0048167216101092
1575.70824499528,1.0035188551970078,1575.70824499528,0.9984756784956018,1575.70824499528,1.001989169825962,1575.686022147394,1.0003234149966709
1575.7096339236218,1.0031965286018059,1575.7096339236218,0.9984727243838802,1575.7096339236218,1.0016643710054964,1575.6874110752706,1.0023252237466254
1575.7110228514978,1.0092422544134434,1575.7110228514978,0.9984321314538648,1575.7110228514978,1.007659895227318,1575.6888000031468,0.9875087761336276
1575.7124117793746,1.004307852188855,1575.7124117793746,0.9982727320933555,1575.7124117793746,1.0025731434673784,1575.6901889314886,0.9987299265211091
1575.7138007072513,1.0069420801949065,1575.7138007072513,0.9983202083026538,1575.7138007072513,1.0052506272488866,1575.6915778593652,0.9925945438410908
1575.715189635593,1.0138704807071668,1575.715189635593,0.9982958415693827,1575.715189635593,1.0121426847799155,1575.6929667872423,1.0019146278508808
1575.7165785634693,0.9842753034230496,1575.7165785634693,0.9982244638175531,1575.7165785634693,0.9825276870083332,1575.694355715584,0.9989806138894516
1575.717967491346,0.9893672748652711,1575.717967491346,0.9982295073031181,1575.717967491346,0.9876156073305882,1575.69574464346,0.9965852456522486
1575.719356419223,1.001271501017374,1575.719356419223,0.9981441481627591,1575.719356419223,0.999413289462634,1575.697133571337,0.9824339560099636
1575.7207453470992,1.0047103924601903,1575.7207453470992,0.9981769480943163,1575.7207453470992,1.0028787532645556,1575.6985224992136,0.99420199356116
1575.722134275441,1.0044020989180356,1575.722134275441,0.9980913125802577,1575.722134275441,1.002485009267468,1575.6999114275554,0.9880305699591966
1575.7235232033177,0.9877009002748753,1575.7235232033177,0.9981260226659612,1575.7235232033177,0.9858499711749504,1575.7013003554316,1.0070462770050523
1575.7249121311938,1.000653529345753,1575.7249121311938,0.9981861973406952,1575.7249121311938,0.998838541313183,1575.7026892833082,0.9921546723841757
1575.72630105907,0.9968693204443129,1575.72630105907,0.9982216709426793,1575.72630105907,0.9950965587654153,1575.704078211651,0.991306296143028
1575.7276899869466,0.997754957734581,1575.7276899869466,0.9982325672936406,1575.7276899869466,0.9959914929893487,1575.705467139527,0.9842529155091622
1575.7290789152892,0.9946189844408094,1575.7290789152892,0.9981665633609286,1575.7290789152892,0.9927954135528196,1575.706856067403,0.997513145634139
1575.7304678431651,1.0112687771134141,1575.7304678431651,0.9982029591068926,1575.7304678431651,1.0094514857670187,1575.70824499528,1.001989169825962
1575.7318567710413,0.9978234327078621,1575.7318567710413,0.9982603419216146,1575.7318567710413,0.9960875611123496,1575.7096339236218,1.0016643710054964
1575.7332456989184,0.9925313768342114,1575.7332456989184,0.998333549343724,1575.7332456989184,0.9908773722699116,1575.7110228514978,1.007659895227318
1575.734634626795,0.994662301574573,1575.734634626795,0.9983787125935795,1575.734634626795,0.993049668111389,1575.7124117793746,1.0025731434673784
1575.745746050272,0.9958498564785832,1575.745746050272,0.9987480040068977,1575.745746050272,0.9946030564485404,1575.7138007072513,1.0052506272488866
1575.7471349786135,1.0056302846868017,1575.7471349786135,0.9987898503980684,1575.7471349786135,1.0044133215980977,1575.715189635593,1.0121426847799155
1575.7485239064904,0.9972224790563369,1575.7485239064904,0.9986896022350985,1575.7485239064904,0.995915720948672,1575.7165785634693,0.9825276870083332
1575.749912834367,0.995523283281251,1575.749912834367,0.9986625749657361,1575.749912834367,0.994191845519998,1575.717967491346,0.9876156073305882
1575.7513017622432,1.0091987836059801,1575.7513017622432,0.998677772907475,1575.7513017622432,1.007864393632553,1575.719356419223,0.999413289462634
1575.7526906901194,0.9970078520921734,1575.7526906901194,0.9988200788646573,1575.7526906901194,0.9958314614553871,1575.7207453470992,1.0028787532645556
1575.754079617996,1.0022374838309134,1575.754079617996,0.9987296377559414,1575.754079617996,1.0009642791718742,1575.722134275441,1.002485009267468
1575.755468545873,0.9898290660896206,1575.755468545873,0.998786481102194,1575.755468545873,0.9886278898123232,1575.7235232033177,0.9858499711749504
1575.7568574737493,0.9962058322621322,1575.7568574737493,0.9988071689878353,1575.7568574737493,0.9950175270509106,1575.7249121311938,0.998838541313183
1575.7582464016257,1.002096768511949,1575.7582464016257,0.9987269388359036,1575.7582464016257,1.00082103803329,1575.72630105907,0.9950965587654153
1575.759635329502,1.0055292257560153,1575.759635329502,0.9986018386278367,1575.759635329502,1.004123333633982,1575.7276899869466,0.9959914929893487
1575.7610242573787,0.9987525654645991,1575.7610242573787,0.9987368017283937,1575.7610242573787,0.997490942950142,1575.7290789152892,0.9927954135528196
1575.762413185255,1.0040100703718204,1575.762413185255,0.9987037628231888,1575.762413185255,1.0027086351927117,1575.7304678431651,1.0094514857670187
1575.763802113131,0.9925035056971558,1575.763802113131,0.9985648386515291,1575.763802113131,0.9910791030275574,1575.7318567710413,0.9960875611123496
1575.7651910414736,1.0059146874708063,1575.7651910414736,0.9986057166481536,1575.7651910414736,1.004512157368688,1575.7332456989184,0.9908773722699116
1575.7665799693496,0.9977093348861726,1575.7665799693496,0.998613683364531,1575.7665799693496,0.9963261938378573,1575.734634626795,0.993049668111389
1575.7679688972255,0.9943089095727816,1575.7679688972255,0.9986984791058763,1575.7679688972255,0.9930147957517592,1575.745746050272,0.9946030564485404
1575.7693578251033,1.0080968875179357,1575.7693578251033,0.9986820658273082,1575.7693578251033,1.0067682821804915,1575.7471349786135,1.0044133215980977
1575.7707467529808,0.9960618574092187,1575.7707467529808,0.9986599121944758,1575.7707467529808,0.9947270470605568,1575.7485239064904,0.995915720948672
1575.772135680857,1.0014984034695866,1575.772135680857,0.9987106408053298,1575.772135680857,1.0002071122946257,1575.749912834367,0.994191845519998
1575.7735246087332,0.9886151057456757,1575.7735246087332,0.99861964137595,1575.7735246087332,0.9872504623585936,1575.7513017622432,1.007864393632553
1575.7749135366098,1.0201715408957226,1575.7749135366098,0.9987153073763876,1575.7749135366098,1.0188609340423145,1575.7526906901194,0.9958314614553871
1575.776302464487,0.9991966078769571,1575.776302464487,0.9987558401888632,1575.776302464487,0.9979534476140124,1575.754079617996,1.0009642791718742
1575.7776913923628,0.9907571286719737,1575.7776913923628,0.9988255069445515,1575.7776913923628,0.9895934913047124,1575.755468545873,0.9886278898123232
1575.7790803202388,0.995963028732432,1575.7790803202388,0.9988753503288029,1575.7790803202388,0.9948429192396436,1575.7568574737493,0.9950175270509106
1575.780469248116,1.0061123393476052,1575.780469248116,0.9989208277202675,1575.780469248116,1.0050265708006845,1575.7582464016257,1.00082103803329
1575.781858175992,1.0091470747506293,1575.781858175992,0.9989228139164984,1575.781858175992,1.0080600355655016,1575.759635329502,1.004123333633982
1575.783247103868,1.004710008557754,1575.783247103868,0.998921091225568,1575.783247103868,1.0036260181137615,1575.7610242573787,0.997490942950142
1575.7846360317449,0.985237491325819,1575.7846360317449,0.9988905541945018,1575.7846360317449,0.984144423723648,1575.762413185255,1.0027086351927117
1575.7860249596215,0.9986983124852522,1575.7860249596215,0.9989325139652778,1575.7860249596215,0.9976322159837736,1575.763802113131,0.9910791030275574
1575.787413887032,0.9960893696425785,1575.787413887032,0.9990141584381368,1575.787413887032,0.9951073833426548,1575.7651910414736,1.004512157368688
1575.7888028149082,0.9961478881688917,1575.7888028149082,0.9990199292557337,1575.7888028149082,0.9951715927667346,1575.7665799693496,0.9963261938378573
1575.7901917427848,1.0060218386872317,1575.7901917427848,0.9989464365555237,1575.7901917427848,1.0049619308536462,1575.7679688972255,0.9930147957517592
1575.791580670662,0.9938056285405019,1575.791580670662,0.9990628889060481,1575.791580670662,0.9928743222607648,1575.7693578251033,1.0067682821804915
1575.792969598538,0.984240330627987,1575.792969598538,0.9991472016294397,1575.792969598538,0.9834009720777878,1575.7707467529808,0.9947270470605568
1575.7943585264145,1.007688637045065,1575.7943585264145,0.9991159027096147,1575.7943585264145,1.0067977422515015,1575.772135680857,1.0002071122946257
1575.795747454291,1.0064296261173182,1575.795747454291,0.9990138809558716,1575.795747454291,1.005437166696429,1575.7735246087332,0.9872504623585936
1575.7971363821675,1.007311836291368,1575.7971363821675,0.9990024040458705,1575.7971363821675,1.006306946078937,1575.7749135366098,1.0188609340423145
1575.7985253100435,0.9949085570751308,1575.7985253100435,0.9990489158139154,1575.7985253100435,0.9939623152798964,1575.776302464487,0.9979534476140124
1575.79991423792,0.9904889256652845,1575.79991423792,0.9990477203888779,1575.79991423792,0.9895457032563312,1575.7776913923628,0.9895934913047124
1575.8013031657968,0.9895057688248877,1575.8013031657968,0.9990885699506876,1575.8013031657968,0.9886039035332128,1575.7790803202388,0.9948429192396436
1575.8026920936727,1.004033093089347,1575.8026920936727,0.9990174652796915,1575.8026920936727,1.003046595715048,1575.780469248116,1.0050265708006845
1575.8040810215489,0.9979691856425627,1575.8040810215489,0.9990716976982528,1575.8040810215489,0.9970427685504578,1575.781858175992,1.0080600355655016
1575.8054699489603,0.9991753185479751,1575.8054699489603,0.9991412127399525,1575.8054699489603,0.9983172395138522,1575.783247103868,1.0036260181137615
1575.806858876837,1.014674510124054,1575.806858876837,0.9991593655820215,1575.806858876837,1.013821539807798,1575.7846360317449,0.984144423723648
1575.8082478047131,1.0006800929369322,1575.8082478047131,0.9991915767432569,1575.8082478047131,0.999871119877242,1575.7860249596215,0.9976322159837736
1575.8096367325893,1.0185461562495473,1575.8096367325893,0.9991063900002689,1575.8096367325893,1.017635973219135,1575.787413887032,0.9951073833426548
1575.811025660466,1.0066856821418186,1575.811025660466,0.9991542044490166,1575.811025660466,1.0058342318706244,1575.7888028149082,0.9951715927667346
1575.812414588343,0.9970095421756596,1575.812414588343,0.9990869741946831,1575.812414588343,0.996099246735506,1575.7901917427848,1.0049619308536462
1575.813803516219,0.9964355998687497,1575.813803516219,0.9991950132341239,1575.813803516219,0.9956334823978076,1575.791580670662,0.9928743222607648
1575.815192444095,0.9929845848910426,1575.815192444095,0.9991844159013296,1575.815192444095,0.9921747224533806,1575.792969598538,0.9834009720777878
1575.8165813715063,1.0039346414315995,1575.8165813715063,0.9992008342859773,1575.8165813715063,1.0031323312870477,1575.7943585264145,1.0067977422515015
1575.8179702993823,1.0034485849648045,1575.8179702993823,0.9991754974345048,1575.8179702993823,1.0026212390321585,1575.795747454291,1.005437166696429
1575.8193592272585,1.0076848975391475,1575.8193592272585,0.9991063659864754,1575.8193592272585,1.0067843960397915,1575.7971363821675,1.006306946078937
1575.820748155135,0.9947627181484318,1575.820748155135,0.9992028023763908,1575.820748155135,0.9939696956734688,1575.7985253100435,0.9939623152798964
1575.822137083012,1.0057893224077235,1575.822137083012,0.9992937991152117,1575.822137083012,1.0050790330983284,1575.79991423792,0.9895457032563312
1575.823526010888,0.9993452938780077,1575.823526010888,0.9994134011478526,1575.823526010888,0.99875907907572,1575.8013031657968,0.9886039035332128
1575.824914938299,1.0051346131360948,1575.824914938299,0.9994696929230622,1575.824914938299,1.0046015831374735,1575.8026920936727,1.003046595715048
1575.8263038661753,0.9885711075055915,1575.8263038661753,0.9994217328408462,1575.8263038661753,0.9879994492996328,1575.8040810215489,0.9970427685504578
1575.8276927940524,1.0105337446928264,1575.8276927940524,0.9995508513013235,1575.8276927940524,1.0100798647764289,1575.8054699489603,0.9983172395138522
1575.8290817219286,1.0090263008869467,1575.8290817219286,0.9996630638634018,1575.8290817219286,1.0086863234633998,1575.806858876837,1.013821539807798
1575.8304706498045,1.0016616426796192,1575.8304706498045,0.9997143835166159,1575.8304706498045,1.0013755516036964,1575.8082478047131,0.999871119877242
1575.8318595772157,0.9914227549141936,1575.8318595772157,0.9997902870928137,1575.8318595772157,0.99121484076601,1575.8096367325893,1.017635973219135
1575.8332485050923,0.9986200161154685,1575.8332485050923,0.9997923284018484,1575.8332485050923,0.9984126311007756,1575.811025660466,1.0058342318706244
1575.8346374329683,1.0031637510030913,1575.8346374329683,0.9997052945686682,1575.8346374329683,1.0028681131971555,1575.812414588343,0.996099246735506
1575.8360263608447,0.9858908743125315,1575.8360263608447,0.9995925077607883,1575.8360263608447,0.9854891314325396,1575.813803516219,0.9956334823978076
1575.8374152887216,1.0058350224981623,1575.8374152887216,0.9996349031797526,1575.8374152887216,1.0054677953297546,1575.815192444095,0.9921747224533806
1575.8388042161318,1.0035844714952709,1575.8388042161318,0.9995719044883314,1575.8388042161318,1.0031548414874434,1575.8165813715063,1.0031323312870477
1575.840193144008,0.9987379858399815,1575.840193144008,0.9995745960883659,1575.840193144008,0.9983131187941076,1575.8179702993823,1.0026212390321585
1575.8415820718851,1.010056727715996,1575.8415820718851,0.9996486711218331,1575.8415820718851,1.0097018656189625,1575.8193592272585,1.0067843960397915
1575.8429709997615,0.9974109735908415,1575.8429709997615,0.99972296360505,1575.8429709997615,0.9971346544504344,1575.820748155135,0.9939696956734688
1575.8443599271725,1.0013136195026036,1575.8443599271725,0.9996740285950196,1575.8443599271725,1.0009872198952283,1575.822137083012,1.0050790330983284
1575.8457488550484,0.9960236360044195,1575.8457488550484,0.9996286659162311,1575.8457488550484,0.9956537784801316,1575.823526010888,0.99875907907572
1575.847137782925,1.0074194238977747,1575.847137782925,0.9996730080312215,1575.847137782925,1.0070900058369687,1575.824914938299,1.0046015831374735
1575.848526710802,0.9970707661624465,1575.848526710802,0.999808889411978,1575.848526710802,0.9968802153820256,1575.8263038661753,0.9879994492996328
1575.8499156382122,0.9986360875800654,1575.8499156382122,0.9997782091223301,1575.8499156382122,0.9984145992057282,1575.8276927940524,1.0100798647764289
1575.8513045660884,0.9955834890595937,1575.8513045660884,0.9998866319622035,1575.8513045660884,0.9954706217129764,1575.8290817219286,1.0086863234633998
1575.8526934939655,0.9977955827250085,1575.8526934939655,0.9999807545214808,1575.8526934939655,0.9977763796715546,1575.8304706498045,1.0013755516036964
1575.854082421376,1.0084666939743614,1575.854082421376,1.0000324463088495,1575.854082421376,1.0084994149961786,1575.8318595772157,0.99121484076601
1575.855471349252,1.0008989184210033,1575.855471349252,0.9998994537816194,1575.855471349252,1.000798281819775,1575.8332485050923,0.9984126311007756
1575.8568602771288,0.9999420518500362,1575.8568602771288,0.9998884693995655,1575.8568602771288,0.9998305277125936,1575.8346374329683,1.0028681131971555
1575.8582492045398,0.9999498277901541,1575.8582492045398,1.0000235117177003,1575.8582492045398,0.9999733383282196,1575.8360263608447,0.9854891314325396
1575.859638132416,1.003383329167905,1575.859638132416,1.0001291474659708,1575.859638132416,1.0035129135822645,1575.8374152887216,1.0054677953297546
1575.861027060292,0.9922820253298066,1575.861027060292,1.000179705315902,1575.861027060292,0.9924603436846324,1575.8388042161318,1.0031548414874434
1575.8624159877031,0.998940172657715,1575.8624159877031,1.0001699627602736,1575.8624159877031,0.999109955286808,1575.840193144008,0.9983131187941076
1575.8638049155802,1.0101114333953591,1575.8638049155802,1.0002355569347654,1575.8638049155802,1.0103493721483812,1575.8415820718851,1.0097018656189625
1575.8651938434564,1.0006817326605686,1575.8651938434564,1.0003002392827938,1575.8651938434564,1.0009821766262874,1575.8429709997615,0.9971346544504344
1575.866582770867,1.0116388306167938,1575.866582770867,1.0002390069268834,1575.866582770867,1.0118806193048155,1575.8443599271725,1.0009872198952283
1575.8679716987435,0.9927155454902499,1575.8679716987435,1.0003157576413106,1575.8679716987435,0.9930290030093862,1575.8457488550484,0.9956537784801316
1575.8693606266202,1.0071032425619577,1575.8693606266202,1.0003375176378007,1575.8693606266202,1.0074431576694085,1575.847137782925,1.0070900058369687
1575.870749554031,0.9952059739936162,1575.870749554031,1.0003576330888677,1575.870749554031,0.9955618925801551,1575.848526710802,0.9968802153820256
1575.8721384819069,0.9958141919122696,1575.8721384819069,1.0003315861867297,1575.8721384819069,0.996144390142857,1575.8499156382122,0.9984145992057282
1575.8735274097835,0.9892575780743066,1575.8735274097835,1.0003608234700432,1575.8735274097835,0.9896145254263938,1575.8513045660884,0.9954706217129764
1575.874916337194,0.994753584369,1575.874916337194,1.0004208931140244,1575.874916337194,0.995172269302812,1575.8526934939655,0.9977763796715546
1575.8763052650702,1.007616798482577,1575.8763052650702,1.000348084857933,1575.8763052650702,1.0079675346327277,1575.854082421376,1.0084994149961786
1575.8776941929473,0.9942151746191757,1575.8776941929473,1.0003858702953388,1575.8776941929473,0.9945988127222364,1575.855471349252,1.000798281819775
1575.8790831203582,1.0013438313960816,1575.8790831203582,1.0004056071072895,1575.8790831203582,1.0017499835709365,1575.8568602771288,0.9998305277125936
1575.8804720482344,0.9967191707030092,1575.8804720482344,1.0004520236292598,1575.8804720482344,0.9971697113199032,1575.8582492045398,0.9999733383282196
1575.881860975645,0.9920993743794965,1575.881860975645,1.0004837384848786,1575.881860975645,0.9925792910277078,1575.859638132416,1.0035129135822645
1575.8832499035216,0.9911870243604285,1575.8832499035216,1.0005401013704642,1575.8832499035216,0.991722365830672,1575.861027060292,0.9924603436846324
1575.8846388313984,1.0061968156069996,1575.8846388313984,1.0005590229326122,1575.8846388313984,1.0067593027016453,1575.8624159877031,0.999109955286808
1575.8860277588087,0.9987460161379198,1575.8860277588087,1.000655671864137,1575.8860277588087,0.9994008658001204,1575.8638049155802,1.0103493721483812
1575.887416686685,0.9884741528414257,1575.887416686685,1.0005953035298094,1575.887416686685,0.9890625949937376,1575.8651938434564,1.0009821766262874
1575.8888056140963,0.9975048223780548,1575.8888056140963,1.000713824903137,1575.8888056140963,0.9982168661612676,1575.866582770867,1.0118806193048155
1575.8901945419725,1.009014044187529,1575.8901945419725,1.0007396438679856,1575.8901945419725,1.0097603552380237,1575.8679716987435,0.9930290030093862
1575.8915834693826,0.9997059548066799,1575.8915834693826,1.0007939620505364,1575.8915834693826,1.0004996833964916,1575.8693606266202,1.0074431576694085
1575.89297239726,0.999849082803518,1575.89297239726,1.0009099127354035,1575.89297239726,1.0007588582174425,1575.870749554031,0.9955618925801551
1575.8943613251377,0.9998050851508407,1575.8943613251377,1.0008054611455746,1575.8943613251377,1.0006103893000775,1575.8721384819069,0.996144390142857
1575.8971391804243,0.9957035350352542,1575.8971391804243,1.000809601510683,1575.8971391804243,0.9965096581214112,1575.8735274097835,0.9896145254263938
1575.898528107835,1.0074987946799538,1575.898528107835,1.0008071059973267,1575.898528107835,1.0083119529994395,1575.874916337194,0.995172269302812
1575.8999170357124,0.9954962304496588,1575.8999170357124,1.0007009497561408,1575.8999170357124,0.9961940232896316,1575.8763052650702,1.0079675346327277
1575.901305963123,1.003396389582904,1575.901305963123,1.0006682758185006,1575.901305963123,1.0040669351264329,1575.8776941929473,0.9945988127222364
1575.9026948909989,1.0010503868533165,1575.9026948909989,1.0007197518148976,1575.9026948909989,1.0017708946860582,1575.8790831203582,1.0017499835709365
1575.90408381841,1.0056806541475254,1575.90408381841,1.0007321621390282,1575.90408381841,1.0064169754464454,1575.8804720482344,0.9971697113199032
1575.9054727462867,0.9845844405914254,1575.9054727462867,1.0007578175676013,1575.9054727462867,0.9853305759772925,1575.881860975645,0.9925792910277078
1575.9068616736972,0.9998777602247504,1575.9068616736972,1.0007363477798208,1575.9068616736972,1.000614017993584,1575.8832499035216,0.991722365830672
1575.9082506015734,0.9990409629691849,1575.9082506015734,1.0006503915380611,1575.9082506015734,0.9996907307576764,1575.8846388313984,1.0067593027016453
1575.9096395289846,0.9967991961717401,1575.9096395289846,1.0007471540992647,1575.9096395289846,0.9975439587773036,1575.8860277588087,0.9994008658001204
1575.9110284568603,1.0026523359301374,1575.9110284568603,1.0007531020477012,1575.9110284568603,1.0034074354574587,1575.887416686685,0.9890625949937376
1575.912417384271,1.0056723027922265,1575.912417384271,1.0007486062689985,1575.912417384271,1.0064251553826549,1575.8888056140963,0.9982168661612676
1575.9138063121482,0.9959679842974904,1575.9138063121482,1.0008442297242268,1575.9138063121482,0.9968088100742126,1575.8901945419725,1.0097603552380237
1575.9151952395591,1.002559949772774,1575.9151952395591,1.0007785156520488,1575.9151952395591,1.0033404583857892,1575.8915834693826,1.0004996833964916
1575.9165841674353,1.0149861272903524,1575.9165841674353,1.0007979555477713,1575.9165841674353,1.0157960411015348,1575.89297239726,1.0007588582174425
1575.9179730948458,0.9996767627836981,1575.9179730948458,1.0007707689596423,1575.9179730948458,1.0004472826021276,1575.8943613251377,1.0006103893000775
1575.9193620227225,0.9938787191274303,1575.9193620227225,1.0006644411409966,1575.9193620227225,0.9945390930375796,1575.8971391804243,0.9965096581214112
1575.9207509501337,0.9882048752924951,1575.9207509501337,1.0005700892783962,1575.9207509501337,0.9887682402967582,1575.898528107835,1.0083119529994395
1575.922139877544,0.9979275844632762,1575.922139877544,1.0004746522073509,1575.922139877544,0.998401252994018,1575.8999170357124,0.9961940232896316
1575.92352880542,1.0011316521985174,1575.92352880542,1.000481556653083,1575.92352880542,1.0016137538062455,1575.901305963123,1.0040669351264329
1575.9249177328315,1.0091496247748935,1575.9249177328315,1.0006115315202777,1575.9249177328315,1.0097667515791198,1575.9026948909989,1.0017708946860582
1575.9263066607082,0.9970582428471866,1575.9263066607082,1.0006246442925402,1575.9263066607082,0.9976810495879112,1575.90408381841,1.0064169754464454
1575.9290845159949,1.008837231259632,1575.9290845159949,1.0007640284582269,1575.9290845159949,1.0096080116140334,1575.9054727462867,0.9853305759772925
1575.9304734434058,1.0056786198851375,1575.9304734434058,1.0008016414617487,1575.9304734434058,1.0064848135640316,1575.9068616736972,1.000614017993584
1575.9318623708164,0.9955226511454472,1575.9318623708164,1.000678221983953,1575.9318623708164,0.9961978364929772,1575.9082506015734,0.9996907307576764
1575.9332512986923,0.9954823097570202,1575.9332512986923,1.0006931342406487,1575.9332512986923,0.9961723126318728,1575.9096395289846,0.9975439587773036
1575.9346402261035,1.012026498714642,1575.9346402261035,1.0005898632140504,1575.9346402261035,1.012623455917878,1575.9110284568603,1.0034074354574587
1575.9360291539806,0.9951750522144236,1575.9360291539806,1.0005725134673542,1575.9360291539806,0.9957448033341912,1575.912417384271,1.0064251553826549
1575.9374180813911,1.0023464230850054,1575.9374180813911,1.000665829065236,1575.9374180813911,1.0030138144669307,1575.9138063121482,0.9968088100742126
1575.9388070088014,0.997009050460586,1575.9388070088014,1.0007203425987965,1575.9388070088014,0.9977272385510184,1575.9151952395591,1.0033404583857892
1575.9401959366785,0.9937467071724416,1575.9401959366785,1.0007893882177277,1575.9401959366785,0.9945311591144892,1575.9165841674353,1.0157960411015348
1575.9415848640892,0.9987863994919178,1575.9415848640892,1.000743048881505,1575.9415848640892,0.9995285466089228,1575.9179730948458,1.0004472826021276
1575.9429737914998,0.9895503850817261,1575.9429737914998,1.000661049015152,1575.9429737914998,0.9902045263892276,1575.9193620227225,0.9945390930375796
1575.944362719376,1.0098179189759888,1575.944362719376,1.000549734684513,1575.944362719376,1.0103730509110926,1575.9207509501337,0.9887682402967582
1575.945751646787,1.0041400625015926,1575.945751646787,1.0005822396932595,1575.945751646787,1.0047247127035732,1575.922139877544,0.998401252994018
1575.947140574663,1.0093902279357858,1575.947140574663,1.0004806861858373,1575.947140574663,1.0098754278744737,1575.92352880542,1.0016137538062455
1575.9485295020736,0.9977195738423685,1575.9485295020736,1.0004790111352941,1575.9485295020736,0.99819749262814,1575.9249177328315,1.0097667515791198
1575.949918429485,1.0005601732628093,1575.949918429485,1.000377509531298,1575.949918429485,1.000937894264853,1575.9263066607082,0.9976810495879112
1575.9513073573617,1.007818735578445,1575.9513073573617,1.0004398988086352,1575.9513073573617,1.008262073839546,1575.9276955881187,1.0234591652510403
1575.9526962847722,1.0040757933914208,1575.9526962847722,1.000373155283818,1575.9526962847722,1.0044504695790786,1575.9290845159949,1.0096080116140334
1575.9540852121827,0.9994551281748957,1575.9540852121827,1.0003763426355539,1575.9540852121827,0.9998312657519508,1575.9304734434058,1.0064848135640316
1575.9554741395937,1.014256350397871,1575.9554741395937,1.00032006889422,1575.9554741395937,1.0145809823063985,1575.9318623708164,0.9961978364929772
1575.9568630674703,1.0018568726301034,1575.9568630674703,1.000344336148933,1575.9568630674703,1.0022018481674069,1575.9332512986923,0.9961723126318728
1575.9582519948808,0.9881468589272063,1575.9582519948808,1.0003264681089807,1575.9582519948808,0.9884694573636356,1575.9346402261035,1.012623455917878
1575.959640922291,0.9943045630181792,1575.959640922291,1.0003723268185047,1575.959640922291,0.9946747692727524,1575.9360291539806,0.9957448033341912
1575.9610298501684,1.0093248789459364,1575.9610298501684,1.000368324314599,1575.9610298501684,1.009696637840182,1575.9374180813911,1.0030138144669307
1575.9624187775794,0.9984488003838369,1575.9624187775794,1.000329178794554,1575.9624187775794,0.9987774685563712,1575.9388070088014,0.9977272385510184
1575.96380770499,1.0106753239511854,1575.96380770499,1.0002996587750659,1575.96380770499,1.01097818168075,1575.9401959366785,0.9945311591144892
1575.965196632866,1.0032020489599656,1575.965196632866,1.0003876096360154,1575.965196632866,1.0035908997410128,1575.9415848640892,0.9995285466089228
1575.966585560277,1.0008058481854425,1575.966585560277,1.0002584115886675,1575.966585560277,1.0010644680146197,1575.9429737914998,0.9902045263892276
1575.9679744876876,0.9922575811848325,1575.9679744876876,1.0002358940598102,1575.9679744876876,0.9924916488540356,1575.944362719376,1.0103730509110926
1575.969363415098,0.9983432371854842,1575.969363415098,1.0002407103296955,1575.969363415098,0.9985835487152565,1575.945751646787,1.0047247127035732
1575.9707523429747,1.009150969024638,1575.9707523429747,1.0002615899922807,1575.9707523429747,1.0094149528188352,1575.947140574663,1.0098754278744737
1575.972141270386,1.0101237862495065,1575.972141270386,1.0001780860568321,1575.972141270386,1.010303675211512,1575.9485295020736,0.99819749262814
1575.973530197797,0.9952016246019352,1575.973530197797,1.0002811090517592,1575.973530197797,0.9954813847869362,1575.949918429485,1.000937894264853
1575.974919125207,1.0108787692852306,1575.974919125207,1.0002933392372975,1575.974919125207,1.0111752996924128,1575.9513073573617,1.008262073839546
1575.9763080530838,1.0151867717126177,1575.9763080530838,1.0003584885225605,1575.9763080530838,1.015550704518532,1575.9526962847722,1.0044504695790786
1575.9776969804948,0.9992056097760491,1575.9776969804948,1.0003411668101452,1575.9776969804948,0.9995465055666156,1575.9540852121827,0.9998312657519508
1575.9790859079053,0.9916749290309191,1575.9790859079053,1.000305774535021,1575.9790859079053,0.9919781579712356,1575.9554741395937,1.0145809823063985
1575.9804748353158,0.9936541515255,1575.9804748353158,1.000323068080957,1575.9804748353158,0.9939751694653682,1575.9568630674703,1.0022018481674069
1575.9818637627268,1.0088896717311107,1575.9818637627268,1.000271015914552,1575.9818637627268,1.009163096888177,1575.9582519948808,0.9884694573636356
1575.983252690603,1.004782943799496,1575.983252690603,1.0002871509684768,1575.983252690603,1.0050714681949169,1575.959640922291,0.9946747692727524
1575.9846416180137,1.0166682724357243,1575.9846416180137,1.000233820964286,1575.9846416180137,1.0169059907915443,1575.9610298501684,1.009696637840182
1575.986030545425,0.9995463162241579,1575.986030545425,1.000276402964886,1575.986030545425,0.9998225937895032,1575.9624187775794,0.9987774685563712
1575.987419472836,1.0071378149935057,1575.987419472836,1.0002706297228912,1575.987419472836,1.0074103764212907,1575.96380770499,1.01097818168075
1575.9888084002464,1.0083764615161075,1575.9888084002464,1.0002575791722559,1575.9888084002464,1.008636198290387,1575.965196632866,1.0035908997410128
1575.9901973281226,0.9924997982496467,1575.9901973281226,1.0001966554025026,1575.9901973281226,0.9926949786969552,1575.966585560277,1.0010644680146197
1575.9915862555335,1.0098168401442509,1575.9915862555335,1.0001052198456397,1575.9915862555335,1.0099230929162952,1575.9679744876876,0.9924916488540356
1575.9929751829447,1.0026675418622495,1575.9929751829447,1.0001193147416603,1575.9929751829447,1.002787174880978,1575.969363415098,0.9985835487152565
1575.994364110355,0.9979695767266157,1575.994364110355,0.9999969032950864,1575.994364110355,0.9979664863093238,1575.9707523429747,1.0094149528188352
1575.9957530377656,1.0015113481030742,1575.9957530377656,0.9999820708818005,1575.9957530377656,1.0014933918877358,1575.972141270386,1.010303675211512
1575.997141965177,0.9991632796495555,1575.997141965177,1.0000720180771348,1575.997141965177,0.9992352374676996,1575.973530197797,0.9954813847869362
1575.9985308930536,1.001323826914253,1575.9985308930536,1.0001898557327973,1575.9985308930536,1.0015139339831791,1575.974919125207,1.0111752996924128
1575.999919820464,0.9989452772728737,1575.999919820464,1.000171747527289,1575.999919820464,0.9991168436541424,1575.9763080530838,1.015550704518532
1576.0013087478746,1.0002380867451008,1576.0013087478746,1.000124537693289,1576.0013087478746,1.000362654089164,1575.9776969804948,0.9995465055666156
1576.0026976752856,1.002907186796762,1576.0026976752856,1.00014311358012,1576.0026976752856,1.0030507164347926,1575.9790859079053,0.9919781579712356
1576.004086602696,0.99852165484279,1576.004086602696,1.0000970942807952,1576.004086602696,0.9986186055847254,1575.9804748353158,0.9939751694653682
1576.0054755301069,0.998840919417805,1576.0054755301069,1.0000735406789074,1576.0054755301069,0.9989143748571394,1575.9818637627268,1.009163096888177
1576.0068644575176,1.0077712538360895,1576.0068644575176,1.0001815849455034,1576.0068644575176,1.007954249924297,1575.983252690603,1.0050714681949169
1576.0082533853947,1.0062833084103668,1576.0082533853947,1.0002515871092719,1576.0082533853947,1.0065364763190383,1575.9846416180137,1.0169059907915443
1576.009642312805,1.012618932697741,1576.009642312805,1.000213583812628,1576.009642312805,1.012835211710126,1575.986030545425,0.9998225937895032
1576.0110312402153,0.9958381824195359,1576.0110312402153,1.0001832256762644,1576.0110312402153,0.9960206455439596,1575.987419472836,1.0074103764212907
1576.0124201676267,1.015585527616392,1576.0124201676267,1.0002184258071705,1576.0124201676267,1.0158073577050124,1575.9888084002464,1.008636198290387
1576.0138090950377,1.00704552725499,1576.0138090950377,1.000205277942672,1576.0138090950377,1.007252251489002,1575.9901973281226,0.9926949786969552
1576.0151980224482,1.0014907979474834,1576.0151980224482,1.0001985549007602,1576.0151980224482,1.001689648853482,1575.9915862555335,1.0099230929162952
1576.0165869498587,1.0077765651983293,1576.0165869498587,1.0002681617844216,1576.0165869498587,1.008046812360351,1575.9929751829447,1.002787174880978
1576.0179758772697,0.9936103567167235,1576.0179758772697,1.000281738430633,1576.0179758772697,0.9938902949392856,1575.994364110355,0.9979664863093238
1576.0193648046802,0.9968939373935903,1576.0193648046802,1.000346225022489,1576.0193648046802,0.9972390870194836,1575.9957530377656,1.0014933918877358
1576.0207537320907,0.9988247609172745,1576.0207537320907,1.0004007995445523,1576.0207537320907,0.9992250894265376,1575.997141965177,0.9992352374676996
1576.022142659502,0.9913025492274444,1576.022142659502,1.0003946500273195,1576.022142659502,0.991693766805579,1575.9985308930536,1.0015139339831791
1576.0235315869131,0.9892607219442078,1576.0235315869131,1.0002954112021771,1576.0235315869131,0.989552960643344,1575.999919820464,0.9991168436541424
1576.024920514324,0.986945631600819,1576.024920514324,1.0003516743981262,1576.024920514324,0.9872927151117956,1576.0013087478746,1.000362654089164
1576.0263094422012,0.9991383743455861,1576.0263094422012,1.000307407706013,1576.0263094422012,0.9994455171812332,1576.0026976752856,1.0030507164347926
1576.0276983696122,0.9966174338098063,1576.0276983696122,1.000340011239819,1576.0276983696122,0.9969562949391012,1576.004086602696,0.9986186055847254
1576.0290872970234,1.008523723814559,1576.0290872970234,1.0002458094857145,1576.0290872970234,1.0087716285124408,1576.0054755301069,0.9989143748571394
1576.0304762244336,1.004867578665719,1576.0304762244336,1.0002361976029792,1576.0304762244336,1.0051049259791114,1576.0068644575176,1.007954249924297
1576.0318651518442,0.9867730666955051,1576.0318651518442,1.0002917631903767,1576.0318651518442,0.987060970753622,1576.0082533853947,1.0065364763190383
1576.0332540792556,1.0065485803415362,1576.0332540792556,1.0003288080461525,1576.0332540792556,1.0068795416135958,1576.009642312805,1.012835211710126
1576.0346430066666,0.9979759011667463,1576.0346430066666,1.0003250213171582,1576.0346430066666,0.9983002646086356,1576.0110312402153,0.9960206455439596
1576.036031934077,0.9941453305396277,1576.036031934077,1.000242531298147,1576.036031934077,0.9943864418971904,1576.0124201676267,1.0158073577050124
1576.0374208614876,1.0055159432667153,1576.0374208614876,1.0002454678063226,1576.0374208614876,1.0057627650595315,1576.0138090950377,1.007252251489002
1576.0388097888986,0.997918714383374,1576.0388097888986,1.0002444145816898,1576.0388097888986,0.9981626202685104,1576.0151980224482,1.001689648853482
1576.040198716309,0.9963140875339427,1576.040198716309,1.0002448762611111,1576.040198716309,0.9965580612025904,1576.0165869498587,1.008046812360351
1576.0415876437196,0.9880655273681138,1576.0415876437196,1.0002035833419425,1576.0415876437196,0.9882666810502336,1576.0179758772697,0.9938902949392856
1576.0429765711306,0.9937719330478145,1576.0429765711306,1.0001452207199006,1576.0429765711306,0.9939162493233488,1576.0193648046802,0.9972390870194836
1576.044365498542,0.9947228168982973,1576.044365498542,1.000214411297876,1576.044365498542,0.9949360967084953,1576.0207537320907,0.9992250894265376
1576.0457544259525,0.9846536505284285,1576.0457544259525,1.0002899060730388,1576.0457544259525,0.9849391076015565,1576.022142659502,0.991693766805579
1576.0471433533626,0.9962194107635436,1576.0471433533626,1.0003007945402738,1576.0471433533626,0.996519068123216,1576.0235315869131,0.989552960643344
1576.0485322803083,1.0075677401750833,1576.0485322803083,1.0003492404417809,1576.0485322803083,1.0079196235777863,1576.024920514324,0.9872927151117956
1576.0499212077193,0.9962184017983772,1576.0499212077193,1.0002291434931714,1576.0499212077193,0.9964466787629268,1576.0263094422012,0.9994455171812332
1576.0513101351298,1.007763863405316,1576.0513101351298,1.0002136977305771,1576.0513101351298,1.0079792202558835,1576.0276983696122,0.9969562949391012
1576.0526990625403,1.0066630096801228,1576.0526990625403,1.0001712316603872,1576.0526990625403,1.0068353822587208,1576.0290872970234,1.0087716285124408
1576.0540879899513,1.0022355982387212,1576.0540879899513,1.0000958690276507,1576.0540879899513,1.0023316815910013,1576.0304762244336,1.0051049259791114
1576.0554769173627,0.9922171644154847,1576.0554769173627,1.0000322898160265,1576.0554769173627,0.992249202925182,1576.0318651518442,0.987060970753622
1576.0568658447733,1.0014247211221066,1576.0568658447733,1.000063536974219,1576.0568658447733,1.0014883486187949,1576.0332540792556,1.0068795416135958
1576.0582547721835,0.9906993199298597,1576.0582547721835,1.0001333496323317,1576.0582547721835,0.9908314293199236,1576.0346430066666,0.9983002646086356
1576.0596436995947,1.004162840985514,1576.0596436995947,1.000129028041337,1576.0596436995947,1.0042924061500698,1576.036031934077,0.9943864418971904
1576.0610326270053,1.0060098358498462,1576.0610326270053,1.000196723164893,1576.0610326270053,1.006207741288668,1576.0374208614876,1.0057627650595315
1576.0624215544158,1.001526412982377,1576.0624215544158,1.0001556179402882,1576.0624215544158,1.0016822684599096,1576.0388097888986,0.9981626202685104
1576.0638104818267,1.00141565873363,1576.0638104818267,1.0001650801273743,1576.0638104818267,1.0015809725581284,1576.040198716309,0.9965580612025904
1576.0651994092375,0.9980593294750829,1576.0651994092375,1.0001899485224435,1576.0651994092375,0.9982489093700276,1576.0415876437196,0.9882666810502336
1576.0665883361826,0.9905249610975362,1576.0665883361826,1.000168389773686,1576.0665883361826,0.9906917553715656,1576.0429765711306,0.9939162493233488
1576.067977263593,0.9923642345779046,1576.067977263593,1.000286000952772,1576.067977263593,0.9926480516944908,1576.044365498542,0.9949360967084953
1576.0693661910043,0.9985335366458963,1576.0693661910043,1.0002849419320248,1576.0693661910043,0.9988180607210196,1576.0457544259525,0.9849391076015565
1576.0707551184155,0.9921431659719513,1576.0707551184155,1.0002148638159307,1576.0707551184155,0.9923563416385416,1576.0471433533626,0.996519068123216
1576.072144045826,0.9983813429712048,1576.072144045826,1.0002009935016014,1576.072144045826,0.9985820111332622,1576.0485322803083,1.0079196235777863
1576.0735329732363,0.9917113031965892,1576.0735329732363,1.0001727102205367,1576.0735329732363,0.991882581874473,1576.0499212077193,0.9964466787629268
1576.0749219006475,0.9774753659021193,1576.0749219006475,1.0001200009141498,1576.0749219006475,0.9775926638395864,1576.0513101351298,1.0079792202558835
1576.0776997550029,1.0105248045579502,1576.0776997550029,1.0000282155034885,1576.0776997550029,1.0105533170240986,1576.0526990625403,1.0068353822587208
1576.0790886824138,0.9952207710822446,1576.0790886824138,1.000012136956434,1576.0790886824138,0.9952328500333856,1576.0540879899513,1.0023316815910013
1576.0804776098253,0.997016071805098,1576.0804776098253,0.9999085836815904,1576.0804776098253,0.9969249282664184,1576.0554769173627,0.992249202925182
1576.0818665372356,0.996553460923295,1576.0818665372356,0.9998916759341905,1576.0818665372356,0.9964455102006112,1576.0568658447733,1.0014883486187949
1576.0832554646458,1.0085161972620056,1576.0832554646458,0.9999095079108534,1576.0832554646458,1.0084249345243772,1576.0582547721835,0.9908314293199236
1576.0846443915916,0.9938698434909482,1576.0846443915916,0.9999291769477222,1576.0846443915916,0.9937994545950654,1576.0596436995947,1.0042924061500698
1576.0860333190026,1.0022344570816588,1576.0860333190026,0.9998794647134822,1576.0860333190026,1.0021136524642165,1576.0610326270053,1.006207741288668
1576.087422246413,1.0002774902197842,1576.087422246413,0.9998390109133573,1576.087422246413,1.0001164564602445,1576.0624215544158,1.0016822684599096
1576.0888111738236,1.0076379558066149,1576.0888111738236,0.9997299548331722,1576.0888111738236,1.0073658480467371,1576.0638104818267,1.0015809725581284
1576.0902001012346,0.9914142902406198,1576.0902001012346,0.9996928039239145,1576.0902001012346,0.9911097316608828,1576.0651994092375,0.9982489093700276
1576.0915890281804,0.9893998675762279,1576.0915890281804,0.9997097140173861,1576.0915890281804,0.9891126586634704,1576.0665883361826,0.9906917553715656
1576.0929779555909,1.0017770242440853,1576.0929779555909,0.9997130643319433,1576.0929779555909,1.00148957868439,1576.067977263593,0.9926480516944908
1576.0943668830012,0.9983507931948612,1576.0943668830012,0.9997603225705127,1576.0943668830012,0.9981115110430216,1576.0693661910043,0.9988180607210196
1576.0957558104124,0.9985040067874715,1576.0957558104124,0.9997583793576634,1576.0957558104124,0.998262747607976,1576.0707551184155,0.9923563416385416
1576.0971447378229,1.009054737834848,1576.0971447378229,0.9996739004733266,1576.0971447378229,1.0087256855624525,1576.072144045826,0.9985820111332622
1576.0985336647675,1.000001633281068,1576.0985336647675,0.9996968473849929,1576.0985336647675,0.9996984801709274,1576.0735329732363,0.991882581874473
1576.0999225921787,1.0028731343834942,1576.0999225921787,0.9996583075360903,1576.0999225921787,1.002530460191218,1576.0749219006475,0.9775926638395864
1576.1013115195897,0.9946708982407997,1576.1013115195897,0.9996089038898129,1576.1013115195897,0.9942818863215814,1576.0763108275924,1.020158653245462
1576.1027004470002,1.004648697986783,1576.1027004470002,0.9995800364474932,1576.1027004470002,1.004226782150555,1576.0776997550029,1.0105533170240986
1576.104089373945,1.0029537539245308,1576.104089373945,0.9996863704498355,1576.104089373945,1.0026391979898517,1576.0790886824138,0.9952328500333856
1576.1054783013562,0.9903406297894526,1576.1054783013562,0.9997901568226268,1576.1054783013562,0.9901328135650158,1576.0804776098253,0.9969249282664184
1576.1068672287674,1.0019700168157393,1576.1068672287674,0.9997182804283632,1576.1068672287674,1.0016877422518091,1576.0818665372356,0.9964455102006112
1576.1082561557123,0.9980712802269701,1576.1082561557123,0.9996864126582257,1576.1082561557123,0.9977582977073024,1576.0832554646458,1.0084249345243772
1576.1096450831228,0.9999565964914949,1576.1096450831228,0.9995944427152148,1576.1096450831228,0.9995510568093188,1576.0846443915916,0.9937994545950654
1576.1110340105338,0.9989173130023844,1576.1110340105338,0.9995825698291247,1576.1110340105338,0.9985003347777276,1576.0860333190026,1.0021136524642165
1576.1124229379443,1.0069614478763285,1576.1124229379443,0.9995849903876679,1576.1124229379443,1.006543549196212,1576.087422246413,1.0001164564602445
1576.1138118648892,0.9916748309445943,1576.1138118648892,0.9995563665672945,1576.1138118648892,0.9912348908352148,1576.0888111738236,1.0073658480467371
1576.1152007923,0.9983353826725605,1576.1152007923,0.999674967950776,1576.1152007923,0.9980108916773176,1576.0902001012346,0.9911097316608828
1576.1165897197116,0.9967251646400271,1576.1165897197116,0.999667285704639,1576.1165897197116,0.9963935399292054,1576.0915890281804,0.9891126586634704
1576.1179786466562,0.9890375927098148,1576.1179786466562,0.9996552166100638,1576.1179786466562,0.988696588975826,1576.0929779555909,1.00148957868439
1576.1193675740665,0.9917717195698318,1576.1193675740665,0.9996366343001664,1576.1193675740665,0.991411343744875,1576.0943668830012,0.9981115110430216
1576.120756501478,1.0061814569513268,1576.120756501478,0.9996445778914798,1576.120756501478,1.005823837816343,1576.0957558104124,0.998262747607976
1576.1221454284232,1.0069267968226818,1576.1221454284232,0.9995859168460911,1576.1221454284232,1.006509845398898,1576.0971447378229,1.0087256855624525
1576.1235343558335,0.9888663596592476,1576.1235343558335,0.9995974472646993,1576.1235343558335,0.98846828880132,1576.0985336647675,0.9996984801709274
1576.1249232832442,1.00235227300187,1576.1249232832442,0.999543010723664,1576.1249232832442,1.001894208761997,1576.0999225921787,1.002530460191218
1576.1263122101896,0.9982732462936532,1576.1263122101896,0.9995264249160397,1576.1263122101896,0.9978004889572244,1576.1013115195897,0.9942818863215814
1576.127701137601,0.9969681185952227,1576.127701137601,0.9994868448669616,1576.127701137601,0.99645651928769,1576.1027004470002,1.004226782150555
1576.1290900650113,0.993729580562323,1576.1290900650113,0.9994845131710872,1576.1290900650113,0.993217326052042,1576.104089373945,1.0026391979898517
1576.130478991956,1.0065769366995885,1576.130478991956,0.9995316663389445,1576.130478991956,1.00610552283769,1576.1054783013562,0.9901328135650158
1576.131867919367,1.0021742063297452,1576.131867919367,0.9994584378888445,1576.131867919367,1.0016314667508197,1576.1068672287674,1.0016877422518091
1576.1332568467778,1.0029417249248598,1576.1332568467778,0.9993812597688608,1576.1332568467778,1.0023211645301606,1576.1082561557123,0.9977582977073024
1576.1346457737227,0.9967049395082035,1576.1346457737227,0.9993646602751391,1576.1346457737227,0.9960716932661688,1576.1096450831228,0.9995510568093188
1576.1360347011337,0.9985186971602239,1576.1360347011337,0.999431509719611,1576.1360347011337,0.9979510489861017,1576.1110340105338,0.9985003347777276
1576.137423628079,0.9973562157226833,1576.137423628079,0.9994090252015659,1576.137423628079,0.9967668033341296,1576.1124229379443,1.006543549196212
1576.1388125554895,1.0080231525523002,1576.1388125554895,0.9993449985138535,1576.1388125554895,1.0073628958893084,1576.1138118648892,0.9912348908352148
1576.1402014829,1.0123783926849892,1576.1402014829,0.9993674307051716,1576.1402014829,1.011737993199029,1576.1152007923,0.9980108916773176
1576.1415904098455,1.0028623325270984,1576.1415904098455,0.9993149071868906,1576.1415904098455,1.002175278750546,1576.1165897197116,0.9963935399292054
1576.1429793372567,1.0094249429843658,1576.1429793372567,0.9994245598819477,1576.1429793372567,1.0088440793760098,1576.1179786466562,0.988696588975826
1576.1443682642016,1.0076538863531739,1576.1443682642016,0.9993669150948676,1576.1443682642016,1.0070159558881258,1576.1193675740665,0.991411343744875
1576.145757191612,0.9963618308398037,1576.145757191612,0.999354485108113,1576.145757191612,0.9957186644402888,1576.120756501478,1.005823837816343
1576.147146119023,0.9966768061134256,1576.147146119023,0.9993533761974228,1576.147146119023,0.996032331167116,1576.1221454284232,1.006509845398898
1576.148535045968,1.0029535305785349,1576.148535045968,0.9994128509331462,1576.148535045968,1.002364647348958,1576.1235343558335,0.98846828880132
1576.1499239733785,0.9997077952881016,1576.1499239733785,0.9995244740778135,1576.1499239733785,0.9992324083168302,1576.1249232832442,1.001894208761997
1576.1513129003238,1.0061515304006645,1576.1513129003238,0.9995217984043061,1576.1513129003238,1.005670387133317,1576.1263122101896,0.9978004889572244
1576.1527018277352,0.9947590351147113,1576.1527018277352,0.9995190389379576,1576.1527018277352,0.9942805947527062,1576.127701137601,0.99645651928769
1576.1540907546798,0.9911917491945393,1576.1540907546798,0.9994820981559815,1576.1540907546798,0.9906784091598556,1576.1290900650113,0.993217326052042
1576.15547968209,1.0153008533886994,1576.15547968209,0.9994764625304203,1576.15547968209,1.014769305349054,1576.130478991956,1.00610552283769
1576.156868609036,1.0042402062013904,1576.156868609036,0.9995508844561152,1576.156868609036,1.0037891863149913,1576.131867919367,1.0016314667508197
1576.1582575364469,0.9975879773437862,1576.1582575364469,0.9995108093178492,1576.1582575364469,0.997099966600644,1576.1332568467778,1.0023211645301606
1576.1596464633917,0.9917198722408572,1576.1596464633917,0.9995817305117749,1576.1596464633917,0.9913050660774324,1576.1346457737227,0.9960716932661688
1576.1610353908022,1.0073719950782163,1576.1610353908022,0.9995662813686277,1576.1610353908022,1.006935079075228,1576.1360347011337,0.9979510489861017
1576.1624243177475,0.9971948991975753,1576.1624243177475,0.999483366282745,1576.1624243177475,0.9966797146899752,1576.137423628079,0.9967668033341296
1576.163813245159,1.003884618212865,1576.163813245159,0.9995129008092658,1576.163813245159,1.0033956268277429,1576.1388125554895,1.0073628958893084
1576.1652021721036,1.0027740545274564,1576.1652021721036,0.9995665174776698,1576.1652021721036,1.0023393695009726,1576.1402014829,1.011737993199029
1576.166591099514,0.9868525195404305,1576.166591099514,0.9996644715865091,1576.166591099514,0.9865214024801996,1576.1415904098455,1.002175278750546
1576.1679800264596,1.020962209799864,1576.1679800264596,0.999776973776571,1576.1679800264596,1.0207345084539488,1576.1429793372567,1.0088440793760098
1576.1693689538706,1.0023968961147582,1576.1693689538706,0.9998102042292162,1576.1693689538706,1.0022066454232288,1576.1443682642016,1.0070159558881258
1576.1707578808164,0.9996478022774331,1576.1707578808164,0.9999264153520135,1576.1707578808164,0.999574243545792,1576.145757191612,0.9957186644402888
1576.1721468082274,1.0064797090178252,1576.1721468082274,0.9999244100179981,1576.1721468082274,1.0064036292347354,1576.147146119023,0.996032331167116
1576.173535735173,0.993647374759474,1576.173535735173,0.999834780392767,1576.173535735173,0.993483204730488,1576.148535045968,1.002364647348958
1576.1749246625832,0.9943797034343648,1576.1749246625832,0.999854561483718,1576.1749246625832,0.9942350823256764,1576.1499239733785,0.9992324083168302
1576.176313589528,0.9960870299041277,1576.176313589528,0.9997717684936145,1576.176313589528,0.9958596914608016,1576.1513129003238,1.005670387133317
1576.1777025169392,1.0003173621751666,1576.1777025169392,0.9997641737612167,1576.1777025169392,1.0000814610940554,1576.1527018277352,0.9942805947527062
1576.1790914438848,0.9998828478315448,1576.1790914438848,0.9996666938515213,1576.1790914438848,0.9995495807306042,1576.1540907546798,0.9906784091598556
1576.1804803712953,0.9999827671391829,1576.1804803712953,0.9997615288656333,1576.1804803712953,0.999744300114356,1576.15547968209,1.014769305349054
1576.18186929824,1.004310329559537,1576.18186929824,0.999780737397446,1576.18186929824,1.004090121862906,1576.156868609036,1.0037891863149913
1576.1832582251857,1.0142057997179716,1576.1832582251857,0.999847376959001,1576.1832582251857,1.01405100854462,1576.1582575364469,0.997099966600644
1576.1846471525969,1.0035606524721088,1576.1846471525969,0.999847387887326,1576.1846471525969,1.0034074969607385,1576.1596464633917,0.9913050660774324
1576.1860360795413,0.9987076415096818,1576.1860360795413,0.9998016008539106,1576.1860360795413,0.9985094987664134,1576.1610353908022,1.006935079075228
1576.1874250069518,0.9798732785039167,1576.1874250069518,0.9997724594177272,1576.1874250069518,0.9796503175675724,1576.1624243177475,0.9966797146899752
1576.1888139338976,0.9983598015749039,1576.1888139338976,0.9997518559922248,1576.1888139338976,0.9981120645725394,1576.163813245159,1.0033956268277429
1576.190202861308,0.9974242728749159,1576.190202861308,0.9997275156814012,1576.190202861308,0.9971524904015676,1576.1652021721036,1.0023393695009726
1576.1915917882525,1.0068920533017884,1576.1915917882525,0.9997367089576893,1576.1915917882525,1.0066269476435803,1576.166591099514,0.9865214024801996
1576.1929807151982,1.0099808469111786,1576.1929807151982,0.9997332144617633,1576.1929807151982,1.0097113986273267,1576.1679800264596,1.0207345084539488
1576.1943696426092,0.9818514776465117,1576.1943696426092,0.9997085786768626,1576.1943696426092,0.9815653451897716,1576.1693689538706,1.0022066454232288
1576.195758569554,1.0066869932511857,1576.195758569554,0.9997101482707783,1576.195758569554,1.0063952032854069,1576.1707578808164,0.999574243545792
1576.197147496499,0.9946277627865101,1576.197147496499,0.999682987599301,1576.197147496499,0.9943124534516272,1576.1721468082274,1.0064036292347354
1576.19853642391,0.9947174061808167,1576.19853642391,0.9997229868233517,1576.19853642391,0.9944418563522632,1576.173535735173,0.993483204730488
1576.1999253508557,0.9921014082272199,1576.1999253508557,0.999756060129324,1576.1999253508557,0.9918593951379996,1576.1749246625832,0.9942350823256764
1576.201314278266,1.00997095845045,1576.201314278266,0.9997000100486991,1576.201314278266,1.0096679773118091,1576.176313589528,0.9958596914608016
1576.2027032052106,0.9985272138430039,1576.2027032052106,0.9997016981492205,1576.2027032052106,0.9982293513270608,1576.1777025169392,1.0000814610940554
1576.2040921321563,0.9960789109271476,1576.2040921321563,0.999683224291766,1576.2040921321563,0.9957633773246818,1576.1790914438848,0.9995495807306042
1576.2054810595669,1.000669116403363,1576.2054810595669,0.9996877193165111,1576.2054810595669,1.0003566267677464,1576.1804803712953,0.999744300114356
1576.2068699865115,0.9943304139961906,1576.2068699865115,0.9997851177256732,1576.2068699865115,0.9941167500153988,1576.18186929824,1.004090121862906
1576.208258913457,0.9974358044399491,1576.208258913457,0.9997487614817632,1576.208258913457,0.9971852101464052,1576.1832582251857,1.01405100854462
1576.209647840868,1.0210698541736924,1576.209647840868,0.9998642632262692,1576.209647840868,1.020931257445933,1576.1846471525969,1.0034074969607385
1576.2110367678129,0.9934220291402976,1576.2110367678129,0.9997850882595714,1576.2110367678129,0.993208531083035,1576.1860360795413,0.9985094987664134
1576.2124256947577,0.9821131854239671,1576.2124256947577,0.9998332653970418,1576.2124256947577,0.9819494331719354,1576.1874250069518,0.9796503175675724
1576.213814622169,0.9765884332509255,1576.213814622169,0.9997861329354191,1576.213814622169,0.9763795731494024,1576.1888139338976,0.9981120645725394
1576.2152035491144,1.0030202524538447,1576.2152035491144,0.9999163206134482,1576.2152035491144,1.0029363203344204,1576.190202861308,0.9971524904015676
1576.2165924760593,0.9930816768960653,1576.2165924760593,1.0000297619008196,1576.2165924760593,0.9931112328944388,1576.1915917882525,1.0066269476435803
1576.2179814030042,1.0036906769637475,1576.2179814030042,1.0000422011061634,1576.2179814030042,1.0037330338205612,1576.1929807151982,1.0097113986273267
1576.2193703304151,1.0086419983147152,1576.2193703304151,0.9999971765334935,1576.2193703304151,1.008639150447816,1576.1943696426092,0.9815653451897716
1576.2207592573604,0.9979846614736452,1576.2207592573604,1.0000153751092031,1576.2207592573604,0.9980000055967984,1576.195758569554,1.0063952032854069
1576.2221481843053,0.9786329758609493,1576.2221481843053,0.999949048105698,1576.2221481843053,0.9785831126570028,1576.197147496499,0.9943124534516272
1576.2235371117158,1.002864978095981,1576.2235371117158,0.9999648577364133,1576.2235371117158,1.002829735150579,1576.19853642391,0.9944418563522632
1576.2249260386616,0.9999703395404798,1576.2249260386616,0.9998699018315462,1576.2249260386616,0.9998402452307974,1576.1999253508557,0.9918593951379996
1576.2263149656062,0.980810766267498,1576.2263149656062,0.9999029880234785,1576.2263149656062,0.9807156158764688,1576.201314278266,1.0096679773118091
1576.2277038925508,1.0055461522486882,1576.2277038925508,0.9997895939212315,1576.2277038925508,1.0053345792257726,1576.2027032052106,0.9982293513270608
1576.2290928199625,1.0155566382240642,1576.2290928199625,0.9998060542513492,1576.2290928199625,1.0153596753315666,1576.2040921321563,0.9957633773246818
1576.2304817469076,0.9992730390035095,1576.2304817469076,0.9998166714380996,1576.2304817469076,0.9990898437143232,1576.2054810595669,1.0003566267677464
1576.2318706738524,1.0012949855461477,1576.2318706738524,0.9997667708361594,1576.2318706738524,1.001061454353911,1576.2068699865115,0.9941167500153988
1576.2332596007973,0.9938121749403944,1576.2332596007973,0.9997613776333297,1576.2332596007973,0.9935750291271844,1576.208258913457,0.9971852101464052
1576.2346485277426,0.9983273746278828,1576.2346485277426,0.9998276384540399,1576.2346485277426,0.9981553013782176,1576.209647840868,1.020931257445933
1576.236037455154,1.0081751476476084,1576.236037455154,0.9999051597902976,1576.236037455154,1.0080795321051887,1576.2110367678129,0.993208531083035
1576.2374263820986,1.0031982331309257,1576.2374263820986,0.9999187975307674,1576.2374263820986,1.0031167709572657,1576.2124256947577,0.9819494331719354
1576.2388153090433,1.010350627008016,1576.2388153090433,0.9999321627107748,1576.2388153090433,1.010282087560313,1576.213814622169,0.9763795731494024
1576.240204235989,1.0071990514243896,1576.240204235989,0.9998905736164261,1576.240204235989,1.0070888372746531,1576.2152035491144,1.0029363203344204
1576.2415931633996,1.0015977683292046,1576.2415931633996,0.9998480168407488,1576.2415931633996,1.0014455423360749,1576.2165924760593,0.9931112328944388
1576.2429820903442,0.9960131501830567,1576.2429820903442,0.9998514844637857,1576.2429820903442,0.9958652267559808,1576.2179814030042,1.0037330338205612
1576.2443710172895,1.0025209782268114,1576.2443710172895,0.9998466388799414,1576.2443710172895,1.0023672304867084,1576.2193703304151,1.008639150447816
1576.245759944235,0.9867974387090604,1576.245759944235,0.9998576374494532,1576.245759944235,0.9866569557088128,1576.2207592573604,0.9980000055967984
1576.24714887118,1.0029120103459757,1576.24714887118,0.9998698238044121,1576.24714887118,1.0027814550759595,1576.2221481843053,0.9785831126570028
1576.2485377981247,0.9866482067730022,1576.2485377981247,0.9999920990618602,1576.2485377981247,0.9866404113265548,1576.2235371117158,1.002829735150579
1576.249926725536,0.998174377444032,1576.249926725536,1.000046140141946,1576.249926725536,0.9982204333514942,1576.2249260386616,0.9998402452307974
1576.2513156524817,0.9988414558682341,1576.2513156524817,1.0001302679602724,1576.2513156524817,0.9989715729073256,1576.2263149656062,0.9807156158764688
1576.2527045794263,0.9981818962436725,1576.2527045794263,1.0002036746960554,1576.2527045794263,0.998385200637998,1576.2277038925508,1.0053345792257726
1576.2540935063712,1.0050166244928016,1576.2540935063712,1.0002037052820076,1576.2540935063712,1.0052213516877162,1576.2290928199625,1.0153596753315666
1576.2554824333165,0.9974978421015256,1576.2554824333165,1.0002287387243032,1576.2554824333165,0.997726008485423,1576.2304817469076,0.9990898437143232
1576.2568713602618,0.9967948114103788,1576.2568713602618,1.0001309671534238,1576.2568713602618,0.9969253587893768,1576.2318706738524,1.001061454353911
1576.2582602876723,1.0037496761644698,1576.2582602876723,1.000137829106596,1576.2582602876723,1.0038880220855817,1576.2332596007973,0.9935750291271844
1576.2596492146172,1.0039135446487362,1576.2596492146172,1.000209645065997,1576.2596492146172,1.0041240101700593,1576.2346485277426,0.9981553013782176
1576.2610381415627,1.0003854314882255,1576.2610381415627,1.000301659139354,1576.2610381415627,1.0006872068965105,1576.236037455154,1.0080795321051887
1576.2624270685071,0.9971424690850896,1576.2624270685071,1.0002530057071217,1576.2624270685071,0.9973947518205816,1576.2374263820986,1.0031167709572657
1576.2638159954522,1.0060754885572551,1576.2638159954522,1.0001395846228431,1576.2638159954522,1.0062159212248771,1576.2388153090433,1.010282087560313
1576.265204922398,0.99919564903627,1576.265204922398,1.0000689194280086,1576.265204922398,0.9992645130288702,1576.240204235989,1.0070888372746531
1576.2665938493433,1.0087202813582952,1576.2665938493433,0.9999649333209772,1576.2665938493433,1.008684908887965,1576.2415931633996,1.0014455423360749
1576.267982776288,0.9896473007762946,1576.267982776288,0.9999712942004543,1576.267982776288,0.9896188921592576,1576.2429820903442,0.9958652267559808
1576.269371703233,0.9974806558623004,1576.269371703233,0.9999895957740131,1576.269371703233,0.9974702778481392,1576.2443710172895,1.0023672304867084
1576.2707606301783,0.9912865282485087,1576.2707606301783,1.0001110220971288,1576.2707606301783,0.9913965829577304,1576.245759944235,0.9866569557088128
1576.2721495575895,0.9975348753656034,1576.2721495575895,1.0001053497316401,1576.2721495575895,0.9976399653970248,1576.24714887118,1.0027814550759595
1576.2735384845344,1.005691931696774,1576.2735384845344,1.0000660904475804,1576.2735384845344,1.005758398326668,1576.2485377981247,0.9866404113265548
1576.274927411479,0.9991658649030976,1576.274927411479,1.0000091069468515,1576.274927411479,0.999174964253525,1576.249926725536,0.9982204333514942
1576.2763163384247,0.9966217469609072,1576.2763163384247,1.0000297768139863,1576.2763163384247,0.9966514231812812,1576.2513156524817,0.9989715729073256
1576.2777052653696,1.0169764595769524,1576.2777052653696,1.0001663243932375,1576.2777052653696,1.0171456075695284,1576.2527045794263,0.998385200637998
1576.2790941923142,1.003972573290611,1576.2790941923142,1.0003179547282,1576.2790941923142,1.004291791117272,1576.2540935063712,1.0052213516877162
1576.2804831192598,1.001332912540016,1576.2804831192598,1.0001462002245398,1576.2804831192598,1.0014793076366686,1576.2554824333165,0.997726008485423
1576.281872046205,1.0184670705627237,1576.281872046205,1.0001593003177678,1576.281872046205,1.0186293126907005,1576.2568713602618,0.9969253587893768
1576.28326097315,1.0084007354163789,1576.28326097315,1.0001522004067278,1576.28326097315,1.0085542144184538,1576.2582602876723,1.0038880220855817
1576.2846499000948,0.9858954570742318,1576.2846499000948,1.0002511191496484,1576.2846499000948,0.9861430343030544,1576.2596492146172,1.0041240101700593
1576.28603882704,0.9954381480443909,1576.28603882704,1.0001021307637512,1576.28603882704,0.9955398129027178,1576.2610381415627,1.0006872068965105
1576.287427753986,1.001759284637222,1576.287427753986,1.0001150406859372,1576.287427753986,1.0018745277124708,1576.2624270685071,0.9973947518205816
1576.2888166809307,1.0020738179673252,1576.2888166809307,1.0000223212751753,1576.2888166809307,1.002096185532762,1576.2638159954522,1.0062159212248771
1576.2902056078756,1.0025196446597506,1576.2902056078756,0.9999438569138653,1576.2902056078756,1.0024633601129889,1576.265204922398,0.9992645130288702
1576.291594534821,1.0071601666764238,1576.291594534821,0.9999987319135973,1576.291594534821,1.0071588895103112,1576.2665938493433,1.008684908887965
1576.2929834617662,0.9987251531163968,1576.2929834617662,0.9999779298386563,1576.2929834617662,0.9987031110911294,1576.267982776288,0.9896188921592576
1576.294372388711,1.0079297371321456,1576.294372388711,0.9998779953917355,1576.294372388711,1.0078067650594087,1576.269371703233,0.9974702778481392
1576.295761315656,0.9963629440930506,1576.295761315656,0.9999218197045352,1576.295761315656,0.9962850481436912,1576.2707606301783,0.9913965829577304
1576.2971502426014,0.9972513747521732,1576.2971502426014,0.9999435823513012,1576.2971502426014,0.997195112174448,1576.2721495575895,0.9976399653970248
1576.298539169546,0.9986579262437735,1576.298539169546,0.9999365463991493,1576.298539169546,0.9985945578023352,1576.2735384845344,1.005758398326668
1576.299928096491,0.997134047753059,1576.299928096491,0.9999164768504107,1576.299928096491,0.997050763976828,1576.274927411479,0.999174964253525
1576.3013170234367,1.0054793338804031,1576.3013170234367,0.9999184868318786,1576.3013170234367,1.005397374074418,1576.2763163384247,0.9966514231812812
1576.302705950382,0.9901311252469,1576.302705950382,0.9998982193939656,1576.302705950382,0.9900303491009188,1576.2777052653696,1.0171456075695284
1576.3040948773269,1.0025302016401882,1576.3040948773269,0.999962099407155,1576.3040948773269,1.002492205151201,1576.2790941923142,1.004291791117272
1576.3054838042715,1.015344641524816,1576.3054838042715,1.0000416407965922,1576.3054838042715,1.0153869212845046,1576.2804831192598,1.0014793076366686
1576.306872731217,0.9999368717717316,1576.306872731217,1.0000781092077884,1576.306872731217,1.000014976048624,1576.281872046205,1.0186293126907005
1576.3082616581628,1.0147923843196953,1576.3082616581628,0.9999813787057245,1576.3082616581628,1.0147734875720784,1576.28326097315,1.0085542144184538
1576.3096505851074,1.0013230810027618,1576.3096505851074,0.9999711399459881,1576.3096505851074,1.0012941827645607,1576.2846499000948,0.9861430343030544
1576.311039512052,0.9987489480807775,1576.311039512052,0.9999757202863687,1576.311039512052,0.9987246987423286,1576.28603882704,0.9955398129027178
1576.3124284385322,0.9804140730668991,1576.3124284385322,1.0000017485680164,1576.3124284385322,0.98041578738759,1576.287427753986,1.0018745277124708
1576.3138173654777,0.9956404280234674,1576.3138173654777,0.9999804841276966,1576.3138173654777,0.995620997232014,1576.2888166809307,1.002096185532762
1576.3152062924223,0.9932805003236261,1576.3152062924223,1.0000212897816616,1576.3152062924223,0.9933016470486068,1576.2902056078756,1.0024633601129889
1576.3165952193672,0.98799150464786,1576.3165952193672,0.9998838508318861,1576.3165952193672,0.9878767502564916,1576.291594534821,1.0071588895103112
1576.3179841463125,0.9965000007797565,1576.3179841463125,0.9997781204577325,1576.3179841463125,0.996278897815714,1576.2929834617662,0.9987031110911294
1576.319373073257,0.9929427909133458,1576.319373073257,0.999766283235154,1576.319373073257,0.9927107235365764,1576.294372388711,1.0078067650594087
1576.3207620002022,0.9959940511620795,1576.3207620002022,0.9997212826326237,1576.3207620002022,0.9957164503222172,1576.295761315656,0.9962850481436912
1576.3221509271475,0.9979010285738352,1576.3221509271475,0.9998246117767187,1576.3221509271475,0.997726008485423,1576.2971502426014,0.997195112174448
1576.3235398540933,1.0154069385211453,1576.3235398540933,0.9998446095084249,1576.3235398540933,1.0152491539378197,1576.298539169546,0.9985945578023352
1576.3249287805725,0.9874840827545739,1576.3249287805725,0.9999104682759071,1576.3249287805725,0.9873956716021306,1576.299928096491,0.997050763976828
1576.3263177075178,1.0090712478825876,1576.3263177075178,0.9998301556682088,1576.3263177075178,1.0088998628507613,1576.3013170234367,1.005397374074418
1576.327706634464,0.9895056860713228,1576.327706634464,0.9998564611349786,1576.327706634464,0.989363653548212,1576.302705950382,0.9900303491009188
1576.3290955614093,0.9975175395257383,1576.3290955614093,0.9998792496615322,1576.3290955614093,0.997397088945213,1576.3040948773269,1.002492205151201
1576.3304844883542,1.0119095764764758,1576.3304844883542,0.9998012012538543,1576.3304844883542,1.0117084101214595,1576.3054838042715,1.0153869212845046
1576.331873415299,1.0028467548129683,1576.331873415299,0.9998796284761335,1576.331873415299,1.0027260406208869,1576.306872731217,1.000014976048624
1576.3332623422446,1.0073078480095337,1576.3332623422446,0.9998832002251824,1576.3332623422446,1.0071901946797142,1576.3082616581628,1.0147734875720784
1576.3346512687235,0.9936924650446516,1576.3346512687235,0.9998426399524378,1576.3346512687235,0.99353609755109,1576.3096505851074,1.0012941827645607
1576.3360401956684,1.0054980759372094,1576.3360401956684,0.9999421151587822,1576.3360401956684,1.005439872840739,1576.311039512052,0.9987246987423286
1576.337429122614,1.0013083973326653,1576.337429122614,0.9999358671766574,1576.337429122614,1.0012441805981076,1576.3124284385322,0.98041578738759
1576.3388180495594,1.0079930045557501,1576.3388180495594,1.0000432525423906,1576.3388180495594,1.0080366028159091,1576.3138173654777,0.995620997232014
1576.3402069765043,1.0052755667082798,1576.3402069765043,0.9999700522564252,1576.3402069765043,1.005245460973386,1576.3152062924223,0.9933016470486068
1576.3415959029835,1.0026430812703377,1576.3415959029835,1.000065871843975,1576.3415959029835,1.00270912721895,1576.3165952193672,0.9878767502564916
1576.3429848299288,0.9904211816284998,1576.3429848299288,1.0000170979958916,1576.3429848299288,0.9904381158457942,1576.3179841463125,0.996278897815714
1576.3457626838192,1.0000688680997936,1576.3457626838192,0.9998838746270369,1576.3457626838192,0.9999527347294968,1576.319373073257,0.9927107235365764
1576.3471516107638,1.0011801978894141,1576.3471516107638,0.9999809143026239,1576.3471516107638,1.0011610896671383,1576.3207620002022,0.9957164503222172
1576.348540537244,0.991398111500825,1576.348540537244,0.9998931815507452,1576.348540537244,0.9912922118919604,1576.3221509271475,0.997726008485423
1576.3499294641892,0.9809629772899653,1576.3499294641892,0.9998450809764575,1576.3499294641892,0.9808110074633922,1576.3235398540933,1.0152491539378197
1576.351318391134,0.9864737177168578,1576.351318391134,0.9999265133535473,1576.351318391134,0.986401225071529,1576.3249287805725,0.9873956716021306
1576.352707318079,1.0054959758628454,1576.352707318079,0.999932092546226,1576.352707318079,1.0054276951913446,1576.3263177075178,1.0088998628507613
1576.3540962445586,0.9931955846472091,1576.3540962445586,0.9997840997354412,1576.3540962445586,0.9929811534577252,1576.327706634464,0.989363653548212
1576.3554851715037,0.9968768161196542,1576.3554851715037,0.9998154222988113,1576.3554851715037,0.9966928148885664,1576.3290955614093,0.997397088945213
1576.3568740984483,0.9973763706257024,1576.3568740984483,0.9998254178904482,1576.3568740984483,0.9972022465549014,1576.3304844883542,1.0117084101214595
1576.3582630253936,1.0129856544388873,1576.3582630253936,0.999960468994404,1576.3582630253936,1.012945610097313,1576.331873415299,1.0027260406208869
1576.3596519518735,1.0075811973566762,1576.3596519518735,1.0000379410737845,1576.3596519518735,1.007619426069229,1576.3332623422446,1.0071901946797142
1576.3610408788186,1.010816278514926,1576.3610408788186,1.0000496150562155,1576.3610408788186,1.010866430221408,1576.3346512687235,0.99353609755109
1576.3624298057632,0.9839678745100281,1576.3624298057632,1.000078854644018,1576.3624298057632,0.9840454649464978,1576.3360401956684,1.005439872840739
1576.3638187327088,0.9935424664619765,1576.3638187327088,1.0000642829438768,1576.3638187327088,0.9936063342965874,1576.337429122614,1.0012441805981076
1576.3652076591884,0.9888876402549158,1576.3652076591884,1.0000506039064214,1576.3652076591884,0.9889376818325246,1576.3388180495594,1.0080366028159091
1576.3665965861333,0.990807028783252,1576.3665965861333,1.0000465390263602,1576.3665965861333,0.9908531399776824,1576.3402069765043,1.005245460973386
1576.367985513078,0.9895037223938153,1576.367985513078,1.0000912183906867,1576.367985513078,0.9895939833309506,1576.3415959029835,1.00270912721895
1576.369374439558,1.0142396249122008,1576.369374439558,1.0001122582469977,1576.369374439558,1.014353481674529,1576.3429848299288,0.9904381158457942
1576.3707633665026,1.0126826625204695,1576.3707633665026,1.0002175057486766,1576.3707633665026,1.012902926821153,1576.3443737568746,1.0263559697282088
1576.3721522934477,1.0053302404422748,1576.3721522934477,1.000231405510991,1576.3721522934477,1.005562879400279,1576.3457626838192,0.9999527347294968
1576.3735412199276,1.0117864023873604,1576.3735412199276,1.0002580948094728,1576.3735412199276,1.0120475392061117,1576.3471516107638,1.0011610896671383
1576.3749301468729,1.01211330178143,1576.3749301468729,1.0002065322907288,1576.3749301468729,1.012322335860124,1576.348540537244,0.9912922118919604
1576.3763190738175,1.0055337471350392,1576.3763190738175,1.0002743039914705,1576.3763190738175,1.0058095690554367,1576.3499294641892,0.9808110074633922
1576.377708000297,0.9928857417410668,1576.377708000297,1.000338915707226,1576.377708000297,0.9932222463144236,1576.351318391134,0.986401225071529
1576.3790969272422,1.0126231733880982,1576.3790969272422,1.0002430431630327,1576.3790969272422,1.0128692845271186,1576.352707318079,1.0054276951913446
1576.3804858541878,0.9894789805207005,1576.3804858541878,1.0003192311592235,1576.3804858541878,0.9897948530426794,1576.3540962445586,0.9929811534577252
1576.3818747806667,1.0027173315199396,1576.3818747806667,1.0003510051080997,1576.3818747806667,1.0030692904252831,1576.3554851715037,0.9966928148885664
1576.3832637076116,1.0025297281788683,1576.3832637076116,1.00039433948365,1576.3832637076116,1.0029250652342223,1576.3568740984483,0.9972022465549014
1576.3846526345574,1.0086874883017625,1576.3846526345574,1.000403039006578,1576.3846526345574,1.0090940287049952,1576.3582630253936,1.012945610097313
1576.386041561037,0.9881507492549819,1576.386041561037,1.0004629450599107,1576.386041561037,0.9886082087627966,1576.3596519518735,1.007619426069229
1576.387430487982,0.9941511626967323,1576.387430487982,1.0004408801633244,1576.387430487982,0.9945894642237112,1576.3610408788186,1.010866430221408
1576.388819414461,1.0001217448889432,1576.388819414461,1.000335952370261,1576.388819414461,1.0004577381596884,1576.3624298057632,0.9840454649464978
1576.3902083414064,0.9833151596135641,1576.3902083414064,1.0003500279022168,1576.3902083414064,0.9836593473561016,1576.3638187327088,0.9936063342965874
1576.3915972683512,1.010308283917776,1576.3915972683512,1.0003087658288843,1576.3915972683512,1.0106202325924885,1576.3652076591884,0.9889376818325246
1576.3929861948304,1.011071281288562,1576.3929861948304,1.0004198635670785,1576.3929861948304,1.0114957932832944,1576.3665965861333,0.9908531399776824
1576.3943751217755,1.0140881873481082,1576.3943751217755,1.0004389459634986,1576.3943751217755,1.0145333172645763,1576.367985513078,0.9895939833309506
1576.3957640482558,0.9948386497599756,1576.3957640482558,1.0005304617928927,1576.3957640482558,0.9953663736537662,1576.369374439558,1.014353481674529
1576.3971529752007,0.9986075901752173,1576.3971529752007,1.0004988775305412,1576.3971529752007,0.9991057730637836,1576.3707633665026,1.012902926821153
1576.398541902145,0.9924212652199558,1576.398541902145,1.0004837229888675,1576.398541902145,0.9929013222005836,1576.3721522934477,1.005562879400279
1576.3999308286252,1.0084796549572463,1576.3999308286252,1.000521143891379,1576.3999308286252,1.0090052179690074,1576.3735412199276,1.0120475392061117
1576.4013197555705,1.0149613759067373,1576.4013197555705,1.0005258014307454,1576.4013197555705,1.0154950440503403,1576.3749301468729,1.012322335860124
1576.4027086820497,1.0076039795204734,1576.4027086820497,1.0003955427792504,1576.4027086820497,1.0080025299989166,1576.3763190738175,1.0058095690554367
1576.4040976089946,0.9876756951192136,1576.4040976089946,1.00043714140363,1576.4040976089946,0.9881074490589092,1576.377708000297,0.9932222463144236
1576.4054865354742,1.004943509209505,1576.4054865354742,1.0003777017309654,1576.4054865354742,1.0053230781124558,1576.3790969272422,1.0128692845271186
1576.406875462419,0.9959592861879701,1576.406875462419,1.0003598743465214,1576.406875462419,0.996317706385249,1576.3804858541878,0.9897948530426794
1576.4082643888985,1.0012543620879268,1576.4082643888985,1.0003238670989598,1576.4082643888985,1.001578635433497,1576.3818747806667,1.0030692904252831
1576.409653315844,0.9893389185803037,1576.409653315844,1.000468556184702,1576.409653315844,0.9898024794493708,1576.3832637076116,1.0029250652342223
1576.411042242789,0.9975871464840679,1576.411042242789,1.0004678648752183,1576.411042242789,0.998053882469877,1576.3846526345574,1.0090940287049952
1576.4124311692683,0.993771058568244,1576.4124311692683,1.000431965089606,1576.4124311692683,0.9942003329726063,1576.386041561037,0.9886082087627966
1576.4138200962134,0.9936295604069046,1576.4138200962134,1.000451750917126,1576.4138200962134,0.994078433472102,1576.387430487982,0.9945894642237112
1576.415209022693,0.99651824539036,1576.415209022693,1.0004214966356224,1576.415209022693,0.9969382744781284,1576.388819414461,1.0004577381596884
1576.4165979496386,1.002546012536284,1576.4165979496386,1.0003062526342814,1576.4165979496386,1.0028530448936115,1576.3902083414064,0.9836593473561016
1576.4179868761175,0.9881142389402178,1576.4179868761175,1.000340444866141,1576.4179868761175,0.9884506373600258,1576.3915972683512,1.0106202325924885
1576.4193758030624,1.005305140196403,1576.4193758030624,1.00032343095196,1576.4193758030624,1.005630286994907,1576.3929861948304,1.0114957932832944
1576.4207647295425,1.015291276256562,1576.4207647295425,1.0004193817515286,1576.4207647295425,1.01571707089031,1576.3943751217755,1.0145333172645763
1576.4221536564878,0.9923430866833172,1576.4221536564878,1.0004996973307256,1576.4221536564878,0.9928389578748968,1576.3957640482558,0.9953663736537662
1576.423542582967,0.9906052451852725,1576.423542582967,1.0005198256678671,1576.423542582967,0.9911201872184436,1576.3971529752007,0.9991057730637836
1576.4249315094462,0.9955060417034252,1576.4249315094462,1.0005917435833218,1576.4249315094462,0.9960951260157612,1576.398541902145,0.9929013222005836
1576.4263204363915,0.9972783237069817,1576.4263204363915,1.0004856008783027,1576.4263204363915,0.997762602936886,1576.3999308286252,1.0090052179690074
1576.4277093628707,1.0073381083413206,1576.4277093628707,1.0004951597889975,1576.4277093628707,1.007836901666496,1576.4013197555705,1.0154950440503403
1576.4290982898156,1.0153078539483114,1576.4290982898156,1.0005266221773528,1576.4290982898156,1.015842537581041,1576.4027086820497,1.0080025299989166
1576.4304872162952,1.0096864647097838,1576.4304872162952,1.0004163668833423,1576.4304872162952,1.010106864716248,1576.4040976089946,0.9881074490589092
1576.431876143241,0.9980263619794665,1576.431876143241,1.0004476718908673,1576.431876143241,0.9984731503280692,1576.4054865354742,1.0053230781124558
1576.4332650697202,1.0018191579218594,1576.4332650697202,1.000440194571328,1576.4332650697202,1.0022601532766289,1576.406875462419,0.996317706385249
1576.4346539966648,0.9986372091591442,1576.4346539966648,1.0003638276138929,1576.4346539966648,0.9990005409520972,1576.4082643888985,1.001578635433497
1576.436042923145,0.9956243509181635,1576.436042923145,1.000429664365525,1576.436042923145,0.996052135223202,1576.409653315844,0.9898024794493708
1576.4374318496243,0.9952684564311731,1576.4374318496243,1.0004236751246136,1576.4374318496243,0.9956901269184756,1576.411042242789,0.998053882469877
1576.4388207765692,1.0011705425696225,1576.4388207765692,1.0003972952618565,1576.4388207765692,1.0015683028824958,1576.4124311692683,0.9942003329726063
1576.4402097030484,0.9872729536351684,1576.4402097030484,1.00041678024701,1576.4402097030484,0.9876844295006508,1576.4138200962134,0.994078433472102
1576.4415986299937,0.9956818288835999,1576.4415986299937,1.0004688294714434,1576.4415986299937,0.9961486338691612,1576.415209022693,0.9969382744781284
1576.4429875564738,0.9882518035225375,1576.4429875564738,1.000429660108902,1576.4429875564738,0.9886764159000616,1576.4165979496386,1.0028530448936115
1576.444376482953,1.0006849933017772,1576.444376482953,1.0004538288247782,1576.444376482953,1.0011391329962605,1576.4179868761175,0.9884506373600258
1576.4457654098976,1.0054325414946355,1576.4457654098976,1.0004648505588338,1576.4457654098976,1.0058999173734189,1576.4193758030624,1.005630286994907
1576.4471543363777,0.9963791406668282,1576.4471543363777,1.0004615386844045,1576.4471543363777,0.9968390081845796,1576.4207647295425,1.01571707089031
1576.4485432633223,0.9994996068467213,1576.4485432633223,1.0004294795188353,1576.4485432633223,0.999928871456946,1576.4221536564878,0.9928389578748968
1576.4499321898015,0.9985514117761153,1576.4499321898015,1.000552209053772,1576.4499321898015,0.9991028209063548,1576.423542582967,0.9911201872184436
1576.4513211162812,1.000462939578771,1576.4513211162812,1.0005617217837106,1576.4513211162812,1.0010249214057276,1576.4249315094462,0.9960951260157612
1576.4527100432267,0.9977107344596119,1576.4527100432267,1.0006070336695851,1576.4527100432267,0.9983163784679354,1576.4263204363915,0.997762602936886
1576.4540989697057,0.9895842221813766,1576.4540989697057,1.0005930232217755,1576.4540989697057,0.9901710686050328,1576.4277093628707,1.007836901666496
1576.4554878961849,1.0024474011997204,1576.4554878961849,1.0004698103625622,1576.4554878961849,1.0029183613767276,1576.4290982898156,1.015842537581041
1576.4568768231306,0.9971880368910918,1576.4568768231306,1.0003934381614314,1576.4568768231306,0.9975803687189276,1576.4304872162952,1.010106864716248
1576.4582657496103,1.0000564577772688,1576.4582657496103,1.000404086719451,1576.4582657496103,1.0004605673105578,1576.431876143241,0.9984731503280692
1576.4596546760897,1.0049457211493662,1576.4596546760897,1.0004220735011533,1576.4596546760897,1.0053698821083608,1576.4332650697202,1.0022601532766289
1576.4610436030343,0.9831606344191278,1576.4610436030343,1.0003107016506176,1576.4610436030343,0.9834661040510642,1576.4346539966648,0.9990005409520972
1576.462432529514,1.0100195285122473,1576.462432529514,1.0003020316001572,1576.462432529514,1.010324586326634,1576.436042923145,0.996052135223202
1576.4638214559932,0.9947280290144032,1576.4638214559932,1.0003105085617636,1576.4638214559932,0.9950369005840384,1576.4374318496243,0.9956901269184756
1576.465210382938,1.0036529953254198,1576.465210382938,1.0002559255297168,1576.465210382938,1.0039098557499002,1576.4388207765692,1.0015683028824958
1576.4665993094177,0.9981395785410576,1576.4665993094177,1.0003075745885157,1576.4665993094177,0.9984465809112086,1576.4402097030484,0.9876844295006508
1576.4679882358978,0.9921215021697909,1576.4679882358978,1.0003748218088864,1576.4679882358978,0.9924933709458692,1576.4415986299937,0.9961486338691612
1576.4693771628426,0.9970586988118867,1576.4693771628426,1.0003263112175869,1576.4693771628426,0.9973840502499016,1576.4429875564738,0.9886764159000616
1576.4707660893216,1.00634384617755,1576.4707660893216,1.0003045407526532,1576.4707660893216,1.0066503188898928,1576.444376482953,1.0011391329962605
1576.4721550158015,0.9915649234944812,1576.4721550158015,1.0002977830086153,1576.4721550158015,0.9918601946806368,1576.4457654098976,1.0058999173734189
1576.4735439422811,0.9939381992744063,1576.4735439422811,1.0003671930329692,1576.4735439422811,0.9943031664563818,1576.4471543363777,0.9968390081845796
1576.474932869226,1.0029518977335379,1576.474932869226,1.0003654023444613,1576.474932869226,1.0033183787083515,1576.4485432633223,0.999928871456946
1576.4763217957052,1.0057419546842892,1576.4763217957052,1.0003817338405905,1576.4763217957052,1.0061258804232938,1576.4499321898015,0.9991028209063548
1576.4777107221848,0.9878624021071284,1576.4777107221848,1.000408374583675,1576.4777107221848,0.988265820004317,1576.4513211162812,1.0010249214057276
1576.479099648665,1.0018788953631772,1576.479099648665,1.0004685118286596,1576.479099648665,1.0023482874765393,1576.4527100432267,0.9983163784679354
1576.4804885756098,1.0017242420590637,1576.4804885756098,1.0004466378861474,1576.4804885756098,1.0021716500570397,1576.4540989697057,0.9901710686050328
1576.4818775020888,1.0130880072800477,1576.4818775020888,1.000526388472657,1576.4818775020888,1.0136212851288668,1576.4554878961849,1.0029183613767276
1576.4832664285686,1.0080127781482586,1576.4832664285686,1.0004977170551204,1576.4832664285686,1.0085144832997224,1576.4568768231306,0.9975803687189276
1576.4846553550478,1.014185341542183,1576.4846553550478,1.0004767658643847,1576.4846553550478,1.0146688704931897,1576.4582657496103,1.0004605673105578
1576.4860442819927,1.0064186321048556,1576.4860442819927,1.0003944144962311,1576.4860442819927,1.006815578202635,1576.4596546760897,1.0053698821083608
1576.4874332084723,1.0067726217599795,1576.4874332084723,1.0003862350640826,1576.4874332084723,1.0071614726480616,1576.4610436030343,0.9834661040510642
1576.4888221349522,1.0048084229651264,1576.4888221349522,1.0004072801505741,1576.4888221349522,1.0052176614909298,1576.462432529514,1.010324586326634
1576.4902110614312,1.000484099922384,1576.4902110614312,1.0005183678575067,1576.4902110614312,1.0010027187217303,1576.4638214559932,0.9950369005840384
1576.4915999879104,1.00086620801206,1576.4915999879104,1.000546633107438,1576.4915999879104,1.0014133146174753,1576.465210382938,1.0039098557499002
1576.492988914856,1.0041063689541083,1576.492988914856,1.0006628563356506,1576.492988914856,1.0047719472224366,1576.4665993094177,0.9984465809112086
1576.4943778413358,1.0029852856729737,1576.4943778413358,1.0005374017183977,1576.4943778413358,1.003524291689022,1576.4679882358978,0.9924933709458692
1576.495766767815,1.0038107454781349,1576.495766767815,1.0005272549759614,1576.495766767815,1.0043400096886117,1576.4693771628426,0.9973840502499016
1576.4971556942942,0.9945603221082088,1576.4971556942942,1.000432001421949,1576.4971556942942,0.9949899735815736,1576.4707660893216,1.0066503188898928
1576.4985446207738,0.9903797001016241,1576.4985446207738,1.0003185020354282,1576.4985446207738,0.9906951380519532,1576.4721550158015,0.9918601946806368
1576.499933547719,1.006624084169839,1576.499933547719,1.0002529210276645,1576.499933547719,1.006878680567679,1576.4735439422811,0.9943031664563818
1576.501322474198,1.0048765218556996,1576.501322474198,1.0002570412501062,1576.501322474198,1.0051348165730798,1576.474932869226,1.0033183787083515
1576.5027114006784,0.9946438178163792,1576.5027114006784,1.0002596583558627,1576.5027114006784,0.9949020853947824,1576.4763217957052,1.0061258804232938
1576.504100327159,1.0054931213839466,1576.504100327159,1.000239972465728,1576.504100327159,1.0057344120475578,1576.4777107221848,0.988265820004317
1576.5054892536382,0.9998232613181696,1576.5054892536382,1.0003676790937153,1576.5054892536382,1.0001908754287665,1576.479099648665,1.0023482874765393
1576.5068781801172,1.0116240640680183,1576.5068781801172,1.0003593325358984,1576.5068781801172,1.0119875735083357,1576.4804885756098,1.0021716500570397
1576.508267106597,1.00475190276705,1576.508267106597,1.0003932228984451,1576.508267106597,1.0051469942224742,1576.4818775020888,1.0136212851288668
1576.5096560335423,1.0172326141376289,1576.5096560335423,1.0002966437166212,1576.5096560335423,1.017534369800955,1576.4832664285686,1.0085144832997224
1576.5110449600215,0.994196624290242,1576.5110449600215,1.0003168772422508,1576.5110449600215,0.9945116625748022,1576.4846553550478,1.0146688704931897
1576.5124338865007,0.9943794816120037,1576.5124338865007,1.0003166253020477,1576.5124338865007,0.9946943273157192,1576.4860442819927,1.006815578202635
1576.5138228129804,1.000279003684335,1576.5138228129804,1.0003921029612644,1576.5138228129804,1.00067121604377,1576.4874332084723,1.0071614726480616
1576.5152117394605,1.0029747428592735,1576.5152117394605,1.000470777262498,1576.5152117394605,1.0034469205630712,1576.4888221349522,1.0052176614909298
1576.5166006659397,1.003557939428001,1576.5166006659397,1.000435364852766,1576.5166006659397,1.0039948532825422,1576.4902110614312,1.0010027187217303
1576.5179895924186,0.9990088239797988,1576.5179895924186,1.0004342329485711,1576.5179895924186,0.9994426265270842,1576.4915999879104,1.0014133146174753
1576.5193785188983,1.0024136628682152,1576.5193785188983,1.0003132821836513,1576.5193785188983,1.0027277012094404,1576.492988914856,1.0047719472224366
1576.5207674453775,0.993174060927557,1576.5207674453775,1.0002986975282666,1576.5207674453775,0.9934707195646946,1576.4943778413358,1.003524291689022
1576.522156371857,1.003722452683234,1576.522156371857,1.0002906307698671,1576.522156371857,1.0040141653123902,1576.495766767815,1.0043400096886117
1576.5235452988022,1.0023197869139038,1576.5235452988022,1.0003410072057306,1576.5235452988022,1.0026615851836878,1576.4971556942942,0.9949899735815736
1576.524934225282,0.996885400956839,1576.524934225282,1.0002988950293454,1576.524934225282,0.997183365048012,1576.4985446207738,0.9906951380519532
1576.526323151761,0.9926204241613298,1576.526323151761,1.0002893063318066,1576.526323151761,0.9929075955351202,1576.499933547719,1.006878680567679
1576.5277120782405,1.0109489580404143,1576.5277120782405,1.000258384965483,1576.5277120782405,1.0112101720520426,1576.501322474198,1.0051348165730798
1576.5291010047204,0.9947339647986827,1576.5291010047204,1.0003358867395933,1576.5291010047204,0.9950680827468816,1576.5027114006784,0.9949020853947824
1576.5304899312,1.0042816849432468,1576.5304899312,1.0002570483014956,1576.5304899312,1.0045398338445846,1576.504100327159,1.0057344120475578
1576.5318788576792,1.0031615126624578,1576.5318788576792,1.0003016137599479,1576.5318788576792,1.003464079978127,1576.5054892536382,1.0001908754287665
1576.5332677841584,1.009624210849357,1576.5332677841584,1.0002940227220345,1576.5332677841584,1.0099210633080629,1576.5068781801172,1.0119875735083357
1576.534656710638,0.9951296559411169,1576.534656710638,1.0003468990157238,1576.534656710638,0.9954748654392804,1576.508267106597,1.0051469942224742
1576.5360456371172,0.9977287148334112,1576.5360456371172,1.0004184344433449,1576.5360456371172,0.9981461988928118,1576.5096560335423,1.017534369800955
1576.5374345635964,1.0038632353417467,1576.5374345635964,1.0004046667620323,1576.5374345635964,1.0042694654267157,1576.5110449600215,0.9945116625748022
1576.538823490076,0.9988473970132858,1576.538823490076,1.0004938262615637,1576.538823490076,0.9993406540892256,1576.5124338865007,0.9946943273157192
1576.5402124165562,0.9934038687025355,1576.5402124165562,1.000547419648653,1576.5402124165562,0.9939476774993112,1576.5138228129804,1.00067121604377
1576.5416013430352,1.0016387143908647,1576.5416013430352,1.0004796872980526,1576.5416013430352,1.0021191877593958,1576.5152117394605,1.0034469205630712
1576.542990269514,1.0048953906195695,1576.542990269514,1.0005144105114403,1576.542990269514,1.005412319371402,1576.5166006659397,1.0039948532825422
1576.5443791959942,1.006453910042373,1576.5443791959942,1.000539681284402,1576.5443791959942,1.0069970743812362,1576.5179895924186,0.9994426265270842
1576.545768122474,1.0053888213788456,1576.545768122474,1.0005420020462326,1576.545768122474,1.0059337441772922,1576.5193785188983,1.0027277012094404
1576.547157048953,1.0001516895402844,1576.547157048953,1.000602649025461,1576.547157048953,1.000754429981299,1576.5207674453775,0.9934707195646946
1576.5485459754325,1.004647011882104,1576.5485459754325,1.0006660213506076,1576.5485459754325,1.0053161282418417,1576.522156371857,1.0040141653123902
1576.549934901912,0.9921584548887205,1576.549934901912,1.000701130741337,1576.549934901912,0.9928540876817202,1576.5235452988022,1.0026615851836878
1576.551323828392,0.991818558481544,1576.551323828392,1.0006906727071287,1576.551323828392,0.992503580490311,1576.524934225282,0.997183365048012
1576.5527127548712,1.006143499237122,1576.5527127548712,1.00057915665156,1576.5527127548712,1.0067262139371291,1576.526323151761,0.9929075955351202
1576.5541016813502,0.9950565690598783,1576.5541016813502,1.0005195776396127,1576.5541016813502,0.9955735782033116,1576.5277120782405,1.0112101720520426
1576.55549060783,1.0032371099733983,1576.55549060783,1.0004479772161425,1576.55549060783,1.003686537341055,1576.5291010047204,0.9950680827468816
1576.5568795343092,1.0085474318343648,1576.5568795343092,1.0005028139966563,1576.5568795343092,1.009054543599383,1576.5304899312,1.0045398338445846
1576.5582684603228,0.9907205564800969,1576.5582684603228,1.0005490119581448,1576.5582684603228,0.9912644739127844,1576.5318788576792,1.003464079978127
1576.5596573868024,1.006777657669526,1576.5596573868024,1.000524546476427,1576.5596573868024,1.007305759342402,1576.5332677841584,1.0099210633080629
1576.561046313282,0.9927795536533387,1576.561046313282,1.0005999834663002,1576.561046313282,0.9933752049712116,1576.534656710638,0.9954748654392804
1576.5624352397613,0.9905499402527755,1576.5624352397613,1.0005887882417628,1576.5624352397613,0.9911331644104752,1576.5360456371172,0.9981461988928118
1576.5638241662405,0.977772295388337,1576.5638241662405,1.0006264553593678,1576.5638241662405,0.9783848260830244,1576.5374345635964,1.0042694654267157
1576.5652130927206,0.9970372891950193,1576.5652130927206,1.0007518966931128,1576.5652130927206,0.9977869582356752,1576.538823490076,0.9993406540892256
1576.5666020192002,0.9875376803501548,1576.5666020192002,1.0008532927683278,1576.5666020192002,0.9883803391112488,1576.5402124165562,0.9939476774993112
1576.5679909456794,0.9953350763523431,1576.5679909456794,1.000852962410485,1576.5679909456794,0.9961840597583088,1576.5416013430352,1.0021191877593958
1576.5693798721586,0.9961911971343146,1576.5693798721586,1.0009152074685872,1576.5693798721586,0.9971029187580728,1576.542990269514,1.005412319371402
1576.5707687986385,0.9964792319509884,1576.5707687986385,1.0008573426106928,1576.5707687986385,0.9973335560572104,1576.5443791959942,1.0069970743812362
1576.572157725118,1.0041184791584143,1576.572157725118,1.000894995619659,1576.572157725118,1.0050171607988796,1576.545768122474,1.0059337441772922
1576.5735466511314,1.0043073488551169,1576.5735466511314,1.0008807490680993,1576.5735466511314,1.0051918916167062,1576.547157048953,1.000754429981299
1576.5749355776106,1.0111309805238355,1576.5749355776106,1.0008731360248742,1576.5749355776106,1.0120138354087973,1576.5485459754325,1.0053161282418417
1576.5763245040907,0.9962669105259969,1576.5763245040907,1.000907912203229,1576.5763245040907,0.9971714334117366,1576.549934901912,0.9928540876817202
1576.5777134305697,0.9947299139194185,1576.5777134305697,1.000920659586334,1576.5777134305697,0.9956457215504816,1576.551323828392,0.992503580490311
1576.579102357049,0.9924489197296553,1576.579102357049,1.0009909041855076,1576.579102357049,0.993432341518118,1576.5527127548712,1.0067262139371291
1576.5804912835288,0.9931390168084235,1576.5804912835288,1.0010384891233548,1576.5804912835288,0.9941703808753584,1576.5541016813502,0.9955735782033116
1576.5818802095428,1.0151253998785,1576.5818802095428,1.0011134143948046,1576.5818802095428,1.0162556551112565,1576.55549060783,1.003686537341055
1576.583269136022,0.9946731943564712,1576.583269136022,1.0011136435657761,1576.583269136022,0.9957809057594162,1576.5568795343092,1.009054543599383
1576.5846580625011,0.9909415946921022,1576.5846580625011,1.0010335014920209,1576.5846580625011,0.991965734308722,1576.5582684603228,0.9912644739127844
1576.5860469889808,0.9992200571568338,1576.5860469889808,1.0010836609379867,1576.5860469889808,1.0003028729012275,1576.5596573868024,1.007305759342402
1576.587435915461,1.013868693003738,1576.587435915461,1.0010402511374676,1576.587435915461,1.014923371064878,1576.561046313282,0.9933752049712116
1576.58882484194,0.9982027040206558,1576.58882484194,1.0010276766286217,1576.58882484194,0.9992285336102048,1576.5624352397613,0.9911331644104752
1576.5902137679534,1.0100145854556832,1576.5902137679534,1.0009765724701258,1576.5902137679534,1.0110009378942648,1576.5638241662405,0.9783848260830244
1576.5916026944333,0.9989691926866705,1576.5916026944333,1.0010373811969935,1576.5916026944333,1.0000055045435394,1576.5652130927206,0.9977869582356752
1576.5929916209125,0.9936127025664535,1576.5929916209125,1.001058123686325,1576.5929916209125,0.9946640677020724,1576.5666020192002,0.9883803391112488
1576.5943805473917,0.9965341254298198,1576.5943805473917,1.0010511163922775,1576.5943805473917,0.997581598784523,1576.5679909456794,0.9961840597583088
1576.595769473871,0.9993395956231915,1576.595769473871,1.0010686616090085,1576.595769473871,1.000407551483396,1576.5693798721586,0.9971029187580728
1576.5971583998853,0.9995614828560764,1576.5971583998853,1.0011958701627017,1576.5971583998853,1.00075682860921,1576.5707687986385,0.9973335560572104
1576.5985473263645,0.9942878944402973,1576.5985473263645,1.0012017695566395,1576.5985473263645,0.9954827993623708,1576.572157725118,1.0050171607988796
1576.5999362528437,0.9927855318907082,1576.5999362528437,1.0011456248608797,1576.5999362528437,0.9939228916775638,1576.5735466511314,1.0051918916167062
1576.6013251793236,1.0093446022087678,1576.6013251793236,1.001134092260052,1576.6013251793236,1.010489292109858,1576.5749355776106,1.0120138354087973
1576.6027141053378,0.9993347711959937,1576.6027141053378,1.0011512247576206,1576.6027141053378,1.0004852301257456,1576.5763245040907,0.9971714334117366
1576.604103031817,0.9922190329231658,1576.604103031817,1.0010982323120776,1576.604103031817,0.9933087199257804,1576.5777134305697,0.9956457215504816
1576.6054919582962,1.0052397710318397,1576.6054919582962,1.0010260652943446,1576.6054919582962,1.0062712126733904,1576.579102357049,0.993432341518118
1576.6068808847758,1.0048183429487008,1576.6068808847758,1.0009598473065349,1576.6068808847758,1.005782815128737,1576.5804912835288,0.9941703808753584
1576.60826981079,1.003688592591142,1576.60826981079,1.0009693193167772,1576.60826981079,1.0046614873319697,1576.5818802095428,1.0162556551112565
1576.609658737269,0.9983704511339515,1576.609658737269,1.0008749455660304,1576.609658737269,0.999243970933427,1576.583269136022,0.9957809057594162
1576.6110476637482,0.9896116323342659,1576.6110476637482,1.0008426173236604,1576.6110476637482,0.9904454962393666,1576.5846580625011,0.991965734308722
1576.6124365897626,0.9961141995215782,1576.6124365897626,1.0007967884974687,1576.6124365897626,0.9969078918579222,1576.5860469889808,1.0003028729012275
1576.6138255162416,1.0047225244132263,1576.6138255162416,1.000821101495253,1576.6138255162416,1.0055475035803365,1576.587435915461,1.014923371064878
1576.6152144427206,0.9956537782143332,1576.6152144427206,1.0008835216574246,1576.6152144427206,0.9965334598906822,1576.58882484194,0.9992285336102048
1576.616603369201,1.0056543233828115,1576.616603369201,1.0008120602917758,1576.616603369201,1.0064709753260834,1576.5902137679534,1.0110009378942648
1576.617992295215,0.9841031674058522,1576.617992295215,1.0008164453591826,1576.617992295215,0.9849066338698376,1576.5916026944333,1.0000055045435394
1576.619381221694,1.0074398230958026,1576.619381221694,1.0007379746415757,1576.619381221694,1.0081832881381607,1576.5929916209125,0.9946640677020724
1576.620770148173,0.9928548062328171,1576.620770148173,1.0007402111301864,1576.620770148173,0.9935897284110496,1576.5943805473917,0.997581598784523
1576.622159074187,0.994193524383,1576.622159074187,1.0007436923866568,1576.622159074187,0.9949328985379472,1576.595769473871,1.000407551483396
1576.6235480006671,0.9998901710742857,1576.6235480006671,1.0007818073706256,1576.6235480006671,1.0006718925798477,1576.5971583998853,1.00075682860921
1576.624936927146,1.0172098253249326,1576.624936927146,1.0007046244277937,1576.624936927146,1.0179265762160483,1576.5985473263645,0.9954827993623708
1576.6263258531594,0.9930899845348214,1576.6263258531594,1.0005964895676993,1576.6263258531594,0.9936823523503832,1576.5999362528437,0.9939228916775638
1576.6277147796395,1.0055492270300883,1576.6277147796395,1.0006954929878593,1576.6277147796395,1.006248579466435,1576.6013251793236,1.010489292109858
1576.6291037061187,1.0142552537103895,1576.6291037061187,1.000681345327337,1576.6291037061187,1.0149463117882322,1576.6027141053378,1.0004852301257456
1576.6304926321322,1.0014848678949797,1576.6304926321322,1.000624720274889,1576.6304926321322,1.0021105157969483,1576.604103031817,0.9933087199257804
1576.631881558612,1.0065012553730701,1576.631881558612,1.0004943273516487,1576.631881558612,1.0069987964730698,1576.6054919582962,1.0062712126733904
1576.633270484626,0.9960215080627645,1576.633270484626,1.0004084678086742,1576.633270484626,0.9964283507855553,1576.6068808847758,1.005782815128737
1576.634659411105,0.995452876352123,1576.634659411105,1.0003522644040506,1576.634659411105,0.9958035389663716,1576.60826981079,1.0046614873319697
1576.6360483375845,0.9941400738380832,1576.6360483375845,1.0004134350378462,1576.6360483375845,0.9945510861771348,1576.609658737269,0.999243970933427
1576.6374372635985,1.0138722037657102,1576.6374372635985,1.0004126358845429,1576.6374372635985,1.0142905638193245,1576.6110476637482,0.9904454962393666
1576.6388261900784,1.0052069437186948,1576.6388261900784,1.0003647380816012,1576.6388261900784,1.005573580970959,1576.6124365897626,0.9969078918579222
1576.640215116092,1.004456023570723,1576.640215116092,1.0003766710257112,1576.640215116092,1.004834373051403,1576.6138255162416,1.0055475035803365
1576.641604042571,1.0102025379470314,1576.641604042571,1.0002820316260663,1576.641604042571,1.0104874470114649,1576.6152144427206,0.9965334598906822
1576.6429929690507,0.9908316716892835,1576.6429929690507,1.0002460585907107,1576.6429929690507,0.991075474334051,1576.616603369201,1.0064709753260834
1576.6443818950647,0.9912766570529763,1576.6443818950647,1.0002245335619542,1576.6443818950647,0.9914992319316664,1576.617992295215,0.9849066338698376
1576.645770821544,0.9978858813376346,1576.645770821544,1.000303457867439,1576.645770821544,0.9981886976591328,1576.619381221694,1.0081832881381607
1576.6471597475577,1.000646176137761,1576.6471597475577,1.000292205846724,1576.6471597475577,1.0009385708009304,1576.620770148173,0.9935897284110496
1576.6485486740376,1.0026822636283912,1576.6485486740376,1.000204183401941,1576.6485486740376,1.0028869947040449,1576.622159074187,0.9949328985379472
1576.6499376000509,1.00590078756823,1576.6499376000509,1.0002201038720855,1576.6499376000509,1.0061221902265076,1576.6235480006671,1.0006718925798477
1576.6513265265298,1.004296410802502,1576.6513265265298,1.0002921699265073,1576.6513265265298,1.0045898360110377,1576.624936927146,1.0179265762160483
1576.65271545301,1.0011904544720391,1576.65271545301,1.000291396924007,1576.65271545301,1.0014821982908175,1576.6263258531594,0.9936823523503832
1576.654104379024,0.9961012414692964,1576.654104379024,1.000269856311634,1576.654104379024,0.9963700456763332,1576.6277147796395,1.006248579466435
1576.6554933055031,1.0008106350889079,1576.6554933055031,1.000301745388372,1576.6554933055031,1.0011126250826796,1576.6291037061187,1.0149463117882322
1576.6568822315166,1.0005152719570871,1576.6568822315166,1.0002197327722284,1576.6568822315166,1.0007351179514512,1576.6304926321322,1.0021105157969483
1576.6582711579963,0.9998143033824272,1576.6582711579963,1.0001554351160613,1576.6582711579963,0.9999697096347132,1576.631881558612,1.0069987964730698
1576.6596600840107,1.0055944297704875,1576.6596600840107,1.000266907927574,1576.6596600840107,1.0058628308957174,1576.633270484626,0.9964283507855553
1576.6610490104897,0.9904438469974461,1576.6610490104897,1.0002725308952098,1576.6610490104897,0.9907137735457234,1576.634659411105,0.9958035389663716
1576.662437936503,1.0050461661533168,1576.662437936503,1.0001709402610526,1576.662437936503,1.0052179690073288,1576.6360483375845,0.9945510861771348
1576.6638268629831,1.0028085693803588,1576.6638268629831,1.0002357650868114,1576.6638268629831,1.003044996629774,1576.6374372635985,1.0142905638193245
1576.6652157889966,0.9942192020408728,1576.6652157889966,1.0002198042355221,1576.6652157889966,0.9944377356325188,1576.6388261900784,1.005573580970959
1576.6666047154756,0.9812003780625852,1576.6666047154756,1.0002252220384191,1576.6666047154756,0.98142136601183,1576.640215116092,1.004834373051403
1576.6679936414898,1.0113025560081257,1576.6679936414898,1.0002512853553385,1576.6679936414898,1.0115566815302668,1576.641604042571,1.0104874470114649
1576.6693825679697,1.0081844771882096,1576.6693825679697,1.0001833576844696,1576.6693825679697,1.008369335559465,1576.6429929690507,0.991075474334051
1576.670771493983,1.000982382184868,1576.670771493983,1.0000651699093368,1576.670771493983,1.0010476161159627,1576.6443818950647,0.9914992319316664
1576.6721604204622,1.0008039214883069,1576.6721604204622,0.9999952866698121,1576.6721604204622,1.0007992043689715,1576.645770821544,0.9981886976591328
1576.6735493464764,1.0003853708579458,1576.6735493464764,0.9998835356115502,1576.6735493464764,1.0002688615875146,1576.6471597475577,1.0009385708009304
1576.6749382729563,0.9964893831606975,1576.6749382729563,0.9999794877789575,1576.6749382729563,0.9964689429502036,1576.6485486740376,1.0028869947040449
1576.6763271989698,0.9929719406350762,1576.6763271989698,1.0001104856817233,1576.6763271989698,0.9930816498168694,1576.6499376000509,1.0061221902265076
1576.6777161249834,0.9999156395763293,1576.6777161249834,1.000083045108876,1576.6777161249834,0.9999986776794848,1576.6513265265298,1.0045898360110377
1576.679105051463,0.9993780940962382,1576.679105051463,1.0000795887278096,1576.679105051463,0.999457633327348,1576.65271545301,1.0014821982908175
1576.680493977477,1.0047558749986032,1576.680493977477,1.0001214647039285,1576.680493977477,1.0048779173734803,1576.654104379024,0.9963700456763332
1576.6818829039562,1.009812299468089,1576.6818829039562,0.9999896718269069,1576.6818829039562,1.0098018699518685,1576.6554933055031,1.0011126250826796
1576.6832718299695,0.9958917459034614,1576.6832718299695,1.0001094838686846,1576.6832718299695,0.996000779984594,1576.6568822315166,1.0007351179514512
1576.6846607564496,1.0048793014404591,1576.6846607564496,0.9999857084736549,1576.6846607564496,1.004864940181449,1576.6582711579963,0.9999697096347132
1576.686049682463,0.9937835313254068,1576.686049682463,1.0000732073916228,1576.686049682463,0.9938562836255728,1576.6596600840107,1.0058628308957174
1576.6874386084764,1.0061060057559232,1576.6874386084764,1.0002077899890738,1576.6874386084764,1.0063150645118664,1576.6610490104897,0.9907137735457234
1576.6888275349563,1.0114765792975147,1576.6888275349563,1.0002217213182425,1576.6888275349563,1.0117008452180478,1576.662437936503,1.0052179690073288
1576.6902164609703,1.010508571380641,1576.6902164609703,1.0001753198437104,1576.6902164609703,1.0106857335854436,1576.6638268629831,1.003044996629774
1576.6916053874495,0.9903003548530783,1576.6916053874495,1.0001831432425365,1576.6916053874495,0.9904817216711512,1576.6652157889966,0.9944377356325188
1576.6929943134633,1.0126224159724293,1576.6929943134633,1.0001597318140862,1576.6929943134633,1.012784163987917,1576.6666047154756,0.98142136601183
1576.6943832394772,0.9989084447657341,1576.6943832394772,1.0002581908582058,1576.6943832394772,0.9991663537943573,1576.6679936414898,1.0115566815302668
1576.6957721659574,1.0009397663125668,1576.6957721659574,1.000291347804497,1576.6957721659574,1.0012313879159156,1576.6693825679697,1.008369335559465
1576.6971610919709,0.9980254264262102,1576.6971610919709,1.0002702670724237,1576.6971610919709,0.9982951598364148,1576.670771493983,1.0010476161159627
1576.698550017984,0.9980039704963061,1576.698550017984,1.0002125203191516,1576.698550017984,0.9982160666186306,1576.6721604204622,1.0007992043689715
1576.699938944464,1.0049140951928692,1576.699938944464,1.0002042190020919,1576.699938944464,1.0051193177465776,1576.6735493464764,1.0002688615875146
1576.701327870478,0.999491463939782,1576.701327870478,1.0002883471953887,1576.701327870478,0.999779664500224,1576.6749382729563,0.9964689429502036
1576.7027167964916,1.0012305434153703,1576.7027167964916,1.000404054821955,1576.7027167964916,1.001635095444326,1576.6763271989698,0.9930816498168694
1576.7041057229708,1.0120820296191888,1576.7041057229708,1.0004666584312394,1576.7041057229708,1.0125543262314165,1576.6777161249834,0.9999986776794848
1576.7054946489848,1.0059891807568133,1576.7054946489848,1.0005636622399905,1576.7054946489848,1.0065562188718449,1576.679105051463,0.999457633327348
1576.7068835749992,1.0000233623143902,1576.7068835749992,1.0004627180471077,1576.7068835749992,1.0004860911716624,1576.680493977477,1.0048779173734803
1576.7082725014789,0.9950982888194811,1576.7082725014789,1.0004941328560741,1576.7082725014789,0.99558999957901,1576.6818829039562,1.0098018699518685
1576.709661427493,1.0018330354427913,1576.709661427493,1.0004916561004549,1576.709661427493,1.002325592766304,1576.6832718299695,0.996000779984594
1576.7110503535073,1.0028189209856937,1576.7110503535073,1.0005669891116142,1576.7110503535073,1.0033875083948134,1576.6846607564496,1.004864940181449
1576.7124392799865,0.9873123004096187,1576.7124392799865,1.0004629387481598,1576.7124392799865,0.9877693655300132,1576.686049682463,0.9938562836255728
1576.713828206,0.9973964960957404,1576.713828206,1.0004191684191672,1576.713828206,0.9978145732082918,1576.6874386084764,1.0063150645118664
1576.715217132014,1.0055637220918863,1576.715217132014,1.0002842426482992,1576.715217132014,1.0058495461872872,1576.6888275349563,1.0117008452180478
1576.7166060584937,0.9832190495585481,1576.7166060584937,1.0003341537558277,1576.7166060584937,0.9835475958967594,1576.6902164609703,1.0106857335854436
1576.7179949845072,0.9828226672747857,1576.7179949845072,1.000417073025115,1576.7179949845072,0.9832325760977776,1576.6916053874495,0.9904817216711512
1576.7193839105207,1.0100825007833376,1576.7193839105207,1.0005160458970117,1576.7193839105207,1.01060374971351,1576.6929943134633,1.012784163987917
1576.720772836535,1.0101741743450305,1576.720772836535,1.000547747092956,1576.720772836535,1.0107274943124074,1576.6943832394772,0.9991663537943573
1576.722161763014,0.9948148366209796,1576.722161763014,1.0005125570041902,1576.722161763014,0.995324735933362,1576.6957721659574,1.0012313879159156
1576.7235506890274,0.9963687817005231,1576.7235506890274,1.0005099642960789,1576.7235506890274,0.996876894204918,1576.6971610919709,0.9982951598364148
1576.724939615042,1.01951411274287,1576.724939615042,1.0006366074131814,1576.724939615042,1.0201631429848852,1576.698550017984,0.9982160666186306
1576.726328541056,0.9948921049207488,1576.726328541056,1.0005867415854652,1576.726328541056,0.9954758494917568,1576.699938944464,1.0051193177465776
1576.727717467535,0.9829214878830068,1576.727717467535,1.0005933741758042,1576.727717467535,0.9835047281107596,1576.701327870478,0.999779664500224
1576.7291063935486,0.9920177371296369,1576.7291063935486,1.000627760611664,1576.7291063935486,0.992640486791079,1576.7027167964916,1.001635095444326
1576.7304953195626,1.0005214297100606,1576.7304953195626,1.0005187815173526,1576.7304953195626,1.0010404817355094,1576.7041057229708,1.0125543262314165
1576.731884245577,1.011387435327423,1576.731884245577,1.0004683540858426,1576.731884245577,1.0118611227651284,1576.7054946489848,1.0065562188718449
1576.733273172056,0.9969872287413546,1576.733273172056,1.0004408329134389,1576.733273172056,0.997426733526062,1576.7068835749992,1.0004860911716624
1576.7346620980693,1.0021807922683998,1576.7346620980693,1.0005017169490025,1576.7346620980693,1.0026836033578457,1576.7082725014789,0.99558999957901
1576.7360510240835,1.0009431638643165,1576.7360510240835,1.0005381578357986,1576.7360510240835,1.0014818292711392,1576.709661427493,1.002325592766304
1576.7374399500975,1.0087653752873047,1576.7374399500975,1.0006118026234951,1576.7374399500975,1.0093825405903964,1576.7110503535073,1.0033875083948134
1576.7388288761113,1.0140815630174975,1576.7388288761113,1.0005537400756972,1576.7388288761113,1.014643100618966,1576.7124392799865,0.9877693655300132
1576.7402178025905,0.9898680439747157,1576.7402178025905,1.0006601590206132,1576.7402178025905,0.9905215142931624,1576.713828206,0.9978145732082918
1576.7416067286044,1.0047694154017042,1576.7416067286044,1.0005657253188476,1576.7416067286044,1.0053378388996006,1576.715217132014,1.0058495461872872
1576.742995654618,0.9935020773708081,1576.742995654618,1.0006552790354075,1576.742995654618,0.994153098453743,1576.7166060584937,0.9835475958967594
1576.7443845806315,1.003975259115631,1576.7443845806315,1.00063811760321,1576.7443845806315,1.00461591340166,1576.7179949845072,0.9832325760977776
1576.7457735066455,0.9948763168803706,1576.7457735066455,1.0006287701175665,1576.7457735066455,0.9955018653790996,1576.7193839105207,1.01060374971351
1576.74716243266,0.9969986092916223,1576.74716243266,1.0006595726063539,1576.74716243266,0.997656202262884,1576.720772836535,1.0107274943124074
1576.7485513591391,0.9972667981337845,1576.7485513591391,1.0005872045401107,1576.7485513591391,0.9978523977253504,1576.722161763014,0.995324735933362
1576.749940285153,0.986904740802135,1576.749940285153,1.000503614588262,1576.749940285153,0.9874017604268278,1576.7235506890274,0.996876894204918
1576.7513292111666,1.0054898835574175,1576.7513292111666,1.0006079350547477,1576.7513292111666,1.0061011561048263,1576.724939615042,1.0201631429848852
1576.7527181371806,1.003363539380165,1576.7527181371806,1.0005768498442862,1576.7527181371806,1.0039423294816188,1576.726328541056,0.9954758494917568
1576.7541070631942,0.9917889948979935,1576.7541070631942,1.0005278909203923,1576.7541070631942,0.9923125513033452,1576.727717467535,0.9835047281107596
1576.7554959892077,0.9928220008186558,1576.7554959892077,1.0005531151965188,1576.7554959892077,0.9933711457547468,1576.7291063935486,0.992640486791079
1576.756884915222,0.9948219170753967,1576.756884915222,1.0004686511208687,1576.756884915222,0.9952881414818988,1576.7304953195626,1.0010404817355094
1576.7582738412352,0.9991689093218644,1576.7582738412352,1.0004586697439581,1576.7582738412352,0.999627197869674,1576.731884245577,1.0118611227651284
1576.7596627677144,1.0007936274486275,1576.7596627677144,1.000561305611764,1576.7596627677144,1.001355378527932,1576.733273172056,0.997426733526062
1576.7610516937289,0.9940308467939502,1576.7610516937289,1.0005427914181664,1576.7610516937289,0.9945703982069826,1576.7346620980693,1.0026836033578457
1576.7624406197428,0.9949646037551383,1576.7624406197428,1.0005108659918869,1576.7624406197428,0.995472897334328,1576.7360510240835,1.0014818292711392
1576.7638295457564,1.0045105058812789,1576.7638295457564,1.0004161516370458,1576.7638295457564,1.004928534572731,1576.7374399500975,1.0093825405903964
1576.76521847177,0.9905056661131791,1576.76521847177,1.0003549647379881,1576.76521847177,0.9908572606974267,1576.7388288761113,1.014643100618966
1576.766607397784,0.9949521135924075,1576.766607397784,1.0002555183550284,1576.766607397784,0.9952063421198046,1576.7402178025905,0.9905215142931624
1576.7693852498116,1.0025053859578357,1576.7693852498116,1.0004985689423,1576.7693852498116,1.0030052040077628,1576.7416067286044,1.0053378388996006
1576.770774175825,1.0022533677287928,1576.770774175825,1.0004841900063122,1576.770774175825,1.0027386487932397,1576.742995654618,0.994153098453743
1576.7721631018394,0.9874523048485192,1576.7721631018394,1.000435257673917,1576.7721631018394,0.9878821010418316,1576.7443845806315,1.00461591340166
1576.7735520278534,0.9985378183376791,1576.7735520278534,1.0004074734365738,1576.7735520278534,0.998944695974066,1576.7457735066455,0.9955018653790996
1576.774940953867,1.0014836134531524,1576.774940953867,1.0003732625701716,1576.774940953867,1.0018574298006946,1576.74716243266,0.997656202262884
1576.7763298798804,1.0121988836068891,1576.7763298798804,1.0003883452532034,1576.7763298798804,1.0125919662386356,1576.7485513591391,0.9978523977253504
1576.7777188058944,0.990013758868149,1576.7777188058944,1.000449262510288,1576.7777188058944,0.9904585349346778,1576.749940285153,0.9874017604268278
1576.779107731908,1.011060269547274,1576.779107731908,1.0005522987163278,1576.779107731908,1.011618676836275,1576.7513292111666,1.0061011561048263
1576.7804966583872,0.9932962536229256,1576.7804966583872,1.0006179262902961,1576.7804966583872,0.9939100374920918,1576.7527181371806,1.0039423294816188
1576.7818855844012,1.0000402874931498,1576.7818855844012,1.0006125143932998,1576.7818855844012,1.000652826563119,1576.7541070631942,0.9923125513033452
1576.7832745104156,1.0098417430140534,1576.7832745104156,1.000571685963965,1576.7832745104156,1.0104190553643606,1576.7554959892077,0.9933711457547468
1576.7846634364291,0.9982381808731353,1576.7846634364291,1.0005173198872335,1576.7846634364291,0.9987545893362968,1576.756884915222,0.9952881414818988
1576.786052362443,0.9901849060747374,1576.786052362443,1.0005854150841118,1576.786052362443,0.9907645752548134,1576.7582738412352,0.999627197869674
1576.7874412884566,1.0060830919153658,1576.7874412884566,1.0004985701271032,1576.7874412884566,1.0065846948903785,1576.7596627677144,1.001355378527932
1576.7888302144706,0.9895881994715803,1576.7888302144706,1.0005452478362036,1576.7888302144706,0.9901277702960748,1576.7610516937289,0.9945703982069826
1576.7902191404842,1.002045852085632,1576.7902191404842,1.0006702683095476,1576.7902191404842,1.0027174916649986,1576.7624406197428,0.995472897334328
1576.791608066032,1.010289140749005,1576.791608066032,1.0007421090048756,1576.791608066032,1.011038885417883,1576.7638295457564,1.004928534572731
1576.7929969920465,0.9983958304929019,1576.7929969920465,1.0007251901498746,1576.7929969920465,0.9991198573148512,1576.76521847177,0.9908572606974267
1576.7943859180596,0.9886992510845957,1576.7943859180596,1.0007294129029154,1576.7943859180596,0.9894204210754396,1576.766607397784,0.9952063421198046
1576.795774844073,0.9868063815361109,1576.795774844073,1.0006747642311522,1576.795774844073,0.9874722431854442,1576.7693852498116,1.0030052040077628
1576.7971637700875,0.9846935186889446,1576.7971637700875,1.0007086073100289,1576.7971637700875,0.9853912797144256,1576.770774175825,1.0027386487932397
1576.7985526961015,1.003705755244006,1576.7985526961015,1.000781120290234,1576.7985526961015,1.0044897701748516,1576.7721631018394,0.9878821010418316
1576.799941622115,1.0098978570974944,1576.799941622115,1.0009037826345186,1576.799941622115,1.0108105852433766,1576.7735520278534,0.998944695974066
1576.8013305481286,1.0024874529008703,1576.8013305481286,1.0010320574757179,1576.8013305481286,1.00352207757095,1576.774940953867,1.0018574298006946
1576.8027194741426,0.993672249754711,1576.8027194741426,1.0011140012085111,1576.8027194741426,0.9947792018418018,1576.7763298798804,1.0125919662386356
1576.804108400157,1.0096030904900828,1576.804108400157,1.0011910749867543,1576.804108400157,1.0108056034777153,1576.7777188058944,0.9904585349346778
1576.8054973261703,0.9909181305997199,1576.8054973261703,1.0011067966118197,1576.8054973261703,0.9920148754292584,1576.779107731908,1.011618676836275
1576.8068862521836,1.0170437984229534,1576.8068862521836,1.0011154379149383,1576.8068862521836,1.0181782476368673,1576.7804966583872,0.9939100374920918
1576.808275178198,0.9913787308506832,1576.808275178198,1.0012220433252426,1576.808275178198,0.9925902386115067,1576.7818855844012,1.000652826563119
1576.809664104212,1.0025761355835114,1576.809664104212,1.0012349012931825,1576.809664104212,1.0038142181498575,1576.7832745104156,1.0104190553643606
1576.8110530302256,1.007416295892203,1576.8110530302256,1.001311349934275,1576.8110530302256,1.008737371185609,1576.7846634364291,0.9987545893362968
1576.8124419557737,0.999123436559444,1576.8124419557737,1.0012866573361683,1576.8124419557737,1.000408966058831,1576.786052362443,0.9907645752548134
1576.8138308817877,0.9878132497955519,1576.8138308817877,1.0012843087782999,1576.8138308817877,0.9890819070235852,1576.7874412884566,1.0065846948903785
1576.815219807801,0.9908267682360992,1576.815219807801,1.0011847680877881,1576.815219807801,0.9920006681716316,1576.7888302144706,0.9901277702960748
1576.8166087338143,0.9889778724444964,1576.8166087338143,1.0013339811949522,1576.8166087338143,0.9902971503285612,1576.7902191404842,1.0027174916649986
1576.8179976598285,1.0152383833955652,1576.8179976598285,1.0012455955412334,1576.8179976598285,1.0165029597992117,1576.791608066032,1.011038885417883
1576.819386585843,0.9998953021368605,1576.819386585843,1.0013314279208914,1576.819386585843,1.0012265906600937,1576.7929969920465,0.9991198573148512
1576.8207755118565,1.0011941601828633,1576.8207755118565,1.0013941088905645,1576.8207755118565,1.0025899338627555,1576.7943859180596,0.9894204210754396
1576.822164437404,0.9969539969656398,1576.822164437404,1.0014600061543235,1576.822164437404,0.998409555936787,1576.795774844073,0.9874722431854442
1576.8235533634183,1.0071571181971368,1576.8235533634183,1.001439562913436,1576.8235533634183,1.0086069842324965,1576.7971637700875,0.9853912797144256
1576.8249422894323,1.0054713174257996,1576.8249422894323,1.001412060970598,1576.8249422894323,1.0068911042301925,1576.7985526961015,1.0044897701748516
1576.826331215446,1.0088377618452542,1576.826331215446,1.0014214918608062,1576.826331215446,1.0102718165125912,1576.799941622115,1.0108105852433766
1576.8277201414594,1.000293352438253,1576.8277201414594,1.0014572492008333,1576.8277201414594,1.0017510291266924,1576.8013305481286,1.00352207757095
1576.8291090674736,1.003769387606178,1576.8291090674736,1.0013294814861409,1576.8291090674736,1.0051038804233554,1576.8027194741426,0.9947792018418018
1576.8304979930222,0.9954864527208797,1576.8304979930222,1.001264655554527,1576.8304979930222,0.9967454001927696,1576.804108400157,1.0108056034777153
1576.8318869190357,0.9980408054283849,1576.8318869190357,1.0013200247842464,1576.8318869190357,0.9993582440272396,1576.8054973261703,0.9920148754292584
1576.8332758450492,0.9847411210270789,1576.8332758450492,1.001352686022462,1576.8332758450492,0.9860731665772358,1576.8068862521836,1.0181782476368673
1576.8346647710632,1.0099462717595262,1576.8346647710632,1.0013675237805983,1576.8346647710632,1.011327397303284,1576.808275178198,0.9925902386115067
1576.8360536970767,0.9953448936872651,1576.8360536970767,1.0014246669161941,1576.8360536970767,0.9967629286275042,1576.809664104212,1.0038142181498575
1576.8374426226246,0.9923227881827985,1576.8374426226246,1.001566494370267,1576.8374426226246,0.9938772562439744,1576.8110530302256,1.008737371185609
1576.8388315486386,0.9906804408704075,1576.8388315486386,1.001594694494771,1576.8388315486386,0.9922602735155408,1576.8124419557737,1.000408966058831
1576.8402204746528,1.004275230476209,1576.8402204746528,1.001481385827326,1576.8402204746528,1.005762949569371,1576.8138308817877,0.9890819070235852
1576.841609400666,1.0023232938933535,1576.841609400666,1.0016137487935535,1576.841609400666,1.0039407918996244,1576.815219807801,0.9920006681716316
1576.8429983266797,1.0097213285525444,1576.8429983266797,1.001716813835069,1576.8429983266797,1.0114548320989676,1576.8166087338143,0.9902971503285612
1576.8443872522284,1.0020833909625413,1576.8443872522284,1.001726799066788,1576.8443872522284,1.003813787626899,1576.8179976598285,1.0165029597992117
1576.8457761782424,0.9952401871609573,1576.8457761782424,1.0017258601313497,1576.8457761782424,0.9969578325210954,1576.819386585843,1.0012265906600937
1576.847165104256,0.993380918879178,1576.847165104256,1.0017796357239845,1576.847165104256,0.99514877504994,1576.8207755118565,1.0025899338627555
1576.8485540302695,1.00872611986004,1576.8485540302695,1.001800842727172,1576.8485540302695,1.0105426769566983,1576.822164437404,0.998409555936787
1576.8499429558178,1.0009374610048547,1576.8499429558178,1.001769023770817,1576.8499429558178,1.0027081431664735,1576.8235533634183,1.0086069842324965
1576.8513318818314,0.9993689849825848,1576.8513318818314,1.0018910882044443,1576.8513318818314,1.0012588798819728,1576.8249422894323,1.0068911042301925
1576.852720807845,0.9958904320687828,1576.852720807845,1.002010018586503,1576.852720807845,0.9978921903473617,1576.826331215446,1.0102718165125912
1576.8541097333932,0.9911324991248918,1576.8541097333932,1.0020190867199188,1576.8541097333932,0.9931336815915548,1576.8277201414594,1.0017510291266924
1576.8554986594077,0.9981218205647295,1576.8554986594077,1.0020004226564425,1576.8554986594077,1.0001184860684769,1576.8291090674736,1.0051038804233554
1576.8568875854212,0.9996285182125736,1576.8568875854212,1.0019582250594412,1576.8568875854212,1.0015860158270695,1576.8304979930222,0.9967454001927696
1576.8582765114345,1.0040759568774607,1576.8582765114345,1.0020134254020243,1576.8582765114345,1.0060975889145995,1576.8318869190357,0.9993582440272396
1576.859665436983,0.9947731912893081,1576.859665436983,1.0020328981429156,1576.859665436983,0.9967954638625024,1576.8332758450492,0.9860731665772358
1576.861054362997,1.0029241685527621,1576.861054362997,1.0020987866763948,1576.861054362997,1.005029092435155,1576.8346647710632,1.011327397303284
1576.8624432890106,0.9970684232106443,1576.8624432890106,1.0020302013456912,1576.8624432890106,0.9990926728651928,1576.8360536970767,0.9967629286275042
1576.8638322145584,1.0127582904847496,1576.8638322145584,1.001944567783254,1576.8638322145584,1.0147276676286496,1576.8374426226246,0.9938772562439744
1576.8652211405724,0.9936953864496406,1576.8652211405724,1.0020609341995168,1576.8652211405724,0.9957433272554768,1576.8388315486386,0.9922602735155408
1576.8666100665869,1.0015154069252874,1576.8666100665869,1.001970534216668,1576.8666100665869,1.003488927303154,1576.8402204746528,1.005762949569371
1576.8679989921347,1.0035042062862678,1576.8679989921347,1.0020817608148838,1576.8679989921347,1.0055932620204855,1576.841609400666,1.0039407918996244
1576.8693879181485,0.9895462716253411,1576.8693879181485,1.0020148612968018,1576.8693879181485,0.9915400701094336,1576.8429983266797,1.0114548320989676
1576.8707768441625,0.9965297864335291,1576.8707768441625,1.002139418693369,1576.8707768441625,0.998661780887124,1576.8443872522284,1.003813787626899
1576.87216576971,0.9873478468936554,1576.87216576971,1.0022022872890486,1576.87216576971,0.9895222705067388,1576.8457761782424,0.9969578325210954
1576.8735546957237,0.9949404223909456,1576.8735546957237,1.0022850094665658,1576.8735546957237,0.997213870674778,1576.847165104256,0.99514877504994
1576.874943621272,1.00341261095129,1576.874943621272,1.0024219048561873,1576.874943621272,1.0058427808265125,1576.8485540302695,1.0105426769566983
1576.8763325472862,0.9999637957568525,1576.8763325472862,1.0024586306813927,1576.8763325472862,1.0024223374253822,1576.8499429558178,1.0027081431664735
1576.8777214732995,0.999566241521357,1576.8777214732995,1.0024773262094135,1576.8777214732995,1.0020424931695229,1576.8513318818314,1.0012588798819728
1576.8791103988474,1.0023548114310628,1576.8791103988474,1.0025697015872286,1576.8791103988474,1.0049305641809634,1576.852720807845,0.9978921903473617
1576.8804993248618,0.9948445752858606,1576.8804993248618,1.0026811009937273,1576.8804993248618,0.9975118540652638,1576.8541097333932,0.9931336815915548
1576.8818882508758,0.9924987619131067,1576.8818882508758,1.0027215992293985,1576.8818882508758,0.9951999457787084,1576.8554986594077,1.0001184860684769
1576.8832771764237,1.0131804862658411,1576.8832771764237,1.0028076483819002,1576.8832771764237,1.0160251408186782,1576.8568875854212,1.0015860158270695
1576.8846661024372,0.9871076886941439,1576.8846661024372,1.002751357740695,1576.8846661024372,0.989823575074332,1576.8582765114345,1.0060975889145995
1576.8860550279855,1.001218887266987,1576.8860550279855,1.0028318035279908,1576.8860550279855,1.0040541424442406,1576.859665436983,0.9967954638625024
1576.887443953999,0.9923962556407773,1576.887443953999,1.0029618258363202,1576.887443953999,0.9953355605106016,1576.861054362997,1.005029092435155
1576.888832879547,0.9953795851465828,1576.888832879547,1.0028739310145447,1576.888832879547,0.9982402374075802,1576.8624432890106,0.9990926728651928
1576.890221805561,0.9942007356911093,1576.890221805561,1.0030118429567014,1576.890221805561,0.997195112174448,1576.8638322145584,1.0147276676286496
1576.8916107315754,1.0071731135958475,1576.8916107315754,1.0030570319266616,1576.8916107315754,1.0102520739597851,1576.8652211405724,0.9957433272554768
1576.8929996571233,1.0017535561161275,1576.8929996571233,1.003041410833714,1576.8929996571233,1.0048003002344106,1576.8666100665869,1.003488927303154
1576.8943885831366,0.9935722400681608,1576.8943885831366,1.003004827930605,1576.8943885831366,0.9965577536861914,1576.8679989921347,1.0055932620204855
1576.8957775086851,0.9925316464444474,1576.8957775086851,1.0030406541600614,1576.8957775086851,0.9955495919242012,1576.8693879181485,0.9915400701094336
1576.897166434699,0.996961023723027,1576.897166434699,1.0030519720961975,1576.897166434699,1.000003720948426,1576.8707768441625,0.998661780887124
1576.898555360247,0.9989334146835229,1576.898555360247,1.0031432441672394,1576.898555360247,1.0020733063126874,1576.87216576971,0.9895222705067388
1576.8999442862605,1.0034101566411735,1576.8999442862605,1.0032000968625403,1576.8999442862605,1.006621166335282,1576.8735546957237,0.997213870674778
1576.9013332118088,1.0085198288954325,1576.9013332118088,1.0031213953074445,1576.9013332118088,1.0116678179568113,1576.874943621272,1.0058427808265125
1576.9027221378233,1.0120200025913006,1576.9027221378233,1.0032353444024888,1576.9027221378233,1.0152942358418913,1576.8763325472862,1.0024223374253822
1576.9041110633711,1.007623075152164,1576.9041110633711,1.0031379424524107,1576.9041110633711,1.0107849383757126,1576.8777214732995,1.0020424931695229
1576.9054999893845,0.9970083663886151,1576.9054999893845,1.0032769409598328,1576.9054999893845,1.00027550394173,1576.8791103988474,1.0049305641809634
1576.906888914933,0.9920082495718304,1576.906888914933,1.0032311726604801,1576.906888914933,0.9952135995068176,1576.8804993248618,0.9975118540652638
1576.9082778409463,0.9969540867214138,1576.9082778409463,1.0031558683809378,1576.9082778409463,1.0001003426009447,1576.8818882508758,0.9951999457787084
1576.9096667664944,0.9972182045034246,1576.9096667664944,1.0032648526745904,1576.9096667664944,1.0004739750255478,1576.8832771764237,1.0160251408186782
1576.9110556925084,0.9925892761982255,1576.9110556925084,1.0033849877438838,1576.9110556925084,0.995949178732867,1576.8846661024372,0.989823575074332
1576.912444618057,1.0109620276881597,1576.912444618057,1.0034001246755213,1576.912444618057,1.0143994246245172,1576.8860550279855,1.0040541424442406
1576.9138335440705,1.006395315596221,1576.9138335440705,1.0034590362058136,1576.9138335440705,1.0098764734302297,1576.887443953999,0.9953355605106016
1576.915222469618,1.0013465357832412,1576.915222469618,1.0033803904643852,1576.915222469618,1.004731478064348,1576.888832879547,0.9982402374075802
1576.9166113956326,1.003696687733811,1576.9166113956326,1.0033129868944375,1576.9166113956326,1.0070219217062633,1576.890221805561,0.997195112174448
1576.918000321181,1.0115678761892444,1576.918000321181,1.003289458830853,1576.918000321181,1.0148953870725823,1576.8916107315754,1.0102520739597851
1576.9193892471944,0.9912063264510098,1576.9193892471944,1.0034068229268227,1576.9193892471944,0.9945831908891748,1576.8929996571233,1.0048003002344106
1576.9207781727423,1.0168434214579738,1576.9207781727423,1.0035080614636926,1576.9207781727423,1.0204105706794,1576.8943885831366,0.9965577536861914
1576.9221670982906,1.0041081556153892,1576.9221670982906,1.0035113600145045,1576.9221670982906,1.0076339408432549,1576.8957775086851,0.9955495919242012
1576.9235560243042,1.0108411827416988,1576.9235560243042,1.003440009791854,1576.9235560243042,1.0143184863083397,1576.897166434699,1.000003720948426
1576.924944949852,1.0044319978755452,1576.924944949852,1.0033218512096223,1576.924944949852,1.0077685715226714,1576.898555360247,1.0020733063126874
1576.926333875866,1.006606377233213,1576.926333875866,1.003360874517061,1576.926333875866,1.0099894549551671,1576.8999442862605,1.006621166335282
1576.9277228014148,1.0159450919996715,1576.9277228014148,1.0033752679542693,1576.9277228014148,1.0193741789119952,1576.9013332118088,1.0116678179568113
1576.9291117269624,0.9917732622326361,1576.9291117269624,1.0032535020920772,1576.9291117269624,0.9949999986161762,1576.9027221378233,1.0152942358418913
1576.9305006529758,1.011417182009631,1576.9305006529758,1.0032532921215318,1576.9305006529758,1.0147076175594447,1576.9041110633711,1.0107849383757126
1576.9318895785243,1.0050610325802811,1576.9318895785243,1.0031927550417883,1576.9318895785243,1.0082699462593567,1576.9054999893845,1.00027550394173
1576.9332785045383,1.0032673699658736,1576.9332785045383,1.0031917621170956,1576.9332785045383,1.0064695607506489,1576.906888914933,0.9952135995068176
1576.9346674300864,1.0000382035807156,1576.9346674300864,1.0031358916375661,1576.9346674300864,1.003174215020571,1576.9082778409463,1.0001003426009447
1576.9360563556345,1.000151145559375,1576.9360563556345,1.0031515654937437,1576.9360563556345,1.0033031873982483,1576.9096667664944,1.0004739750255478
1576.9374452816485,1.0140144921867664,1576.9374452816485,1.0031372732641266,1576.9374452816485,1.017195732742541,1576.9110556925084,0.995949178732867
1576.938834207197,0.9953808249548448,1576.938834207197,1.0031805131394742,1576.938834207197,0.9985466467473944,1576.912444618057,1.0143994246245172
1576.940223132745,1.0108455277843187,1576.940223132745,1.003301476038741,1576.940223132745,1.0141828100731671,1576.9138335440705,1.0098764734302297
1576.9416120587582,0.9971788497517564,1576.9416120587582,1.0033727860439616,1576.9416120587582,1.0005421206595329,1576.915222469618,1.004731478064348
1576.9430009843068,1.0052800289615154,1576.9430009843068,1.0033549380378464,1576.9430009843068,1.0086526811693657,1576.9166113956326,1.0070219217062633
1576.9443899103203,1.004494199985692,1576.9443899103203,1.0033727487838986,1576.9443899103203,1.0078821065771268,1576.918000321181,1.0148953870725823
1576.9457788358682,1.0016254848146855,1576.9457788358682,1.0034161981098502,1576.9457788358682,1.0050472359026872,1576.9193892471944,0.9945831908891748
1576.9471677614165,0.9914175316519611,1576.9471677614165,1.0034983412802705,1576.9471677614165,0.994885848528923,1576.9207781727423,1.0204105706794
1576.9485566869648,0.9984177484539676,1576.9485566869648,1.0034994026714916,1576.9485566869648,1.001911614190172,1576.9221670982906,1.0076339408432549
1576.9499456129784,0.9974385740383022,1576.9499456129784,1.0034213641730925,1576.9499456129784,1.0008511746403772,1576.9235560243042,1.0143184863083397
1576.9513345385262,1.002492422453824,1576.9513345385262,1.0033498201223299,1576.9513345385262,1.0058505917430431,1576.924944949852,1.0077685715226714
1576.952723464075,0.9922455370608791,1576.952723464075,1.0033379341765574,1576.952723464075,0.9955575873505712,1576.926333875866,1.0099894549551671
1576.954112390089,0.9964801123832049,1576.954112390089,1.003389839148287,1576.954112390089,0.9998580196786508,1576.9277228014148,1.0193741789119952
1576.9555013156369,1.002659105636511,1576.9555013156369,1.0033745874647058,1576.9555013156369,1.0060426664857651,1576.9291117269624,0.9949999986161762
1576.9568902411847,0.9967510900649469,1576.9568902411847,1.0033696100975258,1576.9568902411847,1.0001097526027496,1576.9305006529758,1.0147076175594447
1576.9582791671987,1.0006051626615633,1576.9582791671987,1.0033584441580827,1576.9582791671987,1.0039656392246514,1576.9318895785243,1.0082699462593567
1576.959668092748,1.0080944723975818,1576.959668092748,1.0032655352691817,1576.959668092748,1.011386440451863,1576.9332785045383,1.0064695607506489
1576.9610570182963,1.0061611252671796,1576.9610570182963,1.0032980860739704,1576.9610570182963,1.0094795312625937,1576.9346674300864,1.003174215020571
1576.9624459438442,0.9978489229792997,1576.9624459438442,1.003306178333487,1576.9624459438442,1.001147989468547,1576.9360563556345,1.0033031873982483
1576.9638348698586,0.9872365755002495,1576.9638348698586,1.0033239814994321,1576.9638348698586,0.990518131612775,1576.9374452816485,1.017195732742541
1576.9652237954062,1.0064371237674477,1576.9652237954062,1.0033465864734799,1576.9652237954062,1.0098052526322558,1576.938834207197,0.9985466467473944
1576.966612720954,1.0031383887718979,1576.966612720954,1.003298739574073,1576.966612720954,1.0064474810732114,1576.940223132745,1.0141828100731671
1576.968001646503,1.0109626507587075,1576.968001646503,1.0032063508479834,1576.968001646503,1.0142041517112472,1576.9416120587582,1.0005421206595329
1576.9693905725169,1.0073671835508409,1576.9693905725169,1.0031254065192605,1576.9693905725169,1.0105156155135997,1576.9430009843068,1.0086526811693657
1576.9707794980643,0.9997252861864054,1576.9707794980643,1.003217883963328,1576.9707794980643,1.002942286152558,1576.9443899103203,1.0078821065771268
1576.9721684236124,0.9962267527874947,1576.9721684236124,1.0033074467716854,1576.9721684236124,0.9995217197448684,1576.9457788358682,1.0050472359026872
1576.9735573491607,1.0021801383026234,1576.9735573491607,1.003272342930759,1576.9735573491607,1.0054596153935451,1576.9471677614165,0.994885848528923
1576.9749462747095,1.012620289326953,1576.9749462747095,1.0033449246305373,1576.9749462747095,1.0160074278741045,1576.9485566869648,1.001911614190172
1576.976335200723,1.0077702089899243,1576.976335200723,1.003356560826265,1576.976335200723,1.0111528509952967,1576.9499456129784,1.0008511746403772
1576.9777241262707,0.9912998249323638,1576.9777241262707,1.0033409084638651,1576.9777241262707,0.9946116669077084,1576.9513345385262,1.0058505917430431
1576.9791130518192,0.9955063549019891,1576.9791130518192,1.003363167136893,1576.9791130518192,0.9988544091593636,1576.952723464075,0.9955575873505712
1576.980501977367,1.0029255719007293,1576.980501977367,1.0033398061395704,1576.980501977367,1.0062751488832955,1576.954112390089,0.9998580196786508
1576.981890902915,1.0003587484774548,1576.981890902915,1.0033454701881535,1576.981890902915,1.0037054188479446,1576.9555013156369,1.0060426664857651
1576.983279828929,1.0015335515592987,1576.983279828929,1.0033514039128797,1576.983279828929,1.0048900950228747,1576.9568902411847,1.0001097526027496
1576.9846687544773,1.006148424963539,1576.9846687544773,1.003378785241911,1576.9846687544773,1.0095479844129778,1576.9582791671987,1.0039656392246514
1576.9860576800252,0.9976687504184886,1576.9860576800252,1.0034239342203939,1576.9860576800252,1.001084702593664,1576.959668092748,1.011386440451863
1576.987446605573,0.9983407052834569,1576.987446605573,1.0033849428079487,1576.987446605573,1.0017200314736885,1576.9610570182963,1.0094795312625937
1576.9888355311218,1.0040627088833365,1576.9888355311218,1.003279850554096,1576.9888355311218,1.0073558845154147,1576.9624459438442,1.001147989468547
1576.99022445667,0.9899169653079941,1576.99022445667,1.0032786197585402,1576.99022445667,0.993162526629767,1576.9638348698586,0.990518131612775
1576.9916133826837,1.0046765271140203,1576.9916133826837,1.003323560363333,1576.9916133826837,1.0080156301975076,1576.9652237954062,1.0098052526322558
1576.9930023082316,0.9928423109149883,1576.9930023082316,1.0032401506798216,1576.9930023082316,0.9960592696036552,1576.966612720954,1.0064474810732114
1576.99439123378,1.0120250121842937,1576.99439123378,1.0033840719457556,1576.99439123378,1.0154497776364295,1576.968001646503,1.0142041517112472
1576.9957801593284,1.0014711725217715,1576.9957801593284,1.0034216380944103,1576.9957801593284,1.0048978444361258,1576.9693905725169,1.0105156155135997
1576.997169084876,1.0037286454737924,1576.997169084876,1.0034240577898739,1576.997169084876,1.0071654703612465,1576.9707794980643,1.002942286152558
1576.998558010424,1.0086697971075873,1576.998558010424,1.003449805423302,1576.998558010424,1.01214951164397,1576.9721684236124,0.9995217197448684
1576.9999469359727,1.008361159564926,1576.9999469359727,1.0034220864621517,1576.9999469359727,1.0118118586380327,1576.9735573491607,1.0054596153935451
1577.0013358615204,1.0027499763911523,1577.0013358615204,1.0034421487417637,1577.0013358615204,1.0062015909606907,1576.9749462747095,1.0160074278741045
1577.002724787068,1.00198902400453,1577.002724787068,1.0034899731523816,1577.002724787068,1.0054859387972868,1576.976335200723,1.0111528509952967
1577.0041137130825,1.0047952025429625,1577.0041137130825,1.0034015420992826,1577.0041137130825,1.0082130557255695,1576.9777241262707,0.9946116669077084
1577.0055026386308,0.9973814270332209,1577.0055026386308,1.003425948890263,1577.0055026386308,1.0007984048263343,1576.9791130518192,0.9988544091593636
1577.0068915641789,1.0072854025407072,1577.0068915641789,1.00344400077949,1577.0068915641789,1.0107544942522264,1576.980501977367,1.0062751488832955
1577.0082804897263,0.989519379697198,1577.0082804897263,1.0033390749276763,1577.0082804897263,0.9928234590483948,1576.981890902915,1.0037054188479446
1577.0096694152749,1.0015079572906507,1577.0096694152749,1.0033918452648525,1577.0096694152749,1.0049049173132991,1576.983279828929,1.0048900950228747
1577.0110583408236,1.0103133344529027,1577.0110583408236,1.003363182841517,1577.0110583408236,1.0137112029238906,1576.9846687544773,1.0095479844129778
1577.0124472663715,0.9902902787700754,1577.0124472663715,1.00348489256089,1577.0124472663715,0.9937413339956828,1576.9860576800252,1.001084702593664
1577.0138361919192,1.0079722227984491,1577.0138361919192,1.0035051595800932,1577.0138361919192,1.011505326291659,1576.987446605573,1.0017200314736885
1577.0152251174677,0.9976265285503257,1577.0152251174677,1.003604989756525,1577.0152251174677,1.001222961966587,1576.9888355311218,1.0073558845154147
1577.0166140430156,0.9979740103603935,1577.0166140430156,1.0035006424151038,1577.0166140430156,1.0014675605102323,1576.99022445667,0.993162526629767
1577.0180029685637,0.9954860843273426,1577.0180029685637,1.003463914915548,1577.0180029685637,0.9989343634230646,1576.9916133826837,1.0080156301975076
1577.0193918941118,1.0024620184237272,1577.0193918941118,1.0035802593468928,1577.0193918941118,1.0060510924350936,1576.9930023082316,0.9960592696036552
1577.02078081966,0.9926256022048174,1577.02078081966,1.0035703953012625,1577.02078081966,0.9961696679908424,1576.99439123378,1.0154497776364295
1577.022169745208,1.0062833618652163,1577.022169745208,1.0035868111981723,1577.022169745208,1.0098927102960888,1576.9957801593284,1.0048978444361258
1577.0235586707558,1.0087559476637153,1577.0235586707558,1.0035228114646824,1577.0235586707558,1.0123096046812117,1576.997169084876,1.0071654703612465
1577.0249475963044,0.9960138244987689,1577.0249475963044,1.0034199859955892,1577.0249475963044,0.999420177829968,1576.998558010424,1.01214951164397
1577.026336521853,1.004038176915573,1577.026336521853,1.0033392798664391,1577.026336521853,1.0073909413848834,1576.9999469359727,1.0118118586380327
1577.0277254474008,0.9964981277899323,1577.0277254474008,1.0032148701191521,1577.0277254474008,0.9997017398447552,1577.0013358615204,1.0062015909606907
1577.0291143729487,1.011558718337436,1577.0291143729487,1.0030701751267932,1577.0291143729487,1.0146643807537663,1577.002724787068,1.0054859387972868
1577.030503298497,0.9874352104821681,1577.030503298497,1.0030401820621362,1577.030503298497,0.9904371932965976,1577.0041137130825,1.0082130557255695
1577.0318922240456,0.9985087048287034,1577.0318922240456,1.0031882202366935,1577.0318922240456,1.001692170487953,1577.0055026386308,1.0007984048263343
1577.0332811495932,1.0089850326588004,1577.0332811495932,1.0032774723847022,1577.0332811495932,1.0122919532399175,1577.0068915641789,1.0107544942522264
1577.034670075141,1.0060574542036058,1577.034670075141,1.003389307332366,1577.034670075141,1.0094672921099197,1577.0082804897263,0.9928234590483948
1577.03605900069,1.0080218366236553,1577.03605900069,1.0033773652809965,1577.03605900069,1.0114262945771544,1577.0096694152749,1.0049049173132991
1577.0374479262375,0.9971990616155673,1577.0374479262375,1.0032191671452058,1577.0374479262375,1.00040921207195,1577.0110583408236,1.0137112029238906
1577.0388368517852,0.9880862016092117,1577.0388368517852,1.0032132329358452,1577.0388368517852,0.9912611527356766,1577.0124472663715,0.9937413339956828
1577.040225777334,0.9976540460210381,1577.040225777334,1.003113407676406,1577.040225777334,1.0007601497863177,1577.0138361919192,1.011505326291659
1577.0416147028825,0.9944216242250685,1577.0416147028825,1.0029871463794826,1577.0416147028825,0.9973921071795516,1577.0152251174677,1.001222961966587
1577.04300362843,1.005142689324156,1577.04300362843,1.0028298503105575,1577.04300362843,1.0079870926756944,1577.0166140430156,1.0014675605102323
1577.044392553978,1.0194317348989923,1577.044392553978,1.0028950515908792,1577.044392553978,1.0223830423649043,1577.0180029685637,0.9989343634230646
1577.045781479061,0.9948712981990468,1577.045781479061,1.0028202795517753,1577.045781479061,0.9976771133780058,1577.0193918941118,1.0060510924350936
1577.0471704046097,0.9860499938227454,1577.0471704046097,1.002849825960462,1577.0471704046097,0.9888600646934548,1577.02078081966,0.9961696679908424
1577.048559330157,0.9920611259459313,1577.048559330157,1.0027154008288275,1577.048559330157,0.9947549695495724,1577.022169745208,1.0098927102960888
1577.0499482557047,1.0056875498122093,1577.0499482557047,1.0026039348761755,1577.0499482557047,1.0083062946977008,1577.0235586707558,1.0123096046812117
1577.0513371812535,0.9965639383947776,1577.0513371812535,1.0024640737800767,1577.0513371812535,0.9990195454655462,1577.0249475963044,0.999420177829968
1577.0527261068014,0.989385820760249,1577.0527261068014,1.002377774043048,1577.0527261068014,0.9917383566834124,1577.026336521853,1.0073909413848834
1577.0541150323493,0.9881477024756425,1577.0541150323493,1.0024178446516412,1577.0541150323493,0.9905368901131048,1577.0277254474008,0.9997017398447552
1577.0555039578976,1.0015614203374348,1577.0555039578976,1.0023390633463674,1577.0555039578976,1.0039041359448817,1577.0291143729487,1.0146643807537663
1577.056892883446,0.9885970511952588,1577.056892883446,1.0022175970266667,1577.056892883446,0.9907893610765608,1577.030503298497,0.9904371932965976
1577.058281808528,0.994252018853118,1577.058281808528,1.002145365141868,1577.058281808528,0.9963850524765973,1577.0318922240456,1.001692170487953
1577.059670734076,1.0094872777046313,1577.059670734076,1.0020687812369788,1577.059670734076,1.0115756860437155,1577.0332811495932,1.0122919532399175
1577.0610596596246,0.9965270859801221,1577.0610596596246,1.0020827002876114,1577.0610596596246,0.9986025532287054,1577.034670075141,1.0094672921099197
1577.0624485851731,0.9985725716330335,1577.0624485851731,1.0020566827838522,1577.0624485851731,1.000626318649538,1577.03605900069,1.0114262945771544
1577.063837510721,1.0082624948587338,1577.063837510721,1.002131080047877,1577.063837510721,1.01041118294455,1577.0374479262375,1.00040921207195
1577.0652264362689,1.0024261389386848,1577.0652264362689,1.0020861848345233,1577.0652264362689,1.0045173851474685,1577.0388368517852,0.9912611527356766
1577.0666153613515,1.0184700166495642,1577.0666153613515,1.0021176254803479,1577.0666153613515,1.0206267547077916,1577.040225777334,1.0007601497863177
1577.0680042868998,1.0011441996661248,1577.0680042868998,1.0020374016783298,1577.0680042868998,1.0031839325387746,1577.0416147028825,0.9973921071795516
1577.0693932124475,1.0048379933609612,1577.0693932124475,1.0019365416768162,1577.0693932124475,1.006783904013553,1577.04300362843,1.0079870926756944
1577.0707821379956,1.0062958032524942,1577.0707821379956,1.0019648478752077,1577.0707821379956,1.0082730214233453,1577.044392553978,1.0223830423649043
1577.0721710635444,1.006759712365941,1577.0721710635444,1.001984784343838,1577.0721710635444,1.008757913281052,1577.045781479061,0.9976771133780058
1577.0735599886264,0.9942727914180647,1577.0735599886264,1.0020451885787267,1577.0735599886264,0.9963062667752116,1577.0471704046097,0.9888600646934548
1577.074948914174,1.0003577105852786,1577.074948914174,1.002089341818244,1577.074948914174,1.002447799783207,1577.048559330157,0.9947549695495724
1577.0763378397228,0.9984186422301415,1577.0763378397228,1.0019640310967945,1577.0763378397228,1.000379567491101,1577.0499482557047,1.0083062946977008
1577.077726765271,1.014913185545369,1577.077726765271,1.0020712688607716,1577.077726765271,1.0170153436229756,1577.0513371812535,0.9990195454655462
1577.079115690819,0.9904754242803439,1577.079115690819,1.002055110660639,1577.079115690819,0.9925109608838834,1577.0527261068014,0.9917383566834124
1577.0805046159012,0.9939388586800335,1577.0805046159012,1.0020488774827057,1577.0805046159012,0.9959753176267692,1577.0541150323493,0.9905368901131048
1577.0818935414495,0.9901861379887914,1577.0818935414495,1.0020191012159896,1577.0818935414495,0.9921854240240606,1577.0555039578976,1.0039041359448817
1577.0832824669983,0.9990653071012631,1577.0832824669983,1.0019203250277449,1577.0832824669983,1.0009838372148412,1577.056892883446,0.9907893610765608
1577.084671392546,0.9998916611961306,1577.084671392546,1.001830536700667,1577.084671392546,1.001721999578641,1577.058281808528,0.9963850524765973
1577.086060317628,0.9849727414494251,1577.086060317628,1.0017820920081695,1577.086060317628,0.986728053500227,1577.059670734076,1.0115756860437155
1577.0874492431767,0.9839799546900287,1577.0874492431767,1.0017550762573415,1577.0874492431767,0.9857069145462052,1577.0610596596246,0.9986025532287054
1577.088838168725,1.0067506671834108,1577.088838168725,1.001861586052346,1577.088838168725,1.0086248201836296,1577.0624485851731,1.000626318649538
1577.090227094273,0.9958477069617433,1577.090227094273,1.0017690986244177,1577.090227094273,0.9976094597702588,1577.063837510721,1.01041118294455
1577.0916160193551,0.9979424389923958,1577.0916160193551,1.0017542999724105,1577.0916160193551,0.9996931293855874,1577.0652264362689,1.0045173851474685
1577.0930049449034,0.9890084580415549,1577.0930049449034,1.0017196660429308,1577.0930049449034,0.9907092223030204,1577.0666153613515,1.0206267547077916
1577.0943938704513,1.0057583544625224,1577.0943938704513,1.0017285420125137,1577.0943938704513,1.0074968500326476,1577.0680042868998,1.0031839325387746
1577.0957827955335,1.0054888660711865,1577.0957827955335,1.0016725287758301,1577.0957827955335,1.0071705751334674,1577.0693932124475,1.006783904013553
1577.097171721082,1.0047664462689736,1577.097171721082,1.0016619197560988,1577.097171721082,1.006436287476293,1577.0707821379956,1.0082730214233453
1577.0985606466306,1.0094485615571895,1577.0985606466306,1.0016668296379094,1577.0985606466306,1.011131140337538,1577.0721710635444,1.008757913281052
1577.0999495717128,1.0009248552608496,1577.0999495717128,1.001628515591225,1577.0999495717128,1.0025548769932866,1577.0735599886264,0.9963062667752116
1577.1013384972607,0.9936580706727893,1577.1013384972607,1.0015022612198705,1577.1013384972607,0.9951508046581724,1577.074948914174,1.002447799783207
1577.102727422809,0.9833873934398712,1577.102727422809,1.001639344161999,1577.102727422809,0.9849995038222904,1577.0763378397228,1.000379567491101
1577.1041163478917,0.9954508858758566,1577.1041163478917,1.0015977981686628,1577.1041163478917,0.9970414154783028,1577.077726765271,1.0170153436229756
1577.1055052734396,1.0006381854745945,1577.1055052734396,1.0015723152789637,1577.1055052734396,1.0022115041823307,1577.079115690819,0.9925109608838834
1577.1068941989874,1.0052700114837043,1577.1068941989874,1.001519232369525,1577.1068941989874,1.0067972502252631,1577.0805046159012,0.9959753176267692
1577.1082831240706,0.9807439824536858,1577.1082831240706,1.0014033920751542,1577.1082831240706,0.9821203507864164,1577.0818935414495,0.9921854240240606
1577.1096720496182,1.0106187077049325,1577.1096720496182,1.0013476669545944,1577.1096720496182,1.0119806851410014,1577.0832824669983,1.0009838372148412
1577.111060975166,0.9920105930502252,1577.111060975166,1.001355886607908,1577.111060975166,0.9933556469282449,1577.084671392546,1.001721999578641
1577.112449900249,0.9975836868350046,1577.112449900249,1.0013960566381768,1577.112449900249,0.9989763701631476,1577.086060317628,0.986728053500227
1577.1138388257973,0.9941828458013756,1577.1138388257973,1.001330820381559,1577.1138388257973,0.9955059245955644,1577.0874492431767,0.9857069145462052
1577.1152277513452,1.0077811642177068,1577.1152277513452,1.0014368071604782,1577.1152277513452,1.00922915141065,1577.088838168725,1.0086248201836296
1577.1166166764274,0.9936275659876003,1577.1166166764274,1.0014188063693616,1577.1166166764274,0.9950373311069968,1577.090227094273,0.9976094597702588
1577.1180056019757,1.0128026485416173,1577.1180056019757,1.0014688639161142,1577.1180056019757,1.014290317806205,1577.0916160193551,0.9996931293855874
1577.1193945270588,1.0021812409275566,1577.1193945270588,1.0013896527408064,1577.1193945270588,1.0035739248357962,1577.0930049449034,0.9907092223030204
1577.1207834526065,0.986923874070536,1577.1207834526065,1.001388703824968,1577.1207834526065,0.98829441902941,1577.0943938704513,1.0074968500326476
1577.122172378154,0.9989826010805977,1577.122172378154,1.0012738412802704,1577.122172378154,1.000255146356126,1577.0957827955335,1.0071705751334674
1577.1235613032372,1.0012658847117235,1577.1235613032372,1.0011986027493995,1577.1235613032372,1.002466004754019,1577.097171721082,1.006436287476293
1577.1249502287856,1.0038679265547243,1577.1249502287856,1.0010495983779548,1577.1249502287856,1.0049215847021171,1577.0985606466306,1.011131140337538
1577.1263391538678,1.0065944691162076,1577.1263391538678,1.0010704218898512,1577.1263391538678,1.0076719498701527,1577.0999495717128,1.0025548769932866
1577.1277280794156,0.9901154468939971,1577.1277280794156,1.0010218522511838,1577.1277280794156,0.9911271985923376,1577.1013384972607,0.9951508046581724
1577.1291170044983,0.999223709450507,1577.1291170044983,1.001031376507538,1577.1291170044983,1.0002542853102092,1577.102727422809,0.9849995038222904
1577.1305059300462,0.9824609384854176,1577.1305059300462,1.0010057694086787,1577.1305059300462,0.983449067642568,1577.1041163478917,0.9970414154783028
1577.1318948551284,0.9976846704856985,1577.1318948551284,1.0009653843397721,1577.1318948551284,0.9986478196426162,1577.1055052734396,1.0022115041823307
1577.133283780677,0.9998540968009714,1577.133283780677,1.0010375138642473,1577.133283780677,1.0008914592886269,1577.1068941989874,1.0067972502252631
1577.1346727062255,1.0000910816003852,1577.1346727062255,1.000915981928389,1577.1346727062255,1.001007146957874,1577.1082831240706,0.9821203507864164
1577.1360616313077,1.0098203040814089,1577.1360616313077,1.0009026313462883,1577.1360616313077,1.010731799541991,1577.1096720496182,1.0119806851410014
1577.1374505568556,0.9998546761187387,1577.1374505568556,1.0008974856607489,1577.1374505568556,1.000752031353388,1577.111060975166,0.9933556469282449
1577.1388394819382,1.0062949093898894,1577.1388394819382,1.000760663558056,1577.1388394819382,1.0070603612561195,1577.112449900249,0.9989763701631476
1577.1402284074866,0.9823590387583331,1577.1402284074866,1.0007360229664715,1577.1402284074866,0.98308207757218,1577.1138388257973,0.9955059245955644
1577.1416173325688,1.0003175637339605,1577.1416173325688,1.0006594832019975,1577.1416173325688,1.000977256363906,1577.1152277513452,1.00922915141065
1577.1430062581169,1.0098356206815378,1577.1430062581169,1.0007396356250016,1577.1430062581169,1.0105825310819894,1577.1166166764274,0.9950373311069968
1577.1443951831995,0.9917078960438724,1577.1443951831995,1.0006060520122548,1577.1443951831995,0.9923089226098388,1577.1180056019757,1.014290317806205
1577.1457841087472,1.0011583764165726,1577.1457841087472,1.000688968304241,1577.1457841087472,1.001848142805449,1577.1193945270588,1.0035739248357962
1577.1471730338294,0.9905676593989435,1577.1471730338294,1.000617332353825,1577.1471730338294,0.9911791688637432,1577.1207834526065,0.98829441902941
1577.1485619593782,0.9934130601877781,1577.1485619593782,1.0005746896930159,1577.1485619593782,0.9939839644343754,1577.122172378154,1.000255146356126
1577.1499508844608,0.9778710757689275,1577.1499508844608,1.0005672015553868,1577.1499508844608,0.9784257257640714,1577.1235613032372,1.002466004754019
1577.151339809543,0.9998929604754866,1577.151339809543,1.000499453159035,1577.151339809543,1.000392360173293,1577.1249502287856,1.0049215847021171
1577.152728735091,0.9915185077204917,1577.152728735091,1.0004664354704549,1577.152728735091,0.991980987122105,1577.1263391538678,1.0076719498701527
1577.1541176601736,0.983242971261631,1577.1541176601736,1.000460440141498,1577.1541176601736,0.9836956957944456,1577.1277280794156,0.9911271985923376
1577.1555065857224,1.012512594672979,1577.1555065857224,1.0005037147520828,1577.1555065857224,1.0130226122035852,1577.1291170044983,1.0002542853102092
1577.1568955108044,1.0080339845053605,1577.1568955108044,1.0005428074430458,1577.1568955108044,1.008581152854993,1577.1305059300462,0.983449067642568
1577.158284436352,1.012160692345151,1577.158284436352,1.0005307892794015,1577.158284436352,1.0126979363896793,1577.1318948551284,0.9986478196426162
1577.1596733614351,0.9926973060850016,1577.1596733614351,1.000483945964116,1577.1596733614351,0.9931777179398702,1577.133283780677,1.0008914592886269
1577.1610622869837,0.9844848727473304,1577.1610622869837,1.0003517541079765,1577.1610622869837,0.98483116934556,1577.1346727062255,1.001007146957874
1577.1624512120657,1.0085909395109398,1577.1624512120657,1.0004227016961995,1577.1624512120657,1.0090172726118425,1577.1360616313077,1.010731799541991
1577.163840137148,1.0004859763499268,1577.163840137148,1.0005387447418774,1577.163840137148,1.0010249829090074,1577.1374505568556,1.000752031353388
1577.1652290626962,0.9870893027844154,1577.1652290626962,1.0006035337910688,1577.1652290626962,0.9876850445334484,1577.1388394819382,1.0070603612561195
1577.1666179877784,0.9867091992068636,1577.1666179877784,1.0005999775394983,1577.1666179877784,0.987301202564404,1577.1402284074866,0.98308207757218
1577.1680069133265,1.0010423542263345,1577.1680069133265,1.0005661966564507,1577.1680069133265,1.001609141060263,1577.1416173325688,1.000977256363906
1577.169395838409,1.0014408469570522,1577.169395838409,1.000434469327045,1577.169395838409,1.001875942287905,1577.1430062581169,1.0105825310819894
1577.170784763492,1.0131273208433573,1577.170784763492,1.0004310462496264,1577.170784763492,1.0135640255754008,1577.1443951831995,0.9923089226098388
1577.17217368904,0.9954664665189209,1577.17217368904,1.0004381405560405,1577.17217368904,0.9959026207500812,1577.1457841087472,1.001848142805449
1577.173562614122,0.9949018694465566,1577.173562614122,1.0004626189728254,1577.173562614122,0.995362129927462,1577.1471730338294,0.9911791688637432
1577.1749515392048,0.9897541971937442,1577.1749515392048,1.0004679160532872,1577.1749515392048,0.9902173190714196,1577.1485619593782,0.9939839644343754
1577.1763404647531,1.0002564065304702,1577.1763404647531,1.0005674996529113,1577.1763404647531,1.0008240516939986,1577.1499508844608,0.9784257257640714
1577.1777293898351,0.9996100539061351,1577.1777293898351,1.0006965963170522,1577.1777293898351,1.0003063785881745,1577.151339809543,1.000392360173293
1577.1791183149176,0.9973534717991304,1577.1791183149176,1.0006999259198006,1577.1791183149176,0.9980515453452458,1577.152728735091,0.991980987122105
1577.180507240466,0.9838680301698541,1577.180507240466,1.0007382611552746,1577.180507240466,0.9845943817184452,1577.1541176601736,0.9836956957944456
1577.181896165548,0.9987123892253348,1577.181896165548,1.0008426432346413,1577.181896165548,0.999553947463468,1577.1555065857224,1.0130226122035852
1577.1832850906303,0.9839775657290533,1577.1832850906303,1.0009269451533604,1577.1832850906303,0.9848896589646212,1577.1568955108044,1.008581152854993
1577.184674016179,1.0039859042633752,1577.184674016179,1.0008919635158713,1577.184674016179,1.0048814230604273,1577.158284436352,1.0126979363896793
1577.1860629412618,1.0054727932869902,1577.1860629412618,1.0009428354194465,1577.1860629412618,1.0064207886497911,1577.1596733614351,0.9931777179398702
1577.187451866344,1.0091286499152363,1577.187451866344,1.0010068481537568,1577.187451866344,1.0101446892333066,1577.1610622869837,0.98483116934556
1577.1888407918918,1.0044871128316297,1577.1888407918918,1.0009765466363014,1577.1888407918918,1.0054680413428736,1577.1624512120657,1.0090172726118425
1577.1902297169745,1.0014814560095864,1577.1902297169745,1.000968721858148,1577.1902297169745,1.0024516129865528,1577.163840137148,1.0010249829090074
1577.1916186420576,0.9958271355833073,1577.1916186420576,1.000981094214781,1577.1916186420576,0.99680413582495,1577.1652290626962,0.9876850445334484
1577.1930075676053,0.9954663495200267,1577.1930075676053,1.00102235825198,1577.1930075676053,0.9964840727570268,1577.1666179877784,0.987301202564404
1577.1943964926872,1.0081904746342927,1577.1943964926872,1.001009192380245,1577.1943964926872,1.0092079327791292,1577.1680069133265,1.001609141060263
1577.1957854177704,0.9964354083374599,1577.1957854177704,1.0009296916964348,1577.1957854177704,0.9973617860626248,1577.169395838409,1.001875942287905
1577.197174342853,1.009073393194659,1577.197174342853,1.0008096338505292,1577.197174342853,1.0098903731714577,1577.170784763492,1.0135640255754008
1577.198563268401,1.0041590809148322,1577.198563268401,1.0007690228771173,1577.198563268401,1.0049313022203208,1577.17217368904,0.9959026207500812
1577.199952193483,0.9894222617283975,1577.199952193483,1.0008193460036643,1577.199952193483,0.9902329409044812,1577.173562614122,0.995362129927462
1577.2013411185658,1.0055120261142803,1577.2013411185658,1.000855398462549,1577.2013411185658,1.006372139555493,1577.1749515392048,0.9902173190714196
1577.202730043648,0.9971486179779879,1577.202730043648,1.0008336531098156,1577.202730043648,0.9979798940243136,1577.1763404647531,1.0008240516939986
1577.204118969196,1.0093633090792442,1577.204118969196,1.0009278650417524,1577.204118969196,1.0102998620081662,1577.1777293898351,1.0003063785881745
1577.2055078942783,0.995451568862262,1577.2055078942783,1.0010061441222955,1577.2055078942783,0.9964531366073026,1577.1791183149176,0.9980515453452458
1577.2068968193616,0.9905706657083879,1577.2068968193616,1.0010610860920546,1577.2068968193616,0.9916217464649684,1577.180507240466,0.9845943817184452
1577.208285744444,0.999174671004662,1577.208285744444,1.0009876209685962,1577.208285744444,1.0001614768610363,1577.181896165548,0.999553947463468
1577.2096746699915,1.0001742972288177,1577.2096746699915,1.0009332449294754,1577.2096746699915,1.001107704820298,1577.1832850906303,0.9848896589646212
1577.2110635950744,0.9977583698834862,1577.2110635950744,1.0010838310436008,1577.2110635950744,0.9988397713787784,1577.184674016179,1.0048814230604273
1577.212452520157,1.0019452807543334,1577.212452520157,1.001135454621037,1577.212452520157,1.0030829441533922,1577.1860629412618,1.0064207886497911
1577.2138414452393,0.997589004278479,1577.2138414452393,1.0010520032409251,1577.2138414452393,0.9986384711440912,1577.187451866344,1.0101446892333066
1577.2152303703217,1.0034938296885794,1577.2152303703217,1.0011431216754996,1577.2152303703217,1.0046409452365264,1577.1888407918918,1.0054680413428736
1577.2166192954044,1.0053173821138168,1577.2166192954044,1.001232100697975,1577.2166192954044,1.0065560343620057,1577.1902297169745,1.0024516129865528
1577.218008220953,1.0048107107543935,1577.218008220953,1.0013549020932164,1577.218008220953,1.006172130889681,1577.1916186420576,0.99680413582495
1577.2193971460351,0.9948046320971244,1577.2193971460351,1.0012636010065534,1577.2193971460351,0.9960616682315664,1577.1930075676053,0.9964840727570268
1577.2207860711171,0.9971070256000563,1577.2207860711171,1.0012538183099193,1577.2207860711171,0.9983572166457028,1577.1943964926872,1.0092079327791292
1577.2221749962,1.0162032404993182,1577.2221749962,1.001208347650593,1577.2221749962,1.0174311672975007,1577.1957854177704,0.9973617860626248
1577.2235639212822,1.0010578898093743,1577.2235639212822,1.001099005396227,1577.2235639212822,1.0021580578322105,1577.197174342853,1.0098903731714577
1577.2249528463644,0.9946042329839699,1577.2249528463644,1.0011503445315284,1577.2249528463644,0.995748370524418,1577.198563268401,1.0049313022203208
1577.2263417719128,1.0104221580740214,1577.2263417719128,1.0011834466547878,1577.2263417719128,1.0116179387969175,1577.199952193483,0.9902329409044812
1577.2277306969956,0.9920105830082807,1577.2277306969956,1.0013250834340217,1577.2277306969956,0.9933250797981992,1577.2013411185658,1.006372139555493
1577.2291196220776,1.0059153095396767,1577.2291196220776,1.00133384907499,1577.2291196220776,1.0072570487448242,1577.202730043648,0.9979798940243136
1577.2305085471598,0.9952710614285095,1577.2305085471598,1.0013943358750452,1577.2305085471598,0.9966588035748536,1577.204118969196,1.0102998620081662
1577.231897472243,0.9898149462928811,1577.231897472243,1.0013859651066006,1577.231897472243,0.9911867952704349,1577.2055078942783,0.9964531366073026
1577.2332863973256,0.9989806055879797,1577.2332863973256,1.0014014360749808,1577.2332863973256,1.0003806130468569,1577.2068968193616,0.9916217464649684
1577.2346753224078,1.0006441316971273,1577.2346753224078,1.0013284990641365,1577.2346753224078,1.0019734864896206,1577.208285744444,1.0001614768610363
1577.23606424749,1.0048856102841655,1577.23606424749,1.0014485162357851,1577.23606424749,1.0063412034057688,1577.2096746699915,1.001107704820298
1577.2374531730384,0.9746401073077847,1577.2374531730384,1.001535971997807,1577.2374531730384,0.976137127220549,1577.2110635950744,0.9988397713787784
1577.2388420981206,1.0041102114977059,1577.2388420981206,1.001532412451693,1577.2388420981206,1.005648922488677,1577.212452520157,1.0030829441533922
1577.2402310232028,1.0038035175358493,1577.2402310232028,1.001528691468782,1577.2402310232028,1.0053380234094398,1577.2138414452393,0.9986384711440912
1577.2416199482857,0.9996761323734435,1577.2416199482857,1.0016359856620856,1577.2416199482857,1.0013115881927357,1577.2152303703217,1.0046409452365264
1577.2430088733686,0.996484712089844,1577.2430088733686,1.0016035292787728,1577.2430088733686,0.9980826045015296,1577.2166192954044,1.0065560343620057
1577.2443977984508,1.0077394310743417,1577.2443977984508,1.0015054990926258,1577.2443977984508,1.0092565818734274,1577.218008220953,1.006172130889681
1577.2457867235328,0.9917349922293928,1577.2457867235328,1.0016189051557205,1577.2457867235328,0.9933405171214214,1577.2193971460351,0.9960616682315664
1577.2471756486157,0.9971661392091656,1577.2471756486157,1.0015956782013307,1577.2471756486157,0.9987572954806068,1577.2207860711171,0.9983572166457028
1577.2485645736983,0.984114583493582,1577.2485645736983,1.0015778492360299,1577.2485645736983,0.9856673679373132,1577.2221749962,1.0174311672975007
1577.2499534987803,1.01394347370506,1577.2499534987803,1.0015691150334043,1577.2499534987803,1.015534467652673,1577.2235639212822,1.0021580578322105
1577.2513424238628,0.998983666936163,1577.2513424238628,1.0015820182517046,1577.2513424238628,1.0005640773304108,1577.2249528463644,0.995748370524418
1577.2527313489454,1.0082733437182472,1577.2527313489454,1.0017311261001243,1577.2527313489454,1.0100187920196173,1577.2263417719128,1.0116179387969175
1577.2541202740283,0.9957645205704941,1577.2541202740283,1.0017392627832886,1577.2541202740283,0.9974964167420416,1577.2277306969956,0.9933250797981992
1577.2555091991107,1.0019871269846514,1577.2555091991107,1.001758894568029,1577.2555091991107,1.0037495166995396,1577.2291196220776,1.0072570487448242
1577.256898124193,0.9989761515381798,1577.256898124193,1.0018404975511603,1577.256898124193,1.0008147646987533,1577.2305085471598,0.9966588035748536
1577.2582870492756,0.987520035634598,1577.2582870492756,1.0018254381321272,1577.2582870492756,0.989322692363885,1577.231897472243,0.9911867952704349
1577.2596759743578,1.0070690149738968,1577.2596759743578,1.0017916135172231,1577.2596759743578,1.0088732934339006,1577.2332863973256,1.0003806130468569
1577.26106489944,0.9910970473285803,1577.26106489944,1.0017531520431187,1577.26106489944,0.9928345911420332,1577.2346753224078,1.0019734864896206
1577.2624538245227,0.9918473963841479,1577.2624538245227,1.0017416471923957,1577.2624538245227,0.9935748446173452,1577.23606424749,1.0063412034057688
1577.2638427496056,0.9984861351122186,1577.2638427496056,1.0016148069899358,1577.2638427496056,1.0000984975025518,1577.2374531730384,0.976137127220549
1577.2652316746876,0.9914173976418663,1577.2652316746876,1.0015881493441245,1577.2652316746876,0.992991916531685,1577.2388420981206,1.005648922488677
1577.2666205997698,1.007519152832076,1577.2666205997698,1.001534004394978,1577.2666205997698,1.009064691640545,1577.2402310232028,1.0053380234094398
1577.268009524853,0.9888244056351034,1577.268009524853,1.0015300050509737,1577.268009524853,0.9903373119702512,1577.2416199482857,1.0013115881927357
1577.2693984499356,1.0188963157875897,1577.2693984499356,1.001601524742181,1577.2693984499356,1.0205281034470406,1577.2430088733686,0.9980826045015296
1577.2707873750178,0.9974328525106564,1577.2707873750178,1.001543235639685,1577.2707873750178,0.9989721264368434,1577.2443977984508,1.0092565818734274
1577.2721763001,1.001641423431964,1577.2721763001,1.0016880841567255,1577.2721763001,1.0033322784495795,1577.2457867235328,0.9933405171214214
1577.273565225183,0.9968324285671093,1577.273565225183,1.0017815491541013,1577.273565225183,0.9986083345370038,1577.2471756486157,0.9987572954806068
1577.2749541502649,0.9986693297014858,1577.2749541502649,1.001752485398454,1577.2749541502649,1.0004194831196715,1577.2485645736983,0.9856673679373132
1577.276343075347,0.9941008203720291,1577.276343075347,1.0018111314959215,1577.276343075347,0.9959012676779262,1577.2499534987803,1.015534467652673
1577.2777320004298,1.0084713343747007,1577.2777320004298,1.0019456916557996,1577.2777320004298,1.0104335086351066,1577.2513424238628,1.0005640773304108
1577.2791209255129,0.9947672434504992,1577.2791209255129,1.0020379001951203,1577.2791209255129,0.9967944798100262,1577.2527313489454,1.0100187920196173
1577.2805098501294,1.0050736051701599,1577.2805098501294,1.0019095984395365,1577.2805098501294,1.006992892158212,1577.2541202740283,0.9974964167420416
1577.2818987752114,1.007035979978978,1577.2818987752114,1.0018200181045545,1577.2818987752114,1.0088688036944775,1577.2555091991107,1.0037495166995396
1577.2832877002943,1.000515931984666,1577.2832877002943,1.0018146903429854,1577.2832877002943,1.0023315585844417,1577.256898124193,1.0008147646987533
1577.284676625377,0.9914102518419928,1577.284676625377,1.0018918392867415,1577.284676625377,0.9932858407057058,1577.2582870492756,0.989322692363885
1577.2860655504592,1.0094682693684172,1577.2860655504592,1.001946240038017,1577.2860655504592,1.0114329369313697,1577.2596759743578,1.0088732934339006
1577.2874544755414,1.0020118591204146,1577.2874544755414,1.0019345736978362,1577.2874544755414,1.0039503249079889,1577.26106489944,0.9928345911420332
1577.288843400624,1.0082982135890484,1577.288843400624,1.0020190284103985,1577.288843400624,1.0103339963284388,1577.2624538245227,0.9935748446173452
1577.2902323257072,0.9948278849557947,1577.2902323257072,1.0021550550022065,1577.2902323257072,0.9969717937656032,1577.2638427496056,1.0000984975025518
1577.2916212503235,1.0007100331016716,1577.2916212503235,1.0022641032468305,1577.2916212503235,1.002975743936753,1577.2652316746876,0.992991916531685
1577.2930101754057,0.9858505015376786,1577.2930101754057,1.002224833406817,1577.2930101754057,0.9880438546676268,1577.2666205997698,1.009064691640545
1577.2943991004886,0.9949849652393011,1577.2943991004886,1.0022918157128295,1577.2943991004886,0.9972652874166658,1577.268009524853,0.9903373119702512
1577.2957880255708,0.9889280954289841,1577.2957880255708,1.0022398939076886,1577.2957880255708,0.9911431894450776,1577.2693984499356,1.0205281034470406
1577.297176950653,0.9955308240408551,1577.297176950653,1.0023391004130007,1577.297176950653,0.997859470602524,1577.2707873750178,0.9989721264368434
1577.2985658757357,1.006922139242745,1577.2985658757357,1.0024321262212548,1577.2985658757357,1.0093711009803592,1577.2721763001,1.0033322784495795
1577.299954800353,1.0092185724659115,1577.299954800353,1.002563503996783,1577.299954800353,1.0118057083100556,1577.273565225183,0.9986083345370038
1577.301343725435,1.003490022172038,1577.301343725435,1.0025197410758349,1577.301343725435,1.0060185572000953,1577.2749541502649,1.0004194831196715
1577.302732650517,0.9890199950510856,1577.302732650517,1.0024789639509735,1577.302732650517,0.9914717399656092,1577.276343075347,0.9959012676779262
1577.3041215756002,1.008844383066264,1577.3041215756002,1.0024980683446356,1577.3041215756002,1.0113645452842652,1577.2777320004298,1.0104335086351066
1577.3055105006829,0.9997583856973501,1577.3055105006829,1.0024839167451596,1577.3055105006829,1.0022417022926975,1577.2791209255129,0.9967944798100262
1577.306899425765,1.002323499729121,1577.306899425765,1.0025022302401276,1577.306899425765,1.0048315439005338,1577.2805098501294,1.006992892158212
1577.3082883503816,1.002295255355286,1577.3082883503816,1.002626083123776,1577.3082883503816,1.0049273660104154,1577.2818987752114,1.0088688036944775
1577.3096772754643,1.0012842584934112,1577.3096772754643,1.0025902275260286,1577.3096772754643,1.0038778125411398,1577.2832877002943,1.0023315585844417
1577.3110662005463,1.0038285855422986,1577.3110662005463,1.002541143916627,1577.3110662005463,1.0063794584457857,1577.284676625377,0.9932858407057058
1577.3124551256287,1.01889841062879,1577.3124551256287,1.0024393496221442,1577.3124551256287,1.0213838600817606,1577.2860655504592,1.0114329369313697
1577.3138440502455,1.001164564471386,1577.3138440502455,1.0024821802428847,1577.3138440502455,1.0036496353731932,1577.2874544755414,1.0039503249079889
1577.3152329753289,1.0054341840791268,1577.3152329753289,1.0024542054401173,1577.3152329753289,1.0079017261233736,1577.288843400624,1.0103339963284388
1577.3166219004108,1.0065258422054508,1577.3166219004108,1.002516889317381,1577.3166219004108,1.0090591563453657,1577.2902323257072,0.9969717937656032
1577.3180108254928,1.0021154397457472,1577.3180108254928,1.0026310146610582,1577.3180108254928,1.004752020159791,1577.2916212503235,1.002975743936753
1577.3193997501105,0.9970357858444,1577.3193997501105,1.002513681071808,1577.3193997501105,0.9995420158271924,1577.2930101754057,0.9880438546676268
1577.320788675193,0.9919826647241908,1577.320788675193,1.0025150273478143,1577.320788675193,0.9944775282545298,1577.2943991004886,0.9972652874166658
1577.3221776002752,0.9876011922117257,1577.3221776002752,1.0023968177626479,1577.3221776002752,0.989968292291631,1577.2957880255708,0.9911431894450776
1577.3235665253574,1.0074182800764377,1577.3235665253574,1.0023233637200766,1577.3235665253574,1.0097588791593093,1577.297176950653,0.997859470602524
1577.3249554499744,1.0016613221024087,1577.3249554499744,1.0024075790778264,1577.3249554499744,1.0040729009445704,1577.2985658757357,1.0093711009803592
1577.3263443750575,1.0033966323525432,1577.3263443750575,1.002357019718521,1577.3263443750575,1.0057616580004958,1577.299954800353,1.0118057083100556
1577.3277333001397,1.0000288849964574,1577.3277333001397,1.0023832355480125,1577.3277333001397,1.0024121893842202,1577.301343725435,1.0060185572000953
1577.329122224756,1.0005490052431376,1577.329122224756,1.0022878383182576,1577.329122224756,1.0028380995966275,1577.302732650517,0.9914717399656092
1577.330511149839,0.9968866545990014,1577.330511149839,1.0023600512431268,1577.330511149839,0.9992393581874442,1577.3041215756002,1.0113645452842652
1577.3319000749211,0.9923229595114353,1577.3319000749211,1.0023654799069142,1577.3319000749211,0.9946702795333292,1577.3055105006829,1.0022417022926975
1577.3332889995377,0.9939806949926971,1577.3332889995377,1.0023772134461346,1577.3332889995377,0.996343599266032,1577.306899425765,1.0048315439005338
1577.3346779246203,1.008505485692643,1577.3346779246203,1.0024068352647282,1577.3346779246203,1.0109327922602798,1577.3082883503816,1.0049273660104154
1577.336066849703,0.9959968286632026,1577.336066849703,1.0023709865067598,1577.336066849703,0.9983583237047386,1577.3096772754643,1.0038778125411398
1577.3374557743196,0.9968414661639243,1577.3374557743196,1.0024006773884586,1577.3374557743196,0.999234560931622,1577.3110662005463,1.0063794584457857
1577.338844699403,1.00511847941775,1577.338844699403,1.0023709094131277,1577.338844699403,1.00750152428191,1577.3124551256287,1.0213838600817606
1577.3402336244862,1.0080498237260256,1577.3402336244862,1.0024219402963246,1577.3402336244862,1.0104912602148106,1577.3138440502455,1.0036496353731932
1577.3416225491032,1.0032969135440568,1577.3416225491032,1.0024632043356383,1577.3416225491032,1.005768238851431,1577.3152329753289,1.0079017261233736
1577.3430114741857,0.9943754797080306,1577.3430114741857,1.0024625568873073,1577.3430114741857,0.9968241858941552,1577.3166219004108,1.0090591563453657
1577.3444003992677,1.0182853031252508,1577.3444003992677,1.0025865424616105,1577.3444003992677,1.0209191412998182,1577.3180108254928,1.004752020159791
1577.345789323885,0.9986465310687905,1577.345789323885,1.0025991377733088,1577.345789323885,1.0012421509898752,1577.3193997501105,0.9995420158271924
1577.3471782489676,0.9943989419601273,1577.3471782489676,1.0025553055210883,1577.3471782489676,0.9969399350666824,1577.320788675193,0.9944775282545298
1577.348567173584,1.0104790131257848,1577.348567173584,1.0025237945557395,1577.348567173584,1.0130292545578006,1577.3221776002752,0.989968292291631
1577.349956098666,0.9954737011986063,1577.349956098666,1.0025959907174082,1577.349956098666,0.998057941686342,1577.3235665253574,1.0097588791593093
1577.3513450237492,1.0107344417752504,1577.3513450237492,1.0025922769829152,1577.3513450237492,1.013354545404504,1577.3249554499744,1.0040729009445704
1577.3527339483655,0.9954866073378192,1577.3527339483655,1.002588861709544,1577.3527339483655,0.99806378449792,1577.3263443750575,1.0057616580004958
1577.3541228734475,1.0091078882707376,1577.3541228734475,1.0026189217571697,1577.3541228734475,1.0117506628746615,1577.3277333001397,1.0024121893842202
1577.355511798065,1.0025743962213423,1577.355511798065,1.002631570302563,1577.355511798065,1.0052127412285483,1577.329122224756,1.0028380995966275
1577.3569007231476,0.994031547369391,1577.3569007231476,1.0026469289823357,1577.3569007231476,0.996662678281479,1577.330511149839,0.9992393581874442
1577.35828964823,0.9982744059870544,1577.35828964823,1.0026639028696174,1577.35828964823,1.000933712041829,1577.3319000749211,0.9946702795333292
1577.3596785728464,1.0050614450540647,1577.3596785728464,1.0027628869871898,1577.3596785728464,1.0078383162419309,1577.3332889995377,0.996343599266032
1577.361067497929,1.0085298731611956,1577.361067497929,1.0027196494614243,1577.361067497929,1.0112727208875687,1577.3346779246203,1.0109327922602798
1577.3624564225463,0.9922060196685282,1577.3624564225463,1.0027805319865133,1577.3624564225463,0.9949648802434276,1577.336066849703,0.9983583237047386
1577.3638453476287,1.005775761884603,1577.3638453476287,1.0027588280034363,1577.3638453476287,1.0085505242216677,1577.3374557743196,0.999234560931622
1577.365234272245,1.002680333690158,1577.365234272245,1.0026689869276322,1577.365234272245,1.005356474393371,1577.338844699403,1.00750152428191
1577.366623197328,1.0026866208403458,1577.366623197328,1.0027337298553973,1577.366623197328,1.0054276951913446,1577.3402336244862,1.0104912602148106
1577.3680121219445,0.9883365989811197,1577.3680121219445,1.0028145083755056,1577.3680121219445,0.9911182806167708,1577.3416225491032,1.005768238851431
1577.3694010470267,1.0026190742743135,1577.3694010470267,1.0028233674885918,1577.3694010470267,1.0054498363720616,1577.3430114741857,0.9968241858941552
1577.3707899716435,0.9948091184588093,1577.3707899716435,1.00294534064286,1577.3707899716435,0.9977391701872936,1577.3444003992677,1.0209191412998182
1577.3721788967266,0.9974383224786305,1577.3721788967266,1.002984562401151,1577.3721788967266,1.0004152393933674,1577.345789323885,1.0012421509898752
1577.373567821343,1.018449831581341,1577.373567821343,1.0031110197099287,1577.373567821343,1.0216182490809642,1577.3471782489676,0.9969399350666824
1577.3749567464251,1.0069179978427605,1577.3749567464251,1.0030616546985642,1577.3749567464251,1.0100008330619246,1577.348567173584,1.0130292545578006
1577.3763456710426,1.0102642455287765,1577.3763456710426,1.0031157021043593,1577.3763456710426,1.0134119279645295,1577.349956098666,0.998057941686342
1577.3777345961253,0.9986509482407027,1577.3777345961253,1.003037077983157,1577.3777345961253,1.0016839290484634,1577.3513450237492,1.013354545404504
1577.3791235207418,0.9959554086511808,1577.3791235207418,1.0030394667441218,1577.3791235207418,0.9989825819944044,1577.3527339483655,0.99806378449792
1577.380512445824,1.0037791889208187,1577.380512445824,1.0030844522387454,1577.380512445824,1.0068752978872917,1577.3541228734475,1.0117506628746615
1577.381901370441,0.9962960964194325,1577.381901370441,1.0030430978318359,1577.381901370441,0.999327922910313,1577.355511798065,1.0052127412285483
1577.383290295524,0.9942731373310677,1577.383290295524,1.0030789741373853,1577.383290295524,0.997334478606407,1577.3569007231476,0.996662678281479
1577.3846792201402,1.001746082355085,1577.3846792201402,1.00308217093268,1577.3846792201402,1.004833635012046,1577.35828964823,1.000933712041829
1577.3860681452225,0.9963894229885851,1577.3860681452225,1.003183090144156,1577.3860681452225,0.9995610203406414,1577.3596785728464,1.0078383162419309
1577.38745706984,0.9864416993041026,1577.38745706984,1.0032491685483609,1577.38745706984,0.9896468146482732,1577.361067497929,1.0112727208875687
1577.388845994922,0.988555660116387,1577.388845994922,1.0032113918977528,1577.388845994922,0.9917302997537624,1577.3624564225463,0.9949648802434276
1577.3902349195382,0.9911793704907462,1577.3902349195382,1.0032998959640036,1577.3902349195382,0.9944501592950322,1577.3638453476287,1.0085505242216677
1577.3916238441557,1.0063553757570756,1577.3916238441557,1.0032088099146248,1577.3916238441557,1.0095845788644409,1577.365234272245,1.005356474393371
1577.3930127692383,0.9982740647978254,1577.3930127692383,1.003278493410498,1577.3930127692383,1.001546899741136,1577.366623197328,1.0054276951913446
1577.394401693855,0.9922555179990282,1577.394401693855,1.0032796807315563,1577.394401693855,0.99550979930219,1577.3680121219445,0.9911182806167708
1577.395790618937,1.0082180231034006,1577.395790618937,1.0032608742678664,1577.395790618937,1.0115056953113375,1577.3694010470267,1.0054498363720616
1577.397179543554,1.0013358200751206,1577.397179543554,1.00320889125679,1577.397179543554,1.0045489978332702,1577.3707899716435,0.9977391701872936
1577.3985684681716,0.9948843477297343,1577.3985684681716,1.0032390589633642,1577.3985684681716,0.998106836793759,1577.3721788967266,1.0004152393933674
1577.3999573932538,1.0033146735736558,1577.3999573932538,1.0032066225955019,1577.3999573932538,1.0065319250763356,1577.373567821343,1.0216182490809642
1577.40134631787,1.0061468216450677,1577.40134631787,1.0033246969607974,1577.40134631787,1.0094919549251071,1577.3749567464251,1.0100008330619246
1577.402735242953,1.0051662976857958,1577.402735242953,1.0033384416307873,1577.402735242953,1.0085219866998545,1577.3763456710426,1.0134119279645295
1577.4041241675695,0.9913822832480547,1577.4041241675695,1.0033588874628339,1577.4041241675695,0.9947122247701322,1577.3777345961253,1.0016839290484634
1577.405513092186,0.9950930660138463,1577.405513092186,1.0033185666528077,1577.405513092186,0.99839534867916,1577.3791235207418,0.9989825819944044
1577.4069020172687,1.0067677863819235,1577.4069020172687,1.0032304343171894,1577.4069020172687,1.0100200835884925,1577.380512445824,1.0068752978872917
1577.4082909418858,0.9998984880138971,1577.4082909418858,1.003180904332786,1577.4082909418858,1.0030790694467666,1577.381901370441,0.999327922910313
1577.4096798665023,1.0202185237365156,1577.4096798665023,1.0032928885066081,1577.4096798665023,1.0235779895875563,1577.383290295524,0.997334478606407
1577.4110687915845,1.0038495612499185,1577.4110687915845,1.0032992721511966,1577.4110687915845,1.0071615341513414,1577.3846792201402,1.004833635012046
1577.412457716202,1.009003036278611,1577.412457716202,1.003355879042576,1577.412457716202,1.0123891284219542,1577.3860681452225,0.9995610203406414
1577.413846640819,1.0111631456880588,1577.413846640819,1.0033082705389298,1577.413846640819,1.01450834693299,1577.38745706984,0.9896468146482732
1577.4152355659012,1.0041412753837249,1577.4152355659012,1.0033468805703052,1577.4152355659012,1.007502016308148,1577.388845994922,0.9917302997537624
1577.4166244905175,0.9932596063296312,1577.4166244905175,1.003393781157561,1577.4166244905175,0.9966305120661592,1577.3902349195382,0.9944501592950322
1577.4180134151347,1.006790944128351,1577.4180134151347,1.0034987502869273,1577.4180134151347,1.0103134542329957,1577.3916238441557,1.0095845788644409
1577.4194023402176,1.0006209780307616,1577.4194023402176,1.0035009196483884,1577.4194023402176,1.004124071673339,1577.3930127692383,1.001546899741136
1577.420791264834,1.005030412476516,1577.420791264834,1.003611359452217,1577.420791264834,1.0086599385563784,1577.394401693855,0.99550979930219
1577.4221801894505,1.003284488639892,1577.4221801894505,1.0035910690646863,1577.4221801894505,1.0068873525301263,1577.395790618937,1.0115056953113375
1577.423569114068,1.0075023816424362,1577.423569114068,1.0035944116535245,1577.423569114068,1.0111237599439655,1577.397179543554,1.0045489978332702
1577.42495803915,0.9908908639750629,1577.42495803915,1.0035028848649339,1577.42495803915,0.9943618405852824,1577.3985684681716,0.998106836793759
1577.4263469637665,0.9896025886785224,1577.4263469637665,1.0034387976784656,1577.4263469637665,0.9930056317630735,1577.3999573932538,1.0065319250763356
1577.4277358883835,0.9969229761536674,1577.4277358883835,1.0034973047247173,1577.4277358883835,1.000409519588349,1577.40134631787,1.0094919549251071
1577.4291248134664,0.9898863792298412,1577.4291248134664,1.0034339450810408,1577.4291248134664,0.9932855946925868,1577.402735242953,1.0085219866998545
1577.430513738083,0.998319245111823,1577.430513738083,1.0033850726979894,1577.430513738083,1.0016986283323284,1577.4041241675695,0.9947122247701322
1577.4319026626997,1.0093548559366885,1577.4319026626997,1.0034384109132097,1577.4319026626997,1.0128254326886426,1577.405513092186,0.99839534867916
1577.4332915873165,0.9981918848687884,1577.4332915873165,1.0033737847392166,1577.4332915873165,1.0015595694167685,1577.4069020172687,1.0100200835884925
1577.4346805123996,0.997035809346045,1577.4346805123996,1.0033058307124556,1577.4346805123996,1.0003318409459991,1577.4082909418858,1.0030790694467666
1577.4360694370162,0.9964360203636897,1577.4360694370162,1.0033401726238045,1577.4360694370162,0.9997642886802812,1577.4096798665023,1.0235779895875563
1577.4374583616325,1.005943140949807,1577.4374583616325,1.003221353078419,1577.4374583616325,1.0091836389836202,1577.4110687915845,1.0071615341513414
1577.4388472862497,0.9969995968287224,1577.4388472862497,1.0031521487260595,1577.4388472862497,1.000142287837748,1577.412457716202,1.0123891284219542
1577.4402362108665,1.0022571244577503,1577.4402362108665,1.003043953266516,1577.4402362108665,1.0053079483056324,1577.413846640819,1.01450834693299
1577.4416251359485,1.012503615607058,1577.4416251359485,1.0030106139146595,1577.4416251359485,1.0155518730808475,1577.4152355659012,1.007502016308148
1577.4430140605657,0.989895020623784,1577.4430140605657,1.002936524290808,1577.4430140605657,0.9928018713971956,1577.4166244905175,0.9966305120661592
1577.4444029851825,0.9834347314191915,1577.4444029851825,1.0029318465401846,1577.4444029851825,0.9863180111340002,1577.4180134151347,1.0103134542329957
1577.445791909799,0.9925295890244238,1577.445791909799,1.0030189383505341,1577.445791909799,0.9955259746647694,1577.4194023402176,1.004124071673339
1577.4471808344156,0.9920630830069991,1577.4471808344156,1.0030396421884615,1577.4471808344156,0.9950785998077224,1577.420791264834,1.0086599385563784
1577.4485697594985,1.001774940928922,1577.4485697594985,1.0030314183270643,1577.4485697594985,1.0048117398444478,1577.4221801894505,1.0068873525301263
1577.4499586841157,0.9968725108860276,1577.4499586841157,1.0030510805015482,1577.4499586841157,0.9999140491665214,1577.423569114068,1.0111237599439655
1577.4513476087322,0.9980739605326299,1577.4513476087322,1.0030672053154972,1577.4513476087322,1.001135258289635,1577.42495803915,0.9943618405852824
1577.4527365333488,0.9969126111468216,1577.4527365333488,1.0031041993590506,1577.4527365333488,1.000007226635373,1577.4263469637665,0.9930056317630735
1577.4541254579658,1.0018114963525313,1577.4541254579658,1.0031067361297699,1577.4541254579658,1.0049238603234685,1577.4277358883835,1.000409519588349
1577.455514382583,0.9907785977617503,1577.455514382583,1.0031009300013376,1577.455514382583,0.9938509328402328,1577.4291248134664,0.9932855946925868
1577.4569033071994,0.9983177394813394,1577.4569033071994,1.0031373859848933,1577.4569033071994,1.0014498475656586,1577.430513738083,1.0016986283323284
1577.4582922322816,1.0004222680114303,1577.4582922322816,1.0032162917064562,1577.4582922322816,1.0036399178549895,1577.4319026626997,1.0128254326886426
1577.459681156899,0.9888988616767039,1577.459681156899,1.0031085150682237,1577.459681156899,0.9919728686891752,1577.4332915873165,1.0015595694167685
1577.4610700815151,1.0033797740287735,1577.4610700815151,1.0031860343525156,1577.4610700815151,1.0065765764574486,1577.4346805123996,1.0003318409459991
1577.4624590061317,0.990316074511369,1577.4624590061317,1.003228904314678,1577.4624590061317,0.9935137103572538,1577.4360694370162,0.9997642886802812
1577.4638479307491,1.0102845264086653,1577.4638479307491,1.0032486712591284,1577.4638479307491,1.0135666087131512,1577.4374583616325,1.0091836389836202
1577.465236855366,1.009423349467618,1577.465236855366,1.0031316031797293,1577.465236855366,1.0125844628385037,1577.4388472862497,1.000142287837748
1577.466625779983,1.0030210777519244,1577.466625779983,1.0030608677022623,1577.466625779983,1.0060911925735037,1577.4402362108665,1.0053079483056324
1577.4680147045992,1.014461322483965,1577.4680147045992,1.0031356400707299,1577.4680147045992,1.0176423080569512,1577.4416251359485,1.0155518730808475
1577.4694036292162,0.996823172465336,1577.4694036292162,1.0031010973723842,1577.4694036292162,0.9999144181862,1577.4430140605657,0.9928018713971956
1577.4707925542994,1.002925812635877,1577.4707925542994,1.0031557163798088,1577.4707925542994,1.0060907620505453,1577.4444029851825,0.9863180111340002
1577.4721814789157,0.9952825219796244,1577.4721814789157,1.0032041447455822,1577.4721814789157,0.9984715512427952,1577.445791909799,0.9955259746647694
1577.473570403532,1.0011924772362626,1577.473570403532,1.0031870917302488,1577.473570403532,1.0043833695008495,1577.4471808344156,0.9950785998077224
1577.4749593281497,1.0074928880488874,1577.4749593281497,1.003178684027916,1577.4749593281497,1.0106953896003674,1577.4485697594985,1.0048117398444478
1577.4763482527665,0.9888623646729857,1577.4763482527665,1.0031541831133488,1577.4763482527665,0.9919814176450634,1577.4499586841157,0.9999140491665214
1577.477737177383,1.01294108519393,1577.477737177383,1.0032050094858174,1577.477737177383,1.0161875709805508,1577.4513476087322,1.001135258289635
1577.4791261019996,0.995384996398914,1577.4791261019996,1.003186874848222,1577.4791261019996,0.9985571638082352,1577.4527365333488,1.000007226635373
1577.4805150266166,0.9959461868501558,1577.4805150266166,1.0031195238697495,1577.4805150266166,0.9990530647530208,1577.4541254579658,1.0049238603234685
1577.481903951233,0.999081100523735,1577.481903951233,1.0031443636030222,1577.481903951233,1.0022225747726892,1577.455514382583,0.9938509328402328
1577.4832928758497,1.0087246423237022,1577.4832928758497,1.0032222103792299,1577.4832928758497,1.0119749653359826,1577.4569033071994,1.0014498475656586
1577.484681800467,0.9992768892674232,1577.484681800467,1.0031985012343398,1577.484681800467,1.0024730776311923,1577.4582922322816,1.0036399178549895
1577.486070725084,1.0057949622232558,1577.486070725084,1.0032009931068657,1577.486070725084,1.0090145049642527,1577.459681156899,0.9919728686891752
1577.487459649701,0.999864518179282,1577.487459649701,1.0032768675229116,1577.487459649701,1.0031409417462154,1577.4610700815151,1.0065765764574486
1577.4888485743172,0.983409209717491,1577.4888485743172,1.0032974093493716,1577.4888485743172,0.9866519124398716,1577.4624590061317,0.9935137103572538
1577.4902374989342,1.00457006188569,1577.4902374989342,1.0033447316191668,1577.4902374989342,1.0079300791353476,1577.4638479307491,1.0135666087131512
1577.4916264235512,1.0044038961130037,1577.4916264235512,1.0033913778543218,1577.4916264235512,1.0078102092430758,1577.465236855366,1.0125844628385037
1577.4930153481678,1.0074546378714146,1577.4930153481678,1.0034099893735,1577.4930153481678,1.0108900474808395,1577.466625779983,1.0060911925735037
1577.4944042727843,1.0067668803121,1577.4944042727843,1.0034596301298802,1577.4944042727843,1.0102499213449931,1577.4680147045992,1.0176423080569512
1577.4957931974018,1.0001455334361387,1577.4957931974018,1.0034363787442593,1577.4957931974018,1.0035824122884045,1577.4694036292162,0.9999144181862
1577.497182122018,1.0110867479470043,1577.497182122018,1.0034930859003983,1577.497182122018,1.0146185608103375,1577.4707925542994,1.0060907620505453
1577.4985710466344,1.002227552319741,1577.4985710466344,1.0034827418656758,1577.4985710466344,1.0057180521751388,1577.4721814789157,0.9984715512427952
1577.499959971252,1.0034466578894363,1577.499959971252,1.0033955336137765,1577.499959971252,1.0068538947459316,1577.473570403532,1.0043833695008495
1577.501348895869,0.9975694758200379,1577.501348895869,1.0032821728206105,1577.501348895869,1.000843671240245,1577.4749593281497,1.0106953896003674
1577.5027378204854,0.9948429725679134,1577.5027378204854,1.0032951260421437,1577.5027378204854,0.9981211055546656,1577.4763482527665,0.9919814176450634
1577.504126745102,1.005838154087221,1577.504126745102,1.0032618020464121,1577.504126745102,1.009118999036582,1577.477737177383,1.0161875709805508
1577.505515669253,0.9902012896764362,1577.505515669253,1.0031756959550646,1577.505515669253,0.9933458679067614,1577.4791261019996,0.9985571638082352
1577.5069045938708,0.9968872002127704,1577.5069045938708,1.0031994844833616,1577.5069045938708,1.000076725341513,1577.4805150266166,0.9990530647530208
1577.508293518487,1.0061001809179724,1577.508293518487,1.003257262006109,1577.508293518487,1.009377312811616,1577.481903951233,1.0022225747726892
1577.5096824431034,1.0032315344373337,1577.5096824431034,1.0032596588288751,1577.5096824431034,1.0065017269659684,1577.4832928758497,1.0119749653359826
1577.511071367721,1.0003766973261443,1577.511071367721,1.0033178156945757,1577.511071367721,1.0036957628330208,1577.484681800467,1.0024730776311923
1577.512460292338,0.9897533534751155,1577.512460292338,1.0033671030864777,1577.512460292338,0.9930859550464533,1577.486070725084,1.0090145049642527
1577.5138492169544,1.0025661172716362,1577.5138492169544,1.0034157522186795,1577.5138492169544,1.0059906347110796,1577.487459649701,1.0031409417462154
1577.515238141571,0.9942240797009002,1577.515238141571,1.003527036418309,1577.515238141571,0.9977307442379652,1577.4888485743172,0.9866519124398716
1577.516627066188,1.0003928705404195,1577.516627066188,1.0034959307117661,1577.516627066188,1.0038901747003737,1577.4902374989342,1.0079300791353476
1577.5180159903389,1.006443908979052,1577.5180159903389,1.0034658299235255,1577.5180159903389,1.0099320723951415,1577.4916264235512,1.0078102092430758
1577.5194049149554,0.9922670072944293,1577.5194049149554,1.0035821916918581,1577.5194049149554,0.9958214979240644,1577.4930153481678,1.0108900474808395
1577.520793839573,0.9929577903430951,1577.520793839573,1.003461602998892,1577.520793839573,0.99639501600792,1577.4944042727843,1.0102499213449931
1577.52218276419,0.9988824899343136,1577.52218276419,1.0034874692720945,1577.52218276419,1.0023660619243928,1577.4957931974018,1.0035824122884045
1577.5235716888064,0.9830857134457661,1577.5235716888064,1.003599716673945,1577.5235716888064,0.986624543480374,1577.497182122018,1.0146185608103375
1577.524960613423,1.0088412198693366,1577.524960613423,1.0035466881103132,1577.524960613423,1.0124192650290411,1577.4985710466344,1.0057180521751388
1577.52634953804,1.0111670323596698,1577.52634953804,1.003566383281775,1577.52634953804,1.0147732415589592,1577.499959971252,1.0068538947459316
1577.527738462191,0.9962086482565874,1577.527738462191,1.0034582921351427,1577.527738462191,0.9996538287898143,1577.501348895869,1.000843671240245
1577.529127386808,0.9988115913396475,1577.529127386808,1.0035202760647306,1577.529127386808,1.002327683877816,1577.5027378204854,0.9981211055546656
1577.5305163114244,0.9943600118511294,1577.5305163114244,1.0035297606137052,1577.5305163114244,0.997869864656805,1577.504126745102,1.009118999036582
1577.5319052360417,0.9918095228476941,1577.5319052360417,1.0035426918402488,1577.5319052360417,0.9953231983513676,1577.505515669253,0.9933458679067614
1577.533294160658,1.0056073569995136,1577.533294160658,1.0035990913863884,1577.533294160658,1.0092266297761794,1577.5069045938708,1.000076725341513
1577.5346830848089,1.0096051494393097,1577.5346830848089,1.0035750753672785,1577.5346830848089,1.0132145639397476,1577.508293518487,1.009377312811616
1577.5360720094263,1.008660547519118,1577.5360720094263,1.0035867502747766,1577.5360720094263,1.0122783610150885,1577.5096824431034,1.0065017269659684
1577.537460934043,1.0003943354165177,1577.537460934043,1.0035653466229852,1577.537460934043,1.0039610879819485,1577.511071367721,1.0036957628330208
1577.53884985866,0.9986289538968397,1577.53884985866,1.003488620581113,1577.53884985866,1.0021127914182997,1577.512460292338,0.9930859550464533
1577.5402387828108,1.0052979034914529,1577.5402387828108,1.003425440759342,1577.5402387828108,1.0087414919053534,1577.5138492169544,1.0059906347110796
1577.5416277074278,1.005229413763852,1577.5416277074278,1.0035457522205604,1577.5416277074278,1.008793708189878,1577.515238141571,0.9977307442379652
1577.5430166320452,0.9941345745108299,1577.5430166320452,1.003501078878461,1577.5430166320452,0.9976151180719977,1577.516627066188,1.0038901747003737
1577.5444055566616,1.00547882208327,1577.5444055566616,1.0034362256124354,1577.5444055566616,1.008933874164474,1577.5180159903389,1.0099320723951415
1577.545794481278,0.9895109409789217,1577.545794481278,1.0034122730134682,1577.545794481278,0.9928874224593556,1577.5194049149554,0.9958214979240644
1577.5471834054297,1.0064415806270475,1577.5471834054297,1.00344633525083,1577.5471834054297,1.0099101157242636,1577.520793839573,0.99639501600792
1577.548572330047,0.9964104983152839,1577.548572330047,1.003331676606798,1577.548572330047,0.9997302158632888,1577.52218276419,1.0023660619243928
1577.5499612546632,0.9812581431626737,1577.5499612546632,1.0034519201683094,1577.5499612546632,0.9846453679373748,1577.5235716888064,0.986624543480374
1577.551350178814,0.9988296918263033,1577.551350178814,1.0035473484530333,1577.551350178814,1.002372888788447,1577.524960613423,1.0124192650290411
1577.5527391034311,0.9992646959340501,1577.5527391034311,1.0035503673944943,1577.5527391034311,1.0028124527289637,1577.52634953804,1.0147732415589592
1577.5541280280477,0.9917017615668564,1577.5541280280477,1.0036669341822175,1577.5541280280477,0.9953382666549112,1577.527738462191,0.9996538287898143
1577.5555169526642,1.0100817957469397,1577.5555169526642,1.0036319680065628,1577.5555169526642,1.013750380513104,1577.529127386808,1.002327683877816
1577.5569058768156,0.9933405229820321,1577.5569058768156,1.003557479035011,1577.5569058768156,0.9968743110671676,1577.5305163114244,0.997869864656805
1577.558294801433,0.990574466916765,1577.558294801433,1.0035210403786134,1577.558294801433,0.9940623196128024,1577.5319052360417,0.9953231983513676
1577.5596837260496,1.008029594378504,1577.5596837260496,1.0036163813863896,1577.5596837260496,1.0116750138405444,1577.533294160658,1.0092266297761794
1577.5610726502005,0.9886915550931177,1577.5610726502005,1.0036176857520909,1577.5610726502005,0.9922683304451906,1577.5346830848089,1.0132145639397476
1577.5624615748177,0.9900076749355257,1577.5624615748177,1.0035465166377602,1577.5624615748177,0.9935187536261948,1577.5360720094263,1.0122783610150885
1577.5638504994345,0.9859350534775674,1577.5638504994345,1.0036459388611292,1577.5638504994345,0.9895297124035908,1577.537460934043,1.0039610879819485
1577.5652394235854,1.0008998177974464,1577.5652394235854,1.0036897118059493,1577.5652394235854,1.0045928496717462,1577.53884985866,1.0021127914182997
1577.566628348202,0.9909377854859103,1577.566628348202,1.0035440603210437,1577.566628348202,0.9944497287720738,1577.5402387828108,1.0087414919053534
1577.5680172728191,0.9952764425409031,1577.5680172728191,1.0036644671292436,1577.5680172728191,0.9989236003491048,1577.5416277074278,1.008793708189878
1577.5694061969698,1.0026897113914255,1577.5694061969698,1.0036808307344802,1577.5694061969698,1.006380442498262,1577.5430166320452,0.9976151180719977
1577.5707951215863,0.992977051399236,1577.5707951215863,1.003743901817756,1577.5707951215863,0.9966946599869596,1577.5444055566616,1.008933874164474
1577.572184045738,1.0047122615401487,1577.572184045738,1.0037440481640374,1577.572184045738,1.008473952638354,1577.545794481278,0.9928874224593556
1577.5735729703551,1.0028292524249152,1577.5735729703551,1.0036519327570033,1577.5735729703551,1.0064915174215268,1577.5471834054297,1.0099101157242636
1577.5749618949717,1.0041447086826805,1577.5749618949717,1.0037293825869098,1577.5749618949717,1.0078895484739792,1577.548572330047,0.9997302158632888
1577.5763508191226,1.003057730682256,1577.5763508191226,1.003741916009563,1577.5763508191226,1.0068110884632118,1577.5499612546632,0.9846453679373748
1577.579128668357,0.9947290646119346,1577.579128668357,1.003773508644752,1577.579128668357,0.9984826833364336,1577.551350178814,1.002372888788447
1577.5805175925077,0.9964652916149436,1577.5805175925077,1.0038208271825166,1577.5805175925077,1.0002726132875803,1577.5527391034311,1.0028124527289637
1577.581906517124,1.00210593204973,1577.581906517124,1.0038901025944484,1577.581906517124,1.0060042269359089,1577.5541280280477,0.9953382666549112
1577.5832954412758,0.9931836956029509,1577.5832954412758,1.00385038447724,1577.5832954412758,0.9970078346875484,1577.5555169526642,1.013750380513104
1577.5846843658928,1.0036158754524769,1577.5846843658928,1.0039371595569129,1577.5846843658928,1.0075672712879842,1577.5569058768156,0.9968743110671676
1577.5860732900435,1.0005650201745524,1577.5860732900435,1.0039004664806097,1577.5860732900435,1.004467690497414,1577.558294801433,0.9940623196128024
1577.5874622146605,1.0065294165709417,1577.5874622146605,1.0040339098139164,1577.5874622146605,1.0105896654624429,1577.5596837260496,1.0116750138405444
1577.5888511392773,0.9903591516240026,1577.5888511392773,1.004028674616946,1577.5888511392773,0.9943489863998104,1577.5610726502005,0.9922683304451906
1577.5902400634282,0.9932018032636234,1577.5902400634282,1.004030054512786,1577.5902400634282,0.9972044606729732,1577.5624615748177,0.9935187536261948
1577.5916289880447,1.0020268959801417,1577.5916289880447,1.0039319672730072,1577.5916289880447,1.0059668329418086,1577.5638504994345,0.9895297124035908
1577.593017912196,1.0009365629064984,1577.593017912196,1.0039248858822603,1577.593017912196,1.004865124691288,1577.5652394235854,1.0045928496717462
1577.5944068368135,1.0043199689566464,1577.5944068368135,1.0039517872115227,1577.5944068368135,1.008288827766246,1577.566628348202,0.9944497287720738
1577.5957957609644,0.9990304678427733,1577.5957957609644,1.003855282916373,1577.5957957609644,1.0028820129383835,1577.5680172728191,0.9989236003491048
1577.5971846855807,1.0046372289892898,1577.5971846855807,1.0039369837738943,1577.5971846855807,1.0085924694584707,1577.5694061969698,1.006380442498262
1577.5985736097325,0.9927934242594411,1577.5985736097325,1.0039893977931316,1577.5985736097325,0.9967540721552172,1577.5707951215863,0.9966946599869596
1577.5999625343493,1.0034202674931285,1577.5999625343493,1.0040040290503764,1577.5999625343493,1.0074379913939076,1577.572184045738,1.008473952638354
1577.6013514585002,0.999596231298684,1577.6013514585002,1.0040071109655588,1577.6013514585002,1.0036017243182522,1577.5735729703551,1.0064915174215268
1577.6027403831167,1.0040471177828718,1577.6027403831167,1.0039321793328486,1577.6027403831167,1.007995211108624,1577.5749618949717,1.0078895484739792
1577.6041293072683,0.9935959421639458,1577.6041293072683,1.0039110680131065,1577.6041293072683,0.9974819634712956,1577.5763508191226,1.0068110884632118
1577.6055182318855,0.9960546289890788,1577.6055182318855,1.0038771772112065,1577.6055182318855,0.999916509297712,1577.5777397437396,1.0257454266699315
1577.6069071560364,1.0073464798603142,1577.6069071560364,1.0039383919013554,1577.6069071560364,1.011313805078455,1577.579128668357,0.9984826833364336
1577.608296080653,1.001119242552661,1577.608296080653,1.0038116681930467,1577.608296080653,1.004935176926946,1577.5805175925077,1.0002726132875803
1577.6096850048043,1.008121215979123,1577.6096850048043,1.0037659060668676,1577.6096850048043,1.0119177057825168,1577.581906517124,1.0060042269359089
1577.6110739294209,1.0213411092350406,1577.6110739294209,1.003715466257823,1577.6110739294209,1.025135867664131,1577.5832954412758,0.9970078346875484
1577.6124628535715,1.0094873175723356,1577.6124628535715,1.003719450723263,1577.6124628535715,1.0132420559058049,1577.5846843658928,1.0075672712879842
1577.613851777723,1.0097660365133214,1577.613851777723,1.003846101958637,1577.613851777723,1.0136496996441204,1577.5860732900435,1.004467690497414
1577.6152407023403,1.0102925110899794,1577.6152407023403,1.0038031821307094,1577.6152407023403,1.0141348375149464,1577.5874622146605,1.0105896654624429
1577.616629626491,0.9933843766916046,1577.616629626491,1.003730057016739,1577.616629626491,0.997089757056202,1577.5888511392773,0.9943489863998104
1577.6180185511075,1.0127296610977126,1577.6180185511075,1.0036405437058356,1577.6180185511075,1.0164165476911349,1577.5902400634282,0.9972044606729732
1577.619407475259,0.9879586403609897,1577.619407475259,1.0035157645748194,1577.619407475259,0.9914320703501576,1577.5916289880447,1.0059668329418086
1577.6207963998763,1.0031304652086508,1577.6207963998763,1.0034785814827285,1577.6207963998763,1.0066199362696864,1577.593017912196,1.004865124691288
1577.6221853240272,1.004353677151831,1577.6221853240272,1.0033787811073722,1577.6221853240272,1.0077471683813115,1577.5944068368135,1.008288827766246
1577.623574248178,0.9956839674032038,1577.623574248178,1.0033496045417727,1577.623574248178,0.9990191149425878,1577.5957957609644,1.0028820129383835
1577.624963172795,0.9813065753602547,1577.624963172795,1.0033660435564091,1577.624963172795,0.984609696035108,1577.5971846855807,1.0085924694584707
1577.6277410210969,0.9913180112699272,1577.6277410210969,1.003400053967723,1577.6277410210969,0.9946885460074208,1577.5985736097325,0.9967540721552172
1577.629129945714,0.9931143191113956,1577.629129945714,1.0033865530213932,1577.629129945714,0.9964775534093712,1577.5999625343493,1.0074379913939076
1577.6305188698657,0.9986808903384973,1577.6305188698657,1.0034504753830045,1577.6305188698657,1.0021268141660873,1577.6013514585002,1.0036017243182522
1577.6319077944822,1.0007591460048428,1577.6319077944822,1.0034353836071228,1577.6319077944822,1.004197137569706,1577.6027403831167,1.007995211108624
1577.633296718633,1.0017357030331688,1577.633296718633,1.0033655953898877,1577.633296718633,1.0051071400971832,1577.6041293072683,0.9974819634712956
1577.6346856427845,1.0024254626575944,1577.6346856427845,1.0032986729605264,1577.6346856427845,1.0057321364262062,1577.6055182318855,0.999916509297712
1577.6360745674017,0.9969566497496245,1577.6360745674017,1.0033477395331019,1577.6360745674017,1.00029420093878,1577.6069071560364,1.011313805078455
1577.6374634915524,0.9975317877114049,1577.6374634915524,1.0034266804744187,1577.6374634915524,1.0009500104109676,1577.608296080653,1.004935176926946
1577.6388524157032,1.0056980703190155,1577.6388524157032,1.003403931504404,1577.6388524157032,1.0091213976644928,1577.6096850048043,1.0119177057825168
1577.6402413403202,1.001500986913053,1577.6402413403202,1.0034625735270983,1577.6402413403202,1.004968757717701,1577.6110739294209,1.025135867664131
1577.641630264472,0.9949577463345534,1577.641630264472,1.003508555210257,1577.641630264472,0.998448610519441,1577.6124628535715,1.0132420559058049
1577.643019188623,1.0062822912816711,1577.643019188623,1.003403420835032,1577.643019188623,1.0097070933977428,1577.613851777723,1.0136496996441204
1577.6444081132397,0.9930699598522289,1577.6444081132397,1.0035225377127353,1577.6444081132397,0.9965680862371928,1577.6152407023403,1.0141348375149464
1577.6457970373908,1.0040173797840768,1577.6457970373908,1.0035756269907294,1577.6457970373908,1.0076073714263942,1577.616629626491,0.997089757056202
1577.6471859615417,1.0080237194228288,1577.6471859615417,1.0036003267287759,1577.6471859615417,1.0116529341631069,1577.6180185511075,1.0164165476911349
1577.6485748856926,0.9976485883255928,1577.6485748856926,1.0036890798407234,1577.6485748856926,1.0013289936209109,1577.619407475259,0.9914320703501576
1577.6499638103096,1.0107708455100237,1577.6499638103096,1.0036812454118134,1577.6499638103096,1.014491741047452,1577.6207963998763,1.0066199362696864
1577.6513527344612,0.9906681867170251,1577.6513527344612,1.0036425867719583,1577.6513527344612,0.9942767815493604,1577.6221853240272,1.0077471683813115
1577.6541305832284,0.9798311579755423,1577.6541305832284,1.0036847228601642,1577.6541305832284,0.983441564242436,1577.623574248178,0.9990191149425878
1577.6555195073802,1.0089284291118668,1577.6555195073802,1.0037672384292324,1577.6555195073802,1.012729303062362,1577.624963172795,0.984609696035108
1577.6569084315315,1.0051043387215701,1577.6569084315315,1.003901812685703,1577.6569084315315,1.0090260675808491,1577.626352096946,1.0262004279336705
1577.6582973556824,1.0000247598714405,1577.6582973556824,1.0039186411474428,1577.6582973556824,1.0039434980439343,1577.6277410210969,0.9946885460074208
1577.6596862798333,1.004816511078562,1577.6596862798333,1.0038223723380735,1577.6596862798333,1.0086572939153482,1577.629129945714,0.9964775534093712
1577.6610752044503,1.004126801648651,1577.6610752044503,1.003759042631714,1577.6610752044503,1.007901357103695,1577.6305188698657,1.0021268141660873
1577.6624641286012,0.9994458702943633,1577.6624641286012,1.003756442169744,1577.6624641286012,1.0032002309079135,1577.6319077944822,1.004197137569706
1577.663853052752,0.9962279216371162,1577.663853052752,1.0037057025281901,1577.663853052752,0.9999196459649804,1577.633296718633,1.0051071400971832
1577.6652419769034,1.011496832122568,1577.6652419769034,1.0036885732695202,1577.6652419769034,1.0152278122997396,1577.6346856427845,1.0057321364262062
1577.6666309015209,1.0007771419980995,1577.6666309015209,1.0037080244234091,1577.6666309015209,1.004488048083018,1577.6360745674017,1.00029420093878
1577.6680198256718,0.9916866971452177,1577.6680198256718,1.003690615157265,1577.6680198256718,0.99534663110096,1577.6374634915524,1.0009500104109676
1577.6694087498224,1.002081000410114,1577.6694087498224,1.0036166099095682,1577.6694087498224,1.0057051364863872,1577.6388524157032,1.0091213976644928
1577.670797673974,1.011303190252322,1577.670797673974,1.003644548286129,1577.670797673974,1.0149889335611129,1577.6402413403202,1.004968757717701
1577.672186598125,0.993106889291134,1577.672186598125,1.0035812127254913,1577.672186598125,0.9966634163208364,1577.641630264472,0.998448610519441
1577.673575522742,1.0065955139337615,1577.673575522742,1.0035873869384553,1577.673575522742,1.0102065615327551,1577.643019188623,1.0097070933977428
1577.6749644468928,1.0027252088336425,1577.6749644468928,1.0036355470182867,1577.6749644468928,1.0063706634767786,1577.6444081132397,0.9965680862371928
1577.676353371044,0.9971829272667405,1577.676353371044,1.0035909672289502,1577.676353371044,1.000763778479824,1577.6457970373908,1.0076073714263942
1577.677742295196,1.003338201907369,1577.677742295196,1.0036629431990327,1577.677742295196,1.0070133727503754,1577.6471859615417,1.0116529341631069
1577.6791312193468,0.9945815627659177,1577.6791312193468,1.0037724775531924,1577.6791312193468,0.9983335993862712,1577.6485748856926,1.0013289936209109
1577.6805201434977,0.9999713568088456,1577.6805201434977,1.0036363144766354,1577.6805201434977,1.0036075671298303,1577.6499638103096,1.014491741047452
1577.681909067649,0.9931084635486346,1577.681909067649,1.003766402967328,1577.681909067649,0.9968489102126228,1577.6513527344612,0.9942767815493604
1577.6832979922656,1.0081247613591515,1577.6832979922656,1.0038734098617736,1577.6832979922656,1.0120296417516983,1577.6527416586118,1.025336183846342
1577.6846869164165,0.9961975939316925,1577.6846869164165,1.0037420004435007,1577.6846869164165,0.9999253657699992,1577.6541305832284,0.983441564242436
1577.6860758405678,0.9975415305578215,1577.6860758405678,1.0038387843305845,1577.6860758405678,1.001370877354434,1577.6555195073802,1.012729303062362
1577.6874647647194,1.0086931765357205,1577.6874647647194,1.0038935414845338,1577.6874647647194,1.0126205652637286,1577.6569084315315,1.0090260675808491
1577.68885368887,1.009111441845554,1577.68885368887,1.0040088441640211,1577.68885368887,1.0131568123600436,1577.6582973556824,1.0039434980439343
1577.690242613021,0.9891956436864244,1577.690242613021,1.0040054232103517,1577.690242613021,0.9931577908772248,1577.6596862798333,1.0086572939153482
1577.6916315371727,1.0037328688649776,1577.6916315371727,1.0040080713772086,1577.6916315371727,1.0077559018470388,1577.6610752044503,1.007901357103695
1577.693020461324,0.9952555339594207,1577.693020461324,1.0039999728123254,1577.693020461324,0.9992365290365748,1577.6624641286012,1.0032002309079135
1577.694409385475,0.9991907871037584,1577.694409385475,1.0040326341263415,1577.694409385475,1.003220157970559,1577.663853052752,0.9999196459649804
1577.6957983096258,0.9910086141681962,1577.6957983096258,1.004149362401194,1577.6957983096258,0.995120668051085,1577.6652419769034,1.0152278122997396
1577.6971872342428,0.9898088584599173,1577.6971872342428,1.0040849967290473,1577.6971872342428,0.993852224409108,1577.6666309015209,1.004488048083018
1577.6985761583935,1.0035002037750917,1577.6985761583935,1.004127653884503,1577.6985761583935,1.0076423052893035,1577.6680198256718,0.99534663110096
1577.6999650825446,0.9984950089859004,1577.6999650825446,1.0040557007528537,1577.6999650825446,1.0025446059455652,1577.6694087498224,1.0057051364863872
1577.701354006696,1.0122705935473923,1577.701354006696,1.0040086316541228,1577.701354006696,1.016328413491224,1577.670797673974,1.0149889335611129
1577.7027429308478,0.9943239656767573,1577.7027429308478,1.0040096981837958,1577.7027429308478,0.998310904676036,1577.672186598125,0.9966634163208364
1577.7041318549986,0.9969305618092406,1577.7041318549986,1.0039882073388482,1577.7041318549986,1.0009065275921702,1577.673575522742,1.0102065615327551
1577.7055207791493,1.0048797011856894,1577.7055207791493,1.003984848946761,1577.7055207791493,1.0088839950045807,1577.6749644468928,1.0063706634767786
1577.7069097033009,0.9951335242573042,1577.7069097033009,1.0038932821482194,1577.7069097033009,0.9990078598423898,1577.676353371044,1.000763778479824
1577.7082986274522,1.000434407791759,1577.7082986274522,1.0039979651676807,1577.7082986274522,1.0044341097066598,1577.677742295196,1.0070133727503754
1577.709687551603,0.9993294279577017,1577.709687551603,1.0040108293239494,1577.709687551603,1.00333756773164,1577.6791312193468,0.9983335993862712
1577.711076475754,1.0076868170815902,1577.711076475754,1.003959605097249,1577.711076475754,1.011676858938937,1577.6805201434977,1.0036075671298303
1577.712465399905,1.0081115221650028,1577.712465399905,1.003834004149891,1577.712465399905,1.0119766259245364,1577.681909067649,0.9968489102126228
1577.7138543240571,1.0137153713244067,1577.7138543240571,1.0039430925002346,1577.7138543240571,1.0177125448024484,1577.6832979922656,1.0120296417516983
1577.715243248208,0.9903754407036914,1577.715243248208,1.0039298771864318,1577.715243248208,0.9942674945541152,1577.6846869164165,0.9999253657699992
1577.716632172359,1.0155591724786937,1577.716632172359,1.003897180150781,1577.716632172359,1.0195169895276213,1577.6860758405678,1.001370877354434
1577.7180210965105,0.9991614399296237,1577.7180210965105,1.0038472977848392,1577.7180210965105,1.0030055115241616,1577.6874647647194,1.0126205652637286
1577.7194100206611,0.9899417968929173,1577.7194100206611,1.0038004301098846,1577.7194100206611,0.9937040015048624,1577.68885368887,1.0131568123600436
1577.720798944812,1.0030439907329225,1577.720798944812,1.0037463453911113,1577.720798944812,1.0068017399646867,1577.690242613021,0.9931577908772248
1577.7221878689634,1.008859162152442,1577.7221878689634,1.0036430853391336,1577.7221878689634,1.0125345221753304,1577.6916315371727,1.0077559018470388
1577.723576793115,1.0127604388636835,1577.723576793115,1.0036483626879538,1577.723576793115,1.0164553562606695,1577.693020461324,0.9992365290365748
1577.7249657172656,0.9865805917201336,1577.7249657172656,1.003554968521381,1577.7249657172656,0.990087854667504,1577.694409385475,1.003220157970559
1577.7263546409508,0.9996052681041676,1577.7263546409508,1.0035375005292964,1577.7263546409508,1.0031413722691735,1577.6957983096258,0.995120668051085
1577.7277435651026,0.9905631615946621,1577.7277435651026,1.003497971991014,1577.7277435651026,0.9940281237892504,1577.6971872342428,0.993852224409108
1577.729132489254,0.9879657739771798,1577.729132489254,1.003552780164402,1577.729132489254,0.991475799182074,1577.6985761583935,1.0076423052893035
1577.7305214134049,1.007621704540764,1577.7305214134049,1.0035121885079643,1577.7305214134049,1.0111606619118276,1577.6999650825446,1.0025446059455652
1577.7319103375555,0.9921040987262839,1577.7319103375555,1.0034776264422345,1577.7319103375555,0.9955542661734637,1577.701354006696,1.016328413491224
1577.733299261707,0.9943223290392886,1577.733299261707,1.003488866066079,1577.733299261707,0.9977913864718184,1577.7027429308478,0.998310904676036
1577.7346881858589,0.9989591268240341,1577.7346881858589,1.0034762389270053,1577.7346881858589,1.002431747427187,1577.7041318549986,1.0009065275921702
1577.736077110009,1.000732479282418,1577.736077110009,1.0034631056865961,1577.736077110009,1.0041981216221822,1577.7055207791493,1.0088839950045807
1577.7374660341602,1.0130488577017447,1577.7374660341602,1.003398318315308,1577.7374660341602,1.0164915201891742,1577.7069097033009,0.9990078598423898
1577.738854958312,0.9995932352418995,1577.738854958312,1.0033863462723667,1577.738854958312,1.0029782040679438,1577.7082986274522,1.0044341097066598
1577.740243881997,0.9954884385534082,1577.740243881997,1.0032894789217799,1577.740243881997,0.9987630767889052,1577.709687551603,1.00333756773164
1577.7416328061477,0.9964543764061443,1577.7416328061477,1.0032734230353035,1577.7416328061477,0.9997161931155012,1577.711076475754,1.011676858938937
1577.7430217302997,0.9881438476931969,1577.7430217302997,1.003167342705801,1577.7430217302997,0.99127363790147,1577.712465399905,1.0119766259245364
1577.7444106544508,0.9961250913579349,1577.7444106544508,1.0032042385971305,1577.7444106544508,0.9993169138232342,1577.7138543240571,1.0177125448024484
1577.7457995786017,0.9969279534770195,1577.7457995786017,1.0031584748461626,1577.7457995786017,1.000076725341513,1577.715243248208,0.9942674945541152
1577.7471885027526,0.9996088383596828,1577.7471885027526,1.0031726891882682,1577.7471885027526,1.002780286513644,1577.716632172359,1.0195169895276213
1577.748577426904,1.0058787599790957,1577.748577426904,1.0032764535319416,1577.748577426904,1.0091744749949343,1577.7180210965105,1.0030055115241616
1577.74996635059,0.9973401833159672,1577.74996635059,1.0032801606757977,1577.74996635059,1.000611619365673,1577.7194100206611,0.9937040015048624
1577.751355274741,0.9993315012369564,1577.751355274741,1.0032089765709407,1577.751355274741,1.0025383326110286,1577.720798944812,1.0068017399646867
1577.7527441988916,1.0038768281646848,1577.7527441988916,1.0032741039597235,1577.7527441988916,1.0071636252628535,1577.7221878689634,1.0125345221753304
1577.7541331230432,0.9995436582968225,1577.7541331230432,1.0033860272868476,1577.7541331230432,1.0029281403982109,1577.723576793115,1.0164553562606695
1577.755522047194,0.9946843673809668,1577.755522047194,1.0034122546931696,1577.755522047194,0.998078483781785,1577.7249657172656,0.990087854667504
1577.7569109708793,0.9975336189627331,1577.7569109708793,1.0033393224407388,1577.7569109708793,1.0008647053619266,1577.7263546409508,1.0031413722691735
1577.7582998950306,0.9954112395928183,1577.7582998950306,1.0032914764687098,1577.7582998950306,0.9986876122646272,1577.7277435651026,0.9940281237892504
1577.759688819182,1.00679499944423,1577.759688819182,1.0032024623683327,1577.759688819182,1.0100192225425757,1577.729132489254,0.991475799182074
1577.7610777433329,1.0013411511919479,1577.7610777433329,1.0032559422281657,1577.7610777433329,1.004601460130914,1577.7305214134049,1.0111606619118276
1577.7624666674835,1.0001075155717827,1577.7624666674835,1.0032902791341882,1577.7624666674835,1.0033981484622134,1577.7319103375555,0.9955542661734637
1577.76385559117,1.001444314771561,1577.76385559117,1.003171999030705,1577.76385559117,1.0046208951673214,1577.733299261707,0.9977913864718184
1577.7652445153212,1.0066759631582778,1577.7652445153212,1.0031897327941734,1577.7652445153212,1.00988699049107,1577.7346881858589,1.002431747427187
1577.766633439472,0.9827404502131281,1577.766633439472,1.0032923659358577,1577.766633439472,0.9859759913951992,1577.736077110009,1.0041981216221822
1577.768022363623,1.0080482162246138,1577.768022363623,1.0033058368293453,1577.768022363623,1.011380659143565,1577.7374660341602,1.0164915201891742
1577.769411287309,0.9995108456830656,1577.769411287309,1.0033752168851389,1577.769411287309,1.0028844115662945,1577.738854958312,1.0029782040679438
1577.7708002114605,1.0013748958322362,1577.7708002114605,1.0032603367153332,1577.7708002114605,1.004639715170931,1577.740243881997,0.9987630767889052
1577.772189135611,1.0037336715217264,1577.772189135611,1.0031711779361001,1577.772189135611,1.006916689594577,1577.7416328061477,0.9997161931155012
1577.7735780597618,1.0074947581516451,1577.7735780597618,1.0031597901705283,1577.7735780597618,1.0106782301853114,1577.7430217302997,0.99127363790147
1577.774966983448,1.003785320182884,1577.774966983448,1.0030310237769475,1577.774966983448,1.0068278173553091,1577.7444106544508,0.9993169138232342
1577.7763559075986,1.0003939184991029,1577.7763559075986,1.0030300977946343,1577.7763559075986,1.0034252099053125,1577.7457995786017,1.000076725341513
1577.7777448317493,1.000320657289844,1577.7777448317493,1.0030238132538436,1577.7777448317493,1.0033454401514506,1577.7471885027526,1.002780286513644
1577.7791337554354,1.0200902788765358,1577.7791337554354,1.0030979667306754,1577.7791337554354,1.0232504846227808,1577.748577426904,1.0091744749949343
1577.7805226795867,1.0115812989154926,1577.7805226795867,1.002971967998641,1577.7805226795867,1.0145876861638932,1577.74996635059,1.000611619365673
1577.7819116037376,1.0154405724495874,1577.7819116037376,1.0029057333554494,1577.7819116037376,1.018391171991431,1577.751355274741,1.0025383326110286
1577.7833005274229,0.9806545289203557,1577.7833005274229,1.0029520202981004,1577.7833005274229,0.9835494409951526,1577.7527441988916,1.0071636252628535
1577.7846894515742,1.0008721881720375,1577.7846894515742,1.0029264388771342,1577.7846894515742,1.0038011794545465,1577.7541331230432,1.0029281403982109
1577.7874672994112,0.9922463544851277,1577.7874672994112,1.0028642945721202,1577.7874672994112,0.9950884403324854,1577.755522047194,0.998078483781785
1577.788856223562,1.003791409911781,1577.788856223562,1.0028555244114072,1577.788856223562,1.006657760786745,1577.7569109708793,1.0008647053619266
1577.7902451477134,1.0092570012686932,1577.7902451477134,1.00285659536329,1577.7902451477134,1.0121400401388854,1577.7582998950306,0.9986876122646272
1577.791634071399,0.9908477122637349,1577.791634071399,1.0028219664827445,1577.791634071399,0.9936438512972472,1577.759688819182,1.0100192225425757
1577.7930229955496,0.9806445723403946,1577.7930229955496,1.0029429491879824,1577.7930229955496,0.9835305594882632,1577.7610777433329,1.004601460130914
1577.794411919701,0.9957694155547695,1577.794411919701,1.0028452361891806,1577.794411919701,0.9986026147319852,1577.7624666674835,1.0033981484622134
1577.7958008433866,0.9997252067938659,1577.7958008433866,1.002836169364512,1577.7958008433866,1.0025605967983051,1577.76385559117,1.0046208951673214
1577.7971897675377,0.9974812906381663,1577.7971897675377,1.002958313288513,1577.7971897675377,1.0004321527953042,1577.7652445153212,1.00988699049107
1577.7985786912227,1.0015210449526262,1577.7985786912227,1.0029333273497414,1577.7985786912227,1.0044588340251273,1577.766633439472,0.9859759913951992
1577.7999676153745,0.9945889180558909,1577.7999676153745,1.0028533165028604,1577.7999676153745,0.9974267950293418,1577.768022363623,1.011380659143565
1577.8013565395258,1.0147092480375117,1577.8013565395258,1.0029419410599223,1577.8013565395258,1.017694462838196,1577.769411287309,1.0028844115662945
1577.802745463211,1.0052511138234963,1577.802745463211,1.0029151444674205,1577.802745463211,1.0081815660463271,1577.7708002114605,1.004639715170931
1577.804134387362,0.9924925189804311,1577.804134387362,1.0029208764358841,1577.804134387362,0.9953914669919124,1577.772189135611,1.006916689594577
1577.8055233110476,1.0118888164423216,1577.8055233110476,1.0028952094139836,1577.8055233110476,1.0148184464695902,1577.7735780597618,1.0106782301853114
1577.8069122351992,1.00503989490723,1577.8069122351992,1.0029111228737586,1577.8069122351992,1.0079656895343343,1577.774966983448,1.0068278173553091
1577.8083011588842,0.9896901802047738,1577.8083011588842,1.0027896371408294,1577.8083011588842,0.9924510566893872,1577.7763559075986,1.0034252099053125
1577.809690083035,1.003820599533181,1577.809690083035,1.0027475093993712,1577.809690083035,1.006578606065681,1577.7777448317493,1.0033454401514506
1577.811079007187,0.9987851564398578,1577.811079007187,1.002689915623351,1577.811079007187,1.0014718042365365,1577.7791337554354,1.0232504846227808
1577.812467930872,1.0077894524756958,1577.812467930872,1.0026904451560774,1577.812467930872,1.010500854726455,1577.7805226795867,1.0145876861638932
1577.8138568550226,1.0015713382052198,1577.8138568550226,1.0026684103852055,1577.8138568550226,1.0042439415656108,1577.7819116037376,1.018391171991431
1577.815245778709,0.9927510255519543,1577.815245778709,1.002678307405838,1577.815245778709,0.9954099179758434,1577.7833005274229,0.9835494409951526
1577.81663470286,0.995124782243713,1577.81663470286,1.0026275051195934,1577.81663470286,0.9977394777036926,1577.7846894515742,1.0038011794545465
1577.8180236265453,1.00897112903095,1577.8180236265453,1.0026315051366106,1577.8180236265453,1.0116262417396866,1577.786078375726,1.0257753787671795
1577.819412550696,1.007371328910866,1577.819412550696,1.0025638015308078,1577.819412550696,1.0099540290660194,1577.7874672994112,0.9950884403324854
1577.8208014743818,0.999497818376203,1577.8208014743818,1.0026960351920093,1577.8208014743818,1.0021924996688818,1577.788856223562,1.006657760786745
1577.8221903985336,1.0117390201368632,1577.8221903985336,1.0028247927236102,1577.8221903985336,1.0145969731591384,1577.7902451477134,1.0121400401388854
1577.8235793222186,0.9968604832942769,1577.8235793222186,1.002808065779822,1577.8235793222186,0.9996597331046724,1577.791634071399,0.9936438512972472
1577.8249682463693,0.998842167046013,1577.8249682463693,1.0028374824297022,1577.8249682463693,1.0016763641450517,1577.7930229955496,0.9835305594882632
1577.8263571700554,1.0013692551371356,1577.8263571700554,1.0027592798176277,1577.8263571700554,1.0041323131128284,1577.794411919701,0.9986026147319852
1577.8277460942063,0.9894502098204808,1577.8277460942063,1.002838595708757,1577.8277460942063,0.992258858940106,1577.7958008433866,1.0025605967983051
1577.8291350178915,0.9969740985828613,1577.8291350178915,1.0029042100624503,1577.8291350178915,0.999869520791968,1577.7971897675377,1.0004321527953042
1577.8305239420429,0.9903122347357477,1577.8305239420429,1.0027810428548263,1577.8305239420429,0.9930663355002066,1577.7985786912227,1.0044588340251273
1577.8319128657286,1.006541715101997,1577.8319128657286,1.0028844436123063,1577.8319128657286,1.0094450279226428,1577.7999676153745,0.9974267950293418
1577.8333017898794,1.0068355266790052,1577.8333017898794,1.0028003927844624,1577.8333017898794,1.0096550616230575,1577.8013565395258,1.017694462838196
1577.834690713565,0.9957764174998088,1577.834690713565,1.0028656695835785,1577.834690713565,0.9986299836914828,1577.802745463211,1.0081815660463271
1577.8360796372506,0.9898834809765432,1577.8360796372506,1.0027226154023186,1577.8360796372506,0.9925785529883506,1577.804134387362,0.9953914669919124
1577.837468561402,1.0054655442112634,1577.837468561402,1.0025775131878059,1577.837468561402,1.0080571449113525,1577.8055233110476,1.0148184464695902
1577.8388574850874,0.9914123776084112,1577.8388574850874,1.0024531642355652,1577.8388574850874,0.9938444749958568,1577.8069122351992,1.0079656895343343
1577.8402464092385,1.0000674059549017,1577.8402464092385,1.0025529229556898,1577.8402464092385,1.002620500992801,1577.8083011588842,0.9924510566893872
1577.841635332924,0.982444435564646,1577.841635332924,1.0025669828221877,1577.841635332924,0.9849663535544944,1577.809690083035,1.006578606065681
1577.8430242570753,1.0007840210686754,1577.8430242570753,1.0024853590567886,1577.8430242570753,1.0032713286993278,1577.811079007187,1.0014718042365365
1577.8444131807605,0.9945232044068388,1577.8444131807605,1.0025887878408515,1577.8444131807605,0.997097813985852,1577.812467930872,1.010500854726455
1577.8458021044455,0.9842250380918777,1577.8458021044455,1.002606497126927,1577.8458021044455,0.9867904178259138,1577.8138568550226,1.0042439415656108
1577.8471910285975,0.9949899912689221,1577.8471910285975,1.0026010717173885,1577.8471910285975,0.9975780315942964,1577.815245778709,0.9954099179758434
1577.8485799522823,0.9823699336609714,1577.8485799522823,1.002567387137106,1577.8485799522823,0.9848920575925322,1577.81663470286,0.9977394777036926
1577.8499688759675,0.9991127959211313,1577.8499688759675,1.0026668611561185,1577.8499688759675,1.0017772910271543,1577.8180236265453,1.0116262417396866
1577.851357800119,1.0009277745660692,1577.851357800119,1.0027163270073047,1577.851357800119,1.0036466217124844,1577.819412550696,1.0099540290660194
1577.852746723805,0.9998694807954193,1577.852746723805,1.0027602984449062,1577.852746723805,1.002629418968368,1577.8208014743818,1.0021924996688818
1577.854135647956,0.9929094921181543,1577.854135647956,1.0028324540303095,1577.854135647956,0.995721862610837,1577.8221903985336,1.0145969731591384
1577.8555245716411,1.002722244750128,1577.8555245716411,1.002705281885539,1577.8555245716411,1.0054348910750777,1577.8235793222186,0.9996597331046724
1577.8569134953268,1.003274488674257,1577.8569134953268,1.0028367520512333,1577.8569134953268,1.0061205296379538,1577.8249682463693,1.0016763641450517
1577.8583024194786,1.0054824290790267,1577.8583024194786,1.0029205280393638,1577.8583024194786,1.0084189687062397,1577.8263571700554,1.0041323131128284
1577.8596913431636,0.9997952989330204,1577.8596913431636,1.0029917503230836,1577.8596913431636,1.0027864368416208,1577.8277460942063,0.992258858940106
1577.8610802668486,1.000008503674641,1577.8610802668486,1.0030270572122186,1577.8610802668486,1.0030355866279692,1577.8291350178915,0.999869520791968
1577.8624691910004,1.0072593088306243,1577.8624691910004,1.0030025811510976,1577.8624691910004,1.0102836866455869,1577.8305239420429,0.9930663355002066
1577.863858114686,0.9975632049727274,1577.863858114686,1.0030212732766912,1577.863858114686,1.000577116025722,1577.8319128657286,1.0094450279226428
1577.8652470383713,0.9885182496891701,1577.8652470383713,1.0030276769090634,1577.8652470383713,0.9915111635679418,1577.8333017898794,1.0096550616230575
1577.8666359620563,0.9961391615264095,1577.8666359620563,1.0030604111624688,1577.8666359620563,0.9991877569357172,1577.834690713565,0.9986299836914828
1577.868024886208,0.9954543475294875,1577.868024886208,1.0030616882139471,1577.868024886208,0.998502118372841,1577.8360796372506,0.9925785529883506
1577.869413809893,0.999209676131875,1577.869413809893,1.0030762796482973,1577.869413809893,1.0022835245229411,1577.837468561402,1.0080571449113525
1577.8708027335783,1.0078830525151419,1577.8708027335783,1.0031486632661553,1577.8708027335783,1.0110565368591768,1577.8388574850874,0.9938444749958568
1577.87219165773,1.0085673473908892,1577.87219165773,1.0032204264221847,1577.87219165773,1.0118153643249794,1577.8402464092385,1.002620500992801
1577.8735805814158,0.9967753217194498,1577.8735805814158,1.003089770821913,1577.8735805814158,0.9998551290245016,1577.841635332924,0.9849663535544944
1577.874969505101,0.989198407603021,1577.874969505101,1.003036171783511,1577.874969505101,0.9922017838964794,1577.8430242570753,1.0032713286993278
1577.8763584287865,0.9999359327988989,1577.8763584287865,1.0030339166877071,1577.8763584287865,1.0029696551120555,1577.8444131807605,0.997097813985852
1577.8777473529376,1.0044763655144229,1577.8777473529376,1.0030252090508471,1577.8777473529376,1.007515116506739,1577.8458021044455,0.9867904178259138
1577.8791362766233,1.0025067987077567,1577.8791362766233,1.0029617520420158,1577.8791362766233,1.005475975265964,1577.8471910285975,0.9975780315942964
1577.8805252003085,0.9933991188520731,1577.8805252003085,1.0029393428581908,1577.8805252003085,0.996319059457404,1577.8485799522823,0.9848920575925322
1577.8819141239935,0.9975752167457804,1577.8819141239935,1.0028980976283945,1577.8819141239935,1.0004662871155765,1577.8499688759675,1.0017772910271543
1577.8833030476796,0.9924693941796747,1577.8833030476796,1.0030009472641612,1577.8833030476796,0.995447742492902,1577.851357800119,1.0036466217124844
1577.8846919718303,1.0028155043233844,1577.8846919718303,1.0030042417701301,1577.8846919718303,1.0058282045492069,1577.852746723805,1.002629418968368
1577.8860808955155,1.0015507879632606,1577.8860808955155,1.002913614201915,1577.8860808955155,1.0044689205630095,1577.854135647956,0.995721862610837
1577.8874698192017,0.9868405124914152,1577.8874698192017,1.0029342800439487,1577.8874698192017,0.9897361789137789,1577.8555245716411,1.0054348910750777
1577.8888587428874,1.003964690028147,1577.8888587428874,1.002901931750142,1577.8888587428874,1.006878127038161,1577.8569134953268,1.0061205296379538
1577.8902476665726,1.0076718639698155,1577.8902476665726,1.002802630596841,1577.8902476665726,1.010495995967353,1577.8583024194786,1.0084189687062397
1577.8916365907237,1.0130758021742965,1577.8916365907237,1.0028235462726232,1577.8916365907237,1.0159362685794104,1577.8596913431636,1.0027864368416208
1577.8930255144091,1.0003916369083117,1577.8930255144091,1.0027905262213235,1577.8930255144091,1.003183256002697,1577.8610802668486,1.0030355866279692
1577.8944144380953,0.9930984709339749,1577.8944144380953,1.002871323866653,1577.8944144380953,0.995949978275504,1577.8624691910004,1.0102836866455869
1577.8958033617805,0.9978620953058023,1577.8958033617805,1.0028478058136632,1577.8958033617805,1.0007038127820482,1577.863858114686,1.000577116025722
1577.8971922854653,0.9973333295579275,1577.8971922854653,1.0028058003572993,1577.8971922854653,1.0001316477703477,1577.8652470383713,0.9915111635679418
1577.8985812091514,0.9937617148230632,1577.8985812091514,1.002663756696721,1577.8985812091514,0.996408854245868,1577.8666359620563,0.9991877569357172
1577.8999701333028,0.991437121798718,1577.8999701333028,1.0025541991579228,1577.8999701333028,0.9939694496603496,1577.868024886208,0.998502118372841
1577.901359056988,0.9997732990262608,1577.901359056988,1.0025601315113626,1577.901359056988,1.0023328501533169,1577.869413809893,1.0022835245229411
1577.9027479806732,1.0059900658154257,1577.9027479806732,1.0024994207548719,1577.9027479806732,1.0085044582651197,1577.8708027335783,1.0110565368591768
1577.904136904359,0.9935749980785868,1577.904136904359,1.0023765342023447,1577.904136904359,0.9959362630441152,1577.87219165773,1.0118153643249794
1577.905525828044,0.9991618600296464,1577.905525828044,1.0023263472822783,1577.905525828044,1.0014862575072825,1577.8735805814158,0.9998551290245016
1577.9069147517291,1.0074696042836009,1577.9069147517291,1.0023133254539933,1577.9069147517291,1.0098002093633147,1577.874969505101,0.9922017838964794
1577.908303675415,1.0030224533424894,1577.908303675415,1.0023288886951334,1577.908303675415,1.0053583809950437,1577.8763584287865,1.0029696551120555
1577.9096925991012,0.9911950127810333,1577.9096925991012,1.00226272580074,1577.9096925991012,0.9934378153100176,1577.8777473529376,1.007515116506739
1577.911081523252,1.0069144852860186,1577.911081523252,1.0023281512347444,1577.911081523252,1.0092587344882191,1577.8791362766233,1.005475975265964
1577.9124704469373,0.9965604226343037,1577.9124704469373,1.0023892316129117,1577.9124704469373,0.9989414363002382,1577.8805252003085,0.996319059457404
1577.913859370623,1.011097565151068,1577.913859370623,1.0024306298786099,1577.913859370623,1.013555169103114,1577.8819141239935,1.0004662871155765
1577.9152482943086,0.9986027846156029,1577.9152482943086,1.0022953259213805,1577.9152482943086,1.0008949034722938,1577.8833030476796,0.995447742492902
1577.916637217994,1.0080146457507224,1577.916637217994,1.0024274532024653,1577.916637217994,1.0104615541306818,1577.8846919718303,1.0058282045492069
1577.918026141679,0.9898994900277561,1577.918026141679,1.0025117430710115,1577.918026141679,0.9923858632128312,1577.8860808955155,1.0044689205630095
1577.919415065365,1.0078249081494803,1577.919415065365,1.0025423334866612,1577.919415065365,1.01038713516216,1577.8874698192017,0.9897361789137789
1577.92080398905,1.011466999209472,1577.92080398905,1.0025653554798482,1577.92080398905,1.0140617716185796,1577.8888587428874,1.006878127038161
1577.9221929127352,1.00361485011536,1577.9221929127352,1.0025463539944568,1577.9221929127352,1.0061704087978474,1577.8902476665726,1.010495995967353
1577.9235818364214,0.9953066511892253,1577.9235818364214,1.0025066478966802,1577.9235818364214,0.9978015345129806,1577.8916365907237,1.0159362685794104
1577.924970760107,1.0123458679792303,1577.924970760107,1.0026164826376862,1577.924970760107,1.0149946533661314,1577.8930255144091,1.003183256002697
1577.9263596837925,1.0014122092271764,1577.9263596837925,1.0026042441657106,1577.9263596837925,1.0040201311305277,1577.8944144380953,0.995949978275504
1577.9277486074775,0.9965744892387518,1577.9277486074775,1.0024992528780126,1577.9277486074775,0.9990651808991357,1577.8958033617805,1.0007038127820482
1577.9291375311632,0.9983577286345038,1577.9291375311632,1.0024905247494609,1577.9291375311632,1.0008441632664835,1577.8971922854653,1.0001316477703477
1577.930526454849,0.9965189001528634,1577.930526454849,1.002435318965437,1577.930526454849,0.998945741529822,1577.8985812091514,0.996408854245868
1577.9319153785343,0.9940914001522684,1577.9319153785343,1.002430899087286,1577.9319153785343,0.9965079360295775,1577.8999701333028,0.9939694496603496
1577.9333043022193,0.9897315180153274,1577.9333043022193,1.002489370088685,1577.9333043022193,0.9921953260521036,1577.901359056988,1.0023328501533169
1577.9346932259054,0.9893391451407832,1577.9346932259054,1.0025298145548314,1577.9346932259054,0.9918419897098248,1577.9027479806732,1.0085044582651197
1577.9360821495911,1.0128429193143376,1577.9360821495911,1.002467415754485,1577.9360821495911,1.0153420238902724,1577.904136904359,0.9959362630441152
1577.9374710732764,1.0058115954504814,1577.9374710732764,1.0023273539051478,1577.9374710732764,1.008152474994996,1577.905525828044,1.0014862575072825
1577.9388599969616,0.9846720042751818,1577.9388599969616,1.0022515769737104,1577.9388599969616,0.986889069086665,1577.9069147517291,1.0098002093633147
1577.9402489206473,0.999845013475475,1577.9402489206473,1.0022592716271952,1577.9402489206473,1.0021039349460128,1577.908303675415,1.0053583809950437
1577.9416378443325,0.997428409857686,1577.9416378443325,1.0022614941819203,1577.9416378443325,0.9996840884034612,1577.9096925991012,0.9934378153100176
1577.9430267680175,0.984854140243004,1577.9430267680175,1.002233087639418,1577.9430267680175,0.9870534058502104,1577.911081523252,1.0092587344882191
1577.9444156917034,1.0127123796195607,1577.9444156917034,1.0022282391536228,1577.9444156917034,1.0149689449951875,1577.9124704469373,0.9989414363002382
1577.9458046153895,1.0079264542759254,1577.9458046153895,1.0023055611636025,1577.9458046153895,1.0102502903646715,1577.913859370623,1.013555169103114
1577.9471935390748,1.0034299366869692,1577.9471935390748,1.002214710661467,1577.9471935390748,1.0056522436657849,1577.9152482943086,1.0008949034722938
1577.94858246276,1.0031978972905333,1577.94858246276,1.0023162447927934,1577.94858246276,1.0055215491962737,1577.916637217994,1.0104615541306818
1577.94997138598,0.9991218675302542,1577.94997138598,1.0024003245838569,1577.94997138598,1.001520084311156,1577.918026141679,0.9923858632128312
1577.9513603096657,1.004525063860268,1577.9513603096657,1.002405526395499,1577.9513603096657,1.0069414754163242,1577.919415065365,1.01038713516216
1577.952749233351,1.0058836510141396,1577.952749233351,1.002538647649375,1577.952749233351,1.0084372351803312,1577.92080398905,1.0140617716185796
1577.954138157036,0.9908092367013648,1577.954138157036,1.0025481187251812,1577.954138157036,0.993333936270486,1577.9221929127352,1.0061704087978474
1577.955527080722,1.0138482496618784,1577.955527080722,1.0026883332062142,1577.955527080722,1.0165738115775065,1577.9235818364214,0.9978015345129806
1577.956916004407,0.9922300663499739,1577.956916004407,1.002633561500914,1577.956916004407,0.9948431652527626,1577.924970760107,1.0149946533661314
1577.9583049280925,1.0129778578101605,1577.9583049280925,1.002651297070358,1577.9583049280925,1.0156635630369102,1577.9263596837925,1.0040201311305277
1577.9596938517784,0.9879000139990897,1577.9596938517784,1.0026110254217613,1577.9596938517784,0.9904794460497996,1577.9277486074775,0.9990651808991357
1577.961082775464,0.9874011743515599,1577.961082775464,1.0026305190040146,1577.961082775464,0.989998551905278,1577.9291375311632,1.0008441632664835
1577.9624716986837,0.9814367943162324,1577.9624716986837,1.0026503038625791,1577.9624716986837,0.984037900043086,1577.930526454849,0.998945741529822
1577.9638606223689,1.0020950628438094,1577.9638606223689,1.002761079042819,1577.9638606223689,1.00486192652074,1577.9319153785343,0.9965079360295775
1577.9652495460546,1.009866235527876,1577.9652495460546,1.0026848495849314,1577.9652495460546,1.0125775744711694,1577.9333043022193,0.9921953260521036
1577.9666384697407,0.9922381667959569,1577.9666384697407,1.002805378864075,1577.9666384697407,0.9950217707772148,1577.9346932259054,0.9918419897098248
1577.9680273934257,1.0018129711941322,1577.9680273934257,1.0028437295577444,1577.9680273934257,1.0046618563516485,1577.9360821495911,1.0153420238902724
1577.9694163171107,1.015622098149994,1577.9694163171107,1.0028368158022813,1577.9694163171107,1.018503230967172,1577.9374710732764,1.008152474994996
1577.9708052403312,1.0081087943198896,1577.9708052403312,1.0028928567826771,1577.9708052403312,1.0110251086832145,1577.9388599969616,0.986889069086665
1577.9721941640169,1.0028944836155544,1577.9721941640169,1.002901643411628,1577.9721941640169,1.0058045257864956,1577.9402489206473,1.0021039349460128
1577.973583087702,1.0015365484815197,1577.973583087702,1.0030094243106698,1577.973583087702,1.0045505969185442,1577.9416378443325,0.9996840884034612
1577.9749720113873,1.0158829827851497,1577.9749720113873,1.0029707441114342,1577.9749720113873,1.018900911174165,1577.9430267680175,0.9870534058502104
1577.976360935073,0.9966355587721003,1577.976360935073,1.0028965828917467,1577.976360935073,0.999522396280946,1577.9444156917034,1.0149689449951875
1577.9777498582926,0.9994420560049957,1577.9777498582926,1.0028308087980413,1577.9777498582926,1.002271285370267,1577.9458046153895,1.0102502903646715
1577.9791387819778,0.9925797326843764,1577.9791387819778,1.0029387728997183,1577.9791387819778,0.995496699103599,1577.9471935390748,1.0056522436657849
1577.9805277056637,1.013492806274657,1577.9805277056637,1.0028723768201426,1577.9805277056637,1.0164039395187818,1577.94858246276,1.0055215491962737
1577.9819166293496,1.0037927436299674,1577.9819166293496,1.0028070746202498,1577.9819166293496,1.006610464764602,1577.94997138598,1.001520084311156
1577.9833055525692,1.0145405260269293,1577.9833055525692,1.0027915002659589,1577.9833055525692,1.0173726161751595,1577.9513603096657,1.0069414754163242
1577.9846944762542,1.018042500866928,1577.9846944762542,1.0027373946949887,1577.9846944762542,1.0208292850080742,1577.952749233351,1.0084372351803312
1577.98608339994,1.0055478476840032,1577.98608339994,1.0027488550861132,1577.98608339994,1.0083119529994395,1577.954138157036,0.993333936270486
1577.9874723236258,1.0022142628737634,1577.9874723236258,1.0026574626624063,1577.9874723236258,1.0048776098570815,1577.955527080722,1.0165738115775065
1577.988861246845,0.9968740516966397,1577.988861246845,1.0026370914561824,1577.988861246845,0.9995028997412588,1577.956916004407,0.9948431652527626
1577.9902501705303,1.000233088342107,1577.9902501705303,1.0026864919430607,1577.9902501705303,1.0029202064751206,1577.9583049280925,1.0156635630369102
1577.9916390942165,0.9899597965642655,1577.9916390942165,1.0027775222922977,1577.9916390942165,0.9927094319677012,1577.9596938517784,0.9904794460497996
1577.9930280179024,0.9981015202628618,1577.9930280179024,1.002807446555558,1577.9930280179024,1.000903636938021,1577.961082775464,0.989998551905278
1577.994416941122,1.004607252067356,1577.994416941122,1.0028112065384802,1577.994416941122,1.0074314105429722,1577.9624716986837,0.984037900043086
1577.9958058648072,1.0133947600319695,1577.9958058648072,1.0027893367591967,1577.9958058648072,1.016221459287704,1577.9638606223689,1.00486192652074
1577.9971947884928,0.9876474176160936,1577.9971947884928,1.0027178702721438,1577.9971947884928,0.990331715171792,1577.9652495460546,1.0125775744711694
1577.9985837117124,0.9911559816487256,1577.9985837117124,1.0027088835729352,1577.9985837117124,0.9938409078056304,1577.9666384697407,0.9950217707772148
1577.9999726353976,0.9995402593985563,1577.9999726353976,1.0027717853796008,1577.9999726353976,1.0023107704758796,1577.9680273934257,1.0046618563516485
1578.0013615590833,1.003410860951058,1578.0013615590833,1.0027593615402275,1578.0013615590833,1.0061796342898128,1577.9694163171107,1.018503230967172
1578.0027504823036,0.983002878347171,1578.0027504823036,1.0026470560956553,1578.0027504823036,0.9856049421083466,1577.9708052403312,1.0110251086832145
1578.0041394059886,0.9830375498228867,1578.0041394059886,1.0026190130475248,1578.0041394059886,0.9856121379920796,1577.9721941640169,1.0058045257864956
1578.0055283296738,0.9936789920088761,1578.0055283296738,1.002627214018322,1578.0055283296738,0.996289599386394,1577.973583087702,1.0045505969185442
1578.0069172528945,1.0173579484288315,1578.0069172528945,1.0025692607569694,1578.0069172528945,1.0199718062815206,1577.9749720113873,1.018900911174165
1578.00830617658,1.0175728311019816,1578.00830617658,1.0025482382665476,1578.00830617658,1.020165849129195,1577.976360935073,0.999522396280946
1578.0096951002652,0.9933456905000703,1578.0096951002652,1.002490349371241,1578.0096951002652,0.995819468315832,1577.9777498582926,1.002271285370267
1578.0110840234847,1.0223810314816684,1578.0110840234847,1.0024762204131548,1578.0110840234847,1.0249126722618456,1577.9791387819778,0.995496699103599
1578.0124729471704,0.998623932739456,1578.0124729471704,1.0025487826569806,1578.0124729471704,1.001169208100068,1577.9805277056637,1.0164039395187818
1578.01386187039,0.9956134041914082,1578.01386187039,1.0024738402159872,1578.01386187039,0.9980763926702728,1577.9819166293496,1.006610464764602
1578.0152507940752,0.9950116849099494,1578.0152507940752,1.0024833427937554,1578.0152507940752,0.997482640007373,1577.9833055525692,1.0173726161751595
1578.0166397177609,1.0043755118013364,1578.0166397177609,1.002453563099232,1578.0166397177609,1.0068398104948644,1577.9846944762542,1.0208292850080742
1578.0180286409814,1.0129575160134805,1578.0180286409814,1.0024853964104263,1578.0180286409814,1.0154751169876948,1577.98608339994,1.0083119529994395
1578.0194175646666,0.9995517787471029,1578.0194175646666,1.0025666528389714,1578.0194175646666,1.002117281157723,1577.9874723236258,1.0048776098570815
1578.020806487886,0.9997655351506931,1578.020806487886,1.0025524761453366,1578.020806487886,1.002317412830095,1577.988861246845,0.9995028997412588
1578.0221954115718,0.9841007980916158,1578.0221954115718,1.002629828490269,1578.0221954115718,0.9866888144077336,1577.9902501705303,1.0029202064751206
1578.0235843352575,0.990213463255465,1578.0235843352575,1.0027426843182734,1578.0235843352575,0.992929306192879,1577.9916390942165,0.9927094319677012
1578.024973258477,1.0011826768352796,1578.024973258477,1.0028650635040146,1578.024973258477,1.004051128783532,1577.9930280179024,1.000903636938021
1578.0263621821623,0.993422836741401,1578.0263621821623,1.0028883428854478,1578.0263621821623,0.9962921825241444,1577.994416941122,1.0074314105429722
1578.0277511053823,0.9910772051777993,1578.0277511053823,1.002809559862588,1578.0277511053823,0.9938616959141926,1577.9958058648072,1.016221459287704
1578.0291400290685,1.002727935943062,1578.0291400290685,1.0029451186658698,1578.0291400290685,1.005681088703997,1577.9971947884928,0.990331715171792
1578.030528952288,1.007094572362219,1578.030528952288,1.0028788863614773,1578.030528952288,1.0099938831913104,1577.9985837117124,0.9938409078056304
1578.0319178759732,0.9942463870161137,1578.0319178759732,1.0027644374860962,1578.0319178759732,0.9969949189987968,1577.9999726353976,1.0023107704758796
1578.0333067991933,0.9930961869205409,1578.0333067991933,1.0027050546188876,1578.0333067991933,0.99578256634797,1578.0013615590833,1.0061796342898128
1578.0346957228785,1.007921526201776,1578.0346957228785,1.0027019044953656,1578.0346957228785,1.0106448339043963,1578.0027504823036,0.9856049421083466
1578.036084646098,0.9998848330088511,1578.036084646098,1.0027271255865116,1578.036084646098,1.0026116445205144,1578.0041394059886,0.9856121379920796
1578.0374735697835,1.0130307537661636,1578.0374735697835,1.0027054322025999,1578.0374735697835,1.0157714397896267,1578.0055283296738,0.996289599386394
1578.038862493004,0.991739680002315,1578.038862493004,1.0025486209633914,1578.038862493004,0.994267248540996,1578.0069172528945,1.0199718062815206
1578.040251416689,1.0082308643537914,1578.040251416689,1.0025016247887004,1578.040251416689,1.0107530796767916,1578.00830617658,1.020165849129195
1578.0416403399086,1.0026043656905808,1578.0416403399086,1.0023881859181796,1578.0416403399086,1.0049987713182285,1578.0096951002652,0.995819468315832
1578.0430292635947,0.9996921220553313,1578.0430292635947,1.0023809947639337,1578.0430292635947,1.0020723837634908,1578.0110840234847,1.0249126722618456
1578.0444181868147,1.0028548490192821,1578.0444181868147,1.0022693068024735,1578.0444181868147,1.0051306343500552,1578.0124729471704,1.001169208100068
1578.0458071105,0.9959337605500205,1578.0458071105,1.0022551892731353,1578.0458071105,0.9981797796835662,1578.01386187039,0.9980763926702728
1578.0471960337195,0.9977604885822011,1578.0471960337195,1.0022331036204568,1578.0471960337195,0.9999885911416028,1578.0152507940752,0.997482640007373
1578.0485849574052,1.0087269124084381,1578.0485849574052,1.0022219152809533,1578.0485849574052,1.0109682181494273,1578.0166397177609,1.0068398104948644
1578.0499738806247,1.0087730474712153,1578.0499738806247,1.0021354139030632,1578.0499738806247,1.0109271954618206,1578.0180286409814,1.0154751169876948
1578.05136280431,0.9932381340169598,1578.05136280431,1.0020903424778147,1578.05136280431,0.9953143418790809,1578.0194175646666,1.002117281157723
1578.05275172753,0.9916236566565979,1578.05275172753,1.0021979605104239,1578.05275172753,0.9938032062951312,1578.020806487886,1.002317412830095
1578.0541406507505,1.0028210270976794,1578.0541406507505,1.0021753591734395,1578.0541406507505,1.0050025230182944,1578.0221954115718,0.9866888144077336
1578.0555295744357,1.0052248494670537,1578.0555295744357,1.0021304821638828,1578.0555295744357,1.007366463079535,1578.0235843352575,0.992929306192879
1578.056918497655,0.9989165263302736,1578.056918497655,1.0021815490013715,1578.056918497655,1.0010957116807429,1578.024973258477,1.004051128783532
1578.058307421341,1.0120817339371524,1578.058307421341,1.0021741973620677,1578.058307421341,1.0142821993732754,1578.0263621821623,0.9962921825241444
1578.059696344561,0.9898936838015532,1578.059696344561,1.002178200577676,1578.059696344561,0.9920498707954476,1578.0277511053823,0.9938616959141926
1578.0610852677803,0.988428667225238,1578.0610852677803,1.0020169814411108,1578.0610852677803,0.9904223095028932,1578.0291400290685,1.005681088703997
1578.0624741914658,0.9929925741251849,1578.0624741914658,1.0018845853281315,1578.0624741914658,0.9948639533613248,1578.030528952288,1.0099938831913104
1578.0638631146858,0.9948017127592031,1578.0638631146858,1.0020403986032702,1578.0638631146858,0.9968315047844478,1578.0319178759732,0.9969949189987968
1578.065252038372,0.9960700932726374,1578.065252038372,1.001958149765541,1578.065252038372,0.9980205476922416,1578.0333067991933,0.99578256634797
1578.0666409615917,1.0050631198820288,1578.0666409615917,1.0019123404539585,1578.0666409615917,1.006985142744961,1578.0346957228785,1.0106448339043963
1578.0680298848108,1.0071843559431108,1578.0680298848108,1.0019408722521361,1578.0680298848108,1.0091391721123464,1578.036084646098,1.0026116445205144
1578.0694188084967,1.011630402000487,1578.0694188084967,1.0017888281721454,1578.0694188084967,1.0134400349633843,1578.0374735697835,1.0157714397896267
1578.0708077317165,0.9992410144744297,1578.0708077317165,1.0017021694255643,1578.0708077317165,1.000941891978038,1578.038862493004,0.994267248540996
1578.072196654936,1.0155626252602845,1578.072196654936,1.0016417533142097,1578.072196654936,1.017229928566093,1578.040251416689,1.0107530796767916
1578.0735855786215,1.0159919714958534,1578.0735855786215,1.001550749038477,1578.0735855786215,1.0175675200687508,1578.0416403399086,1.0049987713182285
1578.0749745018418,1.0031019726274737,1578.0749745018418,1.0016074826611638,1578.0749745018418,1.0047144416558516,1578.0430292635947,1.0020723837634908
1578.0763634250611,1.0079987196426226,1578.0763634250611,1.0016438696639414,1578.0763634250611,1.009655738159135,1578.0444181868147,1.0051306343500552
1578.0777523487463,0.9994317308081291,1578.0777523487463,1.0015064044671753,1578.0777523487463,1.0009372792320552,1578.0458071105,0.9981797796835662
1578.0791412719668,1.0093089405603548,1578.0791412719668,1.001518994136139,1578.0791412719668,1.0108420749226188,1578.0471960337195,0.9999885911416028
1578.0805301951868,1.0016060674555638,1578.0805301951868,1.0014576222562235,1578.0805301951868,1.0030660307514554,1578.0485849574052,1.0109682181494273
1578.081919118872,1.0119454578289044,1578.081919118872,1.0014845924116842,1578.081919118872,1.0134477843766354,1578.0499738806247,1.0109271954618206
1578.0833080420916,0.988055584129167,1578.0833080420916,1.00134299218308,1578.0833080420916,0.9893825350551012,1578.05136280431,0.9953143418790809
1578.0846969653117,0.9948763389430585,1578.0846969653117,1.0013948834924604,1578.0846969653117,0.9962640755252896,1578.05275172753,0.9938032062951312
1578.0860858885312,1.0090798582793414,1578.0860858885312,1.0015590000616472,1578.0860858885312,1.0106530138406058,1578.0541406507505,1.0050025230182944
1578.0874748122164,1.0066406772446643,1578.0874748122164,1.0016042241126657,1578.0874748122164,1.0082555544918903,1578.0555295744357,1.007366463079535
1578.0888637354365,0.9884680168849518,1578.0888637354365,1.0015398045679964,1578.0888637354365,0.9899900644526696,1578.056918497655,1.0010957116807429
1578.090252658657,1.0073845939731547,1578.090252658657,1.001412765766228,1578.090252658657,1.0088077924409455,1578.058307421341,1.0142821993732754
1578.0916415818765,1.0064293319198898,1578.0916415818765,1.0014047499740155,1578.0916415818765,1.0078431134977528,1578.059696344561,0.9920498707954476
1578.0930305055613,0.9944616204943462,1578.0930305055613,1.001315933335888,1578.0930305055613,0.995770265692016,1578.0610852677803,0.9904223095028932
1578.0944194287815,0.999452870793516,1578.0944194287815,1.0012738416284885,1578.0944194287815,1.0007260154660451,1578.0624741914658,0.9948639533613248
1578.0958083520018,0.9976159612229686,1578.0958083520018,1.0011198948447042,1578.0958083520018,0.9987331861949368,1578.0638631146858,0.9968315047844478
1578.097197275221,1.0061459003048272,1578.097197275221,1.0011047890396598,1578.097197275221,1.0072574792677826,1578.065252038372,0.9980205476922416
1578.0985861989066,0.9954158459228497,1578.0985861989066,1.0010306371773139,1578.0985861989066,0.9964417585005452,1578.0666409615917,1.006985142744961
1578.0999751221266,0.9935781668607843,1578.0999751221266,1.0009873785294414,1578.0999751221266,0.9945592046100644,1578.0680298848108,1.0091391721123464
1578.101364045347,0.991693665819828,1578.101364045347,1.0009551855848815,1578.101364045347,0.9926409173140374,1578.0694188084967,1.0134400349633843
1578.1027529685666,1.00800167902383,1578.1027529685666,1.0010014301375103,1578.1027529685666,1.0090111222838654,1578.0708077317165,1.000941891978038
1578.104141891786,0.9967818314365214,1578.104141891786,1.0010281782027295,1578.104141891786,0.9978067007884812,1578.072196654936,1.017229928566093
1578.105530815472,0.9989776495118786,1578.105530815472,1.0009255372483847,1578.105530815472,0.9999022405368057,1578.0735855786215,1.0175675200687508
1578.1069197386914,1.0057482254274783,1578.1069197386914,1.0007962818562992,1578.1069197386914,1.0065490844913914,1578.0749745018418,1.0047144416558516
1578.108308661911,0.9948152840848756,1578.108308661911,1.0008054609974477,1578.108308661911,0.9956165689958708,1578.0763634250611,1.009655738159135
1578.109697585131,1.0035176998884858,1578.109697585131,1.0008017151589468,1578.109697585131,1.004322235240758,1578.0777523487463,1.0009372792320552
1578.111086508351,0.97785770062127,1578.111086508351,1.0007712104398283,1578.111086508351,0.9786118346886556,1578.0791412719668,1.0108420749226188
1578.1124754315706,0.9974646127136545,1578.1124754315706,1.0006990418573365,1578.1124754315706,0.9981618822291533,1578.0805301951868,1.0030660307514554
1578.1138643552558,0.9994603260873481,1578.1138643552558,1.0006862683214153,1578.1138643552558,1.0001462240476533,1578.081919118872,1.0134477843766354
1578.1152532784763,1.0089755374326441,1578.1152532784763,1.0006223371284937,1578.1152532784763,1.0096034603713304,1578.0833080420916,0.9893825350551012
1578.1166422016963,1.0013066630629357,1578.1166422016963,1.0006669360185005,1578.1166422016963,1.001974470542097,1578.0846969653117,0.9962640755252896
1578.118031124916,1.0020490183489854,1578.118031124916,1.0007055287278401,1578.118031124916,1.0027559927181346,1578.0860858885312,1.0106530138406058
1578.1194200481357,1.0072702041535773,1578.1194200481357,1.000620796818928,1578.1194200481357,1.0078955142921169,1578.0874748122164,1.0082555544918903
1578.1208089713557,1.0020217531923201,1578.1208089713557,1.0004966937197055,1578.1208089713557,1.002519451104139,1578.0888637354365,0.9899900644526696
1578.1221978945755,0.9982732887201072,1578.1221978945755,1.0005145398030306,1578.1221978945755,0.998786940061456,1578.090252658657,1.0088077924409455
1578.123586817795,1.0010326293388574,1578.123586817795,1.000515460214771,1578.123586817795,1.0015486218329692,1578.0916415818765,1.0078431134977528
1578.1249757410146,1.0011721887325227,1578.1249757410146,1.0004960905007019,1578.1249757410146,1.0016688607449198,1578.0930305055613,0.995770265692016
1578.1263646647008,0.9926681466750064,1578.1263646647008,1.0004199029860752,1578.1263646647008,0.993084970993977,1578.0944194287815,1.0007260154660451
1578.12775358792,1.0017978934576386,1578.12775358792,1.0005489151017921,1578.12775358792,1.002347795450301,1578.0958083520018,0.9987331861949368
1578.1291425111394,0.9969143140330005,1578.1291425111394,1.0005484923014507,1578.1291425111394,0.9974611138594536,1578.097197275221,1.0072574792677826
1578.13053143436,0.9880753180790287,1578.13053143436,1.0005182829343429,1578.13053143436,0.9885874206542344,1578.0985861989066,0.9964417585005452
1578.13192035758,0.9890816188182625,1578.13192035758,1.0005030345451753,1578.13192035758,0.989579161040526,1578.0999751221266,0.9945592046100644
1578.1333092807995,0.9989511330601933,1578.1333092807995,1.0004851139195088,1578.1333092807995,0.99943573815975,1578.101364045347,0.9926409173140374
1578.134698204019,1.0024543623616307,1578.134698204019,1.000462372160032,1578.134698204019,1.0029178693504894,1578.1027529685666,1.0090111222838654
1578.136087127239,1.0015836837008885,1578.136087127239,1.0004461712382409,1578.136087127239,1.0020305615332472,1578.104141891786,0.9978067007884812
1578.1374760504596,0.996798576861086,1578.1374760504596,1.0004276720599996,1578.1374760504596,0.9972248797618568,1578.105530815472,0.9999022405368057
1578.1388649736791,1.0120464585705404,1578.1388649736791,1.0004908836608342,1578.1388649736791,1.0125432556410578,1578.1069197386914,1.0065490844913914
1578.1402538968985,1.0077665633203157,1578.1402538968985,1.0005862871664715,1578.1402538968985,1.0083574039231895,1578.108308661911,0.9956165689958708
1578.1416428201187,1.0064241348519254,1578.1416428201187,1.0004955217719433,1578.1416428201187,1.0069228399225538,1578.109697585131,1.004322235240758
1578.1430317433385,1.0062017698877643,1578.1430317433385,1.0003652837767443,1578.1430317433385,1.0065693190704357,1578.111086508351,0.9786118346886556
1578.1444206665578,0.9987809867291016,1578.1444206665578,1.0002987040485802,1578.1444206665578,0.9990793266534826,1578.1124754315706,0.9981618822291533
1578.145809589778,1.0087370572669947,1578.145809589778,1.000248949210012,1578.145809589778,1.008988181560511,1578.1138643552558,1.0001462240476533
1578.147198512998,1.0097977406386682,1578.147198512998,1.000306368372842,1578.147198512998,1.010107110729367,1578.1152532784763,1.0096034603713304
1578.1485874362174,1.0091160461523594,1578.1485874362174,1.0003628222469167,1578.1485874362174,1.009482175903624,1578.1166422016963,1.001974470542097
1578.149976359437,1.0045780786710192,1578.149976359437,1.0003164718337616,1578.149976359437,1.0048959993377329,1578.118031124916,1.0027559927181346
1578.1513652826573,0.9990474857213162,1578.1513652826573,1.0003639978396655,1578.1513652826573,0.999411136847842,1578.1194200481357,1.0078955142921169
1578.1527542058775,1.015102038176175,1578.1527542058775,1.0003846142769217,1578.1527542058775,1.01549246091259,1578.1208089713557,1.002519451104139
1578.154143129097,0.988416656047178,1578.154143129097,1.000388869911637,1578.154143129097,0.9888010215448756,1578.1221978945755,0.998786940061456
1578.1555320523166,0.9956400771486835,1578.1555320523166,1.0003798875510597,1578.1555320523166,0.9960183084193284,1578.123586817795,1.0015486218329692
1578.1569209755369,0.9983110997708898,1578.1569209755369,1.0004139906439333,1578.1569209755369,0.9987243912259298,1578.1249757410146,1.0016688607449198
1578.158309898757,0.9852845129676063,1578.158309898757,1.0004134169061771,1578.158309898757,0.9856918462426616,1578.1263646647008,0.993084970993977
1578.1596988219762,1.0156087238154683,1578.1596988219762,1.0004080187431046,1578.1596988219762,1.0160231112104456,1578.12775358792,1.002347795450301
1578.1610877451958,0.9957775044218595,1578.1610877451958,1.000357632749742,1578.1610877451958,0.9961336270688972,1578.1291425111394,0.9974611138594536
1578.1624766679506,0.9899174083434331,1578.1624766679506,1.000272211198863,1578.1624766679506,0.9901868749479336,1578.13053143436,0.9885874206542344
1578.16386559117,0.9944016086186147,1578.16386559117,1.0002547211233133,1578.16386559117,0.9946549037133866,1578.13192035758,0.989579161040526
1578.1652545143893,0.9966720293723035,1578.1652545143893,1.0001259447421138,1578.1652545143893,0.9967975549740148,1578.1333092807995,0.99943573815975
1578.1666434376098,0.9879783894171967,1578.1666434376098,1.0000747280479712,1578.1666434376098,0.9880522191136756,1578.134698204019,1.0029178693504894
1578.1680323608298,0.9972621541278477,1578.1680323608298,1.000148441425701,1578.1680323608298,0.997410189143804,1578.136087127239,1.0020305615332472
1578.1694212840491,1.0102783554102643,1578.1694212840491,1.0001012809063676,1578.1694212840491,1.010380677317784,1578.1374760504596,0.9972248797618568
1578.170810207269,1.0034732219479197,1578.170810207269,1.00020129963136,1578.170810207269,1.0036752207375774,1578.1388649736791,1.0125432556410578
1578.172199130489,0.9961873899979832,1578.172199130489,1.0001699574481067,1578.172199130489,0.9963566994646232,1578.1402538968985,1.0083574039231895
1578.1735880537094,1.0017046079032037,1578.1735880537094,1.0000487981729282,1578.1735880537094,1.0017534892578832,1578.1416428201187,1.0069228399225538
1578.174976976463,0.9995212269933137,1578.174976976463,0.9999307148604409,1578.174976976463,0.9994519750256092,1578.1430317433385,1.0065693190704357
1578.1763658996824,1.012413662981459,1578.1763658996824,0.9999696306046766,1578.1763658996824,1.0123829165906972,1578.1444206665578,0.9990793266534826
1578.177754822903,0.9983007778424765,1578.177754822903,0.9999920929367296,1578.177754822903,0.9982928842150632,1578.145809589778,1.008988181560511
1578.1791437461225,0.9899302041374568,1578.1791437461225,0.9998989340745731,1578.1791437461225,0.9898301559252676,1578.147198512998,1.010107110729367
1578.180532669342,1.0026998273603935,1578.180532669342,0.9998963521517961,1578.180532669342,1.0025958996808932,1578.1485874362174,1.009482175903624
1578.181921592562,0.9890479181594976,1578.181921592562,0.9999530281344325,1578.181921592562,0.989001460733646,1578.149976359437,1.0048959993377329
1578.1833105153164,0.9929441102798331,1578.1833105153164,0.9998830750013689,1578.1833105153164,0.9928280102910978,1578.1513652826573,0.999411136847842
1578.184699438536,0.9875076449662712,1578.184699438536,0.999898817268084,1578.184699438536,0.9874077262449656,1578.1527542058775,1.01549246091259
1578.1860883617555,0.9887122670602788,1578.1860883617555,1.0000322899342438,1578.1860883617555,0.9887441925143682,1578.154143129097,0.9888010215448756
1578.1874772849758,1.0117979174384941,1578.1874772849758,1.0000625899026894,1578.1874772849758,1.011861245771688,1578.1555320523166,0.9960183084193284
1578.188866208196,0.9868019930740917,1578.188866208196,1.0000730331037182,1578.188866208196,0.9868740622864012,1578.1569209755369,0.9987243912259298
1578.19025513095,0.9933583654836357,1578.19025513095,1.0001450531635176,1578.19025513095,0.9935024552570558,1578.158309898757,0.9856918462426616
1578.1916440541695,0.9955687301744996,1578.1916440541695,1.0000359434536779,1578.1916440541695,0.9956045143530358,1578.1596988219762,1.0160231112104456
1578.1930329773895,0.9924653595444504,1578.1930329773895,0.9999073201935683,1578.1930329773895,0.9923733780470376,1578.1610877451958,0.9961336270688972
1578.1944219006095,1.0010422473228715,1578.1944219006095,0.9997803726885506,1578.1944219006095,1.0008223911054448,1578.1624766679506,0.9901868749479336
1578.1958108233634,0.9999692464151704,1578.1958108233634,0.9998149636372249,1578.1958108233634,0.9997842157429268,1578.16386559117,0.9946549037133866
1578.197199746583,0.9807930223605325,1578.197199746583,0.9997137032749405,1578.197199746583,0.9805122245302694,1578.1652545143893,0.9967975549740148
1578.1985886698037,1.0071736179373258,1578.1985886698037,0.9996180691710141,1578.1985886698037,1.0067889472824945,1578.1666434376098,0.9880522191136756
1578.1999775930228,1.0157164462459283,1578.1999775930228,0.9996412410940081,1578.1999775930228,1.015352048924875,1578.1680323608298,0.997410189143804
1578.2013665157765,0.988932843585155,1578.2013665157765,0.9995263905024299,1578.2013665157765,0.988464475597974,1578.1694212840491,1.010380677317784
1578.202755438997,0.9977147815760229,1578.202755438997,0.9995758599918233,1578.202755438997,0.9972916108204072,1578.170810207269,1.0036752207375774
1578.204144362217,1.0051333358153491,1578.204144362217,0.9995721087530474,1578.204144362217,1.0047032480589335,1578.172199130489,0.9963566994646232
1578.205533284971,0.9987919853717898,1578.205533284971,0.9994852086642658,1578.205533284971,0.9982778159115197,1578.1735880537094,1.0017534892578832
1578.2069222081905,0.9968692281376579,1578.2069222081905,0.9993842476450371,1578.2069222081905,0.996255403562842,1578.174976976463,0.9994519750256092
1578.2083111314105,0.99976935480299,1578.2083111314105,0.9993886165392192,1578.2083111314105,0.999158112354868,1578.1763658996824,1.0123829165906972
1578.209700054631,1.0121833693367235,1578.209700054631,0.9993733208503871,1578.209700054631,1.0115490551235753,1578.177754822903,0.9982928842150632
1578.2110889773846,1.0001673638284398,1578.2110889773846,0.9993005346052766,1578.2110889773846,0.99946778136851,1578.1791437461225,0.9898301559252676
1578.212477900604,1.0002654458127809,1578.212477900604,0.9991694672526532,1578.212477900604,0.999434692603994,1578.180532669342,1.0025958996808932
1578.2138668238244,0.996731631832605,1578.2138668238244,0.9993151900154543,1578.2138668238244,0.9960490600592136,1578.181921592562,0.989001460733646
1578.2152557465784,0.9963816660155239,1578.2152557465784,0.9993155789506533,1578.2152557465784,0.9956997214301198,1578.1833105153164,0.9928280102910978
1578.216644669798,0.9942416542640965,1578.216644669798,0.9993091622011505,1578.216644669798,0.9935547945481402,1578.184699438536,0.9874077262449656
1578.218033593018,1.0051143961340594,1578.218033593018,0.9994139815701711,1578.218033593018,1.0045253805738386,1578.1860883617555,0.9887441925143682
1578.2194225157723,0.9900356111655962,1578.2194225157723,0.9993476191972515,1578.2194225157723,0.9893897309388344,1578.1874772849758,1.011861245771688
1578.220811438992,1.0047869599006032,1578.220811438992,0.9993059921239382,1578.220811438992,1.004089629836668,1578.188866208196,0.9868740622864012
1578.2222003617458,0.9969863536120673,1578.2222003617458,0.9991799203996533,1578.2222003617458,0.996168745441646,1578.19025513095,0.9935024552570558
1578.223589284966,1.004105414712946,1578.223589284966,0.999243622707209,1578.223589284966,1.0033459321776887,1578.1916440541695,0.9956045143530358
1578.2249782081865,0.9965528502948376,1578.2249782081865,0.999342460549379,1578.2249782081865,0.99589757748114,1578.1930329773895,0.9923733780470376
1578.2263671309402,1.0080059190420443,1578.2263671309402,0.9993736157487453,1578.2263671309402,1.0073745200091848,1578.1944219006095,1.0008223911054448
1578.2277560541595,0.9993639517302758,1578.2277560541595,0.9992622415341036,1578.2277560541595,0.9986266625143752,1578.1958108233634,0.9997842157429268
1578.2291449773795,0.997822295544288,1578.2291449773795,0.9992428103500053,1578.2291449773795,0.997066754829568,1578.197199746583,0.9805122245302694
1578.230533900134,0.9972661670030287,1578.230533900134,0.9993121549267208,1578.230533900134,0.9965802023833076,1578.1985886698037,1.0067889472824945
1578.2319228233537,1.0158168944941957,1578.2319228233537,0.9993108053053307,1578.2319228233537,1.0151167988797547,1578.1999775930228,1.015352048924875
1578.2333117461076,1.0060367129548644,1578.2333117461076,0.9993801478288066,1578.2333117461076,1.005413118914039,1578.2013665157765,0.988464475597974
1578.234700669328,1.0067331629058645,1578.234700669328,0.9992825982702546,1578.234700669328,1.0060109307934038,1578.202755438997,0.9972916108204072
1578.2360895920815,0.9982259003004321,1578.2360895920815,0.9992954669268781,1578.2360895920815,0.9975226171392236,1578.204144362217,1.0047032480589335
1578.237478515301,0.9989041968316755,1578.237478515301,0.9993016330091092,1578.237478515301,0.998206595113546,1578.205533284971,0.9982778159115197
1578.2388674385215,0.9942622623634526,1578.2388674385215,0.9992601184362582,1578.2388674385215,0.9935266260460056,1578.2069222081905,0.996255403562842
1578.240256361276,1.000695722475643,1578.240256361276,0.9991138955717976,1578.240256361276,0.9998090015646742,1578.2083111314105,0.999158112354868
1578.2416452844957,1.0058123838137059,1578.2416452844957,0.9991554399992946,1578.2416452844957,1.0049629149061226,1578.209700054631,1.0115490551235753
1578.2430342072494,1.0019818272638794,1578.2430342072494,0.9990869718492925,1578.2430342072494,1.0010669896490902,1578.2110889773846,0.99946778136851
1578.2444231304694,0.9922695117295222,1578.2444231304694,0.9990894032372893,1578.2444231304694,0.9913659543244048,1578.212477900604,0.999434692603994
1578.2458120532233,0.9976393809478165,1578.2458120532233,0.9990722780643547,1578.2458120532233,0.9967138490102476,1578.2138668238244,0.9960490600592136
1578.2472009764422,0.9948984650230925,1578.2472009764422,0.999080810132021,1578.2472009764422,0.9939839644343754,1578.2152557465784,0.9956997214301198
1578.2485898991958,1.001398218901019,1578.2485898991958,0.9990268685956792,1578.2485898991958,1.0004237268459757,1578.216644669798,0.9935547945481402
1578.2499788224163,0.9982309197211792,1578.2499788224163,0.9990201490947807,1578.2499788224163,0.9972528022508724,1578.218033593018,1.0045253805738386
1578.251367745171,1.0108405288085824,1578.251367745171,0.999050542472906,1578.251367745171,1.0098807786598134,1578.2194225157723,0.9893897309388344
1578.2527566683902,0.9935935643915403,1578.2527566683902,0.9989929286263682,1578.2527566683902,0.9925929447558168,1578.220811438992,1.004089629836668
1578.2541455911442,0.9919784284146,1578.2541455911442,0.9990440497791315,1578.2541455911442,0.9910301464168604,1578.2222003617458,0.996168745441646
1578.2555345143642,1.0033830743254835,1578.2555345143642,0.999100059246062,1578.2555345143642,1.0024800890050864,1578.223589284966,1.0033459321776887
1578.256923437118,1.0032206930929517,1578.256923437118,0.9991709795751513,1578.256923437118,1.0023890026477469,1578.2249782081865,0.99589757748114
1578.2583123603376,0.9915861716147433,1578.2583123603376,0.9991160437550908,1578.2583123603376,0.9907096528259788,1578.2263671309402,1.0073745200091848
1578.259701283092,0.999167925518189,1578.259701283092,0.9991206598301317,1578.259701283092,0.9982893170248368,1578.2277560541595,0.9986266625143752
1578.2610902058468,1.0003877194552064,1578.2610902058468,0.9991550544967545,1578.2610902058468,0.9995424463501508,1578.2291449773795,0.997066754829568
1578.2624791290664,1.0052785688278352,1578.2624791290664,0.9992801943671485,1578.2624791290664,1.004554963651408,1578.230533900134,0.9965802023833076
1578.2638680518205,1.0127104241200424,1578.2638680518205,0.9992673343593159,1578.2638680518205,1.0119684459883271,1578.2319228233537,1.0151167988797547
1578.2652569750403,0.9968470732746857,1578.2652569750403,0.9991476982879547,1578.2652569750403,0.9959974588074864,1578.2333117461076,1.005413118914039
1578.266645897795,0.9933015485843935,1578.266645897795,0.999014364015519,1578.266645897795,0.992322514834668,1578.234700669328,1.0060109307934038
1578.2680348210142,0.9930201626204702,1578.2680348210142,0.9988996362884701,1578.2680348210142,0.9919274792687052,1578.2360895920815,0.9975226171392236
1578.269423743768,0.998372814811875,1578.269423743768,0.9989485132207822,1578.269423743768,0.9973230389963698,1578.237478515301,0.998206595113546
1578.2708126665227,1.0011848424547058,1578.2708126665227,0.9988439270207782,1578.2708126665227,1.0000273997111375,1578.2388674385215,0.9935266260460056
1578.272201589742,1.001945039450115,1578.272201589742,0.9988221370785939,1578.272201589742,1.00076488553886,1578.240256361276,0.9998090015646742
1578.273590512496,0.9997004206477462,1578.273590512496,0.9987018580251746,1578.273590512496,0.9984026675694528,1578.2416452844957,1.0049629149061226
1578.2749794352508,1.0035526712145568,1578.2749794352508,0.9985596405289155,1578.2749794352508,1.0021071946198408,1578.2430342072494,1.0010669896490902
1578.2763683584708,1.0007087188096302,1578.2763683584708,0.9986206736814277,1578.2763683584708,0.9993284149365512,1578.2444231304694,0.9913659543244048
1578.2777572812247,1.0077803533386012,1578.2777572812247,0.9985163637932117,1578.2777572812247,1.0062851739178982,1578.2458120532233,0.9967138490102476
1578.2791462044445,1.0089230474776403,1578.2791462044445,0.998650301416745,1578.2791462044445,1.0075613054698465,1578.2472009764422,0.9939839644343754
1578.2805351271986,1.0016104085712043,1578.2805351271986,0.998730733798977,1578.2805351271986,1.000339098333012,1578.2485898991958,1.0004237268459757
1578.2819240499534,0.9969083874414015,1578.2819240499534,0.9987976417976024,1578.2819240499534,0.9957097464647224,1578.2499788224163,0.9972528022508724
1578.2833129731728,1.0154881703714085,1578.2833129731728,0.9988775905989299,1578.2833129731728,1.014348376902308,1578.251367745171,1.0098807786598134
1578.2847018959264,0.998906619715357,1578.2847018959264,0.9988022728559195,1578.2847018959264,0.9977102021425222,1578.2527566683902,0.9925929447558168
1578.2860908186813,0.99767354735015,1578.2860908186813,0.9987878398142349,1578.2860908186813,0.9964642071976612,1578.2541455911442,0.9910301464168604
1578.2874797419013,0.9908461479049828,1578.2874797419013,0.9988671761409473,1578.2874797419013,0.9897236937479856,1578.2555345143642,1.0024800890050864
1578.2888686646552,0.9912058498556464,1578.2888686646552,0.9988625922757502,1578.2888686646552,0.990078444665699,1578.256923437118,1.0023890026477469
1578.290257587409,1.0027066783576515,1578.290257587409,0.998960751572192,1578.290257587409,1.0016646170186156,1578.2583123603376,0.9907096528259788
1578.2916465101634,1.0128920654083293,1578.2916465101634,0.9989764714455718,1578.2916465101634,1.01185534145683,1578.259701283092,0.9982893170248368
1578.293035433383,1.0034122607099663,1578.293035433383,0.9989788119223011,1578.293035433383,1.0023875880723123,1578.2610902058468,0.9995424463501508
1578.294424356137,1.010468124296243,1578.294424356137,0.9989566434496112,1578.294424356137,1.0094138457597994,1578.2624791290664,1.004554963651408
1578.2958132788913,0.9964568777117233,1578.2958132788913,0.9988943850160327,1578.2958132788913,0.995355180056848,1578.2638680518205,1.0119684459883271
1578.2972022021115,0.9950019358913763,1578.2972022021115,0.9989882885477792,1578.2972022021115,0.9939952810378532,1578.2652569750403,0.9959974588074864
1578.2985911248657,0.9952408611036984,1578.2985911248657,0.9989342266296419,1578.2985911248657,0.9941801598968418,1578.266645897795,0.992322514834668
1578.299980047619,1.0009381081900994,1578.299980047619,0.9989895585554494,1578.299980047619,0.999926718842154,1578.2680348210142,0.9919274792687052
1578.301368970374,1.0007020650357372,1578.301368970374,0.9989242275076363,1578.301368970374,0.9996255372811202,1578.269423743768,0.9973230389963698
1578.302757893594,0.9968642942216348,1578.302757893594,0.9988789619720871,1578.302757893594,0.9957467714391438,1578.2708126665227,1.0000273997111375
1578.3041468163478,1.0079208555327073,1578.3041468163478,0.9989510651925014,1578.3041468163478,1.0068636122641352,1578.272201589742,1.00076488553886
1578.3055357391015,1.0089358509211976,1578.3055357391015,0.9989929559618246,1578.3055357391015,1.007919808087626,1578.273590512496,0.9984026675694528
1578.3069246618563,1.000368514946838,1578.3069246618563,0.9989930523131042,1578.3069246618563,0.9993611961846688,1578.2749794352508,1.0021071946198408
1578.30831358461,0.9977764375209862,1578.30831358461,0.9991083761305936,1578.30831358461,0.9968867962329612,1578.2763683584708,0.9993284149365512
1578.3097025078296,1.014641547893326,1578.3097025078296,0.9992297097065516,1578.3097025078296,1.0138599793576542,1578.2777572812247,1.0062851739178982
1578.3110914305844,0.9990549127703512,1578.3110914305844,0.999255041842124,1578.3110914305844,0.9983106586629168,1578.2791462044445,1.0075613054698465
1578.3124803533387,0.9987455807773662,1578.3124803533387,0.999201575996168,1578.3124803533387,0.9979481583319524,1578.2805351271986,1.000339098333012
1578.3138692760926,1.0052505139527672,1578.3138692760926,0.9992346029873315,1578.3138692760926,1.0044810982124042,1578.2819240499534,0.9957097464647224
1578.3152581988463,0.9946835813031901,1578.3152581988463,0.9992364194226313,1578.3152581988463,0.9939240602398794,1578.2833129731728,1.014348376902308
1578.3166471220666,0.9866845962982569,1578.3166471220666,0.9992197484661289,1578.3166471220666,0.9859147341285482,1578.2847018959264,0.9977102021425222
1578.3180360448212,0.9929118899711338,1578.3180360448212,0.9992096886330587,1578.3180360448212,0.9921271804181184,1578.2860908186813,0.9964642071976612
1578.3194249675748,1.0054027188225176,1578.3194249675748,0.9991810248202978,1578.3194249675748,1.0045793189501968,1578.2874797419013,0.9897236937479856
1578.3208138903287,0.992319016705022,1578.3208138903287,0.9992427907622429,1578.3208138903287,0.9915676235787708,1578.2888686646552,0.990078444665699
1578.3222028130835,0.9918953015463673,1578.3222028130835,0.9993301627467116,1578.3222028130835,0.9912308931220298,1578.290257587409,1.0016646170186156
1578.323591735838,1.0110455689739197,1578.323591735838,0.9993243661335258,1578.323591735838,1.0103624723469722,1578.2916465101634,1.01185534145683
1578.3249806590577,0.9941706995168152,1578.3249806590577,0.999246672062271,1578.3249806590577,0.9934217629539976,1578.293035433383,1.0023875880723123
1578.3263695818114,1.0053180579675949,1578.3263695818114,0.9993470861081387,1578.3263695818114,1.0046616718418089,1578.294424356137,1.0094138457597994
1578.3277585045655,1.0092004882075685,1578.3277585045655,0.9994415248628101,1578.3277585045655,1.0086368748264647,1578.2958132788913,0.995355180056848
1578.3291474273196,0.9843640044792108,1578.3291474273196,0.9993496291178903,1578.3291474273196,0.9837238027933006,1578.2972022021115,0.9939952810378532
1578.3305363500735,0.9968584974169968,1578.3305363500735,0.9993188713311364,1578.3305363500735,0.9961795085156058,1578.2985911248657,0.9941801598968418
1578.331925272828,0.9915351282730921,1578.331925272828,0.999419436479583,1578.331925272828,0.9909594791484048,1578.299980047619,0.999926718842154
1578.3333141955827,0.9948634596738614,1578.3333141955827,0.9994556693062913,1578.3333141955827,0.9943219249567116,1578.301368970374,0.9996255372811202
1578.3347031183366,1.0002224755814908,1578.3347031183366,0.9993714043511708,1578.3347031183366,0.9995937400854792,1578.302757893594,0.9957467714391438
1578.3360920410903,0.9955681383580866,1578.3360920410903,0.9994015314523931,1578.3360920410903,0.9949723221402796,1578.3041468163478,1.0068636122641352
1578.3374809638449,1.0092191188429773,1578.3374809638449,0.9994661603336124,1578.3374809638449,1.008680357645262,1578.3055357391015,1.007919808087626
1578.3388698865992,1.009451670124569,1578.3388698865992,0.9995673545843912,1578.3388698865992,1.0090149354872109,1578.3069246618563,0.9993611961846688
1578.3402588098188,1.0067227146604785,1578.3402588098188,0.9996114448755974,1578.3402588098188,1.0063315473908447,1578.30831358461,0.9968867962329612
1578.3416477325727,1.0083848204625112,1578.3416477325727,0.9997171334967272,1578.3416477325727,1.0080995821743937,1578.3097025078296,1.0138599793576542
1578.343036655327,0.9860575540967008,1578.343036655327,0.9996521367922401,1578.343036655327,0.9857145409528968,1578.3110914305844,0.9983106586629168
1578.344425578081,0.9939189536884069,1578.344425578081,0.9996825595841615,1578.344425578081,0.9936034436424382,1578.3124803533387,0.9979481583319524
1578.3458145008349,0.9953156738941573,1578.3458145008349,0.9996676998160486,1578.3458145008349,0.9949849303126326,1578.3138692760926,1.0044810982124042
1578.3472034235897,1.0007575135729252,1578.3472034235897,0.9997581593640316,1578.3472034235897,1.0005154897393924,1578.3152581988463,0.9939240602398794
1578.348592346344,1.0058234885142885,1578.348592346344,0.9996770009399473,1578.348592346344,1.0054986084729194,1578.3166471220666,0.9859147341285482
1578.349981269098,0.9970630476181024,1578.349981269098,0.9997847383550812,1578.349981269098,0.9968484181863844,1578.3180360448212,0.9921271804181184
1578.351370191852,0.9959595324671212,1578.351370191852,0.9996860892996831,1578.351370191852,0.9956468901127972,1578.3194249675748,1.0045793189501968
1578.3527591146062,0.9958774249981287,1578.3527591146062,0.9997493658398166,1578.3527591146062,0.9956278240960686,1578.3208138903287,0.9915676235787708
1578.3541480373608,1.010925381252601,1578.3541480373608,0.9997380592935007,1578.3541480373608,1.0106605787440175,1578.3222028130835,0.9912308931220298
1578.3555369601145,1.0064748630068365,1578.3555369601145,0.9998179475203037,1578.3555369601145,1.006291631762274,1578.323591735838,1.0103624723469722
1578.3569258828684,1.0029319289005318,1578.3569258828684,0.9996956761793311,1578.3569258828684,1.002626712824058,1578.3249806590577,0.9934217629539976
1578.3583148056232,0.9939940196658236,1578.3583148056232,0.999626183354643,1578.3583148056232,0.9936224481558872,1578.3263695818114,1.0046616718418089
1578.3597037283776,1.000331437198145,1578.3597037283776,0.999508232983177,1578.3597037283776,0.99983950719144,1578.3277585045655,1.0086368748264647
1578.3610926511317,0.9993056621994261,1578.3610926511317,0.9995177835054718,1578.3610926511317,0.9988237805260382,1578.3291474273196,0.9837238027933006
1578.3624815738854,0.9953500948211352,1578.3624815738854,0.9996089694541469,1578.3624815738854,0.9949608825302424,1578.3305363500735,0.9961795085156058
1578.3638704966395,0.9931343025559848,1578.3638704966395,0.9996903517181001,1578.3638704966395,0.9928267802255024,1578.331925272828,0.9909594791484048
1578.365259418928,1.0091422546218698,1578.365259418928,0.9997607183518421,1578.365259418928,1.008900785399958,1578.3333141955827,0.9943219249567116
1578.366648341682,0.9953112309521868,1578.366648341682,0.999782648111869,1578.366648341682,0.9950948981768614,1578.3347031183366,0.9995937400854792
1578.3680372644362,1.0111135037024341,1578.3680372644362,0.9997504718719677,1578.3680372644362,1.0108612024426271,1578.3360920410903,0.9949723221402796
1578.369426187191,1.0007818211558857,1578.369426187191,0.9998496583029131,1578.369426187191,1.0006313619184792,1578.3374809638449,1.008680357645262
1578.370815109945,0.9999612682288768,1578.370815109945,0.9999372796818736,1578.370815109945,0.9998985503400194,1578.3388698865992,1.0090149354872109
1578.3722040326986,0.9932370071861651,1578.3722040326986,0.9999770887532916,1578.3722040326986,0.9932142508880536,1578.3402588098188,1.0063315473908447
1578.3735929554532,1.0010112365111268,1578.3735929554532,0.9999153652327356,1578.3735929554532,1.0009265161580956,1578.3416477325727,1.0080995821743937
1578.3749818782076,0.9988691570803564,1578.3749818782076,0.9999456440020197,1578.3749818782076,0.9988148625504716,1578.343036655327,0.9857145409528968
1578.3763708009617,0.9977097146948999,1578.3763708009617,0.9999370564139688,1578.3763708009617,0.9976469152676388,1578.344425578081,0.9936034436424382
1578.3777597237154,1.0197804710453842,1578.3777597237154,0.9999267215304958,1578.3777597237154,1.0197057430932357,1578.3458145008349,0.9949849303126326
1578.379148646004,0.9985881115757287,1578.379148646004,0.9999955538686459,1578.379148646004,0.998583671721816,1578.3472034235897,1.0005154897393924
1578.3805375687589,1.0001247287027242,1578.3805375687589,0.9999702053258518,1578.3805375687589,1.000094930312325,1578.348592346344,1.0054986084729194
1578.3819264915128,0.9921736461951023,1578.3819264915128,1.0000188754253292,1578.3819264915128,0.9921923738946746,1578.349981269098,0.9968484181863844
1578.3833154142665,1.003376663695739,1578.3833154142665,1.0001094952508656,1578.3833154142665,1.003486528675243,1578.351370191852,0.9956468901127972
1578.384704337021,1.0055664234875645,1578.384704337021,1.0000677913813887,1578.384704337021,1.005634592224491,1578.3527591146062,0.9956278240960686
1578.386093259775,1.004159891996296,1578.386093259775,1.0000424811450543,1578.386093259775,1.0042025498583256,1578.3541480373608,1.0106605787440175
1578.3874821825289,1.0060170750900972,1578.3874821825289,0.9999603902408876,1578.3874821825289,1.0059772269960898,1578.3555369601145,1.006291631762274
1578.3888711048176,0.9922733359433596,1578.3888711048176,0.9999111555967246,1578.3888711048176,0.9921851780109416,1578.3569258828684,1.002626712824058
1578.390260027572,0.9916408971009447,1578.390260027572,0.9998959042333534,1578.390260027572,0.9915376714815228,1578.3583148056232,0.9936224481558872
1578.3916489503258,0.9950356401531175,1578.3916489503258,0.999888154186074,1578.3916489503258,0.9949243495820592,1578.3597037283776,0.99983950719144
1578.3930378730795,1.0044671910984104,1578.3930378730795,0.9998951819998366,1578.3930378730795,1.0043619048562098,1578.3610926511317,0.9988237805260382
1578.3944267958343,0.9962636527286911,1578.3944267958343,0.99994819746967,1578.3944267958343,0.996212043750604,1578.3624815738854,0.9949608825302424
1578.3958157181232,1.004057894576341,1578.3958157181232,0.9999909338719513,1578.3958157181232,1.0040487916589005,1578.3638704966395,0.9928267802255024
1578.3972046408771,0.9971094397127254,1578.3972046408771,0.9999371448643585,1578.3972046408771,0.9970467662636427,1578.365259418928,1.008900785399958
1578.398593563631,0.9884764486439803,1578.398593563631,1.0000089800478786,1578.398593563631,0.988485325209816,1578.366648341682,0.9950948981768614
1578.3999824863854,1.005349634341324,1578.3999824863854,1.0000614338323424,1578.3999824863854,1.0054113968222056,1578.3680372644362,1.0108612024426271
1578.4013714086736,0.9850524306972006,1578.4013714086736,1.0000539106120228,1578.4013714086736,0.985105535476614,1578.369426187191,1.0006313619184792
1578.4027603314275,1.00790158595063,1578.4027603314275,0.9999539460888945,1578.4027603314275,1.0078551681405876,1578.370815109945,0.9998985503400194
1578.404149254182,1.0028681985938845,1578.404149254182,0.9998398503839744,1578.404149254182,1.0027075896369555,1578.3722040326986,0.9932142508880536
1578.4055381769367,1.0070691303214498,1578.4055381769367,0.9999038990911674,1578.4055381769367,1.0069723500627688,1578.3735929554532,1.0009265161580956
1578.4069270992247,0.999088080548713,1578.4069270992247,0.9999054858467552,1578.4069270992247,0.998993652584763,1578.3749818782076,0.9988148625504716
1578.4083160219784,0.9983400433965357,1578.4083160219784,0.9998538855107855,1578.4083160219784,0.9981941714510324,1578.3763708009617,0.9976469152676388
1578.4097049447332,0.9944414074963873,1578.4097049447332,0.9999216582073476,1578.4097049447332,0.9943635011738362,1578.3777597237154,1.0197057430932357
1578.4110938674876,1.0014480054875254,1578.4110938674876,1.0000174386599194,1578.4110938674876,1.0014654693987202,1578.379148646004,0.998583671721816
1578.4124827897758,0.9868287435153501,1578.4124827897758,1.0000301556287903,1578.4124827897758,0.9868585019566192,1578.3805375687589,1.000094930312325
1578.4138717125295,1.0097683941528226,1578.4138717125295,1.0000277311186492,1578.4138717125295,1.009796396159969,1578.3819264915128,0.9921923738946746
1578.415260635284,0.9956988219588361,1578.415260635284,1.0000212253443128,1578.415260635284,0.995719956009164,1578.3833154142665,1.003486528675243
1578.4166495575732,0.9976525115514661,1578.4166495575732,1.0000144877953097,1578.4166495575732,0.9976669653368436,1578.384704337021,1.005634592224491
1578.4180384803271,1.0038684962024518,1578.4180384803271,1.0000397910405245,1578.4180384803271,1.0039084411744654,1578.386093259775,1.0042025498583256
1578.4194274030808,0.9982729173875088,1578.4194274030808,0.9999192079272669,1578.4194274030808,0.9981922648493596,1578.3874821825289,1.0059772269960898
1578.4208163253695,1.0062205143091683,1578.4208163253695,0.99997495908436,1578.4208163253695,1.0061953176261542,1578.3888711048176,0.9921851780109416
1578.4222052481236,0.9949969064087539,1578.4222052481236,0.9999521124155452,1578.4222052481236,0.994949258410366,1578.390260027572,0.9915376714815228
1578.4235941708775,1.005473363742589,1578.4235941708775,1.0000310406516906,1578.4235941708775,1.005504574291057,1578.3916489503258,0.9949243495820592
1578.4249830931662,0.9992882007281773,1578.4249830931662,0.9999746336563943,1578.4249830931662,0.9992628524403164,1578.3930378730795,1.0043619048562098
1578.4263720159206,0.9909621084616199,1578.4263720159206,0.9999185872249255,1578.4263720159206,0.9908814314863764,1578.3944267958343,0.996212043750604
1578.4277609386745,1.0015164629018778,1578.4277609386745,1.0000155294956499,1578.4277609386745,1.0015320159474317,1578.3958157181232,1.0040487916589005
1578.4291498609628,1.006457928289258,1578.4291498609628,0.9999918197296245,1578.4291498609628,1.0064496951912831,1578.3972046408771,0.9970467662636427
1578.4305387837176,0.9890599867109633,1578.4305387837176,1.000003010234458,1578.4305387837176,0.9890629640134162,1578.398593563631,0.988485325209816
1578.4319277060065,1.0069572999881424,1578.4319277060065,0.9999489814835982,1578.4319277060065,1.006905926520617,1578.3999824863854,1.0054113968222056
1578.4333166287602,1.007445474705393,1578.4333166287602,0.9999317063968786,1578.4333166287602,1.0073766726239768,1578.4013714086736,0.985105535476614
1578.434705551514,0.9971490379587258,1578.434705551514,0.9999010749669092,1578.434705551514,0.9970503949571492,1578.4027603314275,1.0078551681405876
1578.4360944738028,1.0008052783778068,1578.4360944738028,0.9999732209504718,1578.4360944738028,1.000778477763689,1578.404149254182,1.0027075896369555
1578.437483396557,0.9962221293094997,1578.437483396557,0.9999572175796542,1578.437483396557,0.9961795085156058,1578.4055381769367,1.0069723500627688
1578.438872318845,0.9938361586874973,1578.438872318845,0.9999581793727564,1578.438872318845,0.9937945958359636,1578.4069270992247,0.998993652584763
1578.4402612415993,0.9928644596226448,1578.4402612415993,1.0000774538884174,1578.4402612415993,0.992941360835714,1578.4083160219784,0.9981941714510324
1578.441650164354,0.9877743821501,1578.441650164354,1.000133459805988,1578.441650164354,0.9879062103275016,1578.4097049447332,0.9943635011738362
1578.443039086642,0.9976051426371394,1578.443039086642,1.0001252866115924,1578.443039086642,0.9977301292051676,1578.4110938674876,1.0014654693987202
1578.4444280093958,1.008184384047424,1578.4444280093958,1.0000296590030693,1578.4444280093958,1.008214285791165,1578.4124827897758,0.9868585019566192
1578.445816931685,1.0075061340531724,1578.445816931685,1.0000191711036939,1578.445816931685,1.0075254490577406,1578.4138717125295,1.009796396159969
1578.4472058544393,1.014890232076654,1578.4472058544393,1.0000678619141201,1578.4472058544393,1.0149591044704245,1578.415260635284,0.995719956009164
1578.4485947767275,0.9967500345350783,1578.4485947767275,1.0000431710037847,1578.4485947767275,0.9967930652345915,1578.4166495575732,0.9976669653368436
1578.4499836994814,1.003739947887874,1578.4499836994814,1.0000630254629579,1578.4499836994814,1.0038032090627789,1578.4180384803271,1.0039084411744654
1578.45137262177,1.0075888716313637,1578.45137262177,0.9999579918458275,1578.45137262177,1.0075465446827017,1578.4194274030808,0.9981922648493596
1578.452761544525,0.9960308551713979,1578.452761544525,0.999855385238851,1578.452761544525,0.9958868144071802,1578.4208163253695,1.0061953176261542
1578.4541504668132,0.9932263374554068,1578.4541504668132,0.9998756889518928,1578.4541504668132,0.99310286844839,1578.4222052481236,0.994949258410366
1578.4555393895669,1.0128863838034452,1578.4555393895669,0.9998382384199473,1578.4555393895669,1.0127225377015874,1578.4235941708775,1.005504574291057
1578.4569283118558,1.0035701467712252,1578.4569283118558,0.9999341454491644,1578.4569283118558,1.0035040571099776,1578.4249830931662,0.9992628524403164
1578.4583172346097,0.9985676758282701,1578.4583172346097,0.9999184579036747,1578.4583172346097,0.9984862505266604,1578.4263720159206,0.9908814314863764
1578.459706156898,1.0030500943117215,1578.459706156898,0.99997492871862,1578.459706156898,1.003024946560569,1578.4277609386745,1.0015320159474317
1578.4610950796523,1.0142388268164746,1578.4610950796523,0.9999382205690946,1578.4610950796523,1.0141761677189518,1578.4291498609628,1.0064496951912831
1578.462484001941,1.0092842213458584,1578.462484001941,0.9999314210129401,1578.462484001941,1.009215005656303,1578.4305387837176,0.9890629640134162
1578.463872924695,1.000677277832869,1578.463872924695,0.9998558379789991,1578.463872924695,1.000533018174127,1578.4319277060065,1.006905926520617
1578.4652618469831,1.0108046007399016,1578.4652618469831,0.9997816426779264,1578.4652618469831,1.0105838841541444,1578.4333166287602,1.0073766726239768
1578.4666507697375,0.9983624033531697,1578.4666507697375,0.9997575055507619,1578.4666507697375,0.9981203060120286,1578.434705551514,0.9970503949571492
1578.4680396920269,0.996029338035093,1578.4680396920269,0.999839742130484,1578.4680396920269,0.995869716495404,1578.4360944738028,1.000778477763689
1578.469428614315,1.0023705658749,1578.469428614315,0.9998318653765468,1578.469428614315,1.002202032677246,1578.437483396557,0.9961795085156058
1578.4708175370688,1.0067365500991647,1578.4708175370688,0.9998021202923545,1578.4708175370688,1.006537337364955,1578.438872318845,0.9937945958359636
1578.4722064593575,0.9947805889782724,1578.4722064593575,0.9997901283979922,1578.4722064593575,0.9945718127824172,1578.4402612415993,0.992941360835714
1578.4735953821114,1.01048735757328,1578.4735953821114,0.9997683755802136,1578.4735953821114,1.0102533040253805,1578.441650164354,0.9879062103275016
1578.4749843043996,0.993661993251233,1578.4749843043996,0.999746043981692,1578.4749843043996,0.9934096468078828,1578.443039086642,0.9977301292051676
1578.4763732266883,1.005836323984742,1578.4763732266883,0.999717196859212,1578.4763732266883,1.0055518703132005,1578.4444280093958,1.008214285791165
1578.4777621494432,0.9958055840660069,1578.4777621494432,0.9998091388229454,1578.4777621494432,0.9956155234401146,1578.445816931685,1.0075254490577406
1578.4791510717312,1.0064583628848849,1578.4791510717312,0.9997816631488432,1578.4791510717312,1.0062386159351122,1578.4472058544393,1.0149591044704245
1578.4805399944848,0.9891627044156738,1578.4805399944848,0.9997784810655383,1578.4805399944848,0.9889435861473824,1578.4485947767275,0.9967930652345915
1578.481928916774,0.9976125426418146,1578.481928916774,0.9998255831010545,1578.481928916774,0.997438542155778,1578.4499836994814,1.0038032090627789
1578.4833178390627,0.9892246056117834,1578.4833178390627,0.9998610939261333,1578.4833178390627,0.9890871963056456,1578.45137262177,1.0075465446827017
1578.4847067618166,0.9987699587171238,1578.4847067618166,0.999854495212123,1578.4847067618166,0.9986246329061428,1578.452761544525,0.9958868144071802
1578.4860956841048,1.0092165858714324,1578.4860956841048,0.9999010495293084,1578.4860956841048,1.0091167234152305,1578.4541504668132,0.99310286844839
1578.4874846063935,1.0046332408565655,1578.4874846063935,0.9999877112475062,1578.4874846063935,1.0046208951673214,1578.4555393895669,1.0127225377015874
1578.4888735291483,1.0109090240141911,1578.4888735291483,0.9999716155946051,1578.4888735291483,1.010880329962636,1578.4569283118558,1.0035040571099776
1578.4902624514366,1.0132372026010987,1578.4902624514366,0.9998336772075352,1578.4902624514366,1.013068678160133,1578.4583172346097,0.9984862505266604
1578.4916513737246,0.9969020721913716,1578.4916513737246,0.9999344573253823,1578.4916513737246,0.9968367325632282,1578.459706156898,1.003024946560569
1578.4930402964792,1.0055433610161069,1578.4930402964792,0.9997719403312995,1578.4930402964792,1.0053140371303295,1578.4610950796523,1.0141761677189518
1578.4944292187674,1.0091234631920722,1578.4944292187674,0.9997544689631168,1578.4944292187674,1.0088756920618116,1578.462484001941,1.009215005656303
1578.4958181410557,1.0003368325242483,1578.4958181410557,0.9996851379474899,1578.4958181410557,1.0000218644159582,1578.463872924695,1.000533018174127
1578.4972070633444,0.9876835817763099,1578.4972070633444,0.9997224481153998,1578.4972070633444,0.9874094483367992,1578.4652618469831,1.0105838841541444
1578.4985959860987,1.0013653533314337,1578.4985959860987,0.9996697979382624,1578.4985959860987,1.001034700427211,1578.4666507697375,0.9981203060120286
1578.499984908387,1.0077160417856803,1578.499984908387,0.9996686002214552,1578.499984908387,1.0073820849125965,1578.4680396920269,0.995869716495404
1578.5013738306752,0.9879076118621942,1578.5013738306752,0.9996026947398347,1578.5013738306752,0.987515110971444,1578.469428614315,1.002202032677246
1578.5027627534298,1.0019136915417808,1578.5027627534298,0.9995003332705694,1578.5027627534298,1.0014130686043563,1578.4708175370688,1.006537337364955
1578.5041516757187,0.999827051772229,1578.5041516757187,0.9994793779560645,1578.5041516757187,0.9993065197689532,1578.4722064593575,0.9945718127824172
1578.505540598007,1.0124434526457944,1578.505540598007,0.9993946965572937,1578.505540598007,1.0118306171383624,1578.4735953821114,1.0102533040253805
1578.5069295202952,1.004506002543467,1578.5069295202952,0.9994392228212243,1578.5069295202952,1.0039426985012974,1578.4749843043996,0.9934096468078828
1578.5083184430496,0.9898460578793328,1578.5083184430496,0.9993240077250636,1578.5083184430496,0.98917692959083,1578.4763732266883,1.0055518703132005
1578.5097073653385,0.9972659116013121,1578.5097073653385,0.9993182080107256,1578.5097073653385,0.9965859836916058,1578.4777621494432,0.9956155234401146
1578.5110962876263,0.9954854939237677,1578.5110962876263,0.9992987837123318,1578.5110962876263,0.994787443281291,1578.4791510717312,1.0062386159351122
1578.5124852099148,1.0028947325721602,1578.5124852099148,0.999268027263124,1578.5124852099148,1.0021606409699608,1578.4805399944848,0.9889435861473824
1578.513874132204,0.9941623871048311,1578.513874132204,0.9992488405430574,1578.513874132204,0.9934156126260206,1578.481928916774,0.997438542155778
1578.5152630549576,0.9908109436439488,1578.5152630549576,0.9993175671117502,1578.5152630549576,0.9901347816699684,1578.4833178390627,0.9890871963056456
1578.5166519772456,0.9940423864220979,1578.5166519772456,0.9992793224066826,1578.5166519772456,0.9933260023473957,1578.4847067618166,0.9986246329061428
1578.5180408995348,1.0042069884784095,1578.5180408995348,0.9991641094357318,1578.5180408995348,1.003367581332168,1578.4860956841048,1.0091167234152305
1578.5194298218237,1.0058722540838052,1578.5194298218237,0.999122322680124,1578.5194298218237,1.0049894228197034,1578.4874846063935,1.0046208951673214
1578.5208187441117,0.9832142263322308,1578.5208187441117,0.998993164483903,1578.5208187441117,0.9822242913292276,1578.4888735291483,1.010880329962636
1578.5222076664,1.0083478040348544,1578.5222076664,0.999027820167168,1578.5222076664,1.0073675086352911,1578.4902624514366,1.013068678160133
1578.5235965891543,1.0121479373710014,1578.5235965891543,0.9991811656413003,1578.5235965891543,1.011319155863795,1578.4916513737246,0.9968367325632282
1578.5249855114434,0.9993725482243542,1578.5249855114434,0.9990673586747016,1578.5249855114434,0.9984404920865114,1578.4930402964792,1.0053140371303295
1578.5263744337317,0.9952244781328938,1578.5263744337317,0.9991085037807913,1578.5263744337317,0.9943372392733744,1578.4944292187674,1.0088756920618116
1578.5277633560197,0.9935339973294948,1578.5277633560197,0.9990120285388474,1578.5277633560197,0.9925524140944484,1578.4958181410557,1.0000218644159582
1578.5291522783086,1.0113097544216643,1578.5291522783086,0.9989379101379356,1578.5291522783086,1.0102356525840863,1578.4972070633444,0.9874094483367992
1578.5305412005969,0.9970212809260757,1578.5305412005969,0.9988905201610403,1578.5305412005969,0.9959151059158744,1578.4985959860987,1.001034700427211
1578.5319301228851,1.0025714887364703,1578.5319301228851,0.9989251591187234,1578.5319301228851,1.001493883913974,1578.499984908387,1.0073820849125965
1578.5333190456397,1.006786812320818,1578.5333190456397,0.9989223170205843,1578.5333190456397,1.0057018153092796,1578.5013738306752,0.987515110971444
1578.5347079679282,1.010325160286643,1578.5347079679282,0.9989466033060783,1578.5347079679282,1.009260887103011,1578.5027627534298,1.0014130686043563
1578.5360968902164,0.9939864064040369,1578.5360968902164,0.9988970278702125,1578.5360968902164,0.9928900671003856,1578.5041516757187,0.9993065197689532
1578.5374858125049,0.990037326693826,1578.5374858125049,0.9989857652426382,1578.5374858125049,0.9890331964260076,1578.505540598007,1.0118306171383624
1578.5388747347936,1.0019899282928215,1578.5388747347936,0.9988989248006745,1578.5388747347936,1.0008866620328043,1578.5069295202952,1.0039426985012974
1578.5402636570825,1.0100821175165215,1578.5402636570825,0.9989342757327466,1578.5402636570825,1.0090056484919656,1578.5083184430496,0.98917692959083
1578.5416525793707,1.0068227294819656,1578.5416525793707,0.9989827707662753,1578.5416525793707,1.005798559968358,1578.5097073653385,0.9965859836916058
1578.543041501659,0.9931465636393897,1578.543041501659,0.9989253406140771,1578.543041501659,0.9920792693631776,1578.5110962876263,0.994787443281291
1578.5444304239477,1.0031430424903005,1578.5444304239477,0.9989824800448176,1578.5444304239477,1.0021223244266642,1578.5124852099148,1.0021606409699608
1578.5458193462364,0.9889232927284721,1578.5458193462364,0.998973453445012,1578.5458193462364,0.9879081169291744,1578.513874132204,0.9934156126260206
1578.5472082685246,1.005207182395836,1578.5472082685246,0.9990687925862848,1578.5472082685246,1.0042711260152692,1578.5152630549576,0.9901347816699684
1578.5485971908129,0.982889255847614,1578.5485971908129,0.9989951963375484,1578.5485971908129,0.981901645123554,1578.5166519772456,0.9933260023473957
1578.549986113102,0.993246854196706,1578.549986113102,0.9989622518997316,1578.549986113102,0.9922161141606658,1578.5180408995348,1.003367581332168
1578.55137503539,1.0101328118154038,1578.55137503539,0.9990692378844251,1578.55137503539,1.0091926184624669,1578.5194298218237,1.0049894228197034
1578.552763957678,1.0043013854170173,1578.552763957678,0.9990690318058492,1578.552763957678,1.0033664127698525,1578.5208187441117,0.9822242913292276
1578.5541528799672,1.0120330292156843,1578.5541528799672,0.9989981687145199,1578.5541528799672,1.0110191428650768,1578.5222076664,1.0073675086352911
1578.555541802256,0.9827255346632074,1578.555541802256,0.999052543438172,1578.555541802256,0.9817944449069148,1578.5235965891543,1.011319155863795
1578.556930724544,0.9955621607626115,1578.556930724544,0.999029948398655,1578.556930724544,0.9945964140943252,1578.5249855114434,0.9984404920865114
1578.5583196468324,1.0059295054116475,1578.5583196468324,0.9990393516770238,1578.5583196468324,1.0049631609192415,1578.5263744337317,0.9943372392733744
1578.559708569121,1.0078020715657225,1578.559708569121,0.9990626421997956,1578.559708569121,1.0068574004328783,1578.5277633560197,0.9925524140944484
1578.5610974914102,0.996853125961141,1578.5610974914102,0.9990909163787277,1578.5610974914102,0.9959469031115156,1578.5291522783086,1.0102356525840863
1578.5624864136985,1.0054445141310673,1578.5624864136985,0.9991727053176335,1578.5624864136985,1.004612715231112,1578.5305412005969,0.9959151059158744
1578.5638753359865,1.016322868917839,1578.5638753359865,0.9992275288571488,1578.5638753359865,1.0155377888297803,1578.5319301228851,1.001493883913974
1578.5652642582754,0.998621878122732,1578.5652642582754,0.9993206081719366,1578.5652642582754,0.99794342257941,1578.5333190456397,1.0057018153092796
1578.5666531805637,0.9855147909389746,1578.5666531805637,0.9994619117624376,1578.5666531805637,0.9849844970220266,1578.5347079679282,1.009260887103011
1578.5680421028517,0.9943511407510405,1578.5680421028517,0.999409985569362,1578.5680421028517,0.993764459228876,1578.5360968902164,0.9928900671003856
1578.5694310251406,0.9880050762472615,1578.5694310251406,0.9993449753706045,1578.5694310251406,0.9873579085883518,1578.5374858125049,0.9890331964260076
1578.5708199474293,0.9985863617146403,1578.5708199474293,0.9992181267288147,1578.5708199474293,0.9978055937294454,1578.5388747347936,1.0008866620328043
1578.5722088697175,1.0058127543386202,1578.5722088697175,0.9991526871609725,1578.5722088697175,1.0049605162782114,1578.5402636570825,1.0090056484919656
1578.5735977920058,0.9969627110070103,1578.5735977920058,0.9992399513791097,1578.5735977920058,0.9962049708734304,1578.5416525793707,1.005798559968358
1578.5749867142947,0.9822550623733858,1578.5749867142947,0.9991443549088973,1578.5749867142947,0.9814146006510552,1578.543041501659,0.9920792693631776
1578.576375636118,0.9945262345883613,1578.576375636118,0.9990971760357958,1578.576375636118,0.9936283524707452,1578.5444304239477,1.0021223244266642
1578.5777645584062,0.995235237139451,1578.5777645584062,0.9991090118870517,1578.5777645584062,0.9943484943735724,1578.5458193462364,0.9879081169291744
1578.5791534806945,0.9902626850229146,1578.5791534806945,0.9991387714345961,1578.5791534806945,0.9894098425113192,1578.5472082685246,1.0042711260152692
1578.5805424029832,1.0056281257727364,1578.5805424029832,0.9991071473132335,1578.5805424029832,1.0047302479987523,1578.5485971908129,0.981901645123554
1578.581931325272,0.9926874589666951,1578.581931325272,0.9990421714644143,1578.581931325272,0.9917366345915788,1578.549986113102,0.9922161141606658
1578.58332024756,1.0066337175441908,1578.58332024756,0.99908352589397,1578.58332024756,1.005711163807805,1578.55137503539,1.0091926184624669
1578.5847091698483,0.9875094712337541,1578.5847091698483,0.999103754661883,1578.5847091698483,0.9866244204738144,1578.552763957678,1.0033664127698525
1578.5860980916716,1.0083031614490245,1578.5860980916716,0.9990036746597997,1578.5860980916716,1.0072985634586689,1578.5541528799672,1.0110191428650768
1578.5874870139596,0.9989574780893414,1578.5874870139596,0.9989145145989771,1578.5874870139596,0.9978731243306328,1578.555541802256,0.9817944449069148
1578.588875936248,0.9982363423339571,1578.588875936248,0.9989253849081039,1578.588875936248,0.9971636224952058,1578.556930724544,0.9945964140943252
1578.590264858537,1.005363391194778,1578.590264858537,0.9988173944409353,1578.590264858537,1.0041744428594708,1578.5583196468324,1.0049631609192415
1578.5916537808257,1.002240588989894,1578.5916537808257,0.9988314789657508,1578.5916537808257,1.001069449780281,1578.559708569121,1.0068574004328783
1578.593042703114,0.9933537651181394,1578.593042703114,0.9988728783885288,1578.593042703114,0.9922341346216385,1578.5610974914102,0.9959469031115156
1578.5944316249363,0.989983101337789,1578.5944316249363,0.9988963523525085,1578.5944316249363,0.9888905088169412,1578.5624864136985,1.004612715231112
1578.5958205472252,1.0003565678167576,1578.5958205472252,0.9989016329969419,1578.5958205472252,0.9992578091713752,1578.5638753359865,1.0155377888297803
1578.5972094695144,1.0036521186514349,1578.5972094695144,0.9989413739229627,1578.5972094695144,1.0025896263463567,1578.5652642582754,0.99794342257941
1578.5985983918024,0.9949455473105846,1578.5985983918024,0.9989009992446403,1578.5985983918024,0.9938521014025484,1578.5666531805637,0.9849844970220266
1578.5999873140904,0.9839703559523202,1578.5999873140904,0.9990152440291147,1578.5999873140904,0.983001385269122,1578.5680421028517,0.993764459228876
1578.601376235914,1.0079001121322746,1578.601376235914,0.9990333168529661,1578.601376235914,1.0069257920799828,1578.5694310251406,0.9873579085883518
1578.602765158202,1.0058792378649215,1578.602765158202,0.9990546088739957,1578.602765158202,1.004928288559612,1578.5708199474293,0.9978055937294454
1578.6041540804902,1.0067567882018538,1578.6041540804902,0.9990406887261891,1578.6041540804902,1.0057909950649462,1578.5722088697175,1.0049605162782114
1578.605543002779,1.0141859199983265,1578.605543002779,0.9991068155771425,1578.605543002779,1.0132800649327027,1578.5735977920058,0.9962049708734304
1578.606931924602,1.0005902239447106,1578.606931924602,0.9991144372083198,1578.606931924602,0.9997041384726664,1578.5749867142947,0.9814146006510552
1578.6083208468904,0.9983574656573956,1578.6083208468904,0.9991893438123041,1578.6083208468904,0.997548141000328,1578.576375636118,0.9936283524707452
1578.6097097691786,1.0071963280352116,1578.6097097691786,0.9991798072943704,1578.6097097691786,1.0063702329538202,1578.5777645584062,0.9943484943735724
1578.6110986910016,1.0049354874159024,1578.6110986910016,0.9991744537597049,1578.6110986910016,1.004105866702527,1578.5791534806945,0.9894098425113192
1578.6124876132908,0.9892946154434775,1578.6124876132908,0.9990971539788809,1578.6124876132908,0.9884014347362098,1578.5805424029832,1.0047302479987523
1578.613876535579,0.9830287861027301,1578.613876535579,0.9990280815418987,1578.613876535579,0.982073362280672,1578.581931325272,0.9917366345915788
1578.6152654578673,1.0066437493352198,1578.6152654578673,0.9989816790092161,1578.6152654578673,1.0056186628750303,1578.58332024756,1.005711163807805
1578.6166543796903,0.9901424857488617,1578.6166543796903,0.9990511059931154,1578.6166543796903,0.9892029454781728,1578.5847091698483,0.9866244204738144
1578.618043301979,1.0004285577494068,1578.618043301979,0.999003732661806,1578.618043301979,0.9994318634531244,1578.5860980916716,1.0072985634586689
1578.6194322242673,0.983819064532094,1578.6194322242673,0.9989415058835124,1578.6194322242673,0.9827776978405984,1578.5874870139596,0.9978731243306328
1578.6208211460898,0.998030225501566,1578.6208211460898,0.9988703364015873,1578.6208211460898,0.9969027870857012,1578.588875936248,0.9971636224952058
1578.6222100683788,0.9949519064058686,1578.6222100683788,0.9989930867289197,1578.6222100683788,0.993950076127222,1578.590264858537,1.0041744428594708
1578.6235989906663,0.9996601133391527,1578.6235989906663,0.9990188625071594,1578.6235989906663,0.9986793093218584,1578.5916537808257,1.001069449780281
1578.624987912488,0.9888181464700021,1578.624987912488,0.9990026774845269,1578.624987912488,0.9878319758688192,1578.593042703114,0.9922341346216385
1578.6263768347771,0.9940452881905777,1578.6263768347771,0.9990506973686272,1578.6263768347771,0.9931016383827946,1578.5944316249363,0.9888905088169412
1578.6277657570658,0.9970761644234274,1578.6277657570658,0.9990156530005989,1578.6277657570658,0.9960946954928028,1578.5958205472252,0.9992578091713752
1578.6291546788884,0.9872921322491067,1578.6291546788884,0.9990295372250322,1578.6291546788884,0.9863340019867404,1578.5972094695144,1.0025896263463567
1578.630543601177,0.9990428309735274,1578.630543601177,0.9990190305183124,1578.630543601177,0.9980628004454436,1578.5985983918024,0.9938521014025484
1578.6319325229997,0.9918081500553828,1578.6319325229997,0.9989796795734023,1578.6319325229997,0.9907961879406152,1578.5999873140904,0.983001385269122
1578.6333214452886,1.0045690397685785,1578.6333214452886,0.9991098789478068,1578.6333214452886,1.0036748517178988,1578.601376235914,1.0069257920799828
1578.6347103675766,1.0025513437442755,1578.6347103675766,0.9991812322449635,1578.6347103675766,1.0017304870312491,1578.602765158202,1.004928288559612
1578.6360992893992,1.001249512441446,1578.6360992893992,0.999213083686592,1578.6360992893992,1.000461612866314,1578.6041540804902,1.0057909950649462
1578.6374882116884,0.9861392863063138,1578.6374882116884,0.999155412293642,1578.6374882116884,0.9853064051883428,1578.605543002779,1.0132800649327027
1578.6388771335114,1.0004164648780867,1578.6388771335114,0.9992271687079768,1578.6388771335114,0.9996433117289736,1578.606931924602,0.9997041384726664
1578.6402660557997,0.9898280305021739,1578.6402660557997,0.9993077850826383,1578.6402660557997,0.9891428567738376,1578.6083208468904,0.997548141000328
1578.641654978088,0.9920271995325364,1578.641654978088,0.9993844644489904,1578.641654978088,0.9914165715236556,1578.6097097691786,1.0063702329538202
1578.643043899911,0.9920346517548325,1578.643043899911,0.9992741658088636,1578.643043899911,0.9913145990857968,1578.6110986910016,1.004105866702527
1578.6444328221992,0.988233288863585,1578.6444328221992,0.9992119066066983,1578.6444328221992,0.9874544687375908,1578.6124876132908,0.9884014347362098
1578.6458217440218,1.0013495510484443,1578.6458217440218,0.9992773738023579,1578.6458217440218,1.0006259496298595,1578.613876535579,0.982073362280672
1578.6472106663105,1.007396116972738,1578.6472106663105,0.9991983204368102,1578.6472106663105,1.006588508093724,1578.6152654578673,1.0056186628750303
1578.648599588134,0.9936920799678026,1578.648599588134,0.9991248748083889,1578.648599588134,0.9928224749959184,1578.6166543796903,0.9892029454781728
1578.6499885104222,0.9949059026306241,1578.6499885104222,0.999172064959834,1578.6499885104222,0.9940821851721682,1578.618043301979,0.9994318634531244
1578.6513774322443,0.995441288656236,1578.6513774322443,0.9991557665609572,1578.6513774322443,0.9946009038337486,1578.6194322242673,0.9827776978405984
1578.6527663545337,0.9956872153572683,1578.6527663545337,0.9992603908601517,1578.6527663545337,0.99495079599236,1578.6208211460898,0.9969027870857012
1578.6541552763565,0.9997194179010012,1578.6541552763565,0.9992212463653897,1578.6541552763565,0.9989408827707202,1578.6222100683788,0.993950076127222
1578.6555441986447,1.0039302818376117,1578.6555441986447,0.9991800557168541,1578.6555441986447,1.0031071149423418,1578.6235989906663,0.9986793093218584
1578.656933120467,0.999375770645968,1578.656933120467,0.9991996520619205,1578.656933120467,0.998575922308565,1578.624987912488,0.9878319758688192
1578.658322042756,0.9981580647838821,1578.658322042756,0.9992102004422139,1578.658322042756,0.9973697199857152,1578.6263768347771,0.9931016383827946
1578.6597109645786,0.9957028047042665,1578.6597109645786,0.9991864979179504,1578.6597109645786,0.994892798399537,1578.6277657570658,0.9960946954928028
1578.6610998868669,1.000010523764237,1578.6610998868669,0.9991801939563546,1578.6610998868669,0.999190709093146,1578.6291546788884,0.9863340019867404
1578.6624888086903,0.9974170151668215,1578.6624888086903,0.9992707794889564,1578.6624888086903,0.996689678221298,1578.630543601177,0.9980628004454436
1578.663877730979,1.0005349470024565,1578.663877730979,0.9992413101532809,1578.663877730979,0.9997758512968782,1578.6319325229997,0.9907961879406152
1578.6652666528016,1.0045316240719468,1578.6652666528016,0.9991453783780329,1578.6652666528016,1.0036731296260653,1578.6333214452886,1.0036748517178988
1578.6666555746242,0.9978100358677218,1578.6666555746242,0.9990406481052868,1578.6666555746242,0.9968527849192482,1578.6347103675766,1.0017304870312491
1578.668044496913,1.0073637834026512,1578.668044496913,0.9991570053785909,1578.668044496913,1.0065145811514404,1578.6360992893992,1.000461612866314
1578.6694334187362,1.0049469040580523,1578.6694334187362,0.9990606530135587,1578.6694334187362,1.004002910212192,1578.6374882116884,0.9853064051883428
1578.6708223410242,1.0104656910759664,1578.6708223410242,0.999158020799605,1578.6708223410242,1.0096148999813677,1578.6388771335114,0.9996433117289736
1578.6722112628468,0.9962019770527062,1578.6722112628468,0.9991660264060349,1578.6722112628468,0.9953711709095884,1578.6402660557997,0.9891428567738376
1578.673600185136,0.9960013506270213,1578.673600185136,0.9991393085704108,1578.673600185136,0.9951441008006774,1578.641654978088,0.9914165715236556
1578.674989106959,1.0056931784359575,1578.674989106959,0.9991344367980456,1578.674989106959,1.0048226874282469,1578.643043899911,0.9913145990857968
1578.6763780287815,1.002375454464991,1578.6763780287815,0.9991346308483454,1578.6763780287815,1.0015080296683212,1578.6444328221992,0.9874544687375908
1578.6777669510698,0.9981222363184262,1578.6777669510698,0.9990280599898108,1578.6777669510698,0.9971521213818888,1578.6458217440218,1.0006259496298595
1578.6791558728928,0.998000379651906,1578.6791558728928,0.9988998385088127,1578.6791558728928,0.9969024180660226,1578.6472106663105,1.006588508093724
1578.6805447947154,1.0041912889326985,1578.6805447947154,0.9988769885530152,1578.6805447947154,1.0030635706202646,1578.648599588134,0.9928224749959184
1578.6819337170036,1.0116881692042865,1578.6819337170036,0.9989661651984494,1578.6819337170036,1.0106422507666462,1578.6499885104222,0.9940821851721682
1578.683322638827,1.0002865730482424,1578.683322638827,0.9988850205315613,1578.683322638827,0.9991712740567388,1578.6513774322443,0.9946009038337486
1578.6847115606502,1.0065838704241854,1578.6847115606502,0.9988100828106249,1578.6847115606502,1.00538611897422,1578.6527663545337,0.99495079599236
1578.6861004829384,1.0089248460968094,1578.6861004829384,0.9987756211045633,1578.6861004829384,1.007689539808167,1578.6541552763565,0.9989408827707202
1578.6874894047608,1.002203611095324,1578.6874894047608,0.998663117686106,1578.6874894047608,1.00086378281273,1578.6555441986447,1.0031071149423418
1578.688878326584,1.005216747045823,1578.688878326584,0.9986375444479676,1578.688878326584,1.0038471839078145,1578.656933120467,0.998575922308565
1578.6902672488727,1.0102124535523773,1578.6902672488727,0.9985826292716397,1578.6902672488727,1.008780607991287,1578.658322042756,0.9973697199857152
1578.6916561706953,0.9922820930976765,1578.6916561706953,0.9986793092284212,1578.6916561706953,0.9909715952945194,1578.6597109645786,0.994892798399537
1578.693045092518,1.0003618477403209,1578.693045092518,0.9987714928023949,1578.693045092518,0.9991328960101624,1578.6610998868669,0.999190709093146
1578.6944340148066,0.9904078185667626,1578.6944340148066,0.9987726523998681,1578.6944340148066,0.9891922439074928,1578.6624888086903,0.996689678221298
1578.6958229366292,1.0001425346381039,1578.6958229366292,0.998783145756553,1578.6958229366292,0.9989255069507778,1578.663877730979,0.9997758512968782
1578.6972118584515,1.0115149108919552,1578.6972118584515,0.9987783531686132,1578.6972118584515,1.0102791969061635,1578.6652666528016,1.0036731296260653
1578.698600780741,0.9942942872612848,1578.698600780741,0.9988486931502922,1578.698600780741,0.9931495494377356,1578.6666555746242,0.9968527849192482
1578.699989702564,1.0007860363149685,1578.699989702564,0.9988256632503382,1578.699989702564,0.9996107764939756,1578.668044496913,1.0065145811514404
1578.7013786243865,0.9984342328710123,1578.7013786243865,0.9988440669140488,1578.7013786243865,0.9972801097070904,1578.6694334187362,1.004002910212192
1578.702767546209,0.9980239044416853,1578.702767546209,0.9988192282694983,1578.702767546209,0.9968454660289556,1578.6708223410242,1.0096148999813677
1578.7041564684978,1.004148736680999,1578.7041564684978,0.9988916940297219,1578.7041564684978,1.0030358326410882,1578.6722112628468,0.9953711709095884
1578.705545390321,0.9969143429709942,1578.705545390321,0.9988116637582963,1578.705545390321,0.9957296735273676,1578.673600185136,0.9951441008006774
1578.7069343121434,1.00464516079452,1578.7069343121434,0.998882109557287,1578.7069343121434,1.00352207757095,1578.674989106959,1.0048226874282469
1578.708323233966,1.0082179805995095,1578.708323233966,0.9988819513786956,1578.708323233966,1.007090743876326,1578.6763780287815,1.0015080296683212
1578.7097121557897,0.9953689751599623,1578.7097121557897,0.9988851766834725,1578.7097121557897,0.9942593146179058,1578.6777669510698,0.9971521213818888
1578.7111010780782,0.9963861244921196,1578.7111010780782,0.9987899517832882,1578.7111010780782,0.9951804492390216,1578.6791558728928,0.9969024180660226
1578.7124899999008,1.003003793174961,1578.7124899999008,0.9987890668811065,1578.7124899999008,1.0017892226634295,1578.6805447947154,1.0030635706202646
1578.713878921723,0.9954901522859995,1578.713878921723,0.9987386264040511,1578.713878921723,0.9942344672928788,1578.6819337170036,1.0106422507666462
1578.7152678435464,1.0003997816958377,1578.7152678435464,0.9986812407357756,1578.7152678435464,0.9990804952157982,1578.683322638827,0.9991712740567388
1578.716656765369,1.0029225752746882,1578.716656765369,0.9986613256076436,1578.716656765369,1.001579988505652,1578.6847115606502,1.00538611897422
1578.7180456876572,1.006944618798923,1578.7180456876572,0.998660894953074,1578.7180456876572,1.0055962141779144,1578.6861004829384,1.007689539808167
1578.7194346094802,1.0160629513267412,1578.7194346094802,0.9987239603312538,1578.7194346094802,1.014766414694905,1578.6874894047608,1.00086378281273
1578.7208235313035,1.0006483643364041,1578.7208235313035,0.9987606853846868,1578.7208235313035,0.9994082461936928,1578.688878326584,1.0038471839078145
1578.722212453126,1.0034618132989244,1578.722212453126,0.9987805433348477,1578.722212453126,1.0022381351024712,1578.6902672488727,1.008780607991287
1578.7236013749484,1.0109246793161366,1578.7236013749484,0.9987869938226545,1578.7236013749484,1.009698421435295,1578.6916561706953,0.9909715952945194
1578.724990296772,1.011233411493427,1578.724990296772,0.9988760539368424,1578.724990296772,1.0100968396816454,1578.693045092518,0.9991328960101624
1578.726379218595,0.9993336581844293,1578.726379218595,0.9987605440783046,1578.726379218595,0.9980950281640432,1578.6944340148066,0.9891922439074928
1578.7277681408832,1.004119714882597,1578.7277681408832,0.9987015926015962,1578.7277681408832,1.0028159584159104,1578.6958229366292,0.9989255069507778
1578.7291570627058,0.9982956290444966,1578.7291570627058,0.9986196276651138,1578.7291570627058,0.9969176093761258,1578.6972118584515,1.0102791969061635
1578.7305459845288,0.9997541303511174,1578.7305459845288,0.9985214154196578,1578.7305459845288,0.9982759093098468,1578.698600780741,0.9931495494377356
1578.7319349063514,1.0000452805319409,1578.7319349063514,0.9984508191639353,1578.7319349063514,0.9984960295481438,1578.699989702564,0.9996107764939756
1578.733323828174,0.9991162392991143,1578.733323828174,0.9984788374321362,1578.733323828174,0.9975964210749476,1578.7013786243865,0.9972801097070904
1578.7347127499972,1.009114053198632,1578.7347127499972,0.9983571774415607,1578.7347127499972,1.0074562578679993,1578.702767546209,0.9968454660289556
1578.7361016718205,0.9967234099335005,1578.7361016718205,0.9982457473778135,1578.7361016718205,0.99497490527803,1578.7041564684978,1.0030358326410882
1578.737490593643,1.0005951729850733,1578.737490593643,0.9983085844370392,1578.737490593643,0.9989027507372628,1578.705545390321,0.9957296735273676
1578.7388795154657,1.0013122149946634,1578.7388795154657,0.9983466125458298,1578.7388795154657,0.9996566579406838,1578.7069343121434,1.00352207757095
1578.7402684372887,1.0091206662106103,1578.7402684372887,0.9982895656716435,1578.7402684372887,1.0073946315816698,1578.708323233966,1.007090743876326
1578.7416573591115,0.9997495888587786,1578.7416573591115,0.9983510537121602,1578.7416573591115,0.9981010554854606,1578.7097121557897,0.9942593146179058
1578.7430462809343,1.0010899679680965,1578.7430462809343,0.9983416119633544,1578.7430462809343,0.9994297723416122,1578.7111010780782,0.9951804492390216
1578.7444352032226,0.9933132609411505,1578.7444352032226,0.9983831637203955,1578.7444352032226,0.9917072360238486,1578.7124899999008,1.0017892226634295
1578.745824125046,1.0172071696096991,1578.745824125046,0.9983978571787965,1578.745824125046,1.0155774584452322,1578.713878921723,0.9942344672928788
1578.747213046869,1.0072751722060909,1578.747213046869,0.9984176742036796,1578.747213046869,1.005681334717116,1578.7152678435464,0.9990804952157982
1578.7486019686917,1.0047092031678233,1578.7486019686917,0.9983963611502636,1578.7486019686917,1.0030980124569358,1578.716656765369,1.001579988505652
1578.7499908905145,0.9983581824791367,1578.7499908905145,0.9984084063766071,1578.7499908905145,0.9967692019620408,1578.7180456876572,1.0055962141779144
1578.7513798123373,0.9989259443294237,1578.7513798123373,0.9984315124492229,1578.7513798123373,0.9973591414215948,1578.7194346094802,1.014766414694905
1578.75276873416,1.0023772886051856,1578.75276873416,0.9984223451276294,1578.75276873416,1.000795883191864,1578.7208235313035,0.9994082461936928
1578.7541576559825,1.0075628674354138,1578.7541576559825,0.9984404842358501,1578.7541576559825,1.0059915572602762,1578.722212453126,1.0022381351024712
1578.7555465778055,1.0009524142291766,1578.7555465778055,0.9984142899215191,1578.7555465778055,0.9993651938978536,1578.7236013749484,1.009698421435295
1578.756935499629,1.010661911026635,1578.756935499629,0.9984220645524483,1578.756935499629,1.0090671517717358,1578.724990296772,1.0100968396816454
1578.758324421451,1.0068269181910383,1578.758324421451,0.9983560847282565,1578.758324421451,1.0051717800442217,1578.726379218595,0.9980950281640432
1578.759713342808,1.000214741569293,1578.759713342808,0.998254785815624,1578.759713342808,0.9984691526148842,1578.7277681408832,1.0028159584159104
1578.7611022646315,0.9973727932858985,1578.7611022646315,0.9981972171966437,1578.7611022646315,0.9955747467656272,1578.7291570627058,0.9969176093761258
1578.7624911864546,1.00325394679382,1578.7624911864546,0.9982509178225578,1578.7624911864546,1.0014991731960343,1578.7305459845288,0.9982759093098468
1578.7638801082771,1.0016887972908157,1578.7638801082771,0.9982685835419383,1578.7638801082771,0.9999544568213304,1578.7319349063514,0.9984960295481438
1578.7652690300995,1.0020328160028051,1578.7652690300995,0.9983232216336528,1578.7652690300995,1.0003526290545617,1578.733323828174,0.9975964210749476
1578.7666579519228,0.993584001248252,1578.7666579519228,0.998448225453672,1578.7666579519228,0.9920421828854762,1578.7347127499972,1.0074562578679993
1578.7680468737462,0.9978236699398108,1578.7680468737462,0.9984527215331812,1578.7680468737462,0.9962797588616308,1578.7361016718205,0.99497490527803
1578.7694357955688,1.0021775412363485,1578.7694357955688,0.9985853814238537,1578.7694357955688,1.0007598422699189,1578.737490593643,0.9989027507372628
1578.7708247173912,0.9971951153054777,1578.7708247173912,0.9985821826594591,1578.7708247173912,0.9957812747790948,1578.7388795154657,0.9996566579406838
1578.7722136392144,0.9998138709267925,1578.7722136392144,0.9985013060414287,1578.7722136392144,0.9983154559187388,1578.7402684372887,1.0073946315816698
1578.773602561037,1.004946286014498,1578.773602561037,0.9984896541671126,1578.773602561037,1.0034284695791402,1578.7416573591115,0.9981010554854606
1578.7749914828596,0.9929915592789376,1578.7749914828596,0.998589736306488,1578.7749914828596,0.9915911793349226,1578.7430462809343,0.9994297723416122
1578.776380404217,1.0092750123998804,1578.776380404217,0.9985810161773039,1578.776380404217,1.0078428674846336,1578.7444352032226,0.9917072360238486
1578.77776932604,1.002633487447238,1578.77776932604,0.9985609749518701,1578.77776932604,1.0011906727447075,1578.745824125046,1.0155774584452322
1578.7791582478626,0.991537215035759,1578.7791582478626,0.998554644767071,1578.7791582478626,0.9901040915333632,1578.747213046869,1.005681334717116
1578.7805471696852,1.0053896475987474,1578.7805471696852,0.9984928437995223,1578.7805471696852,1.003874368357473,1578.7486019686917,1.0030980124569358
1578.781936091509,1.0130843533475682,1578.781936091509,0.9985597490914391,1578.781936091509,1.0116252576872105,1578.7499908905145,0.9967692019620408
1578.7833250133317,1.0048372465917053,1578.7833250133317,0.9985730322442019,1578.7833250133317,1.003403376240994,1578.7513798123373,0.9973591414215948
1578.7847139351543,0.9866503121207119,1578.7847139351543,0.9985907216588557,1578.7847139351543,0.9852598472055568,1578.75276873416,1.000795883191864
1578.7861028565112,1.0023609781767053,1578.7861028565112,0.998546030049359,1578.7861028565112,1.0009035754347413,1578.7541576559825,1.0059915572602762
1578.7874917783342,0.9997290530469756,1578.7874917783342,0.998501306789161,1578.7874917783342,0.9982307659024956,1578.7555465778055,0.9993651938978536
1578.7888807001568,0.983372363514166,1578.7888807001568,0.9984694518782032,1578.7888807001568,0.9818672647901626,1578.756935499629,1.0090671517717358
1578.7902696219794,0.9954457204127188,1578.7902696219794,0.998379195336148,1578.7902696219794,0.9938322973464624,1578.758324421451,1.0051717800442217
1578.7916585438024,1.0076677909650253,1578.7916585438024,0.9983671001729562,1578.7916585438024,1.006022370403441,1578.759713342808,0.9984691526148842
1578.7930474651605,0.9918451152870381,1578.7930474651605,0.9982645045303769,1578.7930474651605,0.9901237725828896,1578.7611022646315,0.9955747467656272
1578.7944363869826,1.003825108643689,1578.7944363869826,0.9982567723059916,1578.7944363869826,1.0020752129143602,1578.7624911864546,1.0014991731960343
1578.795825308805,1.007381666101645,1578.795825308805,0.9981430121944436,1578.795825308805,1.0055109706321532,1578.7638801082771,0.9999544568213304
1578.7972142306285,0.992076741265545,1578.7972142306285,0.9982099779552815,1578.7972142306285,0.9903009020286272,1578.7652690300995,1.0003526290545617
1578.7986031519858,0.9927702890334771,1578.7986031519858,0.99830932206015,1578.7986031519858,0.9910918342064696,1578.7666579519228,0.9920421828854762
1578.7999920738084,1.0113352289449304,1578.7999920738084,0.9983194470936672,1578.7999920738084,1.0096356265866502,1578.7680468737462,0.9962797588616308
1578.801380995631,0.9910977940967652,1578.801380995631,0.9982400439188697,1578.801380995631,0.9893535055070498,1578.7694357955688,1.0007598422699189
1578.802769917454,0.987477566214145,1578.802769917454,0.9982001676970051,1578.802769917454,0.98570027219199,1578.7708247173912,0.9957812747790948
1578.804158838812,0.992394168551411,1578.804158838812,0.9981574293112558,1578.804158838812,0.9905656121447576,1578.7722136392144,0.9983154559187388
1578.8055477606345,1.008815855064678,1578.8055477606345,0.9981674229529518,1578.8055477606345,1.0069671222839882,1578.773602561037,1.0034284695791402
1578.8069366824568,0.9963320384029977,1578.8069366824568,0.9980442160932219,1578.8069366824568,0.9943834282364816,1578.7749914828596,0.9915911793349226
1578.80832560428,0.9989923088808572,1578.80832560428,0.9980890031331178,1578.80832560428,0.9970832377085465,1578.776380404217,1.0078428674846336
1578.809714525637,0.9943940628459935,1578.809714525637,0.9979722530084291,1578.809714525637,0.9923776832766216,1578.77776932604,1.0011906727447075
1578.8111034474596,0.9910688590068767,1578.8111034474596,0.9978830044040147,1578.8111034474596,0.988970770597041,1578.7791582478626,0.9901040915333632
1578.8124923692826,1.000570475054212,1578.8124923692826,0.9978326908716761,1578.8124923692826,0.9984019295300957,1578.7805471696852,1.003874368357473
1578.81388129064,0.9942590088802468,1578.81388129064,0.9978473874590613,1578.81388129064,0.9921187544687898,1578.781936091509,1.0116252576872105
1578.8152702124626,1.0054828325588545,1578.8152702124626,0.9977201195304444,1578.8152702124626,1.00319045188643,1578.7833250133317,1.003403376240994
1578.8166591342851,1.0069796237144188,1578.8166591342851,0.9978301628649768,1578.8166591342851,1.0047946419326717,1578.7847139351543,0.9852598472055568
1578.8180480556427,0.9917614028225791,1578.8180480556427,0.9978813029458339,1578.8180480556427,0.9896601608599832,1578.7861028565112,1.0009035754347413
1578.819436977466,1.0011390083977205,1578.819436977466,0.9980015146893334,1578.819436977466,0.9991382467955024,1578.7874917783342,0.9982307659024956
1578.8208258992886,1.0045559892317615,1578.8208258992886,0.9979477799300512,1578.8208258992886,1.0024944192692729,1578.7888807001568,0.9818672647901626
1578.8222148206455,1.0082016535923073,1578.8222148206455,0.9979252523398464,1578.8222148206455,1.0061098895705536,1578.7902696219794,0.9938322973464624
1578.8236037424683,0.993177826475022,1578.8236037424683,0.9979325615491417,1578.8236037424683,0.9911244924480276,1578.7916585438024,1.006022370403441
1578.8249926638257,0.9974779256035402,1578.8249926638257,0.9978547460514743,1578.8249926638257,0.995338082145072,1578.7930474651605,0.9901237725828896
1578.826381585648,0.9930702620611657,1578.826381585648,0.9978884226474969,1578.826381585648,0.990973317386353,1578.7944363869826,1.0020752129143602
1578.827770507471,1.0015923560414235,1578.827770507471,0.9978858032549403,1578.827770507471,0.999474792742404,1578.795825308805,1.0055109706321532
1578.829159428829,0.9970174649501434,1578.829159428829,0.9978090175795946,1578.829159428829,0.9948330172116006,1578.7972142306285,0.9903009020286272
1578.8305483506513,1.001675749319227,1578.8305483506513,0.9978786777845108,1578.8305483506513,0.9995508722994794,1578.7986031519858,0.9910918342064696
1578.831937272008,1.0147240625621492,1578.831937272008,0.9978895678102763,1578.831937272008,1.012582556236831,1578.7999920738084,1.0096356265866502
1578.8333261938317,0.9936742260078423,1578.8333261938317,0.9978681649376996,1578.8333261938317,0.9915558764523346,1578.801380995631,0.9893535055070498
1578.8347151156545,0.996738639105237,1578.8347151156545,0.9978822348653766,1578.8347151156545,0.994627780767008,1578.802769917454,0.98570027219199
1578.8361040370114,0.9998020520393041,1578.8361040370114,0.9979773714407192,1578.8361040370114,0.9977798238552218,1578.804158838812,0.9905656121447576
1578.837492958834,0.9895749429063827,1578.837492958834,0.9978844091119526,1578.837492958834,0.98748140717413,1578.8055477606345,1.0069671222839882
1578.8388818801914,0.9992278716195176,1578.8388818801914,0.9979316321957346,1578.8388818801914,0.9971611008607352,1578.8069366824568,0.9943834282364816
1578.8402708020149,1.0011108284241776,1578.8402708020149,0.9978591863498961,1578.8402708020149,0.9989676366974204,1578.80832560428,0.9970832377085465
1578.8416597233715,0.9943720391115851,1578.8416597233715,0.9977679185909284,1578.8416597233715,0.9921525197693836,1578.809714525637,0.9923776832766216
1578.8444375665515,1.0165537894719379,1578.8444375665515,0.9976662386203509,1578.8444375665515,1.0141813954977323,1578.8111034474596,0.988970770597041
1578.8458264883743,1.0082486711337655,1578.8458264883743,0.9976474037923279,1578.8458264883743,1.0058766691336658,1578.8124923692826,0.9984019295300957
1578.8472154097312,0.9967828851865121,1578.8472154097312,0.9976699260342103,1578.8472154097312,0.9944603073361944,1578.81388129064,0.9921187544687898
1578.8486043315545,1.0066813111024022,1578.8486043315545,0.997656397962827,1578.8486043315545,1.0043220507309187,1578.8152702124626,1.00319045188643
1578.8499932529116,0.9942741066887129,1578.8499932529116,0.9975639595479842,1578.8499932529116,0.9918520147444272,1578.8166591342851,1.0047946419326717
1578.8513821747342,1.0003231403091764,1578.8513821747342,0.9976316876348239,1578.8513821747342,0.9979540626468104,1578.8180480556427,0.9896601608599832
1578.8527710960911,0.9984786189136545,1578.8527710960911,0.9976004327834144,1578.8527710960911,0.9960827023532476,1578.819436977466,0.9991382467955024
1578.8541600179144,0.9944416814751648,1578.8541600179144,0.9976619864581318,1578.8541600179144,0.9921166633572776,1578.8208258992886,1.0024944192692729
1578.855548939272,0.9885035207964523,1578.855548939272,0.9976940024734519,1578.855548939272,0.9862240341225116,1578.8222148206455,1.0061098895705536
1578.8569378610946,1.0029177927794444,1578.8569378610946,0.9976211822394915,1578.8569378610946,1.0005320341216506,1578.8236037424683,0.9911244924480276
1578.8583267824515,0.9903376248057725,1578.8583267824515,0.9975779020473915,1578.8583267824515,0.9879389300723392,1578.8249926638257,0.995338082145072
1578.8597157042743,0.991362620758151,1578.8597157042743,0.9974539263839852,1578.8597157042743,0.9888385385455354,1578.826381585648,0.990973317386353
1578.8708270765292,0.9990289797234542,1578.8708270765292,0.9972779650777622,1578.8708270765292,0.9963095879523194,1578.827770507471,0.999474792742404
1578.872215997886,0.9990373024550893,1578.872215997886,0.9972489719873135,1578.872215997886,0.9962889228503166,1578.829159428829,0.9948330172116006
1578.873604919709,0.9868703817534547,1578.873604919709,0.9972199510507688,1578.873604919709,0.9841268337856336,1578.8305483506513,0.9995508722994794
1578.874993841066,0.9997314328895593,1578.874993841066,0.9971812987563736,1578.874993841066,0.9969134886563812,1578.831937272008,1.012582556236831
1578.876382762424,0.998008034719555,1578.876382762424,0.9971162991012653,1578.876382762424,0.9951300780528898,1578.8333261938317,0.9915558764523346
1578.8777716842455,0.9970598753496884,1578.8777716842455,0.9970258044695601,1578.8777716842455,0.9940944243248424,1578.8347151156545,0.994627780767008
1578.8791606056016,0.9983807977388375,1578.8791606056016,0.9969985519145353,1578.8791606056016,0.9953842096048996,1578.8361040370114,0.9977798238552218
1578.8805495269594,0.9954660038278144,1578.8805495269594,0.9969639068332038,1578.8805495269594,0.9924436762958148,1578.837492958834,0.98748140717413
1578.881938448782,1.0003842882791922,1578.881938448782,0.9968065772982712,1578.881938448782,0.9971896383825486,1578.8388818801914,0.9971611008607352
1578.8833273701389,0.9898075405289305,1578.8833273701389,0.996783915625401,1578.8833273701389,0.9866242359639752,1578.8402708020149,0.9989676366974204
1578.8847162914965,0.9981710364624751,1578.8847162914965,0.9968299911872235,1578.8847162914965,0.9950068254802308,1578.8416597233715,0.9921525197693836
1578.8861052133193,0.9796077204770046,1578.8861052133193,0.9967740916755559,1578.8861052133193,0.976447595776828,1578.8444375665515,1.0141813954977323
1578.8874941346762,1.0046704602903012,1578.8874941346762,0.9967839521416106,1578.8874941346762,1.0014393920080975,1578.8458264883743,1.0058766691336658
1578.8888830560331,1.0010664736240695,1578.8888830560331,0.9967108921597728,1578.8888830560331,0.997773858037084,1578.8472154097312,0.9944603073361944
1578.8902719773905,1.0105254632043552,1578.8902719773905,0.9966097594926915,1578.8902719773905,1.0070995388453332,1578.8486043315545,1.0043220507309187
1578.891660899214,0.995530142181917,1578.891660899214,0.996715388082083,1578.891660899214,0.9922602120122608,1578.8499932529116,0.9918520147444272
1578.893049820571,1.0098708439906234,1578.893049820571,0.9968229511984549,1578.893049820571,1.0066624350360076,1578.8513821747342,0.9979540626468104
1578.8944387419278,1.0034383712952621,1578.8944387419278,0.9968712003643562,1578.8944387419278,1.0002988136847626,1578.8527710960911,0.9960827023532476
1578.8958276632852,1.0012114905854634,1578.8958276632852,0.9968732413661605,1578.8958276632852,0.998080943912976,1578.8541600179144,0.9921166633572776
1578.8972165851085,0.9919030834161836,1578.8972165851085,0.9969060368348263,1578.8972165851085,0.9888341718126716,1578.855548939272,0.9862240341225116
1578.8986055064652,1.0086321296169978,1578.8986055064652,0.9968477465661599,1578.8986055064652,1.0054526655229312,1578.8569378610946,1.0005320341216506
1578.899994427822,0.9939514775431196,1578.899994427822,0.996967704024101,1578.899994427822,0.9909375224775268,1578.8583267824515,0.9879389300723392
1578.9013833491797,0.9921107572673881,1578.9013833491797,0.9968457689022886,1578.9013833491797,0.9889814106644412,1578.8597157042743,0.9888385385455354
1578.902772271002,1.0010541913805489,1578.902772271002,0.9967596155900335,1578.902772271002,0.9978103909852676,1578.8708270765292,0.9963095879523194
1578.904161192359,1.0020403232753194,1578.904161192359,0.9968639058454589,1578.904161192359,0.9988978304748812,1578.872215997886,0.9962889228503166
1578.9055501137168,1.0065128791552744,1578.9055501137168,0.9968685163008671,1578.9055501137168,1.0033610004812323,1578.873604919709,0.9841268337856336
1578.9069390350742,1.0024263174224357,1578.9069390350742,0.9967680511814131,1578.9069390350742,0.9991865268701218,1578.874993841066,0.9969134886563812
1578.908327956431,1.000117443032762,1578.908327956431,0.9967036858068619,1578.908327956431,0.996820741710488,1578.876382762424,0.9951300780528898
1578.909716877788,0.9971106909240716,1578.909716877788,0.9967238878482533,1578.909716877788,0.9938440444728986,1578.8777716842455,0.9940944243248424
1578.911105799611,0.991077838554628,1578.911105799611,0.9966446768385,1578.911105799611,0.9877524521280764,1578.8791606056016,0.9953842096048996
1578.9124947209689,0.9996343251564972,1578.9124947209689,0.9966587881853317,1578.9124947209689,0.9962943351389364,1578.8805495269594,0.9924436762958148
1578.9138836423256,0.9964626598048296,1578.9138836423256,0.9967454910665778,1578.9138836423256,0.9932196631766732,1578.881938448782,0.9971896383825486
1578.9152725636825,0.9987277380897911,1578.9152725636825,0.9968243329017772,1578.9152725636825,0.9955561112718568,1578.8833273701389,0.9866242359639752
1578.91666148504,0.9993747125702148,1578.91666148504,0.9966827903403372,1578.91666148504,0.9960595771200542,1578.8847162914965,0.9950068254802308
1578.918050406397,1.0061855151145533,1578.918050406397,0.9967276863531515,1578.918050406397,1.0028929605221826,1578.8861052133193,0.976447595776828
1578.9194393282194,0.9954508251254309,1578.9194393282194,0.9967459344794254,1578.9194393282194,0.9922115629179628,1578.8874941346762,1.0014393920080975
1578.920828249577,1.0057370541245376,1578.920828249577,0.9967321993521642,1578.920828249577,1.002450505927517,1578.8888830560331,0.997773858037084
1578.9222171709343,1.0078443045049545,1578.9222171709343,0.9967406546797755,1578.9222171709343,1.0045593918875513,1578.8902719773905,1.0070995388453332
1578.9236060922913,1.011205174000982,1578.9236060922913,0.9968301683686085,1578.9236060922913,1.0079998238546068,1578.891660899214,0.9922602120122608
1578.9249950136482,0.9925449650125012,1578.9249950136482,0.9967555696176009,1578.9249950136482,0.9893247219721174,1578.893049820571,1.0066624350360076
1578.9263839350056,0.9943344541671978,1578.9263839350056,0.996863848655225,1578.9263839350056,0.9912160708316052,1578.8944387419278,1.0002988136847626
1578.9277728563634,0.9936502668933723,1578.9277728563634,0.9970067372187937,1578.9277728563634,0.9906760105319448,1578.8958276632852,0.998080943912976
1578.9291617777203,1.0074905310168432,1578.9291617777203,0.9970970632528287,1578.9291617777203,1.0045658497319272,1578.8972165851085,0.9888341718126716
1578.930550699077,0.9867683882466116,1578.930550699077,0.9970952160783842,1578.930550699077,0.9839020392980742,1578.8986055064652,1.0054526655229312
1578.9319396204346,1.0078112936226373,1578.9319396204346,0.9972060424445977,1578.9319396204346,1.0049955116444005,1578.899994427822,0.9909375224775268
1578.933328541792,0.9928235225346572,1578.933328541792,0.9972473454168506,1578.933328541792,0.9900906223150936,1578.9013833491797,0.9889814106644412
1578.934717463149,0.9980355936574768,1578.934717463149,0.9973378511100794,1578.934717463149,0.9953786743097204,1578.902772271002,0.9978103909852676
1578.9361063845058,0.9969344171314614,1578.9361063845058,0.9974075444301636,1578.9361063845058,0.9943499089490072,1578.904161192359,0.9988978304748812
1578.9374953058634,1.0138618774309822,1578.9374953058634,0.9974590430819728,1578.9374953058634,1.0112856980796,1578.9055501137168,1.0033610004812323
1578.93888422722,0.9863653086992825,1578.93888422722,0.9974720648733445,1578.93888422722,0.9838718411877072,1578.9069390350742,0.9991865268701218
1578.940273148577,1.015618009142647,1578.940273148577,0.997417324340386,1578.940273148577,1.0129949972309686,1578.908327956431,0.996820741710488
1578.9416620699349,1.007211058654214,1578.9416620699349,0.9974307620664539,1578.9416620699349,1.0046232937952324,1578.909716877788,0.9938440444728986
1578.9430509912922,1.013862094008761,1578.9430509912922,0.9975671123426475,1578.9430509912922,1.0113954814339896,1578.911105799611,0.9877524521280764
1578.9444399126492,0.992816864482804,1578.9444399126492,0.9975306321727176,1578.9444399126492,0.9903652344592668,1578.9124947209689,0.9962943351389364
1578.945828834006,1.0059565831600228,1578.945828834006,0.9975317934075723,1578.945828834006,1.0034736744897712,1578.9138836423256,0.9932196631766732
1578.9472177553637,0.9965667739951128,1578.9472177553637,0.997533265724535,1578.9472177553637,0.9941085085759096,1578.9152725636825,0.9955561112718568
1578.948606676721,0.9908120556085582,1578.948606676721,0.9976495209153429,1578.948606676721,0.9884831725950242,1578.91666148504,0.9960595771200542
1578.9499955980775,1.003215633860378,1578.9499955980775,0.9977092076649909,1578.9499955980775,1.0009174751759693,1578.918050406397,1.0028929605221826
1578.951384519435,0.9987118233085547,1578.951384519435,0.9978344072458002,1578.951384519435,0.996549020220464,1578.9194393282194,0.9922115629179628
1578.9527734407925,0.996269135890208,1578.9527734407925,0.9978761000848485,1578.9527734407925,0.9941531599570228,1578.920828249577,1.002450505927517
1578.9541623621492,1.0058903402906654,1578.9541623621492,0.9979367690310548,1578.9541623621492,1.003814956189215,1578.9222171709343,1.0045593918875513
1578.955551283506,1.0074898954996627,1578.955551283506,0.9978968460708825,1578.955551283506,1.0053709891673963,1578.9236060922913,1.0079998238546068
1578.9569402048637,1.005367914727016,1578.9569402048637,0.9977729882886066,1578.9569402048637,1.00312894860666,1578.9249950136482,0.9893247219721174
1578.958329126221,0.9981163572192424,1578.958329126221,0.9978241717878176,1578.958329126221,0.995944627490164,1578.9263839350056,0.9912160708316052
1578.959718047578,1.0114548561209817,1578.959718047578,0.9978587882598516,1578.959718047578,1.0092891171084255,1578.9277728563634,0.9906760105319448
1578.961106968935,0.9918783686555618,1578.961106968935,0.9978242719509159,1578.961106968935,0.9897203110675982,1578.9291617777203,1.0045658497319272
1578.9624958902923,1.001560231857034,1578.9624958902923,0.9979561278463921,1578.9624958902923,0.9995131707889804,1578.930550699077,0.9839020392980742
1578.96388481165,0.9902067877776686,1578.96388481165,0.9979054265266866,1578.96388481165,0.9881327269068946,1578.9319396204346,1.0049955116444005
1578.9652737325414,0.9916719658625565,1578.9652737325414,0.9979537483153683,1578.9652737325414,0.9896427554318082,1578.933328541792,0.9900906223150936
1578.966662653898,1.004958768602465,1578.966662653898,0.998013541016296,1578.966662653898,1.0029624592283226,1578.934717463149,0.9953786743097204
1578.9680515752557,0.9973802393416427,1578.9680515752557,0.9979587069354234,1578.9680515752557,0.9953442939763288,1578.9361063845058,0.9943499089490072
1578.969440496613,0.9992014550931062,1578.969440496613,0.9979637395272182,1578.969440496613,0.997166820665754,1578.9374953058634,1.0112856980796
1578.97082941797,1.007773567602053,1578.97082941797,0.9979043155073334,1578.97082941797,1.00566159216431,1578.93888422722,0.9838718411877072
1578.972218339327,1.0069795478119554,1578.972218339327,0.9979979554923274,1578.972218339327,1.00496352993892,1578.940273148577,1.0129949972309686
1578.9736072606845,0.9977901403104317,1578.9736072606845,0.9978977395352971,1578.9736072606845,0.9956925255463868,1578.9416620699349,1.0046232937952324
1578.9749961815755,1.0141817185341138,1578.9749961815755,0.9978728012691906,1578.9749961815755,1.012024352469638,1578.9430509912922,1.0113954814339896
1578.9763851029325,1.002022634308133,1578.9763851029325,0.9978231210118261,1578.9763851029325,0.9998413522898332,1578.9444399126492,0.9903652344592668
1578.9777740242905,1.0186698873508029,1578.9777740242905,0.9979232616611399,1578.9777740242905,1.0165543765410991,1578.945828834006,1.0034736744897712
1578.9791629456477,1.004014475039894,1578.9791629456477,0.9980373731249456,1578.9791629456477,1.002043969248237,1578.9472177553637,0.9941085085759096
1578.9805518670046,0.9888659611116628,1578.9805518670046,0.998156400974462,1578.9805518670046,0.9870428887893696,1578.948606676721,0.9884831725950242
1578.9819407878958,0.9948484023224612,1578.9819407878958,0.9980892036840866,1578.9819407878958,0.9929474496604112,1578.9499955980775,1.0009174751759693
1578.9833297092532,0.994386010115362,1578.9833297092532,0.9981934097808514,1578.9833297092532,0.9925895620754294,1578.951384519435,0.996549020220464
1578.9847186306108,1.001301093146767,1578.9847186306108,0.9982643380665132,1578.9847186306108,0.9995631729554334,1578.9527734407925,0.9941531599570228
1578.9861075519675,0.9970184374212135,1578.9861075519675,0.9983456483205232,1578.9861075519675,0.9953690182947964,1578.9541623621492,1.003814956189215
1578.9874964728588,0.9935870384318626,1578.9874964728588,0.9982849755798741,1578.9874964728588,0.9918830123974314,1578.955551283506,1.0053709891673963
1578.9888853942166,1.001357295910844,1578.9888853942166,0.9983665266000432,1578.9888853942166,0.999721605404121,1578.9569402048637,1.00312894860666
1578.9902743155733,0.9828338031704907,1578.9902743155733,0.9983162752655677,1578.9902743155733,0.9811789815862564,1578.958329126221,0.995944627490164
1578.99166323693,1.0111405827106588,1578.99166323693,0.9983081026245303,1578.99166323693,1.0094298366125396,1578.959718047578,1.0092891171084255
1578.993052157822,0.9995554669013308,1578.993052157822,0.9982631929978644,1578.993052157822,0.9978194319673936,1578.961106968935,0.9897203110675982
1578.9944410791795,0.9898644898238169,1578.9944410791795,0.9983383611633343,1578.9944410791795,0.9882196925444894,1578.9624958902923,0.9995131707889804
1578.9958300005364,1.0030501906702478,1578.9958300005364,0.9984495295333141,1578.9958300005364,1.00149499097301,1578.96388481165,0.9881327269068946
1578.9972189218934,1.0020668074327634,1578.9972189218934,0.9985594748441647,1578.9972189218934,1.0006233049888291,1578.9652737325414,0.9896427554318082
1578.998607842785,0.9931057009031851,1578.998607842785,0.9986924634019024,1578.998607842785,0.9918071788534748,1578.966662653898,1.0029624592283226
1578.999996764143,0.98908215730243,1578.999996764143,0.9987660526069839,1578.999996764143,0.987861681952948,1578.9680515752557,0.9953442939763288
1579.0013856854998,0.9922267992867091,1579.0013856854998,0.9987256648529711,1579.0013856854998,0.990962369802554,1578.969440496613,0.997166820665754
1579.0027746063909,1.0027178170920228,1579.0027746063909,0.9987821443783651,1579.0027746063909,1.0014966515615638,1578.97082941797,1.00566159216431
1579.0041635277485,0.9958216111787093,1579.0041635277485,0.9988886761927599,1579.0041635277485,0.9947149309144422,1578.972218339327,1.00496352993892
1579.0055524491058,0.9857555049811386,1579.0055524491058,0.9989264799736945,1579.0055524491058,0.9846972767055006,1578.9736072606845,0.9956925255463868
1579.006941369997,1.0024834405379313,1579.006941369997,0.9989678018680956,1579.006941369997,1.001448679003343,1578.9749961815755,1.012024352469638
1579.008330291354,1.0056736109390163,1579.008330291354,0.9989675949635591,1579.008330291354,1.0046353484380672,1578.9763851029325,0.9998413522898332
1579.0097192127114,0.9884596816488773,1579.0097192127114,0.9989585359700267,1579.0097192127114,0.9874302364453612,1578.9777740242905,1.0165543765410991
1579.0111081336026,1.003430350038604,1579.0111081336026,0.9989907751320803,1579.0111081336026,1.0024176631761197,1578.9791629456477,1.002043969248237
1579.0124970549596,0.9911077149461955,1579.0124970549596,0.9990365196427652,1579.0124970549596,0.990152802130941,1578.9805518670046,0.9870428887893696
1579.0138859763174,0.9880186315832278,1579.0138859763174,0.9990969589930702,1579.0138859763174,0.9871264102432974,1578.9819407878958,0.9929474496604112
1579.015274897209,1.0140120344425747,1579.015274897209,0.999023886083155,1579.015274897209,1.0130222431839069,1578.9833297092532,0.9925895620754294
1579.016663818566,1.0078175675234862,1579.016663818566,0.999053444502168,1579.016663818566,1.0068636122641352,1578.9847186306108,0.9995631729554334
1579.0180527394573,1.0087989058144726,1579.0180527394573,0.9989854807349926,1579.0180527394573,1.0077754598900055,1578.9861075519675,0.9953690182947964
1579.019441660815,0.9969569153104549,1579.019441660815,0.9990487192595335,1579.019441660815,0.9960085293978452,1578.9874964728588,0.9918830123974314
1579.0208305821725,1.0031316602301352,1579.0208305821725,0.9990563527245384,1579.0208305821725,1.0021850577720297,1578.9888853942166,0.999721605404121
1579.0222195030633,0.9972462642622657,1579.0222195030633,0.9991716871356232,1579.0222195030633,0.9964202323526256,1578.9902743155733,0.9811789815862564
1579.0236084244202,1.009934714233702,1579.0236084244202,0.9990448742638031,1579.0236084244202,1.0089700995962587,1578.99166323693,1.0094298366125396
1579.0249973453124,0.9919638046376121,1579.0249973453124,0.9991173073850526,1579.0249973453124,0.9910882055129634,1578.993052157822,0.9978194319673936
1579.0263862666698,0.9918354908857386,1579.0263862666698,0.9992621895939419,1579.0263862666698,0.9911037043394654,1578.9944410791795,0.9882196925444894
1579.027775187561,1.0034517859898993,1579.027775187561,0.9993154874944783,1579.027775187561,1.002764910693701,1578.9958300005364,1.00149499097301
1579.029164108918,1.0153948038592553,1579.029164108918,0.9993145102087859,1579.029164108918,1.0146987610871578,1578.9972189218934,1.0006233049888291
1579.0305530298097,0.9961668136248383,1579.0305530298097,0.9992107419132102,1579.0305530298097,0.9953805809113933,1578.998607842785,0.9918071788534748
1579.0319419511666,1.000843485282158,1579.0319419511666,0.9991418319983387,1579.0319419511666,0.9999845934284176,1578.999996764143,0.987861681952948
1579.0333308720578,0.9913365083538702,1579.0333308720578,0.9991816680271477,1579.0333308720578,0.9905252659932284,1579.0013856854998,0.990962369802554
1579.0347197934152,0.9929859597018726,1579.0347197934152,0.9993023245445857,1579.0347197934152,0.9922931777702176,1579.0027746063909,1.0014966515615638
1579.0361087143074,1.000333947652214,1579.0361087143074,0.9994427047848907,1579.0361087143074,0.999776466329676,1579.0041635277485,0.9947149309144422
1579.0374976356643,0.9995657039962283,1579.0374976356643,0.9995299629042802,1579.0374976356643,0.9990958710357408,1579.0055524491058,0.9846972767055006
1579.038886556555,1.002237216516046,1579.038886556555,0.999590439423729,1579.038886556555,1.0018267396640894,1579.006941369997,1.001448679003343
1579.040275477913,0.9868601495555284,1579.040275477913,0.9996015874406295,1579.040275477913,0.9864669720776033,1579.008330291354,1.0046353484380672
1579.0416643988046,0.996413907057886,1579.0416643988046,0.9996781582016007,1579.0416643988046,0.9960932194140883,1579.0097192127114,0.9874302364453612
1579.0430533201616,1.0056071837131546,1579.0430533201616,0.9995837208799462,1579.0430533201616,1.0051885704395986,1579.0111081336026,1.0024176631761197
1579.0444422410528,1.0033024583802805,1579.0444422410528,0.9996137957395564,1579.0444422410528,1.0029149786963405,1579.0124970549596,0.990152802130941
1579.0458311624102,0.9922618896758205,1579.0458311624102,0.9995207309288648,1579.0458311624102,0.9917863292416328,1579.0138859763174,0.9871264102432974
1579.0472200833017,1.00149021583849,1579.0472200833017,0.9994753372204065,1579.0472200833017,1.0009647711981124,1579.015274897209,1.0130222431839069
1579.0486090046584,0.9990808179159019,1579.0486090046584,0.9993363079032098,1579.0486090046584,0.9984177358729964,1579.016663818566,1.0068636122641352
1579.0499979255503,1.0011497833540037,1579.0499979255503,0.9993763255039856,1579.0499979255503,1.0005253917674355,1579.0180527394573,1.0077754598900055
1579.0513868464425,1.0047609839944167,1579.0513868464425,0.9993876522114218,1579.0513868464425,1.0041457208278182,1579.019441660815,0.9960085293978452
1579.0527757677992,1.0165562540345745,1579.0527757677992,0.9994457734773265,1579.0527757677992,1.0159928515967989,1579.0208305821725,1.0021850577720297
1579.0541646886904,1.0070124543289645,1579.0541646886904,0.9993398973640468,1579.0541646886904,1.0063477227534243,1579.0222195030633,0.9964202323526256
1579.0555536100478,1.0133719777636152,1579.0555536100478,0.9994986598870064,1579.0555536100478,1.0128639337417786,1579.0236084244202,1.0089700995962587
1579.0569425309398,1.0023346685279984,1579.0569425309398,0.9994468660410306,1579.0569425309398,1.0017802431845833,1579.0249973453124,0.9910882055129634
1579.0583314518308,1.0063733898197869,1579.0583314518308,0.9995261036958452,1579.0583314518308,1.0058964731897515,1579.0263862666698,0.9911037043394654
1579.0597203731877,0.9984835486379954,1579.0597203731877,0.9995662318599278,1579.0597203731877,0.99805043828621,1579.027775187561,1.002764910693701
1579.06110929408,1.0149360603938797,1579.06110929408,0.9996052440804643,1579.06110929408,1.014535408376089,1579.029164108918,1.0146987610871578
1579.0624982149716,0.9896531994262358,1579.0624982149716,0.9994692201776469,1579.0624982149716,0.9891279114768532,1579.0305530298097,0.9953805809113933
1579.0638871363285,1.000786925181832,1579.0638871363285,0.9995069257301503,1579.0638871363285,1.000293462899423,1579.0319419511666,0.9999845934284176
1579.0652760572198,1.0101519853034062,1579.0652760572198,0.9994617367642052,1579.0652760572198,1.0096082576271523,1579.0333308720578,0.9905252659932284
1579.0666649781117,1.0132557287928778,1579.0666649781117,0.9994129642096091,1579.0666649781117,1.0126609114152578,1579.0347197934152,0.9922931777702176
1579.0680538994684,0.9920811113190539,1579.0680538994684,0.9993484440732807,1579.0680538994684,0.9914347149911876,1579.0361087143074,0.999776466329676
1579.0694428203597,1.0033068498043558,1579.0694428203597,0.9993418435004798,1579.0694428203597,1.002646516880144,1579.0374976356643,0.9990958710357408
1579.0708317412514,1.014355622154237,1579.0708317412514,0.9993085548577884,1579.0708317412514,1.0136542508868234,1579.038886556555,1.0018267396640894
1579.0722206626092,1.0152346701967294,1579.0722206626092,0.9992794872351055,1579.0722206626092,1.0145031806574891,1579.040275477913,0.9864669720776033
1579.0736095835002,1.0014002089311764,1579.0736095835002,0.9993357775671776,1579.0736095835002,1.0007350564481714,1579.0416643988046,0.9960932194140883
1579.0749985043913,1.0069355026964772,1579.0749985043913,0.9992815267946276,1579.0749985043913,1.0062120465182516,1579.0430533201616,1.0051885704395986
1579.076387425749,1.0181940152495297,1579.076387425749,0.9992420850910946,1579.076387425749,1.0174223108252138,1579.0444422410528,1.0029149786963405
1579.0777763466408,1.0020123329213917,1579.0777763466408,0.9992587401927746,1579.0777763466408,1.0012695814526529,1579.0458311624102,0.9917863292416328
1579.079165267532,0.9962061232829081,1579.079165267532,0.9991679181320722,1579.079165267532,0.9953771982310058,1579.0472200833017,1.0009647711981124
1579.080554188423,0.9941599878076333,1579.080554188423,0.9991476289675506,1579.080554188423,0.9933125946324058,1579.0486090046584,0.9984177358729964
1579.0819431097802,0.9992267581464153,1579.0819431097802,0.9990529701229971,1579.0819431097802,0.9982804605525498,1579.0499979255503,1.0005253917674355
1579.0833320306706,0.998951163107525,1579.0833320306706,0.9990168136341367,1579.0833320306706,0.9979690079437944,1579.0513868464425,1.0041457208278182
1579.0847209515618,0.9951744670192594,1579.0847209515618,0.9988933369316477,1579.0847209515618,0.994073144190042,1579.0527757677992,1.0159928515967989
1579.0861098724538,1.0054199150746754,1579.0861098724538,0.9989097667198668,1579.0861098724538,1.0043237728227523,1579.0541646886904,1.0063477227534243
1579.0874987938114,0.990810674147174,1579.0874987938114,0.9989228639999252,1579.0874987938114,0.9897434363007918,1579.0555536100478,1.0128639337417786
1579.0888877147029,1.005483363980476,1579.0888877147029,0.9990114577118728,1579.0888877147029,1.004489401155173,1579.0569425309398,1.0017802431845833
1579.0916655564856,0.9930375560995478,1579.0916655564856,0.9990139986728618,1579.0916655564856,0.9920584197513356,1579.0583314518308,1.0058964731897515
1579.093054477377,1.0135548219174566,1579.093054477377,0.9990085154740002,1579.093054477377,1.012549897995273,1579.0597203731877,0.99805043828621
1579.0944433987345,1.0002562842826512,1579.0944433987345,0.9989685774550354,1579.0944433987345,0.9992245974002996,1579.06110929408,1.014535408376089
1579.0958323196255,1.0046380379776068,1579.0958323196255,0.9988447463226596,1579.0958323196255,1.0034774261898372,1579.0624982149716,0.9891279114768532
1579.0972212405177,0.9955642433943874,1579.0972212405177,0.9988188658810053,1579.0972212405177,0.9943883484988632,1579.0638871363285,1.000293462899423
1579.0986101614094,0.9868627790139144,1579.0986101614094,0.99884651031817,1579.0986101614094,0.9857244429809398,1579.0652760572198,1.0096082576271523
1579.0999990823009,0.9933876649649124,1579.0999990823009,0.9987062982486025,1579.0999990823009,0.9921025176029306,1579.0666649781117,1.0126609114152578
1579.101388003192,1.010717958014791,1579.101388003192,0.9987023539638892,1579.101388003192,1.009406403862947,1579.0680538994684,0.9914347149911876
1579.1027769240836,1.0209892051971303,1579.1027769240836,0.9986235896579849,1579.1027769240836,1.0195839050960112,1579.0694428203597,1.002646516880144
1579.1041658454403,1.0051129428309427,1579.1041658454403,0.9985468898589186,1579.1041658454403,1.0036524030207827,1579.0708317412514,1.0136542508868234
1579.1055547663318,0.9952236219565448,1579.1055547663318,0.9986370377264698,1579.1055547663318,0.993867169706092,1579.0722206626092,1.0145031806574891
1579.1069436872235,1.0025146489243353,1579.1069436872235,0.9986454188028101,1579.1069436872235,1.001156661430995,1579.0736095835002,1.0007350564481714
1579.1083326081157,0.9999339843792941,1579.1083326081157,0.9987304803472916,1579.1083326081157,0.9986645485347136,1579.0749985043913,1.0062120465182516
1579.1097215290067,1.0086478879716965,1579.1097215290067,0.9987692570699499,1579.1097215290067,1.0074065017146654,1579.076387425749,1.0174223108252138
1579.1111104498978,0.9927110030340832,1579.1111104498978,0.9987680556621242,1579.1111104498978,0.9914880383347484,1579.0777763466408,1.0012695814526529
1579.11249937079,1.0079766659526146,1579.11249937079,0.9987706705384526,1579.11249937079,1.0067375305406068,1579.079165267532,0.9953771982310058
1579.1138882916816,0.9957491697997064,1579.1138882916816,0.9986842026673686,1579.1138882916816,0.994438965698114,1579.080554188423,0.9933125946324058
1579.115277212573,0.9991661943394075,1579.115277212573,0.998679320887925,1579.115277212573,0.997846616417052,1579.0819431097802,0.9982804605525498
1579.1166661334642,0.9946116426684718,1579.1166661334642,0.998531593555909,1579.1166661334642,0.9931511485230096,1579.0833320306706,0.9979690079437944
1579.118055054356,1.013974883870945,1579.118055054356,0.9985060964642898,1579.118055054356,1.0124601032068088,1579.0847209515618,0.994073144190042
1579.1194439752471,1.0103146965802066,1579.1194439752471,0.9985037321537537,1579.1194439752471,1.0088029951851234,1579.0861098724538,1.0043237728227523
1579.120832896604,1.0132034349653916,1579.120832896604,0.9985142594833535,1579.120832896604,1.011698077570458,1579.0874987938114,0.9897434363007918
1579.1222218174958,1.0081142915193693,1579.1222218174958,0.998437019890707,1579.1222218174958,1.0065386289338305,1579.0888877147029,1.004489401155173
1579.123610738388,1.012147036369306,1579.123610738388,0.9984331852305912,1579.123610738388,1.0105611894439093,1579.0916655564856,0.9920584197513356
1579.1249996592792,0.9848510588867275,1579.1249996592792,0.9984824571525536,1579.1249996592792,0.983356505206514,1579.093054477377,1.012549897995273
1579.1263885801704,1.0012751718955313,1579.1263885801704,0.9985168394469073,1579.1263885801704,0.9997901200577848,1579.0944433987345,0.9992245974002996
1579.1277775010622,1.0101933389337485,1579.1277775010622,0.9984419506859946,1579.1277775010622,1.00861940789501,1579.0958323196255,1.0034774261898372
1579.129166421954,0.9992696896906036,1579.129166421954,0.9985801950578459,1579.129166421954,0.997850921646636,1579.0972212405177,0.9943883484988632
1579.1305553428451,1.0026943098331191,1579.1305553428451,0.9985822282032948,1579.1305553428451,1.001272718119921,1579.0986101614094,0.9857244429809398
1579.1319442637364,0.9878940914150239,1579.1319442637364,0.9984809330543964,1579.1319442637364,0.9863934141549984,1579.0999990823009,0.9921025176029306
1579.133333184163,0.995500911457851,1579.133333184163,0.9983462713073551,1579.133333184163,0.993854623037019,1579.101388003192,1.009406403862947
1579.1347221050546,1.0028211270357157,1579.1347221050546,0.9983513176313212,1579.1347221050546,1.0011677935246333,1579.1027769240836,1.0195839050960112
1579.136111025946,1.0069382972286842,1579.136111025946,0.9983423438187017,1579.136111025946,1.005269139736097,1579.1041658454403,1.0036524030207827
1579.1374999468371,1.0075487047845948,1579.1374999468371,0.9984462170782082,1579.1374999468371,1.005983192814227,1579.1055547663318,0.993867169706092
1579.1388888677288,0.998585590807412,1579.1388888677288,0.9984867731133883,1579.1388888677288,0.9970745042428192,1579.1069436872235,1.001156661430995
1579.14027778862,0.999467700878173,1579.14027778862,0.9983327001194263,1579.14027778862,0.9978012884998616,1579.1083326081157,0.9986645485347136
1579.1416667095114,1.0014330828654463,1579.1416667095114,0.9983276980472515,1579.1416667095114,0.9997583843654234,1579.1097215290067,1.0074065017146654
1579.143055630403,1.0085096131166034,1579.143055630403,0.9982162807547097,1579.143055630403,1.006710715110627,1579.1111104498978,0.9914880383347484
1579.1444445512952,1.0006463687236222,1579.1444445512952,0.9982581229412895,1579.1444445512952,0.9989033657700606,1579.11249937079,1.0067375305406068
1579.1458334721865,1.0213082970456984,1579.1458334721865,0.9981649493680326,1579.1458334721865,1.019434144609771,1579.1138882916816,0.994438965698114
1579.1472223930773,0.9875282749361606,1579.1472223930773,0.9981849088335427,1579.1472223930773,0.9857358210876972,1579.115277212573,0.997846616417052
1579.1486113139697,1.0024473860511314,1579.1486113139697,0.998042757209877,1579.1486113139697,1.0004853531323052,1579.1166661334642,0.9931511485230096
1579.1500002348612,1.0106472957533468,1579.1500002348612,0.9980434992794474,1579.1500002348612,1.0086699635909808,1579.118055054356,1.0124601032068088
1579.1513891552868,1.0059109309490804,1579.1513891552868,0.9980864382955565,1579.1513891552868,1.0039860583135352,1579.1194439752471,1.0088029951851234
1579.152778076178,1.0007482950341702,1579.152778076178,0.998048715622863,1579.152778076178,0.9987955505206236,1579.120832896604,1.011698077570458
1579.1541669970698,0.988790729090542,1579.1541669970698,0.9980146438244089,1579.1541669970698,0.9868276273101748,1579.1222218174958,1.0065386289338305
1579.155555917962,0.9914096384883259,1579.155555917962,0.9980385847017401,1579.155555917962,0.9894650724565526,1579.123610738388,1.0105611894439093
1579.156944838853,1.0019269265661392,1579.156944838853,0.9980157933459237,1579.156944838853,0.9999388964915484,1579.1249996592792,0.983356505206514
1579.158333759744,1.0179351462555295,1579.158333759744,0.9980441349722992,1579.158333759744,1.0159442025025007,1579.1263885801704,0.9997901200577848
1579.1597226801705,1.0200364223578027,1579.1597226801705,0.9981453436627323,1579.1597226801705,1.018144605342833,1579.1277775010622,1.00861940789501
1579.1611116010615,1.0075477511400548,1579.1611116010615,0.9982009164782824,1579.1611116010615,1.0057350885836351,1579.129166421954,0.997850921646636
1579.1625005219528,1.003041903053364,1579.1625005219528,0.9982806964025329,1579.1625005219528,1.001317369501034,1579.1305553428451,1.001272718119921
1579.1638894428447,0.9986159370653124,1579.1638894428447,0.9982095839837426,1579.1638894428447,0.9968279990975007,1579.1319442637364,0.9863934141549984
1579.1652783637364,1.0058160064988424,1579.1652783637364,0.9982149370921167,1579.1652783637364,1.004020561653486,1579.133333184163,0.993854623037019
1579.166667284162,0.992541660356277,1579.166667284162,0.9982246807649693,1579.166667284162,0.9907795820550772,1579.1347221050546,1.0011677935246333
1579.1680562050533,0.999051624829133,1579.1680562050533,0.9981540373361124,1579.1680562050533,0.9972074128304022,1579.136111025946,1.005269139736097
1579.1694451259452,0.9907829421925624,1579.1694451259452,0.9981190129933357,1579.1694451259452,0.9889192923518736,1579.1374999468371,1.005983192814227
1579.1708340468372,1.001465095816824,1579.1708340468372,0.9981273901083888,1579.1708340468372,0.999589742372294,1579.1388888677288,0.9970745042428192
1579.1722229672628,0.9925453547591249,1579.1722229672628,0.9980544027425952,1579.1722229672628,0.9906142612390556,1579.14027778862,0.9978012884998616
1579.173611888154,0.9976886089186099,1579.173611888154,0.9980715410488468,1579.173611888154,0.9957646073902772,1579.1416667095114,0.9997583843654234
1579.1750008090455,0.9950366688709528,1579.1750008090455,0.9980062402177132,1579.1750008090455,0.9930528047786572,1579.143055630403,1.006710715110627
1579.176389729937,1.001755893283877,1579.176389729937,0.997897936308669,1579.176389729937,0.9996501385930282,1579.1444445512952,0.9989033657700606
1579.1777786503626,0.9842705201322977,1579.1777786503626,0.9978480244060987,1579.1777786503626,0.9821523939951764,1579.1458334721865,1.019434144609771
1579.1791675712543,1.0143711707866505,1579.1791675712543,0.9977448795655932,1579.1791675712543,1.0120836416313364,1579.1472223930773,0.9857358210876972
1579.1805564921465,1.0017432251219514,1579.1805564921465,0.9976378336899923,1579.1805564921465,0.9993769410242898,1579.1486113139697,1.0004853531323052
1579.1819454130373,1.0038403669892337,1579.1819454130373,0.997534014835086,1579.1819454130373,1.0013649115362964,1579.1500002348612,1.0086699635909808
1579.1833343334629,1.0022113601969123,1579.1833343334629,0.9975362355732397,1579.1833343334629,0.999742147499564,1579.1513891552868,1.0039860583135352
1579.184723254355,1.001190638379963,1579.184723254355,0.9975793797088292,1579.184723254355,0.99876713600537,1579.152778076178,0.9987955505206236
1579.1861121752468,0.9955183609234113,1579.1861121752468,0.99745217363877,1579.1861121752468,0.9929819530003622,1579.1541669970698,0.9868276273101748
1579.1875010956724,0.9997511028462678,1579.1875010956724,0.9975859115676677,1579.1875010956724,0.9973376152736751,1579.155555917962,0.9894650724565526
1579.1888900165636,1.0057882501876398,1579.1888900165636,0.9975780357628156,1579.1888900165636,1.003352267015505,1579.156944838853,0.9999388964915484
1579.190278937455,1.0017419645977594,1579.190278937455,0.997448883220917,1579.190278937455,0.9991864038635624,1579.158333759744,1.0159442025025007
1579.1916678578818,1.0036690690980727,1579.1916678578818,0.9974443837612869,1579.1916678578818,1.0011040761267915,1579.1597226801705,1.018144605342833
1579.1930567787729,0.9905418310479706,1579.1930567787729,0.9974788547378922,1579.1930567787729,0.9880445312037044,1579.1611116010615,1.0057350885836351
1579.1944456991982,1.0023894914639562,1579.1944456991982,0.9974283611540984,1579.1944456991982,0.999811707708984,1579.1625005219528,1.001317369501034
1579.1958346200904,0.9886917266059477,1579.1958346200904,0.9972942597028864,1579.1958346200904,0.9860165835598472,1579.1638894428447,0.9968279990975007
1579.1972235409817,1.0008317163807914,1579.1972235409817,0.9972171002787975,1579.1972235409817,0.9980465020763046,1579.1652783637364,1.004020561653486
1579.198612461407,0.9979138748853165,1579.198612461407,0.9971772257427861,1579.198612461407,0.9950969892883736,1579.166667284162,0.9907795820550772
1579.200001382299,0.9928233857430823,1579.200001382299,0.9970968256330585,1579.200001382299,0.9899410463386928,1579.1680562050533,0.9972074128304022
1579.201390302725,0.9991030137870364,1579.201390302725,0.9970347188263052,1579.201390302725,0.996140392429672,1579.1694451259452,0.9889192923518736
1579.2027792236163,0.9943156257245502,1579.2027792236163,0.9969660438827997,1579.2027792236163,0.9912989157494554,1579.1708340468372,0.999589742372294
1579.2041681445075,1.0075411234110045,1579.2041681445075,0.9969856471317375,1579.2041681445075,1.0045040389357582,1579.1722229672628,0.9906142612390556
1579.2055570649336,0.9922309670741443,1579.2055570649336,0.9970494906556486,1579.2055570649336,0.9893033803340372,1579.173611888154,0.9957646073902772
1579.2069459858258,0.9934312006169197,1579.2069459858258,0.9971157112266418,1579.2069459858258,0.9905658581578766,1579.1750008090455,0.9930528047786572
1579.2083349062514,0.9964364677991867,1579.2083349062514,0.9970825911171914,1579.2083349062514,0.993529455196875,1579.176389729937,0.9996501385930282
1579.2097238271426,0.9955729391117316,1579.2097238271426,0.9970950951434819,1579.2097238271426,0.992680894445888,1579.1777786503626,0.9821523939951764
1579.211112747569,1.0037652006697906,1579.211112747569,0.9970016871234751,1579.211112747569,1.0007555985436147,1579.1791675712543,1.0120836416313364
1579.21250166846,1.0036724247396058,1579.21250166846,0.9970494809884679,1579.21250166846,1.0007110701690611,1579.1805564921465,0.9993769410242898
1579.2138905888855,1.0039508110619484,1579.2138905888855,0.9969265902905741,1579.2138905888855,1.0008652588914446,1579.1819454130373,1.0013649115362964
1579.2152795097772,0.9964537428175331,1579.2152795097772,0.996890569754973,1579.2152795097772,0.993355339411846,1579.1833343334629,0.999742147499564
1579.2166684302035,0.9977876200992963,1579.2166684302035,0.9968873356545941,1579.2166684302035,0.9946818421499258,1579.184723254355,0.99876713600537
1579.2180573510946,0.9935164254595423,1579.2180573510946,0.9967725305089087,1579.2180573510946,0.9903098815074736,1579.1861121752468,0.9929819530003622
1579.2194462715202,0.9947995467872319,1579.2194462715202,0.9968250002700378,1579.2194462715202,0.991641058494816,1579.1875010956724,0.9973376152736751
1579.2208351924123,1.0050146657183217,1579.2208351924123,0.9967135432943742,1579.2208351924123,1.0017117285309194,1579.1888900165636,1.003352267015505
1579.2222241128384,1.0020223533413812,1579.2222241128384,0.9967029858071993,1579.2222241128384,0.9987186714209112,1579.190278937455,0.9991864038635624
1579.2236130337296,0.9919480174894096,1579.2236130337296,0.9967392292190539,1579.2236130337296,0.9887135023777628,1579.1916678578818,1.0011040761267915
1579.2250019541552,1.0010824412707022,1579.2250019541552,0.9968610578521273,1579.2250019541552,0.9979401014023024,1579.1930567787729,0.9880445312037044
1579.226390875047,1.004433898931892,1579.226390875047,0.996854794320365,1579.226390875047,1.0012747477281534,1579.1944456991982,0.999811707708984
1579.2277797954737,0.9906102595973607,1579.2277797954737,0.9968559560847773,1579.2277797954737,0.9874957374383164,1579.1958346200904,0.9860165835598472
1579.2291687163645,1.0069246374091914,1579.2291687163645,0.9967194232597271,1579.2291687163645,1.003621343864499,1579.1972235409817,0.9980465020763046
1579.23055763679,1.0009660666570934,1579.23055763679,0.9966965865971615,1579.23055763679,0.9976594619367118,1579.198612461407,0.9950969892883736
1579.231946557682,1.0043208472788214,1579.231946557682,0.9966099228307048,1579.231946557682,1.0009161221038143,1579.200001382299,0.9899410463386928
1579.2333354781076,1.0071578891252124,1579.2333354781076,0.9965754861965125,1579.2333354781076,1.0037088630316118,1579.201390302725,0.996140392429672
1579.234724398533,0.9963752408522428,1579.234724398533,0.9965237518337219,1579.234724398533,0.9929115932483052,1579.2027792236163,0.9912989157494554
1579.236113319425,0.9957328503792485,1579.236113319425,0.9965489223031916,1579.236113319425,0.9922964989473252,1579.2041681445075,1.0045040389357582
1579.237502239851,0.9906727794472565,1579.237502239851,0.9964653754577573,1579.237502239851,0.9871711231276904,1579.2055570649336,0.9893033803340372
1579.2388911602766,0.9855661010386979,1579.2388911602766,0.9965377335274717,1579.2388911602766,0.9821538085706112,1579.2069459858258,0.9905658581578766
1579.2402800811678,0.9940025132817453,1579.2402800811678,0.9966040504707452,1579.2402800811678,0.990626930914688,1579.2083349062514,0.993529455196875
1579.241669001594,0.9922060490676108,1579.241669001594,0.9966230833572449,1579.241669001594,0.9888554519474722,1579.2097238271426,0.992680894445888
1579.243057922486,0.990682580171733,1579.243057922486,0.9965063003726268,1579.243057922486,0.987221432810542,1579.211112747569,1.0007555985436147
1579.2444468429117,1.0063463709382277,1579.2444468429117,0.9964328751104369,1579.2444468429117,1.0027566077509324,1579.21250166846,1.0007110701690611
1579.245835763337,0.9935118238455081,1579.245835763337,0.9963347126917363,1579.245835763337,0.9898703175669572,1579.2138905888855,1.0008652588914446
1579.247224684229,0.9949425472041151,1579.247224684229,0.9962741769931945,1579.247224684229,0.9912355673712924,1579.2152795097772,0.993355339411846
1579.2486136046546,1.0017769629216122,1579.2486136046546,0.9962458889538984,1579.2486136046546,0.998016180959378,1579.2166684302035,0.9946818421499258
1579.2500025250802,1.002227138094432,1579.2500025250802,0.9963580025045308,1579.2500025250802,0.9985770293676008,1579.2180573510946,0.9903098815074736
1579.251391445972,0.984730610761204,1579.251391445972,0.9963929864142227,1579.251391445972,0.9811786740698576,1579.2194462715202,0.991641058494816
1579.2527803663982,1.0139632468729458,1579.2527803663982,0.9963846978635609,1579.2527803663982,1.0102974633802553,1579.2208351924123,1.0017117285309194
1579.2541692868235,0.9871387707082303,1579.2541692868235,0.9963161803251102,1579.2541692868235,0.9835023294828488,1579.2222241128384,0.9987186714209112
1579.2555582072491,0.9932453246898814,1579.2555582072491,0.9963159013309387,1579.2555582072491,0.98958611091114,1579.2236130337296,0.9887135023777628
1579.2569471281413,0.9894201801947773,1579.2569471281413,0.9963721585447264,1579.2569471281413,0.9858307206483824,1579.2250019541552,0.9979401014023024
1579.258336048567,0.9926205227355753,1579.258336048567,0.9963857564492019,1579.258336048567,0.9890329504128884,1579.226390875047,1.0012747477281534
1579.2597249689916,1.0050590413973979,1579.2597249689916,0.9963348677522278,1579.2597249689916,1.0013753670938572,1579.2277797954737,0.9874957374383164
1579.2611138898828,1.0059346822597555,1579.2611138898828,0.9962995211282452,1579.2611138898828,1.002212242221688,1579.2291687163645,1.003621343864499
1579.262502810309,1.000260072715104,1579.262502810309,0.9962322988084941,1579.262502810309,0.9964913916473196,1579.23055763679,0.9976594619367118
1579.2638917307352,0.990663102702921,1579.2638917307352,0.9962063518232371,1579.2638917307352,0.9869048754295658,1579.231946557682,1.0009161221038143
1579.2652806511603,1.0097607248729925,1579.2652806511603,0.9961746243381249,1579.2652806511603,1.005898010771746,1579.2333354781076,1.0037088630316118
1579.266669571586,0.9989102920305345,1579.266669571586,0.9962065497840171,1579.266669571586,0.9951209755674838,1579.234724398533,0.9929115932483052
1579.2680584924783,1.0042119228498756,1579.2680584924783,0.9962042969516285,1579.2680584924783,1.0004002325931034,1579.236113319425,0.9922964989473252
1579.2694474129037,0.9922551502788788,1579.2694474129037,0.9962482915282095,1579.2694474129037,0.9885324982253998,1579.237502239851,0.9871711231276904
1579.270836333329,1.0027694361769328,1579.270836333329,0.9962033642754737,1579.270836333329,0.9989622859120804,1579.2388911602766,0.9821538085706112
1579.2722252537556,0.9921749801515155,1579.2722252537556,0.996222728739612,1579.2722252537556,0.9884272661137132,1579.2402800811678,0.990626930914688
1579.2736141741816,0.9832884327694899,1579.2736141741816,0.9961455579292491,1579.2736141741816,0.9794984044665404,1579.241669001594,0.9888554519474722
1579.2750030950729,1.0016679434557005,1579.2750030950729,0.9961435905204606,1579.2750030950729,0.9978051017032072,1579.243057922486,0.987221432810542
1579.2763920154985,1.002463679107724,1579.2763920154985,0.9961490995433397,1579.2763920154985,0.9986032912680626,1579.2444468429117,1.0027566077509324
1579.2777809359245,1.0068249732153913,1579.2777809359245,0.9961499244375738,1579.2777809359245,1.0029486209903744,1579.245835763337,0.9898703175669572
1579.279169856351,1.0016981448194364,1579.279169856351,0.9962105056726878,1579.279169856351,0.997902215381964,1579.247224684229,0.9912355673712924
1579.2805587767766,1.0014681105367553,1579.2805587767766,0.9962776315579058,1579.2805587767766,0.9977402772463296,1579.2486136046546,0.998016180959378
1579.281947697202,0.999489560282079,1579.281947697202,0.9962477924811856,1579.281947697202,0.995739268039012,1579.2500025250802,0.9985770293676008
1579.283336618094,1.0077284592050095,1579.283336618094,0.996258225749481,1579.283336618094,1.003957766804841,1579.251391445972,0.9811786740698576
1579.28472553852,1.0105141554615034,1579.28472553852,0.996287197879543,1579.28472553852,1.006762316362354,1579.2527803663982,1.0102974633802553
1579.2861144589456,1.0147638146075575,1579.2861144589456,0.9962078054943041,1579.2861144589456,1.0109156328452238,1579.2541692868235,0.9835023294828488
1579.2875033793712,0.9967387202173997,1579.2875033793712,0.9961054338420373,1579.2875033793712,0.99285685532931,1579.2555582072491,0.98958611091114
1579.2888922997972,0.9926343632969803,1579.2888922997972,0.9961216085464781,1579.2888922997972,0.9887845386658972,1579.2569471281413,0.9858307206483824
1579.2902812202228,1.001063497406644,1579.2902812202228,0.9960683884318832,1579.2902812202228,0.9971277045798204,1579.258336048567,0.9890329504128884
1579.2916701406484,0.9762405804125869,1579.2916701406484,0.9961304014591336,1579.2916701406484,0.9724629212870878,1579.2597249689916,1.0013753670938572
1579.293059061075,1.0029459867394757,1579.293059061075,0.9961260555060653,1579.293059061075,0.9990606296564324,1579.2611138898828,1.002212242221688
1579.294447981501,0.9975634482124813,1579.294447981501,0.9961970958287787,1579.294447981501,0.9937698100142162,1579.262502810309,0.9964913916473196
1579.2958369019266,0.9972556864731972,1579.2958369019266,0.9961040294775878,1579.2958369019266,0.9933704077153896,1579.2638917307352,0.9869048754295658
1579.2972258223522,1.0038565447357037,1579.2972258223522,0.9961894866007294,1579.2972258223522,1.0000313359210429,1579.2652806511603,1.005898010771746
1579.2986147427782,0.9964999396022601,1579.2986147427782,0.9961708738479327,1579.2986147427782,0.9926842156229956,1579.266669571586,0.9951209755674838
1579.3000036632045,0.9957436546116955,1579.3000036632045,0.9962613350898315,1579.3000036632045,0.9920209027506758,1579.2680584924783,1.0004002325931034
1579.30139258363,1.0027656440962873,1579.30139258363,0.996241662386536,1579.30139258363,0.9989969122585908,1579.2694474129037,0.9885324982253998
1579.3027815040557,0.9986048912310296,1579.3027815040557,0.9963453573800671,1579.3027815040557,0.9949553472350632,1579.270836333329,0.9989622859120804
1579.304170424482,0.999236556120724,1579.304170424482,0.9963726308363781,1579.304170424482,0.995611956249888,1579.2722252537556,0.9884272661137132
1579.3055593449074,0.992006395339,1579.3055593449074,0.9963687805117732,1579.3055593449074,0.9884042023837994,1579.2736141741816,0.9794984044665404
1579.3069482653327,1.0100717682227802,1579.3069482653327,0.9963772054314552,1579.3069482653327,1.0064124857070222,1579.2750030950729,0.9978051017032072
1579.3083371857592,1.0065201551641991,1579.3083371857592,0.9963206542031265,1579.3083371857592,1.0028168194618272,1579.2763920154985,0.9986032912680626
1579.3097261061853,0.9919326572007218,1579.3097261061853,0.9962616122407393,1579.3097261061853,0.9882244282970316,1579.2777809359245,1.0029486209903744
1579.3111150266109,1.0160435936235024,1579.3111150266109,0.9963640149398864,1579.3111150266109,1.012349274296663,1579.279169856351,0.997902215381964
1579.3125039470365,1.0030759053737737,1579.3125039470365,0.9963868757636913,1579.3125039470365,0.9994516675092104,1579.2805587767766,0.9977402772463296
1579.3138928674623,0.9965532696393546,1579.3138928674623,0.9962901839214472,1579.3138928674623,0.9928562402965122,1579.281947697202,0.995739268039012
1579.315281787889,1.0089056735259452,1579.315281787889,0.9962702925273238,1579.315281787889,1.00514275049617,1579.283336618094,1.003957766804841
1579.3166707083146,0.9997589811824852,1579.3166707083146,0.9962124714211958,1579.3166707083146,0.9959723654693404,1579.28472553852,1.006762316362354
1579.3194485491665,0.9923274131094817,1579.3194485491665,0.9962142939976903,1579.3194485491665,0.9885707532654168,1579.2861144589456,1.0109156328452238
1579.3208374695923,0.9991617984357859,1579.3208374695923,0.9963136673104543,1579.3208374695923,0.9954785556360668,1579.2875033793712,0.99285685532931
1579.322226390018,1.000909879650682,1579.322226390018,0.9963351865490145,1579.322226390018,0.9972417316605138,1579.2888922997972,0.9887845386658972
1579.3236153104435,1.0005579053334344,1579.3236153104435,0.9963056126666585,1579.3236153104435,0.9968614568816958,1579.2902812202228,0.9971277045798204
1579.3250042308696,0.998060666223906,1579.3250042308696,0.9964079893213177,1579.3250042308696,0.994475621652857,1579.2916701406484,0.9724629212870878
1579.3263931512952,0.9975116383195787,1579.3263931512952,0.9963819542693066,1579.3263931512952,0.9939025955952396,1579.293059061075,0.9990606296564324
1579.3277820712551,1.00093280344782,1579.3277820712551,0.9964550455740308,1579.3277820712551,0.9973845422761398,1579.294447981501,0.9937698100142162
1579.3291709916814,1.0036665042829749,1579.3291709916814,0.9964544644459558,1579.3291709916814,1.0001079690076362,1579.2958369019266,0.9933704077153896
1579.3305599121077,1.0089918175902006,1579.3305599121077,0.9965626081118697,1579.3305599121077,1.0055235173012262,1579.2972258223522,1.0000313359210429
1579.3319488325333,0.9978737212507974,1579.3319488325333,0.9966687441658548,1579.3319488325333,0.9945495485951406,1579.2986147427782,0.9926842156229956
1579.3333377529589,0.9987269617915574,1579.3333377529589,0.9966993579395537,1579.3333377529589,0.9954305215745664,1579.3000036632045,0.9920209027506758
1579.334726673385,0.9974952808270351,1579.334726673385,0.9967987603640174,1579.334726673385,0.994302059397346,1579.30139258363,0.9989969122585908
1579.3361155938112,0.9995520233477709,1579.3361155938112,0.9967602339847595,1579.3361155938112,0.996313708672064,1579.3027815040557,0.9949553472350632
1579.337504513771,0.993588525758389,1579.337504513771,0.9967441482682086,1579.337504513771,0.9903535488361104,1579.304170424482,0.995611956249888
1579.3388934341965,0.9995195446511184,1579.3388934341965,0.9967851775454493,1579.3388934341965,0.9963062667752116,1579.3055593449074,0.9884042023837994
1579.340282354623,0.9948495165842114,1579.340282354623,0.9967627523742809,1579.340282354623,0.9916289423487014,1579.3069482653327,1.0064124857070222
1579.3416712750484,0.9850551407570163,1579.3416712750484,0.9968226363738124,1579.3416712750484,0.9819252623829858,1579.3083371857592,1.0028168194618272
1579.3430601954738,1.0117249257823475,1579.3430601954738,0.9968389215831585,1579.3430601954738,1.0085267839556764,1579.3097261061853,0.9882244282970316
1579.3444491154346,0.9956300715831462,1579.3444491154346,0.9969475661502976,1579.3444491154346,0.9925909766508642,1579.3111150266109,1.012349274296663
1579.3458380358609,0.9963189823567205,1579.3458380358609,0.9969489851552971,1579.3458380358609,0.9932791983514908,1579.3125039470365,0.9994516675092104
1579.3472269562862,0.9970386929530028,1579.3472269562862,0.9969522986579311,1579.3472269562862,0.9940000167903954,1579.3138928674623,0.9928562402965122
1579.3486158767118,1.0093039666017436,1579.3486158767118,0.9970729573635645,1579.3486158767118,1.0063496908583769,1579.315281787889,1.00514275049617
1579.3500047966722,1.0138835342075345,1579.3500047966722,0.9970224513177447,1579.3500047966722,1.0108646466262945,1579.3166707083146,0.9959723654693404
1579.3513937170987,1.0009696818404838,1579.3513937170987,0.9969327401600575,1579.3513937170987,0.9978994477343744,1579.31805962874,1.0191387443570357
1579.352782637524,0.9893932106055384,1579.352782637524,0.9970561908363575,1579.352782637524,0.9864806258057122,1579.3194485491665,0.9885707532654168
1579.3541715579497,0.992565424789207,1579.3541715579497,0.997046082525727,1579.3541715579497,0.989633468436563,1579.3208374695923,0.9954785556360668
1579.3555604779103,0.9961923615429465,1579.3555604779103,0.9970271757908602,1579.3555604779103,0.9932308567735916,1579.322226390018,0.9972417316605138
1579.3569493983364,0.9986373534351242,1579.3569493983364,0.9971013474453286,1579.3569493983364,0.9957426507193992,1579.3236153104435,0.9968614568816958
1579.358338318762,1.0014921383134014,1579.358338318762,0.9970382626537588,1579.358338318762,0.9985259816453916,1579.3250042308696,0.994475621652857
1579.359727238722,0.9980885411344869,1579.359727238722,0.997192819962808,1579.359727238722,0.995286726906464,1579.3263931512952,0.9939025955952396
1579.3625050795736,1.003155519247269,1579.3625050795736,0.9972861197984421,1579.3625050795736,1.0004330753445003,1579.3277820712551,0.9973845422761398
1579.3638939995335,1.0118253232070291,1579.3638939995335,0.9974262072056322,1579.3638939995335,1.009221094481,1579.3291709916814,1.0001079690076362
1579.3652829199598,0.9976738417323067,1579.3652829199598,0.9973786718854245,1579.3652829199598,0.9950586112417972,1579.3305599121077,1.0055235173012262
1579.366671840386,0.9879279482803239,1579.366671840386,0.9974292839563573,1579.366671840386,0.9853882660537168,1579.3319488325333,0.9945495485951406
1579.368060760346,0.9989885398326126,1579.368060760346,0.9975424343282839,1579.368060760346,0.9965334598906822,1579.3333377529589,0.9954305215745664
1579.3694496807716,0.9917111624737837,1579.3694496807716,0.9975134249409298,1579.3694496807716,0.9892451982313748,1579.334726673385,0.994302059397346
1579.3708386011976,0.9991998786051937,1579.3708386011976,0.9976433943367529,1579.3708386011976,0.9968451585125568,1579.3361155938112,0.996313708672064
1579.372227521158,1.0010492074091857,1579.372227521158,0.9976325243823521,1579.372227521158,0.9986792478185786,1579.337504513771,0.9903535488361104
1579.3736164415836,1.0117575427382375,1579.3736164415836,0.9975834809490794,1579.3736164415836,1.009312611361298,1579.3388934341965,0.9963062667752116
1579.3750053615436,1.0071887645689366,1579.3750053615436,0.9975164080980051,1579.3750053615436,1.004687318709473,1579.340282354623,0.9916289423487014
1579.37639428197,1.0047014931231883,1579.37639428197,0.9975754713468501,1579.37639428197,1.0022655655652486,1579.3416712750484,0.9819252623829858
1579.3777832023954,0.9926688198921715,1579.3777832023954,0.9975740121342229,1579.3777832023954,0.9902606173803778,1579.3430601954738,1.0085267839556764
1579.3791721223552,1.003580298128598,1579.3791721223552,0.9976630853320363,1579.3791721223552,1.001235016609422,1579.3444491154346,0.9925909766508642
1579.3805610427817,0.9978667737276005,1579.3805610427817,0.997779808450397,1579.3805610427817,0.9956513183489408,1579.3458380358609,0.9932791983514908
1579.381949962742,0.9974427898430163,1579.381949962742,0.9977803247979327,1579.381949962742,0.9952287908169208,1579.3472269562862,0.9940000167903954
1579.3833388831677,0.9978503263330583,1579.3833388831677,0.9978461180258551,1579.3833388831677,0.9957010745022749,1579.3486158767118,1.0063496908583769
1579.3847278031276,1.0021291086369504,1579.3847278031276,0.9977682889434966,1579.3847278031276,0.9998926460251614,1579.3500047966722,1.0108646466262945
1579.3861167235536,0.9787856502705442,1579.3861167235536,0.9977903536430334,1579.3861167235536,0.9766228801241726,1579.3513937170987,0.9978994477343744
1579.38750564398,0.9966227373524725,1579.38750564398,0.9977882781880159,1579.38750564398,0.9944184851059508,1579.352782637524,0.9864806258057122
1579.38889456394,0.9962997630430261,1579.38889456394,0.9978003603317721,1579.38889456394,0.9941082625627906,1579.3541715579497,0.989633468436563
1579.3902834843652,1.010303278135492,1579.3902834843652,0.9978034978878663,1579.3902834843652,1.0080841448511717,1579.3555604779103,0.9932308567735916
1579.391672404326,1.0069494525372082,1579.391672404326,0.9978362400633348,1579.391672404326,1.0047706556535614,1579.3569493983364,0.9957426507193992
1579.393061324752,1.0085981177570504,1579.393061324752,0.9978756243743208,1579.393061324752,1.0064554764995814,1579.358338318762,0.9985259816453916
1579.394450244712,0.9932682394999993,1579.394450244712,0.9979903941373898,1579.394450244712,0.9912721618227556,1579.359727238722,0.995286726906464
1579.3958391651377,0.9930251008625826,1579.3958391651377,0.9979819906638535,1579.3958391651377,0.991021166938014,1579.3625050795736,1.0004330753445003
1579.397228085098,0.9926273404880087,1579.397228085098,0.9980808946062467,1579.397228085098,0.9907223840048912,1579.3638939995335,1.009221094481
1579.398617005058,1.0062973393787746,1579.398617005058,0.9980922013659616,1579.398617005058,1.0043775266892714,1579.3652829199598,0.9950586112417972
1579.4000059254836,1.0092347108852375,1579.4000059254836,0.9981551848697581,1579.4000059254836,1.007372859420631,1579.366671840386,0.9853882660537168
1579.4013948454442,1.0005700125749344,1579.4013948454442,0.998322562229313,1579.4013948454442,0.9988916186436244,1579.368060760346,0.9965334598906822
1579.4027837658705,0.9985520298980175,1579.4027837658705,0.9981948156582615,1579.4027837658705,0.9967494594092344,1579.3694496807716,0.9892451982313748
1579.4041726858304,0.999764442236424,1579.4041726858304,0.9982346554935325,1579.4041726858304,0.9979995135705604,1579.3708386011976,0.9968451585125568
1579.405561606256,0.9984195690223363,1579.405561606256,0.998285050280594,1579.405561606256,0.996707329662592,1579.372227521158,0.9986792478185786
1579.4069505262164,1.0007995977016195,1579.4069505262164,0.9982537562848264,1579.4069505262164,0.9990519576939848,1579.3736164415836,1.009312611361298
1579.4083394466425,1.0017397040810576,1579.4083394466425,0.9981260654286377,1579.4083394466425,0.999862509418074,1579.3750053615436,1.004687318709473
1579.4097283666024,0.9964899797664776,1579.4097283666024,0.9980831618047399,1579.4097283666024,0.9945798697120672,1579.37639428197,1.0022655655652486
1579.4111172865623,0.9893108787167452,1579.4111172865623,0.9980031753705655,1579.4111172865623,0.987335398387956,1579.3777832023954,0.9902606173803778
1579.4125062069886,1.0005922672422027,1579.4125062069886,0.9979823284326665,1579.4125062069886,0.9985734006740944,1579.3791721223552,1.001235016609422
1579.4138951269492,0.9996833609584848,1579.4138951269492,0.9979913943247116,1579.4138951269492,0.9976753912861722,1579.3805610427817,0.9956513183489408
1579.4152840469085,1.000437553304823,1579.4152840469085,0.9979827872980911,1579.4152840469085,0.99841945796483,1579.381949962742,0.9952287908169208
1579.4166729673334,0.9987929702749065,1579.4166729673334,0.9979919513802928,1579.4166729673334,0.9967873454295728,1579.3833388831677,0.9957010745022749
1579.4180618872938,0.9996856857344741,1579.4180618872938,0.9979202912027721,1579.4180618872938,0.9976066306193894,1579.3847278031276,0.9998926460251614
1579.4194508077194,0.9881207874336738,1579.4194508077194,0.9979439456901071,1579.4194508077194,0.986089157429976,1579.3861167235536,0.9766228801241726
1579.420839727679,1.001864462382118,1579.420839727679,0.9980513134355243,1579.420839727679,0.9999121425648484,1579.38750564398,0.9944184851059508
1579.4222286476397,0.9959084475114169,1579.4222286476397,0.9980374735424192,1579.4222286476397,0.9939539508338476,1579.38889456394,0.9941082625627906
1579.4236175680662,1.0104521147940009,1579.4236175680662,0.9980923935650438,1579.4236175680662,1.0085245698376046,1579.3902834843652,1.0080841448511717
1579.425006488026,0.9995132815610476,1579.425006488026,0.9980857134823011,1579.425006488026,0.9975999267618944,1579.391672404326,1.0047706556535614
1579.4263954079856,1.0088139200207813,1579.4263954079856,0.9980951420374595,1579.4263954079856,1.006892272792508,1579.393061324752,1.0064554764995814
1579.4277843279465,1.0096693289672725,1579.4277843279465,0.9982303806675648,1579.4277843279465,1.007882598603365,1579.394450244712,0.9912721618227556
1579.4291732483723,1.0007169964267444,1579.4291732483723,0.9982458091945182,1579.4291732483723,0.9989615478727232,1579.3958391651377,0.991021166938014
1579.4305621683325,1.0045214647263314,1579.4305621683325,0.9982483523198599,1579.4305621683325,1.0027618970329926,1579.397228085098,0.9907223840048912
1579.4319510882924,0.9958310564171483,1579.4319510882924,0.9981174447780988,1579.4319510882924,0.9939563494617588,1579.398617005058,1.0043775266892714
1579.4333400087185,0.9953723256784537,1579.4333400087185,0.9981193353636447,1579.4333400087185,0.9935003641455435,1579.4000059254836,1.007372859420631
1579.4347289286784,1.0067201088392241,1579.4347289286784,0.9981385206822324,1579.4347289286784,1.0048461201778391,1579.4013948454442,0.9988916186436244
1579.4361178486383,1.001655270792751,1579.4361178486383,0.9980185666978336,1579.4361178486383,0.9996705576819118,1579.4027837658705,0.9967494594092344
1579.4375067685987,0.9935312243070351,1579.4375067685987,0.9980757374102344,1579.4375067685987,0.991619409340337,1579.4041726858304,0.9979995135705604
1579.4388956885596,1.019116670585419,1579.4388956885596,0.9981935497354592,1579.4388956885596,1.017275687006242,1579.405561606256,0.996707329662592
1579.4402846089852,0.997677324193757,1579.4402846089852,0.998159148555763,1579.4402846089852,0.9958407484506324,1579.4069505262164,0.9990519576939848
1579.4416735289449,0.9915674459317612,1579.4416735289449,0.9981627734784031,1579.4416735289449,0.9897457119221432,1579.4083394466425,0.999862509418074
1579.4430624489055,1.0011878739295936,1579.4430624489055,0.9981075476224917,1579.4430624489055,0.999293173557243,1579.4097283666024,0.9945798697120672
1579.444451368866,1.002341390473154,1579.444451368866,0.9982325449646572,1579.444451368866,1.0005697971354297,1579.4111172865623,0.987335398387956
1579.4458402892917,1.0136758918029791,1579.4458402892917,0.9982127483858378,1579.4458402892917,1.011864197929117,1579.4125062069886,0.9985734006740944
1579.4472292092514,0.9915906359357084,1579.4472292092514,0.9981858864012769,1579.4472292092514,0.989791777878691,1579.4138951269492,0.9976753912861722
1579.448618129212,1.0071202380232227,1579.448618129212,0.9982554235306346,1579.448618129212,1.0053632397541457,1579.4152840469085,0.99841945796483
1579.4500070491729,0.9952893352237472,1579.4500070491729,0.9982408743037999,1579.4500070491729,0.9935384961790013,1579.4166729673334,0.9967873454295728
1579.4513959691326,1.0010970839041269,1579.4513959691326,0.9983452668925029,1579.4513959691326,0.999440535415572,1579.4180618872938,0.9976066306193894
1579.4527848890923,1.005939724059051,1579.4527848890923,0.9983542772935634,1579.4527848890923,1.0042842262138605,1579.4194508077194,0.986089157429976
1579.4541738095186,1.0054191051783494,1579.4541738095186,0.9983992976067135,1579.4541738095186,1.0038097284104346,1579.420839727679,0.9999121425648484
1579.4555627294783,1.0037833103607712,1579.4555627294783,0.9983221137904209,1579.4555627294783,1.002099076186911,1579.4222286476397,0.9939539508338476
1579.4569516494385,0.9982003161858496,1579.4569516494385,0.9983176308064321,1579.4569516494385,0.9965209747248888,1579.4236175680662,1.0085245698376046
1579.4583405693988,1.0052407862234507,1579.4583405693988,0.9983664241526095,1579.4583405693988,1.003598649154264,1579.425006488026,0.9975999267618944
1579.4597294893597,0.9984265163160047,1579.4597294893597,0.9983825779218272,1579.4597294893597,0.996811639225082,1579.4263954079856,1.006892272792508
1579.4611184093192,1.015653711019537,1579.4611184093192,0.9984442834690421,1579.4611184093192,1.0140736417515752,1579.4277843279465,1.007882598603365
1579.462507329279,1.011790657331102,1579.462507329279,0.99854596821385,1579.462507329279,1.010319481554413,1579.4291732483723,0.9989615478727232
1579.46389624924,0.9907601296477899,1579.46389624924,0.9985384798956937,1579.46389624924,0.9893121137997646,1579.4305621683325,1.0027618970329926
1579.4652851692003,1.0148432557908995,1579.4652851692003,0.9985493661255209,1579.4652851692003,1.0133710897867625,1579.4319510882924,0.9939563494617588
1579.4666740891605,0.9948616437470389,1579.4666740891605,0.9985978734788936,1579.4666740891605,0.9934667218515096,1579.4333400087185,0.9935003641455435
1579.4680630091202,1.0103585667352653,1579.4680630091202,0.9985119968114342,1579.4680630091202,1.0088551499663685,1579.4347289286784,1.0048461201778391
1579.4694519295465,1.013239888358775,1579.4694519295465,0.9986231044769416,1579.4694519295465,1.0118447628927096,1579.4361178486383,0.9996705576819118
1579.4708408495062,1.000417823209256,1579.4708408495062,0.9986226553284648,1579.4708408495062,0.99903990305115,1579.4375067685987,0.991619409340337
1579.472229769466,1.01201649318271,1579.472229769466,0.9986237824060608,1579.472229769466,1.0106237382794352,1579.4388956885596,1.017275687006242
1579.4736186894263,0.9854001660899007,1579.4736186894263,0.9986196725126407,1579.4736186894263,0.9840399911545984,1579.4402846089852,0.9958407484506324
1579.4750076093874,0.992888050505603,1579.4750076093874,0.9985613416483547,1579.4750076093874,0.9914596238194944,1579.4416735289449,0.9897457119221432
1579.4763965293473,1.0046220093254064,1579.4763965293473,0.9985292359927126,1579.4763965293473,1.003144447433162,1579.4430624489055,0.999293173557243
1579.477785449307,1.0035039558211456,1579.477785449307,0.9986144899059505,1579.477785449307,1.0021135909609369,1579.444451368866,1.0005697971354297
1579.4791743692676,0.9929044892102604,1579.4791743692676,0.998697002736487,1579.4791743692676,0.9916107373778896,1579.4458402892917,1.011864197929117
1579.480563289228,1.006400283083025,1579.480563289228,0.9988107824790593,1579.480563289228,1.005203454233303,1579.4472292092514,0.989791777878691
1579.481952209188,1.002576943438343,1579.481952209188,0.9988192408529042,1579.481952209188,1.0013931415417108,1579.448618129212,1.0053632397541457
1579.483341129148,1.0079448519642455,1579.483341129148,0.9987934693150365,1579.483341129148,1.0067287355715997,1579.4500070491729,0.9935384961790013
1579.4847300491083,1.0021064035111975,1579.4847300491083,0.9987804901767494,1579.4847300491083,1.0008843249081734,1579.4513959691326,0.999440535415572
1579.4861189686037,0.9967092764112818,1579.4861189686037,0.9987154805829445,1579.4861189686037,0.9954289839925722,1579.4527848890923,1.0042842262138605
1579.4875078885634,1.0090189772748186,1579.4875078885634,0.9986885408813136,1579.4875078885634,1.007695690136144,1579.4541738095186,1.0038097284104346
1579.4888968085234,0.9939473903558668,1579.4888968085234,0.9986558698890082,1579.4888968085234,0.9926113957397478,1579.4555627294783,1.002099076186911
1579.4902857284835,0.9974112907232416,1579.4902857284835,0.9987552163879968,1579.4902857284835,0.9961697294941224,1579.4569516494385,0.9965209747248888
1579.4916746484437,1.0025713707023196,1579.4916746484437,0.9987899484675405,1579.4916746484437,1.0013582076788012,1579.4583405693988,1.003598649154264
1579.4930635684036,1.0028339627821714,1579.4930635684036,0.9988441394466756,1579.4930635684036,1.0016748265630575,1579.4597294893597,0.996811639225082
1579.494452488364,1.0041177927412823,1579.494452488364,0.9989452623110799,1579.494452488364,1.003058711861163,1579.4611184093192,1.0140736417515752
1579.4958414083246,0.9880094142734318,1579.4958414083246,0.9989235769002853,1579.4958414083246,0.9869458981171724,1579.462507329279,1.010319481554413
1579.4972303282843,0.9956578712414723,1579.4972303282843,0.9989029044763846,1579.4972303282843,0.9945655394478808,1579.46389624924,0.9893121137997646
1579.4986192482445,0.9889610696214383,1579.4986192482445,0.9987739737819495,1579.4986192482445,0.9877485774214512,1579.4652851692003,1.0133710897867625
1579.500008168205,1.002288395345525,1579.500008168205,0.9986832637722678,1579.500008168205,1.000968645904738,1579.4666740891605,0.9934667218515096
1579.5013970876998,1.012019012565119,1579.5013970876998,0.9985946778622092,1579.5013970876998,1.010596799842896,1579.4680630091202,1.0088551499663685
1579.5027860076598,1.000662506104804,1579.5027860076598,0.9987220469319695,1579.5027860076598,0.9993837063850644,1579.4694519295465,1.0118447628927096
1579.5041749276195,1.012457707391315,1579.5041749276195,0.9987557263056522,1579.5041749276195,1.0111979328993683,1579.4708408495062,0.99903990305115
1579.50556384758,0.9909772731987282,1579.50556384758,0.9987768374987399,1579.50556384758,0.9897651469585506,1579.472229769466,1.0106237382794352
1579.50695276754,1.0205333547338835,1579.50695276754,0.9988347373293585,1579.50695276754,1.0193441653114674,1579.4736186894263,0.9840399911545984
1579.5083416875,0.9939597947870448,1579.5083416875,0.9988370819547441,1579.5083416875,0.992803901005428,1579.4750076093874,0.9914596238194944
1579.5097306069947,1.0072066907114918,1579.5097306069947,0.9989010933051301,1579.5097306069947,1.0060998645359511,1579.4763965293473,1.003144447433162
1579.5111195269556,0.9973848495901787,1579.5111195269556,0.9989007064158325,1579.5111195269556,0.9962884308240784,1579.477785449307,1.0021135909609369
1579.5125084469155,0.9927690070122862,1579.5125084469155,0.9988985905383875,1579.5125084469155,0.9916755618347672,1579.4791743692676,0.9916107373778896
1579.5138973668752,1.0085290863625769,1579.5138973668752,0.9990036307489595,1579.5138973668752,1.0075242189921452,1579.480563289228,1.005203454233303
1579.5152862868358,0.9995072419850368,1579.5152862868358,0.9989889659040302,1579.5152862868358,0.9984967060842213,1579.481952209188,1.0013931415417108
1579.5166752063303,1.0169466645047842,1579.5166752063303,0.9989129420111363,1579.5166752063303,1.015841184508886,1579.483341129148,1.0067287355715997
1579.5180641262905,1.011587060724923,1579.5180641262905,0.998820628256579,1579.5180641262905,1.010394023529494,1579.4847300491083,1.0008843249081734
1579.5194530462504,0.9973860048789948,1579.5194530462504,0.9989275450420717,1579.5194530462504,0.996316353313094,1579.4861189686037,0.9954289839925722
1579.5208419662108,1.0042395819588228,1579.5208419662108,0.9990529213730214,1579.5208419662108,1.0032884881143835,1579.4875078885634,1.007695690136144
1579.522230885706,1.0001922829226928,1579.522230885706,0.9991669823255368,1579.522230885706,0.9993591050731564,1579.4888968085234,0.9926113957397478
1579.523619805666,1.013137861730431,1579.523619805666,0.9991741666853523,1579.523619805666,1.012301178731883,1579.4902857284835,0.9961697294941224
1579.5250087256256,1.0088164841563378,1579.5250087256256,0.9991716993873281,1579.5250087256256,1.0079808808444377,1579.4916746484437,1.0013582076788012
1579.5263976455865,0.9896497113901175,1579.5263976455865,0.9991247223436669,1579.5263976455865,0.9887834931101412,1579.4930635684036,1.0016748265630575
1579.5277865650803,1.002936865841466,1579.5277865650803,0.9991337567327031,1579.5277865650803,1.002068078533907,1579.494452488364,1.003058711861163
1579.5291754850405,1.0039631384336072,1579.5291754850405,0.9991680004434366,1579.5291754850405,1.0031278415476244,1579.4958414083246,0.9869458981171724
1579.5305644050009,0.988751502368311,1579.5305644050009,0.999220481522524,1579.5305644050009,0.9879807523025828,1579.4972303282843,0.9945655394478808
1579.5319533244958,0.9944718976194357,1579.5319533244958,0.9991744010562188,1579.5319533244958,0.993650862671141,1579.4986192482445,0.9877485774214512
1579.5333422444555,1.0013966998461898,1579.5333422444555,0.9991030677331452,1579.5333422444555,1.0004985148341758,1579.500008168205,1.000968645904738
1579.5347311644157,1.0000518266250913,1579.5347311644157,0.9991173405621153,1579.5347311644157,0.9991691214419468,1579.5013970876998,1.010596799842896
1579.5361200839106,0.9885709585561673,1579.5361200839106,0.9991990939097106,1579.5361200839106,0.9877792060547764,1579.5027860076598,0.9993837063850644
1579.537509003871,0.9920193045439513,1579.537509003871,0.999181996612245,1579.537509003871,0.991207829392116,1579.5041749276195,1.0111979328993683
1579.538897923831,0.9990875356727756,1579.538897923831,0.9992213669595117,1579.538897923831,0.9983096131071608,1579.50556384758,0.9897651469585506
1579.5402868433252,0.9987640803009311,1579.5402868433252,0.9992256197255065,1579.5402868433252,0.9979906570982734,1579.50695276754,1.0193441653114674
1579.5416757632856,0.9982705547172924,1579.5416757632856,0.9992760883042492,1579.5416757632856,0.997547894987209,1579.5083416875,0.992803901005428
1579.5430646827808,0.9970005441437414,1579.5430646827808,0.9992365787179249,1579.5430646827808,0.9962394127101016,1579.5097306069947,1.0060998645359511
1579.5444536027403,0.999439749197082,1579.5444536027403,0.999342517279568,1579.5444536027403,0.998782634831872,1579.5111195269556,0.9962884308240784
1579.5458425227002,0.9992842432808973,1579.5458425227002,0.9993704446435351,1579.5458425227002,0.9986551385329088,1579.5125084469155,0.9916755618347672
1579.5472314421954,1.0020056647826139,1579.5472314421954,0.9993864317499762,1579.5472314421954,1.0013908659203592,1579.5138973668752,1.0075242189921452
1579.5486203621554,0.9913930598050376,1579.5486203621554,0.9993763573391325,1579.5486203621554,0.9907747847992552,1579.5152862868358,0.9984967060842213
1579.5500092816494,1.0005695913321049,1579.5500092816494,0.9993497484744308,1579.5500092816494,0.999918969428903,1579.5166752063303,1.015841184508886
1579.55139820161,1.0045810653769627,1579.55139820161,0.9993445855515668,1579.55139820161,1.0039226484320922,1579.5180641262905,1.010394023529494
1579.5527871211048,0.9979791045569959,1579.5527871211048,0.9992251432837254,1579.5527871211048,0.9972058137451282,1579.5194530462504,0.996316353313094
1579.5541760410647,0.9903949120268952,1579.5541760410647,0.9992576883413448,1579.5541760410647,0.9896597303370248,1579.5208419662108,1.0032884881143835
1579.5555649610246,0.9973948524126912,1579.5555649610246,0.9991653396059711,1579.5555649610246,0.996562366432174,1579.522230885706,0.9993591050731564
1579.5569538805194,1.0038136410487866,1579.5569538805194,0.9992518601590891,1579.5569538805194,1.003062648071068,1579.523619805666,1.012301178731883
1579.5583428004802,0.9936573767188658,1579.5583428004802,0.9993229883962467,1579.5583428004802,0.992984659144672,1579.5250087256256,1.0079808808444377
1579.5597317199736,0.9956475878230403,1579.5597317199736,0.9992328923288817,1579.5597317199736,0.9948838189206908,1579.5263976455865,0.9887834931101412
1579.5611206399328,1.0064011261487023,1579.5611206399328,0.9993036092635358,1579.5611206399328,1.0057002777272852,1579.5277865650803,1.002068078533907
1579.5625095594278,1.0034903541852818,1579.5625095594278,0.9993552849771842,1579.5625095594278,1.0028433888786878,1579.5291754850405,1.0031278415476244
1579.5638984793875,1.0022396122759443,1579.5638984793875,0.999255201658182,1579.5638984793875,1.0014931458746168,1579.5305644050009,0.9879807523025828
1579.565287398882,0.9811002710183903,1579.565287398882,0.9992993215795206,1579.565287398882,0.9804128352301612,1579.5319533244958,0.993650862671141
1579.5666763188424,0.9940363088491835,1579.5666763188424,0.9994312030962892,1579.5666763188424,0.993470904074534,1579.5333422444555,1.0004985148341758
1579.568065238337,1.0038303937358617,1579.568065238337,0.999438289280864,1579.568065238337,1.0032665314435056,1579.5347311644157,0.9991691214419468
1579.5694541578314,0.9876303595793737,1579.5694541578314,0.9994258462231134,1579.5694541578314,0.9870633078782534,1579.5361200839106,0.9877792060547764
1579.570843077791,0.9949685820236709,1579.570843077791,0.9994238791442561,1579.570843077791,0.9943953598727572,1579.537509003871,0.991207829392116
1579.5722319972865,1.0035072561895941,1579.5722319972865,0.99943479815257,1579.5722319972865,1.0029400720344863,1579.538897923831,0.9983096131071608
1579.573620917247,0.9917092543876167,1579.573620917247,0.9994193419477789,1579.573620917247,0.9911334104235944,1579.5402868433252,0.9979906570982734
1579.5750098367412,1.004917132623901,1579.5750098367412,0.9995038563570698,1579.5750098367412,1.004418549376878,1579.5416757632856,0.997547894987209
1579.576398756701,0.9987237256598529,1579.576398756701,0.9995636814306345,1579.576398756701,0.9982879639526816,1579.5430646827808,0.9962394127101016
1579.5777876761958,1.0057111371637144,1579.5777876761958,0.9994899408055495,1579.5777876761958,1.005198164951243,1579.5444536027403,0.998782634831872
1579.5791765956908,0.9974734156696478,1579.5791765956908,0.9994134361422558,1579.5791765956908,0.9968883338149552,1579.5458425227002,0.9986551385329088
1579.5805655156505,0.9946565890664618,1579.5805655156505,0.9993367470234588,1579.5805655156505,0.9939968801231271,1579.5472314421954,1.0013908659203592
1579.5819544351448,1.0012627723739358,1579.5819544351448,0.99940832976874,1579.5819544351448,1.0006703549978533,1579.5486203621554,0.9907747847992552
1579.5833433551056,0.996691993097755,1579.5833433551056,0.99943928710277,1579.5833433551056,0.9961331350426592,1579.5500092816494,0.999918969428903
1579.5847322745997,1.0033490761781059,1579.5847322745997,0.9994228721330077,1579.5847322745997,1.0027700154659225,1579.55139820161,1.0039226484320922
1579.5861211940935,1.015601126778319,1579.5861211940935,0.999425310114371,1579.5861211940935,1.015017471082926,1579.5527871211048,0.9972058137451282
1579.5875101140546,0.9961961152921596,1579.5875101140546,0.9992927888896908,1579.5875101140546,0.995491594331378,1579.5541760410647,0.9896597303370248
1579.5888990335493,0.9939382214030982,1579.5888990335493,0.9994224736441315,1579.5888990335493,0.9933641958841328,1579.5555649610246,0.996562366432174
1579.5902879530436,1.0017715135721628,1579.5902879530436,0.9993061153048872,1579.5902879530436,1.0010763996508951,1579.5569538805194,1.003062648071068
1579.5916768730035,0.9804872580855832,1579.5916768730035,0.9993805016098881,1579.5916768730035,0.979879847807674,1579.5583428004802,0.992984659144672
1579.5930657924982,1.007362257922839,1579.5930657924982,0.9992756806483654,1579.5930657924982,1.006632605945319,1579.5597317199736,0.9948838189206908
1579.5944547119934,0.9951880094117128,1579.5944547119934,0.9991711342482484,1579.5944547119934,0.9943631321541576,1579.5611206399328,1.0057002777272852
1579.5958436314877,0.9842798996874939,1579.5958436314877,0.999144838652387,1579.5958436314877,0.9834381815620488,1579.5625095594278,1.0028433888786878
1579.5972325514474,1.0064742852539326,1579.5972325514474,0.9990116560230935,1579.5972325514474,1.0054795424561906,1579.5638984793875,1.0014931458746168
1579.5986214709424,1.0008121513468347,1579.5986214709424,0.9991339678415534,1579.5986214709424,0.9999454158392042,1579.565287398882,0.9804128352301612
1579.6000103904366,0.9953057246944893,1579.6000103904366,0.9991646841870997,1579.6000103904366,0.9944743300839818,1579.5666763188424,0.993470904074534
1579.6013993103966,1.0009564239513498,1579.6013993103966,0.9991952440334475,1579.6013993103966,1.0001508982969158,1579.568065238337,1.0032665314435056
1579.6027882298913,1.0017462960766224,1579.6027882298913,0.9992231529036342,1579.6027882298913,1.00096809237522,1579.5694541578314,0.9870633078782534
1579.604177149386,1.0095146452046342,1579.604177149386,0.9992428457240271,1579.604177149386,1.0087502868743603,1579.570843077791,0.9943953598727572
1579.6055660688803,0.9973994933221106,1579.6055660688803,0.9992354268074518,1579.6055660688803,0.9966369084072554,1579.5722319972865,1.0029400720344863
1579.6069549888402,0.9967420757325667,1579.6069549888402,0.9991829765551525,1579.6069549888402,0.9959277140882272,1579.573620917247,0.9911334104235944
1579.6083439083352,0.9938845099374637,1579.6083439083352,0.9991477687125614,1579.6083439083352,0.9930374904619944,1579.5750098367412,1.004418549376878
1579.6097328278302,0.9901438043707906,1579.6097328278302,0.999192889626234,1579.6097328278302,0.9893446490347628,1579.576398756701,0.9982879639526816
1579.6111217473244,0.9983123279927608,1579.6111217473244,0.999192443376777,1579.6111217473244,0.9975061342602451,1579.5777876761958,1.005198164951243
1579.6125106668187,1.0033276893451006,1579.6125106668187,0.9991532492783872,1579.6125106668187,1.0024781209001337,1579.5791765956908,0.9968883338149552
1579.613899586779,1.0117046297141739,1579.613899586779,0.9991951458034094,1579.613899586779,1.0108903549972383,1579.5805655156505,0.9939968801231271
1579.615288506274,0.9973810154135027,1579.615288506274,0.9991645868070904,1579.615288506274,0.9965477901548686,1579.5819544351448,1.0006703549978533
1579.616677425768,1.003947315534014,1579.616677425768,0.9991839930635851,1579.616677425768,1.0031280875607431,1579.5833433551056,0.9961331350426592
1579.6180663452624,1.0034423314800986,1579.6180663452624,0.9991491168291472,1579.6180663452624,1.002588519287321,1579.5847322745997,1.0027700154659225
1579.6194552647576,0.9953991337488954,1579.6194552647576,0.9990325516981073,1579.6194552647576,0.9944361365472446,1579.5861211940935,1.015017471082926
1579.6208441842516,0.9975383049231935,1579.6208441842516,0.9990851578246647,1579.6208441842516,0.9966257148103372,1579.5875101140546,0.995491594331378
1579.6222331037457,0.9918471265214266,1579.6222331037457,0.9991090868378718,1579.6222331037457,0.9909634768615896,1579.5888990335493,0.9933641958841328
1579.6236220237065,0.9955428267391505,1579.6236220237065,0.9992532196490037,1579.6236220237065,0.9947993749175664,1579.5902879530436,1.0010763996508951
1579.6250109432012,0.987895754640685,1579.6250109432012,0.9992077816893722,1579.6250109432012,0.9871131255348672,1579.5916768730035,0.979879847807674
1579.6263998626955,1.010143031155213,1579.6263998626955,0.999204038574642,1579.6263998626955,1.0093389962683192,1579.5930657924982,1.006632605945319
1579.6277887821898,1.0050861289507953,1579.6277887821898,0.9992635308298421,1579.6277887821898,1.0043459140034696,1579.5944547119934,0.9943631321541576
1579.6291777016845,0.998656164036199,1579.6291777016845,0.9991602944062257,1579.6291777016845,0.9978175868690006,1579.5958436314877,0.9834381815620488
1579.6305666211797,1.0032075130380635,1579.6305666211797,0.9992238946064227,1579.6305666211797,1.0024289182763175,1579.5972325514474,1.0054795424561906
1579.6319555406735,0.9945917696304661,1579.6319555406735,0.9992308944239632,1579.6319555406735,0.993826823554563,1579.5986214709424,0.9999454158392042
1579.6333444601678,1.012440257211594,1579.6333444601678,0.9992679117771345,1579.6333444601678,1.0116990616229344,1579.6000103904366,0.9944743300839818
1579.634733379663,1.0001269093475962,1579.634733379663,0.9992735566187414,1579.634733379663,0.999400373773882,1579.6013993103966,1.0001508982969158
1579.6361222991573,0.9935765529974174,1579.6361222991573,0.9992492797227962,1579.6361222991573,0.992830654932128,1579.6027882298913,1.00096809237522
1579.6375112186515,1.0061904549572165,1579.6375112186515,0.9993907109932405,1579.6375112186515,1.0055773941743047,1579.604177149386,1.0087502868743603
1579.6389001381465,1.005472346956352,1579.6389001381465,0.9993607271619982,1579.6389001381465,1.004829575795581,1579.6055660688803,0.9966369084072554
1579.640289057641,0.9983218152630461,1579.640289057641,0.9994395396013545,1579.640289057641,0.9977622954204872,1579.6069549888402,0.9959277140882272
1579.6416779771353,0.9987808934422714,1579.6416779771353,0.9994096676766051,1579.6416779771353,0.9981912807968832,1579.6083439083352,0.9930374904619944
1579.6430668966295,1.004039589947316,1579.6430668966295,0.9993880305603131,1579.6430668966295,1.0034251484020325,1579.6097328278302,0.9893446490347628
1579.6444558161245,1.0067110111962982,1579.6444558161245,0.9994016637499332,1579.6444558161245,1.0061086595049582,1579.6111217473244,0.9975061342602451
1579.6458447356194,1.0152357670667596,1579.6458447356194,0.9993943582843153,1579.6458447356194,1.014620897934969,1579.6125106668187,1.0024781209001337
1579.6472336551135,1.0061117931375956,1579.6472336551135,0.9993729348830288,1579.6472336551135,1.0054808955283456,1579.613899586779,1.0108903549972383
1579.648622574608,1.0129797454279976,1579.648622574608,0.9992530197520357,1579.648622574608,1.012223069566575,1579.615288506274,0.9965477901548686
1579.6500114941027,0.9936190340281156,1579.6500114941027,0.9992488963807391,1579.6500114941027,0.9928727231754906,1579.616677425768,1.0031280875607431
1579.6514004135977,0.9983302038110597,1579.6514004135977,0.9993493287655455,1579.6514004135977,0.9976806190649528,1579.6180663452624,1.002588519287321
1579.6527893330915,1.0018843464755818,1579.6527893330915,0.9993847951508864,1579.6527893330915,1.001267982367379,1579.6194552647576,0.9944361365472446
1579.654178252586,1.0016905176910553,1579.654178252586,0.9993952687148244,1579.654178252586,1.0010847640969438,1579.6208441842516,0.9966257148103372
1579.6555671720812,0.9940793519940558,1579.6555671720812,0.9994882188207671,1579.6555671720812,0.9935706008910412,1579.6222331037457,0.9909634768615896
1579.6569560915752,0.9872770485940074,1579.6569560915752,0.999525413049449,1579.6569560915752,0.9868084997901662,1579.6236220237065,0.9947993749175664
1579.6583450110693,0.9966903348508456,1579.6583450110693,0.9995568983363677,1579.6583450110693,0.996248699705347,1579.6250109432012,0.9871131255348672
1579.6597339305645,1.0013198434193418,1579.6597339305645,0.9995229813321387,1579.6597339305645,1.0008421951615307,1579.6263998626955,1.0093389962683192
1579.6611228500592,0.9971695819617109,1579.6611228500592,0.9996493060924986,1579.6611228500592,0.9968198806645712,1579.6277887821898,1.0043459140034696
1579.6625117695537,1.000814912584328,1579.6625117695537,0.9996882230536688,1579.6625117695537,1.0005028815670396,1579.6291777016845,0.9978175868690006
1579.663900688582,0.9992205915417243,1579.663900688582,0.999639133153426,1579.663900688582,0.9988600059578228,1579.6305666211797,1.0024289182763175
1579.6652896080768,1.0017885194497242,1579.6652896080768,0.9996827451442565,1579.6652896080768,1.0014706971775007,1579.6319555406735,0.993826823554563
1579.666678527572,0.9927386186324284,1579.666678527572,0.9997490554023899,1579.666678527572,0.9924894962392437,1579.6333444601678,1.0116990616229344
1579.668067447066,1.0044717755600863,1579.668067447066,0.9997156245855688,1579.668067447066,1.004186128482627,1579.634733379663,0.999400373773882
1579.66945636656,1.0031971804630293,1579.66945636656,0.9997926954819486,1579.66945636656,1.0029892131550229,1579.6361222991573,0.992830654932128
1579.6708452860553,0.9964399095277111,1579.6708452860553,0.9997468777861221,1579.6708452860553,0.9961876884518152,1579.6375112186515,1.0055773941743047
1579.67223420555,1.0062028583622233,1579.67223420555,0.9997607841523437,1579.67223420555,1.005962158692546,1579.6389001381465,1.004829575795581
1579.6736231245786,0.9944340757184266,1579.6736231245786,0.9998895098799949,1579.6736231245786,0.9943242005780633,1579.640289057641,0.9977622954204872
1579.675012044073,1.0059252631292894,1579.675012044073,0.999954993854737,1579.675012044073,1.0058799903107734,1579.6416779771353,0.9981912807968832
1579.6764009635676,0.9921048017060362,1579.6764009635676,0.9998610657548661,1579.6764009635676,0.9919669643743174,1579.6430668966295,1.0034251484020325
1579.677789883062,1.0026782554131695,1579.677789883062,0.9999744801436451,1579.677789883062,1.002652667208121,1579.6444558161245,1.0061086595049582
1579.6791788020903,0.9911304940806704,1579.6791788020903,0.9999860017903434,1579.6791788020903,0.9911166200282172,1579.6458447356194,1.014620897934969
1579.6805677215857,1.003948749843831,1579.6805677215857,1.0000325058629205,1579.6805677215857,1.0039813840642726,1579.6472336551135,1.0054808955283456
1579.6819566410804,1.0018808637911363,1579.6819566410804,0.9999734178364393,1579.6819566410804,1.0018542316301466,1579.648622574608,1.012223069566575
1579.6833455605747,0.9953005870863224,1579.6833455605747,1.000017403770489,1579.6833455605747,0.9953179090693076,1579.6500114941027,0.9928727231754906
1579.684734480069,1.0109617106976032,1579.684734480069,1.0000711668312836,1579.684734480069,1.0110336576391026,1579.6514004135977,0.9976806190649528
1579.686123399098,0.9991544310270803,1579.686123399098,1.0000558218069409,1579.686123399098,0.9992102056328332,1579.6527893330915,1.001267982367379
1579.6875123185928,0.9894011202005186,1579.6875123185928,1.0000724697676413,1579.6875123185928,0.9894728218698036,1579.654178252586,1.0010847640969438
1579.688901238087,1.0004983762770738,1579.688901238087,1.0001202560330187,1579.688901238087,1.0006186922428466,1579.6555671720812,0.9935706008910412
1579.6902901571157,1.011225671549896,1579.6902901571157,1.0001027252087271,1579.6902901571157,1.011329549918076,1579.6569560915752,0.9868084997901662
1579.69167907661,0.9997879558538043,1579.69167907661,1.0001319025901876,1579.69167907661,0.9999198304748198,1579.6583450110693,0.996248699705347
1579.6930679961033,0.9992024813096498,1579.6930679961033,1.0001760146650598,1579.6930679961033,0.9993783555997244,1579.6597339305645,1.0008421951615307
1579.6944569155976,1.0076512597102292,1579.6944569155976,1.0002387377406448,1579.6944569155976,1.0078918240953303,1579.6611228500592,0.9968198806645712
1579.695845834627,0.9925603851926831,1579.695845834627,1.000243915877484,1579.695845834627,0.9928024864299932,1579.6625117695537,1.0005028815670396
1579.6972347541218,1.003287226284053,1579.6972347541218,1.0002520432247566,1579.6972347541218,1.003540098031923,1579.663900688582,0.9988600059578228
1579.698623673616,1.0035436237107433,1579.698623673616,1.0003813635093608,1579.698623673616,1.0039263386288784,1579.6652896080768,1.0014706971775007
1579.7000125926447,1.0105524057619653,1579.7000125926447,1.0004081230272899,1579.7000125926447,1.01096483546904,1579.666678527572,0.9924894962392437
1579.7014015121397,0.9954834263022646,1579.7014015121397,1.0005239021480157,1579.7014015121397,0.9960049622076184,1579.668067447066,1.004186128482627
1579.702790431169,0.9932440410394826,1579.702790431169,1.0005471167140947,1579.702790431169,0.9937874614555102,1579.66945636656,1.0029892131550229
1579.704179350663,0.9926501001969114,1579.704179350663,1.0005369767569388,1579.704179350663,0.99318313022849,1579.6708452860553,0.9961876884518152
1579.705568270157,1.0166061092411955,1579.705568270157,1.000618529718485,1579.705568270157,1.0172349103317546,1579.67223420555,1.005962158692546
1579.7069571891866,1.0077425514477056,1579.7069571891866,1.0006408880200208,1579.7069571891866,1.0083884015761937,1579.6736231245786,0.9943242005780633
1579.708346108681,0.9942269194932276,1579.708346108681,1.0006675802862548,1579.708346108681,0.9948906457847452,1579.675012044073,1.0058799903107734
1579.70973502771,1.0067390423245608,1579.70973502771,1.0007184626181433,1579.70973502771,1.0074623466926964,1579.6764009635676,0.9919669643743174
1579.7111239472042,0.9855514364234307,1579.7111239472042,1.0006800244476353,1579.7111239472042,0.9862216354946006,1579.677789883062,1.002652667208121
1579.712512866699,1.006941383282202,1579.712512866699,1.0007278514169244,1579.712512866699,1.007674286994784,1579.6791788020903,0.9911166200282172
1579.7139017857276,0.9918260743724999,1579.7139017857276,1.0008222404095706,1579.7139017857276,0.9926415938501147,1579.6805677215857,1.0039813840642726
1579.7152907052218,1.0014186003729901,1579.7152907052218,1.0007557907223945,1579.7152907052218,1.0021754632603854,1579.6819566410804,1.0018542316301466
1579.716679624251,0.9948894340060697,1579.716679624251,1.0007391539241997,1579.716679624251,0.99562481043536,1579.6833455605747,0.9953179090693076
1579.718068543746,0.9941910455123727,1579.718068543746,1.0006649619529573,1579.718068543746,0.9948521447316092,1579.684734480069,1.0110336576391026
1579.7194574627747,0.9955204026888889,1579.7194574627747,1.0006982747383022,1579.7194574627747,0.996215549437551,1579.686123399098,0.9992102056328332
1579.7208463822687,0.9893448832016464,1579.7208463822687,1.0008003327084813,1579.7208463822687,0.9901366882716413,1579.6875123185928,0.9894728218698036
1579.722235301298,1.0084744099218854,1579.722235301298,1.0007516925153617,1579.722235301298,1.0092324725877575,1579.688901238087,1.0006186922428466
1579.7236242207928,0.9970096432737512,1579.7236242207928,1.0007293091802443,1579.7236242207928,0.9977367715593828,1579.6902901571157,1.011329549918076
1579.7250131398214,1.0045156177390715,1579.7250131398214,1.000851893622052,1579.7250131398214,1.0053713581870751,1579.69167907661,0.9999198304748198
1579.7264020593157,1.0136816947177558,1579.7264020593157,1.0008014186884904,1579.7264020593157,1.0144940781720833,1579.6930679961033,0.9993783555997244
1579.727790978345,0.9944375833155447,1579.727790978345,1.000843688496728,1579.727790978345,0.995276578865302,1579.6944569155976,1.0078918240953303
1579.729179897839,1.0150882905639675,1579.729179897839,1.000765211484252,1579.729179897839,1.0158650477814368,1579.695845834627,0.9928024864299932
1579.7305688168676,0.9959514189073746,1579.7305688168676,1.0008773028710733,1579.7305688168676,0.9968251699466316,1579.6972347541218,1.003540098031923
1579.7319577363628,1.0170622793258988,1579.7319577363628,1.0009067010891648,1579.7319577363628,1.017984450802312,1579.698623673616,1.0039263386288784
1579.733346655392,1.0130501774877037,1579.733346655392,1.0010191437360767,1579.733346655392,1.0140826212304217,1579.7000125926447,1.01096483546904
1579.734735574886,0.9943615817839944,1579.734735574886,1.00102038575617,1579.734735574886,0.9953762141785294,1579.7014015121397,0.9960049622076184
1579.7361244939148,1.0169428273173942,1579.7361244939148,1.0011284740942505,1579.7361244939148,1.0180904209533557,1579.702790431169,0.9937874614555102
1579.7375134129438,0.9975004196342503,1579.7375134129438,1.0010755464480685,1579.7375134129438,0.9985732776675348,1579.704179350663,0.99318313022849
1579.7389023324388,0.9882051183981957,1579.7389023324388,1.0009910033600653,1579.7389023324388,0.989184432990962,1579.705568270157,1.0172349103317546
1579.7402912514672,1.0024983353107062,1579.7402912514672,1.000983338028507,1579.7402912514672,1.003484130047332,1579.7069571891866,1.0083884015761937
1579.7416801709614,0.9975179136645187,1579.7416801709614,1.0010409112260503,1579.7416801709614,0.9985562412590384,1579.708346108681,0.9948906457847452
1579.743069089991,0.9916968760460195,1579.743069089991,1.0010393910855133,1579.743069089991,0.9927276369385132,1579.70973502771,1.0074623466926964
1579.74445800902,0.9780409083283156,1579.74445800902,1.0010529864601923,1579.74445800902,0.9790707721622994,1579.7111239472042,0.9862216354946006
1579.7458469285143,0.9961381884372351,1579.7458469285143,1.001021691728932,1579.7458469285143,0.9971559345852348,1579.712512866699,1.007674286994784
1579.747235847543,1.0038320676949632,1579.747235847543,1.0010359141671645,1579.747235847543,1.0048719515553426,1579.7139017857276,0.9926415938501147
1579.748624766572,0.992924472529381,1579.748624766572,1.001038982266829,1579.748624766572,0.9939561034486396,1579.7152907052218,1.0021754632603854
1579.7500136860665,1.0113529200980949,1579.7500136860665,1.0010387457900887,1579.7500136860665,1.0124034586861406,1579.716679624251,0.99562481043536
1579.7514026050949,1.0040875616045857,1579.7514026050949,1.0009014974657975,1579.7514026050949,1.004992743996811,1579.718068543746,0.9948521447316092
1579.752791524124,0.9976272137347213,1579.752791524124,1.0008272959911901,1579.752791524124,0.9984525467293462,1579.7194574627747,0.996215549437551
1579.7541804436191,1.0003766429175243,1579.7541804436191,1.000877785632962,1579.7541804436191,1.001254759162228,1579.7208463822687,0.9901366882716413
1579.7555693626475,1.001750343482363,1579.7555693626475,1.000805706385753,1579.7555693626475,1.002557460131037,1579.722235301298,1.0092324725877575
1579.756958281676,0.9980809208381498,1579.756958281676,1.0007938317507943,1579.756958281676,0.9988732291629732,1579.7236242207928,0.9977367715593828
1579.758347201171,1.0108230713276107,1579.758347201171,1.0006305332633325,1579.758347201171,1.0114604288974267,1579.7250131398214,1.0053713581870751
1579.7597361202002,0.9893122844150046,1579.7597361202002,1.000605092371773,1579.7597361202002,0.9899109097316056,1579.7264020593157,1.0144940781720833
1579.7611250392288,1.004206986169894,1579.7611250392288,1.0006040575113508,1579.7611250392288,1.0048135849428408,1579.727790978345,0.995276578865302
1579.7625139582574,1.002436191497333,1579.7625139582574,1.0005083005214837,1579.7625139582574,1.0029457303362252,1579.729179897839,1.0158650477814368
1579.763902877752,1.0082621192863614,1579.763902877752,1.000416885115857,1579.763902877752,1.0086824487567745,1579.7305688168676,0.9968251699466316
1579.7652917967807,1.0009726663831848,1579.7652917967807,1.000529251701339,1579.7652917967807,1.001502432869862,1579.7319577363628,1.017984450802312
1579.7666807158091,1.0037716428529402,1579.7666807158091,1.0006382260287614,1579.7666807158091,1.0044122760423415,1579.733346655392,1.0140826212304217
1579.7680696348389,0.9987693513556672,1579.7680696348389,1.0005935593444804,1579.7680696348389,0.999362180237145,1579.734735574886,0.9953762141785294
1579.7694585543336,1.0020258130401039,1579.7694585543336,1.000454523747164,1579.7694585543336,1.002481257567402,1579.7361244939148,1.0180904209533557
1579.7708474733622,0.994920011272144,1579.7708474733622,1.000437143455411,1579.7708474733622,0.995354934043729,1579.7375134129438,0.9985732776675348
1579.7722363923908,0.9850591954286125,1579.7722363923908,1.000425343392633,1579.7722363923908,0.9854781838487404,1579.7389023324388,0.989184432990962
1579.77362531142,1.0125672523235927,1579.77362531142,1.000364186439202,1579.77362531142,1.012936015585669,1579.7402912514672,1.003484130047332
1579.7750142304492,1.0165601511281257,1579.7750142304492,1.0003524875815901,1579.7750142304492,1.0169184759573378,1579.7416801709614,0.9985562412590384
1579.7764031494776,1.0138328236465863,1579.7764031494776,1.0003085700505083,1579.7764031494776,1.014145662092186,1579.743069089991,0.9927276369385132
1579.7777920689718,1.0040611259154069,1579.7777920689718,1.0002916605475047,1579.7777920689718,1.0043539709331195,1579.74445800902,0.9790707721622994
1579.7791809880014,1.000782203505925,1579.7791809880014,1.000294212024412,1579.7791809880014,1.001076645664014,1579.7458469285143,0.9971559345852348
1579.7805699070304,1.0017267511073504,1579.7805699070304,1.0003023657662784,1579.7805699070304,1.0020296389840506,1579.747235847543,1.0048719515553426
1579.781958826059,1.003424569908204,1579.781958826059,1.0004124067149773,1579.781958826059,1.0038383889388074,1579.748624766572,0.9939561034486396
1579.7833477450877,0.9951440382962621,1579.7833477450877,1.0005358364379637,1579.7833477450877,0.9956772727330035,1579.7500136860665,1.0124034586861406
1579.7847366641167,1.006194435379508,1579.7847366641167,1.0005976367448446,1579.7847366641167,1.006795774146549,1579.7514026050949,1.004992743996811
1579.7861255831451,0.9968869178669995,1579.7861255831451,1.0005851816998341,1579.7861255831451,0.9974702778481392,1579.752791524124,0.9984525467293462
1579.7875145026396,0.9898376396588078,1579.7875145026396,1.0005806066467233,1579.7875145026396,0.9904123459715706,1579.7541804436191,1.001254759162228
1579.7889034216687,1.018546551806898,1579.7889034216687,1.000535819961241,1579.7889034216687,1.0190923093808093,1579.7555693626475,1.002557460131037
1579.7902923406982,0.9764483908918179,1579.7902923406982,1.000492686645291,1579.7902923406982,0.9769294739738262,1579.756958281676,0.9988732291629732
1579.7916812597268,0.9892817545138793,1579.7916812597268,1.0005708801170448,1579.7916812597268,0.9898465157976865,1579.758347201171,1.0114604288974267
1579.7930701787552,1.0066347158933517,1579.7930701787552,1.0005025727156833,1579.7930701787552,1.0071406230362194,1579.7597361202002,0.9899109097316056
1579.7944590977845,0.9906873795748466,1579.7944590977845,1.0005141053920052,1579.7944590977845,0.9911966972984776,1579.7611250392288,1.0048135849428408
1579.7958480168136,1.0023801979048002,1579.7958480168136,1.00049436501248,1579.7958480168136,1.002875739603847,1579.7625139582574,1.0029457303362252
1579.7972369358422,1.0063992495282084,1579.7972369358422,1.0003838586665081,1579.7972369358422,1.006785564602107,1579.763902877752,1.0086824487567745
1579.7986258548708,1.007739613408409,1579.7986258548708,1.0005136874331697,1579.7986258548708,1.008257276583724,1579.7652917967807,1.001502432869862
1579.8000147739,0.9927953220735214,1579.8000147739,1.000370241043397,1579.8000147739,0.9931628956494456,1579.7666807158091,1.0044122760423415
1579.8014036929294,1.0088562929974514,1579.8014036929294,1.0003897641334372,1579.8014036929294,1.009249508996254,1579.7680696348389,0.999362180237145
1579.802792611958,0.9923811643274315,1579.802792611958,1.0003643165828024,1579.802792611958,0.9927427052420568,1579.7694585543336,1.002481257567402
1579.8041815309866,1.0021331563316658,1579.8041815309866,1.0003800103590703,1579.8041815309866,1.0025139773122396,1579.7708474733622,0.995354934043729
1579.8055704500157,0.9953504932374682,1579.8055704500157,1.0002888835691506,1579.8055704500157,0.9956380336405104,1579.7722363923908,0.9854781838487404
1579.8069593690443,0.998626959660562,1579.8069593690443,1.000234228948973,1579.8069593690443,0.9988608670037394,1579.77362531142,1.012936015585669
1579.808348288073,1.0019574256738137,1579.808348288073,1.0002052736194849,1579.808348288073,1.0021631011011516,1579.7750142304492,1.0169184759573378
1579.809737207102,1.0043211794687987,1579.809737207102,1.0001458806521362,1579.809737207102,1.004467690497414,1579.7764031494776,1.014145662092186
1579.8111261261313,1.0046343595721836,1579.8111261261313,1.000136279545758,1579.8111261261313,1.004771270686359,1579.7777920689718,1.0043539709331195
1579.8125150451597,1.0063248282899175,1579.8125150451597,1.0001646636100736,1579.8125150451597,1.0064905333690504,1579.7791809880014,1.001076645664014
1579.8139039641885,0.9955648894143279,1579.8139039641885,1.000203573002155,1579.8139039641885,0.995767559547706,1579.7805699070304,1.0020296389840506
1579.815292883217,0.9975535576243922,1579.815292883217,1.0001765113794558,1579.815292883217,0.9977296371789296,1579.781958826059,1.0038383889388074
1579.8166818022455,1.0099849194163657,1579.8166818022455,1.0001560589659497,1579.8166818022455,1.0101425366185146,1579.7833477450877,0.9956772727330035
1579.8180707208085,0.9998986030845224,1579.8180707208085,1.0002572415582756,1579.8180707208085,1.0001558185592974,1579.7847366641167,1.006795774146549
1579.819459639837,0.9950145160294555,1579.819459639837,1.000113606773713,1579.819459639837,0.9951275564184192,1579.7861255831451,0.9974702778481392
1579.820848558866,1.0037355270215782,1579.820848558866,1.0001192070115934,1579.820848558866,1.0038551793341846,1579.7875145026396,0.9904123459715706
1579.8222374778948,1.0150250007136978,1579.8222374778948,1.0000271197642203,1579.8222374778948,1.015052527952395,1579.7889034216687,1.0190923093808093
1579.8236263969234,1.0081875054584122,1579.8236263969234,0.9999630578823023,1579.8236263969234,1.0081502608769242,1579.7902923406982,0.9769294739738262
1579.8250153159524,1.0124739672744207,1579.8250153159524,0.9998267889486974,1579.8250153159524,1.0122985955941326,1579.7916812597268,0.9898465157976865
1579.826404234982,1.0085079185636359,1579.826404234982,0.9997854407991282,1579.826404234982,1.008291533910556,1579.7930701787552,1.0071406230362194
1579.8277931535447,0.9831068698147574,1579.8277931535447,0.9998234488216182,1579.8277931535447,0.9829333011384164,1579.7944590977845,0.9911966972984776
1579.829182072573,1.0040411741212323,1579.829182072573,0.9998366221222815,1579.829182072573,1.0038771360050625,1579.7958480168136,1.002875739603847
1579.8305709916026,1.00260430290511,1579.8305709916026,0.9997284548912856,1579.8305709916026,1.00233205061068,1579.7972369358422,1.006785564602107
1579.8319599106317,0.9994773504281905,1579.8319599106317,0.9997130857027615,1579.8319599106317,0.9991905860865866,1579.7986258548708,1.008257276583724
1579.8333488296605,1.0151246453907445,1579.8333488296605,0.999712419394433,1579.8333488296605,1.014832715230497,1579.8000147739,0.9931628956494456
1579.834737748689,1.021838199946817,1579.834737748689,0.9996128504171242,1579.834737748689,1.021442595713941,1579.8014036929294,1.009249508996254
1579.8361266672523,1.0013212325359648,1579.8361266672523,0.9996307418296263,1579.8361266672523,1.0009514864896822,1579.802792611958,0.9927427052420568
1579.8375155862818,1.0044437995602753,1579.8375155862818,0.9995252409672324,1579.8375155862818,1.0039669307935266,1579.8041815309866,1.0025139773122396
1579.8389045053104,0.9939919729552547,1579.8389045053104,0.9995477422569,1579.8389045053104,0.9935424323889064,1579.8055704500157,0.9956380336405104
1579.8402934243388,0.9964398102594247,1579.8402934243388,0.9995865592407186,1579.8402934243388,0.9960278414276929,1579.8069593690443,0.9988608670037394
1579.8416823429025,1.0000359464463366,1579.8416823429025,0.9996176500744798,1579.8416823429025,0.9996535827766954,1579.808348288073,1.0021631011011516
1579.843071261931,0.9991771912313405,1579.843071261931,0.9996756594889313,1579.843071261931,0.9988531175904884,1579.809737207102,1.004467690497414
1579.8444601809597,1.0073898299296646,1579.8444601809597,0.9996480999729409,1579.8444601809597,1.0070353294212533,1579.8111261261313,1.004771270686359
1579.8458490999888,1.0000662520195027,1579.8458490999888,0.9997992228578914,1579.8458490999888,0.999865461575503,1579.8125150451597,1.0064905333690504
1579.8472380185522,0.9977440840026068,1579.8472380185522,0.9997731010091719,1579.8472380185522,0.997517696876842,1579.8139039641885,0.995767559547706
1579.8486269375808,1.0130593453736023,1579.8486269375808,0.9998628396039885,1579.8486269375808,1.0129203937526077,1579.815292883217,0.9977296371789296
1579.8500158566094,0.9862058838158415,1579.8500158566094,0.9998876278545624,1579.8500158566094,0.986095061744834,1579.8166818022455,1.0101425366185146
1579.8514047751733,1.0043243383549942,1579.8514047751733,0.9997449910851449,1579.8514047751733,1.0040682266953078,1579.8180707208085,1.0001558185592974
1579.8527936942023,1.0014532797042852,1579.8527936942023,0.999861584808428,1579.8527936942023,1.0013146633567245,1579.819459639837,0.9951275564184192
1579.854182613231,1.0072323195481299,1579.854182613231,0.999813522526486,1579.854182613231,1.007044493409939,1579.820848558866,1.0038551793341846
1579.855571531794,0.9995835741381072,1579.855571531794,0.9997727301496959,1579.855571531794,0.9993563989288464,1579.8222374778948,1.015052527952395
1579.856960450823,1.0079201913273301,1579.856960450823,0.9997897110069459,1579.856960450823,1.007708236805217,1579.8236263969234,1.0081502608769242
1579.8583493698516,0.9881047360007542,1579.8583493698516,0.9997933579634302,1579.8583493698516,0.9879005520257628,1579.8250153159524,1.0122985955941326
1579.8597382884143,1.0187289790371794,1579.8597382884143,0.9998969135717349,1579.8597382884143,1.0186239619053603,1579.826404234982,1.008291533910556
1579.8611272074436,0.9968780356324071,1579.8611272074436,0.99980272375672,1579.8611272074436,0.9966813752785292,1579.8277931535447,0.9829333011384164
1579.8625161260074,1.0022371045174037,1579.8625161260074,0.9998655935279407,1579.8625161260074,1.0021023973640186,1579.829182072573,1.0038771360050625
1579.8639050450358,0.9870408398231533,1579.8639050450358,0.9999821987304667,1579.8639050450358,0.9870232692431232,1579.8305709916026,1.00233205061068
1579.8652939640642,1.0142297159135256,1579.8652939640642,0.9998642470446893,1579.8652939640642,1.0140920312322266,1579.8319599106317,0.9991905860865866
1579.866682882628,1.0026211121908875,1579.866682882628,0.9998034011307414,1579.866682882628,1.002423998013936,1579.8333488296605,1.014832715230497
1579.8680718016572,0.9968698136867128,1579.8680718016572,0.9999374475144106,1579.8680718016572,0.9968074570020576,1579.834737748689,1.021442595713941
1579.86946072022,0.9882372674277277,1579.86946072022,0.9999374687198817,1579.86946072022,0.9881754716863348,1579.8361266672523,1.0009514864896822
1579.8708496392487,0.9940862012453914,1579.8708496392487,1.000040815177355,1579.8708496392487,0.9941267750500014,1579.8375155862818,1.0039669307935266
1579.8722385582778,0.9952756898693854,1579.8722385582778,0.9999710461247013,1579.8722385582778,0.9952468727811732,1579.8389045053104,0.9935424323889064
1579.8736274768416,0.9901505845188449,1579.8736274768416,0.999950870502897,1579.8736274768416,0.9901019389185712,1579.8402934243388,0.9960278414276929
1579.8750163958705,0.9938588358648236,1579.8750163958705,0.999797672648175,1579.8750163958705,0.9936577510384752,1579.8416823429025,0.9996535827766954
1579.876405314433,0.9963860067218354,1579.876405314433,0.9997508406064328,1579.876405314433,0.9961377477886418,1579.843071261931,0.9988531175904884
1579.8777942334625,1.0035699380590963,1579.8777942334625,0.9997014723131062,1579.8777942334625,1.0032703446468514,1579.8444601809597,1.0070353294212533
1579.8791831520252,0.99373803035398,1579.8791831520252,0.9997333566226103,1579.8791831520252,0.9934730566893258,1579.8458490999888,0.999865461575503
1579.8805720710538,0.9916544583901753,1579.8805720710538,0.9996380540438552,1579.8805720710538,0.991295533069068,1579.8472380185522,0.997517696876842
1579.8819609896173,0.9898011281329072,1579.8819609896173,0.9996250013881037,1579.8819609896173,0.989429954083804,1579.8486269375808,1.0129203937526077
1579.8833499086463,0.9842765558036712,1579.8833499086463,0.9996246245686972,1579.8833499086463,0.9839070825670152,1579.8500158566094,0.986095061744834
1579.8847388272093,0.9963569834140901,1579.8847388272093,0.9997401481143708,1579.8847388272093,0.9960980781731902,1579.8514047751733,1.0040682266953078
1579.8861277457722,0.9966013569288215,1579.8861277457722,0.9996368214670757,1579.8861277457722,0.9962394127101016,1579.8527936942023,1.0013146633567245
1579.8875166648015,0.9830337405724767,1579.8875166648015,0.9996819160526833,1579.8875166648015,0.98272105331993,1579.854182613231,1.007044493409939
1579.8889055833652,1.0085276772500709,1579.8889055833652,0.999679318177573,1579.8889055833652,1.0082042607565622,1579.855571531794,0.9993563989288464
1579.8902945023938,1.0121559457407434,1579.8902945023938,0.9997053150154012,1579.8902945023938,1.0118576785814613,1579.856960450823,1.007708236805217
1579.8916834209567,0.9997320800165499,1579.8916834209567,0.9996819852895048,1579.8916834209567,0.9994141505085506,1579.8583493698516,0.9879005520257628
1579.8930723399858,0.9926874499468095,1579.8930723399858,0.9996311994530839,1579.8930723399858,0.9923213462723524,1579.8597382884143,1.0186239619053603
1579.8944612585487,1.00705968221821,1579.8944612585487,0.999674671248102,1579.8944612585487,1.0067320567487072,1579.8611272074436,0.9966813752785292
1579.8958501771117,1.0043751268811227,1579.8958501771117,0.9997219313723297,1579.8958501771117,1.0040958416679246,1579.8625161260074,1.0021023973640186
1579.8972390961408,1.00224972181803,1579.8972390961408,0.9997373941569964,1579.8972390961408,1.0019865251849318,1579.8639050450358,0.9870232692431232
1579.8986280147046,0.9874361823133845,1579.8986280147046,0.9996178966519229,1579.8986280147046,0.98705887964211,1579.8652939640642,1.0140920312322266
1579.900016933733,0.9921227172435427,1579.900016933733,0.9994900922716885,1579.900016933733,0.9916168262025868,1579.866682882628,1.002423998013936
1579.9014058522955,0.9998533905796543,1579.9014058522955,0.9994255530039006,1579.9014058522955,0.999279027802896,1579.8680718016572,0.9968074570020576
1579.9027947708596,1.00191403595663,1579.9027947708596,0.999427063372665,1579.9027947708596,1.0013400027079895,1579.86946072022,0.9881754716863348
1579.904183689889,0.9952550443432818,1579.904183689889,0.9994726370708295,1579.904183689889,0.9947301837278252,1579.8708496392487,0.9941267750500014
1579.9055726084516,1.0047878786312003,1579.9055726084516,0.9995256188020795,1579.9055726084516,1.0043112261536793,1579.8722385582778,0.9952468727811732
1579.9069615270146,1.0088894802132606,1579.9069615270146,0.9994609682951674,1579.9069615270146,1.0083456567967537,1579.8736274768416,0.9901019389185712
1579.9083504460436,1.007982905247031,1579.9083504460436,0.9994258427856422,1579.9083504460436,1.007404164590034,1579.8750163958705,0.9936577510384752
1579.9097393646075,0.9956317143010628,1579.9097393646075,0.9994170932505038,1579.9097393646075,0.9950513538547842,1579.876405314433,0.9961377477886418
1579.9111282831702,1.0006483510641297,1579.9111282831702,0.999368817807254,1579.9111282831702,1.0000167596437373,1579.8777942334625,1.0032703446468514
1579.912517201733,0.9833472761899882,1579.912517201733,0.9994778168703234,1579.912517201733,0.9828337888317484,1579.8791831520252,0.9934730566893258
1579.9139061207625,0.9984182457380821,1579.9139061207625,0.9994116952858597,1579.9139061207625,0.9978308715774308,1579.8805720710538,0.991295533069068
1579.9152950393254,1.0017702113323208,1579.9152950393254,0.9994914753474274,1579.9152950393254,1.0012607864836456,1579.8819609896173,0.989429954083804
1579.9166839578884,0.9983125851293074,1579.9166839578884,0.9996209107740601,1579.9166839578884,0.9979341355841648,1579.8833499086463,0.9839070825670152
1579.9180728764518,1.004771800682688,1579.9180728764518,0.9994836458043523,1579.9180728764518,1.004252982547737,1579.8847388272093,0.9960980781731902
1579.9194617954809,0.993319542751652,1579.9194617954809,0.9995537046538052,1579.9194617954809,0.9928762288624376,1579.8861277457722,0.9962394127101016
1579.9208507140438,0.9969830848868191,1579.9208507140438,0.9995818331748864,1579.9208507140438,0.99656617963552,1579.8875166648015,0.98272105331993
1579.9222396326068,1.0066041700232815,1579.9222396326068,0.999588453239035,1579.9222396326068,1.0061899053375345,1579.8889055833652,1.0082042607565622
1579.9236285511704,0.986195123984301,1579.9236285511704,0.99945225879102,1579.9236285511704,0.9856549442747996,1579.8902945023938,1.0118576785814613
1579.9250174701997,0.9958954610698626,1579.9250174701997,0.9995680368482008,1579.9250174701997,0.9954652709276364,1579.8916834209567,0.9994141505085506
1579.9264063887626,1.0007051411452044,1579.9264063887626,0.9995147984507905,1579.9264063887626,1.0002195974604189,1579.8930723399858,0.9923213462723524
1579.9277953073256,0.9957052263569105,1579.9277953073256,0.9996357812906715,1579.9277953073256,0.9953425718844952,1579.8944612585487,1.0067320567487072
1579.929184225889,0.9949556834179698,1579.929184225889,0.9996862595826698,1579.929184225889,0.9946435256066292,1579.8958501771117,1.0040958416679246
1579.9305731444524,0.9976223167170094,1579.9305731444524,0.9997808319669707,1579.9305731444524,0.9974036697961484,1579.8972390961408,1.0019865251849318
1579.9319620630154,0.989698666161843,1579.9319620630154,0.9997590655898154,1579.9319620630154,0.9894602136974509,1579.8986280147046,0.98705887964211
1579.9333509820435,1.002390379517087,1579.9333509820435,0.9997012922617534,1579.9333509820435,1.0020909577539814,1579.900016933733,0.9916168262025868
1579.9347399006062,0.9986216205122411,1579.9347399006062,0.9997291339525607,1579.9347399006062,0.9983511278210055,1579.9014058522955,0.999279027802896
1579.936128819169,0.9960697334156656,1579.936128819169,0.999624082321621,1579.936128819169,0.9956952931939764,1579.9027947708596,1.0013400027079895
1579.937517737732,1.004846134097348,1579.937517737732,0.9995551973198374,1579.937517737732,1.0043991758437505,1579.904183689889,0.9947301837278252
1579.9389066562958,1.0056634297378095,1579.9389066562958,0.9996693931630488,1579.9389066562958,1.0053309505322665,1579.9055726084516,1.0043112261536793
1579.9402955748592,0.9985354066244251,1579.9402955748592,0.9997501618086642,1579.9402955748592,0.9982859343444492,1579.9069615270146,1.0083456567967537
1579.941684493422,1.0115110176112516,1579.941684493422,0.9996149604121195,1579.941684493422,1.011121545825894,1579.9083504460436,1.007404164590034
1579.943073411985,0.9942810522494733,1579.943073411985,0.9995575713429028,1579.943073411985,0.9938411538187494,1579.9097393646075,0.9950513538547842
1579.9444623305485,0.9844452598753227,1579.9444623305485,0.9996600491980725,1579.9444623305485,0.9841105969197744,1579.9111282831702,1.0000167596437373
1579.9458512491124,0.9924116767530345,1579.9458512491124,0.9995509575931515,1579.9458512491124,0.9919660418251208,1579.912517201733,0.9828337888317484
1579.9472401681408,0.9957370500689452,1579.9472401681408,0.9995510225429272,1579.9472401681408,0.995289986580292,1579.9139061207625,0.9978308715774308
1579.9486290867037,0.9933286420985274,1579.9486290867037,0.9994395381598946,1579.9486290867037,0.9927719192999476,1579.9152950393254,1.0012607864836456
1579.950018005267,0.9888223041718595,1579.950018005267,0.999439899844314,1579.950018005267,0.988268464645347,1579.9166839578884,0.9979341355841648
1579.9514069238303,0.998646936263035,1579.9514069238303,0.9994368128120061,1579.9514069238303,0.9980845111032024,1579.9180728764518,1.004252982547737
1579.952795842393,0.9976204706089228,1579.952795842393,0.9995293006644675,1579.952795842393,0.9971508913162936,1579.9194617954809,0.9928762288624376
1579.9541847609569,0.9818954030949663,1579.9541847609569,0.9995212312108303,1579.9541847609569,0.9814253022217352,1579.9208507140438,0.99656617963552
1579.95557367952,1.0062546529093332,1579.95557367952,0.999522415876603,1579.95557367952,1.0057740816630094,1579.9222396326068,1.0061899053375345
1579.956962598083,0.9952238023727341,1579.956962598083,0.9995863279442536,1579.956962598083,0.9948121060964789,1579.9236285511704,0.9856549442747996
1579.958351516646,0.9978217738615901,1579.958351516646,0.9995864073248021,1579.958351516646,0.997409082084768,1579.9250174701997,0.9954652709276364
1579.9597404352094,0.9939529997427118,1579.9597404352094,0.9995287700354942,1579.9597404352094,0.9934846193059226,1579.9264063887626,1.0002195974604189
1579.9611293537732,0.9957937823325146,1579.9611293537732,0.9995318134572088,1579.9611293537732,0.9953275650842314,1579.9277953073256,0.9953425718844952
1579.9625182718703,0.9966655113267983,1579.9625182718703,0.9994788631830792,1579.9625182718703,0.9961461122346906,1579.929184225889,0.9946435256066292
1579.9639071904337,1.006527605985866,1579.9639071904337,0.999568127771217,1579.9639071904337,1.0060929146653372,1579.9305731444524,0.9974036697961484
1579.9652961089969,0.9999173312231723,1579.9652961089969,0.9996680784799918,1579.9652961089969,0.9995854371427102,1579.9319620630154,0.9894602136974509
1579.9666850275603,1.0017725913911866,1579.9666850275603,0.9996550499132315,1579.9666850275603,1.001427029848864,1579.9333509820435,1.0020909577539814
1579.9680739461232,0.9920444852680363,1579.9680739461232,0.9997263824970909,1579.9680739461232,0.9917730445332026,1579.9347399006062,0.9983511278210055
1579.9694628646862,1.0096048602957541,1579.9694628646862,0.9996892100120399,1579.9694628646862,1.0092910852133783,1579.936128819169,0.9956952931939764
1579.9708517832498,1.005085029988742,1579.9708517832498,0.9996643915206471,1579.9708517832498,1.004747714930207,1579.937517737732,1.0043991758437505
1579.9722407018126,1.0058849984477605,1579.9722407018126,0.9996502943886495,1579.9722407018126,1.00553323481943,1579.9389066562958,1.0053309505322665
1579.9736296203755,1.0107009663427937,1579.9736296203755,0.9996084365579274,1579.9736296203755,1.0103052127935064,1579.9402955748592,0.9982859343444492
1579.9750185389394,0.9924265353616423,1579.9750185389394,0.9996321118626025,1579.9750185389394,0.9920614334120442,1579.941684493422,1.011121545825894
1579.976407457037,1.0080833093939126,1579.976407457037,0.999561250871468,1579.976407457037,1.0076410137204284,1579.943073411985,0.9938411538187494
1579.9777963756,1.0022114554728683,1579.9777963756,0.9995654434845154,1579.9777963756,1.0017759379549993,1579.9444623305485,0.9841105969197744
1579.979185294163,0.9853584471878972,1579.979185294163,0.9995733683074453,1579.979185294163,0.9849380620458004,1579.9458512491124,0.9919660418251208
1579.9805742127264,1.0086523344161495,1579.9805742127264,0.9996536359619309,1579.9805742127264,1.0083029735205933,1579.9472401681408,0.995289986580292
1579.9819631312905,1.0117002715145256,1579.9819631312905,0.9996688251415793,1579.9819631312905,1.0113652218203426,1579.9486290867037,0.9927719192999476
1579.983352049853,1.0064821072856072,1579.983352049853,0.9997317396284332,1579.983352049853,1.0062121080215314,1579.950018005267,0.988268464645347
1579.98474096795,0.996118262060761,1579.98474096795,0.999731777772476,1579.98474096795,0.9958510810016338,1579.9514069238303,0.9980845111032024
1579.986129886514,1.00437807349863,1579.986129886514,0.9996880134099527,1579.986129886514,1.004064721008361,1579.952795842393,0.9971508913162936
1579.987518805077,1.003759744257364,1579.987518805077,0.9995916593865067,1579.987518805077,1.003349868387594,1579.9541847609569,0.9814253022217352
1579.9889077236396,0.9878363142772845,1579.9889077236396,0.9996130790558635,1579.9889077236396,0.987454099717912,1579.95557367952,1.0057740816630094
1579.9902966417376,0.9913719188315108,1579.9902966417376,0.9996072972791368,1579.9902966417376,0.9909826043815982,1579.956962598083,0.9948121060964789
1579.991685560301,1.015889265560699,1579.991685560301,0.9995078738744153,1579.991685560301,1.0153893199124155,1579.958351516646,0.997409082084768
1579.993074478864,0.997634849863077,1579.993074478864,0.9996067512477335,1579.993074478864,0.9972425312031508,1579.9597404352094,0.9934846193059226
1579.994463397427,1.0133787022265182,1579.994463397427,0.9996047312881883,1579.994463397427,1.0129781453323117,1579.9611293537732,0.9953275650842314
1579.9958523155246,0.998123454650767,1579.9958523155246,0.9996711894998621,1579.9958523155246,0.997795261178444,1579.9625182718703,0.9961461122346906
1579.9972412340885,0.9880513730831935,1579.9972412340885,0.9996583107647139,1579.9972412340885,0.9877137665651012,1579.9639071904337,1.0060929146653372
1579.9986301526517,0.9905479713594398,1579.9986301526517,0.9996778034139376,1579.9986301526517,0.9902288201847368,1579.9652961089969,0.9995854371427102
1580.0000190712142,1.0002040093624547,1580.0000190712142,0.9998033189009837,1580.0000190712142,1.0000072881386528,1579.9666850275603,1.001427029848864
1580.0014079893122,0.9928759189598199,1580.0014079893122,0.9998696090667274,1580.0014079893122,0.9927464569421228,1579.9680739461232,0.9917730445332026
1580.0027969078756,1.004807068693588,1580.0027969078756,0.9998685810996129,1580.0027969078756,1.0046750180535189,1579.9694628646862,1.0092910852133783
1580.0041858264383,0.9921204275760197,1580.0041858264383,0.9999378096584141,1580.0041858264383,0.9920587272677344,1579.9708517832498,1.004747714930207
1580.0055747445358,0.9975960994722438,1580.0055747445358,0.9999532822955249,1580.0055747445358,0.9975494940724832,1579.9722407018126,1.00553323481943
1580.0069636630994,1.0123686728428833,1580.0069636630994,0.999995661910454,1580.0069636630994,1.0123642810969269,1579.9736296203755,1.0103052127935064
1580.0083525816622,1.0038954153103623,1580.0083525816622,1.000014261877044,1580.0083525816622,1.0039097327433406,1579.9750185389394,0.9920614334120442
1580.0097414997597,0.9937448861846357,1580.0097414997597,0.9999737735612919,1580.0097414997597,0.9937188237952868,1579.976407457037,1.0076410137204284
1580.011130418323,1.0120983663165855,1580.011130418323,1.0000231883108097,1580.011130418323,1.0121218351680736,1579.9777963756,1.0017759379549993
1580.012519336421,1.0150877054803074,1580.012519336421,1.0001517174918273,1580.012519336421,1.0152417120409676,1579.979185294163,0.9849380620458004
1580.013908254984,1.004283859011569,1580.013908254984,1.000021799962246,1580.013908254984,1.0043057523617798,1579.9805742127264,1.0083029735205933
1580.015297173547,1.0018566258525787,1580.015297173547,1.0000071869457428,1580.015297173547,1.0018638261417907,1579.9819631312905,1.0113652218203426
1580.0166860916447,0.9924343796191555,1580.0166860916447,1.0000786523976248,1580.0166860916447,0.9925124369625978,1579.983352049853,1.0062121080215314
1580.0180750102083,1.0076641570680083,1580.0180750102083,1.0000799995562277,1580.0180750102083,1.0077447697534003,1579.98474096795,0.9958510810016338
1580.0194639283054,1.000309784956915,1580.0194639283054,1.0000643503108078,1580.0194639283054,1.000374155202481,1579.986129886514,1.004064721008361
1580.0208528468684,0.9923521772180972,1580.0208528468684,0.9999564120387384,1580.0208528468684,0.9923089226098388,1579.987518805077,1.003349868387594
1580.0222417649666,0.99584663089752,1580.0222417649666,0.9999113348993312,1580.0222417649666,0.9957583340557408,1579.9889077236396,0.987454099717912
1580.0236306835293,0.9918937261288464,1580.0236306835293,0.9999371137403346,1580.0236306835293,0.9918313496424246,1579.9902966417376,0.9909826043815982
1580.0250196016264,1.0004788634283024,1580.0250196016264,1.0000714644490087,1580.0250196016264,1.0005503620990222,1579.991685560301,1.0153893199124155
1580.0264085201902,1.0044509740752359,1580.0264085201902,1.0000977118516754,1580.0264085201902,1.0045491208398298,1579.993074478864,0.9972425312031508
1580.027797438288,1.0171069048878956,1580.027797438288,1.0001161170131168,1580.027797438288,1.0172250083037115,1579.994463397427,1.0129781453323117
1580.029186356851,1.0087088733011693,1580.029186356851,1.0002006204780247,1580.029186356851,1.0089112409575187,1579.9958523155246,0.997795261178444
1580.0305752749482,0.9971146026732027,1580.0305752749482,1.0001471115054226,1580.0305752749482,0.9972612897034808,1579.9972412340885,0.9877137665651012
1580.0319641935116,0.9892661442363451,1580.0319641935116,1.0001358075147235,1580.0319641935116,0.989400494012794,1579.9986301526517,0.9902288201847368
1580.0333531116098,1.0053441654287463,1580.0333531116098,1.0000923233665,1580.0333531116098,1.0054369821865898,1580.0000190712142,1.0000072881386528
1580.0347420301728,0.9892396072230234,1580.0347420301728,1.0001414360791334,1580.0347420301728,0.9893795213943926,1580.0014079893122,0.9927464569421228
1580.0361309482698,1.0039094650892324,1580.0361309482698,1.0002054389815318,1580.0361309482698,1.0041157072272904,1580.0027969078756,1.0046750180535189
1580.0375198668337,0.9979099402369732,1580.0375198668337,1.0002089574101376,1580.0375198668337,0.9981184609136357,1580.0041858264383,0.9920587272677344
1580.0389087849312,1.0187096605258534,1580.0389087849312,1.0001650979910321,1580.0389087849312,1.0188778474442513,1580.0055747445358,0.9975494940724832
1580.0402977034942,1.0059789490679936,1580.0402977034942,1.000132485503116,1580.0402977034942,1.006112226695185,1580.0069636630994,1.0123642810969269
1580.0416866215917,0.9890813048384115,1580.0416866215917,1.0002236564867082,1580.0416866215917,0.9893025192881204,1580.0083525816622,1.0039097327433406
1580.0430755396887,1.000316043362166,1580.0430755396887,1.00019003781851,1580.0430755396887,1.0005061412408671,1580.0097414997597,0.9937188237952868
1580.0444644582508,1.0052720899223555,1580.0444644582508,1.000214134513953,1580.0444644582508,1.0054873533727215,1580.011130418323,1.0121218351680736
1580.045853376348,1.0077787316169051,1580.045853376348,1.0002489845444422,1580.045853376348,1.0080296529452952,1580.012519336421,1.0152417120409676
1580.047242294912,0.9824746033961255,1580.047242294912,1.0001855539088484,1580.047242294912,0.98265690539913,1580.013908254984,1.0043057523617798
1580.0486312130097,1.0063733512266182,1580.0486312130097,1.0003134708565427,1580.0486312130097,1.0066888199430288,1580.015297173547,1.0018638261417907
1580.050020131107,1.0016137268307859,1580.050020131107,1.0003872417552793,1580.050020131107,1.0020015934884756,1580.0166860916447,0.9925124369625978
1580.05140904967,1.0062174565541675,1580.05140904967,1.0004456518445257,1580.05140904967,1.0066658792196748,1580.0180750102083,1.0077447697534003
1580.0527979677677,1.0124057110824096,1580.0527979677677,1.00043948581687,1580.0527979677677,1.0128506490333484,1580.0194639283054,1.000374155202481
1580.0541868858656,1.006043861397897,1580.0541868858656,1.000527252795383,1580.0541868858656,1.006574300836097,1580.0208528468684,0.9923089226098388
1580.0555758044284,0.9959315392069732,1580.0555758044284,1.0004825996537727,1580.0555758044284,0.9964121754229758,1580.0222417649666,0.9957583340557408
1580.0569647225257,0.9951122319831277,1580.0569647225257,1.0004796198401593,1580.0569647225257,0.995589507552772,1580.0236306835293,0.9918313496424246
1580.058353640624,1.0162937109649544,1580.058353640624,1.0004349517697664,1580.058353640624,1.016735749713141,1580.0250196016264,1.0005503620990222
1580.0597425587216,0.9911491045735579,1580.0597425587216,1.000482385224487,1580.0597425587216,0.9916272202568678,1580.0264085201902,1.0045491208398298
1580.0611314772846,0.9986210598413098,1580.0611314772846,1.0004471978480882,1580.0611314772846,0.9990676410303264,1580.027797438288,1.0172250083037115
1580.062520395382,1.009381802238041,1580.062520395382,1.0003566331478277,1580.062520395382,1.009741781247533,1580.029186356851,1.0089112409575187
1580.0639093134796,1.0070910270596745,1580.0639093134796,1.0003957592464345,1580.0639093134796,1.0074895926456346,1580.0305752749482,0.9972612897034808
1580.065298231577,0.9915347779584489,1580.065298231577,1.0004939347530923,1580.065298231577,0.9920245314441822,1580.0319641935116,0.989400494012794
1580.0666871501398,0.9925325923329497,1580.0666871501398,1.0004251666002453,1580.0666871501398,0.9929545840408645,1580.0333531116098,1.0054369821865898
1580.0680760682376,1.0067174025183894,1580.0680760682376,1.0004251617907682,1580.0680760682376,1.0071454202920416,1580.0347420301728,0.9893795213943926
1580.0694649863358,0.9838414593798794,1580.0694649863358,1.000516422414361,1580.0694649863358,0.9843495371616808,1580.0361309482698,1.0041157072272904
1580.070853904433,1.0109064364474767,1580.070853904433,1.0005847019133922,1580.070853904433,1.011497515375128,1580.0375198668337,0.9981184609136357
1580.0722428229958,0.9932490854888703,1580.0722428229958,1.000638632436061,1580.0722428229958,0.9938834065719514,1580.0389087849312,1.0188778474442513
1580.0736317410938,1.0121234129073708,1580.0736317410938,1.0007177959499358,1580.0736317410938,1.012849910993991,1580.0402977034942,1.006112226695185
1580.0750206591915,1.006809077975356,1580.0750206591915,1.0008669324157016,1580.0750206591915,1.0076819134014754,1580.0416866215917,0.9893025192881204
1580.0764095772888,1.001942453222227,1580.0764095772888,1.0009527159103304,1580.0764095772888,1.0028970197386473,1580.0430755396887,1.0005061412408671
1580.077798495386,1.00190438209955,1580.077798495386,1.0009855330288584,1580.077798495386,1.002891791959867,1580.0444644582508,1.0054873533727215
1580.079187413484,1.0013585308730915,1580.079187413484,1.0011099636741931,1580.079187413484,1.002470002467204,1580.045853376348,1.0080296529452952
1580.0805763320468,1.0055922216308122,1580.0805763320468,1.0010799802591301,1580.0805763320468,1.0066782413789084,1580.047242294912,0.98265690539913
1580.081965250144,1.0101392602025987,1580.081965250144,1.0011614159056306,1580.081965250144,1.0113124520063,1580.0486312130097,1.0066888199430288
1580.083354168242,0.9970100212252421,1580.083354168242,1.0011161436671314,1580.083354168242,0.9981228276464992,1580.050020131107,1.0020015934884756
1580.08474308634,1.0001598520277053,1580.08474308634,1.0011377160608632,1580.08474308634,1.0012977499547877,1580.05140904967,1.0066658792196748
1580.086132004437,0.9963338326683161,1580.086132004437,1.0012300730859733,1580.086132004437,0.997559396100526,1580.0527979677677,1.0128506490333484
1580.0875209225346,1.0033483469052475,1580.0875209225346,1.0012057162571304,1580.0875209225346,1.004558100318676,1580.0541868858656,1.006574300836097
1580.0889098406324,1.0162318046813807,1580.0889098406324,1.001098865635739,1580.0889098406324,1.01734850688949,1580.0555758044284,0.9964121754229758
1580.0902987587303,0.9968557062447342,1580.0902987587303,1.0011495128433934,1580.0902987587303,0.9980016046820724,1580.0569647225257,0.995589507552772
1580.0916876768274,1.0069261351748182,1580.0916876768274,1.0011793628243015,1580.0916876768274,1.008113666425461,1580.058353640624,1.016735749713141
1580.0930765949247,1.00091138184156,1580.0930765949247,1.001312395465644,1580.0930765949247,1.0022249734006003,1580.0597425587216,0.9916272202568678
1580.094465513023,0.9956176765381415,1580.094465513023,1.0012570385061432,1580.094465513023,0.9968692062949468,1580.0611314772846,0.9990676410303264
1580.0958544311206,0.9946377723779264,1580.0958544311206,1.0012071117560761,1580.0958544311206,0.9958384113260011,1580.062520395382,1.009741781247533
1580.097243349218,1.003029781978565,1580.097243349218,1.0010961349204468,1580.097243349218,1.0041292379488398,1580.0639093134796,1.0074895926456346
1580.0986322673152,0.9920561789426001,1580.0986322673152,1.0010546368290822,1580.0986322673152,0.9931024379254316,1580.065298231577,0.9920245314441822
1580.100021185413,0.9942265285386737,1580.100021185413,1.001181539056747,1580.100021185413,0.995401246013396,1580.0666871501398,0.9929545840408645
1580.1014101035105,1.0007282360068672,1580.1014101035105,1.0010728750259703,1580.1014101035105,1.0018018923390624,1580.0680760682376,1.0071454202920416
1580.1027990216076,1.007545132452512,1580.1027990216076,1.0010340610861999,1580.1027990216076,1.0085869956665712,1580.0694649863358,0.9843495371616808
1580.1041879397053,1.0148944752575344,1580.1041879397053,1.001163219181716,1580.1041879397053,1.0160750199785715,1580.070853904433,1.011497515375128
1580.1055768578035,1.011044902063145,1580.1055768578035,1.0010293387277067,1580.1055768578035,1.012085609736289,1580.0722428229958,0.9938834065719514
1580.1069657759006,0.9980200969608384,1580.1069657759006,1.0008754691448785,1580.1069657759006,0.9988938327616962,1580.0736317410938,1.012849910993991
1580.1083546939976,1.017730207675003,1580.1083546939976,1.0008709320310047,1580.1083546939976,1.0186165815117882,1580.0750206591915,1.0076819134014754
1580.1097436120958,0.9870948640935815,1580.1097436120958,1.0008598365353665,1580.1097436120958,0.9879436043216018,1580.0764095772888,1.0028970197386473
1580.1111325301936,0.9830777239918684,1580.1111325301936,1.0008366904172667,1580.1111325301936,0.9839002557029608,1580.077798495386,1.002891791959867
1580.1125214482909,0.9917703770602072,1580.1125214482909,1.0007679997973875,1580.1125214482909,0.9925320565088444,1580.079187413484,1.002470002467204
1580.1139103663882,1.0090641841160433,1580.1139103663882,1.000925919119871,1580.1139103663882,1.0099984959372932,1580.0805763320468,1.0066782413789084
1580.115299284486,0.9886873711802323,1580.115299284486,1.0009337193534438,1580.115299284486,0.9896105277132088,1580.081965250144,1.0113124520063
1580.1166882025832,1.0075609064945876,1580.1166882025832,1.0008914223887335,1580.1166882025832,1.0084590688446495,1580.083354168242,0.9981228276464992
1580.1180771206805,0.9828369830440532,1580.1180771206805,1.0010001769324584,1580.1180771206805,0.9838199939228608,1580.08474308634,1.0012977499547877
1580.1194660383128,1.0012021690374775,1580.1194660383128,1.0009769784887201,1580.1194660383128,1.0021803220194871,1580.086132004437,0.997559396100526
1580.1208549564108,0.9924391554872963,1580.1208549564108,1.0010582004603121,1580.1208549564108,0.9934893550584648,1580.0875209225346,1.004558100318676
1580.122243874508,0.992553317894512,1580.122243874508,1.0011958138880162,1580.122243874508,0.9937402269366468,1580.0889098406324,1.01734850688949
1580.1236327926051,1.0159747476178833,1580.1236327926051,1.0013343006873476,1580.1236327926051,1.0173303634219577,1580.0902987587303,0.9980016046820724
1580.125021710703,1.002825175916753,1580.125021710703,1.001369813779885,1580.125021710703,1.0041988596615394,1580.0916876768274,1.008113666425461
1580.1264106288008,1.0016937255445848,1580.1264106288008,1.00145127748354,1580.1264106288008,1.0031474610938709,1580.0930765949247,1.0022249734006003
1580.1277995464325,1.000290867470586,1580.1277995464325,1.0013940706635045,1580.1277995464325,1.0016853436238982,1580.094465513023,0.9968692062949468
1580.1291884645298,0.9924741754137562,1580.1291884645298,1.0013999629779085,1580.1291884645298,0.9938636025158656,1580.0958544311206,0.9958384113260011
1580.130577382628,0.994931635649561,1580.130577382628,1.001489441879695,1580.130577382628,0.9964135284951308,1580.097243349218,1.0041292379488398
1580.1319663007257,0.9914909317429843,1580.1319663007257,1.0014023964823455,1580.1319663007257,0.9928813951379382,1580.0986322673152,0.9931024379254316
1580.133355218823,0.9820200768893976,1580.133355218823,1.0014055518701455,1580.133355218823,0.98340035704499,1580.100021185413,0.995401246013396
1580.1347441364546,1.0005316634452444,1580.1347441364546,1.0014012239395382,1580.1347441364546,1.0019336323643298,1580.1014101035105,1.0018018923390624
1580.1361330545524,1.0056074562539192,1580.1361330545524,1.0012489068068127,1580.1361330545524,1.0068633662510162,1580.1027990216076,1.0085869956665712
1580.1375219726497,0.9900912381301917,1580.1375219726497,1.0011665902770355,1580.1375219726497,0.9912462689419724,1580.1041879397053,1.0160750199785715
1580.138910890747,1.0068298866280234,1580.138910890747,1.0011242497016815,1580.138910890747,1.007961814827709,1580.1055768578035,1.012085609736289
1580.140299808379,1.0074065227569078,1580.140299808379,1.0011500597979996,1580.140299808379,1.008565100498973,1580.1069657759006,0.9988938327616962
1580.1416887264772,0.9913364152797861,1580.1416887264772,1.0012289833405843,1580.1416887264772,0.9925547512190795,1580.1083546939976,1.0186165815117882
1580.1430776445743,1.0033371590271873,1580.1430776445743,1.001175687630893,1580.1430776445743,1.0045167701146709,1580.1097436120958,0.9879436043216018
1580.1444665622057,0.988596249755961,1580.1444665622057,1.0012531788738563,1580.1444665622057,0.9898351376909288,1580.1111325301936,0.9839002557029608
1580.145855480304,0.9954684681510827,1580.145855480304,1.001350768201841,1580.145855480304,0.9968131153037966,1580.1125214482909,0.9925320565088444
1580.1472443984017,0.9920555344491736,1580.1472443984017,1.0014414590275327,1580.1472443984017,0.9934855418551192,1580.1139103663882,1.0099984959372932
1580.1486333160326,1.008718093822165,1580.1486333160326,1.0014636528052758,1580.1486333160326,1.0101945068899203,1580.115299284486,0.9896105277132088
1580.1500222341292,1.000516489015161,1580.1500222341292,1.001401965978395,1580.1500222341292,1.0019191790935835,1580.1166882025832,1.0084590688446495
1580.151411152227,1.002212483891915,1580.151411152227,1.001337693210638,1580.151411152227,1.003553136727234,1580.1180771206805,0.9838199939228608
1580.1528000698586,1.0038731396963643,1580.1528000698586,1.001195726889503,1580.1528000698586,1.005073497803149,1580.1194660383128,1.0021803220194871
1580.154188987956,0.9967263201851998,1580.154188987956,1.0011943814966666,1580.154188987956,0.9979167916592696,1580.1208549564108,0.9934893550584648
1580.1555779060536,1.0053408982153387,1580.1555779060536,1.0011577206464837,1580.1555779060536,1.006504802129957,1580.122243874508,0.9937402269366468
1580.1569668236862,1.0003749250356528,1580.1569668236862,1.001256562624618,1580.1569668236862,1.0016319587770577,1580.1236327926051,1.0173303634219577
1580.1583557417837,0.9999461136906911,1580.1583557417837,1.0011740780588538,1580.1583557417837,1.0011201284828115,1580.125021710703,1.0041988596615394
1580.159744659415,1.00718526767714,1580.159744659415,1.0012810791498805,1580.159744659415,1.008475551723628,1580.1264106288008,1.0031474610938709
1580.1611335775128,0.9897610716432914,1580.1611335775128,1.0011687985324256,1580.1611335775128,0.99091790293128,1580.1277995464325,1.0016853436238982
1580.162522495145,0.9904266282528669,1580.162522495145,1.0011184912877211,1580.162522495145,0.9915344118076947,1580.1291884645298,0.9938636025158656
1580.1639114132422,0.9960842006316707,1580.1639114132422,1.0010108678523841,1580.1639114132422,0.997091110128357,1580.130577382628,0.9964135284951308
1580.1653003313395,1.0104695757888873,1580.1653003313395,1.0010203931698824,1580.1653003313395,1.0115006520423964,1580.1319663007257,0.9928813951379382
1580.1666892489718,0.998884078696609,1580.1666892489718,1.0010596905229554,1580.1666892489718,0.9999425866883348,1580.133355218823,0.98340035704499
1580.1680781670698,0.995344929071381,1580.1680781670698,1.0010016724624575,1580.1680781670698,0.9963419386774784,1580.1347441364546,1.0019336323643298
1580.1694670847014,1.0000378183620804,1580.1694670847014,1.0009199681737286,1580.1694670847014,1.0009578213274986,1580.1361330545524,1.0068633662510162
1580.1708560027987,0.9972743006157245,1580.1708560027987,1.000874713004744,1580.1708560027987,0.99814662941577,1580.1375219726497,0.9912462689419724
1580.1722449204308,1.006131807999821,1580.1722449204308,1.000894286130517,1580.1722449204308,1.0070315777211871,1580.138910890747,1.007961814827709
1580.173633838528,1.003562005008191,1580.173633838528,1.0007681342020927,1580.173633838528,1.0043328753081584,1580.140299808379,1.008565100498973
1580.1750227561597,1.006839690452101,1580.1750227561597,1.000819214348641,1580.1750227561597,1.0076645079733006,1580.1416887264772,0.9925547512190795
1580.1764116737918,0.9936322375254274,1580.1764116737918,1.0007960524057022,1580.1764116737918,0.9944232208584928,1580.1430776445743,1.0045167701146709
1580.17780059189,1.004385946834612,1580.17780059189,1.0006483588626915,1580.17780059189,1.005037149364805,1580.1444665622057,0.9898351376909288
1580.1791895095214,0.9899978110381801,1580.1791895095214,1.0005241486328298,1580.1791895095214,0.9905167170373402,1580.145855480304,0.9968131153037966
1580.1805784276185,0.9871453550247201,1580.1805784276185,1.0004972478491567,1580.1805784276185,0.9876362109293112,1580.1472443984017,0.9934855418551192
1580.181967345251,0.9965384747566547,1580.181967345251,1.000539989785952,1580.181967345251,0.9970765953543314,1580.1486333160326,1.0101945068899203
1580.1833562633487,1.0032250849591307,1580.1833562633487,1.0004410868292566,1580.1833562633487,1.003667594330886,1580.1500222341292,1.0019191790935835
1580.1847451809804,0.9893467634929395,1580.1847451809804,1.0004865461149297,1580.1847451809804,0.9898281263170352,1580.151411152227,1.003553136727234
1580.186134098612,0.9924454024507354,1580.186134098612,1.0005380939987605,1580.186134098612,0.9929794313658916,1580.1528000698586,1.005073497803149
1580.1875230167095,1.0148143402901577,1580.1875230167095,1.0003959210768647,1580.1875230167095,1.0152161266765831,1580.154188987956,0.9979167916592696
1580.1889119343414,1.014621285950711,1580.1889119343414,1.0002647562530882,1580.1889119343414,1.014889913280683,1580.1555779060536,1.006504802129957
1580.190300852439,1.0006447247930028,1580.190300852439,1.0002958079080273,1580.190300852439,1.0009407234157224,1580.1569668236862,1.0016319587770577
1580.1916897700708,0.993532643265347,1580.1916897700708,1.0003097759455932,1580.1916897700708,0.9938404157793922,1580.1583557417837,1.0011201284828115
1580.1930786877033,1.0021756650276576,1580.1930786877033,1.0002042827101734,1580.1930786877033,1.0023803921885792,1580.159744659415,1.008475551723628
1580.1944676058006,1.0010761161466284,1580.1944676058006,1.0002340516170671,1580.1944676058006,1.00131041963042,1580.1611335775128,0.99091790293128
1580.195856523432,1.0016021714114343,1580.195856523432,1.000113557404083,1580.195856523432,1.0017159107539435,1580.162522495145,0.9915344118076947
1580.1972454410643,1.0025887401710265,1580.1972454410643,1.0000900787536278,1580.1972454410643,1.0026790521151423,1580.1639114132422,0.997091110128357
1580.1986343586964,1.0107588829542553,1580.1986343586964,1.0000728140587836,1580.1986343586964,1.0108324804109747,1580.1653003313395,1.0115006520423964
1580.2000232767937,1.0085520961468686,1580.2000232767937,0.9999571567539541,1580.2000232767937,1.0085088865012632,1580.1666892489718,0.9999425866883348
1580.2014121944253,1.0008754395647506,1580.2014121944253,0.9999818397984827,1580.2014121944253,1.0008572634650743,1580.1680781670698,0.9963419386774784
1580.2028011120576,1.0098027827708096,1580.2028011120576,0.9999707746457648,1580.2028011120576,1.0097732709267755,1580.1694670847014,1.0009578213274986
1580.2041900301556,1.0022249566499857,1580.2041900301556,1.0000007531143251,1580.2041900301556,1.0022257114399575,1580.1708560027987,0.99814662941577
1580.2055789477872,1.004432218130759,1580.2055789477872,0.9999647767056838,1580.2055789477872,1.0043968387191191,1580.1722449204308,1.0070315777211871
1580.2069678654188,0.9881128982414338,1580.2069678654188,0.9999601892761971,1580.2069678654188,0.9880735607517558,1580.173633838528,1.0043328753081584
1580.208356783051,0.9964781043733016,1580.208356783051,1.000025863528459,1580.208356783051,0.9965038768131128,1580.1750227561597,1.0076645079733006
1580.2097457006826,1.0062496192105332,1580.2097457006826,0.9999995168052033,1580.2097457006826,1.006249132995953,1580.1764116737918,0.9944232208584928
1580.21113461878,0.9836071567199125,1580.21113461878,0.9999608312107039,1580.21113461878,0.9835686300184407,1580.17780059189,1.005037149364805
1580.212523536412,0.9932740324595416,1580.212523536412,0.9999852627133515,1580.212523536412,0.9932593942954048,1580.1791895095214,0.9905167170373402
1580.2139124540442,1.0052398051177538,1580.2139124540442,0.9999554565651386,1580.2139124540442,1.0051950282839746,1580.1805784276185,0.9876362109293112
1580.2153013716757,1.00529676444271,1580.2153013716757,0.9999625486298704,1580.2153013716757,1.0052591147014949,1580.181967345251,0.9970765953543314
1580.2166902893073,1.019924345244143,1580.2166902893073,0.9999435383960212,1580.2166902893073,1.0198667586796737,1580.1833562633487,1.003667594330886
1580.2180792074057,1.0020079466340506,1580.2180792074057,0.9998607718164852,1580.2180792074057,1.0018684388877734,1580.1847451809804,0.9898281263170352
1580.2194681250376,0.9993034890200168,1580.2194681250376,0.9998579685920833,1580.2194681250376,0.9991615565385352,1580.186134098612,0.9929794313658916
1580.2208570426692,0.9847729690101583,1580.2208570426692,0.9998285815354994,1580.2208570426692,0.9846041607399288,1580.1875230167095,1.0152161266765831
1580.2222459603008,1.0044774335390616,1580.2222459603008,0.9997112180113223,1580.2222459603008,1.0041873585482224,1580.1889119343414,1.014889913280683
1580.223634877933,1.0076086642971245,1580.223634877933,0.9997600549665777,1580.223634877933,1.007366893602493,1580.190300852439,1.0009407234157224
1580.2250237955654,0.9956604419217328,1580.2250237955654,0.9997234903024715,1580.2250237955654,0.995385132154096,1580.1916897700708,0.9938404157793922
1580.2264127131969,0.9977418539007487,1580.2264127131969,0.9997641783627447,1580.2264127131969,0.9975065647832037,1580.1930786877033,1.0023803921885792
1580.2278016308285,1.0082159992006428,1580.2278016308285,0.9997156168835254,1580.2278016308285,1.0079292795927106,1580.1944676058006,1.00131041963042
1580.2291905484608,0.9861706853513612,1580.2291905484608,0.9996889453961066,1580.2291905484608,0.985863932419458,1580.195856523432,1.0017159107539435
1580.2305794660924,0.9887910216796941,1580.2305794660924,0.9995851595198442,1580.2305794660924,0.9883808311374868,1580.1972454410643,1.0026790521151423
1580.2319683841897,1.006064187691608,1580.2319683841897,0.9995648633470086,1580.2319683841897,1.0056264122882814,1580.1986343586964,1.0108324804109747
1580.2333573018218,0.9947841248121333,1580.2333573018218,0.9995640020522342,1580.2333573018218,0.9943504009752452,1580.2000232767937,1.0085088865012632
1580.234746219454,1.0019414798984512,1580.234746219454,0.9996181543279363,1580.234746219454,1.0015588928806909,1580.2014121944253,1.0008572634650743
1580.2361351370855,0.9959919764462175,1580.2361351370855,0.9996174625320121,1580.2361351370855,0.9956109721974116,1580.2028011120576,1.0097732709267755
1580.2375240547171,1.0135622753088949,1580.2375240547171,0.9996546354355267,1580.2375240547171,1.0132122268151162,1580.2041900301556,1.0022257114399575
1580.2389129723492,0.9930409412399692,1580.2389129723492,0.9996486401658252,1580.2389129723492,0.9926920265395264,1580.2055789477872,1.0043968387191191
1580.2403018899818,1.005240327167309,1580.2403018899818,0.9996736805601886,1580.2403018899818,1.0049122977068718,1580.2069678654188,0.9880735607517558
1580.2416908076134,1.0126956248445325,1580.2416908076134,0.9996826487560543,1580.2416908076134,1.0123742446282498,1580.208356783051,0.9965038768131128
1580.243079725245,1.0075738618878958,1580.243079725245,0.9996992414949755,1580.243079725245,1.0072708254794926,1580.2097457006826,1.006249132995953
1580.244468642877,1.0074642140746144,1580.244468642877,0.9997258741245256,1580.244468642877,1.0071880420649222,1580.21113461878,0.9835686300184407
1580.2458575605087,1.0090463269271472,1580.2458575605087,0.9998305901551071,1580.2458575605087,1.0088753845454128,1580.212523536412,0.9932593942954048
1580.2472464776747,1.0095342792955904,1580.2472464776747,0.9999556993761267,1580.2472464776747,1.0094895562971962,1580.2139124540442,1.0051950282839746
1580.2486353953068,1.0038567202324213,1580.2486353953068,0.999964400575233,1580.2486353953068,1.0038209835106324,1580.2153013716757,1.0052591147014949
1580.2500243129384,1.0016387155488449,1580.2500243129384,0.999852703597724,1580.2500243129384,1.0014911777696642,1580.2166902893073,1.0198667586796737
1580.2514132305691,0.9989523194470252,1580.2514132305691,0.9998792685140733,1580.2514132305691,0.9988317144491284,1580.2180792074057,1.0018684388877734
1580.2528021482008,0.9933966849568411,1580.2528021482008,0.9999115740712333,1580.2528021482008,0.99330884293234,1580.2194681250376,0.9991615565385352
1580.2541910658333,1.0099843243700333,1580.2541910658333,0.9998919364330265,1580.2541910658333,1.0098751818613545,1580.2208570426692,0.9846041607399288
1580.2555799834654,0.9990273265214168,1580.2555799834654,0.999882628942424,1580.2555799834654,0.9989100696275556,1580.2222459603008,1.0041873585482224
1580.256968901097,1.004282932422135,1580.256968901097,0.9999875702926537,1580.256968901097,1.004270449479192,1580.223634877933,1.007366893602493
1580.2583578187289,0.9928285790024362,1580.2583578187289,1.0000704190519458,1580.2583578187289,0.9928984930497142,1580.2250237955654,0.995385132154096
1580.259746735895,0.9884538050720798,1580.259746735895,1.0000830967887073,1580.259746735895,0.9885359424090668,1580.2264127131969,0.9975065647832037
1580.2611356535274,1.000611188637035,1580.2611356535274,0.9999980333027498,1580.2611356535274,1.000609220737762,1580.2278016308285,1.0079292795927106
1580.2625245711588,0.9999313821302818,1580.2625245711588,1.0001387718825268,1580.2625245711588,1.0000701444905775,1580.2291905484608,0.985863932419458
1580.2639134887904,1.0046874206849286,1580.2639134887904,1.0001471849976686,1580.2639134887904,1.0048352956005997,1580.2305794660924,0.9883808311374868
1580.265302406423,1.00181710411966,1580.265302406423,1.0001463374381154,1580.265302406423,1.0019637074681371,1580.2319683841897,1.0056264122882814
1580.2666913240544,1.0002938541956283,1580.2666913240544,1.000276292273116,1580.2666913240544,1.000570227658388,1580.2333573018218,0.9943504009752452
1580.26808024122,1.0130623515398938,1580.26808024122,1.0002651135981615,1580.26808024122,1.0133309281450724,1580.234746219454,1.0015588928806909
1580.2694691588526,1.0019179406321879,1580.2694691588526,1.0003442585213447,1580.2694691588526,1.0022628594209386,1580.2361351370855,0.9956109721974116
1580.2708580764847,1.004890823107539,1580.2708580764847,1.000349117192071,1580.2708580764847,1.0052416477700403,1580.2375240547171,1.0132122268151162
1580.2722469941164,0.9954111946588994,1580.2722469941164,1.0004061396394945,1580.2722469941164,0.995815470602647,1580.2389129723492,0.9926920265395264
1580.2736359112823,0.9921873416627165,1580.2736359112823,1.0003283990084901,1580.2736359112823,0.992513175001955,1580.2403018899818,1.0049122977068718
1580.2750248289144,0.9978371863236533,1580.2750248289144,1.0003080181665078,1580.2750248289144,0.998144538304258,1580.2416908076134,1.0123742446282498
1580.276413746547,0.9837201770535268,1580.276413746547,1.0003382987366385,1580.276413746547,0.9840529683466298,1580.243079725245,1.0072708254794926
1580.2778026641786,1.0083893818247056,1580.2778026641786,1.000280992064149,1580.2778026641786,1.0086727312385706,1580.244468642877,1.0071880420649222
1580.2791915813443,0.9944994781609627,1580.2791915813443,1.0002895578395483,1580.2791915813443,0.994787443281291,1580.2458575605087,1.0088753845454128
1580.2805804989766,1.0015287988180614,1580.2805804989766,1.0001692018190473,1580.2805804989766,1.0016982593126498,1580.2472464776747,1.0094895562971962
1580.2819694166085,0.9971248486575319,1580.2819694166085,1.0000768192216207,1580.2819694166085,0.9972014470122644,1580.2486353953068,1.0038209835106324
1580.2833583337742,1.0022826086368728,1580.2833583337742,1.0000018342483938,1580.2833583337742,1.002284447072138,1580.2500243129384,1.0014911777696642
1580.2847472514063,0.9836438857790973,1580.2847472514063,0.9999948350022682,1580.2847472514063,0.9836388052606584,1580.2514132305691,0.9988317144491284
1580.2861361690384,0.9923008431313474,1580.2861361690384,1.0001145626456367,1580.2861361690384,0.992414523741204,1580.2528021482008,0.99330884293234
1580.2875250862044,0.995562869985051,1580.2875250862044,1.0002611397220673,1580.2875250862044,0.9958228509962194,1580.2541910658333,1.0098751818613545
1580.288914003836,1.007541695765208,1580.288914003836,1.0001897116047114,1580.288914003836,1.007732838117125,1580.2555799834654,0.9989100696275556
1580.2903029210029,0.9965939392072893,1580.2903029210029,1.000151238072191,1580.2903029210029,0.9967446621534124,1580.256968901097,1.004270449479192
1580.291691838635,0.9824122255598421,1580.291691838635,1.0001479542280498,1580.291691838635,0.9825575776023014,1580.2583578187289,0.9928984930497142
1580.2930807562666,0.9957721885203732,1580.2930807562666,1.0001309860138812,1580.2930807562666,0.9959026207500812,1580.259746735895,0.9885359424090668
1580.2944696734326,1.0015638922256875,1580.2944696734326,1.0000659338297337,1580.2944696734326,1.001629929168825,1580.2611356535274,1.000609220737762
1580.2958585910646,0.9958445743057818,1580.2958585910646,1.0000470483533173,1580.2958585910646,0.9958914271531628,1580.2625245711588,1.0000701444905775
1580.2972475082313,0.9879063590174856,1580.2972475082313,1.0000441758925975,1580.2972475082313,0.987950000662698,1580.2639134887904,1.0048352956005997
1580.2986364258627,1.0087797955961157,1580.2986364258627,1.0000265947857316,1580.2986364258627,1.00880662387863,1580.265302406423,1.0019637074681371
1580.3000253434943,1.0038328229629894,1580.3000253434943,0.9999010820189195,1580.3000253434943,1.0037335258467994,1580.2666913240544,1.000570227658388
1580.3014142606612,0.9850020376387557,1580.3014142606612,0.9999986763977943,1580.3014142606612,0.985000733887886,1580.26808024122,1.0133309281450724
1580.3028031782926,0.9914242139157963,1580.3028031782926,1.0000087928861892,1580.3028031782926,0.9914329313960744,1580.2694691588526,1.0022628594209386
1580.3041920954583,0.9926337768991303,1580.3041920954583,1.0000935652091112,1580.3041920954583,0.9927266528860368,1580.2708580764847,1.0052416477700403
1580.305581013091,1.0002497541291617,1580.305581013091,1.00013525337375,1580.305581013091,1.0003850412830002,1580.2722469941164,0.995815470602647
1580.3069699302573,0.9974366226582057,1580.3069699302573,1.0001931979105654,1580.3069699302573,0.9976293253296246,1580.2736359112823,0.992513175001955
1580.308358847889,0.9977136148329732,1580.308358847889,1.0001807724248926,1580.308358847889,0.9978939739424748,1580.2750248289144,0.998144538304258
1580.309747765055,1.0035861890292577,1580.309747765055,1.0003276579527873,1580.309747765055,1.0039150220254007,1580.276413746547,0.9840529683466298
1580.311136682687,0.9824727454646118,1580.311136682687,1.0003994732117618,1580.311136682687,0.982865217007711,1580.2778026641786,1.0086727312385706
1580.312525599854,0.9839680268665392,1580.312525599854,1.0003847260554983,1580.312525599854,0.984346585004252,1580.2791915813443,0.994787443281291
1580.3139145170198,0.9957102218815087,1580.3139145170198,1.0003314033522668,1580.3139145170198,0.9960402035869266,1580.2805804989766,1.0016982593126498
1580.3153034346512,0.9946682810508929,1580.3153034346512,1.0003760367439987,1580.3153034346512,0.995042312872658,1580.2819694166085,0.9972014470122644
1580.316692351818,0.9925656839793093,1580.316692351818,1.0004532191864661,1580.316692351818,0.9930155337911166,1580.2833583337742,1.002284447072138
1580.31808126945,0.9949513082652486,1580.31808126945,1.0004940080596796,1580.31808126945,0.9954428222305204,1580.2847472514063,0.9836388052606584
1580.319470186616,0.9942600633122148,1580.319470186616,1.0004206878725177,1580.319470186616,0.994678336462979,1580.2861361690384,0.992414523741204
1580.320859103782,0.9866386833455809,1580.320859103782,1.0004700830503759,1580.320859103782,0.9871024854674668,1580.2875250862044,0.9958228509962194
1580.322248021414,1.005017538489471,1580.322248021414,1.0003797751469228,1580.322248021414,1.005399219172811,1580.288914003836,1.007732838117125
1580.32363693858,0.9932893068033617,1580.32363693858,1.000339850219223,1580.32363693858,0.9936268763920306,1580.2903029210029,0.9967446621534124
1580.3250258562116,1.0077372595865388,1580.3250258562116,1.000320236721043,1580.3250258562116,1.0080599740622218,1580.291691838635,0.9825575776023014
1580.3264147733785,1.0013020732759539,1580.3264147733785,1.0003389771363977,1580.3264147733785,1.0016414917854222,1580.2930807562666,0.9959026207500812
1580.327803690545,1.0077563738092288,1580.327803690545,1.0002709927055036,1580.327803690545,1.0080294684354558,1580.2944696734326,1.001629929168825
1580.3291926081763,1.0017782428978939,1580.3291926081763,1.0002387938033774,1580.3291926081763,1.0020174613346562,1580.2958585910646,0.9958914271531628
1580.3305815253425,1.0064011572005995,1580.3305815253425,1.0002015595055462,1580.3305815253425,1.006604006920226,1580.2972475082313,0.987950000662698
1580.331970442509,1.0084317388402346,1580.331970442509,1.0003156406217173,1580.331970442509,1.0087500408612415,1580.2986364258627,1.00880662387863
1580.3333593596756,0.9979176602000669,1580.3333593596756,1.00037015198563,1580.3333593596756,0.9982870414034852,1580.3000253434943,1.0037335258467994
1580.334748277307,0.9921906978744663,1580.334748277307,1.0003358010701797,1580.334748277307,0.992523876572635,1580.3014142606612,0.985000733887886
1580.336137194473,1.0102490833427586,1580.336137194473,1.000472644250141,1580.336137194473,1.0107265717632108,1580.3028031782926,0.9914329313960744
1580.3375261116398,1.0026390363752702,1580.3375261116398,1.0005272064772943,1580.3375261116398,1.0031676341696354,1580.3041920954583,0.9927266528860368
1580.3389150292712,0.9983960534053613,1580.3389150292712,1.0004179419196346,1580.3389150292712,0.9988133249684772,1580.305581013091,1.0003850412830002
1580.340303946437,1.0044625760532033,1580.340303946437,1.0003673286154475,1580.340303946437,1.0048315439005338,1580.3069699302573,0.9976293253296246
1580.3416928636038,0.9926221254369262,1580.3416928636038,1.0003139250920476,1580.3416928636038,0.9929337344290224,1580.308358847889,0.9978939739424748
1580.3430817807705,0.9962895726738812,1580.3430817807705,1.0002383136177848,1580.3430817807705,0.9965270020463064,1580.309747765055,1.0039150220254007
1580.3444706979362,0.9918347752491243,1580.3444706979362,1.0001626079066281,1580.3444706979362,0.9919960554256486,1580.311136682687,0.982865217007711
1580.345859615568,0.9871680852151417,1580.345859615568,1.000263876684799,1580.345859615568,0.9874285758568077,1580.312525599854,0.984346585004252
1580.3472485327338,0.9980046230183834,1580.3472485327338,1.0001437077239057,1580.3472485327338,0.9981480439912048,1580.3139145170198,0.9960402035869266
1580.3486374498998,0.9913219987127949,1580.3486374498998,1.0000290161032883,1580.3486374498998,0.9913507630143016,1580.3153034346512,0.995042312872658
1580.3500263670655,1.0080351720443306,1580.3500263670655,1.0000426031616896,1580.3500263670655,1.008078117529754,1580.316692351818,0.9930155337911166
1580.3514152842313,1.0011739378113333,1580.3514152842313,0.9999885798378,1580.3514152842313,1.0011625042425731,1580.31808126945,0.9954428222305204
1580.3528042013982,1.003881575785303,1580.3528042013982,0.9998536865505545,1580.3528042013982,1.003734694409115,1580.319470186616,0.994678336462979
1580.3541931190302,0.9957815801595127,1580.3541931190302,0.9999507763760926,1580.3541931190302,0.995732564181517,1580.320859103782,0.9871024854674668
1580.3555820361962,0.9964878258560744,1580.3555820361962,1.0000343149446318,1580.3555820361962,0.996522020280645,1580.322248021414,1.005399219172811
1580.3569709533622,1.0069590278245768,1580.3569709533622,0.9999250942764979,1580.3569709533622,1.0068836008300606,1580.32363693858,0.9936268763920306
1580.3583598705286,0.9745943983313816,1580.3583598705286,1.000038222677065,1580.3583598705286,0.9746316499383384,1580.3250258562116,1.0080599740622218
1580.3597487876946,0.9841556398757723,1580.3597487876946,1.000033473570049,1580.3597487876946,0.9841885830785226,1580.3264147733785,1.0016414917854222
1580.3611377048603,0.9968506713180764,1580.3611377048603,1.0000828824183683,1580.3611377048603,0.9969332927124672,1580.327803690545,1.0080294684354558
1580.3625266220272,1.005842669398384,1580.3625266220272,1.000073669447466,1580.3625266220272,1.005916769272076,1580.3291926081763,1.0020174613346562
1580.3639155391938,0.9941238863167218,1580.3639155391938,1.0001927750671034,1580.3639155391938,0.9943155286156156,1580.3305815253425,1.006604006920226
1580.3653044563598,1.012665240506442,1580.3653044563598,1.0001591604295574,1580.3653044563598,1.012826416741119,1580.331970442509,1.0087500408612415
1580.3666933735258,0.9930466039256974,1580.3666933735258,1.0000768489531064,1580.3666933735258,0.993122918517595,1580.3333593596756,0.9982870414034852
1580.3680822906922,1.007546009901032,1580.3680822906922,1.0000328833816245,1580.3680822906922,1.0075791414209798,1580.334748277307,0.992523876572635
1580.3694712078586,1.006560017811253,1580.3694712078586,0.9999230861906663,1580.3694712078586,1.00648259944596,1580.336137194473,1.0107265717632108
1580.3708601250246,1.007822034650502,1580.3708601250246,0.9999273624924642,1580.3708601250246,1.0077488289698653,1580.3375261116398,1.0031676341696354
1580.3722490421906,1.0107458053348104,1580.3722490421906,0.9999295531649703,1580.3722490421906,1.010674601491805,1580.3389150292712,0.9988133249684772
1580.3736379593574,0.993055157791975,1580.3736379593574,0.9999000854301224,1580.3736379593574,0.9929559371130194,1580.340303946437,1.0048315439005338
1580.3750268765232,1.0078681036068773,1580.3750268765232,0.9998804360390253,1580.3750268765232,1.00774759890427,1580.3416928636038,0.9929337344290224
1580.376415793689,1.0060600918828235,1580.376415793689,0.999813158286093,1580.376415793689,1.0058721178909626,1580.3430817807705,0.9965270020463064
1580.3778047108558,0.990087446255601,1580.3778047108558,0.9999362435345099,1580.3778047108558,0.9900243217795016,1580.3444706979362,0.9919960554256486
1580.3791936280222,0.9953479042374795,1580.3791936280222,0.999861174734282,1580.3791936280222,0.995209724800192,1580.345859615568,0.9874285758568077
1580.3805825451882,1.0082835244206299,1580.3805825451882,0.9998833247714608,1580.3805825451882,1.0081658827099858,1580.3472485327338,0.9981480439912048
1580.3819714623542,0.9987708882903692,1580.3819714623542,0.999870806741162,1580.3819714623542,0.9986418538244785,1580.3486374498998,0.9913507630143016
1580.3833603795206,1.0034523178010049,1580.3833603795206,1.0000019763327102,1580.3833603795206,1.0034543009566437,1580.3500263670655,1.008078117529754
1580.3847492966877,0.9971334577180869,1580.3847492966877,1.000137636528126,1580.3847492966877,0.9972706997052856,1580.3514152842313,1.0011625042425731
1580.3861382138532,1.0077607819078738,1580.3861382138532,1.000187278833697,1580.3861382138532,1.007949514171755,1580.3528042013982,1.003734694409115
1580.387527131019,1.0097955013839701,1580.387527131019,1.0001499247138539,1580.387527131019,1.009946894685566,1580.3541931190302,0.995732564181517
1580.3889160477202,1.0082347662785696,1580.3889160477202,1.0001490254276704,1580.3889160477202,1.0083850188958063,1580.3555820361962,0.996522020280645
1580.3903049648866,1.010285216657972,1580.3903049648866,1.0000435955284688,1580.3903049648866,1.0103292605758964,1580.3569709533622,1.0068836008300606
1580.3916938820526,1.0030547671991557,1580.3916938820526,1.0000773278692534,1580.3916938820526,1.0031323312870477,1580.3583598705286,0.9746316499383384
1580.3930827992183,1.0000598974903656,1580.3930827992183,1.0000560635855726,1580.3930827992183,1.0001159644340063,1580.3597487876946,0.9841885830785226
1580.394471716385,0.9973159498116215,1580.394471716385,1.0000875860502025,1580.394471716385,0.9974033007764695,1580.3611377048603,0.9969332927124672
1580.395860633551,0.9987108891188261,1580.395860633551,1.0000012645846192,1580.395860633551,0.9987121520732556,1580.3625266220272,1.005916769272076
1580.3972495502512,1.0004958335506253,1580.3972495502512,0.9999549155895328,1580.3972495502512,1.0004507267857947,1580.3639155391938,0.9943155286156156
1580.398638467418,0.9985752247139144,1580.398638467418,0.9999517953096618,1580.398638467418,0.9985270887044276,1580.3653044563598,1.012826416741119
1580.4000273845843,1.014675426801849,1580.4000273845843,0.9999227416596874,1580.4000273845843,1.0145970346624182,1580.3666933735258,0.993122918517595
1580.4014163017505,0.9990564354755501,1580.4014163017505,0.9999893002913125,1580.4014163017505,0.9990457458627282,1580.3680822906922,1.0075791414209798
1580.4028052184508,0.9990176395972147,1580.4028052184508,0.999887276025831,1580.4028052184508,0.9989050263586144,1580.3694712078586,1.00648259944596
1580.4041941356172,0.9864070146985429,1580.4041941356172,0.9999034725074128,1580.4041941356172,0.9863117993027436,1580.3708601250246,1.0077488289698653
1580.4055830527836,0.9885631602804448,1580.4055830527836,0.9998525792813749,1580.4055830527836,0.98841742558895,1580.3722490421906,1.010674601491805
1580.4069719699496,0.9928125856355235,1580.4069719699496,0.9999040289684171,1580.4069719699496,0.9927173043875116,1580.3736379593574,0.9929559371130194
1580.40836088665,1.0072079913643748,1580.40836088665,0.9999310376404247,1580.40836088665,1.0071385319247073,1580.3750268765232,1.00774759890427
1580.4097498038166,1.0094596471156483,1580.4097498038166,1.0000068422298343,1580.4097498038166,1.0094665540705623,1580.376415793689,1.0058721178909626
1580.4111387209823,1.014073990435205,1580.4111387209823,1.0001169526687048,1580.4111387209823,1.0141925890946506,1580.3778047108558,0.9900243217795016
1580.4125276376826,0.9903370092814516,1580.4125276376826,1.0002215178967204,1580.4125276376826,0.990556386652792,1580.3791936280222,0.995209724800192
1580.4139165548495,1.0005458397061875,1580.4139165548495,1.0000905775436928,1580.4139165548495,1.0006364666907002,1580.3805825451882,1.0081658827099858
1580.415305472016,1.0008621637550696,1580.415305472016,1.000133121304005,1580.415305472016,1.000995399831438,1580.3819714623542,0.9986418538244785
1580.4166943887162,0.9942953210393408,1580.4166943887162,1.0001251078322235,1580.4166943887162,0.994419715171546,1580.3833603795206,1.0034543009566437
1580.4180833058822,0.9945668437375337,1580.4180833058822,1.0002290398367135,1580.4180833058822,0.994794639165024,1580.3847492966877,0.9972706997052856
1580.4194722230486,0.9955791210565748,1580.4194722230486,1.0002309125380737,1580.4194722230486,0.9958090127582712,1580.3861382138532,1.007949514171755
1580.4208611397498,1.0062214904026998,1580.4208611397498,1.0003407881948705,1580.4208611397498,1.0065643988080542,1580.387527131019,1.009946894685566
1580.4222500569156,1.0016795644191403,1580.4222500569156,1.00046491986801,1580.4222500569156,1.0021452651500184,1580.3889160477202,1.0083850188958063
1580.4236389736157,0.9867806176426901,1580.4236389736157,1.0003950512828819,1580.4236389736157,0.9871704465916128,1580.3903049648866,1.0103292605758964
1580.4250278907823,1.0075812982314412,1580.4250278907823,1.0004266690248,1580.4250278907823,1.0080112019613643,1580.3916938820526,1.0031323312870477
1580.426416807949,1.0200779745524784,1580.426416807949,1.0004312002198004,1580.426416807949,1.020517832399319,1580.3930827992183,1.0001159644340063
1580.4278057246493,1.0000896306624971,1580.4278057246493,1.0005038000797088,1580.4278057246493,1.000593475898141,1580.394471716385,0.9974033007764695
1580.4291946418152,0.9954607137030538,1580.4291946418152,1.0005290601219121,1580.4291946418152,0.9959873722696042,1580.395860633551,0.9987121520732556
1580.430583558516,1.022385047387559,1580.430583558516,1.0005937102221703,1580.430583558516,1.0229920478411871,1580.3972495502512,1.0004507267857947
1580.431972475682,1.0015971225716902,1580.431972475682,1.0006106386982028,1580.431972475682,1.002208736534741,1580.398638467418,0.9985270887044276
1580.4333613923825,1.0125684997771143,1580.4333613923825,1.000633367925461,1580.4333613923825,1.0132098281872053,1580.4000273845843,1.0145970346624182
1580.4347503095487,1.0004008453033904,1580.4347503095487,1.000668766927767,1580.4347503095487,1.0010698803032394,1580.4014163017505,0.9990457458627282
1580.43613922625,1.0071591572188672,1580.43613922625,1.0007424811440444,1580.43613922625,1.007906953902154,1580.4028052184508,0.9989050263586144
1580.437528143416,1.001903305455327,1580.437528143416,1.0007404490519423,1580.437528143416,1.0026451638079892,1580.4041941356172,0.9863117993027436
1580.4389170601162,1.005605179029273,1580.4389170601162,1.0008478820641742,1580.4389170601162,1.0064578136242126,1580.4055830527836,0.98841742558895
1580.440305977282,1.0002796995570462,1580.440305977282,1.0008887679287877,1580.440305977282,1.0011687160738298,1580.4069719699496,0.9927173043875116
1580.441694893982,1.0078275270128902,1580.441694893982,1.0008908776641818,1580.441694893982,1.0087253780460537,1580.40836088665,1.0071385319247073
1580.443083811148,0.9930216980372064,1580.443083811148,1.000919542119208,1580.443083811148,0.9939348233138392,1580.4097498038166,1.0094665540705623
1580.4444727278485,1.009505675785614,1580.4444727278485,1.0009233609096364,1580.4444727278485,1.0104378138646906,1580.4111387209823,1.0141925890946506
1580.4458616445493,0.990068009643061,1580.4458616445493,1.0010531661059063,1580.4458616445493,0.9911107157133592,1580.4125276376826,0.990556386652792
1580.447250561715,1.002793444562815,1580.447250561715,1.0009404064680782,1580.447250561715,1.0037364780042284,1580.4139165548495,1.0006364666907002
1580.448639478415,1.00362270695005,1580.448639478415,1.000956713298458,1580.448639478415,1.0045828861404236,1580.415305472016,1.000995399831438
1580.4500283955822,1.0020360220783653,1580.4500283955822,1.0009548142440023,1580.4500283955822,1.0029927803452492,1580.4166943887162,0.994419715171546
1580.451417312283,0.9993129527296344,1580.451417312283,1.000880557291848,1580.451417312283,1.0001929050369986,1580.4180833058822,0.994794639165024
1580.4528062289833,0.9980104818276213,1580.4528062289833,1.0008509711396287,1580.4528062289833,0.9988597599447036,1580.4194722230486,0.9958090127582712
1580.4541951461492,0.998243267630214,1580.4541951461492,1.0008318004690593,1580.4541951461492,0.999073606848464,1580.4208611397498,1.0065643988080542
1580.45558406285,1.0039507550956548,1580.45558406285,1.0007739749862858,1580.45558406285,1.0047277878675616,1580.4222500569156,1.0021452651500184
1580.456972979551,1.0023651627312256,1580.456972979551,1.0006603131927012,1580.456972979551,1.0030270376720811,1580.4236389736157,0.9871704465916128
1580.4583618967167,1.001310346624765,1580.4583618967167,1.0006503560367428,1580.4583618967167,1.0019615548533454,1580.4250278907823,1.0080112019613643
1580.459750813417,1.011038056774869,1580.459750813417,1.0006604189635453,1580.459750813417,1.0117057654804291,1580.426416807949,1.020517832399319
1580.4611397301182,0.9995921721384686,1580.4611397301182,1.0006412175498818,1580.4611397301182,1.0002331281819683,1580.4278057246493,1.000593475898141
1580.462528646819,0.9844635891264304,1580.462528646819,1.0005814817839545,1580.462528646819,0.9850360367704738,1580.4291946418152,0.9959873722696042
1580.463917563985,0.9984847246503359,1580.463917563985,1.0005630429397954,1580.463917563985,0.9990469144250438,1580.430583558516,1.0229920478411871
1580.4653064806853,0.9979127083309892,1580.4653064806853,1.000441925054251,1580.4653064806853,0.998353710958756,1580.431972475682,1.002208736534741
1580.466695397386,0.9899077564531787,1580.466695397386,1.0005612399071524,1580.466695397386,0.9904633321905,1580.4333613923825,1.0132098281872053
1580.4680843140864,0.9884427645932372,1580.4680843140864,1.0006222243378264,1580.4680843140864,0.9890577977379156,1580.4347503095487,1.0010698803032394
1580.4694732312523,1.0208630284441282,1580.4694732312523,1.0007355089596266,1580.4694732312523,1.0216138823481005,1580.43613922625,1.007906953902154
1580.470862147953,0.9880871063767703,1580.470862147953,1.000798585641784,1580.470862147953,0.9888761785527548,1580.437528143416,1.0026451638079892
1580.4722510646543,0.9901027041370551,1580.4722510646543,1.0007345809726553,1580.4722510646543,0.9908300147444888,1580.4389170601162,1.0064578136242126
1580.4736399813546,0.9962988874465065,1580.4736399813546,1.0007774486655723,1580.4736399813546,0.997073458687063,1580.440305977282,1.0011687160738298
1580.4750288980547,0.9885196182451186,1580.4750288980547,1.0007693462376757,1580.4750288980547,0.989280132094284,1580.441694893982,1.0087253780460537
1580.476417815221,0.9860429169056568,1580.476417815221,1.0007863368750987,1580.476417815221,0.9868182788116496,1580.443083811148,0.9939348233138392
1580.477806731922,1.001496441968269,1580.477806731922,1.000753665516085,1580.477806731922,1.0022512353010622,1580.4444727278485,1.0104378138646906
1580.4791956486224,0.9995983172804725,1580.4791956486224,1.000834601282703,1580.4791956486224,1.0004325833182626,1580.4458616445493,0.9911107157133592
1580.4805845653227,0.9919171726342348,1580.4805845653227,1.0009124313738424,1580.4805845653227,0.9928222289827994,1580.447250561715,1.0037364780042284
1580.4819734820237,1.010778273857064,1580.4819734820237,1.0008644207928137,1580.4819734820237,1.0116520116139105,1580.448639478415,1.0045828861404236
1580.4833623987247,1.000152546566146,1580.4833623987247,1.000859697026679,1580.4833623987247,1.0010123747366544,1580.4500283955822,1.0029927803452492
1580.484751315425,1.0008279404637006,1580.484751315425,1.0008938111187864,1580.484751315425,1.0017224916048793,1580.451417312283,1.0001929050369986
1580.4861402321253,1.0082742754972942,1580.4861402321253,1.000960520526726,1580.4861402321253,1.0092427436354792,1580.4528062289833,0.9988597599447036
1580.4875291492915,1.0178585650283813,1580.4875291492915,1.0009578330277433,1580.4875291492915,1.018833503579537,1580.4541951461492,0.999073606848464
1580.488918065992,0.9999337267700217,1580.488918065992,1.0009453715089147,1580.488918065992,1.000879035626113,1580.45558406285,1.0047277878675616
1580.4903069826923,0.9971939327387357,1580.4903069826923,1.0007941555576263,1580.4903069826923,0.9979858598424514,1580.456972979551,1.0030270376720811
1580.491695899393,1.0001615658014897,1580.491695899393,1.0008565748568192,1580.491695899393,1.0010182790515123,1580.4583618967167,1.0019615548533454
1580.493084816094,0.9805833421496903,1580.493084816094,1.0007401516478631,1580.493084816094,0.9813091225262496,1580.459750813417,1.0117057654804291
1580.4944737327942,1.009498730548532,1580.4944737327942,1.0006178868599853,1580.4944737327942,1.0101224865493097,1580.4611397301182,1.0002331281819683
1580.4958626494945,1.0097114854492437,1580.4958626494945,1.0004918981074722,1580.4958626494945,1.010208160618029,1580.462528646819,0.9850360367704738
1580.4972515661957,0.9998606991343381,1580.4972515661957,1.000494151370729,1580.4972515661957,1.0003547816693534,1580.463917563985,0.9990469144250438
1580.4986404828965,0.9991878711187696,1580.4986404828965,1.0005954136013044,1580.4986404828965,0.9997828011674922,1580.4653064806853,0.998353710958756
1580.5000293995968,0.9877975237508079,1580.5000293995968,1.000540329096147,1580.5000293995968,0.9883312594939924,1580.466695397386,0.9904633321905
1580.501418316297,1.0082973810531635,1580.501418316297,1.0005585467267966,1580.501418316297,1.0088605622549882,1580.4680843140864,0.9890577977379156
1580.5028072329978,0.9985798043050335,1580.5028072329978,1.0007026199836495,1580.5028072329978,0.999281426430807,1580.4694732312523,1.0216138823481005
1580.504196149698,1.0000835821188299,1580.504196149698,1.0007293380251925,1580.504196149698,1.00081298110364,1580.470862147953,0.9888761785527548
1580.5055850659328,1.0021014921561757,1580.5055850659328,1.0006900139741466,1580.5055850659328,1.0027929561892766,1580.4722510646543,0.9908300147444888
1580.5069739826336,1.0128626311940854,1580.5069739826336,1.000739911237452,1580.5069739826336,1.0136120596369012,1580.4736399813546,0.997073458687063
1580.5083628993348,1.0074488218015003,1580.5083628993348,1.0006576701349696,1580.5083628993348,1.0081113908041095,1580.4750288980547,0.989280132094284
1580.509751816035,1.0071103808567894,1580.509751816035,1.0007560786653478,1580.509751816035,1.0078718355294054,1580.476417815221,0.9868182788116496
1580.5111407327352,0.9950959904699735,1580.5111407327352,1.0007316169450322,1580.5111407327352,0.995824019558535,1580.477806731922,1.0022512353010622
1580.512529649436,1.0040871030620626,1580.512529649436,1.0006307265674415,1580.512529649436,1.0047204074739893,1580.4791956486224,1.0004325833182626
1580.513918566137,0.9848460372387878,1580.513918566137,1.0005957857038523,1580.513918566137,0.9854327944282704,1580.4805845653227,0.9928222289827994
1580.5153074828372,1.0040143098647112,1580.5153074828372,1.0004860558006186,1580.5153074828372,1.0045023168439249,1580.4819734820237,1.0116520116139105
1580.516696399072,1.0064606909560248,1580.516696399072,1.0004945641394531,1580.516696399072,1.0069584503215407,1580.4833623987247,1.0010123747366544
1580.5180853157726,1.0057166937916187,1580.5180853157726,1.0005523453450433,1580.5180853157726,1.0062721967258668,1580.484751315425,1.0017224916048793
1580.5194742324738,0.9941742735219902,1580.5194742324738,1.0006235059921635,1580.5194742324738,0.994794147138786,1580.4861402321253,1.0092427436354792
1580.520863149174,0.9876518103864798,1580.520863149174,1.0005877479535377,1580.520863149174,0.9882323007168422,1580.4875291492915,1.018833503579537
1580.5222520658742,0.9913610673592754,1580.5222520658742,1.000603111831156,1580.5222520658742,0.9919589689479472,1580.488918065992,1.000879035626113
1580.5236409821096,0.9940325532254639,1580.5236409821096,1.0005523964782992,1580.5236409821096,0.9945816533071804,1580.4903069826923,0.9979858598424514
1580.52502989881,0.9980503903530422,1580.52502989881,1.0004481735471265,1580.52502989881,0.9984976901366976,1580.491695899393,1.0010182790515123
1580.5264188155102,0.9946297367602958,1580.5264188155102,1.0003878435040954,1580.5264188155102,0.9950154974426784,1580.493084816094,0.9813091225262496
1580.527807732211,0.9963633376345739,1580.527807732211,1.000437468854514,1580.527807732211,0.9967992155625685,1580.4944737327942,1.0101224865493097
1580.5291966484465,0.9952273629501044,1580.5291966484465,1.000555702951569,1580.5291966484465,0.995780413733178,1580.4958626494945,1.010208160618029
1580.530585565146,1.0024473232851985,1580.530585565146,1.0006783047020162,1580.530585565146,1.0031272880181064,1580.4972515661957,1.0003547816693534
1580.5319744818453,1.0048523081224958,1580.5319744818453,1.000779547055243,1580.5319744818453,1.005635637780247,1580.4986404828965,0.9997828011674922
1580.5333633985465,0.9992673948293307,1580.5333633985465,1.0007753336824163,1580.5333633985465,1.0000421604982823,1580.5000293995968,0.9883312594939924
1580.5347523147816,1.0058430216103673,1580.5347523147816,1.0007636576223218,1580.5347523147816,1.0066111413006793,1580.501418316297,1.0088605622549882
1580.536141231482,1.0104741829674748,1580.536141231482,1.0007099177820562,1580.536141231482,1.0111915365582722,1580.5028072329978,0.999281426430807
1580.5375301481822,0.9895645378232745,1580.5375301481822,1.0007705440828876,1580.5375301481822,0.9903270409225295,1580.504196149698,1.00081298110364
1580.538919064417,1.0006357148997058,1580.538919064417,1.00076303039691,1580.538919064417,1.001399230366408,1580.5055850659328,1.0027929561892766
1580.5403079811176,0.9841737009941783,1580.5403079811176,1.000750343328716,1580.5403079811176,0.984912169165017,1580.5069739826336,1.0136120596369012
1580.541696897818,1.0103722535740576,1580.541696897818,1.0008350385546503,1580.541696897818,1.0112159533603409,1580.5083628993348,1.0081113908041095
1580.543085814053,1.0008952915670735,1580.543085814053,1.0009485578188926,1580.543085814053,1.0018446986217822,1580.509751816035,1.0078718355294054
1580.5444747307542,1.0104274208653898,1580.5444747307542,1.0009753570416866,1580.5444747307542,1.0114129483654442,1580.5111407327352,0.995824019558535
1580.545863646989,1.0041979934046565,1580.545863646989,1.0009945817236352,1580.545863646989,1.005196750375808,1580.512529649436,1.0047204074739893
1580.5472525636887,0.9984108590206213,1580.5472525636887,1.0009792623094105,1580.5472525636887,0.9993885651441664,1580.513918566137,0.9854327944282704
1580.54864148039,1.0091219792512658,1580.54864148039,1.0010012147625171,1580.54864148039,1.0101323270740727,1580.5153074828372,1.0045023168439249
1580.550030396625,0.9824360371289883,1580.550030396625,1.0009979619417937,1580.550030396625,0.9834164709042896,1580.516696399072,1.0069584503215407
1580.5514193133254,0.9991191342095083,1580.5514193133254,1.0009938925070612,1580.5514193133254,1.0001121512306606,1580.5180853157726,1.0062721967258668
1580.55280822956,0.9771874855091207,1580.55280822956,1.001039874053618,1580.55280822956,0.9782036374208218,1580.5194742324738,0.994794147138786
1580.5541971462608,1.0085376484590123,1580.5541971462608,1.0011462509362017,1580.5541971462608,1.009693685682753,1580.520863149174,0.9882323007168422
1580.5555860624963,0.9983704126807179,1580.5555860624963,1.0011761644501782,1580.5555860624963,0.9995446604682228,1580.5222520658742,0.9919589689479472
1580.5569749791966,0.9992441485023866,1580.5569749791966,1.0012066292700321,1580.5569749791966,1.000449865739878,1580.5236409821096,0.9945816533071804
1580.558363895431,1.009358606422956,1580.558363895431,1.0011078936834465,1580.558363895431,1.0104768684473444,1580.52502989881,0.9984976901366976
1580.559752812132,0.9999068882442064,1580.559752812132,1.0011074347060311,1580.559752812132,1.0010142198350476,1580.5264188155102,0.9950154974426784
1580.5611417283667,0.9888551628782116,1580.5611417283667,1.0010914046331363,1580.5611417283667,0.9899344039844776,1580.527807732211,0.9967992155625685
1580.562530645067,1.0117807570039279,1580.562530645067,1.0010901381413921,1580.562530645067,1.0128837377978646,1580.5291966484465,0.995780413733178
1580.563919561302,0.9990126954107991,1580.563919561302,1.0010493210906213,1580.563919561302,1.000060980501892,1580.530585565146,1.0031272880181064
1580.5653084775372,0.9923611815865261,1580.5653084775372,1.001040112079523,1580.5653084775372,0.9933933484387438,1580.5319744818453,1.005635637780247
1580.5666973942375,0.9980278030551406,1580.5666973942375,1.0009925929401338,1580.5666973942375,0.9990184384065104,1580.5333633985465,1.0000421604982823
1580.5680863104722,0.9938148736251994,1580.5680863104722,1.0010140832685706,1580.5680863104722,0.9948226846605992,1580.5347523147816,1.0066111413006793
1580.5694752271734,1.0069848182041474,1580.5694752271734,1.000996971396144,1580.5694752271734,1.0079887532642482,1580.536141231482,1.0111915365582722
1580.5708641434085,0.9884523880667186,1580.5708641434085,1.0009973241690504,1580.5708641434085,0.9894381955232932,1580.5375301481822,0.9903270409225295
1580.5722530596431,0.9946930747737981,1580.5722530596431,1.0009970541544617,1580.5722530596431,0.9956848376364156,1580.538919064417,1.001399230366408
1580.5736419763434,1.0067306219303658,1580.5736419763434,1.001012621532402,1580.5736419763434,1.0077500590354609,1580.5403079811176,0.984912169165017
1580.5750308925783,0.9830826746536009,1580.5750308925783,1.0010299707973063,1580.5750308925783,0.9840952210998318,1580.541696897818,1.0112159533603409
1580.5764198088132,1.0024876613377454,1580.5764198088132,1.0010420949017291,1580.5764198088132,1.0035323486186718,1580.543085814053,1.0018446986217822
1580.5778087255137,0.999260813073651,1580.5778087255137,1.0011145349982082,1580.5778087255137,1.0003745242221596,1580.5444747307542,1.0114129483654442
1580.5791976417486,0.9990779837995805,1580.5791976417486,1.00105808372477,1580.5791976417486,1.0001350919540148,1580.545863646989,1.005196750375808
1580.580586557984,0.9933404096326556,1580.580586557984,1.0010432005312606,1580.580586557984,0.994376662875707,1580.5472525636887,0.9993885651441664
1580.5819754746842,0.9960970729964742,1580.5819754746842,1.0010058352532645,1580.5819754746842,0.9970989825481676,1580.54864148039,1.0101323270740727
1580.5833643909186,0.9931793397518112,1580.5833643909186,1.0010550044778788,1580.5833643909186,0.994227148402586,1580.550030396625,0.9834164709042896
1580.5847533071542,1.0043350186808349,1580.5847533071542,1.0009373764013443,1580.5847533071542,1.00527645862639,1580.5514193133254,1.0001121512306606
1580.586142223855,0.9952001341984673,1580.586142223855,1.0009770526649173,1580.586142223855,0.996172497141712,1580.55280822956,0.9782036374208218
1580.5875311400896,0.9956199796414567,1580.5875311400896,1.0010396875894187,1580.5875311400896,0.9966551133780672,1580.5541971462608,1.009693685682753
1580.5889200563242,0.9872809931396656,1580.5889200563242,1.0009890420512375,1580.5889200563242,0.9882574555582682,1580.5555860624963,0.9995446604682228
1580.5903089725591,1.0080103153608129,1580.5903089725591,1.0009387339588462,1580.5903089725591,1.0089565688747093,1580.5569749791966,1.000449865739878
1580.591697888795,1.0024686271134309,1580.591697888795,1.0010397516048777,1580.591697888795,1.0035109454773117,1580.558363895431,1.0104768684473444
1580.5930868054952,1.0052870981220547,1580.5930868054952,1.0011704316301417,1580.5930868054952,1.0064637179390703,1580.559752812132,1.0010142198350476
1580.5944757217296,0.9964778275292103,1580.5944757217296,1.001220744938066,1580.5944757217296,0.9976942727930616,1580.5611417283667,0.9899344039844776
1580.595864637965,0.9884428895303172,1580.595864637965,1.0012240372700425,1580.595864637965,0.9896527804664108,1580.562530645067,1.0128837377978646
1580.5972535541996,0.9949227551744501,1580.5972535541996,1.0012891299470121,1580.5972535541996,0.9962053398931092,1580.563919561302,1.000060980501892
1580.5986424704342,1.0047898714658323,1580.5986424704342,1.0013281098997548,1580.5986424704342,1.0061243428412996,1580.5653084775372,0.9933933484387438
1580.6000313866691,1.0016770393324206,1580.6000313866691,1.0013767190756726,1580.6000313866691,1.0030560672201327,1580.5666973942375,0.9990184384065104
1580.60142030337,0.9985961993335343,1580.60142030337,1.0014999140098808,1580.60142030337,1.0000940077631284,1580.5680863104722,0.9948226846605992
1580.6028092196048,1.0036379619287827,1580.6028092196048,1.0014614015141385,1580.6028092196048,1.0051046799659924,1580.5694752271734,1.0079887532642482
1580.6041981358394,1.0036267126421412,1580.6041981358394,1.0015154619713202,1580.6041981358394,1.0051476707585516,1580.5708641434085,0.9894381955232932
1580.6055870520747,0.9995600176043192,1580.6055870520747,1.0015509527456339,1580.6055870520747,1.0011102879580485,1580.5722530596431,0.9956848376364156
1580.60697596831,0.9977574849908668,1580.60697596831,1.001427568974845,1580.60697596831,0.9991818526208592,1580.5736419763434,1.0077500590354609
1580.6083648845447,0.9948671608605283,1580.6083648845447,1.0014315083196308,1580.6083648845447,0.9962913214782276,1580.5750308925783,0.9840952210998318
1580.6097538007791,1.0026726789506089,1580.6097538007791,1.0014455610970616,1580.6097538007791,1.0041221035683865,1580.5764198088132,1.0035323486186718
1580.6111427170144,1.0041121006342566,1580.6111427170144,1.0014439186779145,1580.6111427170144,1.0055619568510823,1580.5778087255137,1.0003745242221596
1580.6125316332498,0.9904533638502554,1580.6125316332498,1.0014461606611318,1580.6125316332498,0.9918857185417412,1580.5791976417486,1.0001350919540148
1580.6139205494842,0.9865514317542503,1580.6139205494842,1.0014845266860914,1580.6139205494842,0.9880159936818912,1580.580586557984,0.994376662875707
1580.6153094657188,0.9984450335085324,1580.6153094657188,1.0015584045624586,1580.6153094657188,1.0000010148041163,1580.5819754746842,0.9970989825481676
1580.6166983819544,0.9921810902505747,1580.6166983819544,1.0015629931423422,1580.6166983819544,0.993731862490598,1580.5833643909186,0.994227148402586
1580.618087298188,0.9856912315694347,1580.618087298188,1.0016319069988817,1580.618087298188,0.9872997879889692,1580.5847533071542,1.00527645862639
1580.619476214422,0.9892381335001345,1580.619476214422,1.0015824029399625,1580.619476214422,0.990803506830908,1580.586142223855,0.996172497141712
1580.6208651306574,1.0127553262155438,1580.6208651306574,1.0015696466512964,1580.6208651306574,1.0143449942219207,1580.5875311400896,0.9966551133780672
1580.6222540468923,1.001941074797135,1580.6222540468923,1.001620724612117,1580.6222540468923,1.0035649453569495,1580.5889200563242,0.9882574555582682
1580.6236429631272,0.9992581801775443,1580.6236429631272,1.00163258359228,1580.6236429631272,1.0008895526869537,1580.5903089725591,1.0089565688747093
1580.6250318793618,1.00731840005473,1580.6250318793618,1.0017598586465013,1580.6250318793618,1.009091138050846,1580.591697888795,1.0035109454773117
1580.626420795597,1.0088838148401338,1580.626420795597,1.001716799292459,1580.626420795597,1.0106158658596247,1580.5930868054952,1.0064637179390703
1580.6278097118325,0.9966545570394865,1580.6278097118325,1.0017763172854013,1580.6278097118325,0.9984249317567296,1580.5944757217296,0.9976942727930616
1580.6291986276012,0.9987076339609727,1580.6291986276012,1.001844496870366,1580.6291986276012,1.0005497470662243,1580.595864637965,0.9896527804664108
1580.6305875438356,1.006623298083558,1580.6305875438356,1.0017753629090402,1580.6305875438356,1.0084104197503514,1580.5972535541996,0.9962053398931092
1580.6319764600712,0.9931024641396061,1580.6319764600712,1.0017070244517774,1580.6319764600712,0.9947977143290128,1580.5986424704342,1.0061243428412996
1580.6333653763058,1.0127118751899076,1580.6333653763058,1.001712644016808,1580.6333653763058,1.014446290123702,1580.6000313866691,1.0030560672201327
1580.6347542925405,1.0016588563869346,1580.6347542925405,1.0017157193380142,1580.6347542925405,1.003377421856931,1580.60142030337,1.0000940077631284
1580.6361432087756,0.9942824974875152,1580.6361432087756,1.001795463633303,1580.6361432087756,0.9960676955529838,1580.6028092196048,1.0051046799659924
1580.6375321250107,0.9999462404185695,1580.6375321250107,1.001799719184772,1580.6375321250107,1.0017458628511915,1580.6041981358394,1.0051476707585516
1580.6389210407797,0.9942102994535106,1580.6389210407797,1.0018137125626108,1580.6389210407797,0.9960135111635064,1580.6055870520747,1.0011102879580485
1580.6403099570143,1.00219136370769,1580.6403099570143,1.0018304146204073,1580.6403099570143,1.0040257894322666,1580.60697596831,0.9991818526208592
1580.6416988732497,1.0055401499435586,1580.6416988732497,1.0017774114275027,1580.6416988732497,1.007327408496881,1580.6083648845447,0.9962913214782276
1580.643087789485,1.0070275062222314,1580.643087789485,1.0016719151719218,1580.643087789485,1.0087111707884269,1580.6097538007791,1.0041221035683865
1580.644476705254,0.9929845501411311,1580.644476705254,1.0016718110309955,1580.644476705254,0.994644632665665,1580.6111427170144,1.0055619568510823
1580.6458656214886,1.000415832082694,1580.6458656214886,1.0017059674578082,1580.6458656214886,1.0021225089365031,1580.6125316332498,0.9918857185417412
1580.6472545377237,0.9904545418498357,1580.6472545377237,1.0017589891348762,1580.6472545377237,0.9921967406275384,1580.6139205494842,0.9880159936818912
1580.6486434539588,0.9945691045967038,1580.6486434539588,1.0018141763620825,1580.6486434539588,0.9963734283567206,1580.6153094657188,1.0000010148041163
1580.6500323697278,0.9898290805614989,1580.6500323697278,1.001860918788929,1580.6500323697278,0.991671072095344,1580.6166983819544,0.993731862490598
1580.6514212859624,1.0022775182656563,1580.6514212859624,1.0019698708063025,1580.6514212859624,1.004251875488701,1580.618087298188,0.9872997879889692
1580.6528102021978,1.0034502937174548,1580.6528102021978,1.001956076159301,1580.6528102021978,1.005413118914039,1580.619476214422,0.990803506830908
1580.6541991179663,1.0015855559172884,1580.6541991179663,1.0020528291541222,1580.6541991179663,1.003641639946823,1580.6208651306574,1.0143449942219207
1580.6555880342012,1.0015013885945505,1580.6555880342012,1.002023002448936,1580.6555880342012,1.00352742835629,1580.6222540468923,1.0035649453569495
1580.6569769504367,1.0044548863597897,1580.6569769504367,1.0020484779436891,1580.6569769504367,1.0065124900399285,1580.6236429631272,1.0008895526869537
1580.6583658662062,1.0051736874701886,1580.6583658662062,1.0020044760881501,1580.6583658662062,1.0071885340911604,1580.6250318793618,1.009091138050846
1580.6597547824408,0.9984389547924626,1580.6597547824408,1.0020037678719274,1580.6597547824408,1.0004395946921565,1580.626420795597,1.0106158658596247
1580.6611436982098,0.9974482123025984,1580.6611436982098,1.0018996880150437,1580.6611436982098,0.9993430527171364,1580.6278097118325,0.9984249317567296
1580.662532614445,0.9980017949838403,1580.662532614445,1.0019103516519159,1580.662532614445,0.9999083293615028,1580.6291986276012,1.0005497470662243
1580.6639215306805,0.9965359232405762,1580.6639215306805,1.0019600075568593,1580.6639215306805,0.9984891411808094,1580.6305875438356,1.0084104197503514
1580.6653104464492,1.0030331187654167,1580.6653104464492,1.001970806954892,1580.6653104464492,1.0050099034118667,1580.6319764600712,0.9947977143290128
1580.6666993626836,1.008622054444729,1580.6666993626836,1.0018685934818479,1580.6666993626836,1.0105067590413126,1580.6333653763058,1.014446290123702
1580.6680882784535,0.9941594187660509,1580.6680882784535,1.001882802000058,1580.6680882784535,0.9960312241080802,1580.6347542925405,1.003377421856931
1580.6694771946882,1.0088129056492545,1580.6694771946882,1.0017588605135213,1580.6694771946882,1.0105872668345317,1580.6361432087756,0.9960676955529838
1580.670866110457,0.9978299768767822,1580.670866110457,1.0017822685532545,1580.670866110457,0.9996083778660644,1580.6375321250107,1.0017458628511915
1580.6722550266925,0.9947142993646725,1580.6722550266925,1.0018323514743086,1580.6722550266925,0.9965369655776292,1580.6389210407797,0.9960135111635064
1580.6736439424617,1.0056206717722551,1580.6736439424617,1.001816336084658,1580.6736439424617,1.007447216885873,1580.6403099570143,1.0040257894322666
1580.6750328586963,1.0006162820778652,1580.6750328586963,1.0018958503197226,1580.6750328586963,1.0025133007761622,1580.6416988732497,1.007327408496881
1580.676421774465,1.0051059861269014,1580.676421774465,1.0019512389940388,1580.676421774465,1.007067188120174,1580.643087789485,1.0087111707884269
1580.6778106907004,1.0135755196809904,1580.6778106907004,1.0018970915428806,1580.6778106907004,1.015498365227448,1580.644476705254,0.994644632665665
1580.6791996064703,1.0028778051887475,1580.6791996064703,1.0019031185001406,1580.6791996064703,1.0047864004931826,1580.6458656214886,1.0021225089365031
1580.680588522705,1.004063932356316,1580.680588522705,1.0019184140237016,1580.680588522705,1.0059901426848414,1580.6472545377237,0.9921967406275384
1580.681977438474,0.9954679824536357,1580.681977438474,1.0018638108827569,1580.681977438474,0.9973233465127688,1580.6486434539588,0.9963734283567206
1580.6833663542434,0.9992336293440778,1580.6833663542434,1.0017914964496435,1580.6833663542434,1.001023752843412,1580.6500323697278,0.991671072095344
1580.6847552704785,1.0164968509964338,1580.6847552704785,1.0018529894305044,1580.6847552704785,1.0183804089174713,1580.6514212859624,1.004251875488701
1580.6861441862477,1.000576120063326,1580.6861441862477,1.0019393845715812,1580.6861441862477,1.0025166219532695,1580.6528102021978,1.005413118914039
1580.687533102482,0.9990313300775157,1580.687533102482,1.0018198237763045,1580.687533102482,1.0008493910452638,1580.6541991179663,1.003641639946823
1580.6889220182518,0.9984275772215461,1580.6889220182518,1.0017684776296392,1580.6889220182518,1.0001932740566772,1580.6555880342012,1.00352742835629
1580.6903109340203,1.0002192631230165,1580.6903109340203,1.0017831694477526,1580.6903109340203,1.002002823554071,1580.6569769504367,1.0065124900399285
1580.6916998502552,0.9951375643407487,1580.6916998502552,1.0018156273331658,1580.6916998502552,0.9969443633028258,1580.6583658662062,1.0071885340911604
1580.693088766025,1.0046999676972346,1580.693088766025,1.0019090893126783,1580.693088766025,1.0066180296680136,1580.6597547824408,1.0004395946921565
1580.6944776817943,0.9894785531915706,1580.6944776817943,1.0019213315519482,1580.6944776817943,0.9913796695557936,1580.6611436982098,0.9993430527171364
1580.6958665980292,1.0016861717664036,1580.6958665980292,1.0020179970067555,1580.6958665980292,1.0037075714627366,1580.662532614445,0.9999083293615028
1580.6972555137982,1.0045476759563101,1580.6972555137982,1.0020783688949066,1580.6972555137982,1.0066354965994684,1580.6639215306805,0.9984891411808094
1580.6986444295676,1.0028112880740805,1580.6986444295676,1.0020583211312801,1580.6986444295676,1.0048753957390095,1580.6653104464492,1.0050099034118667
1580.7000333453375,0.9998332198346286,1580.7000333453375,1.002122846255788,1580.7000333453375,1.001955712041767,1580.6666993626836,1.0105067590413126
1580.701422261572,1.0054319697717706,1580.701422261572,1.0020696289517124,1580.701422261572,1.0075128408853875,1580.6680882784535,0.9960312241080802
1580.7028111773402,0.9881534746198868,1580.7028111773402,1.002009790331515,1580.7028111773402,0.9901394559192308,1580.6694771946882,1.0105872668345317
1580.7042000931092,1.0011057321042611,1580.7042000931092,1.002004578599787,1580.7042000931092,1.0031125272309616,1580.670866110457,0.9996083778660644
1580.705589008878,0.9966143220751617,1580.705589008878,1.0021189653769018,1580.705589008878,0.9987261133177634,1580.6722550266925,0.9965369655776292
1580.7069779251124,1.006353521031517,1580.7069779251124,1.002111016929562,1580.7069779251124,1.0084779503515389,1580.6736439424617,1.007447216885873
1580.7083668408825,0.9933067164734506,1580.7083668408825,1.0022180518854449,1580.7083668408825,0.9955099223087496,1580.6750328586963,1.0025133007761622
1580.7097557566517,1.0023127737962245,1580.7097557566517,1.0022316777041276,1580.7097557566517,1.0045496128660678,1580.676421774465,1.007067188120174
1580.7111446724207,1.0001669439073577,1580.7111446724207,1.0022207039549176,1580.7111446724207,1.0023880185952707,1580.6778106907004,1.015498365227448
1580.7125335881897,0.9895710696062879,1580.7125335881897,1.0023312737168033,1580.7125335881897,0.99187803063177,1580.6791996064703,1.0047864004931826
1580.713922503959,0.9811365733888784,1580.713922503959,1.0024392608785964,1580.713922503959,0.983529821448906,1580.680588522705,1.0059901426848414
1580.715311419729,0.9982987956244218,1580.715311419729,1.0023114051284294,1580.715311419729,1.000606268580333,1580.681977438474,0.9973233465127688
1580.7167003359637,1.0069971322952544,1580.7167003359637,1.0022718446890237,1580.7167003359637,1.0092848733821216,1580.6833663542434,1.001023752843412
1580.7180892517324,1.0108871793051601,1580.7180892517324,1.0022041216731725,1580.7180892517324,1.0131152976461988,1580.6847552704785,1.0183804089174713
1580.719478167502,0.9907251605679112,1580.719478167502,1.0022025558022158,1580.719478167502,0.9929072880187212,1580.6861441862477,1.0025166219532695
1580.7208670832715,0.998294753242646,1580.7208670832715,1.0022874319813604,1580.7208670832715,1.0005782845880375,1580.687533102482,1.0008493910452638
1580.7222559990405,1.0017140317386284,1580.7222559990405,1.0022897510234583,1580.7222559990405,1.0040077074680145,1580.6889220182518,1.0001932740566772
1580.7236449148097,0.9964878684279924,1580.7236449148097,1.0021743531898852,1580.7236449148097,0.9986545850033908,1580.6903109340203,1.002002823554071
1580.725033830579,1.01206373865217,1580.725033830579,1.0021302743162503,1580.725033830579,1.014219712041029,1580.6916998502552,0.9969443633028258
1580.726422746348,0.9959343745461785,1580.726422746348,1.00208307955071,1580.726422746348,0.9980089850756448,1580.693088766025,1.0066180296680136
1580.727811662117,1.0052875941925097,1580.727811662117,1.0020963830890712,1580.727811662117,1.007395062104628,1580.6944776817943,0.9913796695557936
1580.7292005778868,0.9958734032352293,1580.7292005778868,1.002008810187662,1580.7292005778868,0.99787392387327,1580.6958665980292,1.0037075714627366
1580.7305894936562,0.9921179886481468,1580.7305894936562,1.002047124544752,1580.7305894936562,0.9941489777339984,1580.6972555137982,1.0066354965994684
1580.7319784094252,0.9994606973149412,1580.7319784094252,1.0020053000179452,1580.7319784094252,1.0014649158692024,1580.6986444295676,1.0048753957390095
1580.7333673251942,0.9988955283045867,1580.7333673251942,1.0019876091812816,1580.7333673251942,1.000880942227786,1580.7000333453375,1.001955712041767
1580.7347562409636,1.006955529071005,1580.7347562409636,1.0018968826306422,1580.7347562409636,1.0088656055239291,1580.701422261572,1.0075128408853875
1580.7361451567333,1.0040743203528246,1580.7361451567333,1.0019176039110176,1580.7361451567333,1.0059997371964855,1580.7028111773402,0.9901394559192308
1580.737534072502,1.0119610310678055,1580.737534072502,1.0020117914901019,1580.737534072502,1.0139968856584225,1580.7042000931092,1.0031125272309616
1580.738922988271,1.0044990123032866,1580.738922988271,1.002072667434019,1580.738922988271,1.006581004693592,1580.705589008878,0.9987261133177634
1580.7403119035753,0.9992266029967019,1580.7403119035753,1.0021628605095054,1580.7403119035753,1.0013877907563706,1580.7069779251124,1.0084779503515389
1580.7417008193447,1.0148599329180226,1580.7417008193447,1.0022685697428453,1580.7417008193447,1.0171622134550664,1580.7083668408825,0.9955099223087496
1580.7430897351137,0.999350424873814,1580.7430897351137,1.0022603074324943,1580.7430897351137,1.0016092640668226,1580.7097557566517,1.0045496128660678
1580.744478650883,1.0052547889161838,1580.744478650883,1.0022606261268348,1580.744478650883,1.0075272941561335,1580.7111446724207,1.0023880185952707
1580.745867566652,1.0092021867324314,1580.745867566652,1.002156231736148,1580.745867566652,1.011378260515654,1580.7125335881897,0.99187803063177
1580.747256482421,0.998926972476479,1580.747256482421,1.0021811046241598,1580.747256482421,1.0011057367153453,1580.713922503959,0.983529821448906
1580.7486453977244,1.0121992968302649,1580.7486453977244,1.0022213702174985,1580.7486453977244,1.0144477662024165,1580.715311419729,1.000606268580333
1580.750034313494,1.0001349767354752,1580.750034313494,1.0022251880418407,1580.750034313494,1.0023604651259337,1580.7167003359637,1.0092848733821216
1580.7514232292638,1.004436825653069,1580.7514232292638,1.0022279022186171,1580.7514232292638,1.006674612685402,1580.7180892517324,1.0131152976461988
1580.7528121450327,1.0051768853516716,1580.7528121450327,1.0021887638094011,1580.7528121450327,1.0073769801403758,1580.719478167502,0.9929072880187212
1580.7542010608015,0.994417495954946,1580.7542010608015,1.002248385448871,1580.7542010608015,0.996653329782954,1580.7208670832715,1.0005782845880375
1580.7555899761055,0.9991847603503441,1580.7555899761055,1.002160078503276,1580.7555899761055,1.0013430778719778,1580.7222559990405,1.0040077074680145
1580.756978891875,1.0069258234564467,1580.756978891875,1.0022391707585427,1580.756978891875,1.0091805023163518,1580.7236449148097,0.9986545850033908
1580.758367807644,1.0062742499245252,1580.758367807644,1.0021176553481377,1580.758367807644,1.008405191971571,1580.725033830579,1.014219712041029
1580.759756723413,1.0022514331878682,1580.759756723413,1.0020115966616896,1580.759756723413,1.0042675588250425,1580.726422746348,0.9980089850756448
1580.7611456387167,1.0181372383282568,1580.7611456387167,1.0021387197710565,1580.7611456387167,1.0203147485695183,1580.727811662117,1.007395062104628
1580.7625345544857,0.994762112840924,1580.7625345544857,1.0020741055463547,1580.7625345544857,0.9968253544564708,1580.7292005778868,0.99787392387327
1580.763923470255,1.0051704273579911,1580.763923470255,1.0021189025607424,1580.763923470255,1.0073002855505024,1580.7305894936562,0.9941489777339984
1580.765312385559,0.9982978699308158,1580.765312385559,1.002086971949828,1580.765312385559,1.0003812895829345,1580.7319784094252,1.0014649158692024
1580.7667013013283,0.9901749853438788,1580.7667013013283,1.0020927492652736,1580.7667013013283,0.9922471733169496,1580.7333673251942,1.000880942227786
1580.768090217097,0.992835502099095,1580.768090217097,1.0019531417801881,1580.768090217097,0.9947746505990988,1580.7347562409636,1.0088656055239291
1580.7694791324006,0.9961573378095248,1580.7694791324006,1.0020127708442879,1580.7694791324006,0.9981623742553912,1580.7361451567333,1.0059997371964855
1580.77086804817,0.9980212531089793,1580.77086804817,1.001988062300096,1580.77086804817,1.0000053815369798,1580.737534072502,1.0139968856584225
1580.772256963474,0.9982618721688142,1580.772256963474,1.0021504626493185,1580.772256963474,1.000408597039152,1580.738922988271,1.006581004693592
1580.7736458792428,1.0016537995121237,1580.7736458792428,1.0021378785018618,1580.7736458792428,1.0037952136364088,1580.7403119035753,1.0013877907563706
1580.7750347950118,1.008451019960005,1580.7750347950118,1.0021392025527365,1580.7750347950118,1.010608300956213,1580.7417008193447,1.0171622134550664
1580.776423710316,0.9936545359279084,1580.776423710316,1.0020514993602005,1580.776423710316,0.9956930175726248,1580.7430897351137,1.0016092640668226
1580.7778126260855,1.0051136885696184,1580.7778126260855,1.0020030990172237,1580.7778126260855,1.0071270308113902,1580.744478650883,1.0075272941561335
1580.7792015413888,0.9983224370924147,1580.7792015413888,1.0020078518890558,1580.7792015413888,1.0003269206836176,1580.745867566652,1.011378260515654
1580.7805904571578,1.0090568592993847,1580.7805904571578,1.0019479623221277,1580.7805904571578,1.0110224640421843,1580.747256482421,1.0011057367153453
1580.7819793724616,0.9923743647737076,1580.7819793724616,1.0019449245366083,1580.7819793724616,0.994304458025257,1580.7486453977244,1.0144477662024165
1580.7833682882306,1.0040594216249557,1580.7833682882306,1.0018652132832053,1580.7833682882306,1.005932206595298,1580.750034313494,1.0023604651259337
1580.784757203534,0.9819624832665745,1580.784757203534,1.0019441800888997,1580.784757203534,0.983871595174588,1580.7514232292638,1.006674612685402
1580.7861461193029,0.992847172460004,1580.7861461193029,1.0018931081603395,1580.7861461193029,0.994726739544158,1580.7528121450327,1.0073769801403758
1580.7875350346062,1.0058739968671695,1580.7875350346062,1.0019766945562407,1580.7875350346062,1.007862302521041,1580.7542010608015,0.996653329782954
1580.788923950375,0.9952655764054387,1580.788923950375,1.0019426693987528,1580.788923950375,0.9971990483843536,1580.7555899761055,1.0013430778719778
1580.790312865678,0.994810767952309,1580.790312865678,1.0019373667960343,1580.790312865678,0.9967380813024772,1580.756978891875,1.0091805023163518
1580.7917017809823,1.0015440177414618,1580.7917017809823,1.001887626134135,1580.7917017809823,1.003434558403837,1580.758367807644,1.008405191971571
1580.7930906967515,0.9886869293408994,1580.7930906967515,1.001991499594187,1580.7930906967515,0.9906558989594598,1580.759756723413,1.0042675588250425
1580.794479612055,1.0084138873857624,1580.794479612055,1.001849989926613,1580.794479612055,1.0102794429192827,1580.7611456387167,1.0203147485695183
1580.795868527824,1.0034564657181007,1580.795868527824,1.0019171224731556,1580.795868527824,1.005380214659362,1580.7625345544857,0.9968253544564708
1580.7972574431278,1.0051164463386462,1580.7972574431278,1.0019813196371326,1580.7972574431278,1.007107903291382,1580.763923470255,1.0073002855505024
1580.7986463584311,1.0048608997437212,1580.7986463584311,1.00195483223035,1580.7986463584311,1.0068252342175588,1580.765312385559,1.0003812895829345
1580.8000352742,1.004010105779694,1580.8000352742,1.0018526760825297,1580.8000352742,1.00587021128929,1580.7667013013283,0.9922471733169496
1580.801424189504,0.9853943752772865,1580.801424189504,1.0018346649375371,1580.801424189504,0.987202243787254,1580.768090217097,0.9947746505990988
1580.802813104808,1.0100159173366816,1580.802813104808,1.0017490246473333,1580.802813104808,1.0117824600703025,1580.7694791324006,0.9981623742553912
1580.8042020205771,0.9995100127515751,1580.8042020205771,1.0017718149745791,1580.8042020205771,1.00128095955941,1580.77086804817,1.0000053815369798
1580.8055909358804,0.9890551325605381,1580.8055909358804,1.0017336449876326,1580.8055909358804,0.990769803033594,1580.772256963474,1.000408597039152
1580.8069798511842,0.9990913768537371,1580.8069798511842,1.0017503791345577,1580.8069798511842,1.0008401655532984,1580.7736458792428,1.0037952136364088
1580.808368766488,1.0066905410224012,1580.808368766488,1.0016860876887057,1580.808368766488,1.0083879095499555,1580.7750347950118,1.010608300956213
1580.809757682257,1.0020968646354753,1580.809757682257,1.001572659819432,1580.809757682257,1.0036728221096665,1580.776423710316,0.9956930175726248
1580.8111465975603,0.9847514988168031,1580.8111465975603,1.0015339969908155,1580.8111465975603,0.9862621046526892,1580.7778126260855,1.0071270308113902
1580.8125355128643,0.9905373771627849,1580.8125355128643,1.0016037488603289,1580.8125355128643,0.9921259503525228,1580.7792015413888,1.0003269206836176
1580.8139244281683,0.9946824408939441,1580.8139244281683,1.001603322093213,1580.8139244281683,0.9962772372271604,1580.7805904571578,1.0110224640421843
1580.8153133434716,1.0011108940804259,1580.8153133434716,1.0015434412083808,1580.8153133434716,1.0026560498885084,1580.7819793724616,0.994304458025257
1580.8167022592406,1.006726551315628,1580.8167022592406,1.001646653243281,1580.8167022592406,1.0083842808564492,1580.7833682882306,1.005932206595298
1580.8180911745444,1.0090794590932324,1580.8180911745444,1.0015106363624997,1580.8180911745444,1.01060381121679,1580.784757203534,0.983871595174588
1580.8194800898475,1.0036039905525522,1580.8194800898475,1.0015801765146912,1580.8194800898475,1.0051898620084738,1580.7861461193029,0.994726739544158
1580.820869005151,0.9996787268596251,1580.820869005151,1.0014602602462328,1580.820869005151,1.0011385179634629,1580.7875350346062,1.007862302521041
1580.8222579204548,1.0024569691672476,1580.8222579204548,1.0013960716308596,1580.8222579204548,1.0038564709030595,1580.788923950375,0.9971990483843536
1580.823646835759,1.0058958030091818,1580.823646835759,1.0012834420685353,1580.823646835759,1.0071868119993268,1580.790312865678,0.9967380813024772
1580.8250357510622,0.9955795495128238,1580.8250357510622,1.001325900479751,1580.8250357510622,0.9968995889151532,1580.7917017809823,1.003434558403837
1580.8264246663653,0.9916762131064363,1580.8264246663653,1.0012098401948393,1580.8264246663653,0.9928759828493184,1580.7930906967515,0.9906558989594598
1580.8278135821351,0.9982515986276184,1580.8278135821351,1.0012637817591241,1580.8278135821351,0.9995131707889804,1580.794479612055,1.0102794429192827
1580.829202497439,1.0075725652400098,1580.829202497439,1.0012930277682706,1580.829202497439,1.0088753845454128,1580.795868527824,1.005380214659362
1580.8305914127425,0.994463616950289,1580.8305914127425,1.0013800361565866,1580.8305914127425,0.9958360126980902,1580.7972574431278,1.007107903291382
1580.8319803280456,1.00364675116926,1580.8319803280456,1.0013592409847127,1580.8319803280456,1.0050109489676229,1580.7986463584311,1.0068252342175588
1580.8333692433494,1.0057805723022402,1580.8333692433494,1.0013437342252474,1580.8333692433494,1.0071320740803316,1580.8000352742,1.00587021128929
1580.834758158653,0.9881887883431596,1580.834758158653,1.0012377647814872,1580.834758158653,0.9894119336228312,1580.801424189504,0.987202243787254
1580.836147073956,1.0092607558531688,1580.836147073956,1.001240420273692,1580.836147073956,1.0105126633561707,1580.802813104808,1.0117824600703025
1580.83753598926,1.0052723816060156,1580.83753598926,1.0012726376948327,1580.83753598926,1.0065517291324215,1580.8042020205771,1.00128095955941
1580.838924904564,0.9926001385298858,1580.838924904564,1.0012650139977903,1580.838924904564,0.9938557915993348,1580.8055909358804,0.990769803033594
1580.840313819867,0.9983236167018433,1580.840313819867,1.001251556369828,1580.840313819867,0.9995730749834764,1580.8069798511842,1.0008401655532984
1580.8417027351709,0.9998755905043843,1580.8417027351709,1.0012352816573904,1580.8417027351709,1.0011107184810069,1580.808368766488,1.0083879095499555
1580.8430916500088,0.9963499998881049,1580.8430916500088,1.00112814739823,1580.8430916500088,0.9974740295482052,1580.809757682257,1.0036728221096665
1580.8444805653126,1.0014748183291353,1580.8444805653126,1.0012329210781687,1580.8444805653126,1.0027095577419085,1580.8111465975603,0.9862621046526892
1580.845869480616,0.9854965764980451,1580.845869480616,1.0011617918467195,1580.845869480616,0.9866415183855906,1580.8125355128643,0.9921259503525228
1580.8472583959192,0.9870721256838537,1580.8472583959192,1.0010676381541381,1580.8472583959192,0.98812596154612,1580.8139244281683,0.9962772372271604
1580.8486473112232,0.9985060696731846,1580.8486473112232,1.0011577917195607,1580.8486473112232,0.9996621317325832,1580.8153133434716,1.0026560498885084
1580.8500362265272,0.990345360442225,1580.8500362265272,1.001003031840123,1580.8500362265272,0.9913387083714666,1580.8167022592406,1.0083842808564492
1580.8514251418303,1.006440687374246,1580.8514251418303,1.0010844807395827,1580.8514251418303,1.0075321529152357,1580.8180911745444,1.01060381121679
1580.852814057134,0.9931268369089289,1580.852814057134,1.0009588635246376,1580.852814057134,0.9940791100081796,1580.8194800898475,1.0051898620084738
1580.854202971972,1.0041714389382639,1580.854202971972,1.0010181735346666,1580.854202971972,1.005193859721659,1580.820869005151,1.0011385179634629
1580.8555918872753,0.9882787780112379,1580.8555918872753,1.0010012194656672,1580.8555918872753,0.9892682619612886,1580.8222579204548,1.0038564709030595
1580.8569808025786,0.991112256726807,1580.8569808025786,1.0009074239799975,1580.8569808025786,0.9920116157554304,1580.823646835759,1.0071868119993268
1580.8583697178824,0.9882208078265884,1580.8583697178824,1.000867317786697,1580.8583697178824,0.9890779093104004,1580.8250357510622,0.9968995889151532
1580.859758632721,1.0078341767717631,1580.859758632721,1.0008618774701583,1580.859758632721,1.0087028063423782,1580.8264246663653,0.9928759828493184
1580.861147548024,1.0038042586684826,1580.861147548024,1.000735912242841,1580.861147548024,1.0045429705118527,1580.8278135821351,0.9995131707889804
1580.8625364633272,1.0012361649779957,1580.8625364633272,1.000592118351476,1580.8625364633272,1.0018290152854408,1580.829202497439,1.0088753845454128
1580.8639253786314,1.0111215408509864,1580.8639253786314,1.0004590038934997,1580.8639253786314,1.0115856495750384,1580.8305914127425,0.9958360126980902
1580.8653142934695,1.0044425800525012,1580.8653142934695,1.0004923163214487,1580.8653142934695,1.004937083528619,1580.8319803280456,1.0050109489676229
1580.8667032087722,0.9923678374511766,1580.8667032087722,1.0004442514090397,1580.8667032087722,0.99280869826125,1580.8333692433494,1.0071320740803316
1580.8680921240748,0.9899998347562381,1580.8680921240748,1.0004151870759848,1580.8680921240748,0.990410869892856,1580.834758158653,0.9894119336228312
1580.869481038913,0.9984110246265704,1580.869481038913,1.0004314003416797,1580.869481038913,0.998841739483731,1580.836147073956,1.0105126633561707
1580.8708699542171,1.006294776646856,1580.8708699542171,1.0003041177495147,1580.8708699542171,1.006600808749678,1580.83753598926,1.0065517291324215
1580.8722588695202,1.0029493601987827,1580.8722588695202,1.0002411185814577,1580.8722588695202,1.0031911899257877,1580.838924904564,0.9938557915993348
1580.8736477843577,1.0162464742954505,1580.8736477843577,1.0001581554290464,1580.8736477843577,1.0164071991926096,1580.840313819867,0.9995730749834764
1580.875036699662,1.0146447182527103,1580.875036699662,1.000063628079984,1580.875036699662,1.0147092781479985,1580.8417027351709,1.0011107184810069
1580.8764256149652,0.9913320763646237,1580.8764256149652,0.999934164011471,1580.8764256149652,0.9912668110374157,1580.8430916500088,0.9974740295482052
1580.877814529803,1.0070399225393039,1580.877814529803,0.999808982119891,1580.877814529803,1.0068475599081153,1580.8444805653126,1.0027095577419085
1580.879203445107,0.9978358114582788,1580.879203445107,0.9997574400301311,1580.879203445107,0.9975937764339174,1580.845869480616,0.9866415183855906
1580.8805923599448,1.0033091430196628,1580.8805923599448,0.999777121807295,1580.8805923599448,1.0030855272911423,1580.8472583959192,0.98812596154612
1580.881981275248,0.9871118516235741,1580.881981275248,0.999781100106276,1580.881981275248,0.98689577294416,1580.8486473112232,0.9996621317325832
1580.8833701900858,0.9894918191186123,1580.8833701900858,0.9996846877684031,1580.8833701900858,0.9891798202449792,1580.8500362265272,0.9913387083714666
1580.8847591053898,1.009473635439417,1580.8847591053898,0.9995713156312849,1580.8847591053898,1.009040889871274,1580.8514251418303,1.0075321529152357
1580.886148020228,0.9878028122402738,1580.886148020228,0.9995392048959538,1580.886148020228,0.9873476375406304,1580.852814057134,0.9940791100081796
1580.8875369355314,1.000692375723703,1580.8875369355314,0.999541316053014,1580.8875369355314,1.0002333741950873,1580.854202971972,1.005193859721659
1580.888925850369,1.0028274645423938,1580.888925850369,0.9994001888554258,1580.888925850369,1.0022259574530763,1580.8555918872753,0.9892682619612886
1580.8903147656729,1.0072782348734233,1580.8903147656729,0.9993710036975545,1580.8903147656729,1.006644660588154,1580.8569808025786,0.9920116157554304
1580.8917036805103,0.9895184913339219,1580.8917036805103,0.9993707108655633,1580.8917036805103,0.9888957980990012,1580.8583697178824,0.9890779093104004
1580.893092595814,1.0022758444695015,1580.893092595814,0.9994413377129184,1580.893092595814,1.0017159107539435,1580.859758632721,1.0087028063423782
1580.894481510652,1.0015913373916283,1580.894481510652,0.9994759941014035,1580.894481510652,1.001066497622852,1580.861147548024,1.0045429705118527
1580.8958704254903,1.0161663752200063,1580.8958704254903,0.999392913619154,1580.8958704254903,1.0155494744529368,1580.8625364633272,1.0018290152854408
1580.8972593407934,0.9889190765911245,1580.8972593407934,0.9994205225447133,1580.8972593407934,0.988346020281137,1580.8639253786314,1.0115856495750384
1580.898648255631,0.9932641818695312,1580.898648255631,0.9993592578198411,1580.898648255631,0.9926277556121664,1580.8653142934695,1.004937083528619
1580.900037170935,0.9992064562011186,1580.900037170935,0.99925607875826,1580.900037170935,0.9984631252934668,1580.8667032087722,0.99280869826125
1580.9014260857734,1.0007567888187563,1580.9014260857734,0.9992645865940887,1580.9014260857734,1.0000208188602022,1580.8680921240748,0.990410869892856
1580.902815000611,1.0049202505587986,1580.902815000611,0.9992107794414234,1580.902815000611,1.0041271468373276,1580.869481038913,0.998841739483731
1580.9042039159144,0.9967901223745288,1580.9042039159144,0.9991213636836559,1580.9042039159144,0.9959143063732374,1580.8708699542171,1.006600808749678
1580.9055928307523,1.008792012194319,1580.9055928307523,0.9989708468680932,1580.9055928307523,1.0077538107355266,1580.8722588695202,1.0031911899257877
1580.906981745591,0.9986280729344209,1580.906981745591,0.9990412057000789,1580.906981745591,0.9976705940303502,1580.8736477843577,1.0164071991926096
1580.9083706604283,1.0138926971278952,1580.9083706604283,0.9990408981299482,1580.9083706604283,1.012920270746048,1580.875036699662,1.0147092781479985
1580.9097595757316,0.9877414483133163,1580.9097595757316,0.9991520484053219,1580.9097595757316,0.9869038913770894,1580.8764256149652,0.9912668110374157
1580.9111484905702,1.0176937038687535,1580.9111484905702,0.9991662733940513,1580.9111484905702,1.0168452255511315,1580.877814529803,1.0068475599081153
1580.912537405408,0.9941499272138233,1580.912537405408,0.99908919350028,1580.912537405408,0.9932444489984208,1580.879203445107,0.9975937764339174
1580.9139263202453,1.005321546106207,1580.9139263202453,0.9991322496773469,1580.9139263202453,1.0044491780102034,1580.8805923599448,1.0030855272911423
1580.915315235549,1.0043081969160332,1580.915315235549,0.9991944105694628,1580.915315235549,1.0034991368475958,1580.881981275248,0.98689577294416
1580.9167041503874,1.0077479072628923,1580.9167041503874,0.9991743796191925,1580.9167041503874,1.00691589005194,1580.8833701900858,0.9891798202449792
1580.918093065225,0.9899679098405944,1580.918093065225,0.9991809994063536,1580.918093065225,0.989157125534744,1580.8847591053898,1.009040889871274
1580.9194819800628,1.0072269559312972,1580.9194819800628,0.9990585027977359,1580.9194819800628,1.006278654570243,1580.886148020228,0.9873476375406304
1580.922259810205,1.0048136075181902,1580.922259810205,0.9989058117880849,1580.922259810205,1.003714152313672,1580.8875369355314,1.0002333741950873
1580.9236487250428,0.9908994660760375,1580.9236487250428,0.998850732192419,1580.9236487250428,0.9897606572191272,1580.888925850369,1.0022259574530763
1580.9250376398804,1.006206969297551,1580.9250376398804,0.9987498669083407,1580.9250376398804,1.004949076668174,1580.8903147656729,1.006644660588154
1580.9264265547183,0.9993417558406209,1580.9264265547183,0.9988642761992058,1580.9264265547183,0.9982067796233852,1580.8917036805103,0.9888957980990012
1580.9278154695562,1.0179044156173545,1580.9278154695562,0.9988402894065321,1580.9278154695562,1.0167239410834252,1580.893092595814,1.0017159107539435
1580.929204384394,1.0031875361790175,1580.929204384394,0.9987707410978192,1580.929204384394,1.0019543589696125,1580.894481510652,1.001066497622852
1580.930593299232,1.0004215320820373,1580.930593299232,0.9987937332736234,1580.930593299232,0.9992147568755362,1580.8958704254903,1.0155494744529368
1580.9319822140703,0.9867192163391145,1580.9319822140703,0.998762521389845,1580.9319822140703,0.985498172414666,1580.8972593407934,0.988346020281137
1580.9333711289078,0.9883353061785736,1580.9333711289078,0.9987282352568823,1580.9333711289078,0.9870783761817972,1580.898648255631,0.9926277556121664
1580.9347600437454,1.001750917174247,1580.9347600437454,0.9986100498827042,1580.9347600437454,1.0003585333694194,1580.900037170935,0.9984631252934668
1580.936148958584,1.0113508631283183,1580.936148958584,0.9986880484525258,1580.936148958584,1.0100240197983978,1580.9014260857734,1.0000208188602022
1580.937537873422,1.0013521688276437,1580.937537873422,0.9987986318300287,1580.937537873422,1.0001491762050825,1580.902815000611,1.0041271468373276
1580.9389267882598,0.9983807462304856,1580.9389267882598,0.9987556449934797,1580.9389267882598,0.9971384061505002,1580.9042039159144,0.9959143063732374
1580.9403157030974,1.0111699904141365,1580.9403157030974,0.9986968073730149,1580.9403157030974,1.0098522411380002,1580.9055928307523,1.0077538107355266
1580.9417046179356,0.9927844255454411,1580.9417046179356,0.9986754196876722,1580.9417046179356,0.991469402840978,1580.906981745591,0.9976705940303502
1580.943093532774,1.0020614860923591,1580.943093532774,0.9986028925507833,1580.943093532774,1.0006614985255664,1580.9083706604283,1.012920270746048
1580.9444824476109,0.9911698042750846,1580.9444824476109,0.9985985277388791,1580.9444824476109,0.9897807072883325,1580.9097595757316,0.9869038913770894
1580.9458713624476,1.0004135773457294,1580.9458713624476,0.9984982204428651,1580.9458713624476,0.9989111766865914,1580.9111484905702,1.0168452255511315
1580.9472602772862,0.988561134283363,1580.9472602772862,0.9985139585006625,1580.9472602772862,0.9870920914131858,1580.912537405408,0.9932444489984208
1580.948649191658,1.0104632096179689,1580.948649191658,0.9984428593835843,1580.948649191658,1.008889776312879,1580.9139263202453,1.0044491780102034
1580.9500381064954,0.9945720356401404,1580.9500381064954,0.998428695833425,1580.9500381064954,0.99300926045658,1580.915315235549,1.0034991368475958
1580.951427021334,0.9993987336902204,1580.951427021334,0.9984143941204373,1580.951427021334,0.9978140811820536,1580.9167041503874,1.00691589005194
1580.952815936172,1.0082097651114355,1580.952815936172,0.9984432478103884,1580.952815936172,1.0066402323520105,1580.918093065225,0.989157125534744
1580.9542048510098,1.016080169276482,1580.9542048510098,0.9984016023731147,1580.9542048510098,1.0144560691451854,1580.9194819800628,1.006278654570243
1580.9555937658474,1.0057048233632955,1580.9555937658474,0.9984383666966393,1580.9555937658474,1.004134281217781,1580.922259810205,1.003714152313672
1580.95698268022,0.9944144168802274,1580.95698268022,0.998462758600965,1580.95698268022,0.9928857618708018,1580.9236487250428,0.9897606572191272
1580.9583715950585,0.9944187521205191,1580.9583715950585,0.9984350888568098,1580.9583715950585,0.9928625751343284,1580.9250376398804,1.004949076668174
1580.959760509896,1.0041287191024075,1580.959760509896,0.9985553749147239,1580.959760509896,1.002678129565946,1580.9264265547183,0.9982067796233852
1580.9611494247335,0.9972291324810063,1580.9611494247335,0.9985234496608054,1580.9611494247335,0.9957566734671868,1580.9278154695562,1.0167239410834252
1580.9625383391062,0.9866016386020486,1580.9625383391062,0.998465999861429,1580.9625383391062,0.9850881915517188,1580.929204384394,1.0019543589696125
1580.963927253944,1.0007304439414126,1580.963927253944,0.9984513713035796,1580.963927253944,0.9991806840585435,1580.930593299232,0.9992147568755362
1580.9653161687816,1.0077781465338653,1580.9653161687816,0.9984875477928027,1580.9653161687816,1.006253930251775,1580.9319822140703,0.985498172414666
1580.966705083154,0.9990224405606665,1580.966705083154,0.998481902152299,1580.966705083154,0.9975058267438464,1580.9333711289078,0.9870783761817972
1580.968093997992,1.0065969027350024,1580.968093997992,0.9985475569667753,1580.968093997992,1.0051348780763594,1580.9347600437454,1.0003585333694194
1580.9694829128298,0.9907201366112341,1580.9694829128298,0.9985853689533274,1580.9694829128298,0.9893186331474202,1580.936148958584,1.0100240197983978
1580.9708718272018,0.9951382727568323,1580.9708718272018,0.9987393122113509,1580.9708718272018,0.9938837140883504,1580.937537873422,1.0001491762050825
1580.9722607420404,1.0108343571100988,1580.9722607420404,0.9987759076702915,1580.9722607420404,1.0095970025269545,1580.9389267882598,0.9971384061505002
1580.9736496568785,0.9917352085061852,1580.9736496568785,0.9987763152945923,1580.9736496568785,0.990521637299722,1580.9403157030974,1.0098522411380002
1580.9750385712505,1.007777578758044,1580.9750385712505,0.998760298001436,1580.9750385712505,1.0065282348795497,1580.9417046179356,0.991469402840978
1580.976427486088,0.9853042551436434,1580.976427486088,0.9986794272427888,1580.976427486088,0.9840030891867364,1580.943093532774,1.0006614985255664
1580.9778164004606,1.0047316933578254,1580.9778164004606,0.9987537821674445,1580.9778164004606,1.0034795788046291,1580.9444824476109,0.9897807072883325
1580.979205315299,0.9915095296399022,1580.979205315299,0.998659754159188,1580.979205315299,0.9901806631166769,1580.9458713624476,0.9989111766865914
1580.9805942301364,0.993760418409443,1580.9805942301364,0.9986564235475428,1580.9805942301364,0.992425225311884,1580.9472602772862,0.9870920914131858
1580.9819831445084,0.9976325158797685,1580.9819831445084,0.9986935987345469,1580.9819831445084,0.996329207498566,1580.948649191658,1.008889776312879
1580.983372059347,1.0072662624445283,1580.983372059347,0.9987284454401946,1580.983372059347,1.005985468435579,1580.9500381064954,0.99300926045658
1580.9847609737187,0.9945086539773079,1580.9847609737187,0.9987137248388587,1580.9847609737187,0.9932294421981568,1580.951427021334,0.9978140811820536
1580.9861498885562,0.9932655726321644,1580.9861498885562,0.9986829894217064,1580.9861498885562,0.991957431365953,1580.952815936172,1.0066402323520105
1580.987538802929,0.9899696762280952,1580.987538802929,0.9985972162061287,1580.987538802929,0.9885809628098584,1580.9542048510098,1.0144560691451854
1580.9889277173015,1.006818013620998,1580.9889277173015,0.9985697384629337,1580.9889277173015,1.0053780005412905,1580.9555937658474,1.004134281217781
1580.9903166321392,1.0037138662745235,1580.9903166321392,0.9985531978139441,1580.9903166321392,1.002261690858623,1580.95698268022,0.9928857618708018
1580.9917055465112,1.0006811970606027,1580.9917055465112,0.9986572350488924,1580.9917055465112,0.9993375174219572,1580.9583715950585,0.9928625751343284
1580.9930944613493,1.0124198556833413,1580.9930944613493,0.9986927101491309,1580.9930944613493,1.011096329481188,1580.959760509896,1.002678129565946
1580.9944833757222,0.9808496283510144,1580.9944833757222,0.998759779110542,1580.9944833757222,0.9796331581525164,1580.9611494247335,0.9957566734671868
1580.9958722900942,0.9962992458849113,1580.9958722900942,0.9986226511086002,1580.9958722900942,0.9949269942230892,1580.9625383391062,0.9850881915517188
1580.9972612049316,1.00103562487982,1580.9972612049316,0.9985044955453266,1580.9972612049316,0.9995385716435254,1580.963927253944,0.9991806840585435
1580.9986501193043,0.9848322401437061,1580.9986501193043,0.9984618182047893,1580.9986501193043,0.9833173891205804,1580.9653161687816,1.006253930251775
1581.0000390341424,0.9908851579693881,1581.0000390341424,0.9983433409915521,1581.0000390341424,0.9892435991461008,1580.966705083154,0.9975058267438464
1581.0014279485144,0.9917860318785672,1581.0014279485144,0.9984086831586827,1581.0014279485144,0.9902077860630556,1580.968093997992,1.0051348780763594
1581.0028168628864,0.9889584512772626,1581.0028168628864,0.9983986275781268,1581.0028168628864,0.9873747604870088,1580.9694829128298,0.9893186331474202
1581.004205777259,1.0053164635013636,1581.004205777259,0.9984491093681458,1581.004205777259,1.0037573276160705,1580.9708718272018,0.9938837140883504
1581.0055946920966,1.0118009730753497,1581.0055946920966,0.9983787775103665,1581.0055946920966,1.010160618582767,1580.9722607420404,1.0095970025269545
1581.0069836064686,0.9973563782884375,1581.0069836064686,0.9985237658665463,1581.0069836064686,0.9958840467595904,1580.9736496568785,0.990521637299722
1581.0083725208412,0.9822829749764885,1581.0083725208412,0.9986076115653751,1581.0083725208412,0.9809152555226024,1580.9750385712505,1.0065282348795497
1581.009761435214,1.0046022195994926,1581.009761435214,0.9985271112236658,1581.009761435214,1.003122552265564,1580.976427486088,0.9840030891867364
1581.0111503500516,0.9984082201770265,1581.0111503500516,0.9986765395674132,1581.0111503500516,0.9970868664020528,1580.9778164004606,1.0034795788046291
1581.0125392644236,0.9859993531325798,1581.0125392644236,0.9987090636873701,1581.0125392644236,0.9847264907633914,1580.979205315299,0.9901806631166769
1581.013928178796,0.9988484929306531,1581.013928178796,0.9986115756778963,1581.013928178796,0.9974616673889716,1580.9805942301364,0.992425225311884
1581.0153170931687,0.9936136170890897,1581.0153170931687,0.9985763688091714,1581.0153170931687,0.9921990777521696,1580.9819831445084,0.996329207498566
1581.0167060075405,1.004276945903233,1581.0167060075405,0.998626501742677,1581.0167060075405,1.0028975732681653,1580.983372059347,1.005985468435579
1581.0180949223782,1.0031667812309,1581.0180949223782,0.9986234793950379,1581.0180949223782,1.0017859014863222,1580.9847609737187,0.9932294421981568
1581.019483836751,0.9838248727628811,1581.019483836751,0.9985940919182271,1581.019483836751,0.9824417054232146,1580.9861498885562,0.991957431365953
1581.0208727511222,1.0053365712321367,1581.0208727511222,0.9984829138053944,1581.0208727511222,1.0038113889989884,1580.987538802929,0.9885809628098584
1581.0222616654933,0.9704418549299938,1581.0222616654933,0.9986116800720964,1581.0222616654933,0.9690945711639228,1580.9889277173015,1.0053780005412905
1581.0236505798662,0.9967540676603693,1581.0236505798662,0.9986013080897164,1581.0236505798662,0.9953599158093904,1580.9903166321392,1.002261690858623
1581.0250394942386,0.9981350642954328,1581.0250394942386,0.9986239450058263,1581.0250394942386,0.9967615755553492,1580.9917055465112,0.9993375174219572
1581.0264284086106,1.0007738345974568,1581.0264284086106,0.9986303666936532,1581.0264284086106,0.9994031414214718,1580.9930944613493,1.011096329481188
1581.0278173229826,0.9874081718961851,1581.0278173229826,0.9986327719805876,1581.0278173229826,0.986058159776972,1580.9944833757222,0.9796331581525164
1581.029206237355,0.987908110756313,1581.029206237355,0.9986641154272602,1581.029206237355,0.9865883795518692,1580.9958722900942,0.9949269942230892
1581.030595151728,1.0048888130049685,1581.030595151728,0.9986367311618587,1581.030595151728,1.003518879400402,1580.9972612049316,0.9995385716435254
1581.0319840660998,1.0075588689787096,1581.0319840660998,0.9986999677838739,1581.0319840660998,1.0062490099893937,1580.9986501193043,0.9833173891205804
1581.0333729804715,1.0039253334717442,1581.0333729804715,0.9986233845795334,1581.0333729804715,1.00254331437669,1581.0000390341424,0.9892435991461008
1581.0347618948445,0.9978256644826167,1581.0347618948445,0.9986870431449297,1581.0347618948445,0.9965155624362692,1581.0014279485144,0.9902077860630556
1581.036150809217,0.9985037605220115,1581.036150809217,0.9987037424048354,1581.036150809217,0.9972094424386344,1581.0028168628864,0.9873747604870088
1581.037539723589,1.0038734780228702,1581.037539723589,0.9988255605807741,1581.037539723589,1.0026944894383647,1581.004205777259,1.0037573276160705
1581.038928637961,1.0052053381998414,1581.038928637961,0.9988096112002209,1581.038928637961,1.0040087530237702,1581.0055946920966,1.010160618582767
1581.0403175523334,1.0021056495931682,1581.0403175523334,0.9988219325866623,1581.0403175523334,1.0009251015826608,1581.0069836064686,0.9958840467595904
1581.0417064667054,0.9930484641213047,1581.0417064667054,0.9987678624282064,1581.0417064667054,0.9918248917980488,1581.0083725208412,0.9809152555226024
1581.0430953810774,0.9942773418586413,1581.0430953810774,0.9988733249061071,1581.0430953810774,0.9931571143411472,1581.009761435214,1.003122552265564
1581.0444842949844,1.0028311152857943,1581.0444842949844,0.9988718141298324,1581.0444842949844,1.0016997353913644,1581.0111503500516,0.9970868664020528
1581.045873209357,0.9904515905533675,1581.045873209357,0.9989337406125577,1581.045873209357,0.9893955122471328,1581.0125392644236,0.9847264907633914
1581.047262123729,0.9998821996639623,1581.047262123729,0.9988249552295226,1581.047262123729,0.9987072933141538,1581.013928178796,0.9974616673889716
1581.048651038101,0.993628891162658,1581.048651038101,0.9989384085717392,1581.048651038101,0.9925740632489274,1581.0153170931687,0.9921990777521696
1581.0500399524735,1.0051580932469313,1581.0500399524735,0.9988940046114032,1581.0500399524735,1.0040463930309895,1581.0167060075405,1.0028975732681653
1581.0514288663803,1.006417023822668,1581.0514288663803,0.9988455627204462,1581.0514288663803,1.0052551784915895,1581.0180949223782,1.0017859014863222
1581.0528177807523,0.9938312387785718,1581.0528177807523,0.9987277805687298,1581.0528177807523,0.9925668673651944,1581.019483836751,0.9824417054232146
1581.0542066951243,0.9951473465221857,1581.0542066951243,0.9986460915538677,1581.0542066951243,0.9938000081245832,1581.0208727511222,1.0038113889989884
1581.0555956094972,0.9979135337018906,1581.0555956094972,0.9986917385203866,1581.0555956094972,0.9966080018657636,1581.0222616654933,0.9690945711639228
1581.0569845234031,1.0032191170745008,1581.0569845234031,0.998824454170364,1581.0569845234031,1.002039787025213,1581.0236505798662,0.9953599158093904
1581.0583734377751,0.9883902327223789,1581.0583734377751,0.9988997958127269,1581.0583734377751,0.987302801649678,1581.0250394942386,0.9967615755553492
1581.059762352148,0.9996222696204707,1581.059762352148,0.9989278468487325,1581.059762352148,0.99855052145402,1581.0264284086106,0.9994031414214718
1581.0611512660548,1.0075325166658529,1581.0611512660548,0.9987979372415912,1581.0611512660548,1.006321399349683,1581.0278173229826,0.986058159776972
1581.0625401804268,0.9924285511424136,1581.0625401804268,0.998816754341943,1581.0625401804268,0.9912542643683424,1581.029206237355,0.9865883795518692
1581.0639290947988,0.9964009406959041,1581.0639290947988,0.9988290480842493,1581.0639290947988,0.9952342031055404,1581.030595151728,1.003518879400402
1581.0653180087056,1.0221995060126257,1581.0653180087056,0.9986934711405108,1581.0653180087056,1.0208639728578646,1581.0319840660998,1.0062490099893937
1581.0667069230783,1.0002984364761023,1581.0667069230783,0.9986989255738351,1581.0667069230783,0.9989969737618706,1581.0333729804715,1.00254331437669
1581.0680958374503,1.005893236612556,1581.0680958374503,0.9986525087088085,1581.0680958374503,1.004537804236352,1581.0347618948445,0.9965155624362692
1581.0694847513564,0.9853268876719707,1581.0694847513564,0.9987788295722569,1581.0694847513564,0.9841236356150856,1581.036150809217,0.9972094424386344
1581.070873665729,1.0075558968405143,1581.070873665729,0.9987699990139112,1581.070873665729,1.0063166020938608,1581.037539723589,1.0026944894383647
1581.072262579636,0.9990012644003179,1581.072262579636,0.9988141540696601,1581.072262579636,0.9978166028165244,1581.038928637961,1.0040087530237702
1581.073651494008,0.9964175872009652,1581.073651494008,0.9988140278513243,1581.073651494008,0.9952358636940942,1581.0403175523334,1.0009251015826608
1581.0750404079145,0.991717385119021,1581.0750404079145,0.9989313229888773,1581.0750404079145,0.9906575595480136,1581.0417064667054,0.9918248917980488
1581.076429322287,1.0041315024338893,1581.076429322287,0.9988627781755475,1581.076429322287,1.0029895821747012,1581.0430953810774,0.9931571143411472
1581.0778182361933,1.003146693321977,1581.0778182361933,0.9988483146227423,1581.0778182361933,1.0019913839440338,1581.0444842949844,1.0016997353913644
1581.0792071505653,1.0012184246900384,1581.0792071505653,0.9988093801459696,1581.0792071505653,1.0000263541553815,1581.045873209357,0.9893955122471328
1581.0805960644725,1.0122248489023657,1581.0805960644725,0.998824774772839,1581.0805960644725,1.0110352567243766,1581.047262123729,0.9987072933141538
1581.081984978845,1.0039477688458645,1581.081984978845,0.998919872691686,1581.081984978845,1.0028633774446132,1581.048651038101,0.9925740632489274
1581.0833738927513,1.0060542155577747,1581.0833738927513,0.9989774389886577,1581.0833738927513,1.0050254637416487,1581.0500399524735,1.0040463930309895
1581.0847628071233,1.0048937287407964,1581.0847628071233,0.9988856580480495,1581.0847628071233,1.0037739335016085,1581.0514288663803,1.0052551784915895
1581.08615172103,1.000143799180149,1581.08615172103,0.9988359365449172,1581.08615172103,0.9989795683336956,1581.0528177807523,0.9925668673651944
1581.0875406349369,0.9929449998361795,1581.0875406349369,0.9988909491145802,1581.0875406349369,0.991843773304938,1581.0542066951243,0.9938000081245832
1581.088929549309,1.005085776768742,1581.088929549309,0.9989336273669726,1581.088929549309,1.0040139808025508,1581.0555956094972,0.9966080018657636
1581.0903184632152,1.0016125072275248,1581.0903184632152,0.9988406425600389,1581.0903184632152,1.0004512803153125,1581.0569845234031,1.002039787025213
1581.0917073771222,1.0068168907909227,1581.0917073771222,0.9988754311662276,1581.0917073771222,1.0056846558942236,1581.0583734377751,0.987302801649678
1581.093096291494,1.0107893571885156,1581.093096291494,0.9987898276734847,1581.093096291494,1.00956612788051,1581.059762352148,0.99855052145402
1581.0944852054,1.0123676786478801,1581.0944852054,0.998787316244929,1581.0944852054,1.011139996809825,1581.0611512660548,1.006321399349683
1581.0958741193062,0.9954624074962457,1581.0958741193062,0.9988344862813471,1581.0958741193062,0.9943021824039056,1581.0625401804268,0.9912542643683424
1581.0972630336787,1.000965334764932,1581.0972630336787,0.9987441367559281,1581.0972630336787,0.9997082591924108,1581.0639290947988,0.9952342031055404
1581.098651947585,0.9888380875631677,1581.098651947585,0.998783561534025,1581.098651947585,0.9876352268768348,1581.0653180087056,1.0208639728578646
1581.1000408614914,0.9983142831567758,1581.1000408614914,0.9986742803343063,1581.1000408614914,0.996990798279052,1581.0667069230783,0.9989969737618706
1581.1014297753982,1.0039818589542504,1581.1014297753982,0.9986694639067125,1581.1014297753982,1.002646024853906,1581.0680958374503,1.004537804236352
1581.1028186893054,0.9952681125441211,1581.1028186893054,0.9986282380410317,1581.1028186893054,0.9939028416083588,1581.0694847513564,0.9841236356150856
1581.1042076036772,0.9897538943916204,1581.1042076036772,0.9986221056904993,1581.1042076036772,0.988390118132732,1581.070873665729,1.0063166020938608
1581.1055965175833,0.9979662202505544,1581.1055965175833,0.9986915828806118,1581.1055965175833,0.9966604641634074,1581.072262579636,0.9978166028165244
1581.1069854314906,0.9958363072138977,1581.1069854314906,0.998759245991497,1581.1069854314906,0.9946007193239093,1581.073651494008,0.9952358636940942
1581.1083743453974,1.0070299631112567,1581.1083743453974,0.9986735506811122,1581.1083743453974,1.005694188902588,1581.0750404079145,0.9906575595480136
1581.1097632593037,1.0019612386505286,1581.1097632593037,0.9987545497650222,1581.1097632593037,1.0007133457904127,1581.076429322287,1.0029895821747012
1581.11115217321,0.9925739953667013,1581.11115217321,0.9988818765052436,1581.11115217321,0.9914641750621976,1581.0778182361933,1.0019913839440338
1581.1125410875825,1.0055401134241952,1581.1125410875825,0.9989687775549573,1581.1125410875825,1.0045031778898414,1581.0792071505653,1.0000263541553815
1581.1139300014888,1.003783037201648,1581.1139300014888,0.9988927004686826,1581.1139300014888,1.0026715487150104,1581.0805960644725,1.0110352567243766
1581.1153189153952,1.006637807779208,1581.1153189153952,0.9989084538222304,1581.1153189153952,1.0055390161277282,1581.081984978845,1.0028633774446132
1581.116707829302,0.9965282532744039,1581.116707829302,0.998910787486138,1581.116707829302,0.9954428222305204,1581.0833738927513,1.0050254637416487
1581.1180967432092,1.0095944205961873,1581.1180967432092,0.9988463185854572,1581.1180967432092,1.0084296702769195,1581.0847628071233,1.0037739335016085
1581.1194856571155,0.9872931787883532,1581.1194856571155,0.9989451900316548,1581.1194856571155,0.986251772101688,1581.08615172103,0.9989795683336956
1581.1208745710217,0.9859665548878429,1581.1208745710217,0.9989990987861137,1581.1208745710217,0.9849796997662044,1581.0875406349369,0.991843773304938
1581.122263484929,1.0020230318964407,1581.122263484929,0.9990249576759699,1581.122263484929,1.0010460170306887,1581.088929549309,1.0040139808025508
1581.1236523988357,0.9935819503729086,1581.1236523988357,0.9991302640322378,1581.1236523988357,0.99271779641375,1581.0903184632152,1.0004512803153125
1581.1250413127418,0.9999031111831984,1581.1250413127418,0.9991725066019216,1581.1250413127418,0.9990756979599762,1581.0917073771222,1.0056846558942236
1581.1264302266482,1.005181089522505,1581.1264302266482,0.9991990493816291,1581.1264302266482,1.0043759891072772,1581.093096291494,1.00956612788051
1581.1278191405552,1.004598671096538,1581.1278191405552,0.9992108730458664,1581.1278191405552,1.0038059152070888,1581.0944852054,1.011139996809825
1581.1292080539963,0.9955786046592554,1581.1292080539963,0.9991095716024239,1581.1292080539963,0.9946921131976476,1581.0958741193062,0.9943021824039056
1581.1305969679029,1.0145561942984416,1581.1305969679029,0.9991082691483311,1581.1305969679029,1.0136514832392338,1581.0972630336787,0.9997082591924108
1581.1319858818092,1.0012673005436012,1581.1319858818092,0.9991159089909862,1581.1319858818092,1.0003820891255712,1581.098651947585,0.9876352268768348
1581.133374795716,0.9974086307307815,1581.133374795716,0.9991406843199073,1581.133374795716,0.9965515418549348,1581.1000408614914,0.996990798279052
1581.1347637096223,1.0130664701530796,1581.1347637096223,0.9990866118044374,1581.1347637096223,1.0121411471979214,1581.1014297753982,1.002646024853906
1581.1361526235287,1.005070643299255,1581.1361526235287,0.9990436399541571,1581.1361526235287,1.004109433892754,1581.1028186893054,0.9939028416083588
1581.1375415374357,0.9923373805714119,1581.1375415374357,0.9991648000393342,1581.1375415374357,0.9915085804301914,1581.1042076036772,0.988390118132732
1581.1389304508768,1.0018572307174722,1581.1389304508768,0.9991816342447876,1581.1389304508768,1.001037345068241,1581.1055965175833,0.9966604641634074
1581.140319364783,0.9964536620132298,1581.140319364783,0.9992364015681504,1581.140319364783,0.9956927715595058,1581.1069854314906,0.9946007193239093
1581.1417082786893,1.0022396288666482,1581.1417082786893,0.999136749039782,1581.1417082786893,1.0013744445446606,1581.1083743453974,1.005694188902588
1581.1430971925963,0.9990266455420191,1581.1430971925963,0.9991023197172688,1581.1430971925963,0.998129839020393,1581.1097632593037,1.0007133457904127
1581.1444861060377,0.993902203374128,1581.1444861060377,0.9990791779093376,1581.1444861060377,0.9929869962693032,1581.11115217321,0.9914641750621976
1581.145875019944,1.0063782210834724,1581.145875019944,0.9990789659262516,1581.145875019944,1.0054513124507762,1581.1125410875825,1.0045031778898414
1581.1472639338504,0.9917919334491556,1581.1472639338504,0.9991061475156531,1581.1472639338504,0.9909054177654868,1581.1139300014888,1.0026715487150104
1581.1486528472915,1.0014581786920433,1581.1486528472915,0.9991407938085619,1581.1486528472915,1.0005977196244449,1581.1153189153952,1.0055390161277282
1581.1500417611978,1.0218655722001742,1581.1500417611978,0.9991010853681642,1581.1500417611978,1.0209470022855542,1581.116707829302,0.9954428222305204
1581.1514306751042,1.0055216554754285,1581.1514306751042,0.9991343406813362,1581.1514306751042,1.004651216284248,1581.1180967432092,1.0084296702769195
1581.1528195885453,1.0000835137791582,1581.1528195885453,0.9992101562638787,1581.1528195885453,0.9992936040802014,1581.1194856571155,0.986251772101688
1581.1542085024523,1.0030777248868428,1581.1542085024523,0.9993092215638637,1581.1542085024523,1.0023848204247223,1581.1208745710217,0.9849796997662044
1581.155597416359,1.0066109920064485,1581.155597416359,0.9993308049077558,1581.155597416359,1.0059373728707988,1581.122263484929,1.0010460170306887
1581.156986329799,0.9981649931627141,1581.156986329799,0.9993396217825881,1581.156986329799,0.9975058267438464,1581.1236523988357,0.99271779641375
1581.1583752437064,0.9979540762173129,1581.1583752437064,0.9992461359629881,1581.1583752437064,0.9972017545286632,1581.1250413127418,0.9990756979599762
1581.1597641571475,1.0086425430709605,1581.1597641571475,0.9993154703158237,1581.1597641571475,1.0079520973095053,1581.1264302266482,1.0043759891072772
1581.1611530710538,1.0125205824256185,1581.1611530710538,0.9993582924104812,1581.1611530710538,1.011870840283332,1581.1278191405552,1.0038059152070888
1581.1625419844945,1.0030873356578318,1581.1625419844945,0.9993261959463126,1581.1625419844945,1.002411451344863,1581.1292080539963,0.9946921131976476
1581.1639308984013,1.0067269144987623,1581.1639308984013,0.9993296712331085,1581.1639308984013,1.0060520764875698,1581.1305969679029,1.0136514832392338
1581.165319811843,0.999898156912121,1581.165319811843,0.9993741032900263,1581.165319811843,0.999272323945401,1581.1319858818092,1.0003820891255712
1581.1667087257492,1.00327002043521,1581.1667087257492,0.999375953950518,1581.1667087257492,1.0026439337423938,1581.133374795716,0.9965515418549348
1581.168097639189,1.0066472750132038,1581.168097639189,0.9993617480882082,1581.168097639189,1.0060047804654266,1581.1347637096223,1.0121411471979214
1581.169486553095,1.0080298577715547,1581.169486553095,0.9994011338030226,1581.169486553095,1.0074261827641915,1581.1361526235287,1.004109433892754
1581.170875466536,0.9911053354471987,1581.170875466536,0.999528720195193,1581.170875466536,0.990638247518166,1581.1375415374357,0.9915085804301914
1581.1722643804424,1.0042866518766658,1581.1722643804424,0.9995888026048153,1581.1722643804424,1.0038736918213953,1581.1389304508768,1.001037345068241
1581.1736532938835,0.9997933656627992,1581.1736532938835,0.9997113195255544,1581.1736532938835,0.999504744839652,1581.140319364783,0.9956927715595058
1581.1750422073249,0.9927456045250727,1581.1750422073249,0.99962251345078,1581.1750422073249,0.9923708564125672,1581.1417082786893,1.0013744445446606
1581.176431121231,0.9867471719598248,1581.176431121231,0.9995073582405855,1581.176431121231,0.9862610590969332,1581.1430971925963,0.998129839020393
1581.1778200346716,0.9936897207084184,1581.1778200346716,0.9995272669068052,1581.1778200346716,0.993219970693072,1581.1444861060377,0.9929869962693032
1581.1792089481132,1.0065454167059584,1581.1792089481132,0.9996378793830651,1581.1792089481132,1.006180925858688,1581.145875019944,1.0054513124507762
1581.18059786202,1.0072712253586182,1581.18059786202,0.9995985044407569,1581.18059786202,1.0068668104346834,1581.1472639338504,0.9909054177654868
1581.1819867754607,0.9988907725611056,1581.1819867754607,0.9995285314575592,1581.1819867754607,0.9984198269845086,1581.1486528472915,1.0005977196244449
1581.1833756889014,1.005274444281685,1581.1833756889014,0.9996521120035539,1581.1833756889014,1.0049247213693853,1581.1500417611978,1.0209470022855542
1581.1847646028082,0.9914170614741887,1581.1847646028082,0.9996143880046032,1581.1847646028082,0.9910347591628432,1581.1514306751042,1.004651216284248
1581.1861535162489,1.0182143939568395,1581.1861535162489,0.9996055852178585,1581.1861535162489,1.0178127951484737,1581.1528195885453,0.9992936040802014
1581.1875424296895,0.9988271572153009,1581.1875424296895,0.9997224852280031,1581.1875424296895,0.998549967924502,1581.1542085024523,1.0023848204247223
1581.188931343131,0.9907429211245644,1581.188931343131,0.9997184194857025,1581.188931343131,0.9904639472232976,1581.155597416359,1.0059373728707988
1581.1903202565722,0.9927457917537559,1581.1903202565722,0.9996352110862573,1581.1903202565722,0.9923836490947594,1581.156986329799,0.9975058267438464
1581.1917091704784,0.9952484875973184,1581.1917091704784,0.9995883549861919,1581.1917091704784,0.994838798519899,1581.1583752437064,0.9972017545286632
1581.1930980839188,1.0085502279934675,1581.1930980839188,0.9995850071762251,1581.1930980839188,1.0081316868864336,1581.1597641571475,1.0079520973095053
1581.1944869973604,0.9983070387607783,1581.1944869973604,0.9995773632016919,1581.1944869973604,0.997885117470188,1581.1611530710538,1.011870840283332
1581.1958759108015,0.9947165177597738,1581.1958759108015,0.999484721441225,1581.1958759108015,0.9942039616661128,1581.1625419844945,1.002411451344863
1581.1972648242422,1.009296302371336,1581.1972648242422,0.9995512719799533,1581.1972648242422,1.0088434028399325,1581.1639308984013,1.0060520764875698
1581.198653737683,1.0078420124550294,1581.198653737683,0.9995474346837597,1581.198653737683,1.0073858981159425,1581.165319811843,0.999272323945401
1581.200042651124,0.9906990788115729,1581.200042651124,0.99964694253861,1581.200042651124,0.9903493051098062,1581.1667087257492,1.0026439337423938
1581.2014315645656,1.0027629004610692,1581.2014315645656,0.9995811320173926,1581.2014315645656,1.0023428751879195,1581.168097639189,1.0060047804654266
1581.2028204780063,1.0013599344826738,1581.2028204780063,0.9994982573326744,1581.2028204780063,1.0008575094781935,1581.169486553095,1.0074261827641915
1581.2042093914467,1.0141556729718262,1581.2042093914467,0.9994291037005235,1581.2042093914467,1.0135766952510334,1581.170875466536,0.990638247518166
1581.205598304888,1.0040703111972304,1581.205598304888,0.9993694583483819,1581.205598304888,1.0034372030448675,1581.1722643804424,1.0038736918213953
1581.2069872183288,1.0004581233577052,1581.2069872183288,0.999275192204554,1581.2069872183288,0.9997329835108784,1581.1736532938835,0.999504744839652
1581.2083761317697,0.9922710271528768,1581.2083761317697,0.9991755204289047,1581.2083761317697,0.9914529199619996,1581.1750422073249,0.9923708564125672
1581.2097650452106,0.9866958037706671,1581.2097650452106,0.9990980077677531,1581.2097650452106,0.9858058118200754,1581.176431121231,0.9862610590969332
1581.2111539586515,0.9974255624629693,1581.2111539586515,0.9990811150136433,1581.2111539586515,0.9965090430886137,1581.1778200346716,0.993219970693072
1581.2125428720924,1.0062257555124139,1581.2125428720924,0.9992028433647819,1581.2125428720924,1.0054236359748798,1581.1792089481132,1.006180925858688
1581.213931785533,0.994773519712665,1581.213931785533,0.9991367417296362,1581.213931785533,0.9939147732446342,1581.18059786202,1.0068668104346834
1581.215320698975,1.0023688221620175,1581.215320698975,0.999134431021229,1581.215320698975,1.001501202804267,1581.1819867754607,0.9984198269845086
1581.2167096124158,0.9956160479576137,1581.2167096124158,0.999148164377473,1581.2167096124158,0.9947679467416038,1581.1833756889014,1.0049247213693853
1581.2180985258565,0.9892609422044801,1581.2180985258565,0.9990352944456201,1581.2180985258565,0.9883065966788044,1581.1847646028082,0.9910347591628432
1581.2194874392972,1.0003615200557234,1581.2194874392972,0.9989295188674476,1581.2194874392972,0.9992906519227724,1581.1861535162489,1.0178127951484737
1581.2208763522726,0.9974838679902095,1581.2208763522726,0.998911237698903,1581.2208763522726,0.9963978451587894,1581.1875424296895,0.998549967924502
1581.2222652657133,0.9965571153982146,1581.2222652657133,0.9989109253186267,1581.2222652657133,0.995471790275292,1581.188931343131,0.9904639472232976
1581.223654179154,0.9940959686748788,1581.223654179154,0.9989337505381782,1581.223654179154,0.99303601438328,1581.1903202565722,0.9923836490947594
1581.2250430925951,0.9872943868748967,1581.2250430925951,0.9988863450237206,1581.2250430925951,0.9861948815679008,1581.1917091704784,0.994838798519899
1581.226432005571,0.9993700791188588,1581.226432005571,0.9988994171058229,1581.226432005571,0.9982701895048282,1581.1930980839188,1.0081316868864336
1581.2278209190115,0.9887514830990772,1581.2278209190115,0.9988758965367752,1581.2278209190115,0.987640024132657,1581.1944869973604,0.997885117470188
1581.229209832452,1.001364775928338,1581.229209832452,0.998989048338876,1581.229209832452,1.000352444544722,1581.1958759108015,0.9942039616661128
1581.2305987458935,1.0060932474970496,1581.2305987458935,0.9989478527302823,1581.2305987458935,1.0050346892336142,1581.1972648242422,1.0088434028399325
1581.231987658869,0.9959332948994682,1581.231987658869,0.9989257362183384,1581.231987658869,0.9948633998318068,1581.198653737683,1.0073858981159425
1581.2333765723097,1.0029062203518164,1581.2333765723097,0.9988523263903022,1581.2333765723097,1.0017552113497168,1581.200042651124,0.9903493051098062
1581.2347654857504,1.0122712718596925,1581.2347654857504,0.9988907018948036,1581.2347654857504,1.0111483612558736,1581.2014315645656,1.0023428751879195
1581.2361543987258,1.0017915161863835,1581.2361543987258,0.9989722584107401,1581.2361543987258,1.000761933381431,1581.2028204780063,1.0008575094781935
1581.2375433121674,0.996539629537317,1581.2375433121674,0.9989827018925702,1581.2375433121674,0.99552585165821,1581.2042093914467,1.0135766952510334
1581.2389322251415,1.0053597835705177,1581.2389322251415,0.9988860692065936,1581.2389322251415,1.004239882349146,1581.205598304888,1.0034372030448675
1581.2403211385813,1.0006791308576002,1581.2403211385813,0.9988998575420679,1581.2403211385813,0.9995782412589772,1581.2069872183288,0.9997329835108784
1581.2417100520229,1.0000360355737279,1581.2417100520229,0.9989982452744895,1581.2417100520229,0.9990342447494112,1581.2083761317697,0.9914529199619996
1581.243098964998,1.0119439525658471,1581.243098964998,0.9988858444138592,1581.243098964998,1.0108164895582346,1581.2097650452106,0.9858058118200754
1581.2444878784386,1.0018426719626505,1581.2444878784386,0.9988909838548107,1581.2444878784386,1.0007316122645042,1581.2111539586515,0.9965090430886137
1581.245876791414,1.0034442376294512,1581.245876791414,0.9989024178920659,1581.245876791414,1.0023428751879195,1581.2125428720924,1.0054236359748798
1581.2472657048552,1.0045234248785238,1581.2472657048552,0.9988276871616638,1581.2472657048552,1.0033458091711291,1581.213931785533,0.9939147732446342
1581.2486546178302,0.9966543603350103,1581.2486546178302,0.9988060550370835,1581.2486546178302,0.9954644098817196,1581.215320698975,1.001501202804267
1581.2500435312709,0.9962565696133102,1581.2500435312709,0.9987368554106344,1581.2500435312709,0.9949981535177832,1581.2167096124158,0.9947679467416038
1581.2514324442466,0.9941751064740221,1581.2514324442466,0.9987694807724913,1581.2514324442466,0.9929517548899952,1581.2180985258565,0.9883065966788044
1581.252821357688,0.9936908580794975,1581.252821357688,0.9987182852859839,1581.252821357688,0.9924172298855138,1581.2194874392972,0.9992906519227724
1581.254210270663,1.0095534920056912,1581.254210270663,0.9987922632840858,1581.254210270663,1.0083342171867165,1581.2208763522726,0.9963978451587894
1581.255599183638,0.9980344373202916,1581.255599183638,0.9987071300867516,1581.255599183638,0.9967441086238944,1581.2222652657133,0.995471790275292
1581.256988097079,0.9996646181670109,1581.256988097079,0.9987235370488903,1581.256988097079,0.9983885833183854,1581.223654179154,0.99303601438328
1581.2583770100546,0.9985890591355099,1581.2583770100546,0.9986797778143438,1581.2583770100546,0.9972706997052856,1581.2250430925951,0.9861948815679008
1581.2597659230296,0.9871745943124085,1581.2597659230296,0.9986054595407183,1581.2597659230296,0.9857979394002648,1581.226432005571,0.9982701895048282
1581.2611548364705,1.0116735033843183,1581.2611548364705,0.9984902247904414,1581.2611548364705,1.0101461038087414,1581.2278209190115,0.987640024132657
1581.2625437494462,1.0006824397818406,1581.2625437494462,0.9985570420915673,1581.2625437494462,0.9992384971415276,1581.229209832452,1.000352444544722
1581.263932662421,1.0003484105855618,1581.263932662421,0.9985742104450024,1581.263932662421,0.9989221242703904,1581.2305987458935,1.0050346892336142
1581.2653215758614,0.9910378210271606,1581.2653215758614,0.9986570465361525,1581.2653215758614,0.9897069033526084,1581.231987658869,0.9948633998318068
1581.2667104888374,0.9995677698734132,1581.2667104888374,0.9986563264281871,1581.2667104888374,0.9982246770777984,1581.2333765723097,1.0017552113497168
1581.2680994018128,0.990187026645945,1581.2680994018128,0.9986026816793945,1581.2680994018128,0.9888034201727868,1581.2347654857504,1.0111483612558736
1581.2694883147878,1.0051775133682506,1581.2694883147878,0.998612154676959,1581.2694883147878,1.0037824824574964,1581.2361543987258,1.000761933381431
1581.2708772277629,1.0033585510951966,1581.2708772277629,0.9986198168232631,1581.2708772277629,1.0019737325027398,1581.2375433121674,0.99552585165821
1581.272266141204,1.0005064768997403,1581.272266141204,0.9986635674275517,1581.272266141204,0.999169367455066,1581.2389322251415,1.004239882349146
1581.27365505418,0.992139441965786,1581.27365505418,0.9986435619805875,1581.27365505418,0.9907936663061448,1581.2403211385813,0.9995782412589772
1581.2750439671547,1.0044976612879366,1581.2750439671547,0.9986071079518805,1581.2750439671547,1.003098504483174,1581.2417100520229,0.9990342447494112
1581.2764328801295,1.0021874086374967,1581.2764328801295,0.9986277745413275,1581.2764328801295,1.0008121815610032,1581.243098964998,1.0108164895582346
1581.2778217931054,1.0049656913130443,1581.2778217931054,0.998553115482226,1581.2778217931054,1.0035116220133893,1581.2444878784386,1.0007316122645042
1581.2792107060804,1.0136172880750123,1581.2792107060804,0.9985157180064261,1581.2792107060804,1.0121127941859474,1581.245876791414,1.0023428751879195
1581.2805996190557,1.010348718872677,1581.2805996190557,0.9985015802330095,1581.2805996190557,1.0088347923807646,1581.2472657048552,1.0033458091711291
1581.281988532031,0.9893070868331993,1581.281988532031,0.9984399387960867,1581.281988532031,0.9877637072282744,1581.2486546178302,0.9954644098817196
1581.2833774450064,1.0059875491796044,1581.2833774450064,0.9984063464527112,1581.2833774450064,1.004384353553326,1581.2500435312709,0.9949981535177832
1581.2847663579814,1.003443071850228,1581.2847663579814,0.9983939946614554,1581.2847663579814,1.0018315369199111,1581.2514324442466,0.9929517548899952
1581.2861552709564,1.0008179473879133,1581.2861552709564,0.9983513539974093,1581.2861552709564,0.9991679528796312,1581.252821357688,0.9924172298855138
1581.287544183932,1.0062177977608757,1581.287544183932,0.9982615019087148,1581.287544183932,1.0044684900400511,1581.254210270663,1.0083342171867165
1581.2889330969078,1.0151867606139027,1581.2889330969078,0.9981476361227557,1581.2889330969078,1.0133062653298848,1581.255599183638,0.9967441086238944
1581.2903220098829,0.9940433011129112,1581.2903220098829,0.9981680510072051,1581.2903220098829,0.9922222644886428,1581.256988097079,0.9983885833183854
1581.291710922858,0.9910554541244504,1581.291710922858,0.9981178017597435,1581.291710922858,0.9891900912927007,1581.2583770100546,0.9972706997052856
1581.2930998358331,1.0094326899100634,1581.2930998358331,0.998071160668962,1581.2930998358331,1.0074856564357293,1581.2597659230296,0.9857979394002648
1581.2944887488088,1.015105144426972,1581.2944887488088,0.9979464572285307,1581.2944887488088,1.0130205825953529,1581.2611548364705,1.0101461038087414
1581.2958776617838,1.00774235573927,1581.2958776617838,0.9979477339710604,1581.2958776617838,1.0056742003366628,1581.2625437494462,0.9992384971415276
1581.2972665747589,1.0139925268918013,1581.2972665747589,0.9979735229906893,1581.2972665747589,1.0119376943484422,1581.263932662421,0.9989221242703904
1581.2986554877348,0.9957904430761945,1581.2986554877348,0.9979999772765699,1581.2986554877348,0.9937988395622676,1581.2653215758614,0.9897069033526084
1581.3000444007096,0.9915534589895612,1581.3000444007096,0.9979939354540835,1581.3000444007096,0.9895643387501014,1581.2667104888374,0.9982246770777984
1581.3014333132187,0.9975134103771983,1581.3014333132187,0.9981232161458842,1581.3014333132187,0.9956412933143384,1581.2680994018128,0.9888034201727868
1581.3028222261946,1.0092899993103395,1581.3028222261946,0.9981146438287295,1581.3028222261946,1.007387128181538,1581.2694883147878,1.0037824824574964
1581.30421113917,0.9912987159909525,1581.30421113917,0.998003467307675,1581.30421113917,0.9893195556966168,1581.2708772277629,1.0019737325027398
1581.305600052145,0.996251765441002,1581.305600052145,0.9979054136480653,1581.305600052145,0.9941650300900184,1581.272266141204,0.999169367455066
1581.3069889646545,1.0084554784807926,1581.3069889646545,0.9978812527528937,1581.3069889646545,1.0063188162119323,1581.27365505418,0.9907936663061448
1581.30837787763,0.9957235659815896,1581.30837787763,0.9978079546881811,1581.30837787763,0.993540894806912,1581.2750439671547,1.003098504483174
1581.309766790605,1.0071462285660457,1581.309766790605,0.9978001179779453,1581.309766790605,1.0049306256842432,1581.2764328801295,1.0008121815610032
1581.3111557031136,1.0086206287984834,1581.3111557031136,0.9977953024578807,1581.3111557031136,1.0063969253772405,1581.2778217931054,1.0035116220133893
1581.3125446160884,0.9966737758287012,1581.3125446160884,0.9977905605232579,1581.3125446160884,0.9944716854429516,1581.2792107060804,1.0121127941859474
1581.3139335290643,0.9933377830136909,1581.3139335290643,0.9978353287867746,1581.3139335290643,0.991187533309792,1581.2805996190557,1.0088347923807646
1581.3153224415737,0.9949948166527366,1581.3153224415737,0.9979360909331261,1581.3153224415737,0.9929412378291544,1581.281988532031,0.9877637072282744
1581.3167113545485,1.0061452888527633,1581.3167113545485,0.997945587833334,1581.3167113545485,1.0040782517299105,1581.2833774450064,1.004384353553326
1581.3181002675242,0.9912013958955915,1581.3181002675242,0.997899547074926,1581.3181002675242,0.9891194240242452,1581.2847663579814,1.0018315369199111
1581.319489180034,0.9974714447080384,1581.319489180034,0.9978848449065808,1581.319489180034,0.995361637901224,1581.2861552709564,0.9991679528796312
1581.320878093009,1.0074319686581499,1581.320878093009,0.9979172286133734,1581.320878093009,1.0053337181798558,1581.287544183932,1.0044684900400511
1581.3222670055184,0.9968840273250313,1581.3222670055184,0.9978224578389847,1581.3222670055184,0.9947132703258884,1581.2889330969078,1.0133062653298848
1581.3236559184938,1.0063759762685265,1581.3236559184938,0.997715855062821,1581.3236559184938,1.004077267677434,1581.2903220098829,0.9922222644886428
1581.325044831004,0.9974081603629135,1581.325044831004,0.9978088008893223,1581.325044831004,0.9952226404889436,1581.291710922858,0.9891900912927007
1581.3264337439791,0.9925147550525837,1581.3264337439791,0.9977806048500698,1581.3264337439791,0.9903119726189858,1581.2930998358331,1.0074856564357293
1581.3278226564885,0.9877921128716237,1581.3278226564885,0.9977375443922083,1581.3278226564885,0.9855572770665249,1581.2944887488088,1.0130205825953529
1581.329211569464,1.0028908815670325,1581.329211569464,0.997721359261013,1581.329211569464,1.0006056535475354,1581.2958776617838,1.0056742003366628
1581.3306004819738,0.9873582661694923,1581.3306004819738,0.9976219378986403,1581.3306004819738,0.9850102668962504,1581.2972665747589,1.0119376943484422
1581.3319893949488,0.9951518520034184,1581.3319893949488,0.9975954942078384,1581.3319893949488,0.9927590036111958,1581.2986554877348,0.9937988395622676
1581.333378307458,0.9969708937226681,1581.333378307458,0.9976309524471965,1581.333378307458,0.994609022266678,1581.3000444007096,0.9895643387501014
1581.3347672199682,0.9994650207730912,1581.3347672199682,0.9976303569406333,1581.3347672199682,0.9970966454235364,1581.3014333132187,0.9956412933143384
1581.336156132943,1.0113674381499627,1581.336156132943,0.9976713237791303,1581.336156132943,1.009012290846181,1581.3028222261946,1.007387128181538
1581.3375450454523,0.9986169587930205,1581.3375450454523,0.997651310294476,1581.3375450454523,0.9962715174221416,1581.30421113917,0.9893195556966168
1581.3389339579626,1.0025416260118842,1581.3389339579626,0.9976585217560009,1581.3389339579626,1.0001941966058738,1581.305600052145,0.9941650300900184
1581.340322870938,1.0113457308409677,1581.340322870938,0.9976778383230257,1581.340322870938,1.0089972225426371,1581.3069889646545,1.0063188162119323
1581.3417117834474,0.9955306384784153,1581.3417117834474,0.9977330773910547,1581.3417117834474,0.9932738475661508,1581.30837787763,0.993540894806912
1581.3431006959568,0.9968604074888071,1581.3431006959568,0.9977778019098936,1581.3431006959568,0.9946451861951828,1581.309766790605,1.0049306256842432
1581.3444896084666,0.9934282284327136,1581.3444896084666,0.9977111125639092,1581.3444896084666,0.991154383041996,1581.3111557031136,1.0063969253772405
1581.3458785214425,1.0018900086150542,1581.3458785214425,0.9977874983616049,1581.3458785214425,0.9996733253295016,1581.3125446160884,0.9944716854429516
1581.3472674339516,0.9956211733393044,1581.3472674339516,0.9978688131526973,1581.3472674339516,0.9934993185897876,1581.3139335290643,0.991187533309792
1581.3486563464608,0.9901310704273178,1581.3486563464608,0.9979604946229662,1581.3486563464608,0.9881116927852132,1581.3153224415737,0.9929412378291544
1581.350045258971,1.0064588567605754,1581.350045258971,0.9979841522978987,1581.350045258971,1.0044299889869153,1581.3167113545485,1.0040782517299105
1581.3514341714804,0.9898590854922994,1581.3514341714804,0.9979987230579721,1581.3514341714804,0.9878781033286468,1581.3181002675242,0.9891194240242452
1581.3528230839895,1.0066836397404053,1581.3528230839895,0.9980122898583005,1581.3528230839895,1.0046826444602104,1581.319489180034,0.995361637901224
1581.3542119969652,0.9872325443431172,1581.3542119969652,0.9979330130776997,1581.3542119969652,0.9851919475846908,1581.320878093009,1.0053337181798558
1581.355600909475,0.992791926572906,1581.355600909475,0.9979320342620799,1581.355600909475,0.9907388668838696,1581.3222670055184,0.9947132703258884
1581.3569898219844,0.9990651195695063,1581.3569898219844,0.997985421605959,1581.3569898219844,0.9970524245653816,1581.3236559184938,1.004077267677434
1581.3583787344935,1.0069454020641389,1581.3583787344935,0.9978952250495013,1581.3583787344935,1.0048260086053544,1581.325044831004,0.9952226404889436
1581.3597676470035,1.0045228462823508,1581.3597676470035,0.9977691076352748,1581.3597676470035,1.0022818639343876,1581.3264337439791,0.9903119726189858
1581.3611565595138,1.018612413768072,1581.3611565595138,0.9977460804729931,1581.3611565595138,1.0163165433582286,1581.3278226564885,0.9855572770665249
1581.3625454720232,0.9887237912580581,1581.3625454720232,0.9978046532293358,1581.3625454720232,0.9865531996758408,1581.329211569464,1.0006056535475354
1581.3639343845325,1.0162072403514344,1581.3639343845325,0.9977085131776815,1581.3639343845325,1.0138786148514245,1581.3306004819738,0.9850102668962504
1581.3653232970423,1.0096821441723571,1581.3653232970423,0.9976496923645284,1581.3653232970423,1.0073090805195095,1581.3319893949488,0.9927590036111958
1581.366712209552,0.9821582193315396,1581.366712209552,0.9976506829281667,1581.366712209552,0.9798508182596226,1581.333378307458,0.994609022266678
1581.3681011220615,0.9918079864579152,1581.3681011220615,0.9975107351906403,1581.3681011220615,0.9893391137395836,1581.3347672199682,0.9970966454235364
1581.3694900345708,0.9936561842076915,1581.3694900345708,0.9974182880412067,1581.3694900345708,0.9910908501539936,1581.336156132943,1.009012290846181
1581.3708789466152,0.9938524959022721,1581.3708789466152,0.9973155209005469,1581.3708789466152,0.9911845196490832,1581.3375450454523,0.9962715174221416
1581.3722678591243,0.9876083319068264,1581.3722678591243,0.9972224923022088,1581.3722678591243,0.9848652421625524,1581.3389339579626,1.0001941966058738
1581.3736567716337,0.9858413294033035,1581.3736567716337,0.9971834643400689,1581.3736567716337,0.9830646721440052,1581.340322870938,1.0089972225426371
1581.375045684144,1.0141955674505059,1581.375045684144,0.9971760383111548,1581.375045684144,1.011331518023029,1581.3417117834474,0.9932738475661508
1581.3764345966538,1.000243635087385,1581.3764345966538,0.9971986032476443,1581.3764345966538,0.9974415558164866,1581.3431006959568,0.9946451861951828
1581.3778235091622,1.0065825338673133,1581.3778235091622,0.9972028009180915,1581.3778235091622,1.0037669221277146,1581.3444896084666,0.991154383041996
1581.3792124212057,0.9999990175363128,1581.3792124212057,0.9970848323409849,1581.3792124212057,0.997083852741344,1581.3458785214425,0.9996733253295016
1581.3806013337153,1.0052027722189913,1581.3806013337153,0.9971625534668946,1581.3806013337153,1.0023505630978906,1581.3472674339516,0.9934993185897876
1581.381990246225,0.9845171088121845,1581.381990246225,0.9971498709121029,1581.381990246225,0.9817111079628266,1581.3486563464608,0.9881116927852132
1581.3833791587344,1.0017023150216218,1581.3833791587344,0.997096087760916,1581.3833791587344,0.9987934594091116,1581.350045258971,1.0044299889869153
1581.384768070778,0.9886968326028843,1581.384768070778,0.9971424887991023,1581.384768070778,0.9858716203294294,1581.3514341714804,0.9878781033286468
1581.3861569832884,1.0032381959195533,1581.3861569832884,0.9970035896703615,1581.3861569832884,1.000232082626212,1581.3528230839895,1.0046826444602104
1581.3875458957982,1.0061212688768313,1581.3875458957982,0.9970566330202394,1581.3875458957982,1.0031598847563843,1581.3542119969652,0.9851919475846908
1581.388934807842,1.0087146167739525,1581.388934807842,0.9969892041748978,1581.388934807842,1.00567758301705,1581.355600909475,0.9907388668838696
1581.3903237203513,1.0041888717999063,1581.3903237203513,0.9971119349071785,1581.3903237203513,1.0012887089726612,1581.3569898219844,0.9970524245653816
1581.3917126323954,0.9938788991798152,1581.3917126323954,0.9970621047895691,1581.3917126323954,0.9909589871221666,1581.3583787344935,1.0048260086053544
1581.3931015449048,0.9971537800829624,1581.3931015449048,0.9972082946311059,1581.3931015449048,0.9943700205214918,1581.3597676470035,1.0022818639343876
1581.394490457414,1.0097253947765883,1581.394490457414,0.9971547565100837,1581.394490457414,1.006852480170497,1581.3611565595138,1.0163165433582286
1581.3958793694585,0.9998326341985359,1581.3958793694585,0.9971550432910263,1581.3958793694585,0.996988153638022,1581.3625454720232,0.9865531996758408
1581.3972682819683,1.001299131908425,1581.3972682819683,0.9971466661204487,1581.3972682819683,0.9984420911717854,1581.3639343845325,1.0138786148514245
1581.3986571940122,1.0007146333557069,1581.3986571940122,0.9972479153702334,1581.3986571940122,0.997960581994466,1581.3653232970423,1.0073090805195095
1581.4000461065214,1.012032868046499,1581.4000461065214,0.9971286766711875,1581.4000461065214,1.009126994462952,1581.366712209552,0.9798508182596226
1581.4014350185655,0.9913400616696961,1581.4014350185655,0.9970457530010126,1581.4014350185655,0.9884113982675324,1581.3681011220615,0.9893391137395836
1581.40282393061,1.00104689927805,1581.40282393061,0.996925450416044,1581.40282393061,0.997969130950354,1581.3694900345708,0.9910908501539936
1581.4042128431192,1.0072506438303526,1581.4042128431192,0.996812159241073,1581.4042128431192,1.0040396891734946,1581.3708789466152,0.9911845196490832
1581.405601755163,0.9896025352916602,1581.405601755163,0.996690226578685,1581.405601755163,0.986327175122686,1581.3722678591243,0.9848652421625524
1581.4069906676727,0.9963426241293913,1581.4069906676727,0.9966869931475862,1581.4069906676727,0.9930417341882988,1581.3736567716337,0.9830646721440052
1581.4083795797164,1.008790430703441,1581.4083795797164,0.9966082210470112,1581.4083795797164,1.0053688365526046,1581.375045684144,1.011331518023029
1581.40976849176,1.0056225090349522,1581.40976849176,0.9965232993822525,1581.40976849176,1.0021262606365695,1581.3764345966538,0.9974415558164866
1581.4111574042702,0.9941507215809541,1581.4111574042702,0.9965894144701,1581.4111574042702,0.9907600855153904,1581.3778235091622,1.0037669221277146
1581.4125463163143,0.9943363715032285,1581.4125463163143,0.9965376280440664,1581.4125463163143,0.990893609135771,1581.3792124212057,0.997083852741344
1581.4139352283582,1.0053001292344284,1581.4139352283582,0.9964413466994039,1581.4139352283582,1.0017226146114386,1581.3806013337153,1.0023505630978906
1581.4153241408676,1.0002191747128126,1581.4153241408676,0.9964351209113312,1581.4153241408676,0.9966535142927934,1581.381990246225,0.9817111079628266
1581.4167130529115,1.0033343176315332,1581.4167130529115,0.9964374215806422,1581.4167130529115,0.999759860444138,1581.3833791587344,0.9987934594091116
1581.418101964956,0.9934026768896347,1581.418101964956,0.9963116906903682,1581.418101964956,0.9897387005482494,1581.384768070778,0.9858716203294294
1581.4194908769996,0.9946390057435686,1581.4194908769996,0.9962043644176779,1581.4194908769996,0.9908637185418028,1581.3861569832884,1.000232082626212
1581.4208797890433,1.014254667938629,1581.4208797890433,0.9960605726241606,1581.4208797890433,1.0102590853336788,1581.3875458957982,1.0031598847563843
1581.4222687015535,1.0068976661631068,1581.4222687015535,0.9959234700719963,1581.4222687015535,1.002793017692556,1581.388934807842,1.00567758301705
1581.4236576135977,0.9955088161993404,1581.4236576135977,0.9959172182836652,1581.4236576135977,0.9914443710061116,1581.3903237203513,1.0012887089726612
1581.4250465256414,1.0097621470265774,1581.4250465256414,0.995905588580127,1581.4250465256414,1.0056277653604364,1581.3917126323954,0.9909589871221666
1581.426435437685,0.9958368795463425,1581.426435437685,0.9958521659957279,1581.426435437685,0.991706313474652,1581.3931015449048,0.9943700205214918
1581.4278243497292,0.9959779373350379,1581.4278243497292,0.995810175664332,1581.4278243497292,0.9918049647354032,1581.394490457414,1.006852480170497
1581.429213261773,0.995438008287139,1581.429213261773,0.9957939931488156,1581.429213261773,0.991251189204354,1581.3958793694585,0.996988153638022
1581.4306021738166,0.9996460166062986,1581.4306021738166,0.9957690460363172,1581.4306021738166,0.9954165603300584,1581.3972682819683,0.9984420911717854
1581.4319910858608,1.000032871518588,1581.4319910858608,0.9956660083239435,1581.4319910858608,0.9956987373776436,1581.3986571940122,0.997960581994466
1581.4333799979054,0.9964976193697651,1581.4333799979054,0.9956490100753089,1581.4333799979054,0.9921618682679086,1581.4000461065214,1.009126994462952
1581.4347689099488,1.0080346452023132,1581.4347689099488,0.995601619004069,1581.4347689099488,1.0036009247756152,1581.4014350185655,0.9884113982675324
1581.4361578219923,1.0020781534175391,1581.4361578219923,0.9955998626813838,1581.4361578219923,0.9976688719385166,1581.40282393061,0.997969130950354
1581.437546734037,1.0023926497278461,1581.437546734037,0.9956069193882833,1581.437546734037,0.9979890580129994,1581.4042128431192,1.0040396891734946
1581.438935646081,1.0091706675036611,1581.438935646081,0.995597799001937,1581.438935646081,1.0047280953839606,1581.405601755163,0.986327175122686
1581.4403245581248,1.0003905211047286,1581.4403245581248,0.9955931598403434,1581.4403245581248,0.9959819599809844,1581.4069906676727,0.9930417341882988
1581.4417134701685,1.005000869382431,1581.4417134701685,0.9954746407486798,1581.4417134701685,1.0004528794005865,1581.4083795797164,1.0053688365526046
1581.4431023822126,1.0006645135863454,1581.4431023822126,0.9954809114473,1581.4431023822126,0.9961424220379044,1581.40976849176,1.0021262606365695
1581.4444912942558,1.0027150993382166,1581.4444912942558,0.9954325530430066,1581.4444912942558,0.9981352513090128,1581.4111574042702,0.9907600855153904
1581.4458802062986,0.9997675581703686,1581.4458802062986,0.9953019541886196,1581.4458802062986,0.9950706043813522,1581.4125463163143,0.990893609135771
1581.447269117877,0.996265692455035,1581.447269117877,0.9953907122668211,1581.447269117877,0.9916736172198151,1581.4139352283582,1.0017226146114386
1581.4486580299215,1.0084030459074773,1581.4486580299215,0.9952824222419745,1581.4486580299215,1.003645826126979,1581.4153241408676,0.9966535142927934
1581.4500469419654,1.0036299114491816,1581.4500469419654,0.9952160118780412,1581.4500469419654,0.9988285578739661,1581.4167130529115,0.999759860444138
1581.451435854009,0.9994981156823464,1581.451435854009,0.9951952471876008,1581.451435854009,0.9946957743000339,1581.418101964956,0.9897387005482494
1581.4528247655876,1.0091808546035725,1581.4528247655876,0.9951944002545394,1581.4528247655876,1.004331135345566,1581.4194908769996,0.9908637185418028
1581.4542136776315,0.9955046774243685,1581.4542136776315,0.995201087506588,1581.4542136776315,0.9907273375906266,1581.4208797890433,1.0102590853336788
1581.4556025896754,1.000834976222043,1581.4556025896754,0.9953528314730797,1581.4556025896754,0.9961839274199029,1581.4222687015535,1.002793017692556
1581.4569915012537,1.0008468766769265,1581.4569915012537,0.9954053280995425,1581.4569915012537,0.9962483136559983,1581.4236576135977,0.9914443710061116
1581.4583804132978,0.9886582044923518,1581.4583804132978,0.995354347081937,1581.4583804132978,0.984065241619685,1581.4250465256414,1.0056277653604364
1581.4597693253422,1.006844038775685,1581.4597693253422,0.9952737235475521,1581.4597693253422,1.0020854155039318,1581.426435437685,0.991706313474652
1581.4611582369205,1.007168321333286,1581.4611582369205,0.9951465635929809,1581.4611582369205,1.0022800939345309,1581.4278243497292,0.9918049647354032
1581.462547148964,0.999704384924234,1581.462547148964,0.9951355479822033,1581.462547148964,0.994841370911789,1581.429213261773,0.991251189204354
1581.463936061008,1.0092514452252723,1581.463936061008,0.9950377365318461,1581.463936061008,1.0042432736484495,1581.4306021738166,0.9954165603300584
1581.465324972586,1.0060321011762159,1581.465324972586,0.9950304242446784,1581.465324972586,1.0010325484371352,1581.4319910858608,0.9956987373776436
1581.4667138846298,1.0011901617026324,1581.4667138846298,0.9950046796287441,1581.4667138846298,0.9961888960923783,1581.4333799979054,0.9921618682679086
1581.4681027962083,0.9950061458588658,1581.4681027962083,0.9950686263434722,1581.4681027962083,0.990099398763094,1581.4347689099488,1.0036009247756152
1581.469491708253,1.0113581569310635,1581.469491708253,0.9951847202883254,1581.469491708253,1.0064881845167566,1581.4361578219923,0.9976688719385166
1581.4708806198307,1.0122946620226214,1581.4708806198307,0.9950946301553188,1581.4708806198307,1.007328982313604,1581.437546734037,0.9979890580129994
1581.4722695318742,1.0099804392405587,1581.4722695318742,0.9950419900927338,1581.4722695318742,1.0049729462166588,1581.438935646081,1.0047280953839606
1581.4736584434531,0.9971271075827212,1581.4736584434531,0.9950267143140643,1581.4736584434531,0.9921681096115216,1581.4403245581248,0.9959819599809844
1581.4750473550316,1.0050106061537214,1581.4750473550316,0.9950263183301933,1581.4750473550316,1.0000120033239333,1581.4417134701685,1.0004528794005865
1581.476436267075,0.9957933583515323,1581.476436267075,0.9951095834972469,1581.476436267075,0.990923514078518,1581.4431023822126,0.9961424220379044
1581.4778251786531,0.9943840793522215,1581.4778251786531,0.9949602667492217,1581.4778251786531,0.9893726488434655,1581.4444912942558,0.9981352513090128
1581.4792140902318,1.009923861901078,1581.4792140902318,0.9949850774802382,1581.4792140902318,1.0048591719827855,1581.4458802062986,0.9950706043813522
1581.4806030022755,1.0064997720663353,1581.4806030022755,0.994964960342326,1581.4806030022755,1.0014320057985415,1581.447269117877,0.9916736172198151
1581.4819919138536,0.9943715004265887,1581.4819919138536,0.9949501012252825,1581.4819919138536,0.9893500250049705,1581.4486580299215,1.003645826126979
1581.483380825432,0.9941994721470899,1581.483380825432,0.9949374535741933,1581.483380825432,0.9891662911628327,1581.4500469419654,0.9988285578739661
1581.4847697374769,1.0030846903991564,1581.4847697374769,0.9948103006669837,1581.4847697374769,0.997878982450433,1581.451435854009,0.9946957743000339
1581.4861586490547,1.0085522050894218,1581.4861586490547,0.994718821824535,1581.4861586490547,1.0032258611950864,1581.4528247655876,1.004331135345566
1581.4875475606327,0.9963517895529584,1581.4875475606327,0.9947119123509941,1581.4875475606327,0.9910829939605585,1581.4542136776315,0.9907273375906266
1581.4889364722112,0.9967127579827383,1581.4889364722112,0.9946699794362271,1581.4889364722112,0.9914002584865156,1581.4556025896754,0.9961839274199029
1581.4903253842554,1.0046112993695877,1581.4903253842554,0.994571919726853,1581.4903253842554,0.9991581885932991,1581.4569915012537,0.9962483136559983
1581.4917142958334,0.9880314983606213,1581.4917142958334,0.9945936549569243,1581.4917142958334,0.9826898591670568,1581.4583804132978,0.984065241619685
1581.4931032074114,0.9931113918938452,1581.4931032074114,0.9945742640211709,1581.4931032074114,0.9877230316838618,1581.4597693253422,1.0020854155039318
1581.49449211899,0.9928050819460202,1581.49449211899,0.994715057456287,1581.49449211899,0.9875581641308292,1581.4611582369205,1.0022800939345309
1581.4958810305689,0.99675876590145,1581.4958810305689,0.9946832704775529,1581.4958810305689,0.9914592691440238,1581.462547148964,0.994841370911789
1581.4972699421469,0.9943084521104829,1581.4972699421469,0.9947008991569728,1581.4972699421469,0.9890395113536752,1581.463936061008,1.0042432736484495
1581.498658853725,0.999286795737989,1581.498658853725,0.9947610715586702,1581.498658853725,0.9940516037227519,1581.465324972586,1.0010325484371352
1581.5000477653034,1.0010842005663843,1581.5000477653034,0.9947761097974862,1581.5000477653034,0.9958546466191541,1581.4667138846298,0.9961888960923783
1581.5014366768814,0.9983178660730523,1581.5014366768814,0.9946773858714286,1581.5014366768814,0.9930042052942867,1581.4681027962083,0.990099398763094
1581.5028255884597,0.995989236207114,1581.5028255884597,0.994675061497511,1581.5028255884597,0.9906856547751701,1581.469491708253,1.0064881845167566
1581.504214500038,1.017562956081462,1581.504214500038,0.994734059304051,1581.504214500038,1.0122045299003426,1581.4708806198307,1.007328982313604
1581.505603411617,1.002303039128676,1581.505603411617,0.994735780027302,1581.505603411617,0.9970266954513989,1581.4722695318742,1.0049729462166588
1581.5069923231947,0.99488195032864,1581.5069923231947,0.9947719186282558,1581.5069923231947,0.9896806265370423,1581.4736584434531,0.9921681096115216
1581.5083812347723,0.9998323583740967,1581.5083812347723,0.9947652386586996,1581.5083812347723,0.9945984745966987,1581.4750473550316,1.0000120033239333
1581.5097701463517,0.9972147324784939,1581.5097701463517,0.9949025295256889,1581.5097701463517,0.9921314598231368,1581.476436267075,0.990923514078518
1581.5111590579295,1.0133617412356213,1581.5111590579295,0.9948019873909042,1581.5111590579295,1.0080942741271033,1581.4778251786531,0.9893726488434655
1581.5125479695066,0.9985057325699532,1581.5125479695066,0.9946561012998553,1581.5125479695066,0.9931698190835856,1581.4792140902318,1.0048591719827855
1581.513936880619,1.0086830850037136,1581.513936880619,0.994583364801154,1581.513936880619,1.0032194167010018,1581.4806030022755,1.0014320057985415
1581.5153257921977,1.0000130562564573,1581.5153257921977,0.9944586145120078,1581.5153257921977,0.994471598418715,1581.4819919138536,0.9893500250049705
1581.5167147037764,1.0133069565935044,1581.5167147037764,0.9944482953579548,1581.5167147037764,1.0076813756587675,1581.483380825432,0.9891662911628327
1581.5181036153542,1.0028311188013685,1581.5181036153542,0.994394117717414,1581.5181036153542,0.9972093656000541,1581.4847697374769,0.997878982450433
1581.519492526932,1.0077839915772415,1581.519492526932,0.9942742179228183,1581.519492526932,1.002013640060598,1581.4861586490547,1.0032258611950864
1581.5208814380453,1.0039565496369858,1581.5208814380453,0.9942473085948729,1581.5208814380453,0.9981810974227681,1581.4875475606327,0.9910829939605585
1581.522270349623,1.0076501849063018,1581.522270349623,0.9941626754493882,1581.522270349623,1.0017682037435196,1581.4889364722112,0.9914002584865156
1581.5236592612011,0.9957426954522081,1581.5236592612011,0.9940704068598013,1581.5236592612011,0.9898383463958517,1581.4903253842554,0.9991581885932991
1581.5250481723142,0.9986829331713367,1581.5250481723142,0.9940688150252506,1581.5250481723142,0.9927595599635722,1581.4917142958334,0.9826898591670568
1581.5264370838927,0.9922907120380925,1581.5264370838927,0.9940855653868539,1581.5264370838927,0.986421873504511,1581.4931032074114,0.9877230316838618
1581.5278259954707,0.9836973404630879,1581.5278259954707,0.9940952031838679,1581.5278259954707,0.9778888075390838,1581.49449211899,0.9875581641308292
1581.529214906583,0.996918372245151,1581.529214906583,0.9940856759501345,1581.529214906583,0.9910222739404287,1581.4958810305689,0.9914592691440238
1581.5306038181618,0.9926233768065074,1581.5306038181618,0.9941281763823018,1581.5306038181618,0.9867948674190955,1581.4972699421469,0.9890395113536752
1581.5319927292749,1.0014168947130322,1581.5319927292749,0.9940803210930999,1581.5319927292749,0.9954888282443861,1581.498658853725,0.9940516037227519
1581.533381640853,1.0003004706583152,1581.533381640853,0.9940690522635768,1581.533381640853,0.9943677408461212,1581.5000477653034,0.9958546466191541
1581.5347705519653,1.0130832305806137,1581.5347705519653,0.994059463687461,1581.5347705519653,1.0070649728617251,1581.5014366768814,0.9930042052942867
1581.5361594635438,1.0058612447750737,1581.5361594635438,0.9940450908814732,1581.5361594635438,0.9998714324765898,1581.5028255884597,0.9906856547751701
1581.537548374656,0.9950030477222549,1581.537548374656,0.9941227511956536,1581.537548374656,0.9891551672497083,1581.504214500038,1.0122045299003426
1581.5389372862342,0.9972405851973112,1581.5389372862342,0.9941301530812654,1581.5389372862342,0.9913869356210536,1581.505603411617,0.9970266954513989
1581.540326197347,0.9954225324506658,1581.540326197347,0.9941537901893868,1581.540326197347,0.9896030834757472,1581.5069923231947,0.9896806265370423
1581.54171510846,0.996010309514628,1581.54171510846,0.9941364157986978,1581.54171510846,0.9901701191994239,1581.5083812347723,0.9945984745966987
1581.5431040200378,0.9955371112828493,1581.5431040200378,0.9942230352169995,1581.5431040200378,0.9897859284507982,1581.5097701463517,0.9921314598231368
1581.5444929311502,0.9906105777341149,1581.5444929311502,0.9943263608859071,1581.5444929311502,0.9849902108134484,1581.5111590579295,1.0080942741271033
1581.5458818427292,0.9906061366690122,1581.5458818427292,0.9943282513033216,1581.5458818427292,0.9849876676044381,1581.5125479695066,0.9931698190835856
1581.547270753842,0.9988544214868459,1581.547270753842,0.9942132066786101,1581.547270753842,0.9930742573915451,1581.513936880619,1.0032194167010018
1581.5486596649544,0.992850792149152,1581.5486596649544,0.9943013395254708,1581.5486596649544,0.9871928725828266,1581.5153257921977,0.994471598418715
1581.5500485760667,0.9941635879257547,1581.5500485760667,0.9941904092905842,1581.5500485760667,0.9883879043817018,1581.5167147037764,1.0076813756587675
1581.5514374876452,1.0050005142059635,1581.5514374876452,0.9941661612298947,1581.5514374876452,0.999137503242213,1581.5181036153542,0.9972093656000541
1581.5528263987585,0.9903637515824689,1581.5528263987585,0.9941977406315329,1581.5528263987585,0.9846174042266593,1581.519492526932,1.002013640060598
1581.5542153098706,0.9968657016174964,1581.5542153098706,0.9942917784727151,1581.5542153098706,0.9911753713597115,1581.5208814380453,0.9981810974227681
1581.5556042209828,0.9995342808481609,1581.5556042209828,0.9943447513688759,1581.5556042209828,0.9938816659746327,1581.522270349623,1.0017682037435196
1581.556993132096,0.997176081025464,1581.556993132096,0.9943448613029041,1581.556993132096,0.9915369119818385,1581.5236592612011,0.9898383463958517
1581.558382043674,1.004614901741775,1581.558382043674,0.9943260339235818,1581.558382043674,0.9989147508694278,1581.5250481723142,0.9927595599635722
1581.5597709547862,1.0110484971745293,1581.5597709547862,0.9942079475353869,1581.5597709547862,1.0051924512346262,1581.5264370838927,0.986421873504511
1581.5611598658993,1.0010887200197995,1581.5611598658993,0.9941405227015945,1581.5611598658993,0.9952228633911536,1581.5278259954707,0.9778888075390838
1581.562548777012,0.986218550587254,1581.562548777012,0.9940694211578943,1581.562548777012,0.9803697037174491,1581.529214906583,0.9910222739404287
1581.5639376881245,0.9983929007652543,1581.5639376881245,0.9940025985540604,1581.5639376881245,0.992405137738589,1581.5306038181618,0.9867948674190955
1581.5653265992369,0.9963463030152716,1581.5653265992369,0.9940539549995082,1581.5653265992369,0.9904219830614692,1581.5319927292749,0.9954888282443861
1581.5667155103497,0.995993184193019,1581.5667155103497,0.9940618151951487,1581.5667155103497,0.9900787926009085,1581.533381640853,0.9943677408461212
1581.568104421463,0.9861693750893633,1581.568104421463,0.9940828569169528,1581.568104421463,0.9803340697928402,1581.5347705519653,1.0070649728617251
1581.5694933325751,0.9950890012544369,1581.5694933325751,0.9940743113264311,1581.5694933325751,0.9891924136305105,1581.5361594635438,0.9998714324765898
1581.5708822436875,1.0151919180544353,1581.5708822436875,0.9941496671236558,1581.5708822436875,1.0092527074004425,1581.537548374656,0.9891551672497083
1581.5722711548003,0.9985133985567382,1581.5722711548003,0.9941517982317732,1581.5722711548003,0.9926738907337005,1581.5389372862342,0.9913869356210536
1581.573660065913,0.9913036636160083,1581.573660065913,0.9940549940675353,1581.573660065913,0.9854103574549371,1581.540326197347,0.9896030834757472
1581.5750489765596,0.9906187788947408,1581.5750489765596,0.9939610352490259,1581.5750489765596,0.9846364670073424,1581.54171510846,0.9901701191994239
1581.576437887672,0.9911461497117675,1581.576437887672,0.9939527383832791,1581.576437887672,0.9851524296440549,1581.5431040200378,0.9897859284507982
1581.577826798784,1.0078351851585161,1581.577826798784,0.99381618595702,1581.577826798784,1.0016029197875236,1581.5444929311502,0.9849902108134484
1581.5792157098963,1.0140751452926209,1581.5792157098963,0.9939398933455069,1581.5792157098963,1.007929741756477,1581.5458818427292,0.9849876676044381
1581.580604621009,1.0031624879678165,1581.580604621009,0.9939934116575538,1581.580604621009,0.9971369038620097,1581.547270753842,0.9930742573915451
1581.581993532122,0.9923151105821791,1581.581993532122,0.9939620432066572,1581.581993532122,0.9863235548191027,1581.5486596649544,0.9871928725828266
1581.583382442769,0.9944309052661666,1581.583382442769,0.9940347494374712,1581.583382442769,0.9884988757491315,1581.5500485760667,0.9883879043817018
1581.5847713538817,0.9957090592213782,1581.5847713538817,0.9939698324228537,1581.5847713538817,0.9897047667361907,1581.5514374876452,0.999137503242213
1581.586160264994,1.0012329507517677,1581.586160264994,0.9938888611118423,1581.586160264994,0.9951142771303235,1581.5528263987585,0.9846174042266593
1581.587549175641,0.9967396968285643,1581.587549175641,0.9938414441255586,1581.587549175641,0.9906012197133719,1581.5542153098706,0.9911753713597115
1581.588938086754,1.0085787799765866,1581.588938086754,0.9937323751939198,1581.588938086754,1.0022573865963191,1581.5556042209828,0.9938816659746327
1581.5903269978662,0.9966628378485517,1581.5903269978662,0.9936072246452909,1581.5903269978662,0.9902913962217991,1581.556993132096,0.9915369119818385
1581.591715908513,1.0071566767214217,1581.591715908513,0.9935641299198933,1581.591715908513,1.0006747471997306,1581.558382043674,0.9989147508694278
1581.5931048196262,1.011857598034457,1581.5931048196262,0.9936704968435891,1581.5931048196262,1.0054530421738597,1581.5597709547862,1.0051924512346262
1581.5944937302727,0.9930536331846483,1581.5944937302727,0.9936271866126837,1581.5944937302727,0.9867250876967661,1581.5611598658993,0.9952228633911536
1581.5958826413848,0.988562063010676,1581.5958826413848,0.9936289398193139,1581.5958826413848,0.9822638746148917,1581.562548777012,0.9803697037174491
1581.5972715520325,0.9895312109764176,1581.5972715520325,0.9936219753025524,1581.5972715520325,0.9832199564739148,1581.5639376881245,0.992405137738589
1581.5986604631453,1.0106695740557805,1581.5986604631453,0.9937044976343505,1581.5986604631453,1.0043069013614223,1581.5653265992369,0.9904219830614692
1581.600049373792,1.0034822068473874,1581.600049373792,0.9936143778157015,1581.600049373792,0.9970743486057939,1581.5667155103497,0.9900787926009085
1581.6014382849044,0.9905649691275604,1581.6014382849044,0.9937157716820189,1581.6014382849044,0.9843400326977689,1581.568104421463,0.9803340697928402
1581.6028271955515,0.9962844236686497,1581.6028271955515,0.9937679114357495,1581.6028271955515,0.9900754909051633,1581.5694933325751,0.9891924136305105
1581.6042161066648,0.9939460094096708,1581.6042161066648,0.9936342164427835,1581.6042161066648,0.9876187642462098,1581.5708822436875,1.0092527074004425
1581.6056050173115,1.0018474704319906,1581.6056050173115,0.9936141537168667,1581.6056050173115,0.995449826486666,1581.5722711548003,0.9926738907337005
1581.606993927958,1.0082263660824464,1581.606993927958,0.9936635101699405,1581.606993927958,1.0018377499673672,1581.573660065913,0.9854103574549371
1581.608382839071,0.9843583538352678,1581.608382839071,0.9936918228205679,1581.608382839071,0.9781488469312208,1581.5750489765596,0.9846364670073424
1581.6097717497178,0.9901191567002285,1581.6097717497178,0.9936091342077283,1581.6097717497178,0.9837914380514002,1581.576437887672,0.9851524296440549
1581.6111606603645,0.9908037011601305,1581.6111606603645,0.9935529809717314,1581.6111606603645,0.9844159708454722,1581.577826798784,1.0016029197875236
1581.6125495714773,1.002574465247243,1581.6125495714773,0.9935396942623536,1581.6125495714773,0.9960975276769886,1581.5792157098963,1.007929741756477
1581.6139384821245,0.9994021341267808,1581.6139384821245,0.9935841575658889,1581.6139384821245,0.992990127505909,1581.580604621009,0.9971369038620097
1581.6153273927712,0.9970753911337376,1581.6153273927712,0.9935090223701628,1581.6153273927712,0.9906033970746273,1581.581993532122,0.9863235548191027
1581.616716303418,0.9972169957793108,1581.616716303418,0.993647558862969,1581.616716303418,0.9908822335127758,1581.583382442769,0.9884988757491315
1581.6181052140655,1.0093550340990043,1581.6181052140655,0.9936437432309996,1581.6181052140655,1.0029393143311878,1581.5847713538817,0.9897047667361907
1581.6194941251783,0.9917944083349907,1581.6194941251783,0.9936420640921697,1581.6194941251783,0.9854886430530523,1581.586160264994,0.9951142771303235
1581.620883035825,0.9950023365996921,1581.620883035825,0.993748995761015,1581.620883035825,0.9887825727758075,1581.587549175641,0.9906012197133719
1581.6222719464718,1.0002989185977624,1581.6222719464718,0.9937346178538476,1581.6222719464718,0.9940316636123645,1581.588938086754,1.0022573865963191
1581.623660857119,1.0109518225072602,1581.623660857119,0.9937220617101342,1581.623660857119,1.0046051293515323,1581.5903269978662,0.9902913962217991
1581.6250497677663,0.9918261615748142,1581.6250497677663,0.9937239448205396,1581.6250497677663,0.9856014058563383,1581.591715908513,1.0006747471997306
1581.6264386784128,1.0151538659025696,1581.6264386784128,0.9936728284751617,1581.6264386784128,1.0087308132689015,1581.5931048196262,1.0054530421738597
1581.6278275890595,1.0161276704234277,1581.6278275890595,0.9936523786580764,1581.6278275890595,1.0096776767365288,1581.5944937302727,0.9867250876967661
1581.6292164997071,1.016448153631624,1581.6292164997071,0.9935674045859167,1581.6292164997071,1.00990975389992,1581.5958826413848,0.9822638746148917
1581.6306054103536,1.0003746909882998,1581.6306054103536,0.9936260185534289,1581.6306054103536,0.993998321268321,1581.5972715520325,0.9832199564739148
1581.631994321,1.004299371891832,1581.631994321,0.9937414858667789,1581.631994321,0.998013950078862,1581.5986604631453,1.0043069013614223
1581.6333832316477,1.0076508474513963,1581.6333832316477,0.9937342266045035,1581.6333832316477,1.0013371355794858,1581.600049373792,0.9970743486057939
1581.6347721422949,0.9973727290332299,1581.6347721422949,0.9938366910575647,1581.6347721422949,0.9912256127734383,1581.6014382849044,0.9843400326977689
1581.6361610529416,0.9969061330766129,1581.6361610529416,0.9938345217454402,1581.6361610529416,0.9907597299912917,1581.6028271955515,0.9900754909051633
1581.6375499631226,1.0010278652317683,1581.6375499631226,0.9937972821455732,1581.6375499631226,0.9948187718193164,1581.6042161066648,0.9876187642462098
1581.6389388737698,0.9883671962204412,1581.6389388737698,0.9936966893580561,1581.6389388737698,0.9821372107543567,1581.6056050173115,0.995449826486666
1581.6403277844165,0.9959733192312864,1581.6403277844165,0.9937476424450737,1581.6403277844165,0.9897461379242857,1581.606993927958,1.0018377499673672
1581.6417166950623,0.9908916577151232,1581.6417166950623,0.9936129659689289,1581.6417166950623,0.9845627989761923,1581.608382839071,0.9781488469312208
1581.643105605709,0.9953670959375256,1581.643105605709,0.99360864601728,1581.643105605709,0.989005352484637,1581.6097717497178,0.9837914380514002
1581.644494515891,1.0008001504440547,1581.644494515891,0.9934672974526896,1581.644494515891,0.9942622207519002,1581.6111606603645,0.9844159708454722
1581.645883426538,0.999638558016354,1581.645883426538,0.9933772937927192,1581.645883426538,0.9930182455331419,1581.6125495714773,0.9960975276769886
1581.6472723371849,0.9922172800257523,1581.6472723371849,0.9932763768806646,1581.6472723371849,0.985545984982367,1581.6139384821245,0.992990127505909
1581.648661247366,1.0068567319763266,1581.648661247366,0.9932484536305372,1581.648661247366,1.0000588920629827,1581.6153273927712,0.9906033970746273
1581.650050158013,0.9986169254626582,1581.650050158013,0.9933444973937855,1581.650050158013,0.9919706279126316,1581.616716303418,0.9908822335127758
1581.6514390686598,1.0058034023151379,1581.6514390686598,0.9933838690783763,1581.6514390686598,0.9991488753240064,1581.6181052140655,1.0029393143311878
1581.6528279788408,1.0077125699008929,1581.6528279788408,0.9933772767609697,1581.6528279788408,1.0010387684459472,1581.6194941251783,0.9854886430530523
1581.6542168894882,0.999556663264133,1581.6542168894882,0.9935068015505422,1581.6542168894882,0.993066343488081,1581.620883035825,0.9887825727758075
1581.65560579967,0.9892416087758358,1581.65560579967,0.9935737664615297,1581.65560579967,0.9828845111718703,1581.6222719464718,0.9940316636123645
1581.656994710317,1.007213091268723,1581.656994710317,0.9935067524824718,1581.656994710317,1.0006730073642203,1581.623660857119,1.0046051293515323
1581.6583836204975,1.0068452229893996,1581.6583836204975,0.9934301738881894,1581.6583836204975,1.0002304249528522,1581.6250497677663,0.9856014058563383
1581.6597725311449,0.9956715382643928,1581.6597725311449,0.9933466972249201,1581.6597725311449,0.9890470340557902,1581.6264386784128,1.0087308132689015
1581.6611614413264,1.002593403476131,1581.6611614413264,0.993220591113432,1581.6611614413264,0.9957964128469904,1581.6278275890595,1.0096776767365288
1581.662550351973,1.0115757621680512,1581.662550351973,0.9931976789852517,1581.662550351973,1.0046946991030454,1581.6292164997071,1.00990975389992
1581.663939262154,1.0061223210423875,1581.663939262154,0.9931650944623095,1581.663939262154,0.999245570018701,1581.6306054103536,0.993998321268321
1581.6653281728018,1.004578841746765,1581.6653281728018,0.9932079112191645,1581.6653281728018,0.997755653066272,1581.631994321,0.998013950078862
1581.6667170829826,1.0056318808437181,1581.6667170829826,0.9932485584901969,1581.6667170829826,0.9988424160198084,1581.6333832316477,1.0013371355794858
1581.6681059931634,1.0150053539623203,1581.6681059931634,0.9932952093220244,1581.6681059931634,1.0081999555269785,1581.6347721422949,0.9912256127734383
1581.669494903811,1.0072366910488768,1581.669494903811,0.9933595731528787,1581.669494903811,1.0005482094842302,1581.6361610529416,0.9907597299912917
1581.6708838139923,0.9941238766170005,1581.6708838139923,0.9934256068019305,1581.6708838139923,0.9875881153645312,1581.6375499631226,0.9948187718193164
1581.6722727241736,1.0066313211999356,1581.6722727241736,0.9934290738688382,1581.6722727241736,1.000016821147017,1581.6389388737698,0.9821372107543567
1581.6736616343546,0.9973895090818362,1581.6736616343546,0.9934841999629643,1581.6736616343546,0.9908907184816218,1581.6403277844165,0.9897461379242857
1581.6750505450018,0.9942401667440095,1581.6750505450018,0.9935311785455565,1581.6750505450018,0.9878086046225064,1581.6417166950623,0.9845627989761923
1581.6764394551838,1.0010784315427248,1581.6764394551838,0.993479870657395,1581.6764394551838,0.994551270686974,1581.643105605709,0.989005352484637
1581.6778283653646,1.0088333299612164,1581.6778283653646,0.993549854104875,1581.6778283653646,1.0023262077991018,1581.644494515891,0.9942622207519002
1581.6792172755454,1.0161291983018912,1581.6792172755454,0.9935736698957404,1581.6792172755454,1.0095992166450265,1581.645883426538,0.9930182455331419
1581.6806061857274,1.0021524326071727,1581.6806061857274,0.9935717652324675,1581.6806061857274,0.99571036149752,1581.6472723371849,0.985545984982367
1581.6819950959089,0.9963682762817109,1581.6819950959089,0.9935931078200483,1581.6819950959089,0.9899846521640496,1581.648661247366,1.0000588920629827
1581.68338400609,0.9952452360201682,1581.68338400609,0.9935418072344686,1581.68338400609,0.9888177504369732,1581.650050158013,0.9919706279126316
1581.684772916271,0.9939569902403749,1581.684772916271,0.9934575735305304,1581.684772916271,0.987454099717912,1581.6514390686598,0.9991488753240064
1581.6861618264525,0.9983361739270162,1581.6861618264525,0.9934406562829533,1581.6861618264525,0.9917877438170676,1581.6528279788408,1.0010387684459472
1581.6875507366335,1.0014245475847585,1581.6875507366335,0.99352495535597,1581.6875507366335,0.9949402789315196,1581.6542168894882,0.993066343488081
1581.6889396468146,1.0149329059734116,1581.6889396468146,0.9935376061549669,1581.6889396468146,1.0083740098087275,1581.65560579967,0.9828845111718703
1581.6903285569963,1.0084033881569185,1581.6903285569963,0.9935767181380066,1581.6903285569963,1.0019261289641976,1581.656994710317,1.0006730073642203
1581.691717467178,1.0199932298170287,1581.691717467178,0.9936178267190122,1581.691717467178,1.013483456278902,1581.6583836204975,1.0002304249528522
1581.693106377359,1.003456594498875,1581.693106377359,0.9937058436192973,1581.693106377359,0.9971406817718516,1581.6597725311449,0.9890470340557902
1581.69449528754,1.005858758325694,1581.69449528754,0.9937601002145674,1581.69449528754,0.9995823004754418,1581.6611614413264,0.9957964128469904
1581.6958841977216,1.000526538918625,1581.6958841977216,0.9936632923392323,1581.6958841977216,0.994186494734658,1581.662550351973,1.0046946991030454
1581.6972731079031,0.998958000529502,1581.6972731079031,0.9936820532924301,1581.6972731079031,0.992646637119056,1581.663939262154,0.999245570018701
1581.6986620176183,0.9974088862233422,1581.6986620176183,0.9937526805494707,1581.6986620176183,0.9911777542883085,1581.6653281728018,0.997755653066272
1581.7000509277996,0.9972388183832291,1581.7000509277996,0.9938298902048033,1581.7000509277996,0.9910857453817724,1581.6667170829826,0.9988424160198084
1581.7014398379813,0.9867550304366904,1581.7014398379813,0.9939040774230156,1581.7014398379813,0.9807398481686984,1581.6681059931634,1.0081999555269785
1581.7028287481617,1.0070964745096087,1581.7028287481617,0.9938339447769111,1581.7028287481617,1.0008866620328043,1581.669494903811,1.0005482094842302
1581.704217657876,1.0070550688588196,1581.704217657876,0.9937425239941072,1581.704217657876,1.0007534459288228,1581.6708838139923,0.9875881153645312
1581.705606568058,0.9789694222609967,1581.705606568058,0.9937078657966468,1581.705606568058,0.9728096152751514,1581.6722727241736,1.000016821147017
1581.7069954782396,1.0024742164561384,1581.7069954782396,0.9937767806423623,1581.7069954782396,0.996235599506756,1581.6736616343546,0.9908907184816218
1581.708384387955,1.0016305741302372,1581.708384387955,0.993829137013884,1581.708384387955,0.9954496490945748,1581.6750505450018,0.9878086046225064
1581.709773298136,1.0018099135661271,1581.709773298136,0.9938715013491106,1581.709773298136,0.9956703228623895,1581.6764394551838,0.994551270686974
1581.7111622083175,0.9956553198866431,1581.7111622083175,0.993858410847372,1581.7111622083175,0.989540413974271,1581.6778283653646,1.0023262077991018
1581.7125511180338,0.9989551532870314,1581.7125511180338,0.9938924299136004,1581.7125511180338,0.9928539646751608,1581.6792172755454,1.0095992166450265
1581.713940028215,0.9906336866943148,1581.713940028215,0.9938146266797903,1581.713940028215,0.9845062475185348,1581.6806061857274,0.99571036149752
1581.7153289379298,0.9844459916122539,1581.7153289379298,0.993852003449869,1581.7153289379298,0.9783936210520314,1581.6819950959089,0.9899846521640496
1581.7167178481118,1.0099088227053523,1581.7167178481118,0.99378401626793,1581.7167178481118,1.0036312458925418,1581.68338400609,0.9888177504369732
1581.7181067578276,1.0033562929938593,1581.7181067578276,0.9936874891168844,1581.7181067578276,0.9970225954746932,1581.684772916271,0.987454099717912
1581.719495667543,1.0101456199286332,1581.719495667543,0.9937577000977371,1581.719495667543,1.0038399880240814,1581.6861618264525,0.9917877438170676
1581.720884577724,1.0081136511299424,1581.720884577724,0.9938542850913186,1581.720884577724,1.001918072034548,1581.6875507366335,0.9949402789315196
1581.72227348744,1.007660929046641,1581.72227348744,0.9939483230152286,1581.72227348744,1.001562890593876,1581.6889396468146,1.0083740098087275
1581.723662397621,0.9965290538692615,1581.723662397621,0.9938549515964358,1581.723662397621,0.9904053345976768,1581.6903285569963,1.0019261289641976
1581.7250513073363,1.0134033409321987,1581.7250513073363,0.9938185959874464,1581.7250513073363,1.0071390854542253,1581.691717467178,1.013483456278902
1581.7264402170522,1.0001989360813515,1581.7264402170522,0.9939090006189933,1581.7264402170522,0.9941067249807964,1581.693106377359,0.9971406817718516
1581.727829127234,0.9934204233583822,1581.727829127234,0.9939526184484043,1581.727829127234,0.9874128310171864,1581.69449528754,0.9995823004754418
1581.7292180369495,1.0042871789170953,1581.7292180369495,0.9940225980239714,1581.7292180369495,0.998284150749336,1581.6958841977216,0.994186494734658
1581.730606946665,1.000597852980212,1581.730606946665,0.9940044826766443,1581.730606946665,0.9945987512189566,1581.6972731079031,0.992646637119056
1581.7319958563808,0.9984753019089541,1581.7319958563808,0.993921651242734,1581.7319958563808,0.992406220798435,1581.6986620176183,0.9911777542883085
1581.7333847660966,0.9947332089535321,1581.7333847660966,0.994025336198449,1581.7333847660966,0.9887900124577969,1581.7000509277996,0.9910857453817724
1581.7347736762777,1.0017580988264907,1581.7347736762777,0.9941234253466298,1581.7347736762777,0.9958711925741186,1581.7014398379813,0.9807398481686984
1581.736162585993,0.9952976432466256,1581.736162585993,0.9942208845471272,1581.736162585993,0.9895457032563312,1581.7028287481617,1.0008866620328043
1581.737551495709,1.0030638765096598,1581.737551495709,0.9941972331970268,1581.737551495709,0.997243330745788,1581.704217657876,1.0007534459288228
1581.7389404054245,1.0005186786816902,1581.7389404054245,0.9942126002453371,1581.7389404054245,0.9947282771261522,1581.705606568058,0.9728096152751514
1581.7403293151397,1.0093640918513824,1581.7403293151397,0.9942577000933203,1581.7403293151397,1.0035680205209383,1581.7069954782396,0.996235599506756
1581.741718224856,0.9938281398584258,1581.741718224856,0.994300407614405,1581.741718224856,0.9881637245598986,1581.708384387955,0.9954496490945748
1581.7431071345718,0.9930501943628498,1581.7431071345718,0.994205014372756,1581.7431071345718,0.9872954827593852,1581.709773298136,0.9956703228623895
1581.7444960442872,1.014052626310587,1581.7444960442872,0.9943026716570027,1581.7444960442872,1.0082752355414168,1581.7111622083175,0.989540413974271
1581.7458849540026,0.9923492232187792,1581.7458849540026,0.9943711914125484,1581.7458849540026,0.9867634793893744,1581.7125511180338,0.9928539646751608
1581.7472738637184,0.9932597876494731,1581.7472738637184,0.9943755381872845,1581.7472738637184,0.9876732359037328,1581.713940028215,0.9845062475185348
1581.7486627734347,1.0018036609842966,1581.7486627734347,0.9942665648254867,1581.7486627734347,0.996059884636453,1581.7153289379298,0.9783936210520314
1581.75005168315,0.9853480295591578,1581.75005168315,0.9943670546141758,1581.75005168315,0.9797976179226217,1581.7167178481118,1.0036312458925418
1581.7514405923994,0.9875666118954682,1581.7514405923994,0.9942501974902477,1581.7514405923994,0.981888298911844,1581.7181067578276,0.9970225954746932
1581.7528295021157,0.9979666368250532,1581.7528295021157,0.994135765288682,1581.7528295021157,0.9921143262326464,1581.719495667543,1.0038399880240814
1581.7542184118315,1.009205695939412,1581.7542184118315,0.9940251210849992,1581.7542184118315,1.0031758141058449,1581.720884577724,1.001918072034548
1581.755607321547,1.01020757575953,1581.755607321547,0.9940230188289556,1581.755607321547,1.0041695841003688,1581.72227348744,1.001562890593876
1581.7569962312623,0.9998458063308243,1581.7569962312623,0.9939686476173474,1581.7569962312623,0.9938153839445256,1581.723662397621,0.9904053345976768
1581.7583851405125,1.0110395416897064,1581.7583851405125,0.9938779760303172,1581.7583851405125,1.004849933381185,1581.7250513073363,1.0071390854542253
1581.759774050228,1.015125361844848,1581.759774050228,0.9939138522155377,1581.759774050228,1.0089471588729044,1581.7264402170522,0.9941067249807964
1581.7611629599432,0.996324319129815,1581.7611629599432,0.9939587439022053,1581.7611629599432,0.9903052687614908,1581.727829127234,0.9874128310171864
1581.7625518691934,0.9968564222852456,1581.7625518691934,0.9939429274611167,1581.7625518691934,0.9908183906246122,1581.7292180369495,0.998284150749336
1581.7639407789088,1.0061200033408129,1581.7639407789088,0.9940711159561636,1581.7639407789088,1.000154834506821,1581.730606946665,0.9945987512189566
1581.765329688158,0.9924841705201307,1581.765329688158,0.9941313838144588,1581.765329688158,0.9866596618531228,1581.7319958563808,0.992406220798435
1581.7667185978733,1.0025009689366742,1581.7667185978733,0.9942482376708912,1581.7667185978733,0.9967348216286492,1581.7333847660966,0.9887900124577969
1581.768107507589,0.9875298701738844,1581.768107507589,0.994322875639453,1581.768107507589,0.9819235402911524,1581.7347736762777,0.9958711925741186
1581.7694964168395,0.9927997098085454,1581.7694964168395,0.9943228482692513,1581.7694964168395,0.987163435217719,1581.736162585993,0.9895457032563312
1581.770885326555,0.9975809855368266,1581.770885326555,0.9943306268213703,1581.770885326555,0.9919253266539132,1581.737551495709,0.997243330745788
1581.7722742358046,0.9897474685919601,1581.7722742358046,0.9944651217801117,1581.7722742358046,0.9842693368848608,1581.7389404054245,0.9947282771261522
1581.7736631450548,1.0109828080276368,1581.7736631450548,0.9943632458969373,1581.7736631450548,1.0052841465363611,1581.7403293151397,1.0035680205209383
1581.775052054771,0.9759270313342873,1581.775052054771,0.994407762384731,1581.775052054771,0.970469415479902,1581.741718224856,0.9881637245598986
1581.7764409640208,0.9862432300781211,1581.7764409640208,0.9943225698741472,1581.7764409640208,0.9806439030522572,1581.7431071345718,0.9872954827593852
1581.7778298737362,1.010368040392486,1581.7778298737362,0.9942153475862818,1581.7778298737362,1.0045234124688858,1581.7444960442872,1.0082752355414168
1581.7792187829864,1.0017365217078271,1581.7792187829864,0.994242520572414,1581.7792187829864,0.9959690442922328,1581.7458849540026,0.9867634793893744
1581.780607692236,0.9916310314441777,1581.780607692236,0.9943957251593768,1581.780607692236,0.986073658603474,1581.7472738637184,0.9876732359037328
1581.7819966019515,0.9931135002561249,1581.7819966019515,0.9942917566369655,1581.7819966019515,0.9874445667095478,1581.7486627734347,0.996059884636453
1581.7833855112017,0.9999757706619067,1581.7833855112017,0.994186350919653,1581.7833855112017,0.9941622624424288,1581.75005168315,0.9797976179226217
1581.784774420452,0.9820067178626446,1581.784774420452,0.994274133382818,1581.784774420452,0.9763838783789864,1581.7514405923994,0.981888298911844
1581.7861633297016,0.9869985288237746,1581.7861633297016,0.9942413191782167,1581.7861633297016,0.9813147193247088,1581.7528295021157,0.9921143262326464
1581.787552238951,0.9928435703206333,1581.787552238951,0.9940978525068257,1581.787552238951,0.9869836611309512,1581.7542184118315,1.0031758141058449
1581.7889411486676,1.014241679243836,1581.7889411486676,0.994011094620855,1581.7889411486676,1.0081674817952595,1581.755607321547,1.0041695841003688
1585.3917645631032,0.9904719050599367,1585.3917645631032,1.0065252211678768,1585.3917645631032,0.996934953301021,1581.7569962312623,0.9938153839445256
1585.39315347189,1.0009246707724588,1585.39315347189,1.0066713041152253,1585.39315347189,1.0076021436476137,1581.7583851405125,1.004849933381185
1585.3945423806772,1.0086815373559905,1585.3945423806772,1.0068281547560465,1585.3945423806772,1.015568970992624,1581.759774050228,1.0089471588729044
1585.397320197787,0.9897584504303649,1585.397320197787,1.0070626029375884,1585.397320197787,0.9967487213698774,1581.7611629599432,0.9903052687614908
1585.398709106575,0.9924106839765117,1585.398709106575,1.0069025242937977,1585.398709106575,0.999260822832084,1581.7625518691934,0.9908183906246122
1585.4000980153628,0.9936564512456861,1585.4000980153628,1.0069175581416239,1585.4000980153628,1.0005301275199778,1581.7639407789088,1.000154834506821
1585.40148692415,1.0029083779992614,1585.40148692415,1.006967880270493,1585.40148692415,1.0098965234994346,1581.765329688158,0.9866596618531228
1585.402875832472,0.9906298508969467,1585.402875832472,1.00682671565239,1585.402875832472,0.9973925992057896,1581.7667185978733,0.9967348216286492
1585.404264741259,1.0041563849034354,1585.404264741259,1.0068339842729006,1585.404264741259,1.0110187738453982,1581.768107507589,0.9819235402911524
1585.4056536500475,1.0036915679471021,1585.4056536500475,1.006708687659067,1585.4056536500475,1.0104250211824983,1581.7694964168395,0.987163435217719
1585.4070425588357,1.0031665879731022,1585.4070425588357,1.0067077109171387,1585.4070425588357,1.0098955394469582,1581.770885326555,0.9919253266539132
1585.4084314671577,0.9923853208952415,1585.4084314671577,1.0068431044750967,1585.4084314671577,0.99917631732568,1581.7722742358046,0.9842693368848608
1585.409820375945,1.0074334684336619,1585.409820375945,1.0069281100317382,1585.409820375945,1.014413078352626,1581.7736631450548,1.0052841465363611
1585.4112092847326,0.9815069532337647,1585.4112092847326,1.0070631089331588,1585.4112092847326,0.9884394437631076,1581.775052054771,0.970469415479902
1585.4125981935208,0.9997610757941615,1585.4125981935208,1.007163721728036,1585.4125981935208,1.0069230859356728,1581.7764409640208,0.9806439030522572
1585.4139871018433,0.9940105145264206,1585.4139871018433,1.0070860009335754,1585.4139871018433,1.0010540739603386,1581.7778298737362,1.0045234124688858
1585.4153760106306,0.9890598247829652,1585.4153760106306,1.0069549871706196,1585.4153760106306,0.995938723175306,1581.7792187829864,0.9959690442922328
1585.4167649194185,0.9955061720223807,1585.4167649194185,1.006981056356846,1585.4167649194185,1.002455856712857,1581.780607692236,0.986073658603474
1585.4181538282055,0.9978932239174126,1585.4181538282055,1.0070325983305455,1585.4181538282055,1.0049110061379969,1581.7819966019515,0.9874445667095478
1585.419542736527,0.9971252207566117,1585.419542736527,1.0070089134577722,1585.419542736527,1.0041139851354568,1581.7833855112017,0.9941622624424288
1585.4209316453152,0.995106089027861,1585.4209316453152,1.0069035816034269,1585.4209316453152,1.0019758851175318,1581.784774420452,0.9763838783789864
1585.4223205541034,0.9876337323333292,1585.4223205541034,1.0069568258313606,1585.4223205541034,0.9945045281943488,1581.7861633297016,0.9813147193247088
1585.4237094628902,1.0066420521206112,1585.4237094628902,1.0070283723029776,1585.4237094628902,1.0137171072387483,1581.787552238951,0.9869836611309512
1585.425098371211,1.003258557230055,1585.425098371211,1.0071022367167541,1585.425098371211,1.010383936991612,1581.7889411486676,1.0081674817952595
1585.426487279999,0.9833747307098364,1585.426487279999,1.0071135659548653,1585.426487279999,0.9903700317150887,1585.3917645631032,0.996934953301021
1585.4278761887865,1.0155165742088321,1585.4278761887865,1.007167993956455,1585.4278761887865,1.022795790875441,1585.39315347189,1.0076021436476137
1585.4292650971088,1.0030456429674082,1585.4292650971088,1.007167993956455,1585.4292650971088,1.0102354680742471,1585.3945423806772,1.015568970992624
1585.430654005897,0.9948867983662855,1585.430654005897,1.007284582227843,1585.430654005897,1.00213413305638,1585.395931289465,1.0259611186720852
1585.4320429146846,0.993009478598019,1585.4320429146846,1.0071927463016133,1585.4320429146846,1.0001519438526718,1585.397320197787,0.9967487213698774
1585.433431823472,0.9962880067913511,1585.433431823472,1.0072727528118008,1585.433431823472,1.0035337631941064,1585.398709106575,0.999260822832084
1585.434820731794,1.0016250689502533,1585.434820731794,1.007218780522987,1585.434820731794,1.0088555804893269,1585.4000980153628,1.0005301275199778
1585.436209640582,0.999012282237588,1585.436209640582,1.007146919225233,1585.436209640582,1.0061521423237556,1585.40148692415,1.0098965234994346
1585.43759854937,0.9831057026874112,1585.43759854937,1.0071585668959169,1585.43759854937,0.9901433306258564,1585.402875832472,0.9973925992057896
1585.4389874576918,0.9963392000224286,1585.4389874576918,1.0072703812068529,1585.4389874576918,1.0035829658179225,1585.404264741259,1.0110187738453982
1585.440376366479,0.9950587402904121,1585.440376366479,1.0073237059108369,1585.440376366479,1.002346257868307,1585.4056536500475,1.0104250211824983
1585.4417652752668,1.0062279260802232,1585.4417652752668,1.0073769376008568,1585.4417652752668,1.0136508067031564,1585.4070425588357,1.0098955394469582
1585.4431541835884,1.0084237343830178,1585.4431541835884,1.0074893004440286,1585.4431541835884,1.0159761227047015,1585.4084314671577,0.99917631732568
1585.4445430923763,1.0092213098642218,1585.4445430923763,1.0075628482818941,1585.4445430923763,1.0168538975135792,1585.409820375945,1.014413078352626
1585.4459320011647,0.9985159153021601,1585.4459320011647,1.0074602056215407,1585.4459320011647,1.0059650493466952,1585.4112092847326,0.9884394437631076
1585.4473209099524,1.002978919332955,1585.4473209099524,1.007438335415834,1585.4473209099524,1.0104394129499643,1585.4125981935208,1.0069230859356728
1585.448709818274,1.002539507771559,1585.448709818274,1.0075489244317848,1585.448709818274,1.0101076027556053,1585.4139871018433,1.0010540739603386
1585.4500987270617,0.9903712210495424,1585.4500987270617,1.0075919175792074,1585.4500987270617,0.9978900377325696,1585.4153760106306,0.995938723175306
1585.4528765441723,0.9984323976777021,1585.4528765441723,1.0076081110495452,1585.4528765441723,1.0060285822346977,1585.4167649194185,1.002455856712857
1585.4542654529596,1.0050555775045031,1585.4542654529596,1.0074960318330335,1585.4542654529596,1.0125895061074448,1585.4181538282055,1.0049110061379969
1585.4556543617464,0.9955474434333356,1585.4556543617464,1.0074311284093673,1585.4556543617464,1.002945484323106,1585.419542736527,1.0041139851354568
1585.4570432700675,1.0058100248796933,1585.4570432700675,1.0074463958540798,1585.4570432700675,1.0132996844789492,1585.4209316453152,1.0019758851175318
1585.4584321788548,0.9980743102643006,1585.4584321788548,1.007495376498876,1585.4584321788548,1.0055552529935876,1585.4223205541034,0.9945045281943488
1585.459821087643,1.0110839021069737,1585.459821087643,1.0074820384450085,1585.459821087643,1.0186488707336674,1585.4237094628902,1.0137171072387483
1585.4612099959654,1.013938969606403,1585.4612099959654,1.0075458678465794,1585.4612099959654,1.0215900190755498,1585.425098371211,1.010383936991612
1585.4625989047531,1.0072053491907351,1585.4625989047531,1.0075284694076945,1585.4625989047531,1.0147880638493838,1585.426487279999,0.9903700317150887
1585.4639878135404,0.9900961851772235,1585.4639878135404,1.0074337539489564,1585.4639878135404,0.9974563166036314,1585.4278761887865,1.022795790875441
1585.4653767218624,1.0089923147816848,1585.4653767218624,1.0075197808739715,1585.4653767218624,1.0165797158923644,1585.4292650971088,1.0102354680742471
1585.4667656306506,1.0161840605896213,1585.4667656306506,1.007427480404466,1585.4667656306506,1.0237317477869814,1585.430654005897,1.00213413305638
1585.4681545394387,0.9997506246198979,1585.4681545394387,1.0074580357958653,1585.4681545394387,1.007206800565252,1585.4320429146846,1.0001519438526718
1585.470932356548,0.990752206020756,1585.470932356548,1.0074188722421935,1585.470932356548,0.9981024700608954,1585.433431823472,1.0035337631941064
1585.4723212653353,0.9916591827344711,1585.4723212653353,1.0074929119763143,1585.4723212653353,0.9990895977012042,1585.434820731794,1.0088555804893269
1585.4737101736573,1.0052919282496005,1585.4737101736573,1.0074370729390352,1585.4737101736573,1.012768357645016,1585.436209640582,1.0061521423237556
1585.4750990824457,1.0053245120825127,1585.4750990824457,1.007430665799693,1585.4750990824457,1.0127947425520374,1585.43759854937,0.9901433306258564
1585.4764879912336,1.0109078508621139,1585.4764879912336,1.0073368072842255,1585.4764879912336,1.0183246869459996,1585.4389874576918,1.0035829658179225
1585.4778768995552,1.0088773703799927,1585.4778768995552,1.0073031196819162,1585.4778768995552,1.0162453225602548,1585.440376366479,1.002346257868307
1585.4792658083425,0.9912998229879068,1585.4792658083425,1.0072064415799662,1585.4792658083425,0.9984435672505,1585.4417652752668,1.0136508067031564
1585.4806547171302,0.996944086167361,1585.4806547171302,1.0071820060349208,1585.4806547171302,1.0041041446106935,1585.4431541835884,1.0159761227047015
1585.482043625453,1.0034208013168557,1585.482043625453,1.007151228079211,1585.482043625453,1.0105964923264972,1585.4445430923763,1.0168538975135792
1585.4834325342408,1.0049370448850594,1585.4834325342408,1.0070764799710032,1585.4834325342408,1.0120484617553078,1585.4459320011647,1.0059650493466952
1585.484821443028,0.999979654230245,1585.484821443028,1.006978630560507,1585.484821443028,1.0069581428051415,1585.4473209099524,1.0104394129499643
1585.48621035135,0.9947378884884561,1585.48621035135,1.0069492736351644,1585.48621035135,1.001650594270828,1585.448709818274,1.0101076027556053
1585.487599260137,0.9927256670789226,1585.487599260137,1.0069020439059047,1585.487599260137,0.9995775032196198,1585.4500987270617,0.9978900377325696
1585.4889881689237,1.0108991889695338,1585.4889881689237,1.0068230041020327,1585.4889881689237,1.0177965582826145,1585.4514876358498,1.0286189829073469
1585.4903770772462,1.000142710312798,1585.4903770772462,1.0068319859322288,1585.4903770772462,1.0069756712398763,1585.4528765441723,1.0060285822346977
1585.4917659860344,1.005186943271807,1585.4917659860344,1.0067403291801726,1585.4917659860344,1.0119622341570704,1585.4542654529596,1.0125895061074448
1585.4931548948216,0.989966029562766,1585.4931548948216,1.0067894365394228,1585.4931548948216,0.9966873410966668,1585.4556543617464,1.002945484323106
1585.4945438031436,1.010741455789367,1585.4945438031436,1.0068387111575072,1585.4945438031436,1.0176536246604289,1585.4570432700675,1.0132996844789492
1585.495932711931,1.0071716683023209,1585.495932711931,1.0068694370176379,1585.495932711931,1.0140903706436728,1585.4584321788548,1.0055552529935876
1585.4973216202534,0.9940216705672741,1585.4973216202534,1.0069145704852664,1585.4973216202534,1.0008949034722938,1585.459821087643,1.0186488707336674
1585.4987105290415,0.9881876802710708,1585.4987105290415,1.0069118609105152,1585.4987105290415,0.9950178960705892,1585.4612099959654,1.0215900190755498
1585.5000994378288,1.0060162991123576,1585.5000994378288,1.0069653301309403,1585.5000994378288,1.0130235347527818,1585.4625989047531,1.0147880638493838
1585.5014883461508,0.9926316812218074,1585.5014883461508,1.007060456027347,1585.5014883461508,0.9996401135584256,1585.4639878135404,0.9974563166036314
1585.502877254938,1.0068734758298565,1585.502877254938,1.006982850935384,1585.502877254938,1.0139043232223683,1585.4653767218624,1.0165797158923644
1585.5042661637258,0.999548053257333,1585.5042661637258,1.0069549103560436,1585.5042661637258,1.0064998203642956,1585.4667656306506,1.0237317477869814
1585.5056550720485,0.9837235018465267,1585.5056550720485,1.0070234663095994,1585.5056550720485,0.9906326507197069,1585.4681545394387,1.007206800565252
1585.5070439808364,0.9856810839100167,1585.5070439808364,1.0070852731143296,1585.5070439808364,0.9926649035931476,1585.4695434477603,1.0260607539853126
1585.508432889158,0.9975181260220233,1585.508432889158,1.007102930792946,1585.508432889158,1.004603428235867,1585.470932356548,0.9981024700608954
1585.5098217979455,1.0090068305738813,1585.5098217979455,1.0070046080604156,1585.5098217979455,1.0160745279523336,1585.4723212653353,0.9990895977012042
1585.511210706733,1.002252982945886,1585.511210706733,1.0070046080604156,1585.511210706733,1.0092733722688043,1585.4737101736573,1.012768357645016
1585.5125996150557,0.9929748110019266,1585.5125996150557,1.0069877131372504,1585.5125996150557,0.9999134341337236,1585.4750990824457,1.0127947425520374
1585.5139885238436,1.003792070432112,1585.5139885238436,1.0069772956276741,1585.5139885238436,1.0107958244562318,1585.4764879912336,1.0183246869459996
1585.5153774321657,0.9975150269794263,1585.5153774321657,1.0068922965564704,1585.5153774321657,1.004390196364904,1585.4778768995552,1.0162453225602548
1585.516766340953,1.0111338951966322,1585.516766340953,1.0069143529321738,1585.516766340953,1.0181252318097054,1585.4792658083425,0.9984435672505
1585.5181552497404,1.0154758465484293,1585.5181552497404,1.0068589833324866,1585.5181552497404,1.0224409784544477,1585.4806547171302,1.0041041446106935
1585.5195441580613,1.0158258899586596,1585.5195441580613,1.006701414900132,1585.5195441580613,1.0226333607135685,1585.482043625453,1.0105964923264972
1585.520933066849,1.0051975778697093,1585.520933066849,1.0067577622970119,1585.520933066849,1.0119904641624848,1585.4834325342408,1.0120484617553078
1585.5223219751715,0.985354378262521,1585.5223219751715,1.0067587451523008,1585.5223219751715,0.9920141373899012,1585.484821443028,1.0069581428051415
1585.5237108839588,1.0005885411921993,1585.5237108839588,1.0068932427960362,1585.5237108839588,1.0074858409455687,1585.48621035135,1.001650594270828
1585.5250997927465,1.0030309075777897,1585.5250997927465,1.006897541428384,1585.5250997927465,1.009949354816757,1585.487599260137,0.9995775032196198
1585.526488701068,0.9891470595559894,1585.526488701068,1.0068681715814016,1585.526488701068,0.9959406912802587,1585.4889881689237,1.0177965582826145
1585.5278776098562,1.0002242438726257,1585.5278776098562,1.0069443435114016,1585.5278776098562,1.007170144610509,1585.4903770772462,1.0069756712398763
1585.5292665181787,0.9906989638302935,1585.5292665181787,1.0069162733259887,1585.5292665181787,0.9975509086479176,1585.4917659860344,1.0119622341570704
1585.5306554269664,0.9997592702312403,1585.5306554269664,1.0068088587833264,1585.5306554269664,1.0065664899195663,1585.4931548948216,0.9966873410966668
1585.5320443357537,1.0116340764055876,1585.5320443357537,1.0066920326488897,1585.5320443357537,1.0184039646736232,1585.4945438031436,1.0176536246604289
1585.5334332440757,1.005766847396384,1585.5334332440757,1.006813869790566,1585.5334332440757,1.0126200117342108,1585.495932711931,1.0140903706436728
1585.534822152863,1.0166235907446775,1585.534822152863,1.006671530873756,1585.534822152863,1.0234060264173193,1585.4973216202534,1.0008949034722938
1585.5362110611854,1.0081398588862864,1585.5362110611854,1.0067189801039227,1585.5362110611854,1.014913530540115,1585.4987105290415,0.9950178960705892
1585.5375999699736,0.9946567849530281,1585.5375999699736,1.006654503269602,1585.5375999699736,1.0012757317806298,1585.5000994378288,1.0130235347527818
1585.5389888782954,0.9893279938624487,1585.5389888782954,1.0067851125130998,1585.5389888782954,0.9960406956131648,1585.5014883461508,0.9996401135584256
1585.540377787083,1.0016234059468714,1585.540377787083,1.0069272506416664,1585.540377787083,1.008561902328425,1585.502877254938,1.0139043232223683
1585.54176669587,1.003431038771783,1585.54176669587,1.006985820133884,1585.54176669587,1.010440827525399,1585.5042661637258,1.0064998203642956
1585.5431556041926,0.9982480451237731,1585.5431556041926,1.00703175333832,1585.5431556041926,1.0052674791475436,1585.5056550720485,0.9906326507197069
1585.5445445129808,0.9917342774258642,1585.5445445129808,1.0069707918284494,1585.5445445129808,0.9986474506229376,1585.5070439808364,0.9926649035931476
1585.5459334213028,1.0036785134566275,1585.5459334213028,1.006942443165716,1585.5459334213028,1.0106464944929503,1585.508432889158,1.004603428235867
1585.54732233009,1.0049640681586003,1585.54732233009,1.0069531331109507,1585.54732233009,1.0119517170962296,1585.5098217979455,1.0160745279523336
1585.548711238412,1.005270094615238,1585.548711238412,1.0069768485333035,1585.548711238412,1.0122837118004282,1585.511210706733,1.0092733722688043
1585.5501001471994,1.000892292322637,1585.5501001471994,1.0069801417439335,1585.5501001471994,1.0078786623934597,1585.5125996150557,0.9999134341337236
1585.5514890555214,1.0039881779918016,1585.5514890555214,1.0069780418621483,1585.5514890555214,1.0109940495269305,1585.5139885238436,1.0107958244562318
1585.5542668730964,1.0131596374268212,1585.5542668730964,1.0069450766257246,1585.5542668730964,1.020196108742842,1585.5153774321657,1.004390196364904
1585.555655781418,0.9926975504917097,1585.555655781418,1.0068914068053325,1585.555655781418,0.9995386331468052,1585.516766340953,1.0181252318097054
1585.5570446902054,1.0075143387679244,1585.5570446902054,1.0068949625617212,1585.5570446902054,1.0144611124141265,1585.5181552497404,1.0224409784544477
1585.5584335985277,0.9955310969118537,1585.5584335985277,1.006963196541825,1585.5584335985277,1.0024631756031497,1585.5195441580613,1.0226333607135685
1585.559822507316,0.9943234335758749,1585.559822507316,1.006981782716944,1585.559822507316,1.0012655837394675,1585.520933066849,1.0119904641624848
1585.561211415638,1.000883194627401,1585.561211415638,1.007038945657126,1585.561211415638,1.007928357043514,1585.5223219751715,0.9920141373899012
1585.5626003244251,1.0140456205625312,1585.5626003244251,1.0070812081536087,1585.5626003244251,1.0212262886789898,1585.5237108839588,1.0074858409455687
1585.5639892327472,1.004558816236379,1585.5639892327472,1.007046128077464,1585.5639892327472,1.0116370663169263,1585.5250997927465,1.009949354816757
1585.5653781415344,1.0041789983381315,1585.5653781415344,1.007125203602076,1585.5653781415344,1.0113339781542194,1585.526488701068,0.9959406912802587
1585.566767049857,1.0157862111043838,1585.566767049857,1.006982081076526,1585.566767049857,1.0228785127867317,1585.5278776098562,1.007170144610509
1585.568155958645,1.0063548601305399,1585.568155958645,1.0068272650783598,1585.568155958645,1.013225511523547,1585.5292665181787,0.9975509086479176
1585.5695448669671,0.9915330142877797,1585.5695448669671,1.0067862079938439,1585.5695448669671,0.9982617635554996,1585.5306554269664,1.0065664899195663
1585.5709337757544,0.9990852364945408,1585.5709337757544,1.0067285194599909,1585.5709337757544,1.005807600950484,1585.5320443357537,1.0184039646736232
1585.5723226840764,1.013378524854953,1585.5723226840764,1.0066080169082925,1585.5723226840764,1.020074947281695,1585.5334332440757,1.0126200117342108
1585.5737115928646,1.0041805842296518,1585.5737115928646,1.0065161017801878,1585.5737115928646,1.0107239271221806,1585.534822152863,1.0234060264173193
1585.5751005016527,0.999901304537567,1585.5751005016527,1.0066118995701268,1585.5751005016527,1.006512551543208,1585.5362110611854,1.014913530540115
1585.5764894099743,1.0028879432452429,1585.5764894099743,1.0066787623081384,1585.5764894099743,1.0095859934398757,1585.5375999699736,1.0012757317806298
1585.577878318762,0.9868054075054911,1585.577878318762,1.006741657307764,1585.577878318762,0.9934581113923416,1585.5389888782954,0.9960406956131648
1585.5792672270836,0.9786301396855369,1585.5792672270836,1.0066051063817807,1585.5792672270836,0.9850940958665768,1585.540377787083,1.008561902328425
1585.5806561358709,1.0013279282307581,1585.5806561358709,1.0066608978148064,1585.5806561358709,1.0079976712398149,1585.54176669587,1.010440827525399
1585.582045044193,1.0041429794566494,1585.582045044193,1.0065272743817193,1585.582045044193,1.0106972962020402,1585.5431556041926,1.0052674791475436
1585.5834339529802,0.9998853004244909,1585.5834339529802,1.0065716063716292,1585.5834339529802,1.0064561530356588,1585.5445445129808,0.9986474506229376
1585.5848228613022,1.0053467693516431,1585.5848228613022,1.0065599710643092,1585.5848228613022,1.0119418150681867,1585.5459334213028,1.0106464944929503
1585.5862117700894,0.9982896034336525,1585.5862117700894,1.0064943126848178,1585.5862117700894,1.0047728082683534,1585.54732233009,1.0119517170962296
1585.5876006784115,0.9933669280943606,1585.5876006784115,1.0064754928717925,1585.5876006784115,0.99979946855631,1585.548711238412,1.0122837118004282
1585.5889895871987,1.0123633712028155,1585.5889895871987,1.0064645052605055,1585.5889895871987,1.0189077995414992,1585.5501001471994,1.0078786623934597
1585.5903784955212,0.9920484943782337,1585.5903784955212,1.0063109311134757,1585.5903784955212,0.998309244087482,1585.5514890555214,1.0109940495269305
1585.5917674043094,1.0034070752417126,1585.5917674043094,1.006305841137032,1585.5917674043094,1.0097344008539608,1585.552877964309,1.030801488293266
1585.5931563126314,1.0053829934869054,1585.5931563126314,1.0062963208363227,1585.5931563126314,1.0117132073772814,1585.5542668730964,1.020196108742842
1585.594545221419,0.9837512153231384,1585.594545221419,1.0063094498188667,1585.594545221419,0.9899581442504688,1585.555655781418,0.9995386331468052
1585.5959341297407,1.0083086409956807,1585.5959341297407,1.00629409587653,1585.5959341297407,1.0146550322552412,1585.5570446902054,1.0144611124141265
1585.5973230380632,0.9960707545435608,1585.5973230380632,1.006282846244912,1585.5973230380632,1.0023289139434115,1585.5584335985277,1.0024631756031497
1585.5987119468512,0.9994663490638208,1585.5987119468512,1.0061398455058908,1585.5987119468512,1.0056029180354094,1585.559822507316,1.0012655837394675
1585.600100855173,0.9863421752284321,1585.600100855173,1.0060133274584206,1585.600100855173,0.9922733737141316,1585.561211415638,1.007928357043514
1585.6014897639602,0.99916651616798,1585.6014897639602,1.005989714110668,1585.6014897639602,1.0051512379487784,1585.5626003244251,1.0212262886789898
1585.6028786722825,0.9892658710568952,1585.6028786722825,1.00589886565215,1585.6028786722825,0.995101417524517,1585.5639892327472,1.0116370663169263
1585.6042675810695,0.9987829632783299,1585.6042675810695,1.005963583602786,1585.6042675810695,1.0047392889808786,1585.5653781415344,1.0113339781542194
1585.605656489392,0.9981557226737744,1585.605656489392,1.0059584884929489,1585.605656489392,1.0041032220614972,1585.566767049857,1.0228785127867317
1585.6070453981802,0.9830581823465022,1585.6070453981802,1.0058338019880715,1585.6070453981802,0.9887931491250652,1585.568155958645,1.013225511523547
1585.6084343065022,0.9885358296921979,1585.6084343065022,1.0057230403120507,1585.6084343065022,0.9941932600954329,1585.5695448669671,0.9982617635554996
1585.6098232152897,0.9979886833734647,1585.6098232152897,1.0056896165384064,1585.6098232152897,1.0036668562915287,1585.5709337757544,1.005807600950484
1585.6112121236115,0.9963892084162695,1585.6112121236115,1.0056694507286446,1585.6112121236115,1.0020381879399387,1585.5723226840764,1.020074947281695
1585.6126010323997,0.992914078707411,1585.6126010323997,1.0057432550254353,1585.6126010323997,0.9986166374797728,1585.5737115928646,1.0107239271221806
1585.6139899407212,1.0017800251236015,1585.6139899407212,1.0055951140062034,1585.6139899407212,1.0073850985733053,1585.5751005016527,1.006512551543208
1585.615378849508,0.9867276750702574,1585.615378849508,1.0054965668548261,1585.615378849508,0.9921512897037882,1585.5764894099743,1.0095859934398757
1585.61676775783,1.0058900707536973,1585.61676775783,1.0053428772659774,1585.61676775783,1.0112644179447996,1585.577878318762,0.9934581113923416
1585.6181566661517,1.006043999953585,1585.6181566661517,1.0053516100810416,1585.6181566661517,1.0114279551657082,1585.5792672270836,0.9850940958665768
1585.619545574939,1.0043783659537542,1585.619545574939,1.0051735974763154,1585.619545574939,1.0095746153331182,1585.5806561358709,1.0079976712398149
1585.6209344832614,1.0058997589679086,1585.6209344832614,1.0050419724332673,1585.6209344832614,1.010971477823255,1585.582045044193,1.0106972962020402
1585.6223233920496,1.0010058450735506,1585.6223233920496,1.0050667204426074,1585.6223233920496,1.0060776618519542,1585.5834339529802,1.0064561530356588
1585.6237123003716,1.0072166246204288,1585.6237123003716,1.0051392901801053,1585.6237123003716,1.0123930031285795,1585.5848228613022,1.0119418150681867
1585.6251012091589,1.0128778484184922,1585.6251012091589,1.005065964966792,1585.6251012091589,1.0180090521142198,1585.5862117700894,1.0047728082683534
1585.626490117481,0.9955341577184966,1585.626490117481,1.0051867293541068,1585.626490117481,1.0006977239573511,1585.5876006784115,0.99979946855631
1585.627879026269,0.9985007966394247,1585.627879026269,1.005082654731098,1585.627879026269,1.0035758314374692,1585.5889895871987,1.0189077995414992
1585.6292679345916,1.0108279065988715,1585.6292679345916,1.0051280543976462,1585.6292679345916,1.0160114870905692,1585.5903784955212,0.998309244087482
1585.6306568429131,1.0107021415400796,1585.6306568429131,1.0052512394410578,1585.6306568429131,1.0160095804888964,1585.5917674043094,1.0097344008539608
1585.6320457517008,1.0017909411577595,1585.6320457517008,1.0053997309626947,1585.6320457517008,1.0072003427208762,1585.5931563126314,1.0117132073772814
1585.6334346600224,0.9887978155366879,1585.6334346600224,1.0053463515634116,1585.6334346600224,0.9940842762836803,1585.594545221419,0.9899581442504688
1585.6362124771326,0.998804486732881,1585.6362124771326,1.0052752128248466,1585.6362124771326,1.0040733929708086,1585.5959341297407,1.0146550322552412
1585.6376013859208,0.9999479062998639,1585.6376013859208,1.0054004849787033,1585.6376013859208,1.005348109947322,1585.5973230380632,1.0023289139434115
1585.6389902942424,0.9882830046569561,1585.6389902942424,1.0052904801130733,1585.6389902942424,0.993511496239182,1585.5987119468512,1.0056029180354094
1585.640379202564,0.9957080172302258,1585.640379202564,1.0052640327892548,1585.640379202564,1.0009494568814497,1585.600100855173,0.9922733737141316
1585.6417681113517,0.9964063633948109,1585.6417681113517,1.005209814221388,1585.6417681113517,1.0015974554371068,1585.6014897639602,1.0051512379487784
1585.6431570196742,0.9881870859197045,1585.6431570196742,1.0050531536408287,1585.6431570196742,0.9931805470907396,1585.6028786722825,0.995101417524517
1585.6445459284614,1.006519916676609,1585.6445459284614,1.0049110144502749,1585.6445459284614,1.0114629505318973,1585.6042675810695,1.0047392889808786
1585.6459348367823,0.9922531718769281,1585.6459348367823,1.0048165773191613,1585.6459348367823,0.9970324359994563,1585.605656489392,1.0041032220614972
1585.6473237451046,1.010390614965764,1585.6473237451046,1.0048635412491973,1585.6473237451046,1.015304691399452,1585.6070453981802,0.9887931491250652
1585.6487126538918,0.9963811281718566,1585.6487126538918,1.0047588049538887,1585.6487126538918,1.001122711620562,1585.6084343065022,0.9941932600954329
1585.650101562214,1.002257294363516,1585.650101562214,1.0046414147914813,1585.650101562214,1.0069091861944448,1585.6098232152897,1.0036668562915287
1585.6528793793243,1.0031923060370065,1585.6528793793243,1.0047510822084582,1585.6528793793243,1.007958555153881,1585.6112121236115,1.0020381879399387
1585.654268287646,0.99442565739327,1585.654268287646,1.004826830466229,1585.654268287646,0.9992255814527756,1585.6126010323997,0.9986166374797728
1585.6556571964338,0.9903648985188568,1585.6556571964338,1.0047301860602496,1585.6556571964338,0.9950495087563912,1585.6139899407212,1.0073850985733053
1585.6570461047554,1.0215515850525372,1585.6570461047554,1.004620063465425,1585.6570461047554,1.0262712182086855,1585.615378849508,0.9921512897037882
1585.6584350135436,0.986077785433642,1585.6584350135436,1.0046219811469033,1585.6584350135436,0.9906354183672964,1585.61676775783,1.0112644179447996
1585.659823921866,0.9996357776385678,1585.659823921866,1.004610642768877,1585.659823921866,1.0042447411082478,1585.6181566661517,1.0114279551657082
1585.6612128301877,0.9827131106029812,1585.6612128301877,1.0045309884353095,1585.6612128301877,0.9871657723423504,1585.619545574939,1.0095746153331182
1585.6626017389754,1.0139296720374742,1585.6626017389754,1.0046399282369893,1585.6626017389754,1.0186342329530822,1585.6209344832614,1.010971477823255
1585.663990647297,1.007381142374476,1585.663990647297,1.004787218517516,1585.663990647297,1.0122036960334475,1585.6223233920496,1.0060776618519542
1585.665379555619,1.0037069074679963,1585.665379555619,1.0048169657383954,1585.665379555619,1.0085417292526604,1585.6237123003716,1.0123930031285795
1585.6667684644071,1.004692704464947,1585.6667684644071,1.0048380502001544,1585.6667684644071,1.0095534582048773,1585.6251012091589,1.0180090521142198
1585.6681573727296,0.9894779832970708,1585.6681573727296,1.004889919684336,1585.6681573727296,0.9943164511648122,1585.626490117481,1.0006977239573511
1585.669546281517,0.9832137666638505,1585.669546281517,1.0049298785031453,1585.669546281517,0.9880608910761232,1585.627879026269,1.0035758314374692
1585.670935189839,0.9932768818506488,1585.670935189839,1.0048538545147654,1585.670935189839,0.9980981033280316,1585.6292679345916,1.0160114870905692
1585.6723240981603,1.0151879163992525,1585.6723240981603,1.0048497221462693,1585.6723240981603,1.0201112957200391,1585.6306568429131,1.0160095804888964
1585.673713006949,1.0058656723766612,1585.673713006949,1.0048474113566408,1585.673713006949,1.010741517060195,1585.6320457517008,1.0072003427208762
1585.6751019152712,0.9862050881576622,1585.6751019152712,1.0047841002975275,1585.6751019152712,0.9909231922133404,1585.6334346600224,0.9940842762836803
1585.6764908235923,1.0121744586000934,1585.6764908235923,1.0048050197162297,1585.6764908235923,1.017037976829931,1585.6362124771326,1.0040733929708086
1585.677879732379,1.001633435928114,1585.677879732379,1.0047327565678754,1585.677879732379,1.0063739231506064,1585.6376013859208,1.005348109947322
1585.679268640701,0.9884296529824015,1585.679268640701,1.0046654470140441,1585.679268640701,0.993041119155501,1585.6389902942424,0.993511496239182
1585.6806575490227,0.995943398973097,1585.6806575490227,1.0047188525740158,1585.6806575490227,1.0006431090449153,1585.640379202564,1.0009494568814497
1585.6820464578109,1.006200135434672,1585.6820464578109,1.0046416978544161,1585.6820464578109,1.0108706124444322,1585.6417681113517,1.0015974554371068
1585.6834353661334,1.0061345696342936,1585.6834353661334,1.00466932796243,1585.6834353661334,1.0108325419142543,1585.6431570196742,0.9931805470907396
1585.684824274455,1.0081828637331465,1585.684824274455,1.0046205048336847,1585.684824274455,1.0128411775282635,1585.6445459284614,1.0114629505318973
1585.686213183243,0.9974962190563617,1585.686213183243,1.0046631201529446,1585.686213183243,1.0021476637779294,1585.6459348367823,0.9970324359994563
1585.6876020915645,0.9959699050818234,1585.6876020915645,1.0046429589175339,1585.6876020915645,1.0005941524342183,1585.6473237451046,1.015304691399452
1585.6889909998868,1.0061796353085124,1585.6889909998868,1.004511981179318,1585.6889909998868,1.0107194988860373,1585.6487126538918,1.001122711620562
1585.690379908675,0.9880929298096055,1585.690379908675,1.0044352935299468,1585.690379908675,0.9924754119881762,1585.650101562214,1.0069091861944448
1585.691768816997,0.990146559537619,1585.691768816997,1.0043831992922985,1585.691768816997,0.994486569236656,1585.651490471002,1.0273835050233264
1585.6931577253183,1.005285333057686,1585.6931577253183,1.0042355294190939,1585.6931577253183,1.0095432486604354,1585.6528793793243,1.007958555153881
1585.6945466341062,0.9965405753449145,1585.6945466341062,1.0042974821187638,1585.6945466341062,1.0008231906480818,1585.654268287646,0.9992255814527756
1585.6959355424278,0.9936042956627951,1585.6959355424278,1.0043196425609735,1585.6959355424278,0.9978963110671062,1585.6556571964338,0.9950495087563912
1585.6973244507503,0.996268086539058,1585.6973244507503,1.004267141004635,1585.6973244507503,1.0005193029427382,1585.6570461047554,1.0262712182086855
1585.6987133595385,1.004516057134772,1585.6987133595385,1.0041738043833994,1585.6987133595385,1.008708710657236,1585.6584350135436,0.9906354183672964
1585.70010226786,1.0105416292126208,1585.70010226786,1.0041109055780562,1585.70010226786,1.014695870433009,1585.659823921866,1.0042447411082478
1585.701491176182,1.0105112085133587,1585.701491176182,1.0039924439958534,1585.701491176182,1.0145456179205306,1585.6612128301877,0.9871657723423504
1585.7028800849694,0.9859915883035134,1585.7028800849694,1.004066324984145,1585.7028800849694,0.9900009505331888,1585.6626017389754,1.0186342329530822
1585.704268993292,1.0055472692001715,1585.704268993292,1.0042086823540255,1585.704268993292,1.0097792982481928,1585.663990647297,1.0122036960334475
1585.7056579016144,0.9908162917661644,1585.7056579016144,1.0041340304054127,1585.7056579016144,0.994912356442504,1585.665379555619,1.0085417292526604
1585.7070468104012,1.0079886246703438,1585.7070468104012,1.0040353496048087,1585.7070468104012,1.012056211168559,1585.6667684644071,1.0095534582048773
1585.7084357187225,1.011528608406367,1585.7084357187225,1.0039338762078458,1585.7084357187225,1.0155078367325323,1585.6681573727296,0.9943164511648122
1585.7098246270443,1.0039744490828417,1585.7098246270443,1.0038008498200666,1585.7098246270443,1.0077904051869897,1585.669546281517,0.9880608910761232
1585.7112135358316,1.0055061833072472,1585.7112135358316,1.0038408172717352,1585.7112135358316,1.0093681488229302,1585.670935189839,0.9980981033280316
1585.712602444154,0.9900279565236404,1585.712602444154,1.0039336698544958,1585.712602444154,0.9939223996513256,1585.6723240981603,1.0201112957200391
1585.7139913524766,0.9931384480493302,1585.7139913524766,1.0037972826559203,1585.7139913524766,0.9969096754530354,1585.673713006949,1.010741517060195
1585.7153802607986,1.0110342166533346,1585.7153802607986,1.0038173271130126,1585.7153802607986,1.014893664980749,1585.6751019152712,0.9909231922133404
1585.716769169586,1.002611236857839,1585.716769169586,1.003840913963129,1585.716769169586,1.0064621803570764,1585.6764908235923,1.017037976829931
1585.7181580779077,1.0031383220695496,1585.7181580779077,1.003707933699406,1585.7181580779077,1.0068578924591167,1585.677879732379,1.0063739231506064
1585.71954698623,0.988903795718485,1585.71954698623,1.0038630780294926,1585.71954698623,0.9927240082450068,1585.679268640701,0.993041119155501
1585.720935895018,0.9933943403427663,1585.720935895018,1.0037382538133715,1585.720935895018,0.9971079005237342,1585.6806575490227,1.0006431090449153
1585.72232480334,0.9908085902656878,1585.72232480334,1.0036937866096365,1585.72232480334,0.994468425769124,1585.6820464578109,1.0108706124444322
1585.7237137116615,0.9948535342086076,1585.7237137116615,1.003746775524242,1585.7237137116615,0.998581027080786,1585.6834353661334,1.0108325419142543
1585.7251026199838,1.007618220865633,1585.7251026199838,1.0037472372089482,1585.7251026199838,1.011394005355275,1585.684824274455,1.0128411775282635
1585.726491528771,0.999519255251062,1585.726491528771,1.003682869183432,1585.726491528771,1.0032003539144732,1585.686213183243,1.0021476637779294
1585.7278804370935,1.0013757819680593,1585.7278804370935,1.0036830542438293,1585.7278804370935,1.0050639032915047,1585.6876020915645,1.0005941524342183
1585.729269345416,0.9999727608954481,1585.729269345416,1.0036114103530946,1585.729269345416,1.0035840728769585,1585.6889909998868,1.0107194988860373
1585.730658253738,0.9933020895890368,1585.730658253738,1.0036924059727403,1585.730658253738,0.9969697641573708,1585.690379908675,0.9924754119881762
1585.7320471625253,0.9966355243553969,1585.7320471625253,1.003766741279601,1585.7320471625253,1.0003895925257031,1585.691768816997,0.994486569236656
1585.7334360708471,0.9996482521251392,1585.7334360708471,1.003773795465285,1585.7334360708471,1.0034207201658891,1585.6931577253183,1.0095432486604354
1585.734824979169,0.996001549836476,1585.734824979169,1.003847189823767,1585.734824979169,0.9998333568634632,1585.6945466341062,1.0008231906480818
1585.7362138874914,1.0032004410957098,1585.7362138874914,1.0039334360217962,1585.7362138874914,1.0071464658477975,1585.6959355424278,0.9978963110671062
1585.737602796279,0.994091858647085,1585.737602796279,1.003894067171298,1585.737602796279,0.9979629191190972,1585.6973244507503,1.0005193029427382
1585.7389917045998,0.9863990881826431,1585.7389917045998,1.00385865750642,1585.7389917045998,0.9902052644285848,1585.6987133595385,1.008708710657236
1585.740380612922,0.9889690160808738,1585.740380612922,1.0038512910637236,1585.740380612922,0.9927778236148056,1585.70010226786,1.014695870433009
1585.7417695212434,0.9818277827255857,1585.7417695212434,1.0038491363327509,1585.7417695212434,0.985606971716579,1585.701491176182,1.0145456179205306
1585.7431584300316,0.988957552639709,1585.7431584300316,1.0037597539186929,1585.7431584300316,0.992675789673667,1585.7028800849694,0.9900009505331888
1585.744547338354,0.9955899244370957,1585.744547338354,1.003667823246087,1585.744547338354,0.999241572305516,1585.704268993292,1.0097792982481928
1585.745936246676,1.0000067656020744,1585.745936246676,1.0036151073335646,1585.745936246676,1.0036218973940167,1585.7056579016144,0.994912356442504
1585.7473251549975,1.0003484792923976,1585.7473251549975,1.0036681594424515,1585.7473251549975,1.004017917012456,1585.7070468104012,1.012056211168559
1585.7487140637854,1.0005640433421696,1585.7487140637854,1.0035458506683133,1585.7487140637854,1.0041118940239446,1585.7084357187225,1.0155078367325323
1585.750102972107,1.0200511262170369,1585.750102972107,1.003506434568312,1585.750102972107,1.0236278687474498,1585.7098246270443,1.0077904051869897
1585.7514918804295,0.9981355643386041,1585.7514918804295,1.0035921485173576,1585.7514918804295,1.0017210155261649,1585.7112135358316,1.0093681488229302
1585.752880788752,1.0089618146053603,1585.752880788752,1.0035943113874803,1585.752880788752,1.0125883375451292,1585.712602444154,0.9939223996513256
1585.7542696975397,1.0044333715032945,1585.7542696975397,1.0035902052531038,1585.7542696975397,1.0080394934700585,1585.7139913524766,0.9969096754530354
1585.7556586058613,1.0097533359830342,1585.7556586058613,1.0034304755206884,1585.7556586058613,1.0132172700840574,1585.7153802607986,1.014893664980749
1585.7570475141831,0.9952983938495201,1585.7570475141831,1.0033245875362153,1585.7570475141831,0.9986073504845274,1585.716769169586,1.0064621803570764
1585.7584364225058,0.9995003673561341,1585.7584364225058,1.0033355240705781,1585.7584364225058,1.0028342248900022,1585.7181580779077,1.0068578924591167
1585.759825330828,1.0108640093965489,1585.759825330828,1.0032952403076265,1585.759825330828,1.0141950492258414,1585.71954698623,0.9927240082450068
1585.7612142396156,1.0117549239293422,1585.7612142396156,1.0032235475384512,1585.7612142396156,1.0150163640238905,1585.720935895018,0.9971079005237342
1585.7626031479372,0.9962948562567393,1585.7626031479372,1.0031566369129834,1585.7626031479372,0.9994397973762148,1585.72232480334,0.994468425769124
1585.7639920562592,0.9983367006854631,1585.7639920562592,1.0031447008627266,1585.7639920562592,1.0014761709694002,1585.7237137116615,0.998581027080786
1585.7653809645808,1.0049390745324833,1585.7653809645808,1.003265295551837,1585.7653809645808,1.0082204976224216,1585.7251026199838,1.011394005355275
1585.7667698729033,0.9906622849937707,1585.7667698729033,1.0033079785234702,1585.7667698729033,0.993939374556542,1585.726491528771,1.0032003539144732
1585.768158781691,0.9927953340586506,1585.768158781691,1.0033466597360432,1585.768158781691,0.9961178822292762,1585.7278804370935,1.0050639032915047
1585.769547690012,0.9980797974113427,1585.769547690012,1.0032474365192086,1585.769547690012,1.0013209981945406,1585.729269345416,1.0035840728769585
1585.7709365983335,0.9974806022363459,1585.7709365983335,1.003350784357233,1585.7709365983335,1.0008229446349628,1585.730658253738,0.9969697641573708
1585.7723255066558,0.9907528839446077,1585.7723255066558,1.0033006566273135,1585.7723255066558,0.9940230190170294,1585.7320471625253,1.0003895925257031
1585.7737144149785,0.9917857864700989,1585.7737144149785,1.0033772609037814,1585.7737144149785,0.9951353058316704,1585.7334360708471,1.0034207201658891
1585.7751033237664,1.0006353594820923,1585.7751033237664,1.0034200541819618,1585.7751033237664,1.0040575866279078,1585.734824979169,0.9998333568634632
1585.776492232088,1.0104370694574387,1585.776492232088,1.0033451896408656,1585.776492232088,1.0138171730749344,1585.7362138874914,1.0071464658477975
1585.7778811404098,1.0032674642406796,1585.7778811404098,1.0032833157962702,1585.7778811404098,1.006561508153905,1585.737602796279,0.9979629191190972
1585.7792700487316,0.9896068977729335,1585.7792700487316,1.003335548973491,1585.7792700487316,0.9929077800449596,1585.7389917045998,0.9902052644285848
1585.7806589570532,0.9979494121257209,1585.7806589570532,1.0034320085507786,1585.7806589570532,1.0013743830413808,1585.740380612922,0.9927778236148056
1585.7820478653755,1.0207325444843454,1585.7820478653755,1.0033509049760228,1585.7820478653755,1.0241529222468464,1585.7417695212434,0.985606971716579
1585.783436774164,1.0082392522625745,1585.783436774164,1.0034341590982696,1585.783436774164,1.0117017062639646,1585.7431584300316,0.992675789673667
1585.784825682486,1.0006799652777358,1585.784825682486,1.0034885383065897,1585.784825682486,1.004170875669244,1585.744547338354,0.999241572305516
1585.7862145908075,1.0124043660454163,1585.7862145908075,1.003520521913389,1585.7862145908075,1.0159685578012898,1585.745936246676,1.0036218973940167
1585.7876034991295,1.0139768047268753,1585.7876034991295,1.0034255503391816,1585.7876034991295,1.0174502333142297,1585.7473251549975,1.004017917012456
1585.788992407452,1.0092672080886265,1585.788992407452,1.0034439558528674,1585.788992407452,1.0127430797970305,1585.7487140637854,1.0041118940239446
1585.7903813157743,1.0105530042582747,1585.7903813157743,1.0033917286013558,1585.7903813157743,1.0139805257860035,1585.750102972107,1.0236278687474498
1585.7917702245618,1.0083948024603058,1585.7917702245618,1.0034187391580383,1585.7917702245618,1.011842241258239,1585.7514918804295,1.0017210155261649
1585.7931591328838,1.0001841478613187,1585.7931591328838,1.0034089532791075,1585.7931591328838,1.003593728891882,1585.752880788752,1.0125883375451292
1585.7945480412054,0.9983524911345869,1585.7945480412054,1.0035563717504048,1585.7945480412054,1.0019030037310042,1585.7542696975397,1.0080394934700585
1585.7959369495277,1.0076123256767004,1585.7959369495277,1.0036893854508955,1585.7959369495277,1.011329795931195,1585.7556586058613,1.0132172700840574
1585.79732585785,1.008294704422155,1585.79732585785,1.0035947217876475,1585.79732585785,1.011919243364511,1585.7570475141831,0.9986073504845274
1585.7987147661715,0.9969790608897152,1585.7987147661715,1.0035766322055202,1585.7987147661715,1.0005448883071226,1585.7584364225058,1.0028342248900022
1585.8001036749583,1.0109576221896837,1585.8001036749583,1.0036510073651426,1585.8001036749583,1.0146486359141451,1585.759825330828,1.0141950492258414
1585.80149258328,0.9915943496475279,1585.80149258328,1.0035608004901553,1585.80149258328,0.995125219293788,1585.7612142396156,1.0150163640238905
1585.802881491602,1.0028101282669628,1585.802881491602,1.0035441792703688,1585.802881491602,1.0063642671356825,1585.7626031479372,0.9994397973762148
1585.8042703999245,1.002161589400206,1585.8042703999245,1.0036116966315416,1585.8042703999245,1.005781093036903,1585.7639920562592,1.0014761709694002
1585.805659308247,1.0002913556209703,1585.805659308247,1.0036448686387418,1585.805659308247,1.0039372862126776,1585.7653809645808,1.0082204976224216
1585.8070482165683,1.0019658722100255,1585.8070482165683,1.0035790237032174,1585.8070482165683,1.00555193181648,1585.7667698729033,0.993939374556542
1585.8084371248906,0.9833388207282685,1585.8084371248906,1.0035260907676748,1585.8084371248906,0.9868061626655348,1585.768158781691,0.9961178822292762
1585.8098260332122,1.011268735201836,1585.8098260332122,1.0034727532143022,1585.8098260332122,1.0147806219525315,1585.769547690012,1.0013209981945406
1585.811214942,1.0227803022479467,1585.811214942,1.0035054077439955,1585.811214942,1.0263655642398528,1585.7709365983335,1.0008229446349628
1585.8126038503224,0.9908487778771625,1585.8126038503224,1.0035080794446412,1585.8126038503224,0.9943247541075813,1585.7723255066558,0.9940230190170294
1585.8139927586449,0.9984370953824283,1585.8139927586449,1.0035299764874692,1585.8139927586449,1.0019615548533454,1585.7737144149785,0.9951353058316704
1585.8153816669665,1.0035089736262734,1585.8153816669665,1.003694273831341,1585.8153816669665,1.0072162105670568,1585.7751033237664,1.0040575866279078
1585.8167705752885,0.9838219503238105,1585.8167705752885,1.0037548290070313,1585.8167705752885,0.9875160335206404,1585.776492232088,1.0138171730749344
1585.81815948361,1.002007416346943,1585.81815948361,1.0036482054223201,1585.81815948361,1.005662945236465,1585.7778811404098,1.006561508153905
1585.8195483919326,1.0046773212649611,1585.8195483919326,1.0037647536501806,1585.8195483919326,1.008459683877447,1585.7792700487316,0.9929077800449596
1585.820937300255,1.0037523375738928,1585.820937300255,1.0038691146533032,1585.820937300255,1.0076359704514872,1585.7806589570532,1.0013743830413808
1585.822326208577,0.9954398746869122,1585.822326208577,1.0040031708497632,1585.822326208577,0.9994247905759508,1585.7820478653755,1.0241529222468464
1585.8237151168987,0.9950609038516532,1585.8237151168987,1.0039200671127273,1585.8237151168987,0.9989616093760028,1585.783436774164,1.0117017062639646
1585.825104025686,0.9897031505242521,1585.825104025686,1.0038250989763642,1585.825104025686,0.9934888630322268,1585.784825682486,1.004170875669244
1585.826492934008,1.0004133236237986,1585.826492934008,1.0036644590543722,1585.826492934008,1.0040792972856665,1585.7862145908075,1.0159685578012898
1585.8278818423305,1.0099872841950677,1585.8278818423305,1.0037451885948625,1585.8278818423305,1.0137698770527912,1585.7876034991295,1.0174502333142297
1585.829270750652,0.9951843930823612,1585.829270750652,1.0037238666704869,1585.829270750652,0.9988903270747492,1585.788992407452,1.0127430797970305
1585.8306596589732,0.9943570148468254,1585.8306596589732,1.0038771170825935,1585.8306596589732,0.9982122534152847,1585.7903813157743,1.0139805257860035
1585.8320485672953,0.9849637250009518,1585.8320485672953,1.003852853346613,1585.8320485672953,0.988758645785114,1585.7917702245618,1.011842241258239
1585.8334374756168,0.9895475337422999,1585.8334374756168,1.0038548638647957,1585.8334374756168,0.9933621047726208,1585.7931591328838,1.003593728891882
1585.8348263839391,1.0059467291783992,1585.8348263839391,1.0038614533175254,1585.8348263839391,1.009831145513039,1585.7945480412054,1.0019030037310042
1585.8362152922618,1.0075766200214378,1585.8362152922618,1.0037618219948947,1585.8362152922618,1.0113669439121762,1585.7959369495277,1.011329795931195
1585.837604200584,0.9929010336385842,1585.837604200584,1.0038664636643364,1585.837604200584,0.9967400494074298,1585.79732585785,1.011919243364511
1585.8389931089057,0.9969681367515782,1585.8389931089057,1.0039802259287145,1585.8389931089057,1.000936295179579,1585.7987147661715,1.0005448883071226
1585.840382017227,1.0097361631859822,1585.840382017227,1.0038728164247288,1585.840382017227,1.0136466859834117,1585.8001036749583,1.0146486359141451
1585.8417709260148,0.988825706055312,1585.8417709260148,1.0038934051622443,1585.8417709260148,0.9926756051638276,1585.80149258328,0.995125219293788
1585.8431598343373,1.019332526588654,1585.8431598343373,1.003944654388611,1585.8431598343373,1.0233534411131158,1585.802881491602,1.0063642671356825
1585.8445487426598,0.9929882200298578,1585.8445487426598,1.0040366018179878,1585.8445487426598,0.9969965180840707,1585.8042703999245,1.005781093036903
1585.845937650981,0.9922859365975503,1585.845937650981,1.0040395599630592,1585.845937650981,0.9962943351389364,1585.805659308247,1.0039372862126776
1585.8473265593034,1.0089622935220586,1585.8473265593034,1.0040262637323925,1585.8473265593034,1.0130246418118178,1585.8070482165683,1.00555193181648
1585.848715467625,0.9801711948102209,1585.848715467625,1.0039863417923336,1585.848715467625,0.9840784922077344,1585.8084371248906,0.9868061626655348
1585.8501043759477,0.9932400005647196,1585.8501043759477,1.0039391182741568,1585.8501043759477,0.9971524904015676,1585.8098260332122,1.0147806219525315
1585.85149328427,0.9912000344389676,1585.85149328427,1.0039703331946408,1585.85149328427,0.9951354288382298,1585.811214942,1.0263655642398528
1585.852882192592,0.9897709800836312,1585.852882192592,1.003963601650128,1585.852882192592,0.9936940379735396,1585.8126038503224,0.9943247541075813
1585.8542711009136,1.0140814459968321,1585.8542711009136,1.0039728963899235,1585.8542711009136,1.0181102865127214,1585.8139927586449,1.0019615548533454
1585.8556600092356,0.9986545047196462,1585.8556600092356,1.0039665359727636,1585.8556600092356,1.0026157037369792,1585.8153816669665,1.0072162105670568
1585.8570489175572,0.99158796685378,1585.8570489175572,1.003961739584043,1585.8570489175572,0.9955163801531254,1585.8167705752885,0.9875160335206404
1585.8584378258795,1.0099099849271982,1585.8584378258795,1.003995154033723,1585.8584378258795,1.0139447308771774,1585.81815948361,1.005662945236465
1585.8598267342015,1.020572619244923,1585.8598267342015,1.0040346537616507,1585.8598267342015,1.0246902764021972,1585.8195483919326,1.008459683877447
1585.8612156425224,0.9816001414923077,1585.8612156425224,1.0039373895687975,1585.8612156425224,0.9854650836501496,1585.820937300255,1.0076359704514872
1585.8626045508445,0.9980783709570725,1585.8626045508445,1.0039227035828846,1585.8626045508445,1.0019935365588255,1585.822326208577,0.9994247905759508
1585.863993459166,0.9851579302732532,1585.863993459166,1.004012873157998,1585.863993459166,0.9891112440880356,1585.8237151168987,0.9989616093760028
1585.8653823674886,1.0067904444570246,1585.8653823674886,1.0041119045095996,1585.8653823674886,1.0109302706258092,1585.825104025686,0.9934888630322268
1585.866771275811,0.9959059422384139,1585.866771275811,1.0042131869753628,1585.866771275811,1.000101880182939,1585.826492934008,1.0040792972856665
1585.868160184133,0.9936624538835472,1585.868160184133,1.0043531468425624,1585.868160184133,0.9979880124572432,1585.8278818423305,1.0137698770527912
1585.8695490924547,1.0004302486706722,1585.8695490924547,1.0043709386207966,1585.8695490924547,1.004803067882,1585.829270750652,0.9988903270747492
1585.8709380007767,1.0084576929212257,1585.8709380007767,1.0043200088621258,1585.8709380007767,1.0128142390917243,1585.8306596589732,0.9982122534152847
1585.8723269090983,0.991773241500235,1585.8723269090983,1.0043250534573798,1585.8723269090983,0.9960627137873224,1585.8320485672953,0.988758645785114
1585.8737158174208,1.0058811216183614,1585.8737158174208,1.004336286126655,1585.8737158174208,1.0102429099710992,1585.8334374756168,0.9933621047726208
1585.8751047257433,1.0066263289701103,1585.8751047257433,1.0042922288275697,1585.8751047257433,1.0109469995179066,1585.8348263839391,1.009831145513039
1585.8764936340654,0.9996035382305927,1585.8764936340654,1.004311717147103,1585.8764936340654,1.0039135459466864,1585.8362152922618,1.0113669439121762
1585.877882542387,1.0105056103375916,1585.877882542387,1.004182849655024,1585.877882542387,1.014732403381192,1585.837604200584,0.9967400494074298
1585.8792714507088,0.9874999875764917,1585.8792714507088,1.0041369999949055,1585.8792714507088,0.9915852750200648,1585.8389931089057,1.000936295179579
1585.880660359031,0.9873019695961276,1585.880660359031,1.004008359316182,1585.880660359031,0.991259430643843,1585.840382017227,1.0136466859834117
1585.8820492673535,0.992065345575756,1585.8820492673535,1.004127106043995,1585.8820492673535,0.9961597044595196,1585.8417709260148,0.9926756051638276
1585.8834381756756,0.9948790541778331,1585.8834381756756,1.00425342068522,1585.8834381756756,0.9991106933261652,1585.8431598343373,1.0233534411131158
1585.8848270839972,0.9921418798315852,1585.8848270839972,1.0042620263798807,1585.8848270839972,0.9963704146960118,1585.8445487426598,0.9969965180840707
1585.8862159923192,0.9919387094484852,1585.8862159923192,1.0042420915449335,1585.8862159923192,0.9961466042609288,1585.845937650981,0.9962943351389364
1585.8876049006408,0.9796407400586761,1585.8876049006408,1.0042826829862066,1585.8876049006408,0.9838362307887202,1585.8473265593034,1.0130246418118178
1585.8889938089633,1.0135897802978637,1585.8889938089633,1.0042485533843417,1585.8889938089633,1.0178960705892823,1585.848715467625,0.9840784922077344
1585.890382717285,1.0027871236739136,1585.890382717285,1.0042235799222776,1585.890382717285,1.0070224752357813,1585.8501043759477,0.9971524904015676
1585.8917716256065,0.9957674760098262,1585.8917716256065,1.0043796952650919,1585.8917716256065,1.000128634109639,1585.85149328427,0.9951354288382298
1585.893160533928,0.9972517740298206,1585.893160533928,1.0044357349614932,1585.893160533928,1.0016753185892957,1585.852882192592,0.9936940379735396
1585.89454944225,1.00275960950095,1585.89454944225,1.0045343747770934,1585.89454944225,1.0073064973817591,1585.8542711009136,1.0181102865127214
1585.8959383505717,1.0024708393398478,1585.8959383505717,1.0045891918475953,1585.8959383505717,1.0070713703431984,1585.8556600092356,1.0026157037369792
1585.8973272588942,1.0054903061561478,1585.8973272588942,1.0046747830435838,1585.8973272588942,1.0101907551898544,1585.8570489175572,0.9955163801531254
1585.898716167217,1.0080176711872828,1585.898716167217,1.0046859317481123,1585.898716167217,1.0127411731953575,1585.8584378258795,1.0139447308771774
1585.9001050755382,0.9877897180843214,1585.9001050755382,1.0047090585156158,1585.9001050755382,0.992441277667904,1585.8598267342015,1.0246902764021972
1585.9014939838603,0.9975403754725358,1585.9014939838603,1.0046238274603263,1585.9014939838603,1.00215283005343,1585.8612156425224,0.9854650836501496
1585.902882892182,0.9991973677980803,1585.902882892182,1.0046303458379364,1585.902882892182,1.0038239971713412,1585.8626045508445,1.0019935365588255
1585.9042718005044,1.003165888487631,1585.9042718005044,1.0047994288804878,1585.9042718005044,1.007980511824759,1585.863993459166,0.9891112440880356
1585.9056607083612,0.9969208822374038,1585.9056607083612,1.0049134215267719,1585.9056607083612,1.0018191747606775,1585.8653823674886,1.0109302706258092
1585.9070496166833,0.9993484808385245,1585.9070496166833,1.0048125531092544,1585.9070496166833,1.0041578984772126,1585.866771275811,1.000101880182939
1585.9084385250048,1.0064684838693039,1585.9084385250048,1.0048358740998606,1585.9084385250048,1.0113356387427734,1585.868160184133,0.9979880124572432
1585.9098274333269,0.9921087640479577,1585.9098274333269,1.0048249015909096,1585.9098274333269,0.996895591201968,1585.8695490924547,1.004803067882
1585.9112163416485,0.9979968137750604,1585.9112163416485,1.004659467408971,1585.9112163416485,1.0026469474031023,1585.8709380007767,1.0128142390917243
1585.912605249971,1.0126005400149642,1585.912605249971,1.0046596694456498,1585.912605249971,1.0173189238119205,1585.8723269090983,0.9960627137873224
1585.9139941582937,0.997858501249527,1585.9139941582937,1.0045402242828485,1585.9139941582937,1.0023890026477469,1585.8737158174208,1.0102429099710992
1585.9153830666155,1.0199243439535817,1585.9153830666155,1.004363903237274,1585.9153830666155,1.0243751950999354,1585.8751047257433,1.0109469995179066
1585.916771974937,0.9878047001333905,1585.916771974937,1.0043721715341487,1585.916771974937,0.992123551724612,1585.8764936340654,1.0039135459466864
1585.9181608832591,1.0066182565040842,1585.9181608832591,1.0043866765011322,1585.9181608832591,1.0110339651555014,1585.877882542387,1.014732403381192
1585.9195497915816,1.0163721838909512,1585.9195497915816,1.0043836097601897,1585.9195497915816,1.0208275629162409,1585.8792714507088,0.9915852750200648
1585.9209386999032,0.998822571357673,1585.9209386999032,1.0042388558324058,1585.9209386999032,1.0030564362398111,1585.880660359031,0.991259430643843
1585.9223276082244,1.0045333181495943,1585.9223276082244,1.0041834276390174,1585.9223276082244,1.0087357105970551,1585.8820492673535,0.9961597044595196
1585.9334388743346,1.002878679513169,1585.9334388743346,1.004202611033902,1585.9334388743346,1.007093388517356,1585.8834381756756,0.9991106933261652
1585.934827782657,1.0016974038336122,1585.934827782657,1.004193427494948,1585.934827782657,1.005897949268466,1585.8848270839972,0.9963704146960118
1585.936216690514,0.9967977156625386,1585.936216690514,1.004104920644221,1585.936216690514,1.000889491183674,1585.8862159923192,0.9961466042609288
1585.9376055988355,1.010760950357933,1585.9376055988355,1.0042733304765175,1585.9376055988355,1.0150802659315712,1585.8876049006408,0.9838362307887202
1585.9389945071573,1.0131964995059926,1585.9389945071573,1.0042620071731605,1585.9389945071573,1.0175147502547082,1585.8889938089633,1.0178960705892823
1585.9403834154791,0.9983808322065916,1585.9403834154791,1.0042854777666035,1585.9403834154791,1.002659371065616,1585.890382717285,1.0070224752357813
1585.9417723238007,0.9919500610802781,1585.9417723238007,1.0044420894164245,1585.9417723238007,0.9963563919482245,1585.8917716256065,1.000128634109639
1585.9431612321232,1.0156522638186167,1585.9431612321232,1.0043947341032489,1585.9431612321232,1.0201157854594622,1585.893160533928,1.0016753185892957
1585.9445501404457,1.0057432761134433,1585.9445501404457,1.004293907107887,1585.9445501404457,1.0100618443154563,1585.89454944225,1.0073064973817591
1585.945939048302,1.013141701324653,1585.945939048302,1.0043387861123696,1585.945939048302,1.017537506468223,1585.8959383505717,1.0070713703431984
1585.9473279566237,0.9947058022976338,1585.9473279566237,1.004491217256136,1585.9473279566237,0.9991732421616916,1585.8973272588942,1.0101907551898544
1585.9487168649457,0.9995200293265685,1585.9487168649457,1.0045046625377823,1585.9487168649457,1.0040225297584389,1585.898716167217,1.0127411731953575
1585.9501057732673,0.9880392272737898,1585.9501057732673,1.0046751367227873,1585.9501057732673,0.9926584457487718,1585.9001050755382,0.992441277667904
1585.952883589911,1.0026093749689222,1585.952883589911,1.0045149157165367,1585.952883589911,1.0071360717935165,1585.9014939838603,1.00215283005343
1585.954272498233,1.0182021749275096,1585.954272498233,1.0046680635399683,1585.954272498233,1.022955207376605,1585.902882892182,1.0038239971713412
1585.955661406089,1.0040045832505615,1585.955661406089,1.0048151088489812,1585.955661406089,1.008838974603789,1585.9042718005044,1.007980511824759
1585.957050314411,1.01121236395277,1585.957050314411,1.0049344563841975,1585.957050314411,1.0162021472578562,1585.9056607083612,1.0018191747606775
1585.9584392227334,1.0035990077309656,1585.9584392227334,1.0049664235420963,1585.9584392227334,1.008583305469785,1585.9070496166833,1.0041578984772126
1585.9598281310557,0.9934251348778276,1585.9598281310557,1.0049191581553505,1585.9598281310557,0.998311950231792,1585.9084385250048,1.0113356387427734
1585.9612170393775,1.0023822807113445,1585.9612170393775,1.0049256441053425,1585.9612170393775,1.00731965908363,1585.9098274333269,0.996895591201968
1585.962605947699,1.0033329581990327,1585.962605947699,1.0049720790835828,1585.962605947699,1.0083216090143634,1585.9112163416485,1.0026469474031023
1585.9639948555557,0.9978765902194735,1585.9639948555557,1.0050888638355586,1585.9639948555557,1.002954648311792,1585.912605249971,1.0173189238119205
1585.965383763878,1.0038345218263847,1585.965383763878,1.0049931174759918,1585.965383763878,1.0088467855203198,1585.9139941582937,1.0023890026477469
1585.9667726722005,1.0091100652337186,1585.9667726722005,1.0049990957521815,1585.9667726722005,1.014154703074312,1585.9153830666155,1.0243751950999354
1585.968161580522,0.9994349095901276,1585.968161580522,1.004858827661422,1585.968161580522,1.004290991574635,1585.916771974937,0.992123551724612
1585.969550488844,0.9913372641979535,1585.969550488844,1.004914399540063,1585.969550488844,0.9962090915931752,1585.9181608832591,1.0110339651555014
1585.9709393967,0.9856515323242531,1585.9709393967,1.0050096392297714,1585.9709393967,0.990589290907469,1585.9195497915816,1.0208275629162409
1585.972328305022,0.9843407268067793,1585.972328305022,1.0048876464367293,1585.972328305022,0.989151836252684,1585.9209386999032,1.0030564362398111
1585.9737172133446,1.000691134942014,1585.9737172133446,1.0050179753431274,1585.9737172133446,1.0057125783832392,1585.9223276082244,1.0087357105970551
1585.975106121667,1.0009697091105147,1585.975106121667,1.0050251551472427,1585.975106121667,1.0059997371964855,1585.9334388743346,1.007093388517356
1585.9764950299889,0.9992296829591512,1585.9764950299889,1.0050826908302983,1585.9764950299889,1.0043084585060895,1585.934827782657,1.005897949268466
1585.977883937845,0.999194900792324,1585.977883937845,1.0052487239398813,1585.977883937845,1.00443939898872,1585.936216690514,1.000889491183674
1585.9792728461666,0.9908886397887195,1585.9792728461666,1.0051521953361267,1585.9792728461666,0.9959938916172598,1585.9376055988355,1.0150802659315712
1585.9806617544882,0.9947180869579928,1585.9806617544882,1.005117761668947,1585.9806617544882,0.9998088170548348,1585.9389945071573,1.0175147502547082
1585.9820506628105,1.0022666787020336,1585.9820506628105,1.0051132261715061,1585.9820506628105,1.0073914949144014,1585.9403834154791,1.002659371065616
1585.9834395711318,0.99937051138417,1585.9834395711318,1.0050462327731302,1585.9834395711318,1.0044135676112167,1585.9417723238007,0.9963563919482245
1585.9848284789882,0.9899784568880388,1585.9848284789882,1.0049465698496074,1585.9848284789882,0.994875454474642,1585.9431612321232,1.0201157854594622
1585.9862173873098,0.9898639667013045,1585.9862173873098,1.0050176959252048,1585.9862173873098,0.9948308030935288,1585.9445501404457,1.0100618443154563
1585.9876062956318,0.9998833740687324,1585.9876062956318,1.0050310479707885,1585.9876062956318,1.004913835288866,1585.945939048302,1.017537506468223
1585.9889952039543,1.0013959318436298,1585.9889952039543,1.005028845967018,1585.9889952039543,1.00643179773687,1585.9473279566237,0.9991732421616916
1585.9903841118112,1.0014334840499388,1585.9903841118112,1.0050521442755058,1585.9903841118112,1.0064928704936815,1585.9487168649457,1.0040225297584389
1585.9917730201328,1.0221324103459681,1585.9917730201328,1.0050834781150573,1585.9917730201328,1.0273283980846526,1585.9501057732673,0.9926584457487718
1585.9931619284548,0.9963178012132132,1585.9931619284548,1.0051045302779753,1585.9931619284548,1.0014035355959918,1585.952883589911,1.0071360717935165
1585.9945508367764,0.992188471643857,1585.9945508367764,1.0050323587185905,1585.9945508367764,0.997181519949619,1585.954272498233,1.022955207376605
1585.995939745099,1.0001115578928965,1585.995939745099,1.004911943307272,1585.995939745099,1.005024049166214,1585.955661406089,1.008838974603789
1585.9973286529555,1.0004674623978405,1585.9973286529555,1.0050106603122624,1585.9973286529555,1.0054804650053872,1585.957050314411,1.0162021472578562
1585.9987175612778,1.0035867148159494,1585.9987175612778,1.0048737547671567,1585.9987175612778,1.0084779503515389,1585.9584392227334,1.008583305469785
1586.001495377921,0.9947716367090151,1586.001495377921,1.0047331921636062,1586.001495377921,0.999480082024464,1585.9598281310557,0.998311950231792
1586.002884285777,0.9984607291141594,1586.002884285777,1.004595338699871,1586.002884285777,1.003048994342959,1585.9612170393775,1.00731965908363
1586.0042731940998,0.9973216023365115,1586.0042731940998,1.0046703590500141,1586.0042731940998,1.0019794523077583,1585.962605947699,1.0083216090143634
1586.0056621024223,1.0056238027338378,1586.0056621024223,1.0048412154925273,1586.0056621024223,1.010492244267287,1585.9639948555557,1.002954648311792
1586.0070510102782,1.0158314268239577,1586.0070510102782,1.004980331205016,1586.0070510102782,1.020890603778005,1585.965383763878,1.0088467855203198
1586.0084399186003,1.0116299356407323,1586.0084399186003,1.0050212780380894,1586.0084399186003,1.0167096108192388,1585.9667726722005,1.014154703074312
1586.0098288269214,1.0212054233651422,1586.0098288269214,1.0051740446595328,1586.0098288269214,1.0264891858321905,1585.968161580522,1.004290991574635
1586.011217735243,0.9995856888393896,1586.011217735243,1.0052316627249807,1586.011217735243,1.0048151840281148,1585.969550488844,0.9962090915931752
1586.0126066430998,0.9863911483386198,1586.0126066430998,1.0051674591948971,1586.0126066430998,0.9914882843478674,1585.9709393967,0.990589290907469
1586.013995551422,1.0002250221768882,1586.013995551422,1.0051532333480508,1586.013995551422,1.005379415116725,1585.972328305022,0.989151836252684
1586.0153844597437,1.0109258811666673,1586.0153844597437,1.0051596194876273,1586.0153844597437,1.0161418740436816,1585.9737172133446,1.0057125783832392
1586.0167733676,0.9998003900122951,1586.0167733676,1.0051590649552964,1586.0167733676,1.0049584251666992,1585.975106121667,1.0059997371964855
1586.0181622759214,1.0067517934846422,1586.0181622759214,1.0051992611109648,1586.0181622759214,1.011986158932901,1585.9764950299889,1.0043084585060895
1586.019551184244,1.002384765424559,1586.019551184244,1.0051813431722931,1586.019551184244,1.0075784648849022,1585.977883937845,1.00443939898872
1586.0209400925664,1.0003584624299797,1586.0209400925664,1.0050933613667354,1586.0209400925664,1.0054536495754074,1585.9792728461666,0.9959938916172598
1586.0223290004224,0.9942575552109585,1586.0223290004224,1.0049882450140764,1586.0223290004224,0.9992171555034473,1585.9806617544882,0.9998088170548348
1586.0237179087444,1.0020270436181296,1586.0237179087444,1.004853484348232,1586.0237179087444,1.0068903661908353,1585.9820506628105,1.0073914949144014
1586.025106817066,0.9989244515551513,1586.025106817066,1.0048604293787353,1586.025106817066,1.003779653306627,1585.9834395711318,1.0044135676112167
1586.0264957249228,1.0023852963131483,1586.0264957249228,1.004834696387104,1586.0264957249228,1.0072315248837196,1585.9848284789882,0.994875454474642
1586.027884633245,1.0124726760954168,1586.027884633245,1.0048408532539561,1586.027884633245,1.017373907744035,1585.9862173873098,0.9948308030935288
1586.0292735415674,1.009709189240647,1586.0292735415674,1.0047385737061931,1586.0292735415674,1.0144937706556842,1585.9876062956318,1.004913835288866
1586.0306624494233,0.9970238589711355,1586.0306624494233,1.0047034668256556,1586.0306624494233,1.0017133276161934,1585.9889952039543,1.00643179773687
1586.032051357745,1.015460650837717,1586.032051357745,1.0047670498271868,1586.032051357745,1.020301402357808,1585.9903841118112,1.0064928704936815
1586.033440266067,0.9984699624710972,1586.033440266067,1.0046066222722632,1586.033440266067,1.0030695364384024,1585.9917730201328,1.0273283980846526
1586.0348291739238,0.988851042781774,1586.0348291739238,1.0046046518100842,1586.0348291739238,0.9934043575258228,1585.9931619284548,1.0014035355959918
1586.0362180822465,1.0129995564756835,1586.0362180822465,1.0046034508573083,1586.0362180822465,1.0176628501523943,1585.9945508367764,0.997181519949619
1586.0376069905683,0.979396708076397,1586.0376069905683,1.0044289236886896,1586.0376069905683,0.9837343813574212,1585.995939745099,1.005024049166214
1586.0389958984242,0.988511369148912,1586.0389958984242,1.004411917916305,1586.0389958984242,0.9928726001689312,1585.9973286529555,1.0054804650053872
1586.0403848067454,1.0088725808820247,1586.0403848067454,1.0042806925240395,1586.0403848067454,1.0131912541967147,1585.9987175612778,1.0084779503515389
1586.0417737150665,1.0002143563605579,1586.0417737150665,1.0043118835287337,1586.0417737150665,1.004527164168952,1586.001495377921,0.999480082024464
1586.043162622923,0.9974007968769903,1586.043162622923,1.0041941522988802,1586.043162622923,1.001584047722117,1586.002884285777,1.003048994342959
1586.0445515312458,0.9914739062707971,1586.0445515312458,1.0041006849462872,1586.0445515312458,0.9955396283928784,1586.0042731940998,1.0019794523077583
1586.0459404395674,1.0023267260361515,1586.0459404395674,1.004039581709629,1586.0459404395674,1.0063757067457195,1586.0056621024223,1.010492244267287
1586.0473293474238,1.0031898196128681,1586.0473293474238,1.0039959930159994,1586.0473293474238,1.0071985591257628,1586.0070510102782,1.020890603778005
1586.0487182557454,0.9934902175156733,1586.0487182557454,1.0040261970622255,1586.0487182557454,0.9974902049107848,1586.0084399186003,1.0167096108192388
1586.050107164068,0.9863014095033886,1586.050107164068,1.003948534277521,1586.050107164068,0.99019585442678,1586.0098288269214,1.0264891858321905
1586.0514960719247,1.0071451376170377,1586.0514960719247,1.0038931154051745,1586.0514960719247,1.011066069867541,1586.011217735243,1.0048151840281148
1586.0528849802467,0.9979779571721398,1586.0528849802467,1.0038154132300203,1586.0528849802467,1.001785655473203,1586.0126066430998,0.9914882843478674
1586.0542738885683,0.9975683407499729,1586.0542738885683,1.0038262941186942,1586.0542738885683,1.00138533062518,1586.013995551422,1.005379415116725
1586.0556627964247,0.9991782255742196,1586.0556627964247,1.0038431137982093,1586.0556627964247,1.0030181811997942,1586.0153844597437,1.0161418740436816
1586.0570517047463,1.008788239964247,1586.0570517047463,1.0038583826050504,1586.0570517047463,1.0126805309615043,1586.0167733676,1.0049584251666992
1586.0584406126031,1.0090269225266504,1586.0584406126031,1.0037508136200837,1586.0584406126031,1.0128115944506944,1586.0181622759214,1.011986158932901
1586.0598295209256,0.9975104635600592,1586.0598295209256,1.0038169002795465,1586.0598295209256,1.0013178615272722,1586.019551184244,1.0075784648849022
1586.0612184292472,1.0114336027374207,1586.0612184292472,1.003793154398289,1586.0612184292472,1.0152701265562214,1586.0209400925664,1.0054536495754074
1586.0626073371036,0.9971045847065331,1586.0626073371036,1.0036728418364234,1586.0626073371036,1.0007667921405328,1586.0223290004224,0.9992171555034473
1586.0639962454252,1.0062682780428072,1586.0639962454252,1.0035807072498493,1586.0639962454252,1.0098714301612883,1586.0237179087444,1.0068903661908353
1586.0653851537477,1.0097959233492355,1586.0653851537477,1.0036138157245345,1586.0653851537477,1.0134451397356057,1586.025106817066,1.003779653306627
1586.0667740616043,0.9972162780117316,1586.0667740616043,1.0036303030993423,1586.0667740616043,1.0008364753565122,1586.0264957249228,1.0072315248837196
1586.0681629699266,0.9932955678663925,1586.0681629699266,1.0034838914105804,1586.0681629699266,0.9967561017634498,1586.027884633245,1.017373907744035
1586.069551877782,1.0085571898124772,1586.069551877782,1.0033531029662965,1586.069551877782,1.0119389859173171,1586.0292735415674,1.0144937706556842
1586.0709407861032,1.0150668499946376,1586.0709407861032,1.003248560985743,1586.0709407861032,1.0183643565614513,1586.0306624494233,1.0017133276161934
1586.0723296944248,0.997282099013427,1586.0723296944248,1.0033086222659986,1586.0723296944248,1.0005817287717047,1586.032051357745,1.020301402357808
1586.0737186022816,1.0150427895569654,1586.0737186022816,1.0032572544939373,1586.0737186022816,1.0183490422447885,1586.033440266067,1.0030695364384024
1586.075107510604,0.995733865886967,1586.075107510604,1.003307786465629,1586.075107510604,0.9990275408919164,1586.0348291739238,0.9934043575258228
1586.0764964184605,0.9990432485997609,1586.0764964184605,1.0032398084242002,1586.0764964184605,1.0022799573327148,1586.0362180822465,1.0176628501523943
1586.077885326782,1.0125325259943405,1586.077885326782,1.0031888627520713,1586.077885326782,1.0157613532517444,1586.0376069905683,0.9837343813574212
1586.0792742346382,1.016044247472503,1586.0792742346382,1.0030888519216516,1586.0792742346382,1.0191826576987917,1586.0389958984242,0.9928726001689312
1586.0806631429605,1.006512986908415,1586.0806631429605,1.0030267241001602,1586.0806631429605,1.009559424023015,1586.0403848067454,1.0131912541967147
1586.082052051283,0.9967120433406066,1586.082052051283,1.0028802191969626,1586.082052051283,0.99958279250168,1586.0417737150665,1.004527164168952
1586.0834409591394,1.0016310992780064,1586.0834409591394,1.002838050901329,1586.0834409591394,1.0044737793221117,1586.043162622923,1.001584047722117
1586.084829867461,1.0228525141098395,1586.084829867461,1.002894842267044,1586.084829867461,1.025813510800637,1586.0445515312458,0.9955396283928784
1586.086218775317,1.0025484673183331,1586.086218775317,1.0029283480909932,1586.086218775317,1.005484278208733,1586.0459404395674,1.0063757067457195
1586.087607683639,1.0095269802162041,1586.087607683639,1.0029574710235964,1586.087607683639,1.0125126270077325,1586.0473293474238,1.0071985591257628
1586.0889965914955,1.0018471700525868,1586.0889965914955,1.0030136794291868,1586.0889965914955,1.0048664162601633,1586.0487182557454,0.9974902049107848
1586.0903854998182,0.9920760457556158,1586.0903854998182,1.0029034770611451,1586.0903854998182,0.9949565157973788,1586.050107164068,0.99019585442678
1586.0917744081405,0.9927839992784565,1586.0917744081405,1.0028524147046238,1586.0917744081405,0.9956158309565136,1586.0514960719247,1.011066069867541
1586.0931633159962,1.0039703123509454,1586.0931633159962,1.0027769808169877,1586.0931633159962,1.006758318649169,1586.0528849802467,1.001785655473203
1586.0945522243182,1.0042338200061058,1586.0945522243182,1.0029050207559596,1586.0945522243182,1.00715114009706,1586.0542738885683,1.00138533062518
1586.095941132175,0.9975676972584109,1586.095941132175,1.0030667572091725,1586.095941132175,1.0006269951856157,1586.0556627964247,1.0030181811997942
1586.0973300404976,1.0124772853519208,1586.0973300404976,1.003065248292795,1586.0973300404976,1.0155807796223395,1586.0570517047463,1.0126805309615043
1586.0987189483528,0.9952122644664201,1586.0987189483528,1.0030455061767292,1586.0987189483528,0.9982431895650092,1586.0584406126031,1.0128115944506944
1586.1001078566735,1.0001729958625092,1586.1001078566735,1.0029658337214693,1586.1001078566735,1.0031393426609412,1586.0598295209256,1.0013178615272722
1586.10149676453,1.0123072116795013,1586.10149676453,1.0030318785727808,1586.10149676453,1.015376404223664,1586.0612184292472,1.0152701265562214
1586.1028856728517,1.0027751797278632,1586.1028856728517,1.0029605492717366,1586.1028856728517,1.005743945055922,1586.0626073371036,1.0007667921405328
1586.1042745807083,0.9927419565117581,1586.1042745807083,1.0029998339257766,1586.1042745807083,0.995720017512444,1586.0639962454252,1.0098714301612883
1586.105663489031,0.9910374581214741,1586.105663489031,1.0029621687942516,1586.105663489031,0.993973078353856,1586.0653851537477,1.0134451397356057
1586.1070523968874,1.0047843071682947,1586.1070523968874,1.0028672211775305,1586.1070523968874,1.0076652460126578,1586.0667740616043,1.0008364753565122
1586.108441305209,0.99894740869267,1586.108441305209,1.0027955539227018,1586.108441305209,1.0017400200396136,1586.0681629699266,0.9967561017634498
1586.1098302130654,1.0050362522776615,1586.1098302130654,1.0029280983297804,1586.1098302130654,1.0079790972493243,1586.069551877782,1.0119389859173171
1586.111219121388,1.0003589124588808,1586.111219121388,1.0029385460093314,1586.111219121388,1.003298513148986,1586.0709407861032,1.0183643565614513
1586.1126080292447,0.9937727377748367,1586.1126080292447,1.0029205512073662,1586.1126080292447,0.9966751019439926,1586.0723296944248,1.0005817287717047
1586.1139969375663,1.0127449422401686,1586.1139969375663,1.002864765599746,1586.1139969375663,1.015646219112015,1586.0737186022816,1.0183490422447885
1586.115385845423,1.0005074858114784,1586.115385845423,1.0028474568798058,1586.115385845423,1.0033563877352496,1586.075107510604,0.9990275408919164
1586.1167747537445,0.9827725325596619,1586.1167747537445,1.0028224826543728,1586.1167747537445,0.9855463909860056,1586.0764964184605,1.0022799573327148
1586.1181636616006,0.9888564725075824,1586.1181636616006,1.0028561446321964,1586.1181636616006,0.9916807896135476,1586.077885326782,1.0157613532517444
1586.119552569923,0.9827099384828759,1586.119552569923,1.0028288418384295,1586.119552569923,0.9854898694718968,1586.0792742346382,1.0191826576987917
1586.1209414777795,1.0045433299014133,1586.1209414777795,1.002794201333792,1586.1209414777795,1.0073502262136758,1586.0806631429605,1.009559424023015
1586.1223303861016,0.990462868091921,1586.1223303861016,1.0026911904559417,1586.1223303861016,0.9931283923094946,1586.082052051283,0.99958279250168
1586.1237192939575,0.9994079261542441,1586.1237192939575,1.0026104657361021,1586.1237192939575,1.0020168463018586,1586.0834409591394,1.0044737793221117
1586.1251082022795,0.9951734752599821,1586.1251082022795,1.0025985946944977,1586.1251082022795,0.9977595277728976,1586.084829867461,1.025813510800637
1586.1264971101364,0.9984283464549049,1586.1264971101364,1.0025982598872745,1586.1264971101364,1.0010225227778164,1586.086218775317,1.005484278208733
1586.1278860184589,1.0027961041607303,1586.1278860184589,1.0025997206290387,1586.1278860184589,1.0054030938794365,1586.087607683639,1.0125126270077325
1586.1292749263143,1.0129451255883066,1586.1292749263143,1.0025726447406424,1586.1292749263143,1.0155510735382107,1586.0889965914955,1.0048664162601633
1586.1306638346357,1.0087705370798776,1586.1306638346357,1.0025097549860935,1586.1306638346357,1.011302303965138,1586.0903854998182,0.9949565157973788
1586.1320527424914,1.0022348688731366,1586.1320527424914,1.0024351988564961,1586.1320527424914,1.004675510079757,1586.0917744081405,0.9956158309565136
1586.1334416508134,1.0176083863537726,1586.1334416508134,1.0022997385071284,1586.1334416508134,1.0199486195450471,1586.0931633159962,1.006758318649169
1586.1348305586705,1.002949702115134,1586.1348305586705,1.0022220429120656,1586.1348305586705,1.0051782993918772,1586.0945522243182,1.00715114009706
1586.1362194669928,0.9935740135830576,1586.1362194669928,1.0021280661678735,1586.1362194669928,0.995688404826642,1586.095941132175,1.0006269951856157
1586.1376083748487,1.0094852420404312,1586.1376083748487,1.0022507755409407,1586.1376083748487,1.0117573667321564,1586.0973300404976,1.0155807796223395
1586.1389972827048,1.005409568375807,1586.1389972827048,1.0021822463397339,1586.1389972827048,1.0076036197263285,1586.0987189483528,0.9982431895650092
1586.140386191027,0.9940270824190489,1586.140386191027,1.0021017543303437,1586.140386191027,0.996116283144002,1586.1001078566735,1.0031393426609412
1586.1417750988835,1.0046902729939737,1586.1417750988835,1.0020447400348416,1586.1417750988835,1.0067446034177805,1586.10149676453,1.015376404223664
1586.143164007206,0.9811862118126009,1586.143164007206,1.0019913277713033,1586.143164007206,0.9831400751650032,1586.1028856728517,1.005743945055922
1586.144552915062,0.9937195837644698,1586.144552915062,1.0019820688220191,1586.144552915062,0.9956892043692792,1586.1042745807083,0.995720017512444
1586.145941823384,0.9970516776480964,1586.145941823384,1.0020205059095304,1586.145941823384,0.9990662264548916,1586.105663489031,0.993973078353856
1586.14733073124,0.9975124573813596,1586.14733073124,1.0019909667383695,1586.14733073124,0.9994984715051152,1586.1070523968874,1.0076652460126578
1586.148719639562,0.9879291288082148,1586.148719639562,1.0019448608676762,1586.148719639562,0.9898505135108714,1586.108441305209,1.0017400200396136
1586.1501085474188,0.9965604574187014,1586.1501085474188,1.001853690771313,1586.1501085474188,0.9984077723416738,1586.1098302130654,1.0079790972493243
1586.1514974552756,1.0025136828202785,1586.1514974552756,1.0018955505011669,1586.1514974552756,1.004413998134175,1586.111219121388,1.003298513148986
1586.1528863635972,0.9936807357446206,1586.1528863635972,1.0017401788814262,1586.1528863635972,0.9954099179758434,1586.1126080292447,0.9966751019439926
1586.1542752714536,0.9913534363169509,1586.1542752714536,1.0016174704094454,1586.1542752714536,0.9929569211654956,1586.1139969375663,1.015646219112015
1586.1556641797752,1.0075531136024924,1586.1556641797752,1.0016900878128885,1586.1556641797752,1.0092559668406298,1586.115385845423,1.0033563877352496
1586.157053087632,0.99114716574914,1586.157053087632,1.0017057240557847,1586.157053087632,0.9928377893125812,1586.1167747537445,0.9855463909860056
1586.158441995488,0.9947984225091949,1586.158441995488,1.001773723613319,1586.158441995488,0.996562919961692,1586.1181636616006,0.9916807896135476
1586.159830903809,1.0007654061478608,1586.159830903809,1.0017653019556614,1586.159830903809,1.002532059276492,1586.119552569923,0.9854898694718968
1586.1612198116654,0.9948615117171737,1586.1612198116654,1.001770224205513,1586.1612198116654,0.9966226396463488,1586.1209414777795,1.0073502262136758
1586.162608719987,0.9988307203866796,1586.162608719987,1.0018965285991164,1586.162608719987,1.000725031413569,1586.1223303861016,0.9931283923094946
1586.1639976278434,0.9931036860951801,1586.1639976278434,1.001998598704622,1586.1639976278434,0.9950885018357652,1586.1237192939575,1.0020168463018586
1586.1653865357002,0.9834710161616883,1586.1653865357002,1.0019073227890174,1586.1653865357002,0.9853468128431516,1586.1251082022795,0.9977595277728976
1586.1667754440227,0.9982192463412272,1586.1667754440227,1.001961776316182,1586.1667754440227,1.0001775292170565,1586.1264971101364,1.0010225227778164
1586.1681643518789,1.0011917141194455,1586.1681643518789,1.0019727081001766,1586.1681643518789,1.0031667731237186,1586.1278860184589,1.0054030938794365
1586.1695532602007,0.9917222650725177,1586.1695532602007,1.0020739999588426,1586.1695532602007,0.9937790970094614,1586.1292749263143,1.0155510735382107
1586.1723310759137,1.0053350338652718,1586.1723310759137,1.0019972182312114,1586.1723310759137,1.007342907323383,1586.1306638346357,1.011302303965138
1586.173719984236,0.9911113888174466,1586.173719984236,1.002119052866583,1586.173719984236,0.9932116062470234,1586.1320527424914,1.004675510079757
1586.1751088920923,0.9959233175963245,1586.1751088920923,1.0021319372141868,1586.1751088920923,0.9980465635795844,1586.1334416508134,1.0199486195450471
1586.1764977999485,0.9876673760840197,1586.1764977999485,1.0021395950184482,1586.1764977999485,0.9897805842817728,1586.1348305586705,1.0051782993918772
1586.1778867082703,1.0029796064012735,1586.1778867082703,1.0020940483032428,1586.1778867082703,1.0050798941442451,1586.1362194669928,0.995688404826642
1586.1792756161262,1.0036271473970055,1586.1792756161262,1.0020247022459126,1586.1792756161262,1.005659193536399,1586.1376083748487,1.0117573667321564
1586.180664523983,1.0038481449098136,1586.180664523983,1.0019423256750868,1586.180664523983,1.00579794493556,1586.1389972827048,1.0076036197263285
1586.1820534323056,0.9899491968469216,1586.1820534323056,1.001865724953722,1586.1820534323056,0.991796169766396,1586.140386191027,0.996116283144002
1586.1834423401615,1.0126748280562659,1586.1834423401615,1.001812999550348,1586.1834423401615,1.0145108070641806,1586.1417750988835,1.0067446034177805
1586.184831248018,0.9853047568816914,1586.184831248018,1.0017819074082714,1586.184831248018,0.987060478727384,1586.143164007206,0.9831400751650032
1586.1862201563397,0.9999130156291798,1586.1862201563397,1.001647435128054,1586.1862201563397,1.0015603074561257,1586.144552915062,0.9956892043692792
1586.187609064195,1.0026574439736622,1586.187609064195,1.0015972597638787,1586.187609064195,1.0042589483658748,1586.145941823384,0.9990662264548916
1586.1889979720513,1.0037444478311677,1586.1889979720513,1.001465634556115,1586.1889979720513,1.0052155703794177,1586.14733073124,0.9994984715051152
1586.1903868803738,0.9980772379772034,1586.1903868803738,1.0013332642499566,1586.1903868803738,0.9994079386772938,1586.148719639562,0.9898505135108714
1586.1917757882295,0.9895240871529837,1586.1917757882295,1.0013495251705868,1586.1917757882295,0.9908594748154986,1586.1501085474188,0.9984077723416738
1586.193164696086,0.9951089796877205,1586.193164696086,1.001324434357746,1586.193164696086,0.9964269362101206,1586.1514974552756,1.004413998134175
1586.1945536044077,1.000699969581583,1586.1945536044077,1.0012434324852306,1586.1945536044077,1.00194427243173,1586.1528863635972,0.9954099179758434
1586.1959425122643,1.0033866281800432,1586.1959425122643,1.0011181138592342,1586.1959425122643,1.0045085286751816,1586.1542752714536,0.9929569211654956
1586.1973314201214,0.9968231793343011,1586.1973314201214,1.0012072308352238,1586.1973314201214,0.9980265750136592,1586.1556641797752,1.0092559668406298
1586.1987203284432,1.0002792169543138,1586.1987203284432,1.001193730051268,1586.1987203284432,1.001473280315251,1586.157053087632,0.9928377893125812
1586.200109236299,0.9933301780111927,1586.200109236299,1.001153134845815,1586.200109236299,0.994475621652857,1586.158441995488,0.996562919961692
1586.2014981441553,1.002371734431481,1586.2014981441553,1.0011338771493243,1586.2014981441553,1.0035083008362815,1586.159830903809,1.002532059276492
1586.2028870524773,0.9890515050315073,1586.2028870524773,1.0010179733376725,1586.2028870524773,0.9900583330932142,1586.1612198116654,0.9966226396463488
1586.204275960334,0.9716767918711657,1586.204275960334,1.000919622299468,1586.204275960334,0.972570367516846,1586.162608719987,1.000725031413569
1586.205664868191,0.9931288784528963,1586.205664868191,1.0008045229654117,1586.205664868191,0.9939278734432252,1586.1639976278434,0.9950885018357652
1586.2070537765126,1.0043699520503184,1586.2070537765126,1.0007827854260638,1586.2070537765126,1.00515615821116,1586.1653865357002,0.9853468128431516
1586.208442684369,0.9689574308016818,1586.208442684369,1.0006693809409892,1586.208442684369,0.9696060324384904,1586.1667754440227,1.0001775292170565
1586.2098315922249,1.0105894426909632,1586.2098315922249,1.0006133121777252,1586.2098315922249,1.011209249502846,1586.1681643518789,1.0031667731237186
1586.2112205000817,1.0135173844870429,1586.2112205000817,1.0005734757045273,1586.2112205000817,1.014098612083162,1586.1695532602007,0.9937790970094614
1586.2126094084042,1.0076878753787268,1586.2126094084042,1.0004399372983444,1586.2126094084042,1.0081311948601954,1586.1723310759137,1.007342907323383
1586.2139983162606,0.9836838190165149,1586.2139983162606,1.0003798990748791,1586.2139983162606,0.9840575195893329,1586.173719984236,0.9932116062470234
1586.2153872241165,1.005431094003914,1586.2153872241165,1.0004328303332428,1586.2153872241165,1.0058662750793843,1586.1751088920923,0.9980465635795844
1586.216776131972,0.995468690707133,1586.216776131972,1.0004726045083319,1586.216776131972,0.9959391536982644,1586.1764977999485,0.9897805842817728
1586.2181650402931,1.0099065370847653,1586.2181650402931,1.0004795986159856,1586.2181650402931,1.010390886862226,1586.1778867082703,1.0050798941442451
1586.21955394815,1.012032948644301,1586.21955394815,1.000423169642962,1586.21955394815,1.0124612102658446,1586.1792756161262,1.005659193536399
1586.2209428560068,0.9921143895904281,1586.2209428560068,1.0004009631986237,1586.2209428560068,0.9925121909494788,1586.180664523983,1.00579794493556
1586.2223317643284,1.0034852340859353,1586.2223317643284,1.000302896563628,1586.2223317643284,1.0037891863149913,1586.1820534323056,0.991796169766396
1586.2237206721848,0.9982519213383343,1586.2237206721848,1.0003936342504867,1586.2237206721848,0.9986448674851872,1586.1834423401615,1.0145108070641806
1586.225109580041,1.0213541531212458,1586.225109580041,1.0004307960549395,1586.225109580041,1.0217941484611064,1586.184831248018,0.987060478727384
1586.2264984878975,0.9985721042954924,1586.2264984878975,1.0004036121180695,1586.2264984878975,0.9989751400975522,1586.1862201563397,1.0015603074561257
1586.22788739622,1.0013783033698183,1586.22788739622,1.0003258416719734,1586.22788739622,1.001704594150466,1586.187609064195,1.0042589483658748
1586.2292763040764,0.990612606693223,1586.2292763040764,1.0003464964602267,1586.2292763040764,0.9909558504548982,1586.1889979720513,1.0052155703794177
1586.2306652119323,0.9876809436010127,1586.2306652119323,1.0004007522103728,1586.2306652119323,0.9880767589223038,1586.1903868803738,0.9994079386772938
1586.2320541197887,0.9885873352210376,1586.2320541197887,1.0003013854279819,1586.2320541197887,0.9888852810381606,1586.1917757882295,0.9908594748154986
1586.2334430276446,1.0090536366295162,1586.2334430276446,1.0002362323710114,1586.2334430276446,1.0092920077625749,1586.193164696086,0.9964269362101206
1586.2348319359671,0.9996374869877994,1586.2348319359671,1.0002392549176427,1586.2348319359671,0.9998766551724212,1586.1945536044077,1.00194427243173
1586.236220843824,1.0029068095866183,1586.236220843824,1.0002458412085289,1586.236220843824,1.0031533654087288,1586.1959425122643,1.0045085286751816
1586.2376097516803,1.0012861327330105,1586.2376097516803,1.0003586494816394,1586.2376097516803,1.001645243485488,1586.1973314201214,0.9980265750136592
1586.2389986595365,1.0045120973451256,1586.2389986595365,1.000219803519779,1586.2389986595365,1.0047328926397825,1586.1987203284432,1.001473280315251
1586.240387567858,1.0027009589109477,1586.240387567858,1.000187988175949,1586.240387567858,1.0028894548352356,1586.200109236299,0.994475621652857
1586.2417764757147,1.0045108651269563,1586.2417764757147,1.0002333371197836,1586.2417764757147,1.0047452547990163,1586.2014981441553,1.0035083008362815
1586.2431653835715,0.9908258371269139,1586.2431653835715,1.0002655425560658,1586.2431653835715,0.9910889435523206,1586.2028870524773,0.9900583330932142
1586.244554291428,1.0012569141754255,1586.244554291428,1.0003616743193018,1586.244554291428,1.001619043088306,1586.204275960334,0.972570367516846
1586.2459431992834,0.9913999679086705,1586.2459431992834,1.0002781707129946,1586.2459431992834,0.9916757463446064,1586.205664868191,0.9939278734432252
1586.2473321076045,1.0011575693382537,1586.2473321076045,1.000393794820454,1586.2473321076045,1.0015518200035174,1586.2070537765126,1.00515615821116
1586.2487210154604,1.0016427784704927,1586.2487210154604,1.0003863488345701,1586.2487210154604,1.0020297619906102,1586.208442684369,0.9696060324384904
1586.2501099233173,0.9946783766616215,1586.2501099233173,1.0004026117070766,1586.2501099233173,0.9950788458208414,1586.2098315922249,1.011209249502846
1586.251498831174,1.0028608564812083,1586.251498831174,1.000332334839728,1586.251498831174,1.0031941420832164,1586.2112205000817,1.014098612083162
1586.2528877390305,0.9951112290451009,1586.2528877390305,1.0002251863368044,1586.2528877390305,0.9953353144974824,1586.2126094084042,1.0081311948601954
1586.254276647352,1.0061846562075145,1586.254276647352,1.0001230663304719,1586.254276647352,1.006308483660931,1586.2139983162606,0.9840575195893329
1586.2556655552085,1.004262248383043,1586.2556655552085,1.000016495235407,1586.2556655552085,1.0042788139252403,1586.2153872241165,1.0058662750793843
1586.2570544630653,0.9910270561903988,1586.2570544630653,1.000027694022155,1586.2570544630653,0.9910545017156492,1586.216776131972,0.9959391536982644
1586.258443370922,0.996423972289286,1586.258443370922,0.9999660018780261,1586.258443370922,0.9963900957455384,1586.2181650402931,1.010390886862226
1586.259832278778,0.9931438628433031,1586.259832278778,0.9999709843189927,1586.259832278778,0.9931150460977844,1586.21955394815,1.0124612102658446
1586.261221186634,1.0074199755757465,1586.261221186634,1.0000808259728595,1586.261221186634,1.0075014012753505,1586.2209428560068,0.9925121909494788
1586.262610094956,0.9981964369254569,1586.262610094956,0.9999944032543843,1586.262610094956,0.9981908502739248,1586.2223317643284,1.0037891863149913
1586.2653879106688,0.9988660241720153,1586.2653879106688,1.0000553017633211,1586.2653879106688,0.9989212632244736,1586.2237206721848,0.9986448674851872
1586.2667768185256,1.005271793352015,1586.2667768185256,1.0000295413732265,1586.2667768185256,1.0053014904612565,1586.225109580041,1.0217941484611064
1586.268165726382,1.0065274006235643,1586.268165726382,1.0000291201953373,1586.268165726382,1.0065567108980829,1586.2264984878975,0.9989751400975522
1586.269554634238,1.0105921893265695,1586.269554634238,1.0001355908734688,1586.269554634238,1.010729216404241,1586.22788739622,1.001704594150466
1586.2709435420943,0.9939833207216862,1586.2709435420943,1.0001427139068473,1586.2709435420943,0.9941251759647274,1586.2292763040764,0.9909558504548982
1586.2723324504168,1.001883458269918,1586.2723324504168,1.00014203848395,1586.2723324504168,1.0020257642774253,1586.2306652119323,0.9880767589223038
1586.2737213582727,0.9912324084888788,1586.2737213582727,1.0002843851188854,1586.2737213582727,0.99151430023521,1586.2320541197887,0.9888852810381606
1586.2751102661282,1.0140681675421797,1586.2751102661282,1.0003540147230772,1586.2751102661282,1.0144271626036934,1586.2334430276446,1.0092920077625749
1586.2764991739846,0.9915506961561004,1586.2764991739846,1.0003951905007655,1586.2764991739846,0.9919425475722488,1586.2348319359671,0.9998766551724212
1586.2778880818405,0.9965424548335864,1586.2778880818405,1.0004320011578476,1586.2778880818405,0.9969729623279188,1586.236220843824,1.0031533654087288
1586.2792769896964,1.01076631946402,1586.2792769896964,1.0004480695106548,1586.2792769896964,1.0112192130341686,1586.2376097516803,1.001645243485488
1586.2806658975533,1.0107943032590732,1586.2806658975533,1.0003795441596108,1586.2806658975533,1.011177944333443,1586.2389986595365,1.0047328926397825
1586.28205480541,1.0103832491341396,1586.28205480541,1.0003760737167207,1586.28205480541,1.0107632277179537,1586.240387567858,1.0028894548352356
1586.283443713732,0.9908727176119106,1586.283443713732,1.0004025650058146,1586.283443713732,0.9912716082932376,1586.2417764757147,1.0047452547990163
1586.284832621588,1.0134853745500205,1586.284832621588,1.0003532960952046,1586.284832621588,1.013843434975396,1586.2431653835715,0.9910889435523206
1586.2862215294444,1.0095606812690914,1586.2862215294444,1.000446218193906,1586.2862215294444,1.0100111656129258,1586.244554291428,1.001619043088306
1586.2876104373013,1.0059277919128469,1586.2876104373013,1.0004630061797184,1586.2876104373013,1.006393542696853,1586.2459431992834,0.9916757463446064
1586.288999345158,0.9999814259374888,1586.288999345158,1.0004762595649948,1586.288999345158,1.0004576766564086,1586.2473321076045,1.0015518200035174
1586.290388253014,1.0109692546692066,1586.290388253014,1.0006022240534105,1586.290388253014,1.011578084671627,1586.2487210154604,1.0020297619906102
1586.2917771608704,1.0028367244519145,1586.2917771608704,1.0005616144599412,1586.2917771608704,1.0033999320573268,1586.2501099233173,0.9950788458208414
1586.2931660687264,1.0061818440804535,1586.2931660687264,1.0004936531281856,1586.2931660687264,1.0066785488953074,1586.251498831174,1.0031941420832164
1586.2945549765827,1.0042454006410395,1586.2945549765827,1.000534180797938,1586.2945549765827,1.0047818492504794,1586.2528877390305,0.9953353144974824
1586.2959438844396,1.0000318748603478,1586.2959438844396,1.0005391351558193,1586.2959438844396,1.0005710272010249,1586.254276647352,1.006308483660931
1586.297332792762,1.0135581486972571,1586.297332792762,1.000550467003868,1586.297332792762,1.0141160790146166,1586.2556655552085,1.0042788139252403
1586.298721700618,0.993672117557937,1586.298721700618,1.0006136518806052,1586.298721700618,0.9942818863215814,1586.2570544630653,0.9910545017156492
1586.300110608474,1.0135775905302644,1586.300110608474,1.000618167949683,1586.300110608474,1.0142041517112472,1586.258443370922,0.9963900957455384
1586.3014995163303,0.9959983404092568,1586.3014995163303,1.0007308569040438,1586.3014995163303,0.9967262726727611,1586.259832278778,0.9931150460977844
1586.3028884241862,0.9878266837548282,1586.3028884241862,1.0007251591227415,1586.3028884241862,0.9885430152862404,1586.261221186634,1.0075014012753505
1586.3042773320426,0.9871040243667897,1586.3042773320426,1.0007292372954935,1586.3042773320426,0.9878238574358896,1586.262610094956,0.9981908502739248
1586.307055147755,1.004087515952726,1586.307055147755,1.0006719670753665,1586.307055147755,1.004762229704233,1586.2653879106688,0.9989212632244736
1586.3084440556108,0.9794286336362159,1586.3084440556108,1.000673126907136,1586.3084440556108,0.980087913403136,1586.2667768185256,1.0053014904612565
1586.3098329634672,0.9947913967452114,1586.3098329634672,1.0006810501962,1586.3098329634672,0.9954688996211428,1586.268165726382,1.0065567108980829
1586.311221871324,0.9938787874899635,1586.311221871324,1.0006474785057684,1586.311221871324,0.9945223026422024,1586.269554634238,1.010729216404241
1586.3126107791809,0.9928570067821489,1586.3126107791809,1.000660251182508,1586.3126107791809,0.9935125417949382,1586.2709435420943,0.9941251759647274
1586.3139996870368,0.9955344089703984,1586.3139996870368,1.0005980756564397,1586.3139996870368,0.9961298138655515,1586.2723324504168,1.0020257642774253
1586.3153885948932,1.002055953676301,1586.3153885948932,1.0005548575990917,1586.3153885948932,1.0026119520369132,1586.2737213582727,0.99151430023521
1586.3167775027491,0.9911918504451652,1586.3167775027491,1.000591322810166,1586.3167775027491,0.991777964795584,1586.2751102661282,1.0144271626036934
1586.318166410606,1.0008492562124067,1586.318166410606,1.0005699092439189,1586.318166410606,1.0014196494552916,1586.2764991739846,0.9919425475722488
1586.3195553184628,0.9939660675429335,1586.3195553184628,1.000509739187603,1586.3195553184628,0.9944727309987078,1586.2778880818405,0.9969729623279188
1586.3209442263187,1.0145424407323616,1586.3209442263187,1.0004333637973581,1586.3209442263187,1.0149821066970584,1586.2792769896964,1.0112192130341686
1586.322333134175,1.0074888226691714,1586.322333134175,1.0004618455689995,1586.322333134175,1.0079541269177377,1586.2806658975533,1.011177944333443
1586.323722042031,0.993070151012928,1586.323722042031,1.000530325349884,1586.323722042031,0.9935968012882233,1586.28205480541,1.0107632277179537
1586.3251109498874,0.9998114798617705,1586.3251109498874,1.0005264876591726,1586.3251109498874,1.0003378682674169,1586.283443713732,0.9912716082932376
1586.3264998577442,0.9964996278163003,1586.3264998577442,1.0005651691055788,1586.3264998577442,0.9970628186196628,1586.284832621588,1.013843434975396
1586.327888765601,0.9966277736787452,1586.327888765601,1.0005766018178226,1586.327888765601,0.9972024310647408,1586.2862215294444,1.0100111656129258
1586.329277673457,0.9952034839141549,1586.329277673457,1.000555237726923,1586.329277673457,0.9957560584343892,1586.2876104373013,1.006393542696853
1586.3306665813134,0.9965432728130927,1586.3306665813134,1.0006086769777016,1586.3306665813134,0.9971498457605374,1586.288999345158,1.0004576766564086
1586.3320554891689,0.9914477803303682,1586.3320554891689,1.0005405357162311,1586.3320554891689,0.9919836932664148,1586.290388253014,1.011578084671627
1586.3334443970248,0.9950005202065328,1586.3334443970248,1.0006099959664403,1586.3334443970248,0.9956074665104648,1586.2917771608704,1.0033999320573268
1586.3348333048816,1.000024907882711,1586.3348333048816,1.0006025643205412,1586.3348333048816,1.0006274872118537,1586.2931660687264,1.0066785488953074
1586.336222212738,0.9949714563066142,1586.336222212738,1.000491797908872,1586.336222212738,0.9954607811882132,1586.2945549765827,1.0047818492504794
1586.337611120594,0.9981988085277316,1586.337611120594,1.0004983733651986,1586.337611120594,0.9986962842270748,1586.2959438844396,1.0005710272010249
1586.33900002845,1.0012350546224793,1586.33900002845,1.000608032000653,1586.33900002845,1.0018438375758654,1586.297332792762,1.0141160790146166
1586.3403889363062,0.9994178958776019,1586.3403889363062,1.00049416532324,1586.3403889363062,0.99991177354517,1586.298721700618,0.9942818863215814
1586.341777844163,1.007311817665986,1586.341777844163,1.0005768342780361,1586.341777844163,1.0078928696510867,1586.300110608474,1.0142041517112472
1586.34316675202,1.0004590538270464,1586.34316675202,1.0005285999484304,1586.34316675202,1.000987896431306,1586.3014995163303,0.9967262726727611
1586.3445556598758,0.9979547085295467,1586.3445556598758,1.0004131937425567,1586.3445556598758,0.998367057170466,1586.3028884241862,0.9885430152862404
1586.3459445677322,0.9968226300806701,1586.3459445677322,1.0005221179467632,1586.3459445677322,0.9973430890655748,1586.3042773320426,0.9878238574358896
1586.347333475588,1.0083526786618742,1586.347333475588,1.0005187420178339,1586.347333475588,1.0088757535650914,1586.307055147755,1.004762229704233
1586.3487223834445,1.0071317303512055,1586.3487223834445,1.0004858299947785,1586.3487223834445,1.0076210251545032,1586.3084440556108,0.980087913403136
1586.3501112913011,1.0045552505306035,1586.3501112913011,1.0004063055780568,1586.3501112913011,1.0049634069323603,1586.3098329634672,0.9954688996211428
1586.3515001991582,0.9969938884275105,1586.3515001991582,1.0003538314852134,1586.3515001991582,0.9973466562558014,1586.311221871324,0.9945223026422024
1586.352889107014,0.9976849632369625,1586.352889107014,1.0003811797848872,1586.352889107014,0.9980652605766344,1586.3126107791809,0.9935125417949382
1586.3542780148705,1.000009407411297,1586.3542780148705,1.0005172710588321,1586.3542780148705,1.000526683336311,1586.3139996870368,0.9961298138655515
1586.3556669227264,0.9962106625010947,1586.3556669227264,1.000576777421277,1586.3556669227264,0.9967852543180608,1586.3153885948932,1.0026119520369132
1586.3570558305832,0.9950600143209355,1586.3570558305832,1.0006027691515902,1586.3570558305832,0.995659805801549,1586.3167775027491,0.991777964795584
1586.35844473844,1.0137399037124997,1586.35844473844,1.0005887595701284,1586.35844473844,1.0143367527824314,1586.318166410606,1.0014196494552916
1586.3598336462956,1.0034776679138346,1586.3598336462956,1.0005361090679659,1586.3598336462956,1.0040156413911046,1586.3195553184628,0.9944727309987078
1586.361222554151,1.0075364832508276,1586.361222554151,1.000523848068782,1586.361222554151,1.0080642792918058,1586.3209442263187,1.0149821066970584
1586.362611462007,0.9877610078602916,1586.362611462007,1.0005726475161671,1586.362611462007,0.9883266467480096,1586.322333134175,1.0079541269177377
1586.3640003693977,0.9995899119865955,1586.3640003693977,1.0005301445599657,1586.3640003693977,1.0001198391406318,1586.323722042031,0.9935968012882233
1586.3653892772545,0.9980068826209595,1586.3653892772545,1.0005902046005772,1586.3653892772545,0.9985959108744902,1586.3251109498874,1.0003378682674169
1586.3667781851111,0.9970570281111086,1586.3667781851111,1.0005187785337633,1586.3667781851111,0.9975742798942304,1586.3264998577442,0.9970628186196628
1586.3681670929673,1.0034651387593438,1586.3681670929673,1.0006007602053724,1586.3681670929673,1.0040679806821888,1586.327888765601,0.9972024310647408
1586.3695560008236,0.9979540399576957,1586.3695560008236,1.0005537626340706,1586.3695560008236,0.998506669615544,1586.329277673457,0.9957560584343892
1586.3709449086796,1.0055522101315488,1586.3709449086796,1.0005816956952105,1586.3709449086796,1.0061371355234918,1586.3306665813134,0.9971498457605374
1586.3723338165364,1.0006327127726056,1586.3723338165364,1.000643165598453,1586.3723338165364,1.0012762853101476,1586.3320554891689,0.9919836932664148
1586.3737227243932,0.9989149648079526,1586.3737227243932,1.0005651153537602,1586.3737227243932,0.9994794669916665,1586.3334443970248,0.9956074665104648
1586.3751116322496,0.9919298906712205,1586.3751116322496,1.0006080569763778,1586.3751116322496,0.9925330405613207,1586.3348333048816,1.0006274872118537
1586.3765005401056,0.9896333271985477,1586.3765005401056,1.0005947704090778,1586.3765005401056,0.9902219318174026,1586.336222212738,0.9954607811882132
1586.3778894474965,0.99559737974125,1586.3778894474965,1.000574448307671,1586.3778894474965,0.996169298971164,1586.337611120594,0.9986962842270748
1586.3792783553522,0.9942563064012235,1586.3792783553522,1.0004677690798642,1586.3792783553522,0.994721388758818,1586.33900002845,1.0018438375758654
1586.380667263209,1.0049071302083106,1586.380667263209,1.0004626343080536,1586.380667263209,1.0053720347231527,1586.3403889363062,0.99991177354517
1586.382056171066,0.9965202105679154,1586.382056171066,1.0005647463258083,1586.382056171066,0.9970829916954274,1586.341777844163,1.0078928696510867
1586.3834450789218,1.005282352371792,1586.3834450789218,1.0006164000707634,1586.3834450789218,1.005902008484931,1586.34316675202,1.000987896431306
1586.3848339867782,1.0128601376784243,1586.3848339867782,1.0006128540749468,1586.3848339867782,1.0134808731411518,1586.3445556598758,0.998367057170466
1586.386222894634,0.998164924707504,1586.386222894634,1.0005060262153143,1586.386222894634,0.9986700223266132,1586.3459445677322,0.9973430890655748
1586.387611802491,1.0120370911922885,1586.387611802491,1.0005986551980646,1586.387611802491,1.0126429524575649,1586.347333475588,1.0088757535650914
1586.3890007098817,1.0012394400896882,1586.3890007098817,1.0006381713542474,1586.3890007098817,1.001878402419096,1586.3487223834445,1.0076210251545032
1586.3903896177371,1.0041324118153043,1586.3903896177371,1.000630165941177,1586.3903896177371,1.004765181861662,1586.3501112913011,1.0049634069323603
1586.391778525593,0.9938898618536671,1586.391778525593,1.0006585442623914,1586.391778525593,0.9945443823196398,1586.3515001991582,0.9973466562558014
1586.3931674334494,1.0137076514761392,1586.3931674334494,1.0005605295160716,1586.3931674334494,1.014275864535459,1586.352889107014,0.9980652605766344
1586.3945563413054,0.9992578478078479,1586.3945563413054,1.0005461467922456,1586.3945563413054,0.9998035892760544,1586.3542780148705,1.000526683336311
1586.3959452491622,0.9988315855764968,1586.3959452491622,1.000597716583477,1586.3959452491622,0.9994286037792964,1586.3556669227264,0.9967852543180608
1586.3973341565534,1.010733667654372,1586.3973341565534,1.0006347658350614,1586.3973341565534,1.0113752468549453,1586.3570558305832,0.995659805801549
1586.3987230644095,1.006027706793415,1586.3987230644095,1.0007405398660392,1586.3987230644095,1.0067727104166353,1586.35844473844,1.0143367527824314
1586.4001119722657,1.0112723203357334,1586.4001119722657,1.000731729205071,1586.4001119722657,1.0120122978268031,1586.3598336462956,1.0040156413911046
1586.4015008801216,0.9987293632904719,1586.4015008801216,1.0008301287044248,1586.4015008801216,0.9995584372028912,1586.361222554151,1.0080642792918058
1586.4028897879784,0.9956655470902331,1586.4028897879784,1.00085674251684,1586.4028897879784,0.996518576096978,1586.362611462007,0.9883266467480096
1586.4042786958353,0.9990879928577548,1586.4042786958353,1.0007162496430897,1586.4042786958353,0.9998035892760544,1586.3640003693977,1.0001198391406318
1586.405667603226,0.9914132382010044,1586.405667603226,1.0006392308634529,1586.405667603226,0.9920469801412982,1586.3653892772545,0.9985959108744902
1586.407056511082,0.9997066627948695,1586.407056511082,1.0005658704704543,1586.407056511082,1.0002723672744616,1586.3667781851111,0.9975742798942304
1586.4084454189383,0.9812510987049521,1586.4084454189383,1.000713307280044,1586.4084454189383,0.9819510322572096,1586.3681670929673,1.0040679806821888
1586.4098343267942,1.0060989256469801,1586.4098343267942,1.000665298924836,1586.4098343267942,1.0067682821804915,1586.3695560008236,0.998506669615544
1586.411223234651,1.001934500298844,1586.411223234651,1.0005415888450309,1586.411223234651,1.0024771368476575,1586.3709449086796,1.0061371355234918
1586.4126121420422,0.9967437215131557,1586.4126121420422,1.0005227144779014,1586.4126121420422,0.997264733887148,1586.3723338165364,1.0012762853101476
1586.4140010498986,1.009854021964575,1586.4140010498986,1.0004897857845698,1586.4140010498986,1.010348634109024,1586.3737227243932,0.9994794669916665
1586.4153899577543,0.99525047867386,1586.4153899577543,1.0004631280158038,1586.4153899577543,0.995711407053276,1586.3751116322496,0.9925330405613207
1586.41677886561,0.9832659472591319,1586.41677886561,1.0004704640570543,1586.41677886561,0.9837285385458427,1586.3765005401056,0.9902219318174026
1586.4181677734664,0.998605795080898,1586.4181677734664,1.0004788118804464,1586.4181677734664,0.9990839393994654,1586.3778894474965,0.996169298971164
1586.419556680857,1.0012060473915891,1586.419556680857,1.0005095563296713,1586.419556680857,1.0017162182703427,1586.3792783553522,0.994721388758818
1586.4209455887135,1.0097877643109985,1586.4209455887135,1.0004321573059154,1586.4209455887135,1.0102241514707695,1586.380667263209,1.0053720347231527
1586.4223344965694,1.0006929693076483,1586.4223344965694,1.0004187505609472,1586.4223344965694,1.0011120100498818,1586.382056171066,0.9970829916954274
1586.4237234044258,0.9980341906151949,1586.4237234044258,1.000483639287441,1586.4237234044258,0.9985168791599858,1586.3834450789218,1.005902008484931
1586.425112311816,1.0048800526293353,1586.425112311816,1.00038266842202,1586.425112311816,1.0052645884933944,1586.3848339867782,1.0134808731411518
1586.426501219673,1.0040564282314104,1586.426501219673,1.0003515924505193,1586.426501219673,1.004409446891472,1586.386222894634,0.9986700223266132
1586.4278901275295,1.0057625034265647,1586.4278901275295,1.0004426868774552,1586.4278901275295,1.006207741288668,1586.387611802491,1.0126429524575649
1586.429279035386,0.9988411295020132,1586.429279035386,1.0005193770044682,1586.429279035386,0.9993599046157936,1586.3890007098817,1.001878402419096
1586.4306679427764,0.9919019396959955,1586.4306679427764,1.0004734270938045,1586.4306679427764,0.9923715329486448,1586.3903896177371,1.004765181861662
1586.4320568506328,1.0084327891369484,1586.4320568506328,1.0004977486639164,1586.4320568506328,1.0089347352103908,1586.391778525593,0.9945443823196398
1586.4334457584896,0.9849739457874503,1586.4334457584896,1.0004602287680595,1586.4334457584896,0.9854272591330908,1586.3931674334494,1.014275864535459
1586.4348346663464,0.9976848987188988,1586.4348346663464,1.0004386985460472,1586.4348346663464,0.99812258163338,1586.3945563413054,0.9998035892760544
1586.4362235737367,1.0051351322042692,1586.4362235737367,1.000442144116337,1586.4362235737367,1.005579546789097,1586.3959452491622,0.9994286037792964
1586.437612481593,0.998532684721548,1586.437612481593,1.000503159367207,1586.437612481593,0.999035105795328,1586.3973341565534,1.0113752468549453
1586.439001389449,0.9919259304601294,1586.439001389449,1.000541987439326,1586.439001389449,0.9924635418551806,1586.3987230644095,1.0067727104166353
1586.440390297305,0.9976777291103165,1586.440390297305,1.000580215587451,1586.440390297305,0.998256597279999,1586.4001119722657,1.0120122978268031
1586.441779204696,0.989751427747273,1586.441779204696,1.0005770372437182,1586.441779204696,0.9903225511831064,1586.4015008801216,0.9995584372028912
1586.443168112553,0.9946754965817597,1586.443168112553,1.0004929395349151,1586.443168112553,0.9951658114584362,1586.4028897879784,0.996518576096978
1586.444557020409,0.9954741220173023,1586.444557020409,1.0004756719668522,1586.444557020409,0.9959476411508728,1586.4042786958353,0.9998035892760544
1586.4459459282648,1.0007347365221317,1586.4459459282648,1.00047483786842,1586.4459459282648,1.001209923271276,1586.405667603226,0.9920469801412982
1586.4473348356546,1.0107432279542166,1586.4473348356546,1.0004829740292542,1586.4473348356546,1.011231390683563,1586.407056511082,1.0002723672744616
1586.4487237435114,0.9945166233141107,1586.4487237435114,1.0005363801461866,1586.4487237435114,0.995050062285909,1586.4084454189383,0.9819510322572096
1586.4501126513685,1.0072484601267768,1586.4501126513685,1.0004871815123975,1586.4501126513685,1.0077391729549414,1586.4098343267942,1.0067682821804915
1586.4515015587583,0.9840773475834776,1586.4515015587583,1.000506337876653,1586.4515015587583,0.9845756232181154,1586.411223234651,1.0024771368476575
1586.452890466615,0.9983201440900645,1586.452890466615,1.0005281408960107,1586.452890466615,0.9988473977854698,1586.4126121420422,0.997264733887148
1586.4556682818616,0.9978147315957507,1586.4556682818616,1.0006266378363873,1586.4556682818616,0.9984400000602732,1586.4140010498986,1.010348634109024
1586.4570571897184,1.0083314870836138,1586.4570571897184,1.0006538912315774,1586.4570571897184,1.0089908262015412,1586.4153899577543,0.995711407053276
1586.4584460975752,1.0141443026953834,1586.4584460975752,1.0007634116844466,1586.4584460975752,1.014918512305776,1586.41677886561,0.9837285385458427
1586.4598350049655,0.9955149791812982,1586.4598350049655,1.0008033782145394,1586.4598350049655,0.99631475422782,1586.4181677734664,0.9990839393994654
1586.4612239128214,1.0092236429504766,1586.4612239128214,1.000913481699707,1586.4612239128214,1.0101455502792234,1586.419556680857,1.0017162182703427
1586.4626128206778,1.006589919994346,1586.4626128206778,1.0008656153037172,1586.4626128206778,1.0074612396336606,1586.4209455887135,1.0102241514707695
1586.4640017285346,0.9917503120784531,1586.4640017285346,1.0009170521364068,1586.4640017285346,0.9926597988209268,1586.4223344965694,1.0011120100498818
1586.4653906359258,1.0035308272142942,1586.4653906359258,1.0009574076180776,1586.4653906359258,1.0044916152732448,1586.4237234044258,0.9985168791599858
1586.4667795437815,1.0024992531531953,1586.4667795437815,1.0008761634592866,1586.4667795437815,1.0033776063667703,1586.425112311816,1.0052645884933944
1586.4681684511725,0.9938873275779084,1586.4681684511725,1.0008300324117363,1586.4681684511725,0.994712286273412,1586.426501219673,1.004409446891472
1586.4695573590284,1.0051179360991545,1586.4695573590284,1.0009208172454263,1586.4695573590284,1.006043466028402,1586.4278901275295,1.006207741288668
1586.4709462668848,1.0024950986893082,1586.4709462668848,1.0009179802399475,1586.4709462668848,1.0034153693805492,1586.429279035386,0.9993599046157936
1586.472335174276,0.9844467832852261,1586.472335174276,1.0009035033776403,1586.472335174276,0.9853362342790314,1586.4306679427764,0.9923715329486448
1586.473724082132,0.9905325703014357,1586.473724082132,1.0008928229807013,1586.473724082132,0.991416940543334,1586.4320568506328,1.0089347352103908
1586.475112989987,0.9906055326704525,1586.475112989987,1.000862253060529,1586.475112989987,0.9914596853227744,1586.4334457584896,0.9854272591330908
1586.476501897378,1.0178250222136611,1586.476501897378,1.0008237415852563,1586.476501897378,1.018663447010973,1586.4348346663464,0.99812258163338
1586.477890805234,1.00875801223711,1586.477890805234,1.0008941997393492,1586.477890805234,1.0096600433887188,1586.4362235737367,1.005579546789097
1586.4792797130908,0.998848999307938,1586.4792797130908,1.0008098208026455,1586.4792797130908,0.9996578880062792,1586.437612481593,0.999035105795328
1586.480668620482,0.9953328776717556,1586.480668620482,1.0008709919521621,1586.480668620482,0.99619980459793,1586.439001389449,0.9924635418551806
1586.482057528338,1.0054976502452213,1586.482057528338,1.0009723461944315,1586.482057528338,1.0064753420589472,1586.440390297305,0.998256597279999
1586.4834464357286,0.9918004657751669,1586.4834464357286,1.0009404174435395,1586.4834464357286,0.9927331722336924,1586.441779204696,0.9903225511831064
1586.4848353435846,1.0211610237808346,1586.4848353435846,1.0009648144944931,1586.4848353435846,1.0221462547377898,1586.443168112553,0.9951658114584362
1586.486224251441,1.0049186232493559,1586.486224251441,1.0008329106560052,1586.486224251441,1.0057556306790782,1586.444557020409,0.9959476411508728
1586.487613158832,0.9992687550326561,1586.487613158832,1.000869309724351,1586.487613158832,1.0001374290786462,1586.4459459282648,1.001209923271276
1586.489002066689,1.0098198638475142,1586.489002066689,1.0008341230074127,1586.489002066689,1.0106621778292917,1586.4473348356546,1.011231390683563
1586.4903909745449,0.9973021385184329,1586.4903909745449,1.0007736968377068,1586.4903909745449,0.9980737480292428,1586.4487237435114,0.995050062285909
1586.4917798819356,1.0014651585209513,1586.4917798819356,1.0008656238136224,1586.4917798819356,1.00233205061068,1586.4501126513685,1.0077391729549414
1586.4931687897915,0.9809566724494914,1586.4931687897915,1.0009109652450026,1586.4931687897915,0.9818502898849462,1586.4515015587583,0.9845756232181154
1586.4945576971822,0.9955568262634552,1586.4945576971822,1.000918658577604,1586.4945576971822,0.9964714030813944,1586.452890466615,0.9988473977854698
1586.495946605039,1.0094816454315312,1586.495946605039,1.0008094956699585,1586.495946605039,1.0102988164524105,1586.4542793744708,1.0266014908210506
1586.4973355124305,0.9905299136518795,1586.4973355124305,1.0008462069401085,1586.4973355124305,0.9913681069391967,1586.4556682818616,0.9984400000602732
1586.4987244202862,0.9761632249576433,1586.4987244202862,1.000917396688754,1586.4987244202862,0.9770587538679028,1586.4570571897184,1.0089908262015412
1586.5001133281423,1.0008536722183103,1586.5001133281423,1.0009246130874518,1586.5001133281423,1.0017790746222677,1586.4584460975752,1.014918512305776
1586.501502235532,0.9906256736543441,1586.501502235532,1.0009570100738725,1586.501502235532,0.991573712403468,1586.4598350049655,0.99631475422782
1586.5028911433883,0.982131873482471,1586.5028911433883,1.0009550295254233,1586.5028911433883,0.983069838419506,1586.4612239128214,1.0101455502792234
1586.5042800507797,1.0027711788771707,1586.5042800507797,1.0009253408479455,1586.5042800507797,1.0036990840101283,1586.4626128206778,1.0074612396336606
1586.5056689586354,1.0028385075247939,1586.5056689586354,1.0009278106137445,1586.5056689586354,1.003768951735947,1586.4640017285346,0.9926597988209268
1586.507057866026,1.0009826317974708,1586.507057866026,1.000932371444457,1586.507057866026,1.001915919419756,1586.4653906359258,1.0044916152732448
1586.508446773882,0.984091968157067,1586.508446773882,1.0009210186976785,1586.508446773882,0.9849983352599748,1586.4667795437815,1.0033776063667703
1586.5098356817384,0.9943182515248358,1586.5098356817384,1.000772672335843,1586.5098356817384,0.9950865337308128,1586.4681684511725,0.994712286273412
1586.5112245891296,1.009389373925539,1586.5112245891296,1.000713924157112,1586.5112245891296,1.0101100013835165,1586.4695573590284,1.006043466028402
1586.5126134969864,1.0043622755798145,1586.5126134969864,1.0006046440565208,1586.5126134969864,1.0049695572603377,1586.4709462668848,1.0034153693805492
1586.5140024043767,0.9974209558563554,1586.5140024043767,1.00064424416258,1586.5140024043767,0.9980635384848008,1586.472335174276,0.9853362342790314
1586.515391312233,1.0096047766270497,1586.515391312233,1.0006568562216311,1586.515391312233,1.0102679418059657,1586.473724082132,0.991416940543334
1586.5167802196231,0.9946580597509157,1586.5167802196231,1.0007272672244525,1586.5167802196231,0.99538144195731,1586.475112989987,0.9914596853227744
1586.5181691274802,1.006537562663118,1586.5181691274802,1.0007252005949345,1586.5181691274802,1.007267504302385,1586.476501897378,1.018663447010973
1586.5195580348714,0.9992602522596798,1586.5195580348714,1.0008008901759518,1586.5195580348714,1.0000605499789337,1586.477890805234,1.0096600433887188
1586.5209469427273,1.0053918913386795,1586.5209469427273,1.0008659189282145,1586.5209469427273,1.006262479207663,1586.4792797130908,0.9996578880062792
1586.522335850118,1.0035582514258417,1586.522335850118,1.0008631923138922,1586.522335850118,1.0044245151950155,1586.480668620482,0.99619980459793
1586.523724757974,1.00741630097143,1586.523724757974,1.0007435140848084,1586.523724757974,1.008165329180468,1586.482057528338,1.0064753420589472
1586.5251136653646,1.0024117011971028,1586.5251136653646,1.0006982195876468,1586.5251136653646,1.003111604681765,1586.4834464357286,0.9927331722336924
1586.5265025732217,0.9991247458816936,1586.5265025732217,1.000670696958909,1586.5265025732217,0.9997948558103272,1586.4848353435846,1.0221462547377898
1586.5278914806129,0.9902668085317202,1586.5278914806129,1.0007160615566166,1586.5278914806129,0.9909759005241032,1586.486224251441,1.0057556306790782
1586.5292803884686,0.9758902656371599,1586.5292803884686,1.0006790571453046,1586.5292803884686,0.976552950895074,1586.487613158832,1.0001374290786462
1586.5306692958584,0.9997457019038739,1586.5306692958584,1.0006793047470417,1586.5306692958584,1.0004248339050117,1586.489002066689,1.0106621778292917
1586.532058203714,1.010714546006892,1586.532058203714,1.0007256838549705,1586.532058203714,1.011448005234913,1586.4903909745449,0.9980737480292428
1586.533447111105,1.0015410621485676,1586.533447111105,1.000826493745188,1586.533447111105,1.0023688295719824,1586.4917798819356,1.00233205061068
1586.534836018962,0.9935317450870547,1586.534836018962,1.0008046716864918,1586.534836018962,0.994331211951957,1586.4931687897915,0.9818502898849462
1586.5362249263526,1.0031287098755481,1586.5362249263526,1.0008600698176746,1586.5362249263526,1.0039914706021549,1586.4945576971822,0.9964714030813944
1586.5376138342083,0.996663734976305,1586.5376138342083,1.0009373509317654,1586.5376138342083,0.9975979586569418,1586.495946605039,1.0102988164524105
1586.539002741599,1.0044605745332704,1586.539002741599,1.0008009333633985,1586.539002741599,1.0052650805196326,1586.4973355124305,0.9913681069391967
1586.5403916494552,1.0033968046681836,1586.5403916494552,1.0008240417063883,1586.5403916494552,1.004223645483287,1586.4987244202862,0.9770587538679028
1586.5417805568463,1.0073304431061658,1586.5417805568463,1.0008377857159025,1586.5417805568463,1.008174370162594,1586.5001133281423,1.0017790746222677
1586.5431694647032,1.0105275914878866,1586.5431694647032,1.0008820978333333,1586.5431694647032,1.0114189756868617,1586.501502235532,0.991573712403468
1586.5445583720934,0.9902603851535764,1586.5445583720934,1.0007947224724107,1586.5445583720934,0.991047367335196,1586.5028911433883,0.983069838419506
1586.5459472799498,1.016172139565535,1586.5459472799498,1.0006944519500174,1586.5459472799498,1.0168778222894097,1586.5042800507797,1.0036990840101283
1586.54733618734,1.00021848283456,1586.54733618734,1.0006773797009325,1586.54733618734,1.0008960105313296,1586.5056689586354,1.003768951735947
1586.548725095197,0.9962253688415658,1586.548725095197,1.000638374662462,1586.548725095197,0.9968613338751362,1586.507057866026,1.001915919419756
1586.550114002588,0.9858121174628766,1586.550114002588,1.0006705805642608,1586.550114002588,0.98647318390886,1586.508446773882,0.9849983352599748
1586.5515029099788,1.001712359498358,1586.5515029099788,1.000637235429951,1586.5515029099788,1.0023506861044502,1586.5098356817384,0.9950865337308128
1586.5528918178347,0.9999936123298061,1586.5528918178347,1.000656143260551,1586.5528918178347,1.0006497513991304,1586.5112245891296,1.0101100013835165
1586.5542807252257,0.9946417400759331,1586.5542807252257,1.0006171731450968,1586.5542807252257,0.9952556062469003,1586.5126134969864,1.0049695572603377
1586.5556696330814,1.0080163326048586,1586.5556696330814,1.0006833940514142,1586.5556696330814,1.0087052049702891,1586.5140024043767,0.9980635384848008
1586.5570585404726,0.9939022983476906,1586.5570585404726,1.0006210234627169,1586.5570585404726,0.9945195349946128,1586.515391312233,1.0102679418059657
1586.5584474483287,0.9872301553422957,1586.5584474483287,1.0007355110163616,1586.5584474483287,0.9879562739972344,1586.5167802196231,0.99538144195731
1586.5598363557183,0.9834084250877829,1586.5598363557183,1.0006986334544639,1586.5598363557183,0.9840954671129508,1586.5181691274802,1.007267504302385
1586.561225263109,0.9999560815997526,1586.561225263109,1.0006655305262793,1586.561225263109,1.0006215828969958,1586.5195580348714,1.0000605499789337
1586.562614170965,0.9996475866109693,1586.562614170965,1.0006962468281702,1586.562614170965,1.0003435880724352,1586.5209469427273,1.006262479207663
1586.564003078356,1.00687360608053,1586.564003078356,1.0008381565618922,1586.564003078356,1.0077175238004623,1586.522335850118,1.0044245151950155
1586.565391986213,0.9893745275235246,1586.565391986213,1.0008081416288512,1586.565391986213,0.9901740822657414,1586.523724757974,1.008165329180468
1586.5667808936037,0.9889564646560378,1586.5667808936037,1.0008667807136986,1586.5667808936037,0.9898136730462892,1586.5251136653646,1.003111604681765
1586.568169800994,0.9894316080603526,1586.568169800994,1.0009100943650704,1586.568169800994,0.9903320841914708,1586.5265025732217,0.9997948558103272
1586.5695587088503,1.0069470784373442,1586.5695587088503,1.0010115224677854,1586.5695587088503,1.0079656280310545,1586.5278914806129,0.9909759005241032
1586.5709476162406,1.0117175101406553,1586.5709476162406,1.0010570964596457,1586.5709476162406,1.0127869931387865,1586.5292803884686,0.976552950895074
1586.5723365240974,0.998599007048925,1586.5723365240974,1.0009605914259434,1586.5723365240974,0.9995582526930518,1586.5306692958584,1.0004248339050117
1586.5737254314886,0.9939442878935045,1586.5737254314886,1.000993458178848,1586.5737254314886,0.9949317299756316,1586.532058203714,1.011448005234913
1586.5751143388793,0.9981609117430061,1586.5751143388793,1.0009096322468989,1586.5751143388793,0.9990688710959216,1586.533447111105,1.0023688295719824
1586.5765032467352,0.9984397316467466,1586.5765032467352,1.001025344304449,1586.5765032467352,0.9994634761389262,1586.534836018962,0.994331211951957
1586.577892154126,0.9949741698855846,1586.577892154126,1.0010996056279964,1586.577892154126,0.9960682490825018,1586.5362249263526,1.0039914706021549
1586.5792810619826,1.0086158849634648,1586.5792810619826,1.001075118473137,1586.5792810619826,1.0097002665336885,1586.5376138342083,0.9975979586569418
1586.5806699693735,0.9950515175804421,1586.5806699693735,1.0010709260682984,1586.5806699693735,0.9961171441899188,1586.539002741599,1.0052650805196326
1586.5820588767642,1.0127763279039994,1586.5820588767642,1.0009910353967604,1586.5820588767642,1.0137800250939533,1586.5403916494552,1.004223645483287
1586.58344778462,1.0042197228588765,1586.58344778462,1.0009195777968023,1586.58344778462,1.0051431810191285,1586.5417805568463,1.008174370162594
1586.5848366920109,1.0088351503828863,1586.5848366920109,1.0009701413636962,1586.5848366920109,1.0098138630914235,1586.5431694647032,1.0114189756868617
1586.586225599401,0.9850883606278903,1586.586225599401,1.0009577574794801,1586.586225599401,0.9860318363732304,1586.5445583720934,0.991047367335196
1586.5876145072566,1.0080514646116576,1586.5876145072566,1.000879205368531,1586.5876145072566,1.0089377488710995,1586.5459472799498,1.0168778222894097
1586.5890034146478,1.0029068287803098,1586.5890034146478,1.0010132433465397,1586.5890034146478,1.0039230174517708,1586.54733618734,1.0008960105313296
1586.5903923220385,0.9974315113262384,1586.5903923220385,1.00095121222721,1586.5903923220385,0.9983802803756164,1586.548725095197,0.9968613338751362
1586.5917812298944,0.9956898347668535,1586.5917812298944,1.0009291216373026,1586.5917812298944,0.9966149517363776,1586.550114002588,0.98647318390886
1586.5931701372851,1.0079856443483208,1586.5931701372851,1.000987211793062,1586.5931701372851,1.0089807396636588,1586.5515029099788,1.0023506861044502
1586.5945590446763,0.9961529426103364,1586.5945590446763,1.00087183831407,1586.5945590446763,0.9970214269123776,1586.5528918178347,1.0006497513991304
1586.5959479525332,1.005652214829587,1586.5959479525332,1.0008468780146997,1586.5959479525332,1.0065038795807604,1586.5542807252257,0.9952556062469003
1586.5973368599234,1.0179136525400938,1586.5973368599234,1.0009335110667574,1586.5973368599234,1.0188638861997434,1586.5556696330814,1.0087052049702891
1586.598725767314,1.000738697541683,1586.598725767314,1.0010168082500353,1586.598725767314,1.001756256905473,1586.5570585404726,0.9945195349946128
1586.60011467517,0.9917715935453112,1586.60011467517,1.0011167147541669,1586.60011467517,0.9928791195165868,1586.5584474483287,0.9879562739972344
1586.6015035825603,1.0061292303125133,1586.6015035825603,1.001055356887691,1586.6015035825603,1.007191055725631,1586.5598363557183,0.9840954671129508
1586.6028924899515,0.9872331019068823,1586.6028924899515,1.0009831515809104,1586.6028924899515,0.9882037016917492,1586.561225263109,1.0006215828969958
1586.6042813978083,1.0025400137500624,1586.6042813978083,1.0009296388556788,1586.6042813978083,1.0034720139012172,1586.562614170965,1.0003435880724352
1586.605670305199,1.008362725641033,1586.605670305199,1.0009138900961507,1586.605670305199,1.009284258349324,1586.564003078356,1.0077175238004623
1586.607059212589,1.0027913110511653,1586.607059212589,1.0009052461354213,1586.607059212589,1.0036990840101283,1586.565391986213,0.9901740822657414
1586.60844811998,1.0094406818156658,1586.60844811998,1.0009155457827945,1586.60844811998,1.0103648709748834,1586.5667808936037,0.9898136730462892
1586.6098370278369,0.9881590403688494,1586.6098370278369,1.000944630551078,1586.6098370278369,0.9890924855877058,1586.568169800994,0.9903320841914708
1586.611225935228,0.9944799471601874,1586.611225935228,1.0009368026040848,1586.611225935228,0.9954115785643972,1586.5695587088503,1.0079656280310545
1586.6126148426183,0.9952914870528528,1586.6126148426183,1.0009812680019936,1586.6126148426183,0.9962681347417544,1586.5709476162406,1.0127869931387865
1586.6140037504738,0.9851949233973102,1586.6140037504738,1.000983833768289,1586.6140037504738,0.9861641914312954,1586.5723365240974,0.9995582526930518
1586.6153926578636,1.0119273318101891,1586.6153926578636,1.000984335111638,1586.6153926578636,1.0129234074133162,1586.5737254314886,0.9949317299756316
1586.6167815652543,1.0107302573264114,1586.6167815652543,1.0010083555679343,1586.6167815652543,1.0117494328090662,1586.5751143388793,0.9990688710959216
1586.6181704726455,0.9982177816735708,1586.6181704726455,1.0011039903556567,1586.6181704726455,0.9993198044773834,1586.5765032467352,0.9994634761389262
1586.619559380502,0.9927912849081949,1586.619559380502,1.001151408055311,1586.619559380502,0.9939343927908808,1586.577892154126,0.9960682490825018
1586.6209482878926,1.0047622444742255,1586.6209482878926,1.0010495835945505,1586.6209482878926,1.0058168264424494,1586.5792810619826,1.0097002665336885
1586.6223371952829,1.0178752136669862,1586.6223371952829,1.0010462953500117,1586.6223371952829,1.018940211769938,1586.5806699693735,0.9961171441899188
1586.6237261026736,0.992806029523188,1586.6237261026736,1.001006136983532,1586.6237261026736,0.9938049283869648,1586.5820588767642,1.0137800250939533
1586.6251150105304,0.9939673538819572,1586.6251150105304,1.0009303806386505,1586.6251150105304,0.9948921218634597,1586.58344778462,1.0051431810191285
1586.6265039179216,0.994982478786413,1586.6265039179216,1.0009473439792969,1586.6265039179216,0.9959250694471972,1586.5848366920109,1.0098138630914235
1586.6278928253118,0.9897384783097317,1586.6278928253118,1.0010372946966284,1586.6278928253118,0.9907651287843314,1586.586225599401,0.9860318363732304
1586.6292817327026,1.004722936841033,1586.6292817327026,1.0009427517223237,1586.6292817327026,1.005670141120198,1586.5876145072566,1.0089377488710995
1586.6306706405585,0.9967407223483826,1586.6306706405585,1.0008594223718914,1586.6306706405585,0.997597343624144,1586.5890034146478,1.0039230174517708
1586.6320595479492,1.0037425042908237,1586.6320595479492,1.0008133515986415,1586.6320595479492,1.004558899861313,1586.5903923220385,0.9983802803756164
1586.6334484553404,0.9906429522878291,1586.6334484553404,1.00081650065068,1586.6334484553404,0.9914518129029636,1586.5917812298944,0.9966149517363776
1586.6348373627316,0.9900525118713128,1586.6348373627316,1.0009102405761188,1586.6348373627316,0.9909536978401065,1586.5931701372851,1.0089807396636588
1586.6362262705877,0.9959877614164013,1586.6362262705877,1.0007977414733495,1586.6362262705877,0.9967823021606318,1586.5945590446763,0.9970214269123776
1586.6376151779782,1.0067031072749069,1586.6376151779782,1.0008292682744238,1586.6376151779782,1.0075379342235338,1586.5959479525332,1.0065038795807604
1586.6390040853685,1.0063386075200602,1586.6390040853685,1.000905933507049,1586.6390040853685,1.0072502833840495,1586.5973368599234,1.0188638861997434
1586.6403929927596,1.0017761625167108,1586.6403929927596,1.000890053618359,1586.6403929927596,1.0026677970149445,1586.598725767314,1.001756256905473
1586.64178190015,1.0108838524733572,1586.64178190015,1.0008650220357722,1586.64178190015,1.011758289281353,1586.60011467517,0.9928791195165868
1586.6431708080054,1.0112020889127442,1586.6431708080054,1.0008081671279292,1586.6431708080054,1.0120193092006968,1586.6015035825603,1.007191055725631
1586.644559715396,1.006516645812155,1586.644559715396,1.000779482675034,1586.644559715396,1.007301208099699,1586.6028924899515,0.9882037016917492
1586.6459486227864,1.0098651152437097,1586.6459486227864,1.0006994451409985,1586.6459486227864,1.0105714604916307,1586.6042813978083,1.0034720139012172
1586.647337530177,0.9929376153212153,1586.647337530177,1.0005990225608448,1586.647337530177,0.993532407354304,1586.605670305199,1.009284258349324
1586.6487264375685,1.0024365333159073,1586.6487264375685,1.000598088076775,1586.6487264375685,1.0030360786542074,1586.607059212589,1.0036990840101283
1586.650115345425,0.9958848254044588,1586.650115345425,1.0005973387730482,1586.650115345425,0.9964797060241632,1586.60844811998,1.0103648709748834
1586.6515042528154,1.0009455800494433,1586.6515042528154,1.0005325474848705,1586.6515042528154,1.001478631100591,1586.6098370278369,0.9890924855877058
1586.652893160206,0.9949885715421415,1586.652893160206,1.0006003775696417,1586.652893160206,0.9955859403625452,1586.611225935228,0.9954115785643972
1586.6542820675963,0.9914579118568685,1586.6542820675963,1.0006451347785432,1586.6542820675963,0.9920975358372692,1586.6126148426183,0.9962681347417544
1586.655670974987,1.0037091882933618,1586.655670974987,1.0005761605065204,1586.655670974987,1.004287485887688,1586.6140037504738,0.9861641914312954
1586.6570598823782,1.004152932671157,1586.6570598823782,1.000446917454777,1586.6570598823782,1.004601706144033,1586.6153926578636,1.0129234074133162
1586.658448790235,1.0028180520746324,1586.658448790235,1.0004502856045796,1586.658448790235,1.0032696066074942,1586.6167815652543,1.0117494328090662
1586.659837697625,1.0137439559217911,1586.659837697625,1.0005003080829609,1586.659837697625,1.0142511402169916,1586.6181704726455,0.9993198044773834
1586.6612266050156,1.006341932351907,1586.6612266050156,1.0003988500171708,1586.6612266050156,1.006743311848905,1586.619559380502,0.9939343927908808
1586.6626155124063,0.9926499007873764,1586.6626155124063,1.0004125168822275,1586.6626155124063,0.9930593856295926,1586.6209482878926,1.0058168264424494
1586.6640044197975,0.9980948206782332,1586.6640044197975,1.000298698447121,1586.6640044197975,0.9983929500512492,1586.6223371952829,1.018940211769938
1586.665393327189,0.9941567111707814,1586.665393327189,1.0002669007032938,1586.665393327189,0.9944220522961772,1586.6237261026736,0.9938049283869648
1586.666782234579,1.0035561278357117,1586.666782234579,1.0002781353509638,1586.666782234579,1.003835252271539,1586.6251150105304,0.9948921218634597
1586.6681711424353,0.9907916978161382,1586.6681711424353,1.0001343304377395,1586.6681711424353,0.9909247912986144,1586.6265039179216,0.9959250694471972
1586.6695600498251,0.996587164262814,1586.6695600498251,1.0001782794046865,1586.6695600498251,0.996764835229177,1586.6278928253118,0.9907651287843314
1586.670948957215,0.9996862769195898,1586.670948957215,1.0001614608620588,1586.670948957215,0.9998476871276496,1586.6292817327026,1.005670141120198
1586.672337864606,0.9937708584641095,1586.672337864606,1.0000810095188404,1586.672337864606,0.9938513633631912,1586.6306706405585,0.997597343624144
1586.6737267719973,1.0119356902575556,1586.6737267719973,1.000047259954141,1586.6737267719973,1.0119835142918707,1586.6320595479492,1.004558899861313
1586.6751156793875,1.0005818046127006,1586.6751156793875,1.0001094593196174,1586.6751156793875,1.000691327616255,1586.6334484553404,0.9914518129029636
1586.6765045867785,1.0103926585754706,1586.6765045867785,1.0001335011426098,1586.6765045867785,1.010527547149875,1586.6348373627316,0.9909536978401065
1586.6778934941683,0.9944884119304404,1586.6778934941683,1.0001638893867884,1586.6778934941683,0.9946513980264398,1586.6362262705877,0.9967823021606318
1586.6792824015597,1.000283130448138,1586.6792824015597,1.0001398802574,1586.6792824015597,1.000423050309898,1586.6376151779782,1.0075379342235338
1586.6806713094163,1.0003987614191212,1586.6806713094163,1.0000205904833004,1586.6806713094163,1.000419360113112,1586.6390040853685,1.0072502833840495
1586.6820602168068,1.0046391655042233,1586.6820602168068,0.9999963229986216,1586.6820602168068,1.0046354714446268,1586.6403929927596,1.0026677970149445
1586.6834491241975,0.9938419160869879,1586.6834491241975,0.9999983047430302,1586.6834491241975,0.9938402312695528,1586.64178190015,1.011758289281353
1586.6848380315878,1.0016900926030157,1586.6848380315878,1.0000386684863571,1586.6848380315878,1.0017288264426956,1586.6431708080054,1.0120193092006968
1586.6862269389785,1.0025462383403851,1586.6862269389785,1.0001003305905614,1586.6862269389785,1.002646824396543,1586.644559715396,1.007301208099699
1586.6876158463697,1.0121451525302736,1586.6876158463697,1.0000376061782397,1586.6876158463697,1.012183215441284,1586.6459486227864,1.0105714604916307
1586.6890047537609,0.9948039189838326,1586.6890047537609,0.999914256597731,1586.6890047537609,0.9947186211112284,1586.647337530177,0.993532407354304
1586.6903936611511,0.998968212831243,1586.6903936611511,1.0000019475100637,1586.6903936611511,0.9989701583318908,1586.6487264375685,1.0030360786542074
1586.6917825685418,1.0003019770698027,1586.6917825685418,1.0000065521545634,1586.6917825685418,1.0003085312029665,1586.650115345425,0.9964797060241632
1586.693171475932,1.008963805085254,1586.693171475932,1.0000108713119458,1586.693171475932,1.0089747738455213,1586.6515042528154,1.001478631100591
1586.6945603833233,1.0069827717211781,1586.6945603833233,1.0000196393151033,1586.6945603833233,1.0070025481731355,1586.652893160206,0.9955859403625452
1586.6959492907145,0.997664529114861,1586.6959492907145,0.9999874616420287,1586.6959492907145,0.9976520200398596,1586.6542820675963,0.9920975358372692
1586.6973381981045,0.9991655954193397,1586.6973381981045,0.9999424052084377,1586.6973381981045,0.9991080486851353,1586.655670974987,1.004287485887688
1586.6987271059595,0.9970375269179668,1586.6987271059595,1.0000578136983804,1586.6987271059595,0.997095169344822,1586.6570598823782,1.004601706144033
1586.70011601335,1.0062875348457385,1586.70011601335,1.0000761306095243,1586.70011601335,1.006364144129123,1586.658448790235,1.0032696066074942
1586.7015049207407,1.0081301752054446,1586.7015049207407,1.0000373107631726,1586.7015049207407,1.0081677893116587,1586.659837697625,1.0142511402169916
1586.702893828132,0.9979943359662845,1586.702893828132,1.0000085158613403,1586.702893828132,0.998002834747668,1586.6612266050156,1.006743311848905
1586.704282735523,0.9979786971333765,1586.704282735523,0.9999685981833567,1586.704282735523,0.9979473587893152,1586.6626155124063,0.9930593856295926
1586.705671642913,0.9989531780529158,1586.705671642913,1.0000211231108556,1586.705671642913,0.9989742790516354,1586.6640044197975,0.9983929500512492
1586.707060550304,1.0004226155327158,1586.707060550304,0.9998942632989917,1586.707060550304,1.0003168341457354,1586.665393327189,0.9944220522961772
1586.7084494576943,1.0024541257921666,1586.7084494576943,0.9998819661884006,1586.7084494576943,1.0023358023107458,1586.666782234579,1.003835252271539
1586.7098383650855,1.0079402371577915,1586.7098383650855,0.9997846548360821,1586.7098383650855,1.0077231821022012,1586.6681711424353,0.9909247912986144
1586.711227272477,0.9978796229350543,1586.711227272477,0.9999096653916596,1586.711227272477,0.9977894798701455,1586.6695600498251,0.996764835229177
1586.7126161798674,1.0121904308554475,1586.7126161798674,0.999768900696682,1586.7126161798674,1.0119565143520517,1586.670948957215,0.9998476871276496
1586.7140050872576,0.9975427176712198,1586.7140050872576,0.9997321210356425,1586.7140050872576,0.9972754969611076,1586.672337864606,0.9938513633631912
1586.7167829020386,1.0016580582408818,1586.7167829020386,0.9998049054850373,1586.7167829020386,1.0014626402478508,1586.6737267719973,1.0119835142918707
1586.7181718094298,0.9847668870378324,1586.7181718094298,0.9996912981787498,1586.7181718094298,0.984462887706297,1586.6751156793875,1.000691327616255
1586.719560716821,1.0010233412769287,1586.719560716821,0.9996421521426276,1586.719560716821,1.000665127219073,1586.6765045867785,1.010527547149875
1586.7209496242112,1.0027163095468459,1586.7209496242112,0.9995243476402664,1586.7209496242112,1.0022393651680666,1586.6778934941683,0.9946513980264398
1586.722338531602,1.0029586786714941,1586.722338531602,0.9994553067947343,1586.722338531602,1.0024123738940596,1586.6792824015597,1.000423050309898
1586.7237274389918,1.0044983968255259,1586.7237274389918,0.9994035633689018,1586.7237274389918,1.0038992771857798,1586.6806713094163,1.000419360113112
1586.725116346382,1.0001303032336168,1586.725116346382,0.9994310372578287,1586.725116346382,0.9995612663537604,1586.6820602168068,1.0046354714446268
1586.7265052537732,0.9992021268539016,1586.7265052537732,0.9993748957860716,1586.7265052537732,0.998577521393839,1586.6834491241975,0.9938402312695528
1586.727894161164,0.9942553084235198,1586.727894161164,0.999393175285833,1586.727894161164,0.9936519697301768,1586.6848380315878,1.0017288264426956
1586.7292830685542,0.9957195319340647,1586.7292830685542,0.9993159782989198,1586.7292830685542,0.9950384381660324,1586.6862269389785,1.002646824396543
1586.730671975945,1.0052217514059842,1586.730671975945,0.9992193254432888,1586.730671975945,1.004437000360809,1586.6876158463697,1.012183215441284
1586.7320608833352,0.995486333922936,1586.7320608833352,0.9991053037720186,1586.7320608833352,0.994595676054968,1586.6890047537609,0.9947186211112284
1586.7334497907264,1.0190097934210574,1586.7334497907264,0.9989660215885634,1586.7334497907264,1.0179561592936175,1586.6903936611511,0.9989701583318908
1586.734838697652,1.0056918750010229,1586.734838697652,0.9990836886657165,1586.734838697652,1.0047703481371626,1586.6917825685418,1.0003085312029665
1586.7362276050426,1.0086233380921958,1586.7362276050426,0.999155224360735,1586.7362276050426,1.0077712776669814,1586.693171475932,1.0089747738455213
1586.7376165124329,1.0125367373842438,1586.7376165124329,0.9991117111893422,1586.7376165124329,1.0116373123300453,1586.6945603833233,1.0070025481731355
1586.7390054198231,0.9989663267293574,1586.7390054198231,0.9991654172527473,1586.7390054198231,0.9981326066679826,1586.6959492907145,0.9976520200398596
1586.7403943272143,1.0059957549626382,1586.7403943272143,0.9991574594886041,1586.7403943272143,1.0051481627847898,1586.6973381981045,0.9991080486851353
1586.7417832346057,1.0070940894028764,1586.7417832346057,0.9990133282005493,1586.7417832346057,1.0061004180654691,1586.6987271059595,0.997095169344822
1586.7431721419962,1.0029488637471615,1586.7431721419962,0.9989860978877962,1586.7431721419962,1.001931971775776,1586.70011601335,1.006364144129123
1586.7445610493864,0.9970841829242008,1586.7445610493864,0.9990615300283529,1586.7445610493864,0.996148449359322,1586.7015049207407,1.0081677893116587
1586.7459499567772,0.990677689786738,1586.7459499567772,0.9989339085786038,1586.7459499567772,0.9896215368002876,1586.702893828132,0.998002834747668
1586.7473388641674,0.995877414786298,1586.7473388641674,0.9989688799798886,1586.7473388641674,0.994850545646335,1586.704282735523,0.9979473587893152
1586.7487277715586,0.9928449994241211,1586.7487277715586,0.9989389658966717,1586.7487277715586,0.9917915570204132,1586.705671642913,0.9989742790516354
1586.7501166789498,0.9959386978269609,1586.7501166789498,0.9990112190946279,1586.7501166789498,0.9949539326596284,1586.707060550304,1.0003168341457354
1586.7515055863396,1.006146986165487,1586.7515055863396,0.9990195043683399,1586.7515055863396,1.0051604634407438,1586.7084494576943,1.0023358023107458
1586.7528944937294,0.988610137323444,1586.7528944937294,0.9990297215514451,1586.7528944937294,0.9876509102131762,1586.7098383650855,1.0077231821022012
1586.7542834006545,0.9943178015886049,1586.7542834006545,0.9989664097786914,1586.7542834006545,0.99329008443201,1586.711227272477,0.9977894798701455
1586.7556723080456,0.9976194989582889,1586.7556723080456,0.9989060675429795,1586.7556723080456,0.996528170608622,1586.7126161798674,1.0119565143520517
1586.7570612154368,0.9854023430515518,1586.7570612154368,0.9988829147242712,1586.7570612154368,0.9843015646034602,1586.7140050872576,0.9972754969611076
1586.758450122827,1.0077612573510348,1586.758450122827,0.9989710970681445,1586.758450122827,1.006724368838736,1586.7153939946484,1.0295606596239055
1586.759839030217,0.9957856599698348,1586.759839030217,0.9990784689628159,1586.759839030217,0.9948680125777898,1586.7167829020386,1.0014626402478508
1586.761227937608,1.0116932561791414,1586.761227937608,0.9990415097948743,1586.761227937608,1.010723558102502,1586.7181718094298,0.984462887706297
1586.7626168449983,1.0087161968438374,1586.7626168449983,0.9989117307419874,1586.7626168449983,1.0076184420167529,1586.719560716821,1.000665127219073
1586.7640057523895,1.008180917384677,1586.7640057523895,0.9989122672986397,1586.7640057523895,1.0070842860319502,1586.7209496242112,1.0022393651680666
1586.765394659315,0.9874574443670678,1586.765394659315,0.9989099354332243,1586.765394659315,0.9863810519957644,1586.722338531602,1.0024123738940596
1586.7667835667055,1.001112743258331,1586.7667835667055,0.9988127750259383,1586.7667835667055,0.9999241972076834,1586.7237274389918,1.0038992771857798
1586.768172474096,0.9979399406287998,1586.768172474096,0.9987506695846153,1586.768172474096,0.996693183908245,1586.725116346382,0.9995612663537604
1586.7695613814867,0.9980232485078239,1586.7695613814867,0.9987099455529688,1586.7695613814867,0.9967357441778458,1586.7265052537732,0.998577521393839
1586.770950288878,0.9923539872217377,1586.770950288878,0.998591152671766,1586.770950288878,0.990955911958178,1586.727894161164,0.9936519697301768
1586.772339196269,1.0093665325500818,1586.772339196269,0.9986878344986068,1586.772339196269,1.0080420766078086,1586.7292830685542,0.9950384381660324
1586.773728103659,1.0043254056475026,1586.773728103659,0.9987051417004678,1586.773728103659,1.003024946560569,1586.730671975945,1.004437000360809
1586.7751170105844,0.989277005511762,1586.7751170105844,0.9986507158680957,1586.7751170105844,0.9879421897461672,1586.7320608833352,0.994595676054968
1586.7765059179746,1.0020141351937062,1586.7765059179746,0.9985853880946068,1586.7765059179746,1.000596674068689,1586.7334497907264,1.0179561592936175
1586.7778948253651,1.0056879553254445,1586.7778948253651,0.9986553971743858,1586.7778948253651,1.0043357044590278,1586.734838697652,1.0047703481371626
1586.7792837327556,0.9896191450948733,1586.7792837327556,0.9986958702733392,1586.7792837327556,0.9883285533496824,1586.7362276050426,1.0077712776669814
1586.780672640146,0.9942542470844885,1586.780672640146,0.9987171367299514,1586.780672640146,0.992978754829814,1586.7376165124329,1.0116373123300453
1586.7820615475366,1.0040230111523492,1586.7820615475366,0.9987372620320759,1586.7820615475366,1.0027551931754977,1586.7390054198231,0.9981326066679826
1586.7834504544612,1.0017333786723803,1586.7834504544612,0.9987152698077454,1586.7834504544612,1.0004464215562108,1586.7403943272143,1.0051481627847898
1586.784839361852,0.9908029365891483,1586.784839361852,0.9986588421356076,1586.784839361852,0.9894741134386787,1586.7417832346057,1.0061004180654691
1586.786228269243,1.0005463311584262,1586.786228269243,0.9986191164670774,1586.786228269243,0.9991646932058034,1586.7431721419962,1.001931971775776
1586.7876171766345,0.9889414355616822,1586.7876171766345,0.9986653163991591,1586.7876171766345,0.987621511645446,1586.7445610493864,0.996148449359322
1586.7890060840243,1.0019447645033377,1586.7890060840243,0.9986686444926304,1586.7890060840243,1.000610819823036,1586.7459499567772,0.9896215368002876
1586.7903949909496,1.0134390147782395,1586.7903949909496,0.9987353647375222,1586.7903949909496,1.0121573840637803,1586.7473388641674,0.994850545646335
1586.79178389834,0.9884359426606856,1586.79178389834,0.9986831736502882,1586.79178389834,0.9871343441663878,1586.7487277715586,0.9917915570204132
1586.7931728057306,0.9990047836014662,1586.7931728057306,0.9988199317870665,1586.7931728057306,0.9978258898117696,1586.7501166789498,0.9949539326596284
1586.7945617131218,1.006481732331864,1586.7945617131218,0.9987694903575841,1586.7945617131218,1.0052432468553143,1586.7515055863396,1.0051604634407438
1586.795950620513,0.9902194912062374,1586.795950620513,0.9987771437515709,1586.795950620513,0.9890085951140996,1586.7528944937294,0.9876509102131762
1586.7973395274375,0.9924824193131456,1586.7973395274375,0.9988810893281397,1586.7973395274375,0.9913719201425424,1586.7542834006545,0.99329008443201
1586.798728434828,1.0006944352115388,1586.798728434828,0.9988195553197928,1586.798728434828,0.9995131707889804,1586.7556723080456,0.996528170608622
1586.8001173422183,1.006581310834817,1586.8001173422183,0.9987323357224301,1586.8001173422183,1.0053053036646022,1586.7570612154368,0.9843015646034602
1586.8015062496088,1.0053989271093806,1586.8015062496088,0.9986925338628792,1586.8015062496088,1.0040844020578874,1586.758450122827,1.006724368838736
1586.8028951565343,0.9870822355129045,1586.8028951565343,0.9986445638220773,1586.8028951565343,0.9857443085403056,1586.759839030217,0.9948680125777898
1586.8042840639257,0.9951936969234382,1586.8042840639257,0.9986750385393999,1586.8042840639257,0.9938751036291824,1586.761227937608,1.010723558102502
1586.8056729713153,0.9901785349370524,1586.8056729713153,0.9985777665518155,1586.8056729713153,0.9887702699049906,1586.7626168449983,1.0076184420167529
1586.807061878705,0.99138461099664,1586.807061878705,0.9984643579840503,1586.807061878705,0.9898621991340276,1586.7640057523895,1.0070842860319502
1586.8084507856302,0.999439099212025,1586.8084507856302,0.9984450846016111,1586.8084507856302,0.9978850559669082,1586.765394659315,0.9863810519957644
1586.809839693021,1.0169036945829057,1586.809839693021,0.998463502253366,1586.809839693021,1.0153412243476354,1586.7667835667055,0.9999241972076834
1586.8112286004125,0.9917524799244609,1586.8112286004125,0.9984776226605545,1586.8112286004125,0.990242658422685,1586.768172474096,0.996693183908245
1586.8126175078028,0.9864371540957751,1586.8126175078028,0.9984761814169321,1586.8126175078028,0.9849340028293354,1586.7695613814867,0.9967357441778458
1586.8140064147278,1.0044416203296769,1586.8140064147278,0.9984466156162874,1586.8140064147278,1.002881336402306,1586.770950288878,0.990955911958178
1586.815395322118,0.9927276916059034,1586.815395322118,0.9984958299176369,1586.815395322118,0.9912344603122564,1586.772339196269,1.0080420766078086
1586.8167842295088,0.9855986664053679,1586.8167842295088,0.9985136503301664,1586.8167842295088,0.9841337221529678,1586.773728103659,1.003024946560569
1586.8181731368998,1.0119372791628496,1586.8181731368998,0.9984745238780106,1586.8181731368998,1.0103935930065358,1586.7751170105844,0.9879421897461672
1586.819562043825,1.0061843765944651,1586.819562043825,0.9984636712497149,1586.819562043825,1.0046385466086154,1586.7765059179746,1.000596674068689
1586.8209509512158,0.995667210578754,1586.8209509512158,0.9985546595203681,1586.8209509512158,0.9942281324550624,1586.7778948253651,1.0043357044590278
1586.822339858606,1.0148728163462206,1586.822339858606,0.998622577134109,1586.822339858606,1.013474907323014,1586.7792837327556,0.9883285533496824
1586.823728765531,1.0020261986805883,1586.823728765531,0.9986543248193928,1586.823728765531,1.0006777968947056,1586.780672640146,0.992978754829814
1586.8251176729225,0.9963488926529396,1586.8251176729225,0.9986585086904142,1586.8251176729225,0.9950122992721302,1586.7820615475366,1.0027551931754977
1586.8265065803134,0.9851856704547085,1586.8265065803134,0.9986287079801324,1586.8265065803134,0.983834693206726,1586.7834504544612,1.0004464215562108
1586.827895487238,1.0047907929200415,1586.827895487238,0.9985772083710925,1586.827895487238,1.0033611849910715,1586.784839361852,0.9894741134386787
1586.8292843946288,1.00333671804725,1586.8292843946288,0.998508590255479,1586.8292843946288,1.0018403318889186,1586.786228269243,0.9991646932058034
1586.830673302019,0.9950132088236033,1586.830673302019,0.9985216051055691,1586.830673302019,0.9935421863757872,1586.7876171766345,0.987621511645446
1586.832062208944,1.0051706557915314,1586.832062208944,0.9984243319700413,1586.832062208944,1.003586840524548,1586.7890060840243,1.000610819823036
1586.8334511163343,0.9988298624955031,1586.8334511163343,0.9983857479759463,1586.8334511163343,0.9972174993682844,1586.7903949909496,1.0121573840637803
1586.834840023725,1.0076067988732755,1586.834840023725,0.9983886511475865,1586.834840023725,1.005983192814227,1586.79178389834,0.9871343441663878
1586.836228931115,0.9909090339481234,1586.836228931115,0.9984607998596299,1586.836228931115,0.9893838266239764,1586.7931728057306,0.9978258898117696
1586.8376178380402,1.001297962373361,1586.8376178380402,0.9984380939885071,1586.8376178380402,0.9997340290666346,1586.7945617131218,1.0052432468553143
1586.8390067454309,0.9785925838069667,1586.8390067454309,0.9984520995280362,1586.8390067454309,0.9770778198846316,1586.795950620513,0.9890085951140996
1586.8403956523562,1.0068050570463811,1586.8403956523562,0.998518080577679,1586.8403956523562,1.0053130530778531,1586.7973395274375,0.9913719201425424
1586.841784559747,0.9961894816158026,1586.841784559747,0.9984840006529908,1586.841784559747,0.9946792590121756,1586.798728434828,0.9995131707889804
1586.8431734671376,0.9883773509090719,1586.8431734671376,0.9985816452460786,1586.8431734671376,0.9869754811947418,1586.8001173422183,1.0053053036646022
1586.844562374063,0.9935395830402141,1586.844562374063,0.998491439338948,1586.844562374063,0.9920407683100416,1586.8015062496088,1.0040844020578874
1586.845951281453,0.9987610810594432,1586.845951281453,0.998418602673635,1586.845951281453,0.9971816429561784,1586.8028951565343,0.9857443085403056
1586.8473401888436,0.9794379974064064,1586.8473401888436,0.9983215151615457,1586.8473401888436,0.9777940255775536,1586.8042840639257,0.9938751036291824
1586.8487290957692,0.998057392747651,1586.8487290957692,0.9983114022546883,1586.8487290957692,0.9963720752845656,1586.8056729713153,0.9887702699049906
1586.8501180031603,1.0012892076642796,1586.8501180031603,0.9983717635294131,1586.8501180031603,0.9996588720587556,1586.807061878705,0.9898621991340276
1586.8515069105506,0.9945558854339376,1586.8515069105506,0.9983412033434278,1586.8515069105506,0.9929061194564056,1586.8084507856302,0.9978850559669082
1586.8528958174757,0.9966176327107428,1586.8528958174757,0.9983197305800432,1586.8528958174757,0.9949430465791091,1586.809839693021,1.0153412243476354
1586.854284724866,0.9980908010650624,1586.854284724866,0.998426246502128,1586.854284724866,0.9965200521756924,1586.8112286004125,0.990242658422685
1586.8556736317914,0.9884107167395267,1586.8556736317914,0.998367174146148,1586.8556736317914,0.98679681416701,1586.8126175078028,0.9849340028293354
1586.8570625391826,0.9850224615611453,1586.8570625391826,0.9983266945939028,1586.8570625391826,0.9833742181510878,1586.8140064147278,1.002881336402306
1586.858451446573,1.0060328687398084,1586.858451446573,0.9982180101334175,1586.858451446573,1.004240128362265,1586.815395322118,0.9912344603122564
1586.859840353497,1.0048651433199942,1586.859840353497,0.998166080878906,1586.859840353497,1.0030223019195388,1586.8167842295088,0.9841337221529678
1586.8612292608868,0.991782359293384,1586.8612292608868,0.9980732938570589,1586.8612292608868,0.9898714861292728,1586.8181731368998,1.0103935930065358
1586.862618167812,0.9989283923213667,1586.862618167812,0.9980720255486154,1586.862618167812,0.9970024839022084,1586.819562043825,1.0046385466086154
1586.864007075203,1.008922489091148,1586.864007075203,0.9981009396372632,1586.864007075203,1.007006484383041,1586.8209509512158,0.9942281324550624
1586.8653959825942,0.9873498973054335,1586.8653959825942,0.9979743662264499,1586.8653959825942,0.9853498880071404,1586.822339858606,1.013474907323014
1586.8667848895188,0.9986143139437084,1586.8667848895188,0.9978825079704804,1586.8667848895188,0.9964997560933684,1586.823728765531,1.0006777968947056
1586.8681737969096,1.0043475443786276,1586.8681737969096,0.9979158883575583,1586.8681737969096,1.0022543719683303,1586.8251176729225,0.9950122992721302
1586.8695627038342,0.9909664451145423,1586.8695627038342,0.9978842241195751,1586.8695627038342,0.9888697822116586,1586.8265065803134,0.983834693206726
1586.870951611225,1.011618859813961,1586.870951611225,0.9979984463271001,1586.870951611225,1.0095940503695255,1586.827895487238,1.0033611849910715
1586.8723405186165,0.9902909669253358,1586.8723405186165,0.9980993330630115,1586.8723405186165,0.9884087536265024,1586.8292843946288,1.0018403318889186
1586.8737294255416,1.0046769965972828,1586.8737294255416,0.9981736425799689,1586.8737294255416,1.0028420973098129,1586.830673302019,0.9935421863757872
1586.8751183329318,0.998669590036688,1586.8751183329318,0.9981895812524276,1586.8751183329318,0.9968615798882552,1586.832062208944,1.003586840524548
1586.876507239857,0.9944802005027985,1586.876507239857,0.9981093194493591,1586.876507239857,0.9925999561297104,1586.8334511163343,0.9972174993682844
1586.8778961472472,0.9995273353900113,1586.8778961472472,0.9982613842012559,1586.8778961472472,0.9977895413734256,1586.834840023725,1.005983192814227
1586.879285054173,0.9909788816766623,1586.879285054173,0.9983775777049072,1586.879285054173,0.989371095445064,1586.836228931115,0.9893838266239764
1586.8806739615638,1.002953871519037,1586.8806739615638,0.99832870365793,1586.8806739615638,1.0012776383823023,1586.8376178380402,0.9997340290666346
1586.8820628684884,1.0029093215673774,1586.8820628684884,0.9983780787742688,1586.8820628684884,1.0012826816512437,1586.8390067454309,0.9770778198846316
1586.8834517758792,1.0055178981174864,1586.8834517758792,0.998391668254439,1586.8834517758792,1.0039006917612143,1586.8403956523562,1.0053130530778531
1586.8848406828038,0.9836583677821136,1586.8848406828038,0.9984682569928301,1586.8848406828038,0.9821516559558192,1586.841784559747,0.9946792590121756
1586.886229590195,0.9851500349668391,1586.886229590195,0.9983175308870291,1586.886229590195,0.9834925504613652,1586.8431734671376,0.9869754811947418
1586.88761849712,1.0090855132749785,1586.88761849712,0.9983036806270308,1586.88761849712,1.0073737819698276,1586.844562374063,0.9920407683100416
1586.8890074045098,1.0201271992857144,1586.8890074045098,0.9982965968517906,1586.8890074045098,1.0183895114028771,1586.845951281453,0.9971816429561784
1586.8903963119,0.9978972256715515,1586.8903963119,0.9984258425783299,1586.8903963119,0.9963263783476966,1586.8473401888436,0.9777940255775536
1586.8917852188251,1.001188294627562,1586.8917852188251,0.998476078495716,1586.8917852188251,0.9996625622555416,1586.8487290957692,0.9963720752845656
1586.8931741262154,1.0020946054071755,1586.8931741262154,0.9985013944454653,1586.8931741262154,1.0005928608653432,1586.8501180031603,0.9996588720587556
1586.894563033141,0.9949244985520315,1586.894563033141,0.9985287903546551,1586.894563033141,0.9934607560333718,1586.8515069105506,0.9929061194564056
1586.895951940532,1.0059974403281151,1586.895951940532,0.9985257116119982,1586.895951940532,1.00451430998348,1586.8528958174757,0.9949430465791091
1586.897340847457,1.008642116992787,1586.897340847457,0.9985095416603833,1586.897340847457,1.0071387779378265,1586.854284724866,0.9965200521756924
1586.8987297548474,0.9872676916405675,1586.8987297548474,0.9985490447374192,1586.8987297548474,0.9858352103878056,1586.8556736317914,0.98679681416701
1586.900118661772,0.9958791306888681,1586.900118661772,0.9985733294193606,1586.900118661772,0.9944583392312416,1586.8570625391826,0.9833742181510878
1586.9015075686975,1.004579050887802,1586.9015075686975,0.9985800171520105,1586.9015075686975,1.0031525658660918,1586.858451446573,1.004240128362265
1586.9028964760887,0.9982159974950628,1586.9028964760887,0.9985199970078869,1586.9028964760887,0.996738634831995,1586.859840353497,1.0030223019195388
1586.9042853830138,1.009851330087828,1586.9042853830138,0.9986706522568544,1586.9042853830138,1.0085088865012632,1586.8612292608868,0.9898714861292728
1586.905674290404,1.0100564004550399,1586.905674290404,0.9987241834726813,1586.905674290404,1.0087677538058153,1586.862618167812,0.9970024839022084
1586.907063197329,1.002053102409093,1586.907063197329,0.9987441905259119,1586.907063197329,1.0007947146295484,1586.864007075203,1.007006484383041
1586.9084521047191,0.9994428922341896,1586.9084521047191,0.9987868903190832,1586.9084521047191,0.9982304583860968,1586.8653959825942,0.9853498880071404
1586.9098410116449,1.0018238330393405,1586.9098410116449,0.9988408865746234,1586.9098410116449,1.0006626055846024,1586.8667848895188,0.9964997560933684
1586.911229919036,0.9992795174663219,1586.911229919036,0.9988715266829142,1586.911229919036,0.9981518571945508,1586.8681737969096,1.0022543719683303
1586.914007733351,1.0025391975727262,1586.914007733351,0.998865803397092,1586.914007733351,1.001402121020557,1586.8695627038342,0.9888697822116586
1586.915396640275,0.9993173191313532,1586.915396640275,0.9988651299818302,1586.915396640275,0.9981832238672332,1586.870951611225,1.0095940503695255
1586.9167855476662,1.0100509561967603,1586.9167855476662,0.9989704525204448,1586.9167855476662,1.0090110607805856,1586.8723405186165,0.9884087536265024
1586.9181744545915,0.9909221537500568,1586.9181744545915,0.9990487584169344,1586.9181744545915,0.9899795473918288,1586.8737294255416,1.0028420973098129
1586.9195633615163,1.0015833320906873,1586.9195633615163,0.9990390342947905,1586.9195633615163,1.0006208448576386,1586.8751183329318,0.9968615798882552
1586.9209522689066,1.0093017786764358,1586.9209522689066,0.9991948545567368,1586.9209522689066,1.0084891439484571,1586.876507239857,0.9925999561297104
1586.9223411758317,1.0006967397798125,1586.9223411758317,0.9992006454105139,1586.9223411758317,0.9998968282481858,1586.8778961472472,0.9977895413734256
1586.923730083222,0.9918365285157841,1586.923730083222,0.9992648027554466,1586.923730083222,0.9911073330329718,1586.879285054173,0.989371095445064
1586.9251189901474,1.0010095505934455,1586.9251189901474,0.99922030551309,1586.9251189901474,1.0002290689655036,1586.8806739615638,1.0012776383823023
1586.926507897073,0.9909342129443974,1586.926507897073,0.9992461972076173,1586.926507897073,0.9901872439676124,1586.8820628684884,1.0012826816512437
1586.9278968044637,1.004640517630421,1586.9278968044637,0.9993098119368952,1586.9278968044637,1.003947126737441,1586.8834517758792,1.0039006917612143
1586.9292857113885,0.9886352964935468,1586.9292857113885,0.9994258969355209,1586.9292857113885,0.9880677179401776,1586.8848406828038,0.9821516559558192
1586.930674618779,0.9919061449501982,1586.930674618779,0.9995862323188861,1586.930674618779,0.9914957262447196,1586.886229590195,0.9834925504613652
1586.9320635257045,0.9922570222790444,1586.9320635257045,0.9996173071310097,1586.9320635257045,0.9918772925924128,1586.88761849712,1.0073737819698276
1586.93345243263,1.0066373148759462,1586.93345243263,0.999699181300755,1586.93345243263,1.0063344995482737,1586.8890074045098,1.0183895114028771
1586.9348413400205,1.0063959380469534,1586.9348413400205,0.9996050948726655,1586.9348413400205,1.00599850713089,1586.8903963119,0.9963263783476966
1586.9362302469451,1.013359160594785,1586.9362302469451,0.9996060427054796,1586.9362302469451,1.0129599403614995,1586.8917852188251,0.9996625622555416
1586.9376191543356,0.9916839803565609,1586.9376191543356,0.9997520554028739,1586.9376191543356,0.991438097671575,1586.8931741262154,1.0005928608653432
1586.9390080612602,1.0053557373592006,1586.9390080612602,0.9997341908482169,1586.9390080612602,1.0050885046034128,1586.894563033141,0.9934607560333718
1586.9403969681853,1.002521140996846,1586.9403969681853,0.999842795627465,1586.9403969681853,1.0023635402899225,1586.895951940532,1.00451430998348
1586.9417858755755,1.00214184470968,1586.9417858755755,0.9999432687357219,1586.9417858755755,1.0020849919358437,1586.897340847457,1.0071387779378265
1586.9431747825006,1.0041761429127676,1586.9431747825006,0.9999044145971185,1586.9431747825006,1.0040801583315833,1586.8987297548474,0.9858352103878056
1586.9445636894252,1.0124981056719813,1586.9445636894252,0.999776954168778,1586.9445636894252,1.012272272190391,1586.900118661772,0.9944583392312416
1586.945952596816,1.0114189989629807,1586.945952596816,0.9997474376126355,1586.945952596816,1.0111635525659768,1586.9015075686975,1.0031525658660918
1586.9473415037414,1.0014558332376355,1586.9473415037414,0.9997455425057513,1586.9473415037414,1.0012010052957092,1586.9028964760887,0.996738634831995
1586.9487304111326,1.0155452720462816,1586.9487304111326,0.99966608194597,1586.9487304111326,1.0152061631452605,1586.9042853830138,1.0085088865012632
1586.9501193180572,1.0026069512484268,1586.9501193180572,0.9996444115118512,1586.9501193180572,1.002250435758425,1586.905674290404,1.0087677538058153
1586.9515082249825,0.9933847626240682,1586.9515082249825,0.9996710322302037,1586.9515082249825,0.993057971054158,1586.907063197329,1.0007947146295484
1586.9528971323723,0.9836713304923236,1586.9528971323723,0.9996778854031627,1586.9528971323723,0.9833544755982816,1586.9084521047191,0.9982304583860968
1586.9542860392976,1.000753858985522,1586.9542860392976,0.9997263496552145,1586.9542860392976,1.000480002346965,1586.9098410116449,1.0006626055846024
1586.955674946223,0.9884188754971845,1586.955674946223,0.9998564759339729,1586.955674946223,0.9882770136012352,1586.911229919036,0.9981518571945508
1586.9570638536145,1.0250159264499523,1586.9570638536145,0.999756220366308,1586.9570638536145,1.0247660484428738,1586.912618825961,1.02629145278773
1586.9584527605389,1.0087936315805952,1586.9584527605389,0.9996984714155435,1586.9584527605389,1.008489451464856,1586.914007733351,1.001402121020557
1586.9598416674637,1.006333679212561,1586.9598416674637,0.999631734504694,1586.9598416674637,1.0059630812417426,1586.915396640275,0.9981832238672332
1586.9612305743883,1.0046582627364218,1586.9612305743883,0.9997626224729403,1586.9612305743883,1.0044197794424734,1586.9167855476662,1.0090110607805856
1586.9626194817788,0.9988965779769993,1586.9626194817788,0.9998407992852266,1586.9626194817788,0.9987375529278006,1586.9181744545915,0.9899795473918288
1586.9640083887043,1.0160308839291232,1586.9640083887043,0.9999399284412278,1586.9640083887043,1.015969849370165,1586.9195633615163,1.0006208448576386
1586.9653972956298,0.9984031397426342,1586.9653972956298,0.9998351738720992,1586.9653972956298,0.9982385768190264,1586.9209522689066,1.0084891439484571
1586.9667862030203,1.0000984437176126,1586.9667862030203,0.999871032600012,1586.9667862030203,0.9999694636215942,1586.9223411758317,0.9998968282481858
1586.9681751099447,0.9906049154699044,1586.9681751099447,0.9999559778534816,1586.9681751099447,0.9905613069151736,1586.923730083222,0.9911073330329718
1586.9695640168688,0.9943305659029026,1586.9695640168688,0.9999533933097514,1586.9695640168688,0.9942842234462128,1586.9251189901474,1.0002290689655036
1586.97095292426,0.9790427141081915,1586.97095292426,1.000041411083824,1586.97095292426,0.9790832573280928,1586.926507897073,0.9901872439676124
1586.9723418311855,1.0025194785466216,1586.9723418311855,1.0000924251369812,1586.9723418311855,1.0026121365467526,1586.9278968044637,1.003947126737441
1586.97373073811,1.0084965007058362,1586.97373073811,1.0000760718812736,1586.97373073811,1.0085732189319028,1586.9292857113885,0.9880677179401776
1586.9751196450352,0.9952188351001742,1586.9751196450352,1.0001560339910844,1586.9751196450352,0.9953741230670172,1586.930674618779,0.9914957262447196
1586.9765085524257,0.9906974321243904,1586.9765085524257,1.0002032959646712,1586.9765085524257,0.9908988369145514,1586.9320635257045,0.9918772925924128
1586.97789745935,1.014895612128157,1586.97789745935,1.0002944789497321,1586.97789745935,1.0151944775221042,1586.93345243263,1.0063344995482737
1586.9792863662756,0.9972777597690794,1586.9792863662756,1.0003134873723876,1586.9792863662756,0.99759039375353,1586.9348413400205,1.00599850713089
1586.980675273201,0.9877617407109152,1586.980675273201,1.0003293195572407,1586.980675273201,0.9880870299700254,1586.9362302469451,1.0129599403614995
1586.9820641805918,0.9929705546757047,1586.9820641805918,1.000425848746801,1586.9820641805918,0.9933934099420236,1586.9376191543356,0.991438097671575
1586.9834530875164,0.9979698627492227,1586.9834530875164,1.0003324914381018,1586.9834530875164,0.9983016791840704,1586.9390080612602,1.0050885046034128
1586.9848419944417,0.9953155105354047,1586.9848419944417,1.0002846790920998,1586.9848419944417,0.9955988560512968,1586.9403969681853,1.0023635402899225
1586.986230901367,1.0101499795966042,1586.986230901367,1.0002789753525327,1586.986230901367,1.010431786543273,1586.9417858755755,1.0020849919358437
1586.9876198087582,1.0010954352388208,1586.9876198087582,1.0003514442047212,1586.9876198087582,1.0014472644279084,1586.9431747825006,1.0040801583315833
1586.9890087156828,0.9882226552280938,1586.9890087156828,1.0003742782017844,1586.9890087156828,0.9885925254264551,1586.9445636894252,1.012272272190391
1586.9903976226078,0.9944191096550302,1586.9903976226078,1.0003778844548183,1586.9903976226078,0.9947948851781432,1586.945952596816,1.0111635525659768
1586.9917865295324,1.0064290808655392,1586.9917865295324,1.0003546342870173,1586.9917865295324,1.0067859951250655,1586.9473415037414,1.0012010052957092
1586.9931754369231,0.9919612113524456,1586.9931754369231,1.0002882173798253,1586.9931754369231,0.99224711181367,1586.9487304111326,1.0152061631452605
1586.9945643438475,1.0037094855647026,1586.9945643438475,1.000363052693618,1586.9945643438475,1.0040738849970468,1586.9501193180572,1.002250435758425
1586.9959532507728,1.0078524309778376,1586.9959532507728,1.000236377086235,1586.9959532507728,1.008090664198827,1586.9515082249825,0.993057971054158
1586.9973421576974,1.0003008120131827,1586.9973421576974,1.0002465852558828,1586.9973421576974,1.0005474714448728,1586.9528971323723,0.9833544755982816
1586.998731064622,0.9965425248168108,1586.998731064622,1.0002406709609757,1586.998731064622,0.9967823636639116,1586.9542860392976,1.000480002346965
1587.0001199720127,0.9952663160785349,1587.0001199720127,1.0002464951521868,1587.0001199720127,0.995511644400583,1586.955674946223,0.9882770136012352
1587.0015088789382,1.0091789479323978,1587.0015088789382,1.000352698877358,1587.0015088789382,1.0095348842143868,1586.9570638536145,1.0247660484428738
1587.0028977858638,1.007432767553624,1587.0028977858638,1.0003753895455747,1587.0028977858638,1.007810947282433,1586.9584527605389,1.008489451464856
1587.0042866927884,0.9901951043009679,1587.0042866927884,1.0004362267783424,1587.0042866927884,0.9906270539212476,1586.9598416674637,1.0059630812417426
1587.0056755997134,0.9942479720824168,1587.0056755997134,1.0003526229236013,1587.0056755997134,0.9945985667091172,1586.9612305743883,1.0044197794424734
1587.007064506638,1.0127412106772393,1587.007064506638,1.0002926185092558,1587.007064506638,1.0130375575005697,1586.9626194817788,0.9987375529278006
1587.0084534140287,1.0033085441136,1587.0084534140287,1.0002809341182513,1587.0084534140287,1.0035904077147746,1586.9640083887043,1.015969849370165
1587.0098423209542,0.988545844893604,1587.0098423209542,1.0003008756811937,1587.0098423209542,0.9888432742980776,1586.9653972956298,0.9982385768190264
1587.0112312278798,1.0183006172679407,1587.0112312278798,1.0003262912811326,1587.0112312278798,1.0186328798809272,1586.9667862030203,0.9999694636215942
1587.0126201348044,1.005607137469655,1587.0126201348044,1.0001942694133015,1587.0126201348044,1.005802496178263,1586.9681751099447,0.9905613069151736
1587.0140090417294,1.0039419506494014,1587.0140090417294,1.0001989268023144,1587.0140090417294,1.0041416616113534,1586.9695640168688,0.9942842234462128
1587.015397948654,1.0060790603754037,1587.015397948654,1.0002178280479508,1587.015397948654,1.0062982126132094,1586.97095292426,0.9790832573280928
1587.0167868560452,0.9992421622964089,1587.0167868560452,1.0001915068764007,1587.0167868560452,0.9994335240416782,1586.9723418311855,1.0026121365467526
1587.0181757629707,0.9995329697886023,1587.0181757629707,1.00016288030804,1587.0181757629707,0.9996957740266176,1586.97373073811,1.0085732189319028
1587.019564669895,0.9902591124868954,1587.019564669895,1.0001655476362579,1587.019564669895,0.9904230475422504,1586.9751196450352,0.9953741230670172
1587.0209535768197,1.0048641098041964,1587.0209535768197,1.0001632047327416,1587.0209535768197,1.0050281083826786,1586.9765085524257,0.9908988369145514
1587.0223424837436,1.0109803557078874,1587.0223424837436,1.0001049196897438,1587.0223424837436,1.0110864274531453,1586.97789745935,1.0151944775221042
1587.023731390669,0.9923012356310221,1587.023731390669,1.0002253599875315,1587.023731390669,0.9925248606251114,1586.9792863662756,0.99759039375353
1587.0251202975942,1.0010683315451199,1587.0251202975942,1.0002719341765285,1587.0251202975942,1.0013405562375073,1586.980675273201,0.9880870299700254
1587.0265092049854,0.9973071952102582,1587.0265092049854,1.000202189651559,1587.0265092049854,0.997508840404555,1586.9820641805918,0.9933934099420236
1587.02789811191,1.0087840461540136,1587.02789811191,1.000247352074925,1587.02789811191,1.0090335709809812,1586.9834530875164,0.9983016791840704
1587.029287018835,0.9988027179689345,1587.029287018835,1.0002012005442273,1587.029287018835,0.9990036776193656,1586.9848419944417,0.9955988560512968
1587.0306759257596,1.005364874317387,1587.0306759257596,1.0001495989647065,1587.0306759257596,1.0055152758617372,1586.986230901367,1.010431786543273
1587.0320648326851,1.0057507712973728,1587.0320648326851,1.0000708141843981,1587.0320648326851,1.00582199271795,1586.9876198087582,1.0014472644279084
1587.0334537396106,0.9968088757138331,1587.0334537396106,1.000050960193059,1587.0334537396106,0.9968596732865824,1586.9890087156828,0.9885925254264551
1587.0348426465357,1.002760381634094,1587.0348426465357,0.9999917591253742,1587.0348426465357,1.002752118011509,1586.9903976226078,0.9947948851781432
1587.0362315534603,0.9997905679599052,1587.0362315534603,1.0000921953458726,1587.0362315534603,0.9998827439971184,1586.9917865295324,1.0067859951250655
1587.0376204603851,0.9879335749806344,1587.0376204603851,1.0000323766826589,1587.0376204603851,0.9879655609924796,1586.9931754369231,0.99224711181367
1587.03900936731,1.013658545907677,1587.03900936731,0.9999710683091084,1587.03900936731,1.0136292190519571,1586.9945643438475,1.0040738849970468
1587.0403982742357,1.0014377713262081,1587.0403982742357,1.0000638317288673,1587.0403982742357,1.0015016948305049,1586.9959532507728,1.008090664198827
1587.041787181627,1.008635233575158,1587.041787181627,1.0000169323596482,1587.041787181627,1.0086523121496869,1586.9973421576974,1.0005474714448728
1587.0431760885513,1.00392298026465,1587.0431760885513,1.0000097778502908,1587.0431760885513,1.0039327964732545,1586.998731064622,0.9967823636639116
1587.0445649954763,1.0125731314924564,1587.0445649954763,0.9999749291076506,1587.0445649954763,1.012547745380481,1587.0001199720127,0.995511644400583
1587.045953902401,0.9924743195646838,1587.045953902401,0.9998348361535415,1587.045953902401,0.9923103986885532,1587.0015088789382,1.0095348842143868
1587.047342809326,1.0077060406029734,1587.047342809326,0.9998425782242407,1587.047342809326,1.0075474057286185,1587.0028977858638,1.007810947282433
1587.0487317162506,1.0000630070935137,1587.0487317162506,0.9999845666657979,1587.0487317162506,1.000047572786902,1587.0042866927884,0.9906270539212476
1587.0501206231756,1.0172296585760694,1587.0501206231756,1.0000297101908275,1587.0501206231756,1.017259880663341,1587.0056755997134,0.9945985667091172
1587.0515095301002,0.9969579760359119,1587.0515095301002,1.0001780811876797,1587.0515095301002,0.997135515496351,1587.007064506638,1.0130375575005697
1587.0528984370253,1.0078598340093818,1587.0528984370253,1.000130659937039,1587.0528984370253,1.0079915209118375,1587.0084534140287,1.0035904077147746
1587.05428734395,1.0131991123308564,1587.05428734395,1.0001317982856721,1587.05428734395,1.013332650236906,1587.0098423209542,0.9888432742980776
1587.0556762508754,0.9941398886378301,1587.0556762508754,1.000249182056275,1587.0556762508754,0.994387610459506,1587.0112312278798,1.0186328798809272
1587.057065157801,1.0072194225937463,1587.057065157801,1.0003444394907992,1587.057065157801,1.0075663487387876,1587.0126201348044,1.005802496178263
1587.0584540647255,0.9976391000027535,1587.0584540647255,1.0002862398600114,1587.0584540647255,0.9979246640790802,1587.0140090417294,1.0041416616113534
1587.0598429716506,0.99017667439237,1587.0598429716506,1.0002832282097993,1587.0598429716506,0.9904571203592432,1587.015397948654,1.0062982126132094
1587.0612318785752,1.0069510563626263,1587.0612318785752,1.0001949156613401,1587.0612318785752,1.0071473268937143,1587.0167868560452,0.9994335240416782
1587.0626207855007,1.000598419266554,1587.0626207855007,1.0003357683810836,1587.0626207855007,1.000934388577906,1587.0181757629707,0.9996957740266176
1587.0640096924262,1.0035068855608442,1587.0640096924262,1.0002884849541598,1587.0640096924262,1.0037963821987244,1587.019564669895,0.9904230475422504
1587.0653985993513,1.0013168376668684,1587.0653985993513,1.0002767476515597,1587.0653985993513,1.0015939497501598,1587.0209535768197,1.0050281083826786
1587.066787506276,1.0030871564492103,1587.066787506276,1.0002572435380737,1587.066787506276,1.0033451941383316,1587.0223424837436,1.0110864274531453
1587.068176413201,0.9895060310583715,1587.068176413201,1.000161047608999,1587.068176413201,0.9896653886387636,1587.023731390669,0.9925248606251114
1587.0695653201255,0.9876063643844872,1587.0695653201255,1.0000825944486105,1587.0695653201255,0.9876879351875978,1587.0251202975942,1.0013405562375073
1587.070954227051,1.014681782796404,1587.070954227051,0.9999696966528137,1587.070954227051,1.0146510345420563,1587.0265092049854,0.997508840404555
1587.0723431339766,0.9919154874739237,1587.0723431339766,0.9999066817869097,1587.0723431339766,0.991822923693096,1587.02789811191,1.0090335709809812
1587.0737320409007,0.9928105528877055,1587.0737320409007,0.9997654527899665,1587.0737320409007,0.9925776919424338,1587.029287018835,0.9990036776193656
1587.0751209478249,0.9942382902719125,1587.0751209478249,0.9997047956917147,1587.0751209478249,0.993944786845162,1587.0306759257596,1.0055152758617372
1587.0765098547497,1.0044617779694391,1587.0765098547497,0.9997351880601908,1587.0765098547497,1.0041957844975509,1587.0320648326851,1.00582199271795
1587.077898761675,1.0089189214987744,1587.077898761675,0.9997455619915789,1587.077898761675,1.00866221417773,1587.0334537396106,0.9968596732865824
1587.0792876686005,1.009280274501358,1587.0792876686005,0.9997991354032543,1587.0792876686005,1.0090775458260168,1587.0348426465357,1.002752118011509
1587.0806765755256,0.9929684338190912,1587.0806765755256,0.9999001430217813,1587.0806765755256,0.9928692789918234,1587.0362315534603,0.9998827439971184
1587.0820654824502,0.989222608050971,1587.0820654824502,0.9998418496850625,1587.0820654824502,0.9890661621839644,1587.0376204603851,0.9879655609924796
1587.0834543893752,0.998393968303606,1587.0834543893752,0.9998041939062174,1587.0834543893752,0.9981984766806165,1587.03900936731,1.0136292190519571
1587.0848432962998,1.006906156104071,1587.0848432962998,0.9996998621119826,1587.0848432962998,1.0066039454169462,1587.0403982742357,1.0015016948305049
1587.086232203225,1.0121070673192056,1587.086232203225,0.9996042886083187,1587.086232203225,1.0117065650230663,1587.041787181627,1.0086523121496869
1587.0876211101508,1.007070848442601,1587.0876211101508,0.9996061187941536,1587.0876211101508,1.0066741821624436,1587.0431760885513,1.0039327964732545
1587.089010017076,0.9931675530048211,1587.089010017076,0.999509993497612,1587.089010017076,0.992680894445888,1587.0445649954763,1.012547745380481
1587.0903989240005,0.9703721271994488,1587.0903989240005,0.9995902307983598,1587.0903989240005,0.9699744985875924,1587.045953902401,0.9923103986885532
1587.0917878309256,1.000512318489331,1587.0917878309256,0.9995331563455757,1587.0917878309256,1.0000452356622709,1587.047342809326,1.0075474057286185
1587.0931767373854,0.9919243215581023,1587.0931767373854,0.9996428161466349,1587.0931767373854,0.9915700222066816,1587.0487317162506,1.000047572786902
1587.094565644311,1.0088690231431305,1587.094565644311,0.9996866785615371,1587.094565644311,1.0085529228495786,1587.0501206231756,1.017259880663341
1587.0959545512355,1.000233209274192,1587.0959545512355,0.9997633709745842,1587.0959545512355,0.9999965250646928,1587.0515095301002,0.997135515496351
1587.0973434581604,0.9945063981532327,1587.0973434581604,0.999692491503247,1587.0973434581604,0.9942005789857254,1587.0528984370253,1.0079915209118375
1587.0987323650852,1.0121650044424744,1587.0987323650852,0.9996173745159986,1587.0987323650852,1.0117777243177604,1587.05428734395,1.013332650236906
1587.1001212720091,0.9993633914217539,1587.1001212720091,0.9995975312162102,1587.1001212720091,0.9989611788530444,1587.0556762508754,0.994387610459506
1587.101510178934,1.0062561422823055,1587.101510178934,0.9996763057948822,1587.101510178934,1.0059304230001846,1587.057065157801,1.0075663487387876
1587.1028990858597,0.9991883939057509,1587.1028990858597,0.999557102506514,1587.1028990858597,0.9987458558705696,1587.0584540647255,0.9979246640790802
1587.1042879927843,0.9924933058107878,1587.1042879927843,0.9995867979811008,1587.1042879927843,0.9920832055730828,1587.0598429716506,0.9904571203592432
1587.1056768997091,1.003299691165388,1587.1056768997091,0.9996670035157602,1587.1056768997091,1.002965595895591,1587.0612318785752,1.0071473268937143
1587.1070658061683,0.9927939798246089,1587.1070658061683,0.9996899610908929,1587.1070658061683,0.992486175062136,1587.0626207855007,1.000934388577906
1587.1084547130931,0.9978122983791465,1587.1084547130931,0.9996341152925114,1587.1084547130931,0.9974472141182256,1587.0640096924262,1.0037963821987244
1587.1098436200186,0.9876678885296891,1587.1098436200186,0.999671578156412,1587.1098436200186,0.9873435168208856,1587.0653985993513,1.0015939497501598
1587.111232526944,1.006135103661103,1587.111232526944,0.9995518710278599,1587.111232526944,1.0056842253712652,1587.066787506276,1.0033451941383316
1587.1126214338692,1.0126610904885651,1587.1126214338692,0.9994670010018166,1587.1126214338692,1.0121213431418354,1587.068176413201,0.9896653886387636
1587.1140103407938,0.9897496892506453,1587.1140103407938,0.9995429170160711,1587.1140103407938,0.98929729150934,1587.0695653201255,0.9876879351875978
1587.1153992477189,0.9936265533104764,1587.1153992477189,0.9995974943887552,1587.1153992477189,0.9932266130472872,1587.070954227051,1.0146510345420563
1587.1167881541787,0.9945747419821283,1587.1167881541787,0.9995019117820727,1587.1167881541787,0.9940793560212988,1587.0723431339766,0.991822923693096
1587.118177061104,1.000877696923196,1587.118177061104,0.9995002181134164,1587.118177061104,1.0003774763795883,1587.0737320409007,0.9925776919424338
1587.1195659680288,0.9930173071508505,1587.1195659680288,0.9994620982478586,1587.1195659680288,0.9924831614014272,1587.0751209478249,0.993944786845162
1587.1209548749534,0.991857816175885,1587.1209548749534,0.9994615628442981,1587.1209548749534,0.9913237630744826,1587.0765098547497,1.0041957844975509
1587.1223437818785,1.0027209145191702,1587.1223437818785,0.9994156694964776,1587.1223437818785,1.0021349941022968,1587.077898761675,1.00866221417773
1587.123732688803,0.9980691291209475,1587.123732688803,0.9995061653472855,1587.123732688803,0.997576247999183,1587.0792876686005,1.0090775458260168
1587.125121595263,1.006708685656644,1587.125121595263,0.999568191531614,1587.125121595263,1.00627398032098,1587.0806765755256,0.9928692789918234
1587.126510502188,1.0008976950631967,1587.126510502188,0.999546058829773,1587.126510502188,1.0004433463922222,1587.0820654824502,0.9890661621839644
1587.1278994091122,0.9994905958194723,1587.1278994091122,0.9995140027932,1587.1278994091122,0.9990048461816812,1587.0834543893752,0.9981984766806165
1587.1292883160368,0.9885110137953058,1587.1292883160368,0.9995621290086536,1587.1292883160368,0.9880781734977384,1587.0848432962998,1.0066039454169462
1587.1306772229618,0.9941200795704443,1587.1306772229618,0.9995954429121603,1587.1306772229618,0.9937179012460904,1587.086232203225,1.0117065650230663
1587.132066129887,1.0030220757259092,1587.132066129887,0.9994543729234603,1587.132066129887,1.002474799723026,1587.0876211101508,1.0066741821624436
1587.1334550363472,0.9949497288584984,1587.1334550363472,0.9993755618639707,1587.1334550363472,0.9943284443043672,1587.089010017076,0.992680894445888
1587.1348439432718,0.9951127220020691,1587.1348439432718,0.9995125534716862,1587.1348439432718,0.9946276577604484,1587.0903989240005,0.9699744985875924
1587.1362328501966,0.9851992178553403,1587.1362328501966,0.9994150435722673,1587.1362328501966,0.9846229192402586,1587.0917878309256,1.0000452356622709
1587.1376217571217,1.0177277371698676,1587.1376217571217,0.9993933829676648,1587.1376217571217,1.0171103661902203,1587.0931767373854,0.9915700222066816
1587.139010664046,0.9991963944731971,1587.139010664046,0.999424331639002,1587.139010664046,0.9986211887224756,1587.094565644311,1.0085529228495786
1587.140399570506,0.9971203210262685,1587.140399570506,0.9993992928746208,1587.140399570506,0.9965213437445676,1587.0959545512355,0.9999965250646928
1587.1417884774314,0.9978272765113565,1587.1417884774314,0.9993554260951494,1587.1417884774314,0.9971841030873692,1587.0973434581604,0.9942005789857254
1587.1431773843565,0.9945112523506576,1587.1431773843565,0.999361206146178,1587.1431773843565,0.9938759646750992,1587.0987323650852,1.0117777243177604
1587.144566291281,1.0047911547914024,1587.144566291281,0.9994211184486557,1587.144566291281,1.0042094997289397,1587.1001212720091,0.9989611788530444
1587.1459551977405,1.0005857388775719,1587.1459551977405,0.9994135898015635,1587.1459551977405,0.9999989851958838,1587.101510178934,1.0059304230001846
1587.147344104666,1.0066761295729725,1587.147344104666,0.9993104978844036,1587.147344104666,1.0059820242519115,1587.1028990858597,0.9987458558705696
1587.1487330115915,1.0014107389034208,1587.1487330115915,0.9993015625915828,1587.1487330115915,1.00071131618218,1587.1042879927843,0.9920832055730828
1587.150121918516,0.9948967864480841,1587.150121918516,0.999217260650132,1587.150121918516,0.994118041584274,1587.1056768997091,1.002965595895591
1587.1515108249755,1.0030435563844182,1587.1515108249755,0.9991686943284831,1587.1515108249755,1.0022097205872174,1587.1070658061683,0.992486175062136
1587.1528997318997,1.0032222584869879,1587.1528997318997,0.9991345375383321,1587.1528997318997,1.0023540072815578,1587.1084547130931,0.9974472141182256
1587.1542886388238,1.002572445863243,1587.1542886388238,0.9990726615158221,1587.1542886388238,1.0016427218510175,1587.1098436200186,0.9873435168208856
1587.1556775457493,0.9875884999966213,1587.1556775457493,0.9990114114578245,1587.1556775457493,0.9866121813211404,1587.111232526944,1.0056842253712652
1587.157066452209,0.9968533277881088,1587.157066452209,0.9989771291460576,1587.157066452209,0.9958336755734588,1587.1126214338692,1.0121213431418354
1587.1584553591338,0.9943427378729239,1587.1584553591338,0.998930595084479,1587.1584553591338,0.99327938286133,1587.1140103407938,0.98929729150934
1587.1598442660584,1.0140721133914512,1587.1598442660584,0.9988665066297425,1587.1598442660584,1.012922669373959,1587.1153992477189,0.9932266130472872
1587.1612331729834,0.981714005576599,1587.1612331729834,0.998864231423571,1587.1612331729834,0.9805990056580248,1587.1167881541787,0.9940793560212988
1587.1626220794433,0.9944386557175836,1587.1626220794433,0.9990160129924721,1587.1626220794433,0.993460141000574,1587.118177061104,1.0003774763795883
1587.1640109863688,1.0166527269116525,1587.1640109863688,0.9990171172651452,1587.1640109863688,1.015653476499028,1587.1195659680288,0.9924831614014272
1587.1653998932934,1.0033534297207616,1587.1653998932934,0.9990012820502214,1587.1653998932934,1.0023513626405276,1587.1209548749534,0.9913237630744826
1587.1667887997528,0.987873140013115,1587.1667887997528,0.9989438319092929,1587.1667887997528,0.9868297799249666,1587.1223437818785,1.0021349941022968
1587.1681777066774,0.9975687266467007,1587.1681777066774,0.9989569695731175,1587.1681777066774,0.9965282321119018,1587.123732688803,0.997576247999183
1587.1695666136025,0.98628109480648,1587.1695666136025,0.9989545697153522,1587.1695666136025,0.9852500066807938,1587.125121595263,1.00627398032098
1587.1709555200623,1.0020665588707542,1587.1709555200623,0.99901040974794,1587.1709555200623,1.0010749235721803,1587.126510502188,1.0004433463922222
1587.1723444269878,1.0126278579793309,1587.1723444269878,0.9989715171701741,1587.1723444269878,1.0115863876143958,1587.1278994091122,0.9990048461816812
1587.1737333339124,1.0066959546861827,1587.1737333339124,0.9990081964650406,1587.1737333339124,1.0056975100796957,1587.1292883160368,0.9880781734977384
1587.1751222403718,1.0127916730917828,1587.1751222403718,0.9989010271437814,1587.1751222403718,1.0116786425340507,1587.1306772229618,0.9937179012460904
1587.1765111472964,0.9997112272304228,1587.1765111472964,0.9989530189646776,1587.1765111472964,0.9986645485347136,1587.132066129887,1.002474799723026
1587.177900054222,0.9849229012071927,1587.177900054222,0.9988757759456721,1587.177900054222,0.9838156271899972,1587.1334550363472,0.9943284443043672
1587.1792889606809,1.0076517505964722,1587.1792889606809,0.9988059128892569,1587.1792889606809,1.006448526628967,1587.1348439432718,0.9946276577604484
1587.180677867605,1.0051155323144045,1587.180677867605,0.9988940196285928,1587.180677867605,1.0040038942646683,1587.1362328501966,0.9846229192402586
1587.18206677453,1.0004459767547316,1587.18206677453,0.9988868708214633,1587.18206677453,0.9993323511464564,1587.1376217571217,1.0171103661902203
1587.183455680989,1.0067569686243094,1587.183455680989,0.9988336572765232,1587.183455680989,1.0055827449596448,1587.139010664046,0.9986211887224756
1587.184844587914,1.000873659305817,1587.184844587914,0.9989024743185089,1587.184844587914,0.9997751747608008,1587.140399570506,0.9965213437445676
1587.1862334948396,1.0112297861271669,1587.1862334948396,0.9987854852186377,1587.1862334948396,1.0100016326045616,1587.1417884774314,0.9971841030873692
1587.1876224012994,1.0011443945391936,1587.1876224012994,0.9988167671526856,1587.1876224012994,0.9999598076066702,1587.1431773843565,0.9938759646750992
1587.189011308224,1.0022483125417339,1587.189011308224,0.9988104041069232,1587.189011308224,1.0010560420652912,1587.144566291281,1.0042094997289397
1587.190400215149,1.001189647072803,1587.190400215149,0.9987810206908393,1587.190400215149,0.9999692176084752,1587.1459551977405,0.9999989851958838
1587.191789121608,0.9928486032511171,1587.191789121608,0.9987850582823242,1587.191789121608,0.9916423500636912,1587.147344104666,1.0059820242519115
1587.1931780285336,1.0013902193491317,1587.1931780285336,0.9988812431116122,1587.1931780285336,1.0002699071432708,1587.1487330115915,1.00071131618218
1587.1945669349934,0.9966438950764174,1587.1945669349934,0.9990117946616932,1587.1945669349934,0.995659006258912,1587.150121918516,0.994118041584274
1587.1959558419185,0.9942180974689824,1587.1959558419185,0.9989984811677296,1587.1959558419185,0.9932223693209832,1587.1515108249755,1.0022097205872174
1587.197344748843,0.9826146285681526,1587.197344748843,0.9990212819145691,1587.197344748843,0.981652925860164,1587.1528997318997,1.0023540072815578
1587.198733655302,0.9961797074611454,1587.198733655302,0.9991250801368534,1587.198733655302,0.995308130047824,1587.1542886388238,1.0016427218510175
1587.200122562227,0.9978394134341231,1587.200122562227,0.9992166078267135,1587.200122562227,0.997057713847442,1587.1556775457493,0.9866121813211404
1587.201511468687,0.9817089133008368,1587.201511468687,0.9991825960461708,1587.201511468687,0.9809064605535952,1587.157066452209,0.9958336755734588
1587.2029003756124,1.0081077473175726,1587.2029003756124,0.9991854883593904,1587.2029003756124,1.0072866318223936,1587.1584553591338,0.99327938286133
1587.2042892825366,1.0036585611690736,1587.2042892825366,0.9991360796469452,1587.2042892825366,1.002791480110562,1587.1598442660584,1.012922669373959
1587.205678188995,0.9963922324387833,1587.205678188995,0.99917072753554,1587.205678188995,0.99556595179662,1587.1612331729834,0.9805990056580248
1587.2070670959197,1.0038018906174293,1587.2070670959197,0.9991699362537186,1587.2070670959197,1.002968671059579,1587.1626220794433,0.993460141000574
1587.2084560023795,0.9938200248514125,1587.2084560023795,0.9992087625796418,1587.2084560023795,0.9930336772586488,1587.1640109863688,1.015653476499028
1587.209844909305,0.9932598116810515,1587.209844909305,0.9991079226161024,1587.209844909305,0.9923737470667164,1587.1653998932934,1.0023513626405276
1587.21123381623,0.9998599821261704,1587.21123381623,0.9990858774232712,1587.21123381623,0.9989459875429412,1587.1667887997528,0.9868297799249666
1587.212622722689,0.9976603606496325,1587.212622722689,0.9990926958000116,1587.212622722689,0.9967551792142532,1587.1681777066774,0.9965282321119018
1587.214011629614,1.010036722294577,1587.214011629614,0.9992052035234112,1587.214011629614,1.009233948666472,1587.1695666136025,0.9852500066807938
1587.215400536073,0.993367113982934,1587.215400536073,0.9992726692257674,1587.215400536073,0.9926446075108236,1587.1709555200623,1.0010749235721803
1587.2167894429986,1.0058427440845454,1587.2167894429986,0.9992393800493453,1587.2167894429986,1.0050776800261734,1587.1723444269878,1.0115863876143958
1587.2181783494584,1.000283865342611,1587.2181783494584,0.9993509586642565,1587.2181783494584,0.9996346397665262,1587.1737333339124,1.0056975100796957
1587.219567256383,1.003774304530253,1587.219567256383,0.9992683488017324,1587.219567256383,1.0030398918575532,1587.1751222403718,1.0116786425340507
1587.2209561628424,0.9948926392607014,1587.2209561628424,0.999230822354389,1587.2209561628424,0.994127390082799,1587.1765111472964,0.9986645485347136
1587.222345069767,0.9988438559859164,1587.222345069767,0.9993416203603462,1587.222345069767,0.998186237527942,1587.177900054222,0.9838156271899972
1587.2237339762269,0.9931202584888249,1587.2237339762269,0.9992615081434012,1587.2237339762269,0.9923868472653076,1587.1792889606809,1.006448526628967
1587.2251228831524,1.0024364831663584,1587.2251228831524,0.9993215497782186,1587.2251228831524,1.0017563799120324,1587.180677867605,1.0040038942646683
1587.2265117896118,0.9938570146350117,1587.2265117896118,0.9993238068472299,1587.2265117896118,0.993184975326883,1587.18206677453,0.9993323511464564
1587.2279006965364,1.0019872652479211,1587.2279006965364,0.9993020926124804,1587.2279006965364,1.001287970933304,1587.183455680989,1.0055827449596448
1587.2292896034614,1.0015716369413865,1587.2292896034614,0.9993472945735014,1587.2292896034614,1.0009179056989277,1587.184844587914,0.9997751747608008
1587.23067850992,0.9972905407223767,1587.23067850992,0.9992737326245444,1587.23067850992,0.9965662411387995,1587.1862334948396,1.0100016326045616
1587.2320674168443,0.9902121414691,1587.2320674168443,0.9993923774169459,1587.2320674168443,0.989610466209929,1587.1876224012994,0.9999598076066702
1587.2334563233044,1.0005148312431642,1587.2334563233044,0.9994423113216325,1587.2334563233044,0.9999568554492412,1587.189011308224,1.0010560420652912
1587.2348452302294,0.9939231821946439,1587.2348452302294,0.9995775051810102,1587.2348452302294,0.9935032547996928,1587.190400215149,0.9999692176084752
1587.2362341366884,0.9885348239183077,1587.2362341366884,0.9995798628368826,1587.2362341366884,0.988119503701744,1587.191789121608,0.9916423500636912
1587.237623043147,1.0009283876713961,1587.237623043147,0.9995813404184134,1587.237623043147,1.0005093394114155,1587.1931780285336,1.0002699071432708
1587.2390119500728,1.0015394574169294,1587.2390119500728,0.9997059139534811,1587.2390119500728,1.001244918637465,1587.1945669349934,0.995659006258912
1587.2404008565327,0.9949944854645691,1587.2404008565327,0.999806689481979,1587.2404008565327,0.994802142565156,1587.1959558419185,0.9932223693209832
1587.2417897634575,0.9920751087470492,1587.2417897634575,0.9998619162906758,1587.2417897634575,0.9919381193361052,1587.197344748843,0.981652925860164
1587.2431786699167,0.9994492696006491,1587.2431786699167,0.9998939707360677,1587.2431786699167,0.9993432987302556,1587.198733655302,0.995308130047824
1587.2445675768415,1.0079541271482029,1587.2445675768415,1.0000172068291233,1587.2445675768415,1.0079714708426328,1587.200122562227,0.997057713847442
1587.2459564833007,0.995010792739362,1587.2459564833007,1.0000722266384945,1587.2459564833007,0.9950826590241872,1587.201511468687,0.9809064605535952
1587.2473453902262,1.008562814835352,1587.2473453902262,1.000061478915706,1587.2473453902262,1.0086248201836296,1587.2029003756124,1.0072866318223936
1587.248734296686,1.003142919433189,1587.248734296686,1.0001352415997002,1587.248734296686,1.003278586086341,1587.2042892825366,1.002791480110562
1587.250123203611,1.005105786366909,1587.250123203611,1.0001366398280742,1587.250123203611,1.0052431238487547,1587.205678188995,0.99556595179662
1587.25151211007,1.002775892630353,1587.25151211007,1.0001512743170782,1587.25151211007,1.002927586868693,1587.2070670959197,1.002968671059579
1587.252901016995,0.997673016804195,1587.252901016995,1.0002151845345393,1587.252901016995,0.9978877006079384,1587.2084560023795,0.9930336772586488
1587.254289923455,0.9983427001732507,1587.254289923455,1.000355957577369,1587.254289923455,0.9986980678221884,1587.209844909305,0.9923737470667164
1587.2556788299148,0.9840095830786156,1587.2556788299148,1.0004389825028428,1587.2556788299148,0.9844415460682168,1587.21123381623,0.9989459875429412
1587.2570677368387,0.9935002988430195,1587.2570677368387,1.0004793392564233,1587.2570677368387,0.9939765225375232,1587.212622722689,0.9967551792142532
1587.258456643297,1.0150278637820604,1587.258456643297,1.000567149015643,1587.258456643297,1.0156035358358546,1587.214011629614,1.009233948666472
1587.259845550222,0.9933739063162544,1587.259845550222,1.0006548664828754,1587.259845550222,0.994024433592464,1587.215400536073,0.9926446075108236
1587.261234456681,1.0022276547534135,1587.261234456681,1.0006862257917386,1587.261234456681,1.002915409219299,1587.2167894429986,1.0050776800261734
1587.2626233636065,1.0093930359106331,1587.2626233636065,1.000685007313484,1587.2626233636065,1.0100844775224118,1587.2181783494584,0.9996346397665262
1587.2640122700664,1.0021719739992598,1587.2640122700664,1.0007278316408514,1587.2640122700664,1.002901386471511,1587.219567256383,1.0030398918575532
1587.2654011765258,0.9931651886665662,1587.2654011765258,1.0008484998802376,1587.2654011765258,0.994007889210206,1587.2209561628424,0.994127390082799
1587.2667900834504,0.9993427214584552,1587.2667900834504,1.0008224941809047,1587.2667900834504,1.0001646750315842,1587.222345069767,0.998186237527942
1587.2681789899098,0.9982019036695846,1587.2681789899098,1.0008259538045212,1587.2681789899098,0.9990263723296008,1587.2237339762269,0.9923868472653076
1587.2695678963687,1.003134713039325,1587.2695678963687,1.0008253253664299,1587.2695678963687,1.003962625563943,1587.2251228831524,1.0017563799120324
1587.2709568032942,0.9950536446602838,1587.2709568032942,1.0008268038549986,1587.2709568032942,0.9958763588496192,1587.2265117896118,0.993184975326883
1587.272345709754,0.9899524158905932,1587.272345709754,1.0008213964667838,1587.272345709754,0.9907655593072898,1587.2279006965364,1.001287970933304
1587.2737346166791,0.9910444270743431,1587.2737346166791,1.0008670150415229,1587.2737346166791,0.991903677499434,1587.2292896034614,1.0009179056989277
1587.275123523138,0.9832094965948813,1587.275123523138,1.000890716552943,1587.275123523138,0.9840852575685092,1587.23067850992,0.9965662411387995
1587.2765124295972,1.002321919085513,1587.2765124295972,1.0008503215572053,1587.2765124295972,1.003174215020571,1587.2320674168443,0.989610466209929
1587.2779013365223,0.9897148604060291,1587.2779013365223,1.0008474749978284,1587.2779013365223,0.9905536190052024,1587.2334563233044,0.9999568554492412
1587.2792902429824,0.9974792163795972,1587.2792902429824,1.0008984700855927,1587.2792902429824,0.9983754216165148,1587.2348452302294,0.9935032547996928
1587.2806791494418,1.0005011641283073,1587.2806791494418,1.0009848458226962,1587.2806791494418,1.0014865035204017,1587.2362341366884,0.988119503701744
1587.282068056366,0.9834306627262591,1587.282068056366,1.0010281028344123,1587.282068056366,0.984441730578056,1587.237623043147,1.0005093394114155
1587.2834569628244,0.9959046302038858,1587.2834569628244,1.0010334483914276,1587.2834569628244,0.9969338462419852,1587.2390119500728,1.001244918637465
1587.2848458692831,0.998619891060228,1587.2848458692831,1.001029515761915,1587.2848458692831,0.9996479859782362,1587.2404008565327,0.994802142565156
1587.2862347762089,1.007837355980483,1587.2862347762089,1.001097633160381,1587.2862347762089,1.0089435916826777,1587.2417897634575,0.9919381193361052
1587.2876236826687,1.007512610217479,1587.2876236826687,1.0012087914220078,1587.2876236826687,1.0087304828182746,1587.2431786699167,0.9993432987302556
1587.289012589128,0.9986531678709066,1587.289012589128,1.0011053521461462,1587.289012589128,0.9997570312932684,1587.2445675768415,1.0079714708426328
1587.2904014960527,0.9991032574465613,1587.2904014960527,1.001108908469942,1587.2904014960527,1.0002111715110904,1587.2459564833007,0.9950826590241872
1587.291790402512,1.004556634288471,1587.291790402512,1.0011841904659213,1587.291790402512,1.0057462206772736,1587.2473453902262,1.0086248201836296
1587.293179308972,1.007087594544687,1587.293179308972,1.001276690066413,1587.293179308972,1.00837333327265,1587.248734296686,1.003278586086341
1587.2945682158977,0.9979025125862683,1587.2945682158977,1.0013409497953694,1587.2945682158977,0.9992406497563194,1587.250123203611,1.0052431238487547
1587.2959571223564,1.000449759368362,1587.2959571223564,1.001286729795043,1587.2959571223564,1.0017370678821846,1587.25151211007,1.002927586868693
1587.2973460288154,1.003209349828632,1587.2973460288154,1.0012662085987083,1587.2973460288154,1.0044796221336896,1587.252901016995,0.9978877006079384
1587.2987349357404,0.9822954142230318,1587.2987349357404,1.0012817005144812,1587.2987349357404,0.983554422760814,1587.254289923455,0.9986980678221884
1587.3001238421994,1.0019157408345707,1587.3001238421994,1.0012802538436625,1587.3001238421994,1.0031984473128002,1587.2556788299148,0.9844415460682168
1587.3015127486592,0.9959872204238644,1587.3015127486592,1.0013595405832827,1587.3015127486592,0.9973413054704616,1587.2570677368387,0.9939765225375232
1587.302901655119,0.9961066642924054,1587.302901655119,1.0014038902280382,1587.302901655119,0.9975050887044892,1587.258456643297,1.0156035358358546
1587.304290562044,1.0044931096167589,1587.304290562044,1.0014180875750331,1587.304290562044,1.0059175688147128,1587.259845550222,0.994024433592464
1587.305679468503,1.0045481842580106,1587.305679468503,1.0014375114712986,1587.305679468503,1.0059922337963536,1587.261234456681,1.002915409219299
1587.3070683749625,0.9893810211818007,1587.3070683749625,1.0013859088505064,1587.3070683749625,0.9907522130955796,1587.2626233636065,1.0100844775224118
1587.308457281887,0.998399576444938,1587.308457281887,1.0012844765535434,1587.308457281887,0.9996819972919492,1587.2640122700664,1.002901386471511
1587.3098461883465,0.9903496244978299,1587.3098461883465,1.001232413973025,1587.3098461883465,0.9915701452132412,1587.2654011765258,0.994007889210206
1587.3112350948054,1.0039193026014952,1587.3112350948054,1.0011523235380433,1587.3112350948054,1.005076142444179,1587.2667900834504,1.0001646750315842
1587.3126240012648,1.0017211631601755,1587.3126240012648,1.0012316113606339,1587.3126240012648,1.002954894324911,1587.2681789899098,0.9990263723296008
1587.3140129081894,0.9965296782377706,1587.3140129081894,1.001251166390296,1587.3140129081894,0.9977765026781142,1587.2695678963687,1.003962625563943
1587.3154018146486,1.0029986927171302,1587.3154018146486,1.0012324506223693,1587.3154018146486,1.004234839080205,1587.2709568032942,0.9958763588496192
1587.3167907211082,1.001395513382977,1587.3167907211082,1.0012378364697703,1587.3167907211082,1.002635077270107,1587.272345709754,0.9907655593072898
1587.318179627568,1.0067227219431933,1587.318179627568,1.0012081530904293,1587.318179627568,1.0079389971109145,1587.2737346166791,0.991903677499434
1587.319568534493,1.0028673382618658,1587.319568534493,1.0012564519159282,1587.319568534493,1.0041273928504466,1587.275123523138,0.9840852575685092
1587.320957440952,0.9937872812874888,1587.320957440952,1.001376317772165,1587.320957440952,0.9951550483844764,1587.2765124295972,1.003174215020571
1587.3223463474114,1.004402993501441,1587.3223463474114,1.0013599953387093,1587.3223463474114,1.0057689768907885,1587.2779013365223,0.9905536190052024
1587.3237352538713,1.0090710748829965,1587.3237352538713,1.0013621323900344,1587.3237352538713,1.0104455632779414,1587.2792902429824,0.9983754216165148
1587.3251241603311,0.9965882154257236,1587.3251241603311,1.0013436776330078,1587.3251241603311,0.9979273087201104,1587.2806791494418,1.0014865035204017
1587.3265130672555,1.0091422994974606,1587.3265130672555,1.001388970642506,1587.3265130672555,1.0105439685255737,1587.282068056366,0.984441730578056
1587.3279019737151,0.9989220714698657,1587.3279019737151,1.0013947285115297,1587.3279019737151,1.000315296563741,1587.2834569628244,0.9969338462419852
1587.329290880174,0.9958882379925658,1587.329290880174,1.0014352285300463,1587.329290880174,0.9973175652044702,1587.2848458692831,0.9996479859782362
1587.3306797866337,0.9853601399476266,1587.3306797866337,1.001543780455609,1587.3306797866337,0.986881319673414,1587.2862347762089,1.0089435916826777
1587.332068693093,1.003155055312064,1587.332068693093,1.001543078236563,1587.332068693093,1.0047030020458143,1587.2876236826687,1.0087304828182746
1587.333457600018,0.9897295435589548,1587.333457600018,1.0016606002686281,1587.333457600018,0.991373088704858,1587.289012589128,0.9997570312932684
1587.3348465064764,1.002607318562634,1587.3348465064764,1.0016991084543536,1587.3348465064764,1.0043108571340007,1587.2904014960527,1.0002111715110904
1587.3362354129354,1.0068859894367617,1587.3362354129354,1.0016515630538887,1587.3362354129354,1.0085489251363935,1587.291790402512,1.0057462206772736
1587.3376243193948,1.0040736660614207,1587.3376243193948,1.0017495639632388,1587.3376243193948,1.0058303571639988,1587.293179308972,1.00837333327265
1587.3390132258546,1.0075767553296961,1587.3390132258546,1.0016723830850587,1587.3390132258546,1.009261809652208,1587.2945682158977,0.9992406497563194
1587.34040213278,0.9948755069496252,1587.34040213278,1.0016789805276158,1587.34040213278,0.9965458835531956,1587.2959571223564,1.0017370678821846
1587.341791039239,1.0039736352347595,1587.341791039239,1.001629634093252,1587.341791039239,1.005609744899464,1587.2973460288154,1.0044796221336896
1587.3431799456985,0.9949206356681889,1587.3431799456985,1.00170024609324,1587.3431799456985,0.9966122455920676,1587.2987349357404,0.983554422760814
1587.3445688521574,0.9941964241871735,1587.3445688521574,1.0017457265872352,1587.3445688521574,0.9959320193178112,1587.3001238421994,1.0031984473128002
1587.3459577586168,1.00958229475108,1587.3459577586168,1.0017415759598958,1587.3459577586168,1.011340559005155,1587.3015127486592,0.9973413054704616
1587.3473466650769,0.9954614676286929,1587.3473466650769,1.0017702780350164,1587.3473466650769,0.9972237111995412,1587.302901655119,0.9975050887044892
1587.3487355715365,1.0115169248366644,1587.3487355715365,1.0017768110173746,1587.3487355715365,1.013314199252975,1587.304290562044,1.0059175688147128
1587.350124478461,1.0045963063298329,1587.350124478461,1.0017386279013412,1587.350124478461,1.0063429254976022,1587.305679468503,1.0059922337963536
1587.3515133849205,0.994574051448192,1587.3515133849205,1.001786869687525,1587.3515133849205,0.9963512256727236,1587.3070683749625,0.9907522130955796
1587.3529022913797,0.9943173296876512,1587.3529022913797,1.0017274627216188,1587.3529022913797,0.9960349758081462,1587.308457281887,0.9996819972919492
1587.3542911978393,0.9947677896734051,1587.3542911978393,1.001638505484139,1587.3542911978393,0.9963977221522298,1587.3098461883465,0.9915701452132412
1587.3556801042992,1.003557457252229,1587.3556801042992,1.001626372990735,1587.3556801042992,1.0051896159953548,1587.3112350948054,1.005076142444179
1587.3570690107583,1.0138569791496381,1587.3570690107583,1.001736759210949,1587.3570690107583,1.0156178045967612,1587.3126240012648,1.002954894324911
1587.3584579172175,1.0084191347501732,1587.3584579172175,1.0017864095080027,1587.3584579172175,1.0102205842805427,1587.3140129081894,0.9977765026781142
1587.359846823676,1.0021887712081379,1587.359846823676,1.001895234315513,1587.359846823676,1.0040881537579534,1587.3154018146486,1.004234839080205
1587.3612357306,1.007841470861959,1587.3612357306,1.0018979741456868,1587.3612357306,1.009754327916606,1587.3167907211082,1.002635077270107
1587.36262463706,1.0066679307668986,1587.36262463706,1.0019097748369465,1587.36262463706,1.0085904398502383,1587.318179627568,1.0079389971109145
1587.3640135435198,1.0029681582727783,1587.3640135435198,1.00196309846888,1587.3640135435198,1.004937083528619,1587.319568534493,1.0041273928504466
1587.3654024499788,0.9952886383497077,1587.3654024499788,1.0019598668209955,1587.3654024499788,0.997239271529323,1587.320957440952,0.9951550483844764
1587.3667913564382,1.009387644829478,1587.3667913564382,1.0019652170558289,1587.3667913564382,1.01137131064504,1587.3223463474114,1.0057689768907885
1587.368180262897,1.0048196343781337,1587.368180262897,1.0019563781898335,1587.368180262897,1.0067854415955475,1587.3237352538713,1.0104455632779414
1587.369569169357,0.9961176879529194,1587.369569169357,1.0018440875467072,1587.369569169357,0.9979546161763282,1587.3251241603311,0.9979273087201104
1587.3709580758168,0.9990998549156119,1587.3709580758168,1.0019100569263713,1587.3709580758168,1.00100819251363,1587.3265130672555,1.0105439685255737
1587.3723469822762,1.0060404320062,1587.3723469822762,1.0018541534458199,1587.3723469822762,1.0079057853398383,1587.3279019737151,1.000315296563741
1587.3737358887352,1.0136746812435347,1587.3737358887352,1.001894825031078,1587.3737358887352,1.015595417402925,1587.329290880174,0.9973175652044702
1587.3751247951943,1.0000443404257446,1587.3751247951943,1.0019107948643267,1587.3751247951943,1.001955220015529,1587.3306797866337,0.986881319673414
1587.3765137016535,1.007066778189589,1587.3765137016535,1.0018358559142593,1587.3765137016535,1.0089156076903825,1587.332068693093,1.0047030020458143
1587.3779026081131,1.009978553884101,1587.3779026081131,1.0017984454669948,1587.3779026081131,1.011794945236096,1587.333457600018,0.991373088704858
1587.3792915145732,1.0010701049807882,1587.3792915145732,1.0017480420630689,1587.3792915145732,1.0028200176323754,1587.3348465064764,1.0043108571340007
1587.380680421032,1.0061058246101062,1587.380680421032,1.0017968618263824,1587.380680421032,1.007913657759649,1587.3362354129354,1.0085489251363935
1587.3820693279572,1.0014715369826774,1587.3820693279572,1.0018534013722566,1587.3820693279572,1.003327665703597,1587.3376243193948,1.0058303571639988
1587.383458234416,1.0013110002691672,1587.383458234416,1.0018289582876754,1587.383458234416,1.00314235632165,1587.3390132258546,1.009261809652208
1587.3848471408755,0.9951328385800261,1587.3848471408755,1.001931508583888,1587.3848471408755,0.9970549461998522,1587.34040213278,0.9965458835531956
1587.3862360473345,1.0033161545999367,1587.3862360473345,1.0018757286418625,1587.3862360473345,1.0051981034479631,1587.341791039239,1.005609744899464
1587.387624953794,1.0022204222650566,1587.387624953794,1.001850767821347,1587.387624953794,1.0040752995724815,1587.3431799456985,0.9966122455920676
1587.3890138602528,1.0094026757630226,1587.3890138602528,1.0018671269161306,1587.3890138602528,1.011287358668154,1587.3445688521574,0.9959320193178112
1587.3904027667122,0.9917643309145734,1587.3904027667122,1.0019119338257938,1587.3904027667122,0.9936605186860648,1587.3459577586168,1.011340559005155
1587.3917916731712,0.9925434666558525,1587.3917916731712,1.0019730676388257,1587.3917916731712,0.994501822050039,1587.3473466650769,0.9972237111995412
1587.393180579631,1.0020687938622856,1587.393180579631,1.0020650898169823,1587.393180579631,1.0041381559244065,1587.3487355715365,1.013314199252975
1587.3945694860909,0.9980582267534134,1587.3945694860909,1.002093353681289,1587.3945694860909,1.0001475156165285,1587.350124478461,1.0063429254976022
1587.39595839255,1.0028475420625227,1587.39595839255,1.0021905654587309,1587.39595839255,1.005044345248538,1587.3515133849205,0.9963512256727236
1587.3973472990092,1.0035835030829356,1587.3973472990092,1.0023135360156583,1587.3973472990092,1.0059053296620386,1587.3529022913797,0.9960349758081462
1587.398736205468,0.9948498203308027,1587.398736205468,1.0023168780302436,1587.398736205468,0.997154766022919,1587.3542911978393,0.9963977221522298
1587.400125111928,0.9975711011325632,1587.400125111928,1.002333239416592,1587.400125111928,0.9998986733465788,1587.3556801042992,1.0051896159953548
1587.4015140183878,0.999678213706648,1587.4015140183878,1.0023818363005264,1587.4015140183878,1.0020592835648998,1587.3570690107583,1.0156178045967612
1587.4029029248472,1.0124301427611333,1587.4029029248472,1.0025120666266825,1587.4029029248472,1.0149734347346109,1587.3584579172175,1.0102205842805427
1587.4042918313062,0.9996715810887324,1587.4042918313062,1.002606833749573,1587.4042918313062,1.0022775587048036,1587.359846823676,1.0040881537579534
1587.4056807373,0.9979652195864329,1587.4056807373,1.0025562711460563,1587.4056807373,1.0005162892820294,1587.3612357306,1.009754327916606
1587.4070696437589,0.9917628959085264,1587.4070696437589,1.002661087476264,1587.4070696437589,0.994402063730252,1587.36262463706,1.0085904398502383
1587.4084585502187,1.0060912947049339,1587.4084585502187,1.0026608660146137,1587.4084585502187,1.0087683688386129,1587.3640135435198,1.004937083528619
1587.4098474566786,1.005053908175122,1587.4098474566786,1.0026821037281424,1587.4098474566786,1.0077495670092225,1587.3654024499788,0.997239271529323
1587.411236363137,1.0029090487936396,1587.411236363137,1.002702367794416,1587.411236363137,1.005619277907828,1587.3667913564382,1.01137131064504
1587.4126252695955,0.9819365946696055,1587.4126252695955,1.0026352127221543,1587.4126252695955,0.9845242064762276,1587.368180262897,1.0067854415955475
1587.4140141760547,1.000021127948074,1587.4140141760547,1.0027015344178263,1587.4140141760547,1.002722719443779,1587.369569169357,0.9979546161763282
1587.415403082514,0.9991837366769053,1587.415403082514,1.0026822789107825,1587.415403082514,1.0018638261417907,1587.3709580758168,1.00100819251363
1587.4167919889735,1.0028932188630366,1587.4167919889735,1.002584749661535,1587.4167919889735,1.0054854467710486,1587.3723469822762,1.0079057853398383
1587.4181808954336,1.000792780785772,1587.4181808954336,1.0025024568945957,1587.4181808954336,1.0032972215801108,1587.3737358887352,1.015595417402925
1587.4195698018923,0.9927397009953384,1587.4195698018923,1.0024769984672814,1587.4195698018923,0.9951987157131132,1587.3751247951943,1.001955220015529
1587.420958708352,1.0142524393177639,1587.420958708352,1.0025495604109893,1587.420958708352,1.0168383371837977,1587.3765137016535,1.0089156076903825
1587.4223476148109,1.0055229542795354,1587.4223476148109,1.0026003368833178,1587.4223476148109,1.0081376527045711,1587.3779026081131,1.011794945236096
1587.4237365212707,1.0102401350729366,1587.4237365212707,1.0025825309130378,1587.4237365212707,1.012849111451354,1587.3792915145732,1.0028200176323754
1587.425125427265,1.0065036794337217,1587.425125427265,1.002579049750353,1587.425125427265,1.0090995024968947,1587.380680421032,1.007913657759649
1587.4265143337243,0.9994848311464196,1587.4265143337243,1.0025570112106845,1587.4265143337243,1.00204052506457,1587.3820693279572,1.003327665703597
1587.4279032401832,1.006413727465344,1587.4279032401832,1.0026306477339115,1587.4279032401832,1.009061247456878,1587.383458234416,1.00314235632165
1587.4292921466426,1.0040192887137873,1587.4292921466426,1.0025307560320853,1587.4292921466426,1.0065602165850298,1587.3848471408755,0.9970549461998522
1587.4306810531016,0.9912169295525787,1587.4306810531016,1.0025313229139194,1587.4306810531016,0.99372601967902,1587.3862360473345,1.0051981034479631
1587.4320699595614,0.9848624172573642,1587.4320699595614,1.00259816971824,1587.4320699595614,0.987421256966515,1587.387624953794,1.0040752995724815
1587.4334588660213,0.9876621494560044,1587.4334588660213,1.0026521625276599,1587.4334588660213,0.9902815899987796,1587.3890138602528,1.011287358668154
1587.434847772481,0.9971642006845617,1587.434847772481,1.0027117184277923,1587.434847772481,0.9998682292230928,1587.3904027667122,0.9936605186860648
1587.436236678939,1.0106694057230168,1587.436236678939,1.0026432836872778,1587.436236678939,1.0133408916763953,1587.3917916731712,0.994501822050039
1587.4376255849315,1.017499834193353,1587.4376255849315,1.0026471212162456,1587.4376255849315,1.0201932795919726,1587.393180579631,1.0041381559244065
1587.4390144913914,0.9952641992544248,1587.4390144913914,1.0027522230025083,1587.4390144913914,0.9980033882771858,1587.3945694860909,1.0001475156165285
1587.4404033978512,0.9852191881947779,1587.4404033978512,1.002691064850285,1587.4404033978512,0.9878704769219552,1587.39595839255,1.005044345248538
1587.4417923043106,0.9943807070840297,1587.4417923043106,1.0026857021694915,1587.4417923043106,0.9970513175063458,1587.3973472990092,1.0059053296620386
1587.4431812107696,0.9980644691239732,1587.4431812107696,1.0025724253326815,1587.4431812107696,1.000631915447997,1587.398736205468,0.997154766022919
1587.444570117229,1.002489585050806,1587.444570117229,1.0025895819140367,1587.444570117229,1.0050856139492637,1587.400125111928,0.9998986733465788
1587.4459590232225,0.9951651554420088,1587.4459590232225,1.0025972737307276,1587.4459590232225,0.9977498717579738,1587.4015140183878,1.0020592835648998
1587.447347929682,0.9931528744024657,1587.447347929682,1.0025114579917531,1587.447347929682,0.9956471361259164,1587.4029029248472,1.0149734347346109
1587.448736836142,0.9929796492893084,1587.448736836142,1.002387556498962,1587.448736836142,0.995350444304306,1587.4042918313062,1.0022775587048036
1587.4501257426014,1.0140315241088822,1587.4501257426014,1.0024324460064444,1587.4501257426014,1.0164981010401095,1587.4056807373,1.0005162892820294
1587.4515146490603,1.0058633201733813,1587.4515146490603,1.0024146096372952,1587.4515146490603,1.0082920874400738,1587.4070696437589,0.994402063730252
1587.4529035555197,1.0074254643937808,1587.4529035555197,1.0023918566825323,1587.4529035555197,1.0098350817229442,1587.4084585502187,1.0087683688386129
1587.454292461514,1.013448504804805,1587.454292461514,1.0023617176752153,1587.454292461514,1.015841984051523,1587.4098474566786,1.0077495670092225
1587.4556813679735,1.0196535535998212,1587.4556813679735,1.0024763218359154,1587.4556813679735,1.0221785439596691,1587.411236363137,1.005619277907828
1587.457070274433,1.006151245997861,1587.457070274433,1.0023939012468672,1587.457070274433,1.0085598727201923,1587.4126252695955,0.9845242064762276
1587.4584591808916,0.9956576436476512,1587.4584591808916,1.0024723526448338,1587.4584591808916,0.9981192604562724,1587.4140141760547,1.002722719443779
1587.459848087351,0.9876488791839975,1587.459848087351,1.0024024711661033,1587.459848087351,0.9900216771384712,1587.415403082514,1.0018638261417907
1587.4612369933438,1.0054175149737665,1587.4612369933438,1.0023970521284058,1587.4612369933438,1.0078275531679708,1587.4167919889735,1.0054854467710486
1587.4626258998028,0.996962166881607,1587.4626258998028,1.0023790720773509,1587.4626258998028,0.9993340117350102,1587.4181808954336,1.0032972215801108
1587.4640148062626,0.9920927490040151,1587.4640148062626,1.0023402432797552,1587.4640148062626,0.9944144873927656,1587.4195698018923,0.9951987157131132
1587.465403712722,0.9975237935107648,1587.465403712722,1.002344459770527,1587.465403712722,0.9998624479147944,1587.420958708352,1.0168383371837977
1587.466792618715,1.006288493562829,1587.466792618715,1.0023858402204118,1587.466792618715,1.0086893371241086,1587.4223476148109,1.0081376527045711
1587.4681815251747,1.0064055690515603,1587.4681815251747,1.0025048795404787,1587.4681815251747,1.0089264937709015,1587.4237365212707,1.012849111451354
1587.4695704316346,0.9857932622838878,1587.4695704316346,1.002617185619843,1587.4695704316346,0.9883732662340752,1587.425125427265,1.0090995024968947
1587.4709593380944,0.9987974939712552,1587.4709593380944,1.002480544142583,1587.4709593380944,1.0012750552445522,1587.4265143337243,1.00204052506457
1587.4723482440877,0.9847746480213216,1587.4723482440877,1.0025255213895556,1587.4723482440877,0.9872617174587917,1587.4279032401832,1.009061247456878
1587.473737150547,0.9951822967674995,1587.473737150547,1.0024751901596174,1587.473737150547,0.9976455621954838,1587.4292921466426,1.0065602165850298
1587.475126057006,0.997476056328552,1587.475126057006,1.0024814037422218,1587.475126057006,0.9999511971475024,1587.4306810531016,0.99372601967902
1587.476514963465,0.9912866878301088,1587.476514963465,1.0024798208086314,1587.476514963465,0.9937449011859092,1587.4320699595614,0.987421256966515
1587.4779038694592,0.9883577231595748,1587.4779038694592,1.0024602811917254,1587.4779038694592,0.9907893610765608,1587.4334588660213,0.9902815899987796
1587.479292775919,0.9922593521351023,1587.479292775919,1.0024619043349614,1587.479292775919,0.9947021997355298,1587.434847772481,0.9998682292230928
1587.4806816823784,1.0016119058564554,1587.4806816823784,1.002439165927858,1587.4806816823784,1.0040550034901574,1587.436236678939,1.0133408916763953
1587.4820705888374,1.003850134160412,1587.4820705888374,1.0023780957215307,1587.4820705888374,1.0062373858695168,1587.4376255849315,1.0201932795919726
1587.483459494831,1.0049379180309945,1587.483459494831,1.0023585321973745,1587.483459494831,1.0073080964670331,1587.4390144913914,0.9980033882771858
1587.484848401291,0.9911933405677253,1587.484848401291,1.0023750513585714,1587.484848401291,0.9935474756578476,1587.4404033978512,0.9878704769219552
1587.4862373077508,1.0004135096793276,1587.4862373077508,1.0023731758966845,1587.4862373077508,1.0027876669072162,1587.4417923043106,0.9970513175063458
1587.4876262137436,1.0068568872991774,1587.4876262137436,1.0023386383935602,1587.4876262137436,1.0092115614726358,1587.4431812107696,1.000631915447997
1587.489015120202,0.9919017851503346,1587.489015120202,1.0022809787563631,1587.489015120202,0.9941642920506611,1587.444570117229,1.0050856139492637
1587.490404026661,0.9912375565452818,1587.490404026661,1.0023777424520965,1587.490404026661,0.993594464163592,1587.4459590232225,0.9977498717579738
1587.4917929331205,0.9959495061070298,1587.4917929331205,1.0023377789639063,1587.4917929331205,0.9982778159115197,1587.447347929682,0.9956471361259164
1587.4931818391146,0.9911236148187237,1587.4931818391146,1.0023292792728553,1587.4931818391146,0.9934322185115584,1587.448736836142,0.995350444304306
1587.4945707455745,1.0006423190805127,1587.4945707455745,1.0023205562119506,1587.4945707455745,1.0029643658299956,1587.4501257426014,1.0164981010401095
1587.4959596520334,0.9984131402803861,1587.4959596520334,1.0024042710970102,1587.4959596520334,1.0008135961364375,1587.4515146490603,1.0082920874400738
1587.4973485580267,1.0061447482376207,1587.4973485580267,1.0024042869544512,1587.4973485580267,1.008563808930098,1587.4529035555197,1.0098350817229442
1587.498737464486,1.006628922271518,1587.498737464486,1.0022587352464523,1587.498737464486,1.0089026304983508,1587.454292461514,1.015841984051523
1587.500126370946,0.9920839528144272,1587.500126370946,1.0021944553070694,1587.500126370946,0.9942610367097392,1587.4556813679735,1.0221785439596691
1587.5015152769402,0.98996368555138,1587.5015152769402,1.0020947855076106,1587.5015152769402,0.9920374471329338,1587.457070274433,1.0085598727201923
1587.502904183399,0.9894868703733405,1587.502904183399,1.0020497789968061,1587.502904183399,0.9915150997778472,1587.4584591808916,0.9981192604562724
1587.5042930898585,0.9978884821985249,1587.5042930898585,1.0019916403185258,1587.5042930898585,0.999875917133064,1587.459848087351,0.9900216771384712
1587.5056819958518,0.9992689108257059,1587.5056819958518,1.0019437250507877,1587.5056819958518,1.001211214840151,1587.4612369933438,1.0078275531679708
1587.5070709023112,1.0033504432900107,1587.5070709023112,1.0019406090607343,1587.5070709023112,1.0052975542513511,1587.4626258998028,0.9993340117350102
1587.5084598083054,1.0049009613609512,1587.5084598083054,1.0018594378520698,1587.5084598083054,1.0067695122460871,1587.4640148062626,0.9944144873927656
1587.5098487147652,0.9945680633464307,1587.5098487147652,1.0019696376468037,1587.5098487147652,0.9965270020463064,1587.465403712722,0.9998624479147944
1587.5112376212242,1.0028282336890213,1587.5112376212242,1.001967179438307,1587.5112376212242,1.004800976770488,1587.466792618715,1.0086893371241086
1587.512626527217,1.0193443304981187,1587.512626527217,1.0019952740414115,1587.512626527217,1.0213782017800217,1587.4681815251747,1.0089264937709015
1587.5140154336757,0.9975320036861213,1587.5140154336757,1.0019519732519369,1587.5140154336757,0.9994791594752676,1587.4695704316346,0.9883732662340752
1587.515404340135,1.0072749664019445,1587.515404340135,1.0020218902201772,1587.515404340135,1.0093115658055418,1587.4709593380944,1.0012750552445522
1587.5167932461295,1.0116966744857554,1587.5167932461295,1.0020120285171947,1587.5167932461295,1.013732237045572,1587.4723482440877,0.9872617174587917
1587.5181821525885,1.006056792162431,1587.5181821525885,1.0020576348018397,1587.5181821525885,1.0081268896306117,1587.473737150547,0.9976455621954838
1587.5195710585822,1.0051217218914432,1587.5195710585822,1.0020973389138141,1587.5195710585822,1.007229802791886,1587.475126057006,0.9999511971475024
1587.5209599650411,1.0077057666418523,1587.5209599650411,1.0021159621281384,1587.5209599650411,1.0098380338803732,1587.476514963465,0.9937449011859092
1587.5223488715003,0.9849758443587451,1587.5223488715003,1.0021137469913937,1587.5223488715003,0.9870578340863538,1587.4779038694592,0.9907893610765608
1587.5237377774947,0.9959776187698438,1587.5237377774947,1.0022161800068055,1587.5237377774947,0.9981848844557872,1587.479292775919,0.9947021997355298
1587.5251266839546,1.0076967043246179,1587.5251266839546,1.002279694237476,1587.5251266839546,1.0099939446945905,1587.4806816823784,1.0040550034901574
1587.5265155899478,1.0087196367487863,1587.5265155899478,1.0023298082340462,1587.5265155899478,1.0110697600643277,1587.4820705888374,1.0062373858695168
1587.5279044964072,1.011283298832082,1587.5279044964072,1.0022932295950835,1587.5279044964072,1.0136024036219773,1587.483459494831,1.0073080964670331
1587.5292934024003,0.9922516213589909,1587.5292934024003,1.0022316978219588,1587.5292934024003,0.9944660271412128,1587.484848401291,0.9935474756578476
1587.5306823088604,1.0070754583387416,1587.5306823088604,1.00217508232881,1587.5306823088604,1.0092659303719524,1587.4862373077508,1.0027876669072162
1587.5320712153202,0.9946694118618629,1587.5320712153202,1.0022424380835377,1587.5320712153202,0.996899896431552,1587.4876262137436,1.0092115614726358
1587.533460121314,0.9999288126741395,1587.533460121314,1.0022228225439285,1587.533460121314,1.0021514769812752,1587.489015120202,0.9941642920506611
1587.534849027773,1.0135563500133333,1587.534849027773,1.0022279393465423,1587.534849027773,1.015814492085466,1587.490404026661,0.993594464163592
1587.5362379337662,0.998184518879544,1587.5362379337662,1.002245683590504,1587.5362379337662,1.0004261254738869,1587.4917929331205,0.9982778159115197
1587.537626840225,1.005394224181204,1587.537626840225,1.0022953576159201,1587.537626840225,1.0077019634706803,1587.4931818391146,0.9934322185115584
1587.5390157462184,0.9954254190313265,1587.5390157462184,1.0023090613306027,1587.5390157462184,0.9977239173739108,1587.4945707455745,1.0029643658299956
1587.5404046526785,0.9874797453947332,1587.5404046526785,1.0023422187043949,1587.5404046526785,0.9897926389246078,1587.4959596520334,1.0008135961364375
1587.5417935586715,0.9954312389924216,1587.5417935586715,1.0023342792954395,1587.5417935586715,0.9977548535236352,1587.4973485580267,1.008563808930098
1587.543182465131,0.9938301651178135,1587.543182465131,1.0023079843150144,1587.543182465131,0.9961239095506936,1587.498737464486,1.0089026304983508
1587.5445713711242,1.0101846792172544,1587.5445713711242,1.002301859449353,1587.5445713711242,1.012509982366702,1587.500126370946,0.9942610367097392
1587.545960277584,1.0106499932907884,1587.545960277584,1.002300271485251,1587.545960277584,1.0129747626519243,1587.5015152769402,0.9920374471329338
1587.5473491835785,0.9902735569733458,1587.5473491835785,1.002303786402765,1587.5473491835785,0.9925549357289188,1587.502904183399,0.9915150997778472
1587.5487380900377,1.0005672376127237,1587.5487380900377,1.0023008005494163,1587.5487380900377,1.002869343262751,1587.5042930898585,0.999875917133064
1587.550126996031,0.9841761586123781,1587.550126996031,1.0022192218900157,1587.550126996031,0.9863602638872022,1587.5056819958518,1.001211214840151
1587.5515159024903,1.0037974627001702,1587.5515159024903,1.0022831530829892,1587.5515159024903,1.006089285971831,1587.5070709023112,1.0052975542513511
1587.5529048084836,0.9897623971818346,1587.5529048084836,1.0022036328575634,1587.5529048084836,0.9919434701214452,1587.5084598083054,1.0067695122460871
1587.5542937149437,1.003943251320367,1587.5542937149437,1.0021114467856764,1587.5542937149437,1.0060630240713688,1587.5098487147652,0.9965270020463064
1587.5556826209377,0.9999037583448307,1587.5556826209377,1.002152226666979,1587.5556826209377,1.0020557778779529,1587.5112376212242,1.004800976770488
1587.5570715273966,1.0034950025686018,1587.5570715273966,1.0022729801214378,1587.5570715273966,1.0057759267614024,1587.512626527217,1.0213782017800217
1587.5584604333903,0.9990927377589048,1587.5584604333903,1.0024101596659836,1587.5584604333903,1.0015007107780285,1587.5140154336757,0.9994791594752676
1587.5598493398493,0.9945036362548602,1587.5598493398493,1.0024974447050572,1587.5598493398493,0.996987354095385,1587.515404340135,1.0093115658055418
1587.5612382458437,1.0010031193753866,1587.5612382458437,1.0023925061110317,1587.5612382458437,1.003398025455654,1587.5167932461295,1.013732237045572
1587.5626271523029,1.010182141583302,1587.5626271523029,1.0022765535935338,1587.5626271523029,1.0124818753678473,1587.5181821525885,1.0081268896306117
1587.5640160582957,0.9943237982684299,1587.5640160582957,1.0022923567174005,1587.5640160582957,0.9966031431066616,1587.5195710585822,1.007229802791886
1587.5654049647546,0.9996074499380163,1587.5654049647546,1.0024113885103074,1587.5654049647546,1.0020178918576146,1587.5209599650411,1.0098380338803732
1587.5667938707484,0.9895175109036676,1587.5667938707484,1.0024847872208444,1587.5667938707484,0.9919762513695628,1587.5223488715003,0.9870578340863538
1587.5681827772073,1.0036897807430198,1587.5681827772073,1.0025116452826797,1587.5681827772073,1.0062106934460968,1587.5237377774947,0.9981848844557872
1587.5695716832015,0.9939103577494451,1587.5695716832015,1.0025615142304085,1587.5695716832015,0.9964562732745708,1587.5251266839546,1.0099939446945905
1587.5709605891957,0.9920621785018722,1587.5709605891957,1.0026646166688025,1587.5709605891957,0.9947056439191968,1587.5265155899478,1.0110697600643277
1587.572349495655,0.9907057700491229,1587.572349495655,1.0026572919398422,1587.572349495655,0.9933383645066296,1587.5279044964072,1.0136024036219773
1587.5737384016484,1.0005035880015485,1587.5737384016484,1.0027799329817138,1587.5737384016484,1.003284920924157,1587.5292934024003,0.9944660271412128
1587.5751273081073,1.0048687007103798,1587.5751273081073,1.0026904533312206,1587.5751273081073,1.0075722530536455,1587.5306823088604,1.0092659303719524
1587.576516214101,0.9947192178033695,1587.576516214101,1.002716819385192,1587.576516214101,0.9974216902571208,1587.5320712153202,0.996899896431552
1587.577905120561,0.9858441436362747,1587.577905120561,1.002717599038807,1587.577905120561,0.9885232727334342,1587.533460121314,1.0021514769812752
1587.579294026555,1.0054366292157093,1587.579294026555,1.002717309640168,1587.579294026555,1.008168711860855,1587.534849027773,1.015814492085466
1587.5806829325484,0.9909354914304922,1587.5806829325484,1.0027387203157054,1587.5806829325484,0.9936493865924264,1587.5362379337662,1.0004261254738869
1587.5820718390078,1.0007155100086562,1587.5820718390078,1.002699219622113,1587.5820718390078,1.0034166609494244,1587.537626840225,1.0077019634706803
1587.583460745001,0.9927738775131224,1587.583460745001,1.0026790166244253,1587.583460745001,0.9954335352352752,1587.5390157462184,0.9977239173739108
1587.584849651461,1.0048999816564899,1587.584849651461,1.0028230826240274,1587.584849651461,1.0077368973335898,1587.5404046526785,0.9897926389246078
1587.586238557455,1.0008557111110128,1587.586238557455,1.0028034569491953,1587.586238557455,1.0036615670094686,1587.5417935586715,0.9977548535236352
1587.587627463448,1.0012368463713925,1587.587627463448,1.0027773894239134,1587.587627463448,1.004017670999337,1587.543182465131,0.9961239095506936
1587.5890163699064,0.9943113756212966,1587.5890163699064,1.002896399880778,1587.5890163699064,0.9971912989711024,1587.5445713711242,1.012509982366702
1587.5904052759,1.0146854816623472,1587.5904052759,1.0029423387642893,1587.5904052759,1.0176710300886038,1587.545960277584,1.0129747626519243
1587.5917941818934,1.013129877535925,1587.5917941818934,1.0028301201593535,1587.5917941818934,1.0159971568263828,1587.5473491835785,0.9925549357289188
1587.5931830883533,1.0076734396138236,1587.5931830883533,1.0028536746803538,1587.5931830883533,1.0105490117945146,1587.5487380900377,1.002869343262751
1587.5945719943477,0.9870407977875035,1587.5945719943477,1.002881873359332,1587.5945719943477,0.9898853243672212,1587.550126996031,0.9863602638872022
1587.5959609003407,0.9997441791479462,1587.5959609003407,1.0029178449649276,1587.5959609003407,1.0026612776672887,1587.5515159024903,1.006089285971831
1587.5973498068,1.0018542972157245,1587.5973498068,1.0029387700704135,1587.5973498068,1.0047985166392972,1587.5529048084836,0.9919434701214452
1587.5987387127934,1.0042244588110887,1587.5987387127934,1.0029174318791523,1587.5987387127934,1.0071542152610486,1587.5542937149437,1.0060630240713688
1587.6001276192533,0.9930915514468535,1587.6001276192533,1.0030333870394987,1587.6001276192533,0.996103982488048,1587.5556826209377,1.0020557778779529
1587.6015165252477,0.9883528448246898,1587.6015165252477,1.0031117164699894,1587.6015165252477,0.9914283186500916,1587.5570715273966,1.0057759267614024
1587.6029054312412,0.9934259982525463,1587.6029054312412,1.0032368635506097,1587.6029054312412,0.996641582656518,1587.5584604333903,1.0015007107780285
1587.6042943372345,0.9993447092386375,1587.6042943372345,1.0032283971527771,1587.6042943372345,1.0025709908525864,1587.5598493398493,0.996987354095385
1587.605683243694,1.0003984938786092,1587.605683243694,1.0032856271011228,1587.605683243694,1.0036854302820193,1587.5612382458437,1.003398025455654
1587.6070721496872,1.0038125703287502,1587.6070721496872,1.003236680919328,1587.6070721496872,1.007061591321715,1587.5626271523029,1.0124818753678473
1587.6084610556811,1.0027718208683705,1587.6084610556811,1.0032739484681032,1587.6084610556811,1.0060548441351596,1587.5640160582957,0.9966031431066616
1587.6098499621412,1.0170980758949288,1587.6098499621412,1.003392563342054,1587.6098499621412,1.0205486455424837,1587.5654049647546,1.0020178918576146
1587.611238868135,1.0008932628888993,1587.611238868135,1.0033705471121355,1587.611238868135,1.0042668207856853,1587.5667938707484,0.9919762513695628
1587.6126277741275,0.995169215614773,1587.6126277741275,1.0033289340514984,1587.6126277741275,0.998482068303636,1587.5681827772073,1.0062106934460968
1587.6140166805858,1.0052786537925704,1587.6140166805858,1.0034310117581648,1587.6140166805858,1.0087277766739648,1587.5695716832015,0.9964562732745708
1587.61540558658,1.001874697554156,1587.61540558658,1.003437201093275,1587.61540558658,1.0053183423599137,1587.5709605891957,0.9947056439191968
1587.6167944925742,1.0022742158482254,1587.6167944925742,1.0034368811632204,1587.6167944925742,1.0057189132210556,1587.572349495655,0.9933383645066296
1587.6181833990336,0.9931616498862748,1587.6181833990336,1.003515102364536,1587.6181833990336,0.9966527147501564,1587.5737384016484,1.003284920924157
1587.6195723050268,1.0092685907013788,1587.6195723050268,1.0034971820849719,1587.6195723050268,1.0127981867357043,1587.5751273081073,1.0075722530536455
1587.6209612110206,1.0043638759828974,1587.6209612110206,1.0035287857947142,1587.6209612110206,1.00790806096119,1587.576516214101,0.9974216902571208
1587.622350117014,0.985916340409288,1587.622350117014,1.0034425347867082,1587.622350117014,0.989310391707931,1587.577905120561,0.9885232727334342
1587.6237390234735,0.9894751668381307,1587.6237390234735,1.003332689508794,1587.6237390234735,0.9927727803458644,1587.579294026555,1.008168711860855
1587.625127929468,0.99349366746245,1587.625127929468,1.0034006784379763,1587.625127929468,0.9968722199556556,1587.5806829325484,0.9936493865924264
1587.6265168354616,1.0011958839809052,1587.6265168354616,1.003488308671863,1587.6265168354616,1.0046883642652291,1587.5820718390078,1.0034166609494244
1587.627905741455,0.9924328911657843,1587.627905741455,1.0035614423598382,1587.627905741455,0.9959673837036788,1587.583460745001,0.9954335352352752
1587.6292946479143,0.9986706847478626,1587.6292946479143,1.0036018829734303,1587.6292946479143,1.00226777968332,1587.584849651461,1.0077368973335898
1587.6306835539085,0.9987469579204032,1587.6306835539085,1.0036232751004777,1587.6306835539085,1.002365692904714,1587.586238557455,1.0036615670094686
1587.6320724599027,0.9891885589104101,1587.6320724599027,1.0035744012798633,1587.6320724599027,0.9927243157614056,1587.587627463448,1.004017670999337
1587.633461365896,1.006736070796712,1587.633461365896,1.0035556464680186,1587.633461365896,1.0103156683510672,1587.5890163699064,0.9971912989711024
1587.6348502723552,1.0012693968251167,1587.6348502723552,1.003627225902352,1587.6348502723552,1.0049012271165132,1587.5904052759,1.0176710300886038
1587.636239178349,1.0040790936022608,1587.636239178349,1.003547756005741,1587.636239178349,1.0076413212368274,1587.5917941818934,1.0159971568263828
1587.6376280843417,1.001334020126196,1587.6376280843417,1.0034553972042637,1587.6376280843417,1.004794026899874,1587.5931830883533,1.0105490117945146
1587.6390169903348,0.9998907234834389,1587.6390169903348,1.003454848188668,1587.6390169903348,1.0033451941383316,1587.5945719943477,0.9898853243672212
1587.640405896329,0.9887707515481113,1587.640405896329,1.003446672156431,1587.640405896329,0.9921787201665656,1587.5959609003407,1.0026612776672887
1587.6417948027884,1.006818283193859,1587.6417948027884,1.0033995411413366,1587.6417948027884,1.0102410033694265,1587.5973498068,1.0047985166392972
1587.6431837087816,1.001207533763154,1587.6431837087816,1.0033867615748222,1587.6431837087816,1.0045983849669256,1587.5987387127934,1.0071542152610486
1587.6445726147754,1.0041137041642076,1587.6445726147754,1.0032843300571659,1587.6445726147754,1.0074115449836063,1587.6001276192533,0.996103982488048
1587.6459615207696,1.002323184535267,1587.6459615207696,1.0033021984907637,1587.6459615207696,1.0056330546424967,1587.6015165252477,0.9914283186500916
1587.6473504267638,1.0062846004924362,1587.6473504267638,1.0034165813860274,1587.6473504267638,1.0097226537275246,1587.6029054312412,0.996641582656518
1587.6487393332227,1.0040097160099781,1587.6487393332227,1.0034191781963575,1587.6487393332227,1.0074426041398905,1587.6042943372345,1.0025709908525864
1587.6501282392164,1.0047592097858815,1587.6501282392164,1.0034316098735385,1587.6501282392164,1.0082071514107116,1587.605683243694,1.0036854302820193
1587.6515171452097,1.0029957593972794,1587.6515171452097,1.0034327046529825,1587.6515171452097,1.006438747607484,1587.6070721496872,1.007061591321715
1587.6529060512032,0.9911200552178311,1587.6529060512032,1.0032918045183705,1587.6529060512032,0.9943826286938448,1587.6084610556811,1.0060548441351596
1587.6542949571972,0.9879000166065791,1587.6542949571972,1.0033557982826005,1587.6542949571972,0.9912152097856884,1587.6098499621412,1.0205486455424837
1587.6556838631914,0.9997614181822733,1587.6556838631914,1.0032353937429241,1587.6556838631914,1.0029960400190772,1587.611238868135,1.0042668207856853
1587.6570727696508,1.002608854622212,1587.6570727696508,1.0033622454054407,1587.6570727696508,1.0059798716371198,1587.6126277741275,0.998482068303636
1587.658461675644,1.0051651646569573,1587.658461675644,1.0033238474804649,1587.658461675644,1.0085061803569533,1587.6140166805858,1.0087277766739648
1587.6598505816378,1.0046947701047442,1587.6598505816378,1.0032366580474212,1587.6598505816378,1.0079466235176058,1587.61540558658,1.0053183423599137
1587.661239487632,0.9977845811715309,1587.661239487632,1.0033334608180564,1587.661239487632,1.001110656977727,1587.6167944925742,1.0057189132210556
1587.6626283936253,1.0010125358955397,1587.6626283936253,1.0032243277191706,1587.6626283936253,1.004240128362265,1587.6181833990336,0.9966527147501564
1587.664017299618,1.0023973939959165,1587.664017299618,1.0032005571872182,1587.664017299618,1.005605624179719,1587.6195723050268,1.0127981867357043
1587.6654062056118,1.0012947607008034,1587.6654062056118,1.003265262212659,1587.6654062056118,1.0045642506466532,1587.6209612110206,1.00790806096119
1587.666795111605,0.9970363475532774,1587.666795111605,1.0033498881682616,1587.666795111605,1.000376307817273,1587.622350117014,0.989310391707931
1587.6681840180645,0.9906436222496386,1587.6681840180645,1.0034088309462197,1587.6681840180645,0.9940205588858384,1587.6237390234735,0.9927727803458644
1587.669572924059,1.0141073870105934,1587.669572924059,1.0032705075901585,1587.669572924059,1.0174240329170474,1587.625127929468,0.9968722199556556
1587.6709618300529,1.0054544430189587,1587.6709618300529,1.003226948911113,1587.6709618300529,1.0086989931390324,1587.6265168354616,1.0046883642652291
1587.6723507360462,1.01482239000043,1587.6723507360462,1.0033610231722911,1587.6723507360462,1.0182332315689815,1587.627905741455,0.9959673837036788
1587.6737396420397,0.9961598866874625,1587.6737396420397,1.003341514584249,1587.6737396420397,0.9994885694770724,1587.6292946479143,1.00226777968332
1587.6751285480332,1.0065862068508673,1587.6751285480332,1.0033356434330791,1587.6751285480332,1.0099438195215775,1587.6306835539085,1.002365692904714
1587.6765174540274,0.9965133023763562,1587.6765174540274,1.0032482276404528,1587.6765174540274,0.999750204429214,1587.6320724599027,0.9927243157614056
1587.6779063600216,0.9915250452859942,1587.6779063600216,1.0033131716855266,1587.6779063600216,0.9948101379915262,1587.633461365896,1.0103156683510672
1587.6792952660148,0.9963527402170896,1587.6792952660148,1.0033124318327749,1587.6792952660148,0.9996530907504572,1587.6348502723552,1.0049012271165132
1587.6806841720086,1.0056918891413948,1587.6806841720086,1.0032927418078779,1587.6806841720086,1.0090033728706145,1587.636239178349,1.0076413212368274
1587.6820730784675,1.0149959242590154,1587.6820730784675,1.0032212903063944,1587.6820730784675,1.0182655207908609,1587.6376280843417,1.004794026899874
1587.6834619844612,1.007871564882044,1587.6834619844612,1.0032598695647708,1587.6834619844612,1.0111570947216009,1587.6390169903348,1.0033451941383316
1587.6848508904554,0.9951872945935976,1587.6848508904554,1.003369108837739,1587.6848508904554,0.9985401889030184,1587.640405896329,0.9921787201665656
1587.6862397964496,0.9910717086933106,1587.6862397964496,1.003349124906087,1587.6862397964496,0.9943909316366136,1587.6417948027884,1.0102410033694265
1587.6876287024425,0.9967017620650496,1587.6876287024425,1.0032421078646288,1587.6876287024425,0.99993317668653,1587.6431837087816,1.0045983849669256
1587.6890176084353,1.0178385966886634,1587.6890176084353,1.003256957073256,1587.6890176084353,1.0211536533055814,1587.6445726147754,1.0074115449836063
1587.6904065144286,1.00260856095816,1587.6904065144286,1.0033346894492392,1587.6904065144286,1.0059519491481042,1587.6459615207696,1.0056330546424967
1587.6917954204227,1.0001033432490007,1587.6917954204227,1.0033651862156714,1587.6917954204227,1.003468877233949,1587.6473504267638,1.0097226537275246
1587.693184326417,1.0105294085390284,1587.693184326417,1.0032996407564152,1587.693184326417,1.013863792561,1587.6487393332227,1.0074426041398905
1587.6945732324102,1.0075834056903736,1587.6945732324102,1.003432341543268,1587.6945732324102,1.011041776072032,1587.6501282392164,1.0082071514107116
1587.695962138404,0.990692010180641,1587.695962138404,1.0035690973834113,1587.695962138404,0.9942278864419432,1587.6515171452097,1.006438747607484
1587.6973510443972,1.0153171032050912,1587.6973510443972,1.0035700857810415,1587.6973510443972,1.0189418723584918,1587.6529060512032,0.9943826286938448
1587.698739950391,0.9973167119300786,1587.698739950391,1.0035413204521895,1587.698739950391,1.000848529999347,1587.6542949571972,0.9912152097856884
1587.7001288563852,1.011976155880744,1587.7001288563852,1.0034550611219066,1587.7001288563852,1.0154725953532242,1587.6556838631914,1.0029960400190772
1587.7015177623794,1.006357821679398,1587.7015177623794,1.0035906610257241,1587.7015177623794,1.009971311487635,1587.6570727696508,1.0059798716371198
1587.7029066683726,1.010303919336419,1587.7029066683726,1.0037076557567608,1587.7029066683726,1.0140497784790246,1587.658461675644,1.0085061803569533
1587.7042955743664,1.0081656440038405,1587.7042955743664,1.0036849468401847,1587.7042955743664,1.0118806808080951,1587.6598505816378,1.0079466235176058
1587.7056844803597,0.9999968232455531,1587.7056844803597,1.0037662976434185,1587.7056844803597,1.0037631089243688,1587.661239487632,1.001110656977727
1587.7070733863538,0.9910074998061795,1587.7070733863538,1.0037480856397183,1587.7070733863538,0.9947218807850562,1587.6626283936253,1.004240128362265
1587.708462292348,1.0107056139615656,1587.708462292348,1.0037410337537602,1587.708462292348,1.0144866977785107,1587.664017299618,1.005605624179719
1587.7098511983418,1.0017267273991382,1587.7098511983418,1.0036493384623042,1587.7098511983418,1.005382367274154,1587.6654062056118,1.0045642506466532
1587.711240104335,0.991794499780983,1587.711240104335,1.003632369417439,1587.711240104335,0.9953970637903716,1587.666795111605,1.000376307817273
1587.712629010328,1.0176896833358304,1587.712629010328,1.003609778806488,1587.712629010328,1.0213633179863175,1587.6681840180645,0.9940205588858384
1587.7140179163207,1.0018572553044665,1587.7140179163207,1.0036994298461848,1587.7140179163207,1.0055635559363565,1587.669572924059,1.0174240329170474
1587.715406822315,0.9891169504075222,1587.715406822315,1.0036653373664681,1587.715406822315,0.992742397725658,1587.6709618300529,1.0086989931390324
1587.716795728309,1.0130744752722032,1587.716795728309,1.0035241121662246,1587.716795728309,1.0166446633558015,1587.6723507360462,1.0182332315689815
1587.7181846343024,0.9941600398609514,1587.7181846343024,1.0034783437573682,1587.7181846343024,0.9976180702294266,1587.6737396420397,0.9994885694770724
1587.719573540296,1.0023937215940761,1587.719573540296,1.0035345140979242,1587.719573540296,1.0059366963347212,1587.6751285480332,1.0099438195215775
1587.7209624462894,0.9937823201447509,1587.7209624462894,1.0034963419608434,1587.7209624462894,0.9972569229706172,1587.6765174540274,0.999750204429214
1587.722351352283,0.9904414205327614,1587.722351352283,1.003460983877551,1587.722351352283,0.993869322320884,1587.6779063600216,0.9948101379915262
1587.7237402582773,1.0116881611411772,1587.7237402582773,1.0034782699733389,1587.7237402582773,1.015207085694457,1587.6792952660148,0.9996530907504572
1587.7251291638058,1.0030083223882336,1587.7251291638058,1.0035638676442085,1587.7251291638058,1.006582911295265,1587.6806841720086,1.0090033728706145
1587.726518069799,1.0050283573349197,1587.726518069799,1.0036855000736995,1587.726518069799,1.0087323894199476,1587.6820730784675,1.0182655207908609
1587.7279069757928,0.9882912432120076,1587.7279069757928,1.0037281683477657,1587.7279069757928,0.9919757593433246,1587.6834619844612,1.0111570947216009
1587.729295881786,1.0080086947667501,1587.729295881786,1.0037375589998137,1587.729295881786,1.011776186735766,1587.6848508904554,0.9985401889030184
1587.7306847877803,0.9977380468891107,1587.7306847877803,1.00367527809231,1587.7306847877803,1.0014050116747064,1587.6862397964496,0.9943909316366136
1587.7320736937745,1.0070844394212617,1587.7320736937745,1.0035616088910053,1587.7320736937745,1.0106712803146976,1587.6876287024425,0.99993317668653
1587.733462599768,1.0070205973810449,1587.733462599768,1.0034628345456023,1587.733462599768,1.010507743093789,1587.6890176084353,1.0211536533055814
1587.7348515057615,0.9967651609415883,1587.7348515057615,1.0034552812465634,1587.7348515057615,1.0002092649094174,1587.6904065144286,1.0059519491481042
1587.7362404117544,1.0001060638054706,1587.7362404117544,1.0033900073407362,1587.7362404117544,1.003496430703286,1587.6917954204227,1.003468877233949
1587.7376293177472,1.005233861900877,1587.7376293177472,1.0033706720099098,1587.7376293177472,1.0086221755425997,1587.693184326417,1.013863792561
1587.7390182237414,0.9828604167668177,1587.7390182237414,1.0032487509990435,1587.7390182237414,0.9860534855277092,1587.6945732324102,1.011041776072032
1587.74040712927,0.9950614956068489,1587.74040712927,1.0031535388919155,1587.74040712927,0.9981994607330926,1587.695962138404,0.9942278864419432
1587.7417960352632,1.0014516101567814,1587.7417960352632,1.0030650159791472,1587.7417960352632,1.0045210753442546,1587.6973510443972,1.0189418723584918
1587.743184941257,0.9977541251999246,1587.743184941257,1.0031726895576425,1587.743184941257,1.000919689294041,1587.698739950391,1.000848529999347
1587.7445738472502,1.0012684308067366,1587.7445738472502,1.0031036829966928,1587.7445738472502,1.0043760506105568,1587.7001288563852,1.0154725953532242
1587.7459627532444,0.9952618353922446,1587.7459627532444,1.0030346026926562,1587.7459627532444,0.9982820596378238,1587.7015177623794,1.009971311487635
1587.7473516592386,0.9911547104812947,1587.7473516592386,1.0030608883048364,1587.7473516592386,0.9941885243428904,1587.7029066683726,1.0140497784790246
1587.7487405652323,1.0007125245858335,1587.7487405652323,1.0031052622965908,1587.7487405652323,1.003819999458156,1587.7042955743664,1.0118806808080951
1587.75012947076,1.0021973710694478,1587.75012947076,1.0030980498660185,1587.75012947076,1.0053022285006137,1587.7056844803597,1.0037631089243688
1587.7515183767537,1.0006202179388828,1587.7515183767537,1.003121396996108,1587.7515183767537,1.003743550881402,1587.7070733863538,0.9947218807850562
1587.752907282747,1.0013702845785537,1587.752907282747,1.0031456807452497,1587.752907282747,1.0045202758016176,1587.708462292348,1.0144866977785107
1587.755685094735,0.9965190439860363,1587.755685094735,1.0032237466697649,1587.755685094735,0.9997315689354436,1587.7098511983418,1.005382367274154
1587.7570740007286,1.001350382915136,1587.7570740007286,1.0032428848761,1587.7570740007286,1.0045976469275684,1587.711240104335,0.9953970637903716
1587.758462906257,1.0021837319263696,1587.758462906257,1.003146620564646,1587.758462906257,1.0053372238668028,1587.712629010328,1.0213633179863175
1587.75985181225,0.9905481962956184,1587.75985181225,1.0031974045562302,1587.75985181225,0.9937153796116196,1587.7140179163207,1.0055635559363565
1587.7612407182437,0.9961409953603119,1587.7612407182437,1.0031954455859975,1587.7612407182437,0.9993241097069672,1587.715406822315,0.992742397725658
1587.762629624237,0.9962343443559051,1587.762629624237,1.0031868866078058,1587.762629624237,0.999409230246169,1587.716795728309,1.0166446633558015
1587.7640185302307,1.0050263702553621,1587.7640185302307,1.0031135913439835,1587.7640185302307,1.0081556116622643,1587.7181846343024,0.9976180702294266
1587.7654074357583,1.002486700508968,1587.7654074357583,1.003144684572778,1587.7654074357583,1.0056392049704737,1587.719573540296,1.0059366963347212
1587.766796341752,1.0034782406941631,1587.766796341752,1.0030518642328121,1587.766796341752,1.006540720045343,1587.7209624462894,0.9972569229706172
1587.7681852477454,0.9904850961100441,1587.7681852477454,1.003081552179461,1587.7681852477454,0.9935373276166856,1587.722351352283,0.993869322320884
1587.7695741537395,1.0120608747711741,1587.7695741537395,1.0029808562882434,1587.7695741537395,1.0150776827938208,1587.7237402582773,1.015207085694457
1587.7709630597335,1.0065617089829684,1587.7709630597335,1.0030280937496603,1587.7709630597335,1.0096096722025871,1587.7251291638058,1.006582911295265
1587.7723519652616,0.995744789671413,1587.7723519652616,1.0029835020140956,1587.7723519652616,0.9987155962569229,1587.726518069799,1.0087323894199476
1587.773740871255,1.0096025617496434,1587.773740871255,1.0029197298821027,1587.773740871255,1.0125503285182311,1587.7279069757928,0.9919757593433246
1587.7751297772484,1.008468996142298,1587.7751297772484,1.0027964019007798,1587.7751297772484,1.0112890807599877,1587.729295881786,1.011776186735766
1587.7765186832426,0.9897931064556703,1587.7765186832426,1.0028011215938415,1587.7765186832426,0.9925656372995988,1587.7306847877803,1.0014050116747064
1587.777907588771,1.0005463355946884,1587.777907588771,1.0028363635199466,1587.777907588771,1.0033842487209854,1587.7320736937745,1.0106712803146976
1587.7792964947648,0.990659063286183,1587.7792964947648,1.0029534559138227,1587.7792964947648,0.9935849311552276,1587.733462599768,1.010507743093789
1587.780685400758,1.0117562791491148,1587.780685400758,1.0030147929368576,1587.780685400758,1.014806514833315,1587.7348515057615,1.0002092649094174
1587.7820743067518,0.9940907019207472,1587.7820743067518,1.0030087161028125,1587.7820743067518,0.9970816386232724,1587.7362404117544,1.003496430703286
1587.7834632122797,0.9992166218748495,1587.7834632122797,1.0028957318521297,1587.7834632122797,1.00211008527399,1587.7376293177472,1.0086221755425997
1587.7848521182736,1.009616306407045,1587.7848521182736,1.0027713269274467,1587.7848521182736,1.01241428326338,1587.7390182237414,0.9860534855277092
1587.7862410242674,0.9870748029228917,1587.7862410242674,1.0027285011043061,1587.7862410242674,0.9897680376126996,1587.74040712927,0.9981994607330926
1587.7876299302602,0.986812015389747,1587.7876299302602,1.0026985474977186,1587.7876299302602,0.9894749744845956,1587.7417960352632,1.0045210753442546
1587.7890188357878,1.0000454888028816,1587.7890188357878,1.0026682527929853,1587.7890188357878,1.0027138629714922,1587.743184941257,1.000919689294041
1587.7904077417816,1.0047229027338367,1587.7904077417816,1.0025753676469276,1587.7904077417816,1.0073104335916645,1587.7445738472502,1.0043760506105568
1587.793185553304,0.9875555269800999,1587.793185553304,1.0027728083095513,1587.793185553304,0.9902938291514536,1587.7459627532444,0.9982820596378238
1587.7945744592976,1.0032107501403773,1587.7945744592976,1.002726724372048,1587.7945744592976,1.0059462293430856,1587.7473516592386,0.9941885243428904
1587.7959633652908,1.0061381483227634,1587.7959633652908,1.0026078781352314,1587.7959633652908,1.0087620340007966,1587.7487405652323,1.003819999458156
1587.797352270819,0.9984656992707939,1587.797352270819,1.002589826627958,1587.797352270819,1.001051552325868,1587.75012947076,1.0053022285006137
1587.7987411768122,0.9956835248052877,1587.7987411768122,1.0025990520053671,1587.7987411768122,0.9982713580671438,1587.7515183767537,1.003743550881402
1587.8001300828064,0.993068490016898,1587.8001300828064,1.0026094028868109,1587.8001300828064,0.995659805801549,1587.752907282747,1.0045202758016176
1587.8015189888006,1.0003681742189796,1587.8015189888006,1.002628988985643,1587.8015189888006,1.002998131130589,1587.7542961887411,1.0322978630900703
1587.8029078943289,1.0032687861383454,1587.8029078943289,1.0027059918900594,1587.8029078943289,1.0059836233371855,1587.755685094735,0.9997315689354436
1587.804296800322,0.9973178123726236,1587.804296800322,1.0026708696653763,1587.804296800322,0.9999815182644292,1587.7570740007286,1.0045976469275684
1587.80568570585,0.9951127047483592,1587.80568570585,1.0025462859508376,1587.80568570585,0.99764654624796,1587.758462906257,1.0053372238668028
1587.8070746118442,1.0027818995806859,1587.8070746118442,1.002502235857407,1587.8070746118442,1.0052910964069752,1587.75985181225,0.9937153796116196
1587.8084635178384,1.0164849779972456,1587.8084635178384,1.0024924396352923,1587.8084635178384,1.019018505445085,1587.7612407182437,0.9993241097069672
1587.8098524233656,0.9988629119776601,1587.8098524233656,1.0025328636398385,1587.8098524233656,1.0013928955285916,1587.762629624237,0.999409230246169
1587.8112413293582,0.9961967016012914,1587.8112413293582,1.002563208144293,1587.8112413293582,0.9987501611001536,1587.7640185302307,1.0081556116622643
1587.8126302353517,0.9969682949197982,1587.8126302353517,1.0026091229647986,1587.8126302353517,0.9995695077932496,1587.7654074357583,1.0056392049704737
1587.8140191408793,1.008168986480957,1587.8140191408793,1.0026370927955204,1587.8140191408793,1.010827621651873,1587.766796341752,1.006540720045343
1587.8154080468737,0.9963615047276654,1587.8154080468737,1.0026537350959737,1587.8154080468737,0.9990055842210384,1587.7681852477454,0.9935373276166856
1587.8167969528677,0.9970764941831719,1587.8167969528677,1.0026329430860106,1587.8167969528677,0.9997017398447552,1587.7695741537395,1.0150776827938208
1587.8181858583955,1.0111846145004346,1587.8181858583955,1.0024917690762993,1587.8181858583955,1.0137042530532765,1587.7709630597335,1.0096096722025871
1587.819574764389,1.0122617488984178,1587.819574764389,1.0024691617760195,1587.819574764389,1.0147611869161244,1587.7723519652616,0.9987155962569229
1587.820963669917,0.9886275279615403,1587.820963669917,1.00260133609671,1587.820963669917,0.991199280436228,1587.773740871255,1.0125503285182311
1587.8223525759113,0.9977773602171905,1587.8223525759113,1.002606894402082,1587.8223525759113,1.000378460432065,1587.7751297772484,1.0112890807599877
1587.8237414819057,0.9952098382157268,1587.8237414819057,1.0026625092433847,1587.8237414819057,0.9978595936090836,1587.7765186832426,0.9925656372995988
1587.825130387433,1.0115298610776373,1587.825130387433,1.0026570627838276,1587.825130387433,1.014217559426237,1587.777907588771,1.0033842487209854
1587.8265192934268,1.0070899083305074,1587.8265192934268,1.0025281017627932,1587.8265192934268,1.009635934103049,1587.7792964947648,0.9935849311552276
1587.8279081989544,1.0030917725091901,1587.8279081989544,1.0024631837708224,1587.8279081989544,1.0055625718838803,1587.780685400758,1.014806514833315
1587.8292971049482,1.0035236363088136,1587.8292971049482,1.0023343518603185,1587.8292971049482,1.0058662135761047,1587.7820743067518,0.9970816386232724
1587.8306860109424,0.9809280977682701,1587.8306860109424,1.002249905610914,1587.8306860109424,0.983135093399342,1587.7834632122797,1.00211008527399
1587.832074916471,0.9890829269672798,1587.832074916471,1.0022449250288115,1587.832074916471,0.9913033439855988,1587.7848521182736,1.01241428326338
1587.8334638224642,0.9949329372400442,1587.8334638224642,1.0022008760478964,1587.8334638224642,0.997122661310879,1587.7862410242674,0.9897680376126996
1587.8348527279911,0.9997551623154187,1587.8348527279911,1.0020972456748716,1587.8348527279911,1.0018518945055153,1587.7876299302602,0.9894749744845956
1587.8362416339842,0.9993916583258584,1587.8362416339842,1.0022171709433343,1587.8362416339842,1.0016074804717092,1587.7890188357878,1.0027138629714922
1587.8376305395127,1.0054583849024419,1587.8376305395127,1.0021601975608339,1587.8376305395127,1.007630373653028,1587.7904077417816,1.0073104335916645
1587.839019445507,1.0050761817527385,1587.839019445507,1.0021405411451736,1587.839019445507,1.0072275886738142,1587.7917966477758,1.0281937492310167
1587.8404083515002,0.9897927070311825,1587.8404083515002,1.0021404450243907,1587.8404083515002,0.9919113039061256,1587.793185553304,0.9902938291514536
1587.8417972570282,1.0027863776306696,1587.8417972570282,1.0021014292070969,1587.8417972570282,1.0048936622131015,1587.7945744592976,1.0059462293430856
1587.8431861630215,1.0004207787476938,1587.8431861630215,1.0021943091870127,1587.8431861630215,1.0026160112533782,1587.7959633652908,1.0087620340007966
1587.8445750685496,0.9962421212426116,1587.8445750685496,1.0022254924751266,1587.8445750685496,0.9984592505868412,1587.797352270819,1.001051552325868
1587.8459639745438,0.9812473312825878,1587.8459639745438,1.0022144175606855,1587.8459639745438,0.9834202226043558,1587.7987411768122,0.9982713580671438
1587.8473528800723,1.0078587007707511,1587.8473528800723,1.0023779453022819,1587.8473528800723,1.0102553336336129,1587.8001300828064,0.995659805801549
1587.8487417860656,1.0029135568687466,1587.8487417860656,1.0023327952828907,1587.8487417860656,1.0052531488833572,1587.8015189888006,1.002998131130589
1587.8501306915937,1.007488136265386,1587.8501306915937,1.002332432045997,1587.8501306915937,1.0098380338803732,1587.8029078943289,1.0059836233371855
1587.851519597587,0.9992964677172743,1587.851519597587,1.0023474135887456,1587.851519597587,1.0016422298247794,1587.804296800322,0.9999815182644292
1587.8529085031155,1.0011108581684873,1587.8529085031155,1.0024025846535372,1587.8529085031155,1.0035161117528124,1587.80568570585,0.99764654624796
1587.8542974091097,0.9858282416672741,1587.8542974091097,1.002244593688796,1587.8542974091097,0.9880410255167574,1587.8070746118442,1.0052910964069752
1587.8556863146373,0.9875992041352654,1587.8556863146373,1.0021767610298837,1587.8556863146373,0.9897489715959712,1587.8084635178384,1.019018505445085
1587.857075220631,0.9868539796999019,1587.857075220631,1.0021631248345386,1587.857075220631,0.988988668051454,1587.8098524233656,1.0013928955285916
1587.8584641261589,1.0056273997018261,1587.8584641261589,1.0020644836760257,1587.8584641261589,1.0077035010526747,1587.8112413293582,0.9987501611001536
1587.8598530321517,0.9924512433949555,1587.8598530321517,1.002020255139099,1587.8598530321517,0.9944562481197294,1587.8126302353517,0.9995695077932496
1587.8612419376796,0.9864304264038919,1587.8612419376796,1.0020562939240814,1587.8612419376796,0.9884588172962352,1587.8140191408793,1.010827621651873
1587.8626308436735,0.9942293163639042,1587.8626308436735,1.0019672025570452,1587.8626308436735,0.9961851668173446,1587.8154080468737,0.9990055842210384
1587.8640197492014,0.9913320604914589,1587.8640197492014,1.0020968068672667,1587.8640197492014,0.993410692363639,1587.8167969528677,0.9997017398447552
1587.865408655195,0.9932172882256728,1587.865408655195,1.002179056651403,1587.865408655195,0.9953815649638694,1587.8181858583955,1.0137042530532765
1587.8667975607227,1.0068912241373993,1587.8667975607227,1.0022180252849806,1587.8667975607227,1.0091245343317612,1587.819574764389,1.0147611869161244
1587.8681864662508,1.000723781503769,1587.8681864662508,1.0022831526807006,1587.8681864662508,1.0030085866881502,1587.820963669917,0.991199280436228
1587.869575372245,0.9982138369942332,1587.869575372245,1.0023359001473953,1587.869575372245,1.0005455648432,1587.8223525759113,1.000378460432065
1587.8709642777735,0.9957912395911311,1587.8709642777735,1.0023726330557217,1587.8709642777735,0.998153886802783,1587.8237414819057,0.9978595936090836
1587.8723531837668,0.9977619802915184,1587.8723531837668,1.002405248582929,1587.8723531837668,1.0001618458807149,1587.825130387433,1.014217559426237
1587.8737420892944,0.9932163950882281,1587.8737420892944,1.0024619567536404,1587.8737420892944,0.995661650899942,1587.8265192934268,1.009635934103049
1587.875130995288,1.0047601476946981,1587.875130995288,1.0025023334979895,1587.875130995288,1.0072743926697194,1587.8279081989544,1.0055625718838803
1587.876519900817,0.9967847280233727,1587.876519900817,1.0024958668258097,1587.876519900817,0.99927256995852,1587.8292971049482,1.0058662135761047
1587.8779088063452,1.007395928497116,1587.8779088063452,1.0024921879927255,1587.8779088063452,1.009906548534037,1587.8306860109424,0.983135093399342
1587.8792977123385,1.0011171111105857,1587.8792977123385,1.0024146926428978,1587.8792977123385,1.0035345012334635,1587.832074916471,0.9913033439855988
1587.8806866178666,0.9948407880820992,1587.8806866178666,1.0023745704307854,1587.8806866178666,0.9972031076008182,1587.8334638224642,0.997122661310879
1587.8820755238598,0.9967718713004976,1587.8820755238598,1.0024086542809671,1587.8820755238598,0.9991727501354531,1587.8348527279911,1.0018518945055153
1587.883464429387,1.0099299168487006,1587.883464429387,1.00244788150548,1587.883464429387,1.0124021056139856,1587.8362416339842,1.0016074804717092
1587.8848533353807,1.0049491052890418,1587.8848533353807,1.0024410715790566,1587.8848533353807,1.0074022579883612,1587.8376305395127,1.007630373653028
1587.8862422409093,1.001373926749545,1587.8862422409093,1.002529255817583,1587.8862422409093,1.003906657579352,1587.839019445507,1.0072275886738142
1587.887631146437,0.9907907612524096,1587.887631146437,1.0025989682359797,1587.887631146437,0.9933657949694068,1587.8404083515002,0.9919113039061256
1587.8890200524306,0.99604406915259,1587.8890200524306,1.002496030342534,1587.8890200524306,0.998530225371696,1587.8417972570282,1.0048936622131015
1587.8904089579582,0.9970621837922815,1587.8904089579582,1.0024899145939505,1587.8904089579582,0.9995447834747822,1587.8431861630215,1.0026160112533782
1587.8917978634868,1.005487575434262,1587.8917978634868,1.0024643448089183,1587.8917978634868,1.0079654435212153,1587.8445750685496,0.9984592505868412
1587.893186769481,0.984297099489369,1587.893186769481,1.0025628378860652,1587.893186769481,0.9868196933870844,1587.8459639745438,0.9834202226043558
1587.8945756750086,1.0130494832273806,1587.8945756750086,1.0025364520465376,1587.8945756750086,1.0156190346623566,1587.8473528800723,1.0102553336336129
1587.8959645810023,1.0018919163061883,1587.8959645810023,1.002449793416129,1587.8959645810023,1.004346344526428,1587.8487417860656,1.0052531488833572
1587.89735348653,0.9788409933315056,1587.89735348653,1.0024389818210213,1587.89735348653,0.9812283687199116,1587.8501306915937,1.0098380338803732
1587.898742392058,0.9914427810957116,1587.898742392058,1.0023974853889712,1587.898742392058,0.9938197506773896,1587.851519597587,1.0016422298247794
1587.9001312980522,1.004571583171156,1587.9001312980522,1.0024040453592125,1587.9001312980522,1.0069866188236754,1587.8529085031155,1.0035161117528124
1587.9015202035807,0.9964452645885885,1587.9015202035807,1.002464463067698,1587.9015202035807,0.9989009671421496,1587.8542974091097,0.9880410255167574
1587.9029091091084,1.004898489855028,1587.9029091091084,1.0024274219941218,1587.9029091091084,1.007337802551162,1587.8556863146373,0.9897489715959712
1587.904298015102,1.007895978725048,1587.904298015102,1.002472799824621,1587.904298015102,1.0103883037244756,1587.857075220631,0.988988668051454
1587.9056869206297,1.0028755949547743,1587.9056869206297,1.0024535893304527,1587.9056869206297,1.0053362398143266,1587.8584641261589,1.0077035010526747
1587.9070758261582,0.9933056541881928,1587.9070758261582,1.0024760824840089,1587.9070758261582,0.9957651609197952,1587.8598530321517,0.9944562481197294
1587.908464732152,0.9892874340081765,1587.908464732152,1.0024323277658278,1587.908464732152,0.9916937053022992,1587.8612419376796,0.9884588172962352
1587.9098536376791,0.9935835785053531,1587.9098536376791,1.0023891715990054,1587.9098536376791,0.9959574201723562,1587.8626308436735,0.9961851668173446
1587.9112425432068,0.9987122157700586,1587.9112425432068,1.0024658876662773,1587.9112425432068,1.0011749279050866,1587.8640197492014,0.993410692363639
1587.9126314487344,0.9999435066981299,1587.9126314487344,1.002470851880904,1587.9126314487344,1.0024142189924528,1587.865408655195,0.9953815649638694
1587.914020354728,0.9861724297579992,1587.914020354728,1.0024007686648808,1587.914020354728,0.9885400016255316,1587.8667975607227,1.0091245343317612
1587.9154092602566,1.0083146352487151,1587.9154092602566,1.0023643552737802,1587.9154092602566,1.0106986492741952,1587.8681864662508,1.0030085866881502
1587.9167981657852,1.0051284083772356,1587.9167981657852,1.0024269087577826,1587.9167981657852,1.0075677633142224,1587.869575372245,1.0005455648432
1587.9181870717784,1.0022151940832422,1587.9181870717784,1.0025006580004168,1587.9181870717784,1.0047213915264657,1587.8709642777735,0.998153886802783
1587.9195759773063,0.9834277652416837,1587.9195759773063,1.0025202475686124,1587.9195759773063,0.98590624667594,1587.8723531837668,1.0001618458807149
1587.920964882834,1.0042106374919764,1587.920964882834,1.0025107244994618,1587.920964882834,1.0067319337421476,1587.8737420892944,0.995661650899942
1587.922353788363,0.9978532369561733,1587.922353788363,1.0025786703249882,1587.922353788363,1.0004263714870056,1587.875130995288,1.0072743926697194
1587.9237426943569,1.0137040607154566,1587.9237426943569,1.0025613296694498,1587.9237426943569,1.0163004910022089,1587.876519900817,0.99927256995852
1587.925131599885,0.999183927744366,1587.925131599885,1.0025619347191586,1587.925131599885,1.0017437717396795,1587.8779088063452,1.009906548534037
1587.9265205054126,1.0005094022926981,1587.9265205054126,1.002551822867391,1587.9265205054126,1.0030625250645084,1587.8792977123385,1.0035345012334635
1587.9279094109406,0.994490051244096,1587.9279094109406,1.0025824452739884,1587.9279094109406,0.9970582673769598,1587.8806866178666,0.9972031076008182
1587.929298316934,0.9904553532133822,1587.929298316934,1.0026540269814987,1587.929298316934,0.9930840484447804,1587.8820755238598,0.9991727501354531
1587.9306872224624,1.000881534587158,1587.9306872224624,1.0027423735458707,1587.9306872224624,1.0036263256301603,1587.883464429387,1.0124021056139856
1587.9320761279905,1.0065512296016386,1587.9320761279905,1.0026728351149994,1587.9320761279905,1.0092415750731636,1587.8848533353807,1.0074022579883612
1587.9334650335172,1.0005000391137135,1587.9334650335172,1.0025909579578827,1587.9334650335172,1.0030922926519172,1587.8862422409093,1.003906657579352
1587.934853939511,0.9805402646555522,1587.934853939511,1.0026667735199157,1587.934853939511,0.9831551434685468,1587.887631146437,0.9933657949694068
1587.9362428450386,1.0015548940807564,1587.9362428450386,1.0027757563318243,1587.9362428450386,1.0043349664196706,1587.8890200524306,0.998530225371696
1587.937631750567,1.009012205882941,1587.937631750567,1.0028390144359276,1587.937631750567,1.0118768061014698,1587.8904089579582,0.9995447834747822
1587.9390206560956,1.00513439815059,1587.9390206560956,1.0027427286510295,1587.9390206560956,1.007891209062533,1587.8917978634868,1.0079654435212153
1587.9404095620894,0.9987987757252292,1587.9404095620894,1.0027753210714985,1587.9404095620894,1.0015707630136863,1587.893186769481,0.9868196933870844
1587.941798467617,0.9925613204749777,1587.941798467617,1.0027666517693588,1587.941798467617,0.9953073920084669,1587.8945756750086,1.0156190346623566
1587.943187373145,1.0032652157169624,1587.943187373145,1.0027388632087577,1587.943187373145,1.006013021904916,1587.8959645810023,1.004346344526428
1587.944576278673,1.0043150124028934,1587.944576278673,1.0026006648351058,1587.944576278673,1.0069268991390186,1587.89735348653,0.9812283687199116
1587.9459651842012,1.0067001761911096,1587.9459651842012,1.0026371416164785,1587.9459651842012,1.0093549871210594,1587.898742392058,0.9938197506773896
1587.9473540897295,1.0130897168928132,1587.9473540897295,1.0026073093078725,1587.9473540897295,1.0157311551413777,1587.9001312980522,1.0069866188236754
1587.9487429957237,1.0084994946763426,1587.9487429957237,1.002550494078813,1587.9487429957237,1.0110716666660005,1587.9015202035807,0.9989009671421496
1587.950131901251,0.9916734970713063,1587.950131901251,1.0025442690650557,1587.950131901251,0.9941965812725404,1587.9029091091084,1.007337802551162
1587.951520806779,0.9995463192950884,1587.951520806779,1.0025620992030047,1587.951520806779,1.0021072561231206,1587.904298015102,1.0103883037244756
1587.9529097123072,0.9917016760052714,1587.9529097123072,1.0025488375955642,1587.9529097123072,0.9942293625206576,1587.9056869206297,1.0053362398143266
1587.9542986178358,0.9947659758314005,1587.9542986178358,1.002543251659242,1587.9542986178358,0.9972959160499912,1587.9070758261582,0.9957651609197952
1587.955687523363,0.9910600775112935,1587.955687523363,1.0025982065824028,1587.955687523363,0.99363505632824,1587.908464732152,0.9916937053022992
1587.9570764293558,1.0024365135956377,1587.9570764293558,1.0027024814186831,1587.9570764293558,1.0051455796470394,1587.9098536376791,0.9959574201723562
1587.9584653348838,0.989589586882675,1587.9584653348838,1.0027666501857595,1587.9584653348838,0.9923274350970496,1587.9112425432068,1.0011749279050866
1587.9598542404117,1.0065109198954783,1587.9598542404117,1.0028029994041987,1587.9598542404117,1.0093321694042647,1587.9126314487344,1.0024142189924528
1587.96124314594,0.9967128990417424,1587.96124314594,1.0027847627282829,1587.96124314594,0.9994885079737926,1587.914020354728,0.9885400016255316
1587.9626320514683,1.0006843000791414,1587.9626320514683,1.002787651330443,1587.9626320514683,1.0034738589996104,1587.9154092602566,1.0106986492741952
1587.9640209569966,0.9900142831017357,1587.9640209569966,1.002720034741496,1587.9640209569966,0.9927071563463497,1587.9167981657852,1.0075677633142224
1587.9654098625242,1.0006997941413636,1587.9654098625242,1.0027379530312044,1587.9654098625242,1.0034396631760585,1587.9181870717784,1.0047213915264657
1587.966798768518,1.0106341347019248,1587.966798768518,1.0027066347839617,1587.966798768518,1.013369552204768,1587.9195759773063,0.98590624667594
1587.9681876740465,1.0081970028465206,1587.9681876740465,1.0027413029380678,1587.9681876740465,1.010960776252575,1587.920964882834,1.0067319337421476
1587.969576579575,0.9944247968317779,1587.969576579575,1.0027831256895223,1587.969576579575,0.9971924060301384,1587.922353788363,1.0004263714870056
1587.9709654851026,1.010476970992502,1587.9709654851026,1.002910065102818,1587.9709654851026,1.0134175247629886,1587.9237426943569,1.0163004910022089
1587.9723543906302,1.000390716878548,1587.9723543906302,1.0028415540540314,1587.9723543906302,1.0032333811757097,1587.925131599885,1.0017437717396795
1587.9737432961583,1.0037810419180475,1587.9737432961583,1.0027478124545073,1587.9737432961583,1.0065392439666283,1587.9265205054126,1.0030625250645084
1587.975132201686,1.0119939449645334,1587.975132201686,1.00267768191872,1587.975132201686,1.0147037428528192,1587.9279094109406,0.9970582673769598
1587.9765211072145,0.9970448804619787,1587.9765211072145,1.0026701006346705,1587.9765211072145,0.9997070906300952,1587.929298316934,0.9930840484447804
1587.977910012743,0.9929194085511059,1587.977910012743,1.0026148714053342,1587.977910012743,0.9955157651203276,1587.9306872224624,1.0036263256301603
1587.979298918271,0.9900517265054188,1587.979298918271,1.00261353033462,1587.979298918271,0.9926392567254836,1587.9320761279905,1.0092415750731636
1587.9806878237982,1.0044423394943345,1587.9806878237982,1.0027646034264437,1587.9806878237982,1.0072192242277656,1587.9334650335172,1.0030922926519172
1587.982076729791,0.9943719475355403,1587.982076729791,1.0027798280114995,1587.982076729791,0.9971361305291488,1587.934853939511,0.9831551434685468
1587.9834656353196,0.9934475869584263,1587.9834656353196,1.0026600485316433,1587.9834656353196,0.9960902057533796,1587.9362428450386,1.0043349664196706
1587.984854540848,1.005131838280354,1587.984854540848,1.0027898282225833,1587.984854540848,1.0079359834502055,1587.937631750567,1.0118768061014698
1587.9862434463755,0.9955538008747891,1587.9862434463755,1.0028639992334611,1587.9862434463755,0.9984050661973638,1587.9390206560956,1.007891209062533
1587.9876323519038,1.0104158752893966,1587.9876323519038,1.0029846460238916,1587.9876323519038,1.013431609014056,1587.9404095620894,1.0015707630136863
1587.9890212574314,1.0067262980811855,1587.9890212574314,1.002996435308319,1587.9890212574314,1.009742888306569,1587.941798467617,0.9953073920084669
1587.9904101629593,1.006934924052576,1587.9904101629593,1.0029887835151121,1587.9904101629593,1.009944434554375,1587.943187373145,1.006013021904916
1587.9917990684876,1.0088507293143274,1587.9917990684876,1.0028898550619254,1587.9917990684876,1.0117661617011635,1587.944576278673,1.0069268991390186
1587.993187974016,1.011827973036481,1587.993187974016,1.0028231274148292,1587.993187974016,1.0146844923262512,1587.9459651842012,1.0093549871210594
1587.9945768795442,0.9994375958884315,1587.9945768795442,1.0028886374069508,1587.9945768795442,1.0023246087138278,1587.9473540897295,1.0157311551413777
1587.9959657850718,0.9961094407524165,1587.9959657850718,1.002894859421642,1587.9959657850718,0.9989930375519652,1587.9487429957237,1.0110716666660005
1587.9973546906,1.0091939243499877,1587.9973546906,1.00297040734025,1587.9973546906,1.0121916413906125,1587.950131901251,0.9941965812725404
1587.9987435961284,1.0098811560878576,1587.9987435961284,1.0030340436278333,1587.9987435961284,1.012945179574355,1587.951520806779,1.0021072561231206
1588.000132501657,0.9999900552046729,1588.000132501657,1.0030709013140466,1588.000132501657,1.0030609259792345,1587.9529097123072,0.9942293625206576
1588.0015214071846,1.0009578536345112,1588.0015214071846,1.003162696612145,1588.0015214071846,1.0041235796471009,1587.9542986178358,0.9972959160499912
1588.0029103127126,0.9867256521052509,1588.0029103127126,1.003090856508893,1588.0029103127126,0.989775479509552,1587.955687523363,0.99363505632824
1588.0042992182398,0.9912593314497317,1588.0042992182398,1.0030654629265436,1588.0042992182398,0.9942980001808812,1587.9570764293558,1.0051455796470394
1588.005688123767,1.0063113308273857,1588.005688123767,1.0030844013273872,1588.005688123767,1.0094151988319544,1587.9584653348838,0.9923274350970496
1588.0070770292955,1.0141619130159607,1588.0070770292955,1.0030398492629928,1588.0070770292955,1.0172448123597977,1587.9598542404117,1.0093321694042647
1588.008465934824,0.9881601655399114,1588.008465934824,1.0029720232048156,1588.008465934824,0.9910970004819704,1587.96124314594,0.9994885079737926
1588.0098548403516,1.0112932593313646,1588.0098548403516,1.0028769872414376,1588.0098548403516,1.0142027371358129,1587.9626320514683,1.0034738589996104
1588.0112437458793,1.0146367226511903,1588.0112437458793,1.0029160992735657,1588.0112437458793,1.0175955040610465,1587.9640209569966,0.9927071563463497
1588.012632651407,0.9860848348206899,1588.012632651407,1.0030630041546857,1588.012632651407,0.9891052167666182,1587.9654098625242,1.0034396631760585
1588.014021556936,1.006206704220147,1588.014021556936,1.0030463457064707,1588.014021556936,1.00927195769337,1587.966798768518,1.013369552204768
1588.0154104624644,1.0065784323545472,1588.0154104624644,1.0031456689830798,1588.0154104624644,1.009744794908242,1587.9681876740465,1.010960776252575
1588.016799367992,0.9974450108163571,1588.016799367992,1.0031807010241667,1588.016799367992,1.0006175851838106,1587.969576579575,0.9971924060301384
1588.01818827352,0.998487781939679,1588.01818827352,1.0033143867223013,1588.01818827352,1.00179715658652,1587.9709654851026,1.0134175247629886
1588.0195771790477,0.9979562141919234,1588.0195771790477,1.0031653402995289,1588.0195771790477,1.0011150852138704,1587.9723543906302,1.0032333811757097
1588.02096608411,0.9943096449487181,1588.02096608411,1.00309298956244,1588.02096608411,0.997385034302378,1587.9737432961583,1.0065392439666283
1588.0223549896386,1.0008715912081603,1588.0223549896386,1.0031362733657112,1588.0223549896386,1.0040105981221634,1587.975132201686,1.0147037428528192
1588.0237438951672,1.0111362303515332,1588.0237438951672,1.0031257972046246,1588.0237438951672,1.0142968371538608,1587.9765211072145,0.9997070906300952
1588.0251328006948,0.9965414108601575,1588.0251328006948,1.0030754511129343,1588.0251328006948,0.9996062252512724,1587.977910012743,0.9955157651203276
1588.0265217062229,0.9982826044069716,1588.0265217062229,1.003104244230223,1588.0265217062229,1.001381517421834,1587.979298918271,0.9926392567254836
1588.02791061175,0.9959398580253576,1588.02791061175,1.003078594747115,1588.02791061175,0.999005953240717,1587.9806878237982,1.0072192242277656
1588.029299517277,1.0036038572864865,1588.029299517277,1.0030247975906095,1588.029299517277,1.0066395558159331,1587.982076729791,0.9971361305291488
1588.0306884228053,0.9968222390863288,1588.0306884228053,1.0029243425154775,1588.0306884228053,0.9997372887404624,1587.9834656353196,0.9960902057533796
1588.0320773283338,0.9943636985193827,1588.0320773283338,1.0029817432795072,1588.0320773283338,0.9973286357948288,1587.984854540848,1.0079359834502055
1588.033466233862,1.000948559684428,1588.033466233862,1.0029782750499163,1588.033466233862,1.003929659805986,1587.9862434463755,0.9984050661973638
1588.0348551393895,1.0003575048301676,1588.0348551393895,1.0030883116465728,1588.0348551393895,1.0034469205630712,1587.9876323519038,1.013431609014056
1588.036244044452,0.9907819198087477,1588.036244044452,1.003100422122103,1588.036244044452,0.9938537619911024,1587.9890212574314,1.009742888306569
1588.0376329499804,0.9874172242088765,1588.0376329499804,1.0030712217548197,1588.0376329499804,0.9904498014689505,1587.9904101629593,1.009944434554375
1588.039021855509,1.0208885074844725,1588.039021855509,1.0031581006027672,1588.039021855509,1.0241125760953174,1587.9917990684876,1.0117661617011635
1588.0404107610366,1.0067976174742113,1588.0404107610366,1.00303173943746,1588.0404107610366,1.0098499655166486,1587.993187974016,1.0146844923262512
1588.0417996665649,0.9991926801971672,1588.0417996665649,1.0029895633297599,1588.0417996665649,1.0021798299932492,1587.9945768795442,1.0023246087138278
1588.0431885720925,1.00580451460974,1588.0431885720925,1.0029375775252447,1588.0431885720925,1.0087591433466474,1587.9959657850718,0.9989930375519652
1588.0445774776204,1.0041960579233187,1588.0445774776204,1.0029329961306053,1588.0445774776204,1.0071413610755768,1587.9973546906,1.0121916413906125
1588.0459663826832,1.016491197459911,1588.0459663826832,1.0028915109714072,1588.0459663826832,1.019430392909705,1587.9987435961284,1.012945179574355
1588.0473552882115,0.9930073530525965,1588.0473552882115,1.0029772825465666,1588.0473552882115,0.9959638165134522,1588.000132501657,1.0030609259792345
1588.0487441937394,0.9928802500575031,1588.0487441937394,1.002898784119586,1588.0487441937394,0.9957583955590203,1588.0015214071846,1.0041235796471009
1588.0501330992672,0.9992113391443389,1588.0501330992672,1.002898387333255,1588.0501330992672,1.0021074406329598,1588.0029103127126,0.989775479509552
1588.051522004795,1.0086547199711269,1588.051522004795,1.0028177321849097,1588.051522004795,1.0114968388390506,1588.0042992182398,0.9942980001808812
1588.052910910323,1.0045958547469627,1588.052910910323,1.0028146859849736,1588.052910910323,1.0074234766198815,1588.005688123767,1.0094151988319544
1588.054299815385,1.0062472866469068,1588.054299815385,1.0028339577739114,1588.054299815385,1.009098948967377,1588.0070770292955,1.0172448123597977
1588.0556887209127,0.9947969494262399,1588.0556887209127,1.0028387817825182,1588.0556887209127,0.9976209608835758,1588.008465934824,0.9910970004819704
1588.0570776264408,0.9968112683943242,1588.0570776264408,1.0028572682555417,1588.0570776264408,0.9996594255882736,1588.0098548403516,1.0142027371358129
1588.0584665319684,1.0127284770722245,1588.0584665319684,1.002850219421115,1588.0584665319684,1.015614975445892,1588.0112437458793,1.0175955040610465
1588.0598554374965,1.0106559606496344,1588.0598554374965,1.0028872619078144,1588.0598554374965,1.0135739891067237,1588.012632651407,0.9891052167666182
1588.0612443425591,1.0140891624099264,1588.0612443425591,1.0027970399773567,1588.0612443425591,1.016925610337791,1588.014021556936,1.00927195769337
1588.062633248088,0.9920356826070814,1588.062633248088,1.0026785010625225,1588.062633248088,0.9946928512370048,1588.0154104624644,1.009744794908242
1588.0640221536155,0.9998834808687324,1588.0640221536155,1.002628957668978,1588.0640221536155,1.0025121322138466,1588.016799367992,1.0006175851838106
1588.0654110591436,0.9961608400263934,1588.0654110591436,1.0025854086331516,1588.0654110591436,0.9987363228622052,1588.01818827352,1.00179715658652
1588.0667999646712,1.0045228977258576,1588.0667999646712,1.0026282865362801,1588.0667999646712,1.0071630717333355,1588.0195771790477,1.0011150852138704
1588.068188869734,0.9839411237138439,1588.068188869734,1.002619328579254,1588.068188869734,0.9865183888194908,1588.02096608411,0.997385034302378
1588.0695777752626,0.9798287529120183,1588.0695777752626,1.0025494907933268,1588.0695777752626,0.9823268172966044,1588.0223549896386,1.0040105981221634
1588.0709666807904,0.9944576578749483,1588.0709666807904,1.0024497888028658,1588.0709666807904,0.9968938691101346,1588.0237438951672,1.0142968371538608
1588.0723555863185,0.9862716267254809,1588.0723555863185,1.0022989517148562,1588.0723555863185,0.9885390175730554,1588.0251328006948,0.9996062252512724
1588.0737444913802,1.0095849501294607,1588.0737444913802,1.002155081431755,1588.0737444913802,1.011760687909264,1588.0265217062229,1.001381517421834
1588.0751333969083,1.0126152244538358,1588.0751333969083,1.0022953654235995,1588.0751333969083,1.0149395464274575,1588.02791061175,0.999005953240717
1588.076522302436,1.0061346477645154,1588.076522302436,1.0022455747997123,1588.076522302436,1.0083939983746528,1588.029299517277,1.0066395558159331
1588.077911207964,1.0062491212521312,1588.077911207964,1.0023522047498001,1588.077911207964,1.0086160252146226,1588.0306884228053,0.9997372887404624
1588.079300113026,0.9969045798361699,1588.079300113026,1.0024635655830019,1588.079300113026,0.9993605196485912,1588.0320773283338,0.9973286357948288
1588.080689018554,1.0014177592732314,1588.080689018554,1.0024665198678162,1588.080689018554,1.0038877760724627,1588.033466233862,1.003929659805986
1588.0820779240817,1.0033671907573523,1588.0820779240817,1.0023807923593768,1588.0820779240817,1.0057559996987568,1588.0348551393895,1.0034469205630712
1588.0834668291443,1.0043186333799174,1588.0834668291443,1.0023742020159412,1588.0834668291443,1.0067030887039354,1588.036244044452,0.9938537619911024
1588.084855734673,0.9972818686248506,1588.084855734673,1.0022463259487366,1588.084855734673,0.9995220887645472,1588.0376329499804,0.9904498014689505
1588.0862446402011,1.0057365122707567,1588.0862446402011,1.0022650787191285,1588.0862446402011,1.0080145846417516,1588.039021855509,1.0241125760953174
1588.0876335457287,0.9966020542812862,1588.0876335457287,1.0021748704437077,1588.0876335457287,0.998769534633281,1588.0404107610366,1.0098499655166486
1588.089022450791,0.9937227583527646,1588.089022450791,1.0022281060844562,1588.089022450791,0.995936878076913,1588.0417996665649,1.0021798299932492
1588.0904113563188,0.9980261782188984,1588.0904113563188,1.0022946315911332,1588.0904113563188,1.0003162806162174,1588.0431885720925,1.0087591433466474
1588.0918002618473,1.0055420066031755,1588.0918002618473,1.0022509307112133,1588.0918002618473,1.0078054119872537,1588.0445774776204,1.0071413610755768
1588.0931891669102,1.0016563724975251,1588.0931891669102,1.0022491428012983,1588.0931891669102,1.0039092407171024,1588.0459663826832,1.019430392909705
1588.0945780724378,1.0165137077995494,1588.0945780724378,1.0022769063320724,1588.0945780724378,1.0188282142974767,1588.0473552882115,0.9959638165134522
1588.095966977966,0.9994724651390882,1588.095966977966,1.0021544183374909,1588.095966977966,1.001625746945801,1588.0487441937394,0.9957583955590203
1588.0973558830278,0.9891364272212871,1588.0973558830278,1.002063000584658,1588.0973558830278,0.9911770162489512,1588.0501330992672,1.0021074406329598
1588.0987447885564,0.9968581443118212,1588.0987447885564,1.0020374154659835,1588.0987447885564,0.9988891585124337,1588.051522004795,1.0114968388390506
1588.1001336940844,0.9989407015308153,1588.1001336940844,1.0019061574614265,1588.1001336940844,1.000844839802561,1588.052910910323,1.0074234766198815
1588.101522599146,0.9959650716367843,1588.101522599146,1.0018848447642834,1588.101522599146,0.997842311187468,1588.054299815385,1.009098948967377
1588.1029115046736,0.9867560116551616,1588.1029115046736,1.0018993081940988,1588.1029115046736,0.9886301654336744,1588.0556887209127,0.9976209608835758
1588.1043004102016,1.0156957532691187,1588.1043004102016,1.0018931614304105,1588.1043004102016,1.0176186292942395,1588.0570776264408,0.9996594255882736
1588.1056893152636,0.9939444396782056,1588.1056893152636,1.00178175461078,1588.1056893152636,0.9957154047664613,1588.0584665319684,1.015614975445892
1588.107078220792,0.9910109512949439,1588.107078220792,1.0019010012541256,1588.107078220792,0.9928948643562078,1588.0598554374965,1.0135739891067237
1588.1084671263206,1.0090161750039053,1588.1084671263206,1.001902965473585,1588.1084671263206,1.0109362979472265,1588.0612443425591,1.016925610337791
1588.1098560313828,1.001725860149866,1588.1098560313828,1.001846292818165,1588.1098560313828,1.003575339411231,1588.062633248088,0.9946928512370048
1588.111244936911,1.0105936780526736,1588.111244936911,1.0018267159280954,1588.111244936911,1.0124397456212049,1588.0640221536155,1.0025121322138466
1588.1126338419726,0.9941064113992666,1588.1126338419726,1.0017417731951446,1588.1126338419726,0.9958379192997632,1588.0654110591436,0.9987363228622052
1588.1140227475012,0.992095323539747,1588.1140227475012,1.0017164691227927,1588.1140227475012,0.99379822452947,1588.0667999646712,1.0071630717333355
1588.1154116530297,0.9952287541581821,1588.1154116530297,1.0016249569661795,1588.1154116530297,0.9968459580551936,1588.068188869734,0.9865183888194908
1588.116800558092,0.991348810595484,1588.116800558092,1.0015530935258832,1588.116800558092,0.9928884680151118,1588.0695777752626,0.9823268172966044
1588.1181894636195,1.0080589345771938,1588.1181894636195,1.00144206395088,1588.1181894636195,1.00951262002711,1588.0709666807904,0.9968938691101346
1588.119578368682,0.9975641242474612,1588.119578368682,1.001390108185404,1588.119578368682,0.998950846302043,1588.0723555863185,0.9885390175730554
1588.1209672742098,1.0083844203139063,1588.1209672742098,1.0014179843239055,1588.1209672742098,1.009814293614382,1588.0737444913802,1.011760687909264
1588.1223561797383,1.001973579115854,1588.1223561797383,1.0013999113429706,1588.1223561797383,1.003376253294615,1588.0751333969083,1.0149395464274575
1588.1237450848007,1.0158702258105883,1588.1237450848007,1.0013916778959582,1588.1237450848007,1.017283989949011,1588.076522302436,1.0083939983746528
1588.125133990328,1.009594049919943,1588.125133990328,1.0013408237077348,1588.125133990328,1.0109477375572635,1588.077911207964,1.0086160252146226
1588.1265228953898,0.9996693270920355,1588.1265228953898,1.0012578510164325,1588.1265228953898,1.0009267621712146,1588.079300113026,0.9993605196485912
1588.1279118009177,0.9993913344493124,1588.1279118009177,1.0012921076659187,1588.1279118009177,1.000682655653807,1588.080689018554,1.0038877760724627
1588.1293007059803,0.998371816506304,1588.1293007059803,1.0012991959164002,1588.1293007059803,0.999668897093358,1588.0820779240817,1.0057559996987568
1588.1306896115088,0.9877684476773391,1588.1306896115088,1.0013100482333503,1588.1306896115088,0.989062471987178,1588.0834668291443,1.0067030887039354
1588.1334674220989,0.9822439091815977,1588.1334674220989,1.0012832351493366,1588.1334674220989,0.9835043590910812,1588.084855734673,0.9995220887645472
1588.134856327627,1.0092974760728044,1588.134856327627,1.0011421424126463,1588.134856327627,1.010450237527204,1588.0862446402011,1.0080145846417516
1588.136245232689,1.0148241042705044,1588.136245232689,1.001154705022626,1588.136245232689,1.0159959267607874,1588.0876335457287,0.998769534633281
1588.1376341382174,0.9951829440667018,1588.1376341382174,1.0011912407979109,1588.1376341382174,0.9963684465910592,1588.089022450791,0.995936878076913
1588.1390230432803,1.0115406701225564,1588.1390230432803,1.0011309298701299,1588.1390230432803,1.012684651681249,1588.0904113563188,1.0003162806162174
1588.1404119488084,1.0144458890292227,1588.1404119488084,1.000978255720312,1588.1404119488084,1.0154382765231125,1588.0918002618473,1.0078054119872537
1588.1418008538703,1.0090852933096464,1588.1418008538703,1.0010295005140843,1588.1418008538703,1.0101241471378637,1588.0931891669102,1.0039092407171024
1588.1431897593984,0.9927318772880368,1588.1431897593984,1.000967532239997,1588.1431897593984,0.9936923773849856,1588.0945780724378,1.0188282142974767
1588.1445786644613,0.9946739019735903,1588.1445786644613,1.0009232289312802,1588.1445786644613,0.9955922136970816,1588.095966977966,1.001625746945801
1588.1459675699898,1.0012091725697825,1588.1459675699898,1.0008931903287472,1588.1459675699898,1.0021034429197748,1588.0973558830278,0.9911770162489512
1588.1473564750513,0.9875181310961736,1588.1473564750513,1.0008443323454688,1588.1473564750513,0.988351924595995,1588.0987447885564,0.9988891585124337
1588.1487453805782,1.0011830808910174,1588.1487453805782,1.0008323501503253,1588.1487453805782,1.0020164157789002,1588.1001336940844,1.000844839802561
1588.1501342856404,1.0016315458299863,1588.1501342856404,1.0007941087166135,1588.1501342856404,1.002426950171365,1588.101522599146,0.997842311187468
1588.151523191168,1.003303469613871,1588.151523191168,1.0008684119893794,1588.151523191168,1.0041747503758696,1588.1029115046736,0.9886301654336744
1588.152912096231,1.00236527574598,1588.152912096231,1.000832187266938,1588.152912096231,1.0031994313652766,1588.1043004102016,1.0176186292942395
1588.1543010017594,0.9872547987692105,1588.1543010017594,1.0007225544630514,1588.1543010017594,0.98796814413023,1588.1056893152636,0.9957154047664613
1588.155689906822,1.002193005482896,1588.155689906822,1.0007549439637031,1588.155689906822,1.0029496050428508,1588.107078220792,0.9928948643562078
1588.1570788123497,0.986344237495075,1588.1570788123497,1.0007202337619316,1588.1570788123497,0.9870546359158058,1588.1084671263206,1.0109362979472265
1588.158467717412,1.0073639832579286,1588.158467717412,1.0006681910366118,1588.158467717412,1.008037094842147,1588.1098560313828,1.003575339411231
1588.1598566224748,1.0019302382885085,1588.1598566224748,1.0006206730103793,1588.1598566224748,1.002552109345697,1588.111244936911,1.0124397456212049
1588.1612455280033,0.9983351866244907,1588.1612455280033,1.000687656275212,1588.1612455280033,0.999021698080338,1588.1126338419726,0.9958379192997632
1588.1626344330653,1.0032050381260071,1588.1626344330653,1.0006885266187617,1588.1626344330653,1.0038957714988328,1588.1140227475012,0.99379822452947
1588.164023338593,0.9930806988814936,1588.164023338593,1.0005966795892327,1588.164023338593,0.9936732498649772,1588.1154116530297,0.9968459580551936
1588.1654122436553,1.002086303601571,1588.1654122436553,1.0005554871734559,1588.1654122436553,1.0026429496899174,1588.116800558092,0.9928884680151118
1588.1668011491834,0.9983326853421889,1588.1668011491834,1.0006186388960356,1588.1668011491834,0.9989502927725252,1588.1181894636195,1.00951262002711
1588.1681900542462,0.9874858252298762,1588.1681900542462,1.0006291901076043,1588.1681900542462,0.9881071415425102,1588.119578368682,0.998950846302043
1588.1695789597743,1.00131759546421,1588.1695789597743,1.0005896745831793,1588.1695789597743,1.0019080469999453,1588.1209672742098,1.009814293614382
1588.1709678648358,1.011780249347733,1588.1709678648358,1.0005885990192978,1588.1709678648358,1.012375782210244,1588.1223561797383,1.003376253294615
1588.1723567698973,1.0016385186394814,1588.1723567698973,1.000711309487514,1588.1723567698973,1.002350993620849,1588.1237450848007,1.017283989949011
1588.1737456754254,1.0009766916228267,1588.1737456754254,1.0007207407418188,1588.1737456754254,1.0016981363060902,1588.125133990328,1.0109477375572635
1588.175134580487,0.9905134098341251,1588.175134580487,1.000669030685552,1588.175134580487,0.9911760936997548,1588.1265228953898,1.0009267621712146
1588.176523486016,0.9960489738147255,1588.176523486016,1.000567235029631,1588.176523486016,0.9966139676839012,1588.1279118009177,1.000682655653807
1588.1779123910787,0.9958302589896654,1588.1779123910787,1.0004525554733978,1588.1779123910787,0.9962809274239464,1588.1293007059803,0.999668897093358
1588.1793012961411,1.003893210878969,1588.1793012961411,1.000287186778983,1588.1793012961411,1.0041815157366445,1588.1306896115088,0.989062471987178
1588.1806902016688,1.0122575788410135,1588.1806902016688,1.0004214152829418,1588.1806902016688,1.012684159655011,1588.132078517037,1.0266887639750444
1588.1820791067312,1.0019726690965456,1588.1820791067312,1.0003759223653168,1588.1820791067312,1.0023493330322952,1588.1334674220989,0.9835043590910812
1588.183468011794,0.9995968028520652,1588.183468011794,1.0002947319425795,1588.183468011794,0.999891415959566,1588.134856327627,1.010450237527204
1588.1848569173226,0.9893563771604531,1588.1848569173226,1.0002946810204958,1588.1848569173226,0.9896479217073088,1588.136245232689,1.0159959267607874
1588.1862458223843,0.9961124262758443,1588.1862458223843,1.0003108596650403,1588.1862458223843,0.9964220774510189,1588.1376341382174,0.9963684465910592
1588.1876347279126,1.0016818147817375,1588.1876347279126,1.0002928397941424,1588.1876347279126,1.0019751470781744,1588.1390230432803,1.012684651681249
1588.1890236329746,0.9813207288953509,1588.1890236329746,1.0002017656435098,1588.1890236329746,0.981518725703706,1588.1404119488084,1.0154382765231125
1588.1904125380363,1.0007335732235312,1588.1904125380363,1.0001470766029577,1588.1904125380363,1.0008807577179466,1588.1418008538703,1.0101241471378637
1588.191801443565,1.004791554885707,1588.191801443565,1.0001610553067095,1588.191801443565,1.004953381897758,1588.1431897593984,0.9936923773849856
1588.193190348628,0.9986703942730085,1588.193190348628,1.0001689251735706,1588.193190348628,0.998839094842701,1588.1445786644613,0.9955922136970816
1588.1945792536894,0.9974591033828678,1588.1945792536894,1.0001691757260722,1588.1945792536894,0.99762784925091,1588.1459675699898,1.0021034429197748
1588.1959681592166,0.992143396545575,1588.1959681592166,1.0001644192129089,1588.1959681592166,0.9923065239819278,1588.1473564750513,0.988351924595995
1588.197357064279,0.9903202765448322,1588.197357064279,1.0002320211709135,1588.197357064279,0.9905500518149756,1588.1487453805782,1.0020164157789002
1588.198745969342,1.0138423627233744,1588.198745969342,1.0001130425307634,1588.198745969342,1.0139569700298516,1588.1501342856404,1.002426950171365
1588.2001348744047,0.996222610081637,1588.2001348744047,0.9999885910302025,1588.2001348744047,0.996211244207967,1588.151523191168,1.0041747503758696
1588.2015237799324,1.0074925399380068,1588.2015237799324,0.9998247420758333,1588.2015237799324,1.0073159688868438,1588.152912096231,1.0031994313652766
1588.2029126849948,1.011169058139719,1588.2029126849948,0.9996921994645963,1588.2029126849948,1.01085781976224,1588.1543010017594,0.98796814413023
1588.2043015900567,0.9945079734205095,1588.2043015900567,0.9997146557062019,1588.2043015900567,0.9942241962451572,1588.155689906822,1.0029496050428508
1588.2056904955848,0.994904826931019,1588.2056904955848,0.9996823422353271,1588.2056904955848,0.9945887876876338,1588.1570788123497,0.9870546359158058
1588.2070794006477,0.9892764567557569,1588.2070794006477,0.9996990201944134,1588.2070794006477,0.9889787045201311,1588.158467717412,1.008037094842147
1588.2084683057103,0.9934588173355572,1588.2084683057103,0.9996600322927718,1588.2084683057103,0.993121073419202,1588.1598566224748,1.002552109345697
1588.2098572112382,1.0019079679182956,1588.2098572112382,0.9996383303081344,1588.2098572112382,1.001545608172261,1588.1612455280033,0.999021698080338
1588.2112461163,0.9876934929873101,1588.2112461163,0.9995709396638154,1588.2112461163,0.9872697128851616,1588.1626344330653,1.0038957714988328
1588.2126350213623,0.9770324371435113,1588.2126350213623,0.9995118231536294,1588.2126350213623,0.9765554725295448,1588.164023338593,0.9936732498649772
1588.2140239264254,1.0140377975149646,1588.2140239264254,0.9995389125440365,1588.2140239264254,1.0135702374066575,1588.1654122436553,1.0026429496899174
1588.215412831954,1.0063792362936999,1588.215412831954,0.9995509148594443,1588.215412831954,1.0059272863329165,1588.1668011491834,0.9989502927725252
1588.216801737016,1.0111602992173165,1588.216801737016,0.999461818917343,1588.216801737016,1.010616111872744,1588.1681900542462,0.9881071415425102
1588.2181906420774,1.000953142524429,1588.2181906420774,0.9994718257862075,1588.2181906420774,1.0004244648853329,1588.1695789597743,1.0019080469999453
1588.219579547139,0.9977686767613467,1588.219579547139,0.9993727580457481,1588.219579547139,0.9971428343866436,1588.1709678648358,1.012375782210244
1588.220968452667,0.9880713907003398,1588.220968452667,0.9993474328327351,1588.220968452667,0.987426607751855,1588.1723567698973,1.002350993620849
1588.2223573577298,1.0042461541187149,1588.2223573577298,0.9993721971915261,1588.2223573577298,1.00361568556276,1588.1737456754254,1.0016981363060902
1588.2237462627927,0.9968161738952754,1588.2237462627927,0.9993686433809378,1588.2237462627927,0.9961868274058984,1588.175134580487,0.9911760936997548
1588.225135167855,0.980038909273404,1588.225135167855,0.9993003195649557,1588.225135167855,0.9793531952230032,1588.176523486016,0.9966139676839012
1588.226524072917,0.9979925633715749,1588.226524072917,0.9992843876973337,1588.226524072917,0.9972783876152568,1588.1779123910787,0.9962809274239464
1588.2279129784447,0.9916788010149636,1588.2279129784447,0.9992891548166892,1588.2279129784447,0.9909738709158707,1588.1793012961411,1.0041815157366445
1588.2293018835076,0.995011416193083,1588.2293018835076,0.9993220103491395,1588.2293018835076,0.994336808750416,1588.1806902016688,1.012684159655011
1588.2306907885704,1.0134661589999514,1588.2306907885704,0.9992995153368015,1588.2306907885704,1.0127562414989013,1588.1820791067312,1.0023493330322952
1588.2320796936324,0.9970140358836161,1588.2320796936324,0.9993344027971066,1588.2320796936324,0.9963504261300866,1588.183468011794,0.999891415959566
1588.2334685991605,1.0019825901039696,1588.2334685991605,0.9992620080738717,1588.2334685991605,1.0012431350423516,1588.1848569173226,0.9896479217073088
1588.2348575042224,0.9968098929146904,1588.2348575042224,0.9992221710127339,1588.2348575042224,0.9960345452851878,1588.1862458223843,0.9964220774510189
1588.2362464092848,1.0019972054737132,1588.2362464092848,0.9992037295491452,1588.2362464092848,1.0011993447071554,1588.1876347279126,1.0019751470781744
1588.2376353143477,1.0070572795218555,1588.2376353143477,0.9991898217154629,1588.2376353143477,1.006241383582702,1588.1890236329746,0.981518725703706
1588.2390242194106,1.0002339594393213,1588.2390242194106,0.9991912663606176,1588.2390242194106,0.99942503658907,1588.1904125380363,1.0008807577179466
1588.2404131244723,1.0030674036036744,1588.2404131244723,0.9991569575777418,1588.2404131244723,1.0022217752300522,1588.191801443565,1.004953381897758
1588.2418020299997,0.999556885512687,1588.2418020299997,0.9992453419819298,1588.2418020299997,0.9988025618945175,1588.193190348628,0.998839094842701
1588.2431909350612,0.9982104343822774,1588.2431909350612,0.9992158183484595,1588.2431909350612,0.9974276560752586,1588.1945792536894,0.99762784925091
1588.244579840124,1.0021430243133025,1588.244579840124,0.9992755330512444,1588.244579840124,1.0014170048142614,1588.1959681592166,0.9923065239819278
1588.245968745187,1.0089903933475923,1588.245968745187,0.9992116678300212,1588.245968745187,1.008194973761317,1588.197357064279,0.9905500518149756
1588.2473576502491,1.0110521704407962,1588.2473576502491,0.9990913067252634,1588.2473576502491,1.0101334341331087,1588.198745969342,1.0139569700298516
1588.2487465553113,0.9991296410212359,1588.2487465553113,0.9991230563357028,1588.2487465553113,0.9982534606127308,1588.2001348744047,0.996211244207967
1588.2501354603733,0.9834803657984756,1588.2501354603733,0.9991088015002761,1588.2501354603733,0.9826038895719682,1588.2015237799324,1.0073159688868438
1588.251524365901,0.9974230554740199,1588.251524365901,0.9991166770984347,1588.251524365901,0.9965420088465704,1588.2029126849948,1.01085781976224
1588.2529132709642,0.996193996157628,1588.2529132709642,0.99911062592248,1588.2529132709642,0.9953080070412644,1588.2043015900567,0.9942241962451572
1588.254302176027,1.0135226312897958,1588.254302176027,0.9990897015093426,1588.254302176027,1.0126000231682857,1588.2056904955848,0.9945887876876338
1588.255691081089,0.9958816020845207,1588.255691081089,0.9991135773280555,1588.255691081089,0.9949988300538606,1588.2070794006477,0.9889787045201311
1588.2570799861514,1.0049248161969935,1588.2570799861514,0.9990363433674846,1588.2570799861514,1.003956413732686,1588.2084683057103,0.993121073419202
1588.2584688912134,0.9956672997714451,1588.2584688912134,0.9991677699385167,1588.2584688912134,0.9948386755133394,1588.2098572112382,1.001545608172261
1588.2598577962765,1.0131596337200375,1588.2598577962765,0.9991086845192675,1588.2598577962765,1.0122565888540496,1588.2112461163,0.9872697128851616
1588.2612467013391,0.9979964150890491,1588.2612467013391,0.9991122899700141,1588.2612467013391,0.9971104836614846,1588.2126350213623,0.9765554725295448
1588.2626356064015,1.002950453328924,1588.2626356064015,0.9992077892692822,1588.2626356064015,1.0021559052174185,1588.2140239264254,1.0135702374066575
1588.2640245119292,0.9920661131049738,1588.2640245119292,0.999059776185944,1588.2640245119292,0.9911333489203146,1588.215412831954,1.0059272863329165
1588.265413416991,1.0062437202794408,1588.265413416991,0.9990653281035239,1588.265413416991,1.00530321255309,1588.216801737016,1.010616111872744
1588.2668023220522,0.9966804541303191,1588.2668023220522,0.9990058190293034,1588.2668023220522,0.9956895733889576,1588.2181906420774,1.0004244648853329
1588.268191227115,0.9979658039645545,1588.268191227115,0.9990808145876002,1588.268191227115,0.9970484883554764,1588.219579547139,0.9971428343866436
1588.269580132178,0.9935624044994015,1588.269580132178,0.9991562953227305,1588.269580132178,0.9927241312515662,1588.220968452667,0.987426607751855
1588.27096903724,1.0005918642855165,1588.27096903724,0.9991506014328845,1588.27096903724,0.9997419629897248,1588.2223573577298,1.00361568556276
1588.2723579423025,1.0086254527521414,1588.2723579423025,0.999227156025666,1588.2723579423025,1.0078459426486222,1588.2237462627927,0.9961868274058984
1588.2737468473642,0.9964047856379639,1588.2737468473642,0.9992062234166241,1588.2737468473642,0.9956138628515608,1588.225135167855,0.9793531952230032
1588.275135752427,1.009931833272451,1588.275135752427,0.9991221420702815,1588.275135752427,1.0090452566041377,1588.226524072917,0.9972783876152568
1588.27652465749,0.9945633068049304,1588.27652465749,0.9991190533646974,1588.27652465749,0.9936871496062052,1588.2279129784447,0.9909738709158707
1588.2779135625524,0.9955770930624794,1588.2779135625524,0.9990891579010112,1588.2779135625524,0.9946702795333292,1588.2293018835076,0.994336808750416
1588.2793024676143,1.0038034066657218,1588.2793024676143,0.9991015813670456,1588.2793024676143,1.0029015709813502,1588.2306907885704,1.0127562414989013
1588.2806913726768,0.991224283213732,1588.2806913726768,0.9991301192478682,1588.2806913726768,0.9903620362887188,1588.2320796936324,0.9963504261300866
1588.2820802777387,0.9994259643373024,1588.2820802777387,0.9992060852532733,1588.2820802777387,0.9986325053259534,1588.2334685991605,1.0012431350423516
1588.2834691828016,0.999910280979445,1588.2834691828016,0.9992005866372555,1588.2834691828016,0.9991109393392844,1588.2348575042224,0.9960345452851878
1588.2848580878644,1.0026499344258115,1588.2848580878644,0.99922811481051,1588.2848580878644,1.0018760037911851,1588.2362464092848,1.0011993447071554
1588.2862469929269,0.9869808068955065,1588.2862469929269,0.9991832684103492,1588.2862469929269,0.986174708492136,1588.2376353143477,1.006241383582702
1588.2876358979888,0.9917763842709297,1588.2876358979888,0.9991202612793826,1588.2876358979888,0.9909038801834926,1588.2390242194106,0.99942503658907
1588.2890248030503,1.0050104373432938,1588.2890248030503,0.9991600953727565,1588.2890248030503,1.004166324426541,1588.2404131244723,1.0022217752300522
1588.2904137081125,1.0157991589685638,1588.2904137081125,0.9990738357458792,1588.2904137081125,1.014858362098161,1588.2418020299997,0.9988025618945175
1588.2918026131752,1.0131784707691562,1588.2918026131752,0.9991153616301758,1588.2918026131752,1.012282174218434,1588.2431909350612,0.9974276560752586
1588.2931915182376,1.0037858330222278,1588.2931915182376,0.9992554016815133,1588.2931915182376,1.0030384157788386,1588.244579840124,1.0014170048142614
1588.2945804232995,1.0065856301315423,1588.2945804232995,0.9991682209496993,1588.2945804232995,1.0057483732920651,1588.245968745187,1.008194973761317
1588.295969328362,1.01314976988423,1588.295969328362,0.9991750494398767,1588.295969328362,1.0123139714140752,1588.2473576502491,1.0101334341331087
1588.297358233424,0.9976268336630739,1588.297358233424,0.999211286826429,1588.297358233424,0.996839992237056,1588.2487465553113,0.9982534606127308
1588.2987471384868,0.9976405549545017,1588.2987471384868,0.9991565475217363,1588.2987471384868,0.996799092556009,1588.2501354603733,0.9826038895719682
1588.3001360435496,0.999598877743234,1588.3001360435496,0.99927246050218,1588.3001360435496,0.9988716300776992,1588.251524365901,0.9965420088465704
1588.301524948612,0.9975194511172627,1588.301524948612,0.9993625657583544,1588.301524948612,0.996883598062413,1588.2529132709642,0.9953080070412644
1588.302913853674,0.9958367893546892,1588.302913853674,0.9994620281257274,1588.302913853674,0.9953010571706504,1588.254302176027,1.0126000231682857
1588.3043027587364,1.0078599824171497,1588.3043027587364,0.9994311818094994,1588.3043027587364,1.0072866933256732,1588.255691081089,0.9949988300538606
1588.3056916637993,0.9957091284529407,1588.3056916637993,0.9993828139414237,1588.3056916637993,0.9950945906604624,1588.2570799861514,1.003956413732686
1588.307080568862,1.0011685998196307,1588.307080568862,0.9994152883247468,1588.307080568862,1.0005832048504193,1588.2584688912134,0.9948386755133394
1588.308469473924,1.0142571246407708,1588.308469473924,0.99933986827112,1588.308469473924,1.0135875813315527,1588.2598577962765,1.0122565888540496
1588.309858378986,1.0150041063013695,1588.309858378986,0.999466184105499,1588.309858378986,1.014462280976442,1588.2612467013391,0.9971104836614846
1588.3112472840485,0.9876199467819707,1588.3112472840485,0.9994313392806528,1588.3112472840485,0.987058326112592,1588.2626356064015,1.0021559052174185
1588.3126361886443,0.986410513084852,1588.3126361886443,0.9994264358690658,1588.3126361886443,0.98584474339617,1588.2640245119292,0.9911333489203146
1588.3140250937065,0.990510747700505,1588.3140250937065,0.9995372282163596,1588.3140250937065,0.9900523672750766,1588.265413416991,1.00530321255309
1588.3154139987691,1.0113710389423036,1588.3154139987691,0.9995362747163499,1588.3154139987691,1.0109020406203946,1588.2668023220522,0.9956895733889576
1588.3168029038316,0.9933185431629038,1588.3168029038316,0.9994506280814791,1588.3168029038316,0.992772841849144,1588.268191227115,0.9970484883554764
1588.3181918088935,0.9976759240202627,1588.3181918088935,0.9994050699797973,1588.3181918088935,0.9970823766626296,1588.269580132178,0.9927241312515662
1588.319580713956,0.9969250554765519,1588.319580713956,0.9994859698552037,1588.319580713956,0.9964126059459342,1588.27096903724,0.9997419629897248
1588.3209696190188,1.0003027550314376,1588.3209696190188,0.9996119651441064,1588.3209696190188,0.9999146026960392,1588.2723579423025,1.0078459426486222
1588.3223585240817,1.0001377228205879,1588.3223585240817,0.9996229275943826,1588.3223585240817,0.9997605984834952,1588.2737468473642,0.9956138628515608
1588.3237474291436,0.9843868250960774,1588.3237474291436,0.9995893098175661,1588.3237474291436,0.9839825470912932,1588.275135752427,1.0090452566041377
1588.3251363337404,0.9925399220857566,1588.3251363337404,0.9995564575047317,1588.3251363337404,0.9920996884520612,1588.27652465749,0.9936871496062052
1588.3265252388023,0.9904768584400536,1588.3265252388023,0.9994387312847257,1588.3265252388023,0.989920934766208,1588.2779135625524,0.9946702795333292
1588.3279141438643,1.0040623787280811,1588.3279141438643,0.9994171691283719,1588.3279141438643,1.003477180176718,1588.2793024676143,1.0029015709813502
1588.3293030489272,0.9793879583910361,1588.3293030489272,0.99943311134603,1588.3293030489272,0.9788327544695894,1588.2806913726768,0.9903620362887188
1588.33069195399,1.0098505054628295,1588.33069195399,0.9995130911597664,1588.33069195399,1.0093588003244052,1588.2820802777387,0.9986325053259534
1588.3320808590524,1.0028981744255177,1588.3320808590524,0.9995638665405592,1588.3320808590524,1.0024607769752385,1588.2834691828016,0.9991109393392844
1588.3334697641144,0.9983376375090223,1588.3334697641144,0.9995838130820658,1588.3334697641144,0.9979221424446096,1588.2848580878644,1.0018760037911851
1588.3348586687102,0.9991476736680739,1588.3348586687102,0.99957032401228,1588.3348586687102,0.9987183639045124,1588.2862469929269,0.986174708492136
1588.3362475737715,0.9904492381998913,1588.3362475737715,0.9995679434497056,1588.3362475737715,0.9900213081187929,1588.2876358979888,0.9909038801834926
1588.3376364788346,0.9989170468892846,1588.3376364788346,0.9995077823417593,1588.3376364788346,0.998425362279688,1588.2890248030503,1.004166324426541
1588.3390253838977,1.0018736992378567,1588.3390253838977,0.9994988551506567,1588.3390253838977,1.0013716153937913,1588.2904137081125,1.014858362098161
1588.34041428896,0.9997677021662039,1588.34041428896,0.9994651354322637,1588.34041428896,0.999232961846348,1588.2918026131752,1.012282174218434
1588.3418031940218,1.0056027013299793,1588.3418031940218,0.9994620020850874,1588.3418031940218,1.0050616891734332,1588.2931915182376,1.0030384157788386
1588.3431920986186,0.9958373669653618,1588.3431920986186,0.9993827657070037,1588.3431920986186,0.9952227019922236,1588.2945804232995,1.0057483732920651
1588.3445810036817,1.0001114522162602,1588.3445810036817,0.999381368431696,1588.3445810036817,0.9994927517000968,1588.295969328362,1.0123139714140752
1588.3459699087443,0.9836159897623367,1588.3459699087443,0.9995207851849336,1588.3459699087443,0.9831446264077064,1588.297358233424,0.996839992237056
1588.3473588138063,0.9991417743712232,1588.3473588138063,0.9994513284946882,1588.3473588138063,0.998593573749859,1588.2987471384868,0.996799092556009
1588.3487477188685,0.9941686259979737,1588.3487477188685,0.999450247324777,1588.3487477188685,0.9936220791362086,1588.3001360435496,0.9988716300776992
1588.350136623465,0.9835599501553229,1588.350136623465,0.9994727441329136,1588.350136623465,0.9830413624009724,1588.301524948612,0.996883598062413
1588.351525528527,0.9913861654353514,1588.351525528527,0.9994465236522948,1588.351525528527,0.9908374566413408,1588.302913853674,0.9953010571706504
1588.3529144335898,1.007331033127128,1588.3529144335898,0.9995573503640715,1588.3529144335898,1.0068851384120547,1588.3043027587364,1.0072866933256732
1588.3543033386527,0.9852119208404045,1588.3543033386527,0.9996636618435284,1588.3543033386527,0.9848805564792152,1588.3056916637993,0.9950945906604624
1588.3556922432497,0.9977839227371809,1588.3556922432497,0.9995575708383909,1588.3556922432497,0.9973424740327772,1588.307080568862,1.0005832048504193
1588.3570811483114,1.0011252618292172,1588.3570811483114,0.9995797004359648,1588.3570811483114,1.0007044893181258,1588.308469473924,1.0135875813315527
1588.358470053373,1.0004446918769512,1588.358470053373,0.9994990401333633,1588.358470053373,0.9999435092375312,1588.309858378986,1.014462280976442
1588.359858958435,1.0046855314132268,1588.359858958435,0.9995894249659348,1588.359858958435,1.004273032616942,1588.3112472840485,0.987058326112592
1588.3612478630323,0.9837572132828715,1588.3612478630323,0.9995115264955514,1588.3612478630323,0.9832766739493726,1588.3126361886443,0.98584474339617
1588.3626367680945,0.9944702440546723,1588.3626367680945,0.9994986473660408,1588.3626367680945,0.9939716637784214,1588.3140250937065,0.9900523672750766
1588.364025673157,0.9935750171220026,1588.364025673157,0.9994781248143084,1588.364025673157,0.9930564949754436,1588.3154139987691,1.0109020406203946
1588.3654145782189,1.002047910390537,1588.3654145782189,0.9994720864778907,1588.3654145782189,1.0015189157488404,1588.3168029038316,0.992772841849144
1588.3668034828152,1.0044900299011121,1588.3668034828152,0.9994066835146472,1588.3668034828152,1.0038940494069992,1588.3181918088935,0.9970823766626296
1588.368192387878,1.0053422111394006,1588.368192387878,0.9993649828447712,1588.368192387878,1.0047038015884513,1588.319580713956,0.9964126059459342
1588.369581292941,1.0012743229823309,1588.369581292941,0.9993041103545179,1588.369581292941,1.0005775465486804,1588.3209696190188,0.9999146026960392
1588.3709701975376,0.9864092647796905,1588.3709701975376,0.9993081120600871,1588.3709701975376,0.985726780105571,1588.3223585240817,0.9997605984834952
1588.3723591025996,1.0082295627409938,1588.3723591025996,0.9992677778644791,1588.3723591025996,1.0074913147374682,1588.3237474291436,0.9839825470912932
1588.373748007662,1.0152390577892596,1588.373748007662,0.9992333077691213,1588.373748007662,1.014460681891168,1588.3251363337404,0.9920996884520612
1588.3751369127249,1.0023437613468245,1588.3751369127249,0.9993246526428943,1588.3751369127249,1.0016668311366874,1588.3265252388023,0.989920934766208
1588.376525817322,1.000850450439054,1588.376525817322,0.9992820539219701,1588.376525817322,1.000131893783467,1588.3279141438643,1.003477180176718
1588.377914722384,0.9987295423060324,1588.377914722384,0.9992852385529278,1588.377914722384,0.99801568893314,1588.3293030489272,0.9788327544695894
1588.3793036274465,0.9946163237490177,1588.3793036274465,0.999148780568803,1588.3793036274465,0.9937696870076568,1588.33069195399,1.0093588003244052
1588.3806925320428,0.9865146102678123,1588.3806925320428,0.9992588815911252,1588.3806925320428,0.9857834861295188,1588.3320808590524,1.0024607769752385
1588.3820814371045,1.0070447782130534,1588.3820814371045,0.9991468322723172,1588.3820814371045,1.0061856001079506,1588.3334697641144,0.9979221424446096
1588.383470342167,1.0016497130125717,1588.383470342167,0.9991192087168795,1588.383470342167,1.0007674686766102,1588.3348586687102,0.9987183639045124
1588.384859246764,1.0040996953795764,1588.384859246764,0.9989845212731113,1588.384859246764,1.003080053499243,1588.3362475737715,0.9900213081187929
1588.3862481518258,1.011808455955738,1588.3862481518258,0.998940528557382,1588.3862481518258,1.0107364737912536,1588.3376364788346,0.998425362279688
1588.3876370568878,0.9915878657452689,1588.3876370568878,0.9988536455079459,1588.3876370568878,0.9904511545411054,1588.3390253838977,1.0013716153937913
1588.3890259614843,1.0037385114679886,1588.3890259614843,0.9989881752042321,1588.3890259614843,1.0027229039536183,1588.34041428896,0.999232961846348
1588.3904148665474,1.000968637330287,1588.3904148665474,0.998872331182944,1588.3904148665474,0.9998398762111188,1588.3418031940218,1.0050616891734332
1588.3918037711446,1.0014126319113252,1588.3918037711446,0.9988844978934823,1588.3918037711446,1.0002955540109348,1588.3431920986186,0.9952227019922236
1588.3931926762066,1.0027649976329058,1588.3931926762066,0.9989759473083035,1588.3931926762066,1.0017381134379408,1588.3445810036817,0.9994927517000968
1588.394581581269,1.0025635264122323,1588.394581581269,0.9989971377895859,1588.394581581269,1.001558093338054,1588.3459699087443,0.9831446264077064
1588.3959704858653,1.000756976490227,1588.3959704858653,0.9990642345402175,1588.3959704858653,0.9998205026779912,1588.3473588138063,0.998593573749859
1588.3973593909277,1.001010916711378,1588.3973593909277,0.9990390420993595,1588.3973593909277,1.0000489873623368,1588.3487477188685,0.9936220791362086
1588.3987482959906,0.9848745567238701,1588.3987482959906,0.9990478923807664,1588.3987482959906,0.983936850154424,1588.350136623465,0.9830413624009724
1588.4001372005878,1.004614675723591,1588.4001372005878,0.9989783554380296,1588.4001372005878,1.0035883166032624,1588.351525528527,0.9908374566413408
1588.4015261056495,1.0013160147258942,1588.4015261056495,0.9989517662215184,1588.4015261056495,1.0002664014563238,1588.3529144335898,1.0068851384120547
1588.4029150102465,0.9939473976220556,1588.4029150102465,0.9989597444715577,1588.4029150102465,0.9929134383466984,1588.3543033386527,0.9848805564792152
1588.4043039153084,1.009038619208584,1588.4043039153084,0.9989989136130423,1588.4043039153084,1.0080284843829797,1588.3556922432497,0.9973424740327772
1588.4056928203706,1.0007937262143038,1588.4056928203706,0.9991443118773446,1588.4056928203706,0.9999373589095544,1588.3570811483114,1.0007044893181258
1588.4070817249672,1.0073804141043252,1588.4070817249672,0.9992190241897845,1588.4070817249672,1.0065936743692248,1588.358470053373,0.9999435092375312
1588.4084706300291,1.011682759873618,1588.4084706300291,0.9992100584601696,1588.4084706300291,1.0108835896364636,1588.359858958435,1.004273032616942
1588.409859534626,0.9954569223908729,1588.409859534626,0.9991637997798102,1588.409859534626,0.9946245210931802,1588.3612478630323,0.9832766739493726
1588.4112484396878,0.9978314496851513,1588.4112484396878,0.9991813134970183,1588.4112484396878,0.9970145385450434,1588.3626367680945,0.9939716637784214
1588.4126373442846,0.9984091027984041,1588.4126373442846,0.9992232920983771,1588.4126373442846,0.9976336305592084,1588.364025673157,0.9930564949754436
1588.4140262493474,0.9956118303132402,1588.4140262493474,0.9992362865782045,1588.4140262493474,0.9948514681955316,1588.3654145782189,1.0015189157488404
1588.4154151539449,1.0033015977003332,1588.4154151539449,0.9992287641603294,1588.4154151539449,1.002527815550188,1588.3668034828152,1.0038940494069992
1588.4168040590066,1.008653043358668,1588.4168040590066,0.9992217135140995,1588.4168040590066,1.0078680223260597,1588.368192387878,1.0047038015884513
1588.418192964069,0.9937761768992526,1588.418192964069,0.9991807501724623,1588.418192964069,0.9929620259377168,1588.369581292941,1.0005775465486804
1588.419581868665,1.008744924403513,1588.419581868665,0.9990913741712782,1588.419581868665,1.007828352710608,1588.3709701975376,0.985726780105571
1588.4209707737282,1.0087469902814783,1588.4209707737282,0.9990921326865665,1588.4209707737282,1.0078311818614774,1588.3723591025996,1.0074913147374682
1588.4223596783254,0.9984647285101127,1588.4223596783254,0.9990696835459328,1588.4223596783254,0.997535840344374,1588.373748007662,1.014460681891168
1588.4237485833878,1.0170416208225252,1588.4237485833878,0.9991236142048991,1588.4237485833878,1.01615029999301,1588.3751369127249,1.0016668311366874
1588.425137487984,1.007617571017955,1588.425137487984,0.9990733261631751,1588.425137487984,1.0066838381773675,1588.376525817322,1.000131893783467
1588.4265263930463,1.009831879847726,1588.4265263930463,0.9991060477948766,1588.4265263930463,1.008929138411932,1588.377914722384,0.99801568893314
1588.427915297642,1.001800888756564,1588.427915297642,0.9992181218344683,1588.427915297642,1.001017602515435,1588.3793036274465,0.9937696870076568
1588.4293042027043,1.0019511507693588,1588.4293042027043,0.9991473930384287,1588.4293042027043,1.0010968802430584,1588.3806925320428,0.9857834861295188
1588.4306931073015,1.014368402553385,1588.4306931073015,0.9991150986684365,1588.4306931073015,1.0134707866032695,1588.3820814371045,1.0061856001079506
1588.4320820123637,0.9918997888504177,1588.4320820123637,0.9990541815838994,1588.4320820123637,0.9909616317631966,1588.383470342167,1.0007674686766102
1588.4334709169602,1.0063659090883161,1588.4334709169602,0.999054703575537,1588.4334709169602,1.0054145949927535,1588.384859246764,1.003080053499243
1588.4348598220222,0.993531469755343,1588.4348598220222,0.9990119081963589,1588.4348598220222,0.9925497694534182,1588.3862481518258,1.0107364737912536
1588.4362487266194,1.002477329841151,1588.4362487266194,0.9990118062709039,1588.4362487266194,1.0014866880302409,1588.3876370568878,0.9904511545411054
1588.4376376316825,1.0103528433065145,1588.4376376316825,0.9991221227535452,1588.4376376316825,1.009465877534485,1588.3890259614843,1.0027229039536183
1588.439026536279,1.0015284865530552,1588.439026536279,0.9992618210778702,1588.439026536279,1.000789179334369,1588.3904148665474,0.9998398762111188
1588.440415441341,0.9966725453362246,1588.440415441341,0.9992487944429429,1588.440415441341,0.9959238393816018,1588.3918037711446,1.0002955540109348
1588.4418043459375,0.9948414944309111,1588.4418043459375,0.9993642927078155,1588.4418043459375,0.9942090664383336,1588.3931926762066,1.0017381134379408
1588.443193250534,1.0146245920974502,1588.443193250534,0.9994392302224107,1588.443193250534,1.014055621290603,1588.394581581269,1.001558093338054
1588.444582155597,1.0102203859660135,1588.444582155597,0.9993916293131777,1588.444582155597,1.0096057974959616,1588.3959704858653,0.9998205026779912
1588.445971060194,0.9934414457976913,1588.445971060194,0.999393472631303,1588.445971060194,0.992838896371617,1588.3973593909277,1.0000489873623368
1588.447359965256,1.0033767673143283,1588.447359965256,0.9993814984494654,1588.447359965256,1.002756177227974,1588.3987482959906,0.983936850154424
1588.4487488698528,0.9928304428224108,1588.4487488698528,0.9995014130533869,1588.4487488698528,0.9923354305234195,1588.4001372005878,1.0035883166032624
1588.4501377749148,0.9922309795786705,1588.4501377749148,0.9994867220490413,1588.4501377749148,0.9917216892945946,1588.4015261056495,1.0002664014563238
1588.4515266795115,1.0054048895717638,1588.4515266795115,0.9995223519294176,1588.4515266795115,1.0049246598661057,1588.4029150102465,0.9929134383466984
1588.4529155841078,0.9964246996888535,1588.4529155841078,0.9994192617301222,1588.4529155841078,0.9958460377326926,1588.4043039153084,1.0080284843829797
1588.4543044891702,1.0040021267711459,1588.4543044891702,0.9994004507713189,1588.4543044891702,1.003400178070446,1588.4056928203706,0.9999373589095544
1588.4556933937663,0.9975620441703663,1588.4556933937663,0.9993101545611337,1588.4556933937663,0.9968738805442092,1588.4070817249672,1.0065936743692248
1588.457082298829,0.9962672658244699,1588.457082298829,0.9993321725685387,1588.457082298829,0.9956019312152854,1588.4084706300291,1.0108835896364636
1588.4584712034252,0.9996753958657811,1588.4584712034252,0.9993899560302383,1588.4584712034252,0.999065549918814,1588.409859534626,0.9946245210931802
1588.4598601080224,0.9905051945145755,1588.4598601080224,0.999328425465885,1588.4598601080224,0.9898399964500308,1588.4112484396878,0.9970145385450434
1588.4612490130853,0.9857345199024679,1588.4612490130853,0.9993776360805418,1588.4612490130853,0.985121034303116,1588.4126373442846,0.9976336305592084
1588.462637917682,1.0056200026256774,1588.462637917682,0.9993816289069203,1588.462637917682,1.0049981562854309,1588.4140262493474,0.9948514681955316
1588.464026822744,1.0189307230123748,1588.464026822744,0.9993652647594422,1588.464026822744,1.0182839717747918,1588.4154151539449,1.002527815550188
1588.4654157273403,1.0125753815798193,1588.4654157273403,0.9993104039712468,1588.4654157273403,1.0118771136178686,1588.4168040590066,1.0078680223260597
1588.4668046319375,0.9864847685144507,1588.4668046319375,0.9992363027925597,1588.4668046319375,0.9857313928515538,1588.418192964069,0.9929620259377168
1588.4681935370004,0.9977724737612546,1588.4681935370004,0.9992328525425664,1588.4681935370004,0.9970070351449114,1588.419581868665,1.007828352710608
1588.4695824415971,1.0138724554312841,1588.4695824415971,0.9992018216308023,1588.4695824415971,1.0130632043682335,1588.4209707737282,1.0078311818614774
1588.4709713461934,0.9976587472625613,1588.4709713461934,0.9992872068852612,1588.4709713461934,0.9969476229766536,1588.4223596783254,0.997535840344374
1588.472360251256,0.9967848662404971,1588.472360251256,0.999286316031364,1588.472360251256,0.9960734768612822,1588.4237485833878,1.01615029999301
1588.4737491558517,1.0006887671719897,1588.4737491558517,0.9993592469445822,1588.4737491558517,1.000047572786902,1588.425137487984,1.0066838381773675
1588.475138060448,0.9946279701580001,1588.475138060448,0.9994090335848674,1588.475138060448,0.9940401784320853,1588.4265263930463,1.008929138411932
1588.4765269655109,1.0039133799930002,1588.4765269655109,0.9995489593914734,1588.4765269655109,1.0034605742911802,1588.427915297642,1.001017602515435
1588.4779158701076,1.0064177987446148,1588.4779158701076,0.9994118433509647,1588.4779158701076,1.0058258674245757,1588.4293042027043,1.0010968802430584
1588.479304774704,0.9962294782288521,1588.479304774704,0.9994135400353268,1588.479304774704,0.9956452295242436,1588.4306931073015,1.0134707866032695
1588.4806936797663,0.9991170235016371,1588.4806936797663,0.9994282573645302,1588.4806936797663,0.9985457857014776,1588.4320820123637,0.9909616317631966
1588.4820825843626,0.993264336869295,1588.4820825843626,0.9994009600285466,1588.4820825843626,0.9926693318292912,1588.4334709169602,1.0054145949927535
1588.4834714889598,1.0061890562761213,1588.4834714889598,0.9993590927382187,1588.4834714889598,1.005544182403229,1588.4348598220222,0.9925497694534182
1588.4848603940227,0.9933205216802317,1588.4848603940227,0.9992548376071848,1588.4848603940227,0.992580336583464,1588.4362487266194,1.0014866880302409
1588.486249298619,1.0051438444190235,1588.486249298619,0.9992631807249078,1588.486249298619,1.0044032350602152,1588.4376376316825,1.009465877534485
1588.4876382032155,0.9980822741408968,1588.4876382032155,0.9993142993611065,1588.4876382032155,0.99739788848785,1588.439026536279,1.000789179334369
1588.489027107812,1.0022154819988014,1588.489027107812,0.9993877580853895,1588.489027107812,1.00160188367325,1588.440415441341,0.9959238393816018
1588.490416012875,0.9900762059485729,1588.490416012875,0.9993568370233942,1588.490416012875,0.9894394255888884,1588.4418043459375,0.9942090664383336
1588.491804917472,0.9929653979848458,1588.491804917472,0.9993771521652576,1588.491804917472,0.9923469316367368,1588.443193250534,1.014055621290603
1588.4931938220689,0.9957618722069617,1588.4931938220689,0.999333090174984,1588.4931938220689,0.9950977888310104,1588.444582155597,1.0096057974959616
1588.4945827271308,1.0114861381290297,1588.4945827271308,0.9992657195791772,1588.4945827271308,1.0107434236618678,1588.445971060194,0.992838896371617
1588.4959716317276,1.0034065901321374,1588.4959716317276,0.9992771998880855,1588.4959716317276,1.002681327736494,1588.447359965256,1.002756177227974
1588.4973605363234,0.9952787030777607,1588.4973605363234,0.999214799059512,1588.4973605363234,0.9944972093040564,1588.4487488698528,0.9923354305234195
1588.4987494409197,1.00501565405798,1588.4987494409197,0.9991293901785807,1588.4987494409197,1.004140677558877,1588.4501377749148,0.9917216892945946
1588.5001383459826,0.9890396944069284,1588.5001383459826,0.9990756438874832,1588.5001383459826,0.9881254695198816,1588.4515266795115,1.0049246598661057
1588.501527250579,0.9966500995656525,1588.501527250579,0.9990123635703295,1588.501527250579,0.9956657716196868,1588.4529155841078,0.9958460377326926
1588.5029161551756,0.9899233895310803,1588.5029161551756,0.9989909629260306,1588.5029161551756,0.988924520130654,1588.4543044891702,1.003400178070446
1588.5043050597722,1.009831023788968,1588.5043050597722,0.9989927596802197,1588.5043050597722,1.0088138812656429,1588.4556933937663,0.9968738805442092
1588.5056939643691,0.9896212685050488,1588.5056939643691,0.9990627018508069,1588.5056939643691,0.988693698321677,1588.457082298829,0.9956019312152854
1588.507082869432,0.9911074463360534,1588.507082869432,0.9990557172098319,1588.507082869432,0.9901715606312708,1588.4584712034252,0.999065549918814
1588.5084717740287,0.9924009473153553,1588.5084717740287,0.9990387018733969,1588.5084717740287,0.991446954143862,1588.4598601080224,0.9898399964500308
1588.509860678625,0.9914277450890773,1588.509860678625,0.998985126621153,1588.509860678625,0.990421571463536,1588.4612490130853,0.985121034303116
1588.5112495832218,0.9928461253336913,1588.5112495832218,0.9989769212793154,1588.5112495832218,0.9918303655899482,1588.462637917682,1.0049981562854309
1588.512638487818,1.0103460745802642,1588.512638487818,0.9990430455550818,1588.512638487818,1.009379219413289,1588.464026822744,1.0182839717747918
1588.514027392881,0.9923330405845905,1588.514027392881,0.9990822760954327,1588.514027392881,0.991422352831954,1588.4654157273403,1.0118771136178686
1588.5154162974782,0.9979979193901821,1588.5154162974782,0.9990306693294615,1588.5154162974782,0.9970305293977836,1588.4668046319375,0.9857313928515538
1588.516805202075,1.009516994015642,1588.516805202075,0.9989447373636301,1588.516805202075,1.008451688451077,1588.4681935370004,0.9970070351449114
1588.5181941066712,0.9969893920492611,1588.5181941066712,0.9988589918635628,1588.5181941066712,0.9958518190409912,1588.4695824415971,1.0130632043682335
1588.519583011267,1.010025504813246,1588.519583011267,0.9989210925447863,1588.519583011267,1.008935780766147,1588.4709713461934,0.9969476229766536
1588.5209719163297,1.0052563825857275,1588.5209719163297,0.9988393480814731,1588.5209719163297,1.004089629836668,1588.472360251256,0.9960734768612822
1588.522360820927,0.9978030413389818,1588.522360820927,0.9987988775266939,1588.522360820927,0.9966045576820964,1588.4737491558517,1.000047572786902
1588.523749725523,1.000418441207808,1588.523749725523,0.9989394470558494,1588.523749725523,0.9993574444846026,1588.475138060448,0.9940401784320853
1588.5251386301193,0.9881860012550822,1588.5251386301193,0.9989022235134755,1588.5251386301193,0.9871011938985916,1588.4765269655109,1.0034605742911802
1588.526527534716,0.9967452482419451,1588.526527534716,0.9988549241406265,1588.526527534716,0.995603899320238,1588.4779158701076,1.0058258674245757
1588.5279164393123,1.0127086730833894,1588.5279164393123,0.9988401765601334,1588.5279164393123,1.011534109826591,1588.479304774704,0.9956452295242436
1588.5293053439095,1.0129931074456984,1588.5293053439095,0.9988222452565448,1588.5293053439095,1.0118000500083169,1588.4806936797663,0.9985457857014776
1588.5306942489724,1.0165530896353154,1588.5306942489724,0.9988076866718746,1588.5306942489724,1.0153410398377962,1588.4820825843626,0.9926693318292912
1588.5320831535691,0.9994735276656237,1588.5320831535691,0.9986856329774225,1588.5320831535691,0.9981598526209208,1588.4834714889598,1.005544182403229
1588.5334720581654,0.998836280271307,1588.5334720581654,0.9985763113143508,1588.5334720581654,0.9974142483602688,1588.4848603940227,0.992580336583464
1588.5348609627622,0.9937203187061532,1588.5348609627622,0.9986736986357895,1588.5348609627622,0.9924023460918094,1588.486249298619,1.0044032350602152
1588.5362498673594,0.998074575006013,1588.5362498673594,0.9986533485166281,1588.5362498673594,0.9967305163990654,1588.4876382032155,0.99739788848785
1588.5376387719566,1.0073259581877931,1588.5376387719566,0.9987457623499196,1588.5376387719566,1.0060625320451306,1588.489027107812,1.00160188367325
1588.539027676553,1.0075589131255691,1588.539027676553,0.9988514299454742,1588.539027676553,1.0064016611297826,1588.490416012875,0.9894394255888884
1588.5404165811497,1.0161465169531467,1588.5404165811497,0.9988152344749353,1588.5404165811497,1.014942621591446,1588.491804917472,0.9923469316367368
1588.541805485746,1.00008979544654,1588.541805485746,0.9987020584199818,1588.541805485746,0.998791737317278,1588.4931938220689,0.9950977888310104
1588.5431943908077,0.9970227940801704,1588.5431943908077,0.9987710587536298,1588.5431943908077,0.995797511644954,1588.4945827271308,1.0107434236618678
1588.5445832954038,1.0121964516197086,1588.5445832954038,0.9986468130652298,1588.5445832954038,1.0108267606059562,1588.4959716317276,1.002681327736494
1588.545972200001,0.9956855424743049,1588.545972200001,0.9985276888007357,1588.545972200001,0.9942195834991744,1588.4973605363234,0.9944972093040564
1588.5473611045977,1.0044807508972788,1588.5473611045977,0.9985069109782285,1588.5473611045977,1.0029809717155334,1588.4987494409197,1.004140677558877
1588.548750009194,0.9831404474224104,1588.548750009194,0.9985184360827176,1588.548750009194,0.9816838620098884,1588.5001383459826,0.9881254695198816
1588.5501389137908,1.0016447020131192,1588.5501389137908,0.998506622835992,1588.5501389137908,1.0001488686886832,1588.501527250579,0.9956657716196868
1588.551527818388,1.0116331634539766,1588.551527818388,0.9984705213193611,1588.551527818388,1.0100858920978464,1588.5029161551756,0.988924520130654
1588.5529167229852,1.0004154589400476,1588.5529167229852,0.9983891252789291,1588.5529167229852,0.9988039149666724,1588.5043050597722,1.0088138812656429
1588.5543056275817,0.9857158322910153,1588.5543056275817,0.9984363932182181,1588.5543056275817,0.9841745603307352,1588.5056939643691,0.988693698321677
1588.5556945321782,0.9947904022747216,1588.5556945321782,0.998433832980723,1588.5556945321782,0.9932323943555856,1588.507082869432,0.9901715606312708
1588.5570834367743,1.0125681054570708,1588.5570834367743,0.9984309038486179,1588.5570834367743,1.0109792887397857,1588.5084717740287,0.991446954143862
1588.5584723413713,1.0040000267904206,1588.5584723413713,0.9983782420143806,1588.5584723413713,1.002371781729411,1588.509860678625,0.990421571463536
1588.5598612459685,0.9884212058226658,1588.5598612459685,0.9984697645286805,1588.5598612459685,0.9869086886329116,1588.5112495832218,0.9918303655899482
1588.5612501505657,1.00446758018352,1588.5612501505657,0.998468876709477,1588.5612501505657,1.0029296164769257,1588.512638487818,1.009379219413289
1588.562639055162,1.011353168570266,1588.562639055162,0.9983253340537218,1588.562639055162,1.0096594898592008,1588.514027392881,0.991422352831954
1588.5640279597585,1.008588455257649,1588.5640279597585,0.9983171024627454,1588.5640279597585,1.0068911042301925,1588.5154162974782,0.9970305293977836
1588.565416864354,1.0082421109511126,1588.565416864354,0.9982798212404652,1588.565416864354,1.006507754287386,1588.516805202075,1.008451688451077
1588.5668057689509,1.0189494841186393,1588.5668057689509,0.9983177347938804,1588.5668057689509,1.017235340854713,1588.5181941066712,0.9958518190409912
1588.568194673548,0.9904834519130739,1588.568194673548,0.9982164600009102,1588.568194673548,0.9887168850581504,1588.519583011267,1.008935780766147
1588.5695835781444,1.002022255874418,1588.5695835781444,0.9980958985513741,1588.5695835781444,1.0001143038454523,1588.5209719163297,1.004089629836668
1588.5709724827411,0.9999498828851621,1588.5709724827411,0.9981317054336376,1588.5709724827411,0.998081681952333,1588.522360820927,0.9966045576820964
1588.5723613873374,1.0074929472199516,1588.5723613873374,0.9980088948754193,1588.5723613873374,1.0054869228497632,1588.523749725523,0.9993574444846026
1588.5737502919342,0.989939742468011,1588.5737502919342,0.9981444884238857,1588.5737502919342,0.988102897816206,1588.5251386301193,0.9871011938985916
1588.5751391965314,0.9973725776026644,1588.5751391965314,0.9981333011456229,1588.5751391965314,0.9955107833546664,1588.526527534716,0.995603899320238
1588.5765281011286,0.9925106815863135,1588.5765281011286,0.9980101992161051,1588.5765281011286,0.990535783054069,1588.5279164393123,1.011534109826591
1588.5779170057249,0.9941888251539291,1588.5779170057249,0.9980536801120604,1588.5779170057249,0.9922538156711648,1588.5293053439095,1.0118000500083169
1588.5793059103216,0.9990735139137642,1588.5793059103216,0.9980714699265046,1588.5793059103216,0.9971467705965488,1588.5306942489724,1.0153410398377962
1588.580694814918,1.007091945426804,1588.580694814918,0.9980306373614519,1588.580694814918,1.0051086161758978,1588.5320831535691,0.9981598526209208
1588.5820837195151,1.006606552539733,1588.5820837195151,0.9981383317924754,1588.5820837195151,1.0047325851233837,1588.5334720581654,0.9974142483602688
1588.5834726241123,0.9918786425607836,1588.5834726241123,0.9981259078034121,1588.5834726241123,0.9900197705367983,1588.5348609627622,0.9924023460918094
1588.5848615287089,0.9992565160446241,1588.5848615287089,0.9981160469785512,1588.5848615287089,0.9973739637120194,1588.5362498673594,0.9967305163990654
1588.5862504333054,1.0005968846986621,1588.5862504333054,0.9982607152279606,1588.5862504333054,0.9988565617741556,1588.5376387719566,1.0060625320451306
1588.5876393379017,1.001241024860719,1588.5876393379017,0.9981728715252218,1588.5876393379017,0.99941162887408,1588.539027676553,1.0064016611297826
1588.5890282424975,0.9943679676727768,1588.5890282424975,0.9980941272406569,1588.5890282424975,0.992472828850426,1588.5404165811497,1.014942621591446
1588.5904171470945,0.9985327632128119,1588.5904171470945,0.997980943849033,1588.5904171470945,0.996516669495305,1588.541805485746,0.998791737317278
1588.5918060512258,0.996658972696878,1588.5918060512258,0.9981246034612841,1588.5918060512258,0.994789841909202,1588.5431943908077,0.995797511644954
1588.593194955822,0.9968109025393296,1588.593194955822,0.9982235925821511,1588.593194955822,0.995040160257866,1588.5445832954038,1.0108267606059562
1588.5945838604189,1.0043834152087727,1588.5945838604189,0.9981967102770066,1588.5945838604189,1.0025722209181818,1588.545972200001,0.9942195834991744
1588.5959727650152,1.0002257404840895,1588.5959727650152,0.9982707409311133,1588.5959727650152,0.9984960910514236,1588.5473611045977,1.0029809717155334
1588.5973616696124,1.00421059364686,1588.5973616696124,0.9982293473186156,1588.5973616696124,1.0024324854665445,1588.548750009194,0.9816838620098884
1588.5987505742096,1.000101240958246,1588.5987505742096,0.9982937269361164,1588.5987505742096,0.9983947951496422,1588.5501389137908,1.0001488686886832
1588.6001394788063,1.0105624477131736,1588.6001394788063,0.9982946624360275,1588.6001394788063,1.0088390976103483,1588.551527818388,1.0100858920978464
1588.6015283834026,0.9910160038734864,1588.6015283834026,0.9982033356137986,1588.6015283834026,0.9892354807131712,1588.5529167229852,0.9988039149666724
1588.6029172879994,0.9919570795427491,1588.6029172879994,0.9982083741269043,1588.6029172879994,0.99017986357404,1588.5543056275817,0.9841745603307352
1588.60430619213,1.0006342249544173,1588.60430619213,0.9983111730961362,1588.60430619213,0.9989443269543874,1588.5556945321782,0.9932323943555856
1588.6056950967272,0.9998599455885613,1588.6056950967272,0.9983800649399674,1588.6056950967272,0.9982402374075802,1588.5570834367743,1.0109792887397857
1588.6070840013244,0.9934550673218615,1588.6070840013244,0.9984755346221664,1588.6070840013244,0.991940579467296,1588.5584723413713,1.002371781729411
1588.6084729059207,0.9865329177232893,1588.6084729059207,0.9983451569038814,1588.6084729059207,0.9849003605353012,1588.5598612459685,0.9869086886329116
1588.6098618105175,0.9928897489130745,1588.6098618105175,0.9984453473847974,1588.6098618105175,0.9913461502683188,1588.5612501505657,1.0029296164769257
1588.611250715113,1.0013544585764906,1588.611250715113,0.9984317582783266,1588.611250715113,0.9997840927363674,1588.562639055162,1.0096594898592008
1588.6126396197096,1.0060633498212441,1588.6126396197096,0.9984972811565277,1588.6126396197096,1.0045515194677408,1588.5640279597585,1.0068911042301925
1588.6140285238412,0.9986772816054247,1588.6140285238412,0.9984867994828134,1588.6140285238412,0.9971660826263968,1588.565416864354,1.006507754287386
1588.615417428438,1.006497588342774,1588.615417428438,0.9985214912871118,1588.615417428438,1.0050094728889083,1588.5668057689509,1.017235340854713
1588.6168063330342,1.0007744376566339,1588.6168063330342,0.9985289161454682,1588.6168063330342,0.9993022145393692,1588.568194673548,0.9887168850581504
1588.618195237631,0.9907263058655214,1588.618195237631,0.998541096345133,1588.618195237631,0.9892809316369212,1588.5695835781444,1.0001143038454523
1588.6195841422273,0.995155533474809,1588.6195841422273,0.9984478326416725,1588.6195841422273,0.9936108855392904,1588.5709724827411,0.998081681952333
1588.6209730463588,1.001575898793672,1588.6209730463588,0.9983379404596047,1588.6209730463588,0.999911220015652,1588.5723613873374,1.0054869228497632
1588.622361950956,0.9997982376875751,1588.622361950956,0.998365344337904,1588.622361950956,0.9981639118373856,1588.5737502919342,0.988102897816206
1588.6237508555523,0.9974577420547706,1588.6237508555523,0.9982829420884215,1588.6237508555523,0.9957450493473102,1588.5751391965314,0.9955107833546664
1588.625139760149,0.9890570852173924,1588.625139760149,0.9984039038552115,1588.625139760149,0.9874784550167012,1588.5765281011286,0.990535783054069
1588.6265286647454,0.9969377473022758,1588.6265286647454,0.9985048631743303,1588.6265286647454,0.995447188963384,1588.5779170057249,0.9922538156711648
1588.627917568877,0.9943457113089482,1588.627917568877,0.9986037455537807,1588.627917568877,0.992957351688454,1588.5793059103216,0.9971467705965488
1588.629306473474,1.0012634322856062,1588.629306473474,0.9985986335460181,1588.629306473474,0.9998602953000024,1588.580694814918,1.0051086161758978
1588.6306953780709,1.0063648513746317,1588.6306953780709,0.9986747059682952,1588.6306953780709,1.0050311220433874,1588.5820837195151,1.0047325851233837
1588.6320842826672,0.9999387291109745,1588.6320842826672,0.9986901287677774,1588.6320842826672,0.9986289381357268,1588.5834726241123,0.9900197705367983
1588.6334731867971,0.9991526947487364,1588.6334731867971,0.9987386728826542,1588.6334731867971,0.9978924363604806,1588.5848615287089,0.9973739637120194
1588.6348620913932,1.0089066058769551,1588.6348620913932,0.9987463729481774,1588.6348620913932,1.0076418132630651,1588.5862504333054,0.9988565617741556
1588.6362509959904,1.0014969551698405,1588.6362509959904,0.9988610075987907,1588.6362509959904,1.0003562577480678,1588.5876393379017,0.99941162887408
1588.6376399005876,1.0073898003572601,1588.6376399005876,0.9987540821194398,1588.6376399005876,1.006134675392301,1588.5890282424975,0.992472828850426
1588.6390288047187,0.995918884685159,1588.6390288047187,0.9988256338389495,1588.6390288047187,0.9947493112478336,1588.5904171470945,0.996516669495305
1588.640417709315,0.988743517277876,1588.640417709315,0.9989044711353688,1588.640417709315,0.9876603202149812,1588.5918060512258,0.994789841909202
1588.6418066139115,0.9909576608078977,1588.6418066139115,0.9988436495234849,1588.6418066139115,0.9898117664446162,1588.593194955822,0.995040160257866
1588.643195518508,1.0090648826088178,1588.643195518508,0.9989293933559549,1588.643195518508,1.007984571041224,1588.5945838604189,1.0025722209181818
1588.6445844226396,0.9868405695943958,1588.6445844226396,0.99885615131373,1588.6445844226396,0.9857117733053072,1588.5959727650152,0.9984960910514236
1588.6459733272368,0.9971457652739335,1588.6459733272368,0.998877951013381,1588.6459733272368,0.9960269188784964,1588.5973616696124,1.0024324854665445
1588.647362231833,1.0091392633750902,1588.647362231833,0.9988537539028755,1588.647362231833,1.0079825414329913,1588.5987505742096,0.9983947951496422
1588.6487511364298,1.0001344841495172,1588.6487511364298,0.9989147288420871,1588.6487511364298,0.9990490670398358,1588.6001394788063,1.0088390976103483
1588.6501400405605,0.9965049194890708,1588.6501400405605,0.9989349182342848,1588.6501400405605,0.9954435602698776,1588.6015283834026,0.9892354807131712
1588.6515289451577,0.9855079319584609,1588.6515289451577,0.9990326380629607,1588.6515289451577,0.984554589096434,1588.6029172879994,0.99017986357404
1588.6529178497549,1.0057323593517917,1588.6529178497549,0.9989615884419643,1588.6529178497549,1.0046879952455503,1588.60430619213,0.9989443269543874
1588.654306753886,0.9994054169851666,1588.654306753886,0.99884754290599,1588.654306753886,0.99825364512257,1588.6056950967272,0.9982402374075802
1588.6556956584825,0.9931393361829225,1588.6556956584825,0.9987680051602061,1588.6556956584825,0.9919157936455488,1588.6070840013244,0.991940579467296
1588.657084563078,0.9966989505344814,1588.657084563078,0.9988439962131677,1588.657084563078,0.9955467627733318,1588.6084729059207,0.9849003605353012
1588.6584734672083,1.0065709973078274,1588.6584734672083,0.9988427147505762,1588.6584734672083,1.0054061075401453,1588.6098618105175,0.9913461502683188
1588.6598623718055,0.9955992508466383,1588.6598623718055,0.9989181061422464,1588.6598623718055,0.9945221181323632,1588.611250715113,0.9997840927363674
1588.6612512764027,1.0115499636957361,1588.6612512764027,0.9989122225882846,1588.6612512764027,1.0104496224944064,1588.6126396197096,1.0045515194677408
1588.6626401805336,1.0100813761713627,1588.6626401805336,0.9988666909554971,1588.6626401805336,1.0089366418120638,1588.6140285238412,0.9971660826263968
1588.66402908513,0.9993314324477488,1588.66402908513,0.9988069574416262,1588.66402908513,0.998139187518918,1588.615417428438,1.0050094728889083
1588.6654179897264,0.995260673723365,1588.6654179897264,0.9987905013922845,1588.6654179897264,0.9940569073241826,1588.6168063330342,0.9993022145393692
1588.666806893858,1.002037800167499,1588.666806893858,0.99883819070517,1588.666806893858,1.0008736233374933,1588.618195237631,0.9892809316369212
1588.6681957984551,0.9937853374249298,1588.6681957984551,0.9989335809676211,1588.6681957984551,0.9927255458270008,1588.6195841422273,0.9936108855392904
1588.6695847025862,0.9927778039775844,1588.6695847025862,0.9989331048269464,1588.6695847025862,0.991718614130606,1588.6209730463588,0.999911220015652
1588.6709736071823,0.9961274003530981,1588.6709736071823,0.9989319951960538,1588.6709736071823,0.9950635315041786,1588.622361950956,0.9981639118373856
1588.6723625117793,1.0132919680159223,1588.6723625117793,0.9988985687243568,1588.6723625117793,1.0121758965509915,1588.6237508555523,0.9957450493473102
1588.67375141591,1.005666799166335,1588.67375141591,0.9989328971058391,1588.67375141591,1.0045936492143832,1588.625139760149,0.9874784550167012
1588.6751403205071,1.0048977809245505,1588.6751403205071,0.9988632078487605,1588.6751403205071,1.0037554210143975,1588.6265286647454,0.995447188963384
1588.6765292251043,0.989914038710412,1588.6765292251043,0.9987637466239024,1588.6765292251043,0.9886902541380098,1588.627917568877,0.992957351688454
1588.6779181292354,1.0082013482266061,1588.6779181292354,0.9986916909328273,1588.6779181292354,1.0068823092611854,1588.629306473474,0.9998602953000024
1588.6793070338313,1.0156807698903825,1588.6793070338313,0.9987608419006632,1588.6793070338313,1.014422180838032,1588.6306953780709,1.0050311220433874
1588.6806959379614,0.9915130552418479,1588.6806959379614,0.9988736793525882,1588.6806959379614,0.9903962936155506,1588.6320842826672,0.9986289381357268
1588.6820848425589,1.0008643376608717,1588.6820848425589,0.9987356000653104,1588.6820848425589,0.9995988448577,1588.6334731867971,0.9978924363604806
1588.68347374669,1.0046739614054527,1588.68347374669,0.998740896634536,1588.68347374669,1.003408973039453,1588.6348620913932,1.0076418132630651
1588.6848626512865,1.0026233984667436,1588.6848626512865,0.9987578718651882,1588.6848626512865,1.0013780117348874,1588.6362509959904,1.0003562577480678
1588.6862515558828,0.9885743323984061,1588.6862515558828,0.9987375390449111,1588.6862515558828,0.98732629590255,1588.6376399005876,1.006134675392301
1588.687640460014,1.0011191779771573,1588.687640460014,0.9987011177926415,1588.687640460014,0.9998188420894374,1588.6390288047187,0.9947493112478336
1588.6890293646102,0.9899770900995947,1588.6890293646102,0.9986792612913336,1588.6890293646102,0.9886695890360072,1588.640417709315,0.9876603202149812
1588.6904182687415,0.9997355238268196,1588.6904182687415,0.9986407068513606,1588.6904182687415,0.9983765901788304,1588.6418066139115,0.9898117664446162
1588.691807173339,0.996916027448821,1588.691807173339,0.9986578398054344,1588.691807173339,0.9955780064394548,1588.643195518508,1.007984571041224
1588.69319607747,0.9943902169225795,1588.69319607747,0.9987865984124566,1588.69319607747,0.993183622254728,1588.6445844226396,0.9857117733053072
1588.6945849820663,0.998539659146321,1588.6945849820663,0.9987605972812229,1588.6945849820663,0.9973020663779684,1588.6459733272368,0.9960269188784964
1588.6959738861974,0.9900645761910202,1588.6959738861974,0.9987724057528041,1588.6959738861974,0.9888491786129356,1588.647362231833,1.0079825414329913
1588.6973627907946,1.0143789878878893,1588.6973627907946,0.9986660646300516,1588.6973627907946,1.0130258718774132,1588.6487511364298,0.9990490670398358
1588.6987516949262,0.9908359669904329,1588.6987516949262,0.9987749585221108,1588.6987516949262,0.9896221518330852,1588.6501400405605,0.9954435602698776
1588.7001405995225,0.9938635132249435,1588.7001405995225,0.9987546939816375,1588.7001405995225,0.9926258490104936,1588.6515289451577,0.984554589096434
1588.7015295036526,0.9993291589138281,1588.7015295036526,0.9987447310819265,1588.7015295036526,0.998074732081719,1588.6529178497549,1.0046879952455503
1588.7029184082485,1.0073721920817105,1588.7029184082485,0.9987369836533505,1588.7029184082485,1.0060998645359511,1588.654306753886,0.99825364512257
1588.7043073123791,0.9914290400223392,1588.7043073123791,0.9986990812646375,1588.7043073123791,0.9901392714093916,1588.6556956584825,0.9919157936455488
1588.7056962169763,1.0102775954921206,1588.7056962169763,0.9986723835088095,1588.7056962169763,1.008936334295665,1588.657084563078,0.9955467627733318
1588.707085121108,0.9991656900596865,1588.707085121108,0.9985958643994701,1588.707085121108,0.9977627259434456,1588.6584734672083,1.0054061075401453
1588.7084740257046,0.988312122032249,1588.7084740257046,0.998589304050521,1588.7084740257046,0.9869179141248772,1588.6598623718055,0.9945221181323632
1588.7098629298353,1.0107998322767249,1588.7098629298353,0.9985353622869944,1588.7098629298353,1.0093193767220725,1588.6612512764027,1.0104496224944064
1588.711251834432,0.9976083600134905,1588.711251834432,0.9985049009212891,1588.711251834432,0.99611683667352,1588.6626401805336,1.0089366418120638
1588.7126407385636,0.9987575029958387,1588.7126407385636,0.9984800645280534,1588.7126407385636,0.9972394560391624,1588.66402908513,0.998139187518918
1588.7140296431608,0.9956956016396278,1588.7140296431608,0.9984662090836725,1588.7140296431608,0.9941684127704056,1588.6654179897264,0.9940569073241826
1588.7154185472914,1.0095093791984195,1588.7154185472914,0.998429971630309,1588.7154185472914,1.007924420833609,1588.666806893858,1.0008736233374933
1588.716807451888,1.015004803467292,1588.716807451888,0.9985035666313985,1588.716807451888,1.013485916410093,1588.6681957984551,0.9927255458270008
1588.7181963560188,1.0050009683500587,1588.7181963560188,0.9984624364884769,1588.7181963560188,1.0034557155320782,1588.6695847025862,0.991718614130606
1588.7195852606155,1.008386830186835,1588.7195852606155,0.9985003683206167,1588.7195852606155,1.006874621351214,1588.6709736071823,0.9950635315041786
1588.720974164747,0.9843615079900694,1588.720974164747,0.9984333271704054,1588.720974164747,0.9828193355610026,1588.6723625117793,1.0121758965509915
1588.7223630688784,1.0102805988707653,1588.7223630688784,0.9984546999669256,1588.7223630688784,1.008719412227916,1588.67375141591,1.0045936492143832
1588.723751973474,0.9928440289003587,1588.723751973474,0.9983824232697917,1588.723751973474,0.9912380275024832,1588.6751403205071,1.0037554210143975
1588.7251408776042,0.9922727943399473,1588.7251408776042,0.9983225389947967,1588.7251408776042,0.990608295420918,1588.6765292251043,0.9886902541380098
1588.726529782201,1.0084549180026408,1588.726529782201,0.9983950792848834,1588.726529782201,1.006836427814477,1588.6779181292354,1.0068823092611854
1588.7279186863325,1.0131498195326323,1588.7279186863325,0.9985148940919018,1588.7279186863325,1.0116451847498558,1588.6793070338313,1.014422180838032
1588.7293075909297,1.0101850835215662,1588.7293075909297,0.998495650749474,1588.7293075909297,1.008665412348278,1588.6806959379614,0.9903962936155506
1588.7306964950603,1.0058153636783211,1588.7306964950603,0.9984537452833857,1588.7306964950603,1.0042601169281904,1588.6820848425589,0.9995988448577
1588.7320853991914,0.984355462302294,1588.7320853991914,0.9984312118605922,1588.7320853991914,0.982811217128073,1588.68347374669,1.003408973039453
1588.7334743037875,1.0061524816819414,1588.7334743037875,0.9984363958111055,1588.7334743037875,1.004579257446917,1588.6848626512865,1.0013780117348874
1588.7348632079188,1.0043797012258946,1588.7348632079188,0.9985220080806603,1588.7348632079188,1.002895236143534,1588.6862515558828,0.98732629590255
1588.736252112516,1.00646708875214,1588.736252112516,0.9984408389170879,1588.736252112516,1.0048978444361258,1588.687640460014,0.9998188420894374
1588.7376410166476,1.0019436697324846,1588.7376410166476,0.9983448917178802,1588.7376410166476,1.000285344466493,1588.6890293646102,0.9886695890360072
1588.7390299207782,0.9973852571854991,1588.7390299207782,0.9983295314353519,1588.7390299207782,0.9957191564665272,1588.6904182687415,0.9983765901788304
1588.740418825375,0.9952081269350826,1588.740418825375,0.9982311141264053,1588.740418825375,0.9934477173380606,1588.691807173339,0.9955780064394548
1588.7418077295056,0.9983879921934242,1588.7418077295056,0.9982388813931556,1588.7418077295056,0.9966297125235224,1588.69319607747,0.993183622254728
1588.7431966336371,0.9981539222203051,1588.7431966336371,0.9982308163631207,1588.7431966336371,0.996388004634026,1588.6945849820663,0.9973020663779684
1588.7445855382343,0.986904349953515,1588.7445855382343,0.9982360834824978,1588.7445855382343,0.9851635330694372,1588.6959738861974,0.9888491786129356
1588.7459744423645,0.999734512959833,1588.7459744423645,0.9981450072616026,1588.7459744423645,0.9978800126979672,1588.6973627907946,1.0130258718774132
1588.7473633464947,0.9955520014324778,1588.7473633464947,0.9980709071030935,1588.7473633464947,0.9936314891380134,1588.6987516949262,0.9896221518330852
1588.748752251091,1.0074010050330247,1588.748752251091,0.9981032766528842,1588.748752251091,1.0054902440268707,1588.7001405995225,0.9926258490104936
1588.750141155222,1.0110433444863458,1588.750141155222,0.9981326858848972,1588.750141155222,1.0091554089782058,1588.7015295036526,0.998074732081719
1588.7515300593536,1.0050802554791949,1588.7515300593536,0.9981452657984891,1588.7515300593536,1.0032160987540943,1588.7029184082485,1.0060998645359511
1588.7529189639508,1.0093407589585597,1588.7529189639508,0.9982069736215677,1588.7529189639508,1.00753098435292,1588.7043073123791,0.9901392714093916
1588.7543078680817,1.0017440983928625,1588.7543078680817,0.9981766979820048,1588.7543078680817,0.999917616356748,1588.7056962169763,1.008936334295665
1588.7556967722126,0.9956201498657605,1588.7556967722126,0.998172098336596,1588.7556967722126,0.9938002541377025,1588.707085121108,0.9977627259434456
1588.7570856768089,1.0005680307358187,1588.7570856768089,0.9980962461174587,1588.7570856768089,0.9986631954625588,1588.7084740257046,0.9869179141248772
1588.7584745809404,0.9937979074407189,1588.7584745809404,0.9980396116691973,1588.7584745809404,0.991849677619796,1588.7098629298353,1.0093193767220725
1588.759863485072,1.009336503485134,1588.759863485072,0.9979294825983455,1588.759863485072,1.007246654690543,1588.711251834432,0.99611683667352
1588.7612523896687,0.997094606044802,1588.7612523896687,0.9979802782904663,1588.7612523896687,0.9950807524225144,1588.7126407385636,0.9972394560391624
1588.762641293799,1.0028193246789128,1588.762641293799,0.9978661488236293,1588.762641293799,1.0006794574832594,1588.7140296431608,0.9941684127704056
1588.76403019793,1.0092480288131171,1588.76403019793,0.9979143425742606,1588.76403019793,1.0071430831674102,1588.7154185472914,1.007924420833609
1588.765419102061,1.0016292001124518,1588.765419102061,0.9979118509944717,1588.765419102061,0.9995376490943289,1588.716807451888,1.013485916410093
1588.7668080066585,1.0090445652010989,1588.7668080066585,0.997897475649866,1588.7668080066585,1.0069230244323932,1588.7181963560188,1.0034557155320782
1588.7681969107898,1.0005743036199208,1588.7681969107898,0.9977496405721168,1588.7681969107898,0.998322651802472,1588.7195852606155,1.006874621351214
1588.76958581492,1.010071273958536,1588.76958581492,0.99775599992884,1588.76958581492,1.0078046739478963,1588.720974164747,0.9828193355610026
1588.7709747190502,0.9957157259998227,1588.7709747190502,0.997721800383897,1588.7709747190502,0.9934472868151022,1588.7223630688784,1.008719412227916
1588.7723636236465,1.0101411068787984,1588.7723636236465,0.9976081151781363,1588.7723636236465,1.0077249656973144,1588.723751973474,0.9912380275024832
1588.773752527778,0.995028397341513,1588.773752527778,0.9975871163588094,1588.773752527778,0.9926275095990476,1588.7251408776042,0.990608295420918
1588.7751414319096,1.0114484417328922,1588.7751414319096,0.9975351769624288,1588.7751414319096,1.0089554003123935,1588.726529782201,1.006836427814477
1588.7765303360409,1.0018071934372652,1588.7765303360409,0.9975352088620192,1588.7765303360409,0.9993379479449156,1588.7279186863325,1.0116451847498558
1588.777919240637,0.9962931364508569,1588.777919240637,0.9974653714394646,1588.777919240637,0.9937679034125432,1588.7293075909297,1.008665412348278
1588.779308144768,1.000256146905203,1588.779308144768,0.9973895919119957,1588.779308144768,0.9976450701692456,1588.7306964950603,1.0042601169281904
1588.780697048899,1.0114928589345893,1588.780697048899,0.9974446140459543,1588.780697048899,1.0089081042902504,1588.7320853991914,0.982811217128073
1588.7820859530302,0.9997208879953648,1588.7820859530302,0.9975386691653765,1588.7820859530302,0.9972602441477246,1588.7334743037875,1.004579257446917
1588.7834748571618,1.0046982283592538,1588.7834748571618,0.9974424468738542,1588.7834748571618,1.0021286592644805,1588.7348632079188,1.002895236143534
1588.784863761758,0.9986059508246434,1588.784863761758,0.9974024015769292,1588.784863761758,0.9960119735815122,1588.736252112516,1.0048978444361258
1588.7862526658892,1.0026111777758633,1588.7862526658892,0.9972944986125314,1588.7862526658892,0.9998986118432992,1588.7376410166476,1.000285344466493
1588.7876415700198,1.001473562003651,1588.7876415700198,0.9971797665000469,1588.7876415700198,0.998649172714771,1588.7390299207782,0.9957191564665272
1588.7890304741509,1.0076929508418369,1588.7890304741509,0.9971095965582388,1588.7890304741509,1.0047803116684852,1588.740418825375,0.9934477173380606
1588.7904193782824,1.0077570346186877,1588.7904193782824,0.9971803945391824,1588.7904193782824,1.0049155573806996,1588.7418077295056,0.9966297125235224
1588.7918082828787,1.015443343671927,1588.7918082828787,0.9971216077562584,1588.7918082828787,1.0125204994275427,1588.7431966336371,0.996388004634026
1588.793197187009,1.0164742160248799,1588.793197187009,0.9971888296882817,1588.793197187009,1.0136167338861637,1588.7445855382343,0.9851635330694372
1588.79458609114,0.9968826411945861,1588.79458609114,0.9971723396650869,1588.79458609114,0.9940637956915168,1588.7459744423645,0.9978800126979672
1588.7959749952706,1.0016786796267036,1588.7959749952706,0.9971912076690812,1588.7959749952706,0.9988651722333234,1588.7473633464947,0.9936314891380134
1588.7973638994022,0.9987806501769455,1588.7973638994022,0.9970646990512038,1588.7973638994022,0.9958489283868418,1588.748752251091,1.0054902440268707
1588.7987528035335,0.9936350757642174,1588.7987528035335,0.9969711622522491,1588.7987528035335,0.9906255163392534,1588.750141155222,1.0091554089782058
1588.8001417081305,0.9982234632478388,1588.8001417081305,0.9969039436981133,1588.8001417081305,0.9951329072037592,1588.7515300593536,1.0032160987540943
1588.801530612261,0.9877588659219473,1588.801530612261,0.9970472910106186,1588.801530612261,0.9848423014391984,1588.7529189639508,1.00753098435292
1588.8029195163915,1.001679222059069,1588.8029195163915,0.996902086843445,1588.8029195163915,0.9985761068184044,1588.7543078680817,0.999917616356748
1588.8043084205228,1.0132676048475497,1588.8043084205228,0.996763499153068,1588.8043084205228,1.009988163386292,1588.7556967722126,0.9938002541377025
1588.8056973246544,0.9911824335818589,1588.8056973246544,0.9967430928116926,1588.8056973246544,0.987954244389002,1588.7570856768089,0.9986631954625588
1588.807086228786,1.0064381087790584,1588.807086228786,0.9966591482575333,1588.807086228786,1.003075748269659,1588.7584745809404,0.991849677619796
1588.8084751329166,0.9952236854394189,1588.8084751329166,0.996558383207209,1588.8084751329166,0.9917985068910272,1588.759863485072,1.007246654690543
1588.8098640370476,1.00387802446644,1588.8098640370476,0.9964934921932478,1588.8098640370476,1.0003579183366216,1588.7612523896687,0.9950807524225144
1588.811252941644,1.0061000122331412,1588.811252941644,0.996488462829239,1588.811252941644,1.0025670546426813,1588.762641293799,1.0006794574832594
1588.8126418457755,1.0074116985379518,1588.8126418457755,0.9964550555718034,1588.8126418457755,1.0038404800503196,1588.76403019793,1.0071430831674102
1588.8140307499066,1.0055673598040569,1588.8140307499066,0.9964396024280014,1588.8140307499066,1.0019871402177296,1588.765419102061,0.9995376490943289
1588.8154196540368,1.0118020021759655,1588.8154196540368,0.9963566313986095,1588.8154196540368,1.0081156345304136,1588.7668080066585,1.0069230244323932
1588.8168085581674,1.0120214868458361,1588.8168085581674,0.9963206135977714,1588.8168085581674,1.0082978687483724,1588.7681969107898,0.998322651802472
1588.8181974622985,1.0007757615136734,1588.8181974622985,0.9962821918252356,1588.8181974622985,0.9970550692064118,1588.76958581492,1.0078046739478963
1588.8195863664291,1.0032738984345113,1588.8195863664291,0.9962276977131898,1588.8195863664291,0.9994892460131498,1588.7709747190502,0.9934472868151022
1588.820975270561,0.9950556595474683,1588.820975270561,0.9962480148530809,1588.820975270561,0.9913222254924884,1588.7723636236465,1.0077249656973144
1588.8223641746922,1.007981258348729,1588.8223641746922,0.9961768937138015,1588.8223641746922,1.0041276388635658,1588.773752527778,0.9926275095990476
1588.8237530788228,0.9955408408880703,1588.8237530788228,0.9962234202045754,1588.8237530788228,0.9917811014628524,1588.7751414319096,1.0089554003123935
1588.825141982954,0.9890235450547229,1588.825141982954,0.9962708336486731,1588.825141982954,0.9853353117298348,1588.7765303360409,0.9993379479449156
1588.8265308870846,0.9944535873901256,1588.8265308870846,0.9963212124242138,1588.8265308870846,0.9907952038881388,1588.777919240637,0.9937679034125432
1588.827919791216,0.9954170518843493,1588.827919791216,0.996265566022206,1588.827919791216,0.9916997326237168,1588.779308144768,0.9976450701692456
1588.8293086953477,1.005180750938747,1588.8293086953477,0.9963163492063537,1588.8293086953477,1.0014780160677934,1588.780697048899,1.0089081042902504
1588.8306975994788,0.9995764304785567,1588.8306975994788,0.99620348222444,1588.8306975994788,0.995781520792214,1588.7820859530302,0.9972602441477246
1588.8320865036094,0.9889424754516213,1588.8320865036094,0.9961506321526117,1588.8320865036094,0.9851356720837012,1588.7834748571618,1.0021286592644805
1588.8334754077405,0.9908463254691303,1588.8334754077405,0.9961451635426393,1588.8334754077405,0.98702677493007,1588.784863761758,0.9960119735815122
1588.8348643118711,0.9993825681560192,1588.8348643118711,0.9959894476879674,1588.8348643118711,0.995374492086696,1588.7862526658892,0.9998986118432992
1588.8362532160022,1.0004847129781842,1588.8362532160022,0.9960699638818571,1588.8362532160022,0.99655277192053,1588.7876415700198,0.998649172714771
1588.8376421205985,0.9937817357808637,1588.8376421205985,0.9960340916292871,1588.8376421205985,0.9898404884762688,1588.7890304741509,1.0047803116684852
1588.8390310247296,0.9952595038815861,1588.8390310247296,0.9960223393782448,1588.8390310247296,0.9913006993445688,1588.7904193782824,1.0049155573806996
1588.8404199283946,1.0077041083264284,1588.8404199283946,0.9959414913544258,1588.8404199283946,1.003614332490605,1588.7918082828787,1.0125204994275427
1588.8418088325252,0.9900957096921483,1588.8418088325252,0.9957983830204736,1588.8418088325252,0.9859357067469496,1588.793197187009,1.0136167338861637
1588.8431977366567,1.0170937263570075,1588.8431977366567,0.995674036155122,1588.8431977366567,1.0126938156699348,1588.79458609114,0.9940637956915168
1588.8445866407883,0.9900722708302082,1588.8445866407883,0.995673428545174,1588.8445866407883,0.9857886524050196,1588.7959749952706,0.9988651722333234
1588.8459755449194,1.0091833492604474,1588.8459755449194,0.995675728288119,1588.8459755449194,1.004819366251139,1588.7973638994022,0.9958489283868418
1588.84736444905,0.9890582717405433,1588.84736444905,0.9955428788308823,1588.84736444905,0.9846499191800776,1588.7987528035335,0.9906255163392534
1588.848753353181,1.003600685229791,1588.848753353181,0.995681713713361,1588.848753353181,0.9992668501535016,1588.8001417081305,0.9951329072037592
1588.8501422573115,1.0043969008732532,1588.8501422573115,0.9957386612905628,1588.8501422573115,1.000116825479923,1588.801530612261,0.9848423014391984
1588.8515311614433,1.0115575031473087,1588.8515311614433,0.995659120989243,1588.8515311614433,1.0071664544137229,1588.8029195163915,0.9985761068184044
1588.8529200655748,1.0009493197305879,1588.8529200655748,0.9956669163367359,1588.8529200655748,0.996612122585508,1588.8043084205228,1.009988163386292
1588.854308969706,0.9973000781203608,1588.854308969706,0.9955198954549175,1588.854308969706,0.9928320695075626,1588.8056973246544,0.987954244389002
1588.8556978738366,0.9898009429833551,1588.8556978738366,0.9953710395224354,1588.8556978738366,0.985219193537629,1588.807086228786,1.003075748269659
1588.8570867779677,0.9928080901964264,1588.8570867779677,0.9954041346634777,1588.8570867779677,0.9882452779088736,1588.8084751329166,0.9917985068910272
1588.8584756820983,1.007180822760898,1588.8584756820983,0.9953121408215145,1588.8584756820983,1.002459300896524,1588.8098640370476,1.0003579183366216
1588.8598645862292,0.9918531718253615,1588.8598645862292,0.9952291432892875,1588.8598645862292,0.987121182464517,1588.811252941644,1.0025670546426813
1588.86125349036,0.9970457968707889,1588.86125349036,0.9951592147976325,1588.86125349036,0.992219312331214,1588.8126418457755,1.0038404800503196
1588.8626423944906,1.0001718164348918,1588.8626423944906,0.9951229443136261,1588.8626423944906,0.9952939227901972,1588.8140307499066,1.0019871402177296
1588.8640312986215,0.982246965860422,1588.8640312986215,0.9951375365014478,1588.8640312986215,0.977470825842362,1588.8154196540368,1.0081156345304136
1588.8654202027524,1.0050825517071387,1588.8654202027524,0.9951677562101803,1588.8654202027524,1.0002257477883958,1588.8168085581674,1.0082978687483724
1588.8668091064185,0.9877674294738097,1588.8668091064185,0.9951558174841559,1588.8668091064185,0.9829825037622324,1588.8181974622985,0.9970550692064118
1588.8681980105498,0.9991494671502995,1588.8681980105498,0.9951535749755804,1588.8681980105498,0.9943071641695668,1588.8195863664291,0.9994892460131498
1588.869586914681,0.9894268701771134,1588.869586914681,0.9952250248686433,1588.869586914681,0.9847023814777216,1588.820975270561,0.9913222254924884
1588.8709758188115,0.990048960023329,1588.8709758188115,0.9952028198663948,1588.8709758188115,0.9852995168210086,1588.8223641746922,1.0041276388635658
1588.8723647229426,1.0045039560949744,1588.8723647229426,0.9952185810116189,1588.8723647229426,0.999701001805398,1588.8237530788228,0.9917811014628524
1588.8737536270742,0.9978617230691795,1588.8737536270742,0.9951388650264625,1588.8737536270742,0.9930109825484136,1588.825141982954,0.9853353117298348
1588.8751425312057,1.001921127271573,1588.8751425312057,0.9950608318008342,1588.8751425312057,0.9969724703016808,1588.8265308870846,0.9907952038881388
1588.8765314353363,1.0054201977897552,1588.8765314353363,0.9950475930000312,1588.8765314353363,1.0004409477643113,1588.827919791216,0.9916997326237168
1588.8779203390018,1.0013953543811,1588.8779203390018,0.9949669533917235,1588.8779203390018,0.9963552848891885,1588.8293086953477,1.0014780160677934
1588.8793092431324,1.0093964020435497,1588.8793092431324,0.9949511331988192,1588.8793092431324,1.0043000940600408,1588.8306975994788,0.995781520792214
1588.8806981472626,0.991422006310224,1588.8806981472626,0.9950797621040273,1588.8806981472626,0.9865439741838752,1588.8320865036094,0.9851356720837012
1588.8820870513932,0.9951290037209127,1588.8820870513932,0.9952276222848464,1588.8820870513932,0.990379872239852,1588.8334754077405,0.98702677493007
1588.8834759555248,0.9973079589949125,1588.8834759555248,0.9954004689533645,1588.8834759555248,0.9927208100744588,1588.8348643118711,0.995374492086696
1588.884864859656,1.0190528273493364,1588.884864859656,0.9952794575784019,1588.884864859656,1.0142423452479843,1588.8362532160022,0.99655277192053
1588.8862537633208,0.9962704283867898,1588.8862537633208,0.9953545345776524,1588.8862537633208,0.9916422885604116,1588.8376421205985,0.9898404884762688
1588.887642667452,1.0047152535691994,1588.887642667452,0.9954153174317567,1588.887642667452,1.0001089530601126,1588.8390310247296,0.9913006993445688
1588.8890315715837,0.9914672012751594,1588.8890315715837,0.9952847039706414,1588.8890315715837,0.9867921399177474,1588.8404199283946,1.003614332490605
1588.890420475715,0.989791625382612,1588.890420475715,0.9953564866686787,1588.890420475715,0.9851955147749176,1588.8418088325252,0.9859357067469496
1588.8918093798457,0.9896639571823908,1588.8918093798457,0.9953477338317606,1588.8918093798457,0.9850597770364652,1588.8431977366567,1.0126938156699348
1588.893198283511,0.9926710742298127,1588.893198283511,0.9954225697352742,1588.893198283511,0.9881271916117152,1588.8445866407883,0.9857886524050196
1588.8945871876415,0.9962942913618154,1588.8945871876415,0.9954103284439678,1588.8945871876415,0.9917216277913148,1588.8459755449194,1.004819366251139
1588.8959760917728,0.9971261533342592,1588.8959760917728,0.9954379975898006,1588.8959760917728,0.9925772614194754,1588.84736444905,0.9846499191800776
1588.8973649959044,1.0015245669616746,1588.8973649959044,0.9952747796385701,1588.8973649959044,0.996792142685395,1588.848753353181,0.9992668501535016
1588.898753900036,0.9921109687699323,1588.898753900036,0.99526983511078,1588.898753900036,0.9874181202992468,1588.8501422573115,1.000116825479923
1588.9001428037009,0.9885191133620902,1588.9001428037009,0.9952100932758383,1588.9001428037009,0.9837841990140348,1588.8515311614433,1.0071664544137229
1588.9015317078315,1.0009659380279459,1588.9015317078315,0.9952303553182323,1588.9015317078315,0.9961916861650002,1588.8529200655748,0.996612122585508
1588.9029206119617,0.9912711167571518,1588.9029206119617,0.9953547006780564,1588.9029206119617,0.9866663657106176,1588.854308969706,0.9928320695075626
1588.9043095160928,1.0033306472365582,1588.9043095160928,0.9954165133665929,1588.9043095160928,0.9987318946260616,1588.8556978738366,0.985219193537629
1588.905698419759,1.0135793707031822,1588.905698419759,0.9952893753948121,1588.905698419759,1.0088047787802368,1588.8570867779677,0.9882452779088736
1588.9070873238893,0.9984434529198677,1588.9070873238893,0.9953181470205671,1588.9070873238893,0.9937688874650196,1588.8584756820983,1.002459300896524
1588.9084762280204,0.9931295933470708,1588.9084762280204,0.9952258795382863,1588.9084762280204,0.9883882730343392,1588.8598645862292,0.987121182464517
1588.909865132151,0.9982272565252053,1588.909865132151,0.9953727815016558,1588.909865132151,0.9936082408982604,1588.86125349036,0.992219312331214
1588.9112540358165,0.9798369603208339,1588.9112540358165,0.9952781047115183,1588.9112540358165,0.9752102727944147,1588.8626423944906,0.9952939227901972
1588.912642939948,0.9932148451121661,1588.912642939948,0.9953422636483711,1588.912642939948,0.9885887122231096,1588.8640312986215,0.977470825842362
1588.9140318440795,1.0071577943847234,1588.9140318440795,0.9953297077248423,1588.9140318440795,1.0024540731177436,1588.8654202027524,1.0002257477883958
1588.9154207482102,0.9987742362208291,1588.9154207482102,0.9952661053928499,1588.9154207482102,0.9940461442502228,1588.8668091064185,0.9829825037622324
1588.9168096518756,1.0054660060157303,1588.9168096518756,0.9951735936016246,1588.9168096518756,1.000613218450947,1588.8681980105498,0.9943071641695668
1588.9181985560062,0.9934932392381445,1588.9181985560062,0.9951796729326317,1588.9181985560062,0.9887042768857974,1588.869586914681,0.9847023814777216
1588.9195874601378,1.0019136662311396,1588.9195874601378,0.9952815574918333,1588.9195874601378,0.9971861941988815,1588.8709758188115,0.9852995168210086
1588.9209763638037,0.9960107186497168,1588.9209763638037,0.9952746355736194,1588.9209763638037,0.9913042050315156,1588.8723647229426,0.999701001805398
1588.9223652679343,0.9978674086192666,1588.9223652679343,0.9953900269070651,1588.9223652679343,0.9932672667152151,1588.8737536270742,0.9930109825484136
1588.9237541720654,1.0010812311659274,1588.9237541720654,0.995433548854619,1588.9237541720654,0.9965098426312504,1588.8751425312057,0.9969724703016808
1588.92514307573,1.014155135617675,1588.92514307573,0.9954295600010253,1588.92514307573,1.0095200004206824,1588.8765314353363,1.0004409477643113
1588.92653197986,0.9914643346745392,1588.92653197986,0.9954819923205175,1588.92653197986,0.9869848911965466,1588.8779203390018,0.9963552848891885
1588.9279208839916,0.990836795124146,1588.9279208839916,0.9954837459908528,1588.9279208839916,0.986361924475756,1588.8793092431324,1.0043000940600408
1588.9293097876575,0.9907766836305053,1588.9293097876575,0.9953961543008798,1588.9293097876575,0.9862153006567844,1588.8806981472626,0.9865439741838752
1588.9306986917882,0.9940055434529791,1588.9306986917882,0.9954549787816097,1588.9306986917882,0.9894877671667878,1588.8820870513932,0.990379872239852
1588.9320875959193,0.9958618599660106,1588.9320875959193,0.9953636856760534,1588.9320875959193,0.991244731359978,1588.8834759555248,0.9927208100744588
1588.9334764995842,0.9977803205221435,1588.9334764995842,0.9954217384845476,1588.9334764995842,0.9932122212798212,1588.884864859656,1.0142423452479843
1588.9348654037158,0.9846943345135228,1588.9348654037158,0.9953771926459606,1588.9348654037158,0.9801422823024528,1588.8862537633208,0.9916422885604116
1588.936254307847,1.0010882735794226,1588.936254307847,0.9952277994015986,1588.936254307847,0.9963108795211943,1588.887642667452,1.0001089530601126
1588.9376432115127,0.9890409550739957,1588.9376432115127,0.9951839049516309,1588.9376432115127,0.9842776398276296,1588.8890315715837,0.9867921399177474
1588.9390321156434,0.9863703745227606,1588.9390321156434,0.9950508829688397,1588.9390321156434,0.981488712103178,1588.890420475715,0.9851955147749176
1588.940421019774,0.9962211806964093,1588.940421019774,0.995026467239726,1588.940421019774,0.9912664420177368,1588.8918093798457,0.9850597770364652
1588.9418099234397,0.9826950441606357,1588.9418099234397,0.9948047641953472,1588.9418099234397,0.9775897116821576,1588.893198283511,0.9881271916117152
1588.943198827571,0.9952502662604124,1588.943198827571,0.9948209230938608,1588.943198827571,0.9900957885905942,1588.8945871876415,0.9917216277913148
1588.9445877312369,0.9982267772085596,1588.9445877312369,0.9947309487964148,1588.9445877312369,0.9929670692066578,1588.8959760917728,0.9925772614194754
1588.945976635367,1.0019098993591509,1588.945976635367,0.9947794170990828,1588.945976635367,0.9966793456702968,1588.8973649959044,0.996792142685395
1588.9473655394972,1.0012639850601215,1588.9473655394972,0.9947873584705252,1588.9473655394972,0.9960447548296296,1588.898753900036,0.9874181202992468
1588.9487544431622,1.0028500275040597,1588.9487544431622,0.9950055953249024,1588.9487544431622,0.9978413886382717,1588.9001428037009,0.9837841990140348
1588.9501433472933,1.0086901754092452,1588.9501433472933,0.9950007516938508,1588.9501433472933,1.0036474827584012,1588.9015317078315,0.9961916861650002
1588.9515322509592,1.0038429763124377,1588.9515322509592,0.9949964654879822,1588.9515322509592,0.9988202133358116,1588.9029206119617,0.9866663657106176
1588.9529211550907,1.0017435643077341,1588.9529211550907,0.995031164471317,1588.9529211550907,0.9967660652947724,1588.9043095160928,0.9987318946260616
1588.9543100587557,0.9977213482085319,1588.9543100587557,0.9950906165480663,1588.9543100587557,0.992823151531996,1588.905698419759,1.0088047787802368
1588.9556989628868,0.996244686796915,1588.9556989628868,0.9951264601116735,1588.9556989628868,0.991389448577277,1588.9070873238893,0.9937688874650196
1588.9570878670174,0.9898626008747992,1588.9570878670174,0.9953110889078586,1588.9570878670174,0.9852212231458614,1588.9084762280204,0.9883882730343392
1588.958476770683,0.9899969485397032,1588.958476770683,0.9954847178031628,1588.958476770683,0.9855268329430388,1588.909865132151,0.9936082408982604
1588.9598656748149,1.0150584256540927,1588.9598656748149,0.9954831384401333,1588.9598656748149,1.0104735472702369,1588.9112540358165,0.9752102727944147
1588.9612545784798,0.9968680293823948,1588.9612545784798,0.9955324405907271,1588.9612545784798,0.9924144622379242,1588.912642939948,0.9885887122231096
1588.962643482611,0.997288224844882,1588.962643482611,0.9955477003766392,1588.962643482611,0.992847998857023,1588.9140318440795,1.0024540731177436
1588.964032386276,1.002155228250419,1588.964032386276,0.9956349872560583,1588.964032386276,0.997780807907698,1588.9154207482102,0.9940461442502228
1588.965421290407,0.988895355636319,1588.965421290407,0.9955312544516216,1588.965421290407,0.9844762339180072,1588.9168096518756,1.000613218450947
1588.9668101940729,0.9929074418824688,1588.9668101940729,0.9956432353537293,1588.9668101940729,0.9885815778426562,1588.9181985560062,0.9887042768857974
1588.9681990982035,1.0109622683616069,1588.9681990982035,0.9956374685214577,1588.9681990982035,1.006551913642261,1588.9195874601378,0.9971861941988815
1588.969588001868,0.9892913316441846,1588.969588001868,0.9957158019756929,1588.969588001868,0.9850530116756904,1588.9209763638037,0.9913042050315156
1588.9709769059991,0.9966021928799035,1588.9709769059991,0.9957033240507203,1588.9709769059991,0.992320116206757,1588.9223652679343,0.9932672667152151
1588.972365809664,1.0148404269938267,1588.972365809664,0.9958426100990081,1588.972365809664,1.0106213396515242,1588.9237541720654,0.9965098426312504
1588.9737547137956,1.0009655594304332,1588.9737547137956,0.995858934711577,1588.9737547137956,0.996820495697369,1588.92514307573,1.0095200004206824
1588.9751436174615,1.0011638646448908,1588.9751436174615,0.99586471230726,1588.9751436174615,0.9970237640370088,1588.92653197986,0.9869848911965466
1588.9765325215926,1.0108249089559338,1588.9765325215926,0.9958271592397585,1588.9765325215926,1.0066068975743752,1588.9279208839916,0.986361924475756
1588.9779214252576,0.9904131626568947,1588.9779214252576,0.9958337249126733,1588.9779214252576,0.9862868289711568,1588.9293097876575,0.9862153006567844
1588.9793103293882,0.9900697714350009,1588.9793103293882,0.9958214895910983,1588.9793103293882,0.9859327545895208,1588.9306986917882,0.9894877671667878
1588.9806992330537,0.9984669866999051,1588.9806992330537,0.9958696404824132,1588.9806992330537,0.994342959078393,1588.9320875959193,0.991244731359978
1589.0001438871627,1.0164101356431994,1589.0001438871627,0.9964224651294892,1588.9931993679045,1.0217502351193506,1588.9334764995842,0.9932122212798212
1589.0029216949588,1.0215876514656723,1589.0029216949588,0.9963279097403491,1589.0001438871627,1.0127738929401953,1588.9348654037158,0.9801422823024528
1589.004310598625,1.0153479209283458,1589.004310598625,0.9962243334734604,1589.0015327912938,1.0201544710224375,1588.936254307847,0.9963108795211943
1589.0056995027562,1.012287287795271,1589.0056995027562,0.9963664949739778,1589.0029216949588,1.0178362894013455,1588.9376432115127,0.9842776398276296
1589.0070884064216,1.0058883780027619,1589.0070884064216,0.9963376799306105,1589.004310598625,1.0115143057705052,1588.9390321156434,0.981488712103178
1589.0084773105525,1.0013246628076435,1589.0084773105525,0.9965399447309258,1589.0056995027562,1.0086091368472885,1588.940421019774,0.9912664420177368
1589.0098662142177,1.0050122993282953,1589.0098662142177,0.9964247169861273,1589.0070884064216,1.0022044928084368,1588.9418099234397,0.9775897116821576
1589.011255117883,1.0159250106250703,1589.011255117883,0.9964374529491525,1589.0084773105525,0.997860024132042,1588.943198827571,0.9900957885905942
1589.0126440220138,0.9991876853854578,1589.0126440220138,0.996525942909413,1589.0098662142177,1.0014190959257736,1588.9445877312369,0.9929670692066578
1589.0140329256787,1.021640880102242,1589.0140329256787,0.9966190223198378,1589.011255117883,1.012305729974586,1588.945976635367,0.9966793456702968
1589.0154218293442,1.008028611319993,1589.0154218293442,0.9966441966199201,1589.0126440220138,0.9957164503222172,1588.9473655394972,0.9960447548296296
1589.0168107334748,1.0168095286879213,1589.0168107334748,0.9967108275490043,1589.0140329256787,1.018186735089475,1588.9487544431622,0.9978413886382717
1589.0181996371398,1.0176640002185946,1589.0181996371398,0.9969020215636019,1589.0154218293442,1.004645865498908,1588.9501433472933,1.0036474827584012
1589.0209774449372,0.9899142114144943,1589.0209774449372,0.9969314856223725,1589.0168107334748,1.013465066798251,1588.9515322509592,0.9988202133358116
1589.0223663486026,0.9951932146640777,1589.0223663486026,0.9969021617084308,1589.0181996371398,1.0145112990904188,1588.9529211550907,0.9967660652947724
1589.0237552522676,1.003748947292902,1589.0237552522676,0.9970414215680273,1589.0209774449372,0.9868766454241512,1588.9543100587557,0.992823151531996
1589.025144155933,1.0047067580612357,1589.025144155933,0.9970679734331791,1589.0223663486026,0.9921102670161815,1588.9556989628868,0.991389448577277
1589.0265330600637,1.014805183765082,1589.0265330600637,0.9970978601579638,1589.0237552522676,1.000779277306326,1588.9570878670174,0.9852212231458614
1589.0279219637296,1.0065960972479209,1589.0279219637296,0.997148549136103,1589.025144155933,1.0017609311547355,1588.958476770683,0.9855268329430388
1589.0293108673957,0.995756973377942,1589.0293108673957,0.9971365041631578,1589.0265330600637,1.0118600772093724,1588.9598656748149,1.0104735472702369
1589.0306997715263,0.9974327746934595,1589.0306997715263,0.9971062698804994,1589.0279219637296,1.003725837936828,1588.9612545784798,0.9924144622379242
1589.0320886751915,1.0004277754594468,1589.0320886751915,0.9972504526041798,1589.0293108673957,0.9929056274301676,1588.962643482611,0.992847998857023
1589.033477578857,1.0103178808225017,1589.033477578857,0.9973160150781302,1589.0306997715263,0.994546473431152,1588.964032386276,0.997780807907698
1589.034866482522,0.9823677104666225,1589.034866482522,0.9973047045845055,1589.0320886751915,0.997677051874726,1588.965421290407,0.9844762339180072
1589.036255386653,1.0086858694552725,1589.036255386653,0.9973059016550541,1589.033477578857,1.0076062028640786,1588.9668101940729,0.9885815778426562
1589.037644290318,1.0052120310393502,1589.037644290318,0.9974817453822988,1589.034866482522,0.979719939280272,1588.9681990982035,1.006551913642261
1589.039033193983,1.0007843527045917,1589.039033193983,0.9974492749119421,1589.036255386653,1.0059683705238027,1588.969588001868,0.9850530116756904
1589.0404220976484,0.9989367195510581,1589.0404220976484,0.9974904389460074,1589.037644290318,1.0026806512004165,1588.9709769059991,0.992320116206757
1589.041811001779,1.013473347457897,1589.041811001779,0.9975511136282549,1589.039033193983,0.9982316269484124,1588.972365809664,1.0106213396515242
1589.043199905445,1.0051380754559605,1589.043199905445,0.9976285642957673,1589.0404220976484,0.9964298268642696,1588.9737547137956,0.996820495697369
1589.0445888091108,1.0005252961155868,1589.0445888091108,0.997570393278632,1589.041811001779,1.0109914663891804,1588.9751436174615,0.9970237640370088
1589.0459777127762,1.0121921371175122,1589.0459777127762,0.9976943042044754,1589.043199905445,1.0027544551361405,1588.9765325215926,1.0066068975743752
1589.0473666169069,1.0016955734693993,1589.0473666169069,0.9977532611963041,1589.0445888091108,0.9980944131312456,1588.9779214252576,0.9862868289711568
1589.0584778466946,0.9963453520323482,1589.0584778466946,0.9978548907342907,1589.0459777127762,1.0098583299626973,1588.9793103293882,0.9859327545895208
1589.0598667503605,0.9843117229471589,1589.0598667503605,0.9979975795640988,1589.0473666169069,0.9994450251549952,1588.9806992330537,0.994342959078393
1589.061255654026,1.0037623360760948,1589.061255654026,0.9979570173389135,1589.0584778466946,0.9942080823858572,1588.9820881371852,1.0716055932435695
1589.0626445581563,0.9922590025804203,1589.0626445581563,0.998056003531169,1589.0598667503605,0.9823407170378324,1588.983477040851,1.1595327731143086
1589.064033461822,1.0045624783750977,1589.064033461822,0.9982091882829018,1589.061255654026,1.0017116670276396,1588.9848659449815,1.1029020291807847
1589.0654223654878,0.9946353830623327,1589.0654223654878,0.9983411148382603,1589.0626445581563,0.9903300545832382,1588.9862548486471,1.064297896547855
1589.0668112691535,1.0002531802117365,1589.0668112691535,0.9984092494350713,1589.064033461822,1.0027634961182663,1588.9876437527778,1.0693966414473492
1589.0682001728187,0.992887916595462,1589.0682001728187,0.9984105811551232,1589.0654223654878,0.9929853971840292,1588.9890326564437,1.0511892105042313
1589.069589076484,0.9968777087314978,1589.069589076484,0.9985196532475156,1589.0668112691535,0.998662026900243,1588.990421560109,1.0254364956956468
1589.070977980149,1.0073709689506416,1589.070977980149,0.9985911190024317,1589.0682001728187,0.9913098018299747,1588.9918104642393,1.0419398552661767
1589.0723668842802,1.0169177432454635,1589.0723668842802,0.9987295499258289,1589.069589076484,0.995401984052753,1588.9931993679045,1.0217502351193506
1589.073755787946,0.9856247521407027,1589.073755787946,0.9987004452982956,1589.070977980149,1.0059517031349852,1588.9945882720351,1.0329194152354264
1589.075144691612,0.9917817652112176,1589.075144691612,0.99853588793564,1589.0723668842802,1.0156258000231313,1588.9959771757003,1.026886989045743
1589.076533595277,0.9966670084858172,1589.076533595277,0.998459225748442,1589.073755787946,0.984343878859942,1588.9973660793662,1.0318888662796
1589.0779224989417,1.0162427344201115,1589.0779224989417,0.998469205335084,1589.075144691612,0.9903296855635596,1588.9987549834975,1.03113200691875
1589.079311402606,1.0009444046740221,1589.079311402606,0.9984700836356579,1589.076533595277,0.995131369621765,1589.0001438871627,1.0127738929401953
1589.080700306272,1.0052362981497356,1589.080700306272,0.9984773398140424,1589.0779224989417,1.0146870754640016,1589.0015327912938,1.0201544710224375
1589.0820892099375,1.009073410990293,1589.0820892099375,0.998588528028365,1589.079311402606,0.9994130434495148,1589.0029216949588,1.0178362894013455
1589.0834781136027,0.998265495733354,1589.0834781136027,0.9986076303282728,1589.080700306272,1.0037056648610636,1589.004310598625,1.0115143057705052
1589.0848670172682,1.0033519122533516,1589.0848670172682,0.9983959445705018,1589.0820892099375,1.007649132153358,1589.0056995027562,1.0086091368472885
1589.0862559213988,0.9929827183037895,1589.0862559213988,0.9985431927690221,1589.0834781136027,0.9968755411327632,1589.0070884064216,1.0022044928084368
1589.0876448250642,1.0081166400038688,1589.0876448250642,0.9987202728670069,1589.0848670172682,1.0017424801708044,1589.0084773105525,0.997860024132042
1589.08903372873,0.9980885914773834,1589.08903372873,0.9987191850115791,1589.0862559213988,0.9915361338995284,1589.0098662142177,1.0014190959257736
1589.090422632396,1.0037947417901636,1589.090422632396,0.9987585114936239,1589.0876448250642,1.006826525786434,1589.011255117883,1.012305729974586
1589.091811536061,1.0151753762608176,1589.091811536061,0.9988232531150478,1589.08903372873,0.9968102246496472,1589.0126440220138,0.9957164503222172
1589.0932004397264,0.9961026703139576,1589.0932004397264,0.9987752683647376,1589.090422632396,1.0025485421554703,1589.0140329256787,1.018186735089475
1589.0945893433914,1.0041983271867487,1589.0945893433914,0.9987783633573094,1589.091811536061,1.0139807717991225,1589.0154218293442,1.004645865498908
1589.0959782470566,1.005127279793568,1589.0959782470566,0.9989041896681505,1589.0932004397264,0.9948827118616548,1589.0168107334748,1.013465066798251
1589.0973671507222,1.0021506361851327,1589.0973671507222,0.9987606479139921,1589.0945893433914,1.0029715617137287,1589.0181996371398,1.0145112990904188
1589.098756054388,1.0019626661291001,1589.098756054388,0.9987477865528914,1589.0959782470566,1.0040258509355464,1589.0209774449372,0.9868766454241512
1589.1001449580526,1.0027016627930723,1589.1001449580526,0.9987539498079397,1589.0973671507222,1.0009086187036824,1589.0223663486026,0.9921102670161815
1589.1015338617171,0.9985990871389949,1589.1015338617171,0.9986034170429523,1589.098756054388,1.0007079950050726,1589.0237552522676,1.000779277306326
1589.1029227653826,0.9930179515561339,1589.1029227653826,0.9986115677389816,1589.1001449580526,1.0014522461935698,1589.025144155933,1.0017609311547355
1589.1043116690485,0.9975224547951116,1589.1043116690485,0.9986608086906607,1589.1015338617171,0.9972044606729732,1589.0265330600637,1.0118600772093724
1589.1057005727143,0.998960095347647,1589.1057005727143,0.9986768950611224,1589.1029227653826,0.991639213396423,1589.0279219637296,1.003725837936828
1589.107089476379,0.998139108060104,1589.107089476379,0.9987058563089607,1589.1043116690485,0.9961865813927792,1589.0293108673957,0.9929056274301676
1589.1084783800447,1.0148433280200562,1589.1084783800447,0.9986318373211794,1589.1057005727143,0.9976383663117508,1589.0306997715263,0.994546473431152
1589.1098672837095,1.0026025491885209,1589.1098672837095,0.9987385838023782,1589.107089476379,0.9968473726306284,1589.0320886751915,0.997677051874726
1589.1112561873751,0.9939219944625732,1589.1112561873751,0.9987673372014598,1589.1084783800447,1.0134548572538091,1589.033477578857,1.0076062028640786
1589.112645091041,1.0001798643631614,1589.112645091041,0.9987854691506058,1589.1098672837095,1.0013378500931975,1589.034866482522,0.979719939280272
1589.114033994707,0.9845395588699216,1589.114033994707,0.9987803774900018,1589.1112561873751,0.9926968237953484,1589.036255386653,1.0059683705238027
1589.115422898372,0.9968246725185815,1589.115422898372,0.9988093960546626,1589.112645091041,0.9989651150629496,1589.037644290318,1.0026806512004165
1589.116811802037,1.005885823098669,1589.116811802037,0.9987567200586361,1589.114033994707,0.9833387922619402,1589.039033193983,0.9982316269484124
1589.1182007057023,1.0001871360518362,1589.1182007057023,0.9986763157855725,1589.115422898372,0.9956378491306712,1589.0404220976484,0.9964298268642696
1589.1195896093682,0.983270280367295,1589.1195896093682,0.9986562415800623,1589.116811802037,1.004635225431508,1589.041811001779,1.0109914663891804
1589.1209785130332,0.9941842368213194,1589.1209785130332,0.9987410070404912,1589.1182007057023,0.9988632041283708,1589.043199905445,1.0027544551361405
1589.122367416232,1.0079011925701389,1589.122367416232,0.9988157429164892,1589.1195896093682,0.981949002648977,1589.0445888091108,0.9980944131312456
1589.1237563198974,0.9978095035079796,1589.1237563198974,0.9987517893116142,1589.1209785130332,0.9929325658667068,1589.0459777127762,1.0098583299626973
1589.1251452235624,0.9943203992248605,1589.1251452235624,0.9986444447611111,1589.122367416232,1.0067075784433588,1589.0473666169069,0.9994450251549952
1589.1265341272278,0.993726081473765,1589.1265341272278,0.9986084912569831,1589.1237563198974,0.996564027020728,1589.0584778466946,0.9942080823858572
1589.1279230308935,1.0031665709838826,1589.1279230308935,0.998530130942219,1589.1251452235624,0.9929725429985572,1589.0598667503605,0.9823407170378324
1589.1293119345596,1.013637492577866,1589.1293119345596,0.9984109294574135,1589.1265341272278,0.9923433029432304,1589.061255654026,1.0017116670276396
1589.1307008382246,0.9874449805775652,1589.1307008382246,0.9982642508905281,1589.1279230308935,1.001692047481393,1589.0626445581563,0.9903300545832382
1589.13208974189,1.0110391328239472,1589.13208974189,0.9981657996962082,1589.1293119345596,1.0120267510975491,1589.064033461822,1.0027634961182663
1589.133478645555,0.9998504863565203,1589.133478645555,0.9981636364463389,1589.1307008382246,0.9857310238318752,1589.0654223654878,0.9929853971840292
1589.1348675492209,0.9946895493361476,1589.1348675492209,0.9981181966835576,1589.13208974189,1.0091846845393762,1589.0668112691535,0.998662026900243
1589.136256452421,1.0165237563760956,1589.136256452421,0.9980241882593553,1589.133478645555,0.9980143973642648,1589.0682001728187,0.9913098018299747
1589.137645356086,1.0022444628582152,1589.137645356086,0.9981186007583224,1589.1348675492209,0.9928177392433762,1589.069589076484,0.995401984052753
1589.1390342597515,0.9919622759328287,1589.1390342597515,0.9980516750302327,1589.136256452421,1.0145152968036035,1589.070977980149,1.0059517031349852
1589.1404231634165,0.9966854103255909,1589.1404231634165,0.9979953841437759,1589.137645356086,1.0003588408858182,1589.0723668842802,1.0156258000231313
1589.141812067082,1.0098569504657415,1589.141812067082,0.9979968668342756,1589.1390342597515,0.9900296110615616,1589.073755787946,0.984343878859942
1589.1432009707469,0.9865761849890562,1589.1432009707469,0.9980212793300058,1589.1404231634165,0.994687438948385,1589.075144691612,0.9903296855635596
1589.1445898744123,0.9995283793447879,1589.1445898744123,0.9979597562858836,1589.141812067082,1.0078340725156263,1589.076533595277,0.995131369621765
1589.1459787776116,0.9964085543705267,1589.1459787776116,0.9979862771837178,1589.1432009707469,0.9846240262992944,1589.0779224989417,1.0146870754640016
1589.147367681277,1.0027631846486413,1589.147367681277,0.9979740870905935,1589.1445898744123,0.9974890978517488,1589.079311402606,0.9994130434495148
1589.148756584942,0.9926443315883822,1589.148756584942,0.9979186404412483,1589.1459787776116,0.994402063730252,1589.080700306272,1.0037056648610636
1589.150145488608,1.0008284672210082,1589.150145488608,0.9978280401864531,1589.147367681277,1.000731673767784,1589.0820892099375,1.007649132153358
1589.1515343922738,0.9957745393405709,1589.1515343922738,0.9977962210744025,1589.148756584942,0.99057828182039,1589.0834781136027,0.9968755411327632
1589.1529232959392,0.9999513304538462,1589.1529232959392,0.9977858868751737,1589.150145488608,0.9986547080099504,1589.0848670172682,1.0017424801708044
1589.1543121991383,1.0054035810437256,1589.1543121991383,0.997763346382805,1589.1515343922738,0.9935800723961256,1589.0862559213988,0.9915361338995284
1589.1557011028035,1.007606890199321,1589.1557011028035,0.9977424021938864,1589.1529232959392,0.9977373250889008,1589.0876448250642,1.006826525786434
1589.157090006469,0.9995161224866074,1589.157090006469,0.9977341688040655,1589.1543121991383,1.0031548414874434,1589.08903372873,0.9968102246496472
1589.1584789101348,0.9949048095244432,1589.1584789101348,0.9976090372523645,1589.1557011028035,1.005332119094582,1589.090422632396,1.0025485421554703
1589.1598678138007,0.9972106779860755,1589.1598678138007,0.9976143934317324,1589.157090006469,0.9972513876754378,1589.091811536061,1.0139807717991225
1589.161256717,1.0097638654057222,1589.161256717,0.9974764923243914,1589.1584789101348,0.9925260291874268,1589.0932004397264,0.9948827118616548
1589.1626456206654,1.002115270896171,1589.1626456206654,0.9973573009540816,1589.1598678138007,0.9948317256427254,1589.0945893433914,1.0029715617137287
1589.16403452433,1.0012924980502644,1589.16403452433,0.9973119304178608,1589.161256717,1.0072157185408186,1589.0959782470566,1.0040258509355464
1589.165423427995,1.0136247440853463,1589.165423427995,0.9973550934370617,1589.1626456206654,0.9994669818258732,1589.0973671507222,1.0009086187036824
1589.1668123311952,1.0048675139763659,1589.1668123311952,0.9972641908297658,1589.16403452433,0.9986009541434314,1589.098756054388,1.0007079950050726
1589.1682012348606,0.9909148156599761,1589.1682012348606,0.9971659010349212,1589.165423427995,1.0109438013473584,1589.1001449580526,1.0014522461935698
1589.1695901385256,1.0059937033628095,1589.1695901385256,0.9972091095601716,1589.1668123311952,1.0021183882167588,1589.1015338617171,0.9972044606729732
1589.170979042191,1.0005581408195146,1589.170979042191,0.9971250669154225,1589.1682012348606,0.9881064650064328,1589.1029227653826,0.991639213396423
1589.1723679453903,0.9933858879361499,1589.1723679453903,0.9970983525714983,1589.1695901385256,1.0031860851535666,1589.1043116690485,0.9961865813927792
1589.1737568490562,0.9987146998599947,1589.1737568490562,0.9970385362571075,1589.170979042191,0.997681603117429,1589.1057005727143,0.9976383663117508
1589.175145752722,0.9981175027668847,1589.175145752722,0.9970029972266713,1589.1723679453903,0.99050343232891,1589.107089476379,0.9968473726306284
1589.176534656387,1.003274713694765,1589.176534656387,0.9970360202930068,1589.1737568490562,0.9957570424868656,1589.1084783800447,1.0134548572538091
1589.1779235595868,0.9958338985684558,1589.1779235595868,0.9970899263164996,1589.175145752722,0.9951261418429844,1589.1098672837095,1.0013378500931975
1589.1793124632518,0.9951345477100425,1589.1793124632518,0.9970694606661024,1589.176534656387,1.0003010278028344,1589.1112561873751,0.9926968237953484
1589.1807013669177,1.0015258846537396,1589.1807013669177,0.9970033779224181,1589.1779235595868,0.9929359485470942,1589.112645091041,0.9989651150629496
1589.182090270118,0.9967133426174538,1589.182090270118,0.996938466930501,1589.1793124632518,0.9922182667754578,1589.114033994707,0.9833387922619402
1589.183479173783,1.0068620307239977,1589.183479173783,0.9970312944070296,1589.1807013669177,0.9985246900765166,1589.115422898372,0.9956378491306712
1589.1848680774483,0.9954567802896941,1589.1848680774483,0.9971441623867906,1589.182090270118,0.9936618717582196,1589.116811802037,1.004635225431508
1589.1862569811128,1.0027524768278406,1589.1862569811128,0.997102754378289,1589.183479173783,1.003872953782038,1589.1182007057023,0.9988632041283708
1589.1876458843117,1.0134293093103417,1589.1876458843117,0.9971942226012983,1589.1848680774483,0.9926139173742184,1589.1195896093682,0.981949002648977
1589.1890347879776,1.0198228859162302,1589.1890347879776,0.9971385357851241,1589.1862569811128,0.9998472566046912,1589.1209785130332,0.9929325658667068
1589.1904236916434,1.0039585004096776,1589.1904236916434,0.99722109296224,1589.1876458843117,1.010585852259097,1589.122367416232,1.0067075784433588
1589.1918125948432,0.9930676803428402,1589.1918125948432,0.9972537302750812,1589.1890347879776,1.0169046992226694,1589.1237563198974,0.996564027020728
1589.1932014985082,1.003268308854491,1589.1932014985082,0.9973497582018456,1589.1904236916434,1.0011685930672702,1589.1251452235624,0.9929725429985572
1589.1945904021734,1.0021179213607625,1589.1945904021734,0.9973644214347351,1589.1918125948432,0.9903404486375194,1589.1265341272278,0.9923433029432304
1589.1959793053734,1.0080782688094863,1589.1959793053734,0.9972820797103348,1589.1932014985082,1.0006094052476011,1589.1279230308935,1.001692047481393
1589.1973682090393,0.9978047524600582,1589.1973682090393,0.997314818208126,1589.1945904021734,0.9994767608473564,1589.1293119345596,1.0120267510975491
1589.1987571127047,0.9936598583270485,1589.1987571127047,0.997326770016129,1589.1959793053734,1.0053383924291184,1589.1307008382246,0.9857310238318752
1589.200146015904,0.9982506078273649,1589.200146015904,0.9973670133439981,1589.1973682090393,0.995125465306907,1589.13208974189,1.0091846845393762
1589.2015349195694,1.0002105428870633,1589.2015349195694,0.9974045066148073,1589.1987571127047,0.9910035769999996,1589.133478645555,0.9980143973642648
1589.2029238227688,0.9964021047608277,1589.2029238227688,0.9973283869855137,1589.200146015904,0.9956222272976096,1589.1348675492209,0.9928177392433762
1589.2043127264346,0.9950809599286943,1589.2043127264346,0.9972426290684553,1589.2015349195694,0.9976145030392,1589.136256452421,1.0145152968036035
1589.2057016301003,1.0013688318787393,1589.2057016301003,0.9971474007673105,1589.2029238227688,0.9937401039300872,1589.137645356086,1.0003588408858182
1589.2070905333003,0.9957806164292179,1589.2070905333003,0.9971414255976139,1589.2043127264346,0.9923371526152532,1589.1390342597515,0.9900296110615616
1589.2084794369648,0.9927830208157415,1589.2084794369648,0.997144799997539,1589.2057016301003,0.9985123279172828,1589.1404231634165,0.994687438948385
1589.2098683401637,1.005107575444384,1589.2098683401637,0.9970452777721981,1589.2070905333003,0.992934103448701,1589.141812067082,1.0078340725156263
1589.2112572438296,1.0072303340187445,1589.2112572438296,0.9971593058884699,1589.2084794369648,0.9899484267322652,1589.1432009707469,0.9846240262992944
1589.2126461474954,1.0005304544992937,1589.2126461474954,0.9971521057669269,1589.2098683401637,1.0021377617498863,1589.1445898744123,0.9974890978517488
1589.2140350506947,1.0012608702185528,1589.2140350506947,0.9971396840330998,1589.2112572438296,1.004369100739943,1589.1459787776116,0.994402063730252
1589.2154239543595,1.0039994426439594,1589.2154239543595,0.9971233344255362,1589.2126461474954,0.9976810495879112,1589.147367681277,1.000731673767784
1589.2168128575595,1.0044550235815017,1589.2168128575595,0.9971578000676365,1589.2140350506947,0.9983969477644342,1589.148756584942,0.99057828182039
1589.2182017612245,0.9928556766743568,1589.2182017612245,0.9972449688918568,1589.2154239543595,1.0011112720105246,1589.150145488608,0.9986547080099504
1589.219590664425,1.0120427962316487,1589.219590664425,0.9972597021788052,1589.2168128575595,1.0016001615814163,1589.1515343922738,0.9935800723961256
1589.2209795680906,0.9880267001195706,1589.2209795680906,0.9971719788848892,1589.2182017612245,0.9901203283992224,1589.1529232959392,0.9977373250889008
1589.222368471756,0.9985400837968712,1589.222368471756,0.9970819425979202,1589.219590664425,1.0092694975621792,1589.1543121991383,1.0031548414874434
1589.2237573749553,1.0024021038761086,1589.2237573749553,0.9970807467715469,1589.2209795680906,0.9852325397493392,1589.1557011028035,1.005332119094582
1589.2251462786207,0.9994882004087404,1589.2251462786207,0.997012486807788,1589.222368471756,0.9956262865140744,1589.157090006469,0.9972513876754378
1589.226535181821,0.9939443058956673,1589.226535181821,0.996953735212464,1589.2237573749553,0.99947583829816,1589.1584789101348,0.9925260291874268
1589.2279240854868,1.0013209953313633,1589.2279240854868,0.9970037079572357,1589.2251462786207,0.996502216224559,1589.1598678138007,0.9948317256427254
1589.2293129886857,0.995972286712345,1589.2293129886857,0.9970083799742477,1589.226535181821,0.9909164883558454,1589.161256717,1.0072157185408186
1589.2307018923502,1.0043331611481108,1589.2307018923502,0.9969927495144666,1589.2279240854868,0.9983207452007992,1589.1626456206654,0.9994669818258732
1589.2320907955495,0.9935461229847872,1589.2320907955495,0.9969946190087696,1589.2293129886857,0.992992716074322,1589.16403452433,0.9986009541434314
1589.2334796992147,1.0088260576151884,1589.2334796992147,0.9970049640345771,1589.2307018923502,1.0013128797616109,1589.165423427995,1.0109438013473584
1589.2348686024147,1.0057602205169565,1589.2348686024147,0.9969172767341422,1589.2320907955495,0.990560138352858,1589.1668123311952,1.0021183882167588
1589.2362575060806,1.003805243368038,1589.2362575060806,0.9970161398920601,1589.2334796992147,1.0058045872897752,1589.1682012348606,0.9881064650064328
1589.2376464092804,1.0017755578650955,1589.2376464092804,0.9969261227057058,1589.2348686024147,1.0026597400852946,1589.1695901385256,1.0031860851535666
1589.2390353129454,1.0056462510496527,1589.2390353129454,0.996931609150428,1589.2362575060806,1.0008100289462112,1589.170979042191,0.997681603117429
1589.2404242161451,0.9980323841101257,1589.2404242161451,0.9969419163224876,1589.2376464092804,0.9986962227237952,1589.1723679453903,0.99050343232891
1589.241813119811,0.9952779724982336,1589.241813119811,0.9969464172710424,1589.2390353129454,1.0025605352950255,1589.1737568490562,0.9957570424868656
1589.2432020230112,0.9814143165050574,1589.2432020230112,0.9968671398229308,1589.2404242161451,0.9949803175666498,1589.175145752722,0.9951261418429844
1589.2445909266762,1.0088458760371628,1589.2445909266762,0.9969858049711477,1589.241813119811,0.992238808870901,1589.176534656387,1.0003010278028344
1589.245979829876,1.0081761495839516,1589.245979829876,0.9969597229795529,1589.2432020230112,0.9783396826756732,1589.1779235595868,0.9929359485470942
1589.247368733541,0.9940168607709807,1589.247368733541,0.9969528629507418,1589.2445909266762,1.0058050178127336,1589.1793124632518,0.9922182667754578
1589.2487576367407,1.001381712613737,1589.2487576367407,0.9970058414957207,1589.245979829876,1.0051110148038087,1589.1807013669177,0.9985246900765166
1589.25014653994,1.0009955271904096,1589.25014653994,0.9970416193782895,1589.247368733541,0.9909879551669382,1589.182090270118,0.9936618717582196
1589.2515354436057,0.996678922551131,1589.2515354436057,0.9971014341772618,1589.2487576367407,0.9983834170428848,1589.183479173783,1.003872953782038
1589.2529243468048,0.9853402062920212,1589.2529243468048,0.9969910261565033,1589.25014653994,0.9980342014203506,1589.1848680774483,0.9926139173742184
1589.25431325047,0.9938436372339238,1589.25431325047,0.9969938247894935,1589.2515354436057,0.9937899830899808,1589.1862569811128,0.9998472566046912
1589.2557021536695,0.9909642761061697,1589.2557021536695,0.9971085592397664,1589.2529243468048,0.9823753433843428,1589.1876458843117,1.010585852259097
1589.2570910573345,1.0006114106039443,1589.2570910573345,0.9970468432634028,1589.25431325047,0.9908559691285516,1589.1890347879776,1.0169046992226694
1589.2584799605347,0.986003818519742,1589.2584799605347,0.9971032785089872,1589.2557021536695,0.9880989616063008,1589.1904236916434,1.0011685930672702
1589.259868863735,0.9997430064920519,1589.259868863735,0.9971499456627813,1589.2570910573345,0.9976564482760032,1589.1918125948432,0.9903404486375194
1589.2612577674004,1.0073248952332923,1589.2612577674004,0.9971527648825425,1589.2584799605347,0.983147640068415,1589.1932014985082,1.0006094052476011
1589.2626466705997,0.9979148205181628,1589.2626466705997,0.9971669744081298,1589.259868863735,0.9968936846002951,1589.1945904021734,0.9994767608473564
1589.264035574265,1.002975101753056,1589.264035574265,0.9972747447996045,1589.2612577674004,1.0044568044168949,1589.1959793053734,1.0053383924291184
1589.265424477465,1.006717273994514,1589.265424477465,0.9972288477853861,1589.2626466705997,0.9950877022931284,1589.1973682090393,0.995125465306907
1589.2668133806656,1.0123615486835948,1589.2668133806656,0.9972232211475417,1589.264035574265,1.0002417386411362,1589.1987571127047,0.9910035769999996
1589.2682022843303,0.9917305048948142,1589.2682022843303,0.9972348663747018,1589.265424477465,1.0039275071911942,1589.200146015904,0.9956222272976096
1589.2695911875303,0.9970233915209574,1589.2695911875303,0.9971756072173174,1589.2668133806656,1.0095504445441683,1589.2015349195694,0.9976145030392
1589.2709800907296,0.9925542023080924,1589.2709800907296,0.9972267671647177,1589.2682022843303,0.9889882375284956,1589.2029238227688,0.9937401039300872
1589.272368994394,0.9968892533805561,1589.272368994394,0.9971530780858877,1589.2695911875303,0.9942074058497798,1589.2043127264346,0.9923371526152532
1589.2737578975934,0.9955766230264379,1589.2737578975934,0.9972207039096799,1589.2709800907296,0.9898016184034542,1589.2057016301003,0.9985123279172828
1589.2751468007937,1.0037347493673683,1589.2751468007937,0.9971546668518009,1589.272368994394,0.994051187519164,1589.2070905333003,0.992934103448701
1589.276535704459,1.0051802339672682,1589.276535704459,0.9971429381296475,1589.2737578975934,0.9928096208104464,1589.2084794369648,0.9899484267322652
1589.2779246076584,0.9887559965836981,1589.2779246076584,0.9970924022113471,1589.2751468007937,1.000878789612994,1589.2098683401637,1.0021377617498863
1589.2793135108582,0.9850315705120015,1589.2793135108582,0.9971037328124617,1589.276535704459,1.0023083718479684,1589.2112572438296,1.004369100739943
1589.280702414524,0.9793229617070117,1589.280702414524,0.9970339682533625,1589.2779246076584,0.985881091834514,1589.2126461474954,0.9976810495879112
1589.2820913177245,0.9850940497390899,1589.2820913177245,0.9969951648521796,1589.2793135108582,0.9821786558956382,1589.2140350506947,0.9983969477644342
1589.2834802209236,0.9976045119124967,1589.2834802209236,0.9969987354361058,1589.280702414524,0.9764182587123778,1589.2154239543595,1.0011112720105246
1589.284869124589,0.989597369247115,1589.284869124589,0.9970273717386541,1589.2820913177245,0.9821340045145251,1589.2168128575595,1.0016001615814163
1589.2862580277883,0.9915347960662833,1589.2862580277883,0.9969994866513728,1589.2834802209236,0.9946104368421128,1589.2182017612245,0.9901203283992224
1589.287646930988,0.9968312286059167,1589.287646930988,0.9970428072983951,1589.284869124589,0.9866556641399375,1589.219590664425,1.0092694975621792
1589.289035834654,1.0035168848286955,1589.289035834654,0.9970272646493632,1589.2862580277883,0.988559682675058,1589.2209795680906,0.9852325397493392
1589.2904247378542,0.9976552433494147,1589.2904247378542,0.9970061096379039,1589.287646930988,0.9938834065719514,1589.222368471756,0.9956262865140744
1589.2918136410535,0.9958243416778074,1589.2918136410535,0.9970254437060991,1589.289035834654,1.0005336947102044,1589.2237573749553,0.99947583829816
1589.2932025442524,1.005379138214904,1589.2932025442524,0.9971553685418998,1589.2904247378542,0.9946683729316562,1589.2251462786207,0.996502216224559
1589.294591447917,0.9987379829762587,1589.294591447917,0.9971661046185486,1589.2918136410535,0.99286220611465,1589.226535181821,0.9909164883558454
1589.2959803511171,0.9999487526109485,1589.2959803511171,0.9972118363440007,1589.2932025442524,1.00251920509102,1589.2279240854868,0.9983207452007992
1589.2973692543171,0.9926802225300969,1589.2973692543171,0.9973406240620702,1589.294591447917,0.9959076640190222,1589.2293129886857,0.992992716074322
1589.2987581575169,0.996146840761796,1589.2987581575169,0.9974202778935543,1589.2959803511171,0.9971607318410568,1589.2307018923502,1.0013128797616109
1589.300147061182,1.002893426469545,1589.300147061182,0.9974525506944792,1589.2973692543171,0.9900403126322416,1589.2320907955495,0.990560138352858
1589.3015359643814,1.005624488833034,1589.3015359643814,0.997481171399582,1589.2987581575169,0.9935770587354168,1589.2334796992147,1.0058045872897752
1589.3029248675812,0.9974510694906752,1589.3029248675812,0.9975685012784499,1589.300147061182,1.0003386063067738,1589.2348686024147,1.0026597400852946
1589.3043137707814,0.9891464805458517,1589.3043137707814,0.9976776517703925,1589.3015359643814,1.0030914931092805,1589.2362575060806,1.0008100289462112
1589.3057026744473,0.9893919171437959,1589.3057026744473,0.9977151135942945,1589.3029248675812,0.9950257684903998,1589.2376464092804,0.9986962227237952
1589.3070915776466,1.0083866887475321,1589.3070915776466,0.9977068225892219,1589.3043137707814,0.9868493379679336,1589.2390353129454,1.0025605352950255
1589.3084804808464,1.011424696556889,1589.3084804808464,0.9976991246378806,1589.3057026744473,0.9871312690023992,1589.2404242161451,0.9949803175666498
1589.3098693840457,0.9995459957581257,1589.3098693840457,0.9978023689081479,1589.3070915776466,1.0060742791715669,1589.241813119811,0.992238808870901
1589.311258287246,1.0023989032040053,1589.311258287246,0.9978292229176192,1589.3084804808464,1.0090975343919422,1589.2432020230112,0.9783396826756732
1589.314036094111,1.003042169805886,1589.314036094111,0.9976648108083072,1589.3098693840457,0.9973493624001114,1589.2445909266762,1.0058050178127336
1589.31542499731,1.0045510165829146,1589.31542499731,0.9976302496847913,1589.311258287246,1.0002229186375264,1589.245979829876,1.0051110148038087
1589.3168139005088,1.0041110960357307,1589.3168139005088,0.9977366954172927,1589.314036094111,1.000699876572143,1589.247368733541,0.9909879551669382
1589.3182028037086,0.9992248984667523,1589.3182028037086,0.9976522055673335,1589.31542499731,1.002170481494724,1589.2487576367407,0.9983834170428848
1589.3195917073745,0.9982240443619897,1589.3195917073745,0.9976785127461792,1589.3168139005088,1.0018384867905257,1589.25014653994,0.9980342014203506
1589.320980610575,1.0136548466672952,1589.320980610575,0.9976733233952667,1589.3182028037086,0.9968789238131504,1589.2515354436057,0.9937899830899808
1589.322369513774,0.9944198075636823,1589.322369513774,0.9977035994797484,1589.3195917073745,0.995906679966546,1589.2529243468048,0.9823753433843428
1589.3237584169738,0.9979820615710534,1589.3237584169738,0.9977637644727102,1589.320980610575,1.01129639965028,1589.25431325047,0.9908559691285516
1589.325147320173,1.0006908904381906,1589.325147320173,0.9978197456254443,1589.322369513774,0.9921362214002446,1589.2557021536695,0.9880989616063008
1589.3265362233733,0.9946684732924526,1589.3265362233733,0.9978703725181273,1589.3237584169738,0.9957503386293703,1589.2570910573345,0.9976564482760032
1589.3279251270392,0.9898289423394094,1589.3279251270392,0.9978445111435953,1589.325147320173,0.9985091297467348,1589.2584799605347,0.983147640068415
1589.329314030239,0.9951502589754708,1589.329314030239,0.9979579589158828,1589.3265362233733,0.9925501999763766,1589.259868863735,0.9968936846002951
1589.3307029334385,1.0062933531885894,1589.3307029334385,0.9979413415576965,1589.3279251270392,0.98769537708445,1589.2612577674004,1.0044568044168949
1589.332091836638,0.9767131713811104,1589.332091836638,0.9980451658528203,1589.329314030239,0.993118121261773,1589.2626466705997,0.9950877022931284
1589.3334807398371,0.9922867181772768,1589.3334807398371,0.9981257474333456,1589.3307029334385,1.004221738881614,1589.264035574265,1.0002417386411362
1589.3348696430376,1.0100946605217453,1589.3348696430376,0.9981442017344848,1589.332091836638,0.9748038591216944,1589.265424477465,1.0039275071911942
1589.3362585462369,1.0119916554828736,1589.3362585462369,0.9981137803472253,1589.3334807398371,0.990426922248876,1589.2668133806656,1.0095504445441683
1589.3376474494355,0.9804065513909129,1589.3376474494355,0.9980462720921962,1589.3348696430376,1.008220128602743,1589.2682022843303,0.9889882375284956
1589.3390363526355,1.002616067029854,1589.3390363526355,0.9980082662449596,1589.3362585462369,1.0100828169338578,1589.2695911875303,0.9942074058497798
1589.3404252563005,1.0095194484289205,1589.3404252563005,0.9979976316086795,1589.3376474494355,0.9784911037504668,1589.2709800907296,0.9898016184034542
1589.3418141595007,1.0109357779832855,1589.3418141595007,0.9980173182177796,1589.3390363526355,1.000619122765805,1589.272368994394,0.994051187519164
1589.343203062701,1.0098969071376578,1589.343203062701,0.9981536025692986,1589.3404252563005,1.0074980185949631,1589.2737578975934,0.9928096208104464
1589.3445919659007,0.9963332045910187,1589.3445919659007,0.9981431733618581,1589.3418141595007,1.0089314140332832,1589.2751468007937,1.000878789612994
1589.3459808691,0.9930910008724435,1589.3459808691,0.9981439204965734,1589.343203062701,1.0080322360830456,1589.276535704459,1.0023083718479684
1589.3473697722998,1.0024407947528855,1589.3473697722998,0.9981378527314101,1589.3445919659007,0.9944831865562688,1589.2779246076584,0.985881091834514
1589.348758675499,0.9966599249560671,1589.348758675499,0.9981701169761805,1589.3459808691,0.9912477450206868,1589.2793135108582,0.9821786558956382
1589.3501475786993,0.9927291443108733,1589.3501475786993,0.9981622967466615,1589.3473697722998,1.0005741023650132,1589.280702414524,0.9764182587123778
1589.352925385099,0.9983987359767287,1589.352925385099,0.9982196998669114,1589.348758675499,0.9948361538788688,1589.2820913177245,0.9821340045145251
1589.3543142882986,0.9978534160403028,1589.3543142882986,0.9982562333079396,1589.3501475786993,0.9909048027326892,1589.2834802209236,0.9946104368421128
1589.3570920946977,1.0033908595250476,1589.3570920946977,0.9983246433034114,1589.352925385099,0.9966212865741938,1589.284869124589,0.9866556641399375
1589.358480997897,0.9832193348615921,1589.358480997897,0.9982195734369832,1589.3543142882986,0.996113392489853,1589.2862580277883,0.988559682675058
1589.3598699010968,1.0052578814816813,1589.3598699010968,0.9981595384210302,1589.3570920946977,1.0017098219292466,1589.287646930988,0.9938834065719514
1589.361258804296,0.9888659388747427,1589.361258804296,0.998194362840786,1589.358480997897,0.9814687850405328,1589.289035834654,1.0005336947102044
1589.362647707496,0.9929399086394437,1589.362647707496,0.9982189363388818,1589.3598699010968,1.0034077429738577,1589.2904247378542,0.9946683729316562
1589.3640366106952,0.9984096875202421,1589.3640366106952,0.9981996950243555,1589.361258804296,0.9870804057900294,1589.2918136410535,0.99286220611465
1589.3654255138954,1.0081340750682555,1589.3654255138954,0.9982706436885055,1589.362647707496,0.991171419450492,1589.2932025442524,1.00251920509102
1589.3668144170956,0.9921874740874856,1589.3668144170956,0.9982567652444152,1589.3640366106952,0.9966122455920676,1589.294591447917,0.9959076640190222
1589.3682033202954,1.0104217687793835,1589.3682033202954,0.9983916533844677,1589.3654255138954,1.0063906520427035,1589.2959803511171,0.9971607318410568
1589.3695922234947,0.9869408960523658,1589.3695922234947,0.9982434265740263,1589.3668144170956,0.9904578583986005,1589.2973692543171,0.9900403126322416
1589.3709811266945,1.0060864172898232,1589.3709811266945,0.9981890272040875,1589.3682033202954,1.008796660347307,1589.2987581575169,0.9935770587354168
1589.3723700298945,1.0038773258706701,1589.3723700298945,0.9982207765256372,1589.3695922234947,0.9852072619013535,1589.300147061182,1.0003386063067738
1589.3737589330945,0.9984931236649156,1589.3737589330945,0.9981830535688436,1589.3709811266945,1.0042644221577743,1589.3015359643814,1.0030914931092805
1589.3751478362942,1.0004862942741786,1589.3751478362942,0.998080474950545,1589.3723700298945,1.0020912037671006,1589.3029248675812,0.9950257684903998
1589.3765367394935,0.9860887632187888,1589.3765367394935,0.9980739486525837,1589.3737589330945,0.9966789151473384,1589.3043137707814,0.9868493379679336
1589.3779256426933,1.0133818158217462,1589.3779256426933,0.9982050966064082,1589.3751478362942,0.9985658357706828,1589.3057026744473,0.9871312690023992
1589.3793145458922,1.0153467145613273,1589.3793145458922,0.9982879901091879,1589.3765367394935,0.9841895056277192,1589.3070915776466,1.0060742791715669
1589.3807034490917,0.9992448704619159,1589.3807034490917,0.9984371515877875,1589.3779256426933,1.0115628933615235,1589.3084804808464,1.0090975343919422
1589.3820923522917,1.0114583518960116,1589.3820923522917,0.9984756877784617,1589.3793145458922,1.0136084309433948,1589.3098693840457,0.9973493624001114
1589.3834812554917,0.9991005680332978,1589.3834812554917,0.9986154001297336,1589.3807034490917,0.997683202202703,1589.311258287246,1.0002229186375264
1589.3848701586908,1.0027259805771123,1589.3848701586908,0.9986202434516201,1589.3820923522917,1.0099165735686395,1589.3126471909118,1.022692834385106
1589.3862590618903,1.0041714783791174,1589.3862590618903,0.9986234070346055,1589.3834812554917,0.9977172135164158,1589.314036094111,1.000699876572143
1589.387647964625,1.0157107137530865,1589.387647964625,0.9985783223640741,1589.3848701586908,1.0013424628391805,1589.31542499731,1.002170481494724
1589.389036867825,0.9874545123321032,1589.389036867825,0.9984540503088095,1589.3862590618903,1.0027891429859308,1589.3168139005088,1.0018384867905257
1589.3904257710246,1.0068487431244768,1589.3904257710246,0.9984377384935869,1589.387647964625,1.0142667005467734,1589.3182028037086,0.9968789238131504
1589.3918146742242,0.9925191131548678,1589.3918146742242,0.9983089526262482,1589.389036867825,0.9859279573336988,1589.3195917073745,0.995906679966546
1589.3932035774235,0.9826525392139808,1589.3932035774235,0.9983856403158622,1589.3904257710246,1.0052757820903129,1589.320980610575,1.01129639965028
1589.394592480623,1.0007214556896575,1589.394592480623,0.9983363150253011,1589.3918146742242,0.9908407163151688,1589.322369513774,0.9921362214002446
1589.3959813838233,0.9953252818886846,1589.3959813838233,0.9983491069891217,1589.3932035774235,0.981066184571158,1589.3237584169738,0.9957503386293703
1589.3973702870237,0.9991017242910746,1589.3973702870237,0.9984344318332782,1589.394592480623,0.9990565704399678,1589.325147320173,0.9985091297467348
1589.3987591902232,0.9937590687270437,1589.3987591902232,0.9985333200403954,1589.3959813838233,0.9936821063372642,1589.3265362233733,0.9925501999763766
1589.4001480929564,0.9937742898909951,1589.4001480929564,0.9984841729313322,1589.3973702870237,0.9975375624362076,1589.3279251270392,0.98769537708445
1589.4015369961553,0.981789079151141,1589.4015369961553,0.9985097124358319,1589.3987591902232,0.9923015422162664,1589.329314030239,0.993118121261773
1589.4029258993546,1.0066123753045135,1589.4029258993546,0.9986313724737682,1589.4001480929564,0.9922678999222322,1589.3307029334385,1.004221738881614
1589.4043148025548,0.997728139127922,1589.4043148025548,0.9987334366270895,1589.4015369961553,0.980325931095846,1589.332091836638,0.9748038591216944
1589.405703705755,0.9953120108242425,1589.405703705755,0.99868726416338,1589.4029258993546,1.0052346978994262,1589.3334807398371,0.990426922248876
1589.4070926089548,0.9942384910068711,1589.4070926089548,0.9986980749200964,1589.4043148025548,0.9964644532107804,1589.3348696430376,1.008220128602743
1589.4084815116885,0.9984042417996587,1589.4084815116885,0.9986503958567077,1589.405703705755,0.9940054290790152,1589.3362585462369,1.0100828169338578
1589.4098704148882,1.0023224107246762,1589.4098704148882,0.9987735047407804,1589.4070926089548,0.9929440669800238,1589.3376474494355,0.9784911037504668
1589.4112593180885,1.0085133124989225,1589.4112593180885,0.9988611850793565,1589.4084815116885,0.9970567912982452,1589.3390363526355,1.000619122765805
1589.4126482212885,0.9982823239356574,1589.4126482212885,0.9988380955867029,1589.4098704148882,1.001093067039713,1589.3404252563005,1.0074980185949631
1589.414037124488,1.002045200860236,1589.414037124488,0.9988363990733325,1589.4112593180885,1.0073648024909811,1589.3418141595007,1.0089314140332832
1589.4154260272217,1.0066496106608218,1589.4154260272217,0.9989178812699505,1589.4126482212885,0.99712241529776,1589.343203062701,1.0080322360830456
1589.4168149304214,1.0125416086346932,1589.4168149304214,0.999043551181315,1589.414037124488,1.0008792201359524,1589.3445919659007,0.9944831865562688
1589.4182038336207,1.0060996131103848,1589.4182038336207,0.9990472879720079,1589.4154260272217,1.0055602962625287,1589.3459808691,0.9912477450206868
1589.419592736821,1.0038917526094684,1589.419592736821,0.9990846629385332,1589.4168149304214,1.0115731644092452,1589.3473697722998,1.0005741023650132
1589.4209816400207,1.0089787493654807,1589.4209816400207,0.9990419160375702,1589.4182038336207,1.0051410899076163,1589.348758675499,0.9948361538788688
1589.422370542754,1.0071711524817495,1589.422370542754,0.999069706493805,1589.419592736821,1.002972853282604,1589.3501475786993,0.9909048027326892
1589.4237594459532,0.999450863485516,1589.4237594459532,0.9991646387308034,1589.4209816400207,1.008012063007281,1589.352925385099,0.9966212865741938
1589.425148349153,1.0051486824107756,1589.425148349153,0.999218476328212,1589.422370542754,1.0062341876989689,1589.3543142882986,0.996113392489853
1589.4265372523532,1.0052293292139747,1589.4265372523532,0.9991000721768304,1589.4237594459532,0.9986159609436952,1589.3570920946977,1.0017098219292466
1589.4279261550878,1.0057570463481416,1589.4279261550878,0.9991686479501803,1589.425148349153,1.0043631349218052,1589.358480997897,0.9814687850405328
1589.429315058287,1.003250587653322,1589.429315058287,0.9993218694825944,1589.4265372523532,1.004324695371949,1589.3598699010968,1.0034077429738577
1589.4307039614866,0.993304152407748,1589.4307039614866,0.9993859149265094,1589.4279261550878,1.0049209081660395,1589.361258804296,0.9870804057900294
1589.4320928646862,1.0017194171801345,1589.4320928646862,0.9993501044859028,1589.429315058287,1.0025702528132292,1589.362647707496,0.991171419450492
1589.4334817674198,1.006335820872156,1589.4334817674198,0.9992964023569131,1589.4307039614866,0.9926941791543182,1589.3640366106952,0.9966122455920676
1589.43487067062,1.006423262197731,1589.43487067062,0.9992735020799715,1589.4320928646862,1.001068404224525,1589.3654255138954,1.0063906520427035
1589.4362595738205,0.9922286717569698,1589.4362595738205,0.9991727373715293,1589.4334817674198,1.0056277653604364,1589.3668144170956,0.9904578583986005
1589.4390373797537,0.9977848702335281,1589.4390373797537,0.9991628664887187,1589.43487067062,1.005692097791076,1589.3682033202954,1.008796660347307
1589.4404262829537,1.0043061719331223,1589.4404262829537,0.9990681283429301,1589.4362595738205,0.9914078380579282,1589.3695922234947,0.9852072619013535
1589.4418151861528,0.9924806341218864,1589.4418151861528,0.9989981488355677,1589.4390373797537,0.9969495910816062,1589.3709811266945,1.0042644221577743
1589.443204088887,1.0034498400840195,1589.443204088887,0.9990033047401196,1589.4404262829537,1.0033702874764776,1589.3723700298945,1.0020912037671006
1589.4445929920862,1.015344162465776,1589.4445929920862,0.9989249495782602,1589.4418151861528,0.9914863162429148,1589.3737589330945,0.9966789151473384
1589.445981895286,0.9998282958274725,1589.445981895286,0.9987979757844903,1589.443204088887,1.00244970638488,1589.3751478362942,0.9985658357706828
1589.4487597012194,1.0025493690896428,1589.4487597012194,0.9988395350218797,1589.4445929920862,1.014252616295706,1589.3765367394935,0.9841895056277192
1589.4501486044196,1.007084563525717,1589.4501486044196,0.9988922087451221,1589.445981895286,0.998626478004536,1589.3779256426933,1.0115628933615235
1589.451537507154,0.9921808178378392,1589.451537507154,0.9988873092365974,1589.4487597012194,1.0013859456579777,1589.3793145458922,1.0136084309433948
1589.4529264103537,1.0087549643912368,1589.4529264103537,0.9990260090937616,1589.4501486044196,1.0059689240533207,1589.3807034490917,0.997683202202703
1589.4543153135528,0.9975295137485292,1589.4543153135528,0.9990540715365329,1589.451537507154,0.9910768274062058,1589.3820923522917,1.0099165735686395
1589.455704216287,1.0066783921421971,1589.455704216287,0.9989829807019082,1589.4529264103537,1.007772446229297,1589.3834812554917,0.9977172135164158
1589.4570931194871,1.00022273921102,1589.4570931194871,0.9990132100797262,1589.4543153135528,0.996585922188326,1589.3848701586908,1.0013424628391805
1589.4584820226871,1.0062165720766674,1589.4584820226871,0.9990828703737632,1589.455704216287,1.0056545807904165,1589.3862590618903,1.0027891429859308
1589.459870925421,1.001117044776005,1589.459870925421,0.9990437167011813,1589.4570931194871,0.9992357294939378,1589.387647964625,1.0142667005467734
1589.4612598286208,0.9831330412371265,1589.4612598286208,0.9990381242048676,1589.4584820226871,1.0052937410480054,1589.389036867825,0.9859279573336988
1589.4626487313544,0.9951909182943911,1589.4626487313544,0.9991312570426009,1589.459870925421,1.000159693265923,1589.3904257710246,1.0052757820903129
1589.4640376345533,1.0009640646326803,1589.4640376345533,0.9990109037842967,1589.4612598286208,0.9821873893613656,1589.3918146742242,0.9908407163151688
1589.465426537753,1.016802783959381,1589.465426537753,0.998999550419477,1589.4626487313544,0.9943263531928552,1589.3932035774235,0.981066184571158
1589.4668154404876,1.008882777364733,1589.4668154404876,0.9989875955702637,1589.4640376345533,0.9999740148642972,1589.394592480623,0.9990565704399678
1589.468204343687,1.007286099512689,1589.468204343687,0.9988588584554163,1589.465426537753,1.015785524040694,1589.3959813838233,0.9936821063372642
1589.4695932464208,0.9857842955586504,1589.4695932464208,0.9988646131037064,1589.4668154404876,1.0078613799718443,1589.3973702870237,0.9975375624362076
1589.4709821496203,0.9960543661109276,1589.4709821496203,0.9989155839221984,1589.468204343687,1.0061366434972536,1589.3987591902232,0.9923015422162664
1589.4723710528206,1.0061244523444395,1589.4723710528206,0.9989058672626246,1589.4695932464208,0.9846650489869012,1589.4001480929564,0.9922678999222322
1589.4737599555551,0.9968047248217032,1589.4737599555551,0.9988729443716117,1589.4709821496203,0.9949742287419524,1589.4015369961553,0.980325931095846
1589.4751488587544,0.9988197623276649,1589.4751488587544,0.999010371776213,1589.4723710528206,1.0050236186432555,1589.4029258993546,1.0052346978994262
1589.4765377614883,0.9976608424799904,1589.4765377614883,0.9989952417874557,1589.4737599555551,0.9956812704461888,1589.4043148025548,0.9964644532107804
1589.477926664688,0.998112354538707,1589.477926664688,0.9989290073902097,1589.4751488587544,0.9978313021003892,1589.405703705755,0.9940054290790152
1589.479315567422,0.9994228881143588,1589.479315567422,0.9988652204862151,1589.4765377614883,0.9966584345551748,1589.4070926089548,0.9929440669800238
1589.4807044706222,1.0049579503068806,1589.4807044706222,0.9988994259449502,1589.477926664688,0.9970433835832556,1589.4084815116885,0.9970567912982452
1589.4820933733567,0.9925606855151959,1589.4820933733567,0.9988971300489933,1589.479315567422,0.9982887634953188,1589.4098704148882,1.001093067039713
1589.483482276556,0.9969150180558528,1589.483482276556,0.9989529443705545,1589.4807044706222,1.0038519196603568,1589.4112593180885,1.0073648024909811
1589.4848711792893,1.0087073519227152,1589.4848711792893,0.9989638411259185,1589.4820933733567,0.9914660201605906,1589.4126482212885,0.99712241529776
1589.486260082488,1.002150217976257,1589.486260082488,0.9991087945964816,1589.483482276556,0.9958711925741186,1589.414037124488,1.0008792201359524
1589.4876489856883,1.0046589017525804,1589.4876489856883,0.9991657225615531,1589.4848711792893,1.0076621708486693,1589.4154260272217,1.0055602962625287
1589.489037888423,1.004068680300837,1589.489037888423,0.9992491860392599,1589.486260082488,1.0012570962868594,1589.4168149304214,1.0115731644092452
1589.4904267916224,0.992503339413045,1589.4904267916224,0.9991676431132083,1589.4876489856883,1.0038207374975134,1589.4182038336207,1.0051410899076163
1589.4918156943563,1.0101792189485346,1589.4918156943563,0.9992964646671713,1589.489037888423,1.0033148115181252,1589.419592736821,1.002972853282604
1589.4932045975556,0.9874037867220142,1589.4932045975556,0.9992948423668276,1589.4904267916224,0.9916772224233208,1589.4209816400207,1.008012063007281
1589.4945935002895,0.998328884704444,1589.4945935002895,0.9994054171597455,1589.4918156943563,1.0094685221755149,1589.422370542754,1.0062341876989689
1589.4959824030243,0.9946738114945218,1589.4959824030243,0.9993759588655979,1589.4932045975556,0.986707511404784,1589.4237594459532,0.9986159609436952
1589.4973713062243,0.9950147935100323,1589.4973713062243,0.9992988387572797,1589.4945935002895,0.9977352954806684,1589.425148349153,1.0043631349218052
1589.4987602089582,0.9869296674875057,1589.4987602089582,0.999297235917606,1589.4959824030243,0.9940530941208368,1589.4265372523532,1.004324695371949
1589.500149112158,0.9937418193860701,1589.500149112158,0.9992243936491437,1589.4973713062243,0.9943171277008896,1589.4279261550878,1.0049209081660395
1589.5015380148916,1.0041378690623612,1589.5015380148916,0.9993582036494789,1589.4987602089582,0.9862360887653464,1589.429315058287,1.0025702528132292
1589.5029269180918,0.9998316355384163,1589.5029269180918,0.9992203138906962,1589.500149112158,0.9929710669198428,1589.4307039614866,0.9926941791543182
1589.5043158208264,1.0134051592903985,1589.5043158208264,0.9990839525702213,1589.5015380148916,1.003493417042577,1589.4320928646862,1.001068404224525
1589.5057047240252,1.002065598105282,1589.5057047240252,0.9990680794706859,1589.5029269180918,0.9990520807005444,1589.4334817674198,1.0056277653604364
1589.5070936267584,1.0183477456373509,1589.5070936267584,0.9989266016864348,1589.5043158208264,1.0124768320989062,1589.43487067062,1.005692097791076
1589.508482529958,0.9984452290324706,1589.508482529958,0.998946963007571,1589.5057047240252,1.0011317526026882,1589.4362595738205,0.9914078380579282
1589.509871432692,1.004512339131786,1589.509871432692,0.9989260811058255,1589.5070936267584,1.0172546528845607,1589.4390373797537,0.9969495910816062
1589.5112603354264,0.983457140211688,1589.5112603354264,0.9989114505519613,1589.508482529958,0.9973938292713852,1589.4404262829537,1.0033702874764776
1589.5126492386266,0.9872701391646576,1589.5126492386266,0.998851135877546,1589.509871432692,1.003433574351361,1589.4418151861528,0.9914863162429148
1589.5140381413603,1.0025254488466127,1589.5140381413603,0.9988829374419603,1589.5112603354264,0.9823865984845408,1589.443204088887,1.00244970638488
1589.51542704456,0.9934110123681594,1589.51542704456,0.9988966677203523,1589.5126492386266,0.9861358999226012,1589.4445929920862,1.014252616295706
1589.5168159472937,0.9986914622729504,1589.5168159472937,0.9990297093603379,1589.5140381413603,1.0014055652042242,1589.445981895286,0.998626478004536
1589.5182048500285,0.9855429884769729,1589.5182048500285,0.999151118423196,1589.51542704456,0.9923149499312562,1589.4487597012194,1.0013859456579777
1589.5195937532285,0.9928859168329804,1589.5195937532285,0.999090011128043,1589.5168159472937,0.9977224412951964,1589.4501486044196,1.0059689240533207
1589.5209826559626,1.0033964647901434,1589.5209826559626,0.9991757878878673,1589.5182048500285,0.9847063791909064,1589.451537507154,0.9910768274062058
1589.522371559162,1.0063838742437303,1589.522371559162,0.9992062137687425,1589.5195937532285,0.9919824016975396,1589.4529264103537,1.007772446229297
1589.523760461896,0.9960687191928052,1589.523760461896,0.999212389762177,1589.5209826559626,1.0025694532705922,1589.4543153135528,0.996585922188326
1589.5251493646297,1.0074741901451467,1589.5251493646297,0.9992274766613802,1589.522371559162,1.0055850205809962,1589.455704216287,1.0056545807904165
1589.5265382678294,1.0072280909504274,1589.5265382678294,0.9992470353040854,1589.523760461896,0.9952842052719936,1589.4570931194871,0.9992357294939378
1589.527927170563,1.0003807986145703,1589.527927170563,0.9991764761063641,1589.5251493646297,1.0066958928202026,1589.4584820226871,1.0052937410480054
1589.529316073297,0.9853947964180817,1589.529316073297,0.999165002802467,1589.5265382678294,1.0064696837572082,1589.459870925421,1.000159693265923
1589.5307049764965,0.992783598648382,1589.5307049764965,0.9992610626853892,1589.527927170563,0.9995569611241766,1589.4612598286208,0.9821873893613656
1589.5320938792302,0.9909207390166815,1589.5320938792302,0.9992861627299585,1589.529316073297,0.984571994524609,1589.4626487313544,0.9943263531928552
1589.5334827819647,1.0034290073053758,1589.5334827819647,0.9993766035756346,1589.5307049764965,0.992049993802007,1589.4640376345533,0.9999740148642972
1589.534871685165,1.0005888403236918,1589.534871685165,0.9992931513321094,1589.5320938792302,0.9902133828615144,1589.465426537753,1.015785524040694
1589.536260587899,0.991508971872422,1589.536260587899,0.9992421571434866,1589.5334827819647,1.0028034732501172,1589.4668154404876,1.0078613799718443
1589.5376494906327,1.0010274058437443,1589.5376494906327,0.9993211234367432,1589.534871685165,0.9998815754348028,1589.468204343687,1.0061366434972536
1589.5390383938325,1.0046261721264764,1589.5390383938325,0.9993658336106416,1589.536260587899,0.9907575638809196,1589.4695932464208,0.9846650489869012
1589.540427296566,1.008546555745636,1589.540427296566,0.999296115694199,1589.5376494906327,1.000347831798739,1589.4709821496203,0.9949742287419524
1589.541816199301,1.0077840679108525,1589.541816199301,0.9992901830546229,1589.5390383938325,1.003989071974244,1589.4723710528206,1.0050236186432555
1589.543205102501,1.0027017836684164,1589.543205102501,0.999289674323536,1589.540427296566,1.0078366556533769,1589.4737599555551,0.9956812704461888
1589.544594005235,0.9934330861886426,1589.544594005235,0.9992463648873623,1589.541816199301,1.0070687257021684,1589.4751488587544,0.9978313021003892
1589.545982907969,0.9944132312267028,1589.545982907969,0.9991162685324668,1589.543205102501,1.0019895388456406,1589.4765377614883,0.9966584345551748
1589.5473718111675,1.0067764103813006,1589.5473718111675,0.9990331297329159,1589.544594005235,0.9926844001328348,1589.477926664688,0.9970433835832556
1589.5487607139012,1.0145655871883685,1589.5487607139012,0.9991015654158836,1589.545982907969,0.9935344369625364,1589.479315567422,0.9982887634953188
1589.5501496166355,0.9891751656556454,1589.5501496166355,0.9990620502136803,1589.5473718111675,1.0058029882045012,1589.4807044706222,1.0038519196603568
1589.5515385193698,1.0034763500087929,1589.5515385193698,0.9990147290463932,1589.5487607139012,1.0136540663769842,1589.4820933733567,0.9914660201605906
1589.5529274225692,1.005224685275146,1589.5529274225692,0.9990048973456832,1589.5501496166355,0.988247369020386,1589.483482276556,0.9958711925741186
1589.5543163253033,0.9979764425451612,1589.5543163253033,0.9989108558864193,1589.5515385193698,1.002487653908498,1589.4848711792893,1.0076621708486693
1589.555705228037,1.0013910561583008,1589.555705228037,0.9989179347025053,1589.5529274225692,1.004224383522644,1589.486260082488,1.0012570962868594
1589.5570941307717,1.0011471298666719,1589.5570941307717,0.9989058802407081,1589.5543163253033,0.9968895023772708,1589.4876489856883,1.0038207374975134
1589.5584830339717,0.9957822720934771,1589.5584830339717,0.9988654477593517,1589.555705228037,1.0003074856472105,1589.489037888423,1.0033148115181252
1589.5598719367058,0.9917392547984676,1589.5598719367058,0.9987330464479641,1589.5570941307717,1.0000517550099264,1589.4904267916224,0.9916772224233208
1589.5612608394397,1.0041442442632538,1589.5612608394397,0.9988512671034795,1589.5584830339717,0.9946525050854756,1589.4918156943563,1.0094685221755149
1589.5626497421736,0.9976027870157071,1589.5626497421736,0.9988905578083682,1589.5598719367058,0.9904827672269072,1589.4932045975556,0.986707511404784
1589.5640386449072,0.992874916704717,1589.5640386449072,0.9988523723821773,1589.5612608394397,1.0029907507370168,1589.4945935002895,0.9977352954806684
1589.5654275481074,0.9849309439752053,1589.5654275481074,0.9987715800413264,1589.5626497421736,0.9964960043933024,1589.4959824030243,0.9940530941208368
1589.566816450842,0.9986522244353316,1589.566816450842,0.9987938560978532,1589.5640386449072,0.9917354660292632,1589.4973713062243,0.9943171277008896
1589.5682053535752,0.9870804262611648,1589.5682053535752,0.9986997301544741,1589.5654275481074,0.983721035145711,1589.4987602089582,0.9862360887653464
1589.5695942563084,0.994021664212982,1589.5695942563084,0.9985837865617565,1589.566816450842,0.9974477061444637,1589.500149112158,0.9929710669198428
1589.570983159042,1.004507659299516,1589.570983159042,0.9985191038771312,1589.5682053535752,0.9857969553477886,1589.5015380148916,1.003493417042577
1589.5723720622425,0.9887498734043192,1589.5723720622425,0.9985380183486953,1589.5695942563084,0.9926139173742184,1589.5029269180918,0.9990520807005444
1589.5737609649768,1.0174032329584122,1589.5737609649768,0.9985076520612239,1589.570983159042,1.0030200878014672,1589.5043158208264,1.0124768320989062
1589.575149867711,0.9933279908260898,1589.575149867711,0.9984525651587894,1589.5723720622425,0.9873043392316722,1589.5057047240252,1.0011317526026882
1589.5765387704446,1.008626425726837,1589.5765387704446,0.9984870257246262,1589.5737609649768,1.0158849133408026,1589.5070936267584,1.0172546528845607
1589.5779276731787,0.9982929213800148,1589.5779276731787,0.998362594989515,1589.575149867711,0.9917908804843358,1589.508482529958,0.9973938292713852
1589.5793165759123,0.9976044607929203,1589.5793165759123,0.9983388935960358,1589.5765387704446,1.00710039989125,1589.509871432692,1.003433574351361
1589.5807054791126,1.0007474320839855,1589.5807054791126,0.9983409455165779,1589.5779276731787,0.9966583115486154,1589.5112603354264,0.9823865984845408
1589.5820943818471,0.9999305444061598,1589.5820943818471,0.9983098216221964,1589.5793165759123,0.995947333634474,1589.5126492386266,0.9861358999226012
1589.5834832845812,1.0025428487215546,1589.5834832845812,0.998284274234638,1589.5807054791126,0.9990871375700134,1589.5140381413603,1.0014055652042242
1589.5848721873149,1.0034216177293094,1589.5848721873149,0.9981886164209015,1589.5820943818471,0.9982404834206992,1589.51542704456,0.9923149499312562
1589.586261090049,1.0080775265174822,1589.586261090049,0.9982378718896945,1589.5834832845812,1.0008227601251236,1589.5168159472937,0.9977224412951964
1589.5876499927836,0.9892720211816335,1589.5876499927836,0.9983522323361004,1589.5848721873149,1.001604036288042,1589.5182048500285,0.9847063791909064
1589.5890388955172,1.0205702566109425,1589.5890388955172,0.9982808361620441,1589.586261090049,1.0063011647706384,1589.5195937532285,0.9919824016975396
1589.5904277982504,1.0043902652000092,1589.5904277982504,0.9982655882993003,1589.5876499927836,0.9876419307343298,1589.5209826559626,1.0025694532705922
1589.5918167014495,0.9832906688233485,1589.5918167014495,0.9981402761141029,1589.5890388955172,1.0188157291316835,1589.522371559162,1.0055850205809962
1589.5932056041838,0.9970925752762674,1589.5932056041838,0.9980713805664108,1589.5904277982504,1.0026482389719775,1589.523760461896,0.9952842052719936
1589.5945945069177,0.9978265969369878,1589.5945945069177,0.9980754080893661,1589.5918167014495,0.981462019679758,1589.5251493646297,1.0066958928202026
1589.595983409652,1.0015309139181767,1589.595983409652,0.9980444168553966,1589.5932056041838,0.995169563158502,1589.5265382678294,1.0064696837572082
1589.5973723123866,0.9946223316206175,1589.5973723123866,0.9980058321115908,1589.5945945069177,0.9959061879403076,1589.527927170563,0.9995569611241766
1589.5987612151207,1.011191829937182,1589.5987612151207,0.998029788666088,1589.595983409652,0.9995723369441192,1589.529316073297,0.984571994524609
1589.6001501178544,0.9985225370687689,1589.6001501178544,0.997991226040754,1589.5973723123866,0.992638887705805,1589.5307049764965,0.992049993802007
1589.6015390205885,0.9931475404320167,1589.6015390205885,0.9979556241226771,1589.5987612151207,1.0091995683330806,1589.5320938792302,0.9902133828615144
1589.602927923323,0.9912071015181444,1589.602927923323,0.9979322732279633,1589.6001501178544,0.9965167309985848,1589.5334827819647,1.0028034732501172
1589.6043168260576,1.0043560876622115,1589.6043168260576,0.9979658195035825,1589.6015390205885,0.991117173557735,1589.534871685165,0.9998815754348028
1589.6057057287912,1.0034598089694575,1589.6057057287912,0.9979872846884852,1589.602927923323,0.9891575560577024,1589.536260587899,0.9907575638809196
1589.6070946315251,0.9968525658446931,1589.6070946315251,0.9981129559026253,1589.6043168260576,1.002313046097231,1589.5376494906327,1.000347831798739
1589.608483534259,1.0125277920315163,1589.608483534259,0.9982160849791366,1589.6057057287912,1.001440130047455,1589.5390383938325,1.003989071974244
1589.6098724369922,1.0107363522637056,1589.6098724369922,0.9981931802876858,1589.6070946315251,0.994971461094363,1589.540427296566,1.0078366556533769
1589.6112613397258,0.9979401745308489,1589.6112613397258,0.9982433419825233,1589.608483534259,1.0107215284942697,1589.541816199301,1.0070687257021684
1589.6126502424604,1.0118195620990171,1589.6126502424604,0.9982328480615869,1589.6098724369922,1.008910133898483,1589.543205102501,1.0019895388456406
1589.6140391456602,0.9969275680984347,1589.6140391456602,0.9982536659761981,1589.6112613397258,0.9961871349222972,1589.544594005235,0.9926844001328348
1589.6154280483938,1.0154720650707927,1589.6154280483938,0.9983411901406561,1589.6126502424604,1.0100315231985295,1589.545982907969,0.9935344369625364
1589.616816951128,1.0101080581460327,1589.616816951128,0.9982826343583808,1589.6140391456602,0.9951865995669984,1589.5473718111675,1.0058029882045012
1589.6182058538625,1.0034421240261646,1589.6182058538625,0.998383476056335,1589.6154280483938,1.013787589997365,1589.5487607139012,1.0136540663769842
1589.619594756597,1.002432110074182,1589.619594756597,0.9984097704775661,1589.616816951128,1.00837333327265,1589.5501496166355,0.988247369020386
1589.6209836593307,0.9954047413820472,1589.6209836593307,0.9984115230362309,1589.6182058538625,1.0018200358065943,1589.5515385193698,1.002487653908498
1589.6223725615991,0.9980307431718236,1589.6223725615991,0.9984629108342208,1589.619594756597,1.0008380129385064,1589.5529274225692,1.004224383522644
1589.6237614643328,0.9902991830962344,1589.6237614643328,0.99854318208312,1589.6209836593307,0.9938235638807352,1589.5543163253033,0.9968895023772708
1589.625150367067,1.007712442245792,1589.625150367067,0.998619603333458,1589.6223725615991,0.9964966809293796,1589.555705228037,1.0003074856472105
1589.6265392698017,0.9933188328501448,1589.6265392698017,0.9985939631694161,1589.6237614643328,0.9888564975032282,1589.5570941307717,1.0000517550099264
1589.6279281725358,0.9897946441428193,1589.6279281725358,0.9986522641276301,1589.625150367067,1.006321399349683,1589.5584830339717,0.9946525050854756
1589.6293170752697,0.9972516665553423,1589.6293170752697,0.9986511834068906,1589.6265392698017,0.9919221899866448,1589.5598719367058,0.9904827672269072
1589.6307059780029,0.9900620257620915,1589.6307059780029,0.9985568109567596,1589.6279281725358,0.9884606623946284,1589.5612608394397,1.0029907507370168
1589.632094880736,1.001621766049694,1589.632094880736,0.9984585047921691,1589.6293170752697,0.9959065569599864,1589.5626497421736,0.9964960043933024
1589.6334837834706,1.0004952778459033,1589.6334837834706,0.9984030975262763,1589.6307059780029,0.9886331790943832,1589.5640386449072,0.9917354660292632
1589.6348726862052,1.0027367973346233,1589.6348726862052,0.9983526597086784,1589.632094880736,1.0000777708972692,1589.5654275481074,0.983721035145711
1589.6362615889389,1.0003406948801086,1589.6362615889389,0.9984021996659075,1589.6334837834706,0.9988975844617622,1589.566816450842,0.9974477061444637
1589.637650491673,0.995468675737355,1589.637650491673,0.9984895629098974,1589.6348726862052,1.0010849486067832,1589.5682053535752,0.9857969553477886
1589.6390393944066,1.0096525337382796,1589.6390393944066,0.998452940498026,1589.6362615889389,0.9987423501836228,1589.5695942563084,0.9926139173742184
1589.6404282971407,1.0104807011617885,1589.6404282971407,0.9984636170712926,1589.637650491673,0.993965082927486,1589.570983159042,1.0030200878014672
1589.6418171998753,1.0114759409394956,1589.6418171998753,0.9984063969230129,1589.6390393944066,1.0080905411922676,1589.5723720622425,0.9873043392316722
1589.6432061026098,0.9937337069699678,1589.6432061026098,0.9984128650599885,1589.6404282971407,1.0089282158627353,1589.5737609649768,1.0158849133408026
1589.6445950048778,1.005180650727197,1589.6445950048778,0.9984282935042587,1589.6418171998753,1.009864049767716,1589.575149867711,0.9917908804843358
1589.645983907612,1.003213029484282,1589.645983907612,0.9984065820601424,1589.6432061026098,0.9921565174825686,1589.5765387704446,1.00710039989125
1589.6473728103456,0.9949181402958748,1589.6473728103456,0.9983619592543223,1589.6445950048778,1.0036008017690556,1589.5779276731787,0.9966583115486154
1589.64876171308,0.9958094631162808,1589.64876171308,0.9983922509575932,1589.645983907612,1.001614491845603,1589.5793165759123,0.995947333634474
1589.6501506158147,0.997638073843029,1589.6501506158147,0.9983160454891984,1589.6473728103456,0.9932884238434562,1589.5807054791126,0.9990871375700134
1589.651539518548,0.9980215304608345,1589.651539518548,0.9982987759225357,1589.64876171308,0.994208451405536,1589.5820943818471,0.9982404834206992
1589.652928421281,0.996752721934846,1589.652928421281,0.9983558417163343,1589.6501506158147,0.9959580967084336,1589.5834832845812,1.0008227601251236
1589.6543173240148,1.0074767776620066,1589.6543173240148,0.9984861824469637,1589.651539518548,0.9963236722033868,1589.5848721873149,1.001604036288042
1589.6557062262832,0.9976343546483724,1589.6557062262832,0.9986073603687182,1589.652928421281,0.9951139026903104,1589.586261090049,1.0063011647706384
1589.6570951290178,1.0117679708863583,1589.6570951290178,0.9986363190920604,1589.6543173240148,1.0059516416317054,1589.5876499927836,0.9876419307343298
1589.6584840317523,0.9920256671524192,1589.6584840317523,0.9985383140567103,1589.6557062262832,0.9962450095085608,1589.5890388955172,1.0188157291316835
1589.659872934486,1.0016801955748653,1589.659872934486,0.9985051959906127,1589.6570951290178,1.0103882422211958,1589.5904277982504,1.0026482389719775
1589.66126183722,1.008776208135285,1589.66126183722,0.9985948984975159,1589.6584840317523,0.99057563717936,1589.5918167014495,0.981462019679758
1589.6626507399535,1.0085912244954258,1589.6626507399535,0.998649504173211,1589.659872934486,1.0001828800023962,1589.5932056041838,0.995169563158502
1589.6640396422226,0.9985897035772144,1589.6640396422226,0.9985170280657023,1589.66126183722,1.0073587751695638,1589.5945945069177,0.9959061879403076
1589.6654285449572,1.0163413259602365,1589.6654285449572,0.9983836636954952,1589.6626507399535,1.0072291262558086,1589.595983409652,0.9995723369441192
1589.666817447691,1.0066034671406607,1589.666817447691,0.9983675827381799,1589.6640396422226,0.9971088230729308,1589.5973723123866,0.992638887705805
1589.668206350425,0.999791710761111,1589.668206350425,0.9983357520061017,1589.6654285449572,1.0146985765773184,1589.5987612151207,1.0091995683330806
1589.6695952531586,0.9854968931442175,1589.6695952531586,0.9983486613783737,1589.666817447691,1.0049602702650924,1589.6001501178544,0.9965167309985848
1589.670984155427,0.9980078134858661,1589.670984155427,0.9984101741864103,1589.668206350425,0.9981278094121606,1589.6015390205885,0.991117173557735
1589.6723730581607,1.0090286277318061,1589.6723730581607,0.9984181716098719,1589.6695952531586,0.9838695040630758,1589.602927923323,0.9891575560577024
1589.6737619608948,1.0013908262883715,1589.6737619608948,0.9983650961917052,1589.670984155427,0.996421154901822,1589.6043168260576,1.002313046097231
1589.6765397663626,1.005178215610287,1589.6765397663626,0.9984964876954071,1589.6723730581607,1.007432517602008,1589.6057057287912,1.001440130047455
1589.6779286686306,0.9931589927407287,1589.6779286686306,0.9984634976003677,1589.6737619608948,0.9997536486128812,1589.6070946315251,0.994971461094363
1589.6793175713651,0.9951624039907156,1589.6793175713651,0.9985315415479702,1589.6765397663626,1.0036669177948083,1589.608483534259,1.0107215284942697
1589.6807064740997,1.0013522128860641,1589.6807064740997,0.9984539589928009,1589.6779286686306,0.9916330015651662,1589.6098724369922,1.008910133898483
1589.6820953768338,1.0025840663615653,1589.6820953768338,0.9984073919451244,1589.6793175713651,0.9937010493474332,1589.6112613397258,0.9961871349222972
1589.6834842791018,0.9893774077074633,1589.6834842791018,0.9983979420406528,1589.6807064740997,0.9998040813022926,1589.6126502424604,1.0100315231985295
1589.684873181836,1.0066079978808633,1589.684873181836,0.9984861435499002,1589.6820953768338,1.000987342901788,1589.6140391456602,0.9951865995669984
1589.6862620845695,1.0046268964227363,1589.6862620845695,0.998426732624385,1589.6834842791018,0.9877923677566472,1589.6154280483938,1.013787589997365
1589.6876509868384,0.9934286981997734,1589.6876509868384,0.9985259350075756,1589.684873181836,1.0050841378705493,1589.616816951128,1.00837333327265
1589.689039889573,0.9964192961073772,1589.689039889573,0.9985264696221421,1589.6862620845695,1.003046349701929,1589.6182058538625,1.0018200358065943
1589.6904287923066,0.9961493013562603,1589.6904287923066,0.9985926223996034,1589.6876509868384,0.9919643197332874,1589.619594756597,1.0008380129385064
1589.6918176950408,0.9929138654255925,1589.6918176950408,0.9986386375638516,1589.689039889573,0.9949510420054792,1589.6209836593307,0.9938235638807352
1589.6932065973083,0.9835251438872261,1589.6932065973083,0.9987753471011037,1589.6904287923066,0.9947473431428808,1589.6223725615991,0.9964966809293796
1589.694595500042,0.990596329642927,1589.694595500042,0.9988774371289997,1589.6918176950408,0.9915621497868712,1589.6237614643328,0.9888564975032282
1589.6959844027765,1.0020192810194861,1589.6959844027765,0.9988341862232429,1589.6932065973083,0.9823206669686272,1589.625150367067,1.006321399349683
1589.697373305045,0.998972341323697,1589.697373305045,0.9988542161117117,1589.694595500042,0.9894843229831206,1589.6265392698017,0.9919221899866448
1589.6987622077786,1.0003021216594246,1589.6987622077786,0.9988629150843604,1589.6959844027765,1.0008511131370974,1589.6279281725358,0.9884606623946284
1589.7001511105127,0.997035295355787,1589.7001511105127,0.9989418669847792,1589.697373305045,0.9978277349101626,1589.6293170752697,0.9959065569599864
1589.7015400127807,0.9924589821535369,1589.7015400127807,0.9989119906783063,1589.6987622077786,0.9991646932058034,1589.6307059780029,0.9886331790943832
1589.7029289155153,0.994889828200945,1589.7029289155153,0.9989698013919214,1589.7001511105127,0.9959802993924306,1589.632094880736,1.0000777708972692
1589.7043178182498,1.0070160846050469,1589.7043178182498,0.9990434412192157,1589.7015400127807,0.9913791775295552,1589.6334837834706,0.9988975844617622
1589.705706720518,0.9964667873323847,1589.705706720518,0.9990446181682763,1589.7029289155153,0.9938648940847408,1589.6348726862052,1.0010849486067832
1589.707095623252,1.0028898851309256,1589.707095623252,0.999012896053109,1589.7043178182498,1.006052814526927,1589.6362615889389,0.9987423501836228
1589.7084845259856,0.9868394287546656,1589.7084845259856,0.9990613531599966,1589.705706720518,0.9955147810678512,1589.637650491673,0.993965082927486
1589.709873428254,0.9981935923019511,1589.709873428254,0.9990573841939132,1589.707095623252,1.0018999285670158,1589.6390393944066,1.0080905411922676
1589.7112623309886,1.0133871806727863,1589.7112623309886,0.999066537458823,1589.7084845259856,0.9859131350432742,1589.6404282971407,1.0089282158627353
1589.7126512337231,0.9940640272498337,1589.7126512337231,0.9991036960046819,1589.709873428254,0.9972526792443128,1589.6418171998753,1.009864049767716
1589.714040135991,1.0031742316100536,1589.714040135991,0.9990508639141634,1589.7112623309886,1.0124412216999192,1589.6432061026098,0.9921565174825686
1589.715429038724,0.9829529117400284,1589.715429038724,0.9989895049785315,1589.7126512337231,0.9931730436906075,1589.6445950048778,1.0036008017690556
1589.716817940992,0.9987005729067719,1589.716817940992,0.9989914052384542,1589.714040135991,1.0022220827464512,1589.645983907612,1.001614491845603
1589.7182068437264,0.984349562833916,1589.7182068437264,0.9990206445801886,1589.715429038724,0.9819596427163771,1589.6473728103456,0.9932884238434562
1589.719595746461,0.9838531779524806,1589.719595746461,0.9990232053625824,1589.716817940992,0.9976932887405854,1589.64876171308,0.994208451405536
1589.7209846487294,1.0014287930831267,1589.7209846487294,0.9990407711736349,1589.7182068437264,0.9833855347545656,1589.6501506158147,0.9959580967084336
1589.722373551463,0.9991158807787509,1589.722373551463,0.9990724273185034,1589.719595746461,0.9828921554442503,1589.651539518548,0.9963236722033868
1589.7237624537315,0.9945296091907772,1589.7237624537315,0.9990692348286605,1589.7209846487294,1.0004681937172493,1589.652928421281,0.9951139026903104
1589.7251513564652,0.9927141717408282,1589.7251513564652,0.9991492963643039,1589.722373551463,0.9981891281820912,1589.6543173240148,1.0059516416317054
1589.726540258734,0.995322654876587,1589.726540258734,0.99915565986025,1589.7237624537315,0.9936039356686764,1589.6557062262832,0.9962450095085608
1589.7279291614686,1.0188208310269795,1589.7279291614686,0.9991933773610283,1589.7251513564652,0.9918696661857213,1589.6570951290178,1.0103882422211958
1589.7293180642023,1.009651615608725,1589.7293180642023,0.999231311033673,1589.726540258734,0.9944822640070722,1589.6584840317523,0.99057563717936
1589.7307069664707,1.0097464295955707,1589.7307069664707,0.9991511281606876,1589.7279291614686,1.017999027079617,1589.659872934486,1.0001828800023962
1589.7320958692044,1.012433123746393,1589.7320958692044,0.9991910595044634,1589.7293180642023,1.0088755075519724,1589.66126183722,1.0073587751695638
1589.7334847714728,1.0044499208556936,1589.7334847714728,0.999063041398448,1589.7307069664707,1.0088892842866408,1589.6626507399535,1.0072291262558086
1589.7348736742065,1.0105068703396736,1589.7348736742065,0.9990535187601606,1589.7320958692044,1.011614125593572,1589.6640396422226,0.9971088230729308
1589.736262576475,1.004026277581867,1589.736262576475,0.9990168347326045,1589.7334847714728,1.0035087928625197,1589.6654285449572,1.0146985765773184
1589.7376514792086,1.0068167907697192,1589.7376514792086,0.9989452915965115,1589.7348736742065,1.0095504445441683,1589.666817447691,1.0049602702650924
1589.739040381477,1.0030382404218647,1589.739040381477,0.998963979112678,1589.736262576475,1.003039153818196,1589.668206350425,0.9981278094121606
1589.740429284211,1.0013657758212422,1589.740429284211,0.9988594386068148,1589.7376514792086,1.005754892639721,1589.6695952531586,0.9838695040630758
1589.7418181864796,1.0026514095252146,1589.7418181864796,0.9988587849257081,1589.739040381477,1.001999071854005,1589.670984155427,0.996421154901822
1589.743207089214,1.0023105312809302,1589.743207089214,0.9988929703381618,1589.740429284211,1.0002236566768836,1589.6723730581607,1.007432517602008
1589.7445959914826,0.9953168271413505,1589.7445959914826,0.9989362140140233,1589.7418181864796,1.0015071686224044,1589.6737619608948,0.9997536486128812
1589.7459848942162,1.0002907290098655,1589.7459848942162,0.9989310425001212,1589.743207089214,1.0012009437924294,1589.6765397663626,1.0036669177948083
1589.7473737964842,1.000252973127335,1589.7473737964842,0.9990050877301085,1589.7445959914826,0.9942580230490308,1589.6779286686306,0.9916330015651662
1589.7487626992188,1.0020447804130344,1589.7487626992188,0.9991455483860852,1589.7459848942162,0.9992214607330312,1589.6793175713651,0.9937010493474332
1589.7501516014877,1.0015745282462363,1589.7501516014877,0.9990282271489584,1589.7473737964842,0.9992578091713752,1589.6807064740997,0.9998040813022926
1589.7515405042218,1.006696726634249,1589.7515405042218,0.9991448311536396,1589.7487626992188,1.0011885816331956,1589.6820953768338,1.000987342901788
1589.7529294064898,1.008515250411347,1589.7529294064898,0.9992767620848938,1589.7501516014877,1.0006012253113918,1589.6834842791018,0.9877923677566472
1589.754318309223,0.9853462281120361,1589.754318309223,0.9993067556283067,1589.7515405042218,1.0058358309558983,1589.684873181836,1.0050841378705493
1589.7557072114903,0.9925309316629264,1589.7557072114903,0.9993987607663505,1589.7529294064898,1.0077858539442868,1589.6862620845695,1.003046349701929
1589.757096114225,0.9908798917740547,1589.757096114225,0.9994527986806208,1589.754318309223,0.9846631423852282,1589.6876509868384,0.9919643197332874
1589.758485016494,0.9746277875147624,1589.758485016494,0.9994535034885305,1589.7557072114903,0.9919341831262,1589.689039889573,0.9949510420054792
1589.7598739187624,0.9977826607175911,1589.7598739187624,0.9994237819583108,1589.757096114225,0.9903376809899296,1589.6904287923066,0.9947473431428808
1589.761262821496,1.000527834344406,1589.761262821496,0.9994606724531202,1589.758485016494,0.9740951568289044,1589.6918176950408,0.9915621497868712
1589.7626517237643,0.9980824107788052,1589.7626517237643,0.9995711855990925,1589.7598739187624,0.997207720346801,1589.6932065973083,0.9823206669686272
1589.764040626499,0.9944505260619346,1589.764040626499,0.999433179136072,1589.761262821496,0.999988222121924,1589.694595500042,0.9894843229831206
1589.7654295287678,0.9909934940107886,1589.7654295287678,0.9993506391628258,1589.7626517237643,0.9976544186677708,1589.6959844027765,1.0008511131370974
1589.766818431036,0.9917005848240943,1589.766818431036,0.999287918325766,1589.764040626499,0.9938868507556186,1589.697373305045,0.9978277349101626
1589.7682073337696,0.9949866083294348,1589.7682073337696,0.999405896074209,1589.7654295287678,0.9903499816458836,1589.6987622077786,0.9991646932058034
1589.769596236038,1.0008150245876062,1589.769596236038,0.9993804764877996,1589.766818431036,0.990994413011314,1589.7001511105127,0.9959802993924306
1589.7709851387715,1.0010204335062876,1589.7709851387715,0.999301848808858,1589.7682073337696,0.9943954828793168,1589.7015400127807,0.9913791775295552
1589.7723740410406,0.9989358909377295,1589.7723740410406,0.9993356827726291,1589.769596236038,1.0001949961485108,1589.7029289155153,0.9938648940847408
1589.7751518460427,1.0149822150153822,1589.7751518460427,0.9994447785823631,1589.7709851387715,1.0003215698982777,1589.7043178182498,1.006052814526927
1589.7765407483105,1.0074129457739913,1589.7765407483105,0.9994890802570041,1589.7723740410406,0.9982722806163404,1589.705706720518,0.9955147810678512
1589.7779296510444,1.004344542756804,1589.7779296510444,0.9995273891393369,1589.7751518460427,1.014418675151085,1589.707095623252,1.0018999285670158
1589.7793185533133,1.0057050814084592,1589.7793185533133,0.9994064291114413,1589.7765407483105,1.0068982386106458,1589.7084845259856,0.9859131350432742
1589.7807074555822,0.9953364356454478,1589.7807074555822,0.9994877965312174,1589.7779296510444,1.0038698786180495,1589.709873428254,0.9972526792443128
1589.7820963583158,0.9932938519957945,1589.7820963583158,0.9994638316121889,1589.7793185533133,1.0051081241496596,1589.7112623309886,1.0124412216999192
1589.7834852605845,0.9983320724216147,1589.7834852605845,0.999588399450611,1589.7807074555822,0.9948266208705046,1589.7126512337231,0.9931730436906075
1589.7848741628522,1.0002143169459008,1589.7848741628522,0.9996025192188914,1589.7820963583158,0.9927612792325472,1589.714040135991,1.0022220827464512
1589.786263065586,1.010820613600076,1589.786263065586,0.9995872249077206,1589.7834852605845,0.9979211583921332,1589.715429038724,0.9819596427163771
1589.7876519678548,0.9857443849187778,1589.7876519678548,0.999595992005842,1589.7848741628522,0.9998167509779252,1589.716817940992,0.9976932887405854
1589.7890408701237,0.9914639831225303,1589.7890408701237,0.9996089527683888,1589.786263065586,1.0104033720280192,1589.7182068437264,0.9833855347545656
1589.7904297728578,1.0044521075691146,1589.7904297728578,0.9995827354535305,1589.7876519678548,0.9853461363070743,1589.719595746461,0.9828921554442503
1589.7918186751258,0.9993098949430242,1589.7918186751258,0.999532198244427,1589.7890408701237,0.991076273876688,1589.7209846487294,1.0004681937172493
1589.7932075773942,0.9948615224071471,1589.7932075773942,0.9994740598905157,1589.7904297728578,1.0040329853159995,1589.722373551463,0.9981891281820912
1589.7945964796631,1.0005135774788965,1589.7945964796631,0.9995208336820453,1589.7918186751258,0.9988424160198084,1589.7237624537315,0.9936039356686764
1589.7959853823968,1.0088848139712454,1589.7959853823968,0.9995350262662915,1589.7932075773942,0.9943382848291306,1589.7251513564652,0.9918696661857213
1589.7973742846643,0.9993213842250901,1589.7973742846643,0.9995221836196997,1589.7945964796631,1.0000341650719122,1589.726540258734,0.9944822640070722
1589.7987631869328,1.0008939050648962,1589.7987631869328,0.9994493756707787,1589.7959853823968,1.0084157090324115,1589.7279291614686,1.017999027079617
1589.8001520896664,1.0096558844756667,1589.8001520896664,0.9995086967065266,1589.7973742846643,0.998843892098523,1589.7293180642023,1.0088755075519724
1589.8015409919349,1.0009630303034964,1589.8015409919349,0.9994623214022983,1589.7987631869328,1.0003427885297982,1589.7307069664707,1.0088892842866408
1589.8029298942038,1.0044709813320543,1589.8029298942038,0.9994650066292106,1589.8001520896664,1.009159837214349,1589.7320958692044,1.011614125593572
1589.8043187964724,0.9921555161541991,1589.8043187964724,0.9995422865321669,1589.8015409919349,1.0004248339050117,1589.7334847714728,1.0035087928625197
1589.8057076992063,0.9969771219765611,1589.8057076992063,0.9994783740289626,1589.8029298942038,1.0039335960158913,1589.7348736742065,1.0095504445441683
1589.8070966014743,0.9940368012835168,1589.8070966014743,0.9995026654003433,1589.8043187964724,0.9917013932122704,1589.736262576475,1.003039153818196
1589.8084855037428,1.0002122073353266,1589.8084855037428,0.9995027382306149,1589.8057076992063,0.996457072817208,1589.7376514792086,1.005754892639721
1589.8098744060117,0.9988893388920266,1589.8098744060117,0.999447952586236,1589.8070966014743,0.9935424323889064,1589.739040381477,1.001999071854005
1589.8112633087462,1.0063756050496269,1589.8112633087462,0.9993383014083455,1589.8084855037428,0.9997148400433464,1589.740429284211,1.0002236566768836
1589.8126522110142,0.9924119435422369,1589.8126522110142,0.9994105047407353,1589.8098744060117,0.9983379046158548,1589.7418181864796,1.0015071686224044
1589.8140411132829,0.9994816334553629,1589.8140411132829,0.999366173815175,1589.8112633087462,1.00570968772909,1589.743207089214,1.0012009437924294
1589.8154300155506,1.0028701897189267,1589.8154300155506,0.999369325017437,1589.8126522110142,0.9918269214062811,1589.7445959914826,0.9942580230490308
1589.8168189178182,1.0120466121623903,1589.8168189178182,0.9994579861726208,1589.8140411132829,0.9988481358248272,1589.7459848942162,0.9992214607330312
1589.8182078205523,1.004613821803227,1589.8182078205523,0.9994547066603092,1589.8154300155506,1.0022377045795128,1589.7473737964842,0.9992578091713752
1589.8195967228212,0.9990035077108443,1589.8195967228212,0.999454953728471,1589.8168189178182,1.011498068904646,1589.7487626992188,1.0011885816331956
1589.8209856250892,0.9939063905165092,1589.8209856250892,0.9994167341727879,1589.8182078205523,1.0040660125772365,1589.7501516014877,1.0006012253113918
1589.8223745273576,1.0060185354767428,1589.8223745273576,0.999414834170697,1589.8195967228212,0.9984590045737222,1589.7515405042218,1.0058358309558983
1589.8237634296256,1.0017871819158468,1589.8237634296256,0.9994334099698086,1589.8209856250892,0.9933266788834731,1589.7529294064898,1.0077858539442868
1589.8251523318943,1.0037623962362763,1589.8251523318943,0.9993756667203401,1589.8223745273576,1.0054298478061363,1589.754318309223,0.9846631423852282
1589.826541234629,1.00297753788628,1589.826541234629,0.9994405609751359,1589.8237634296256,1.0012195792861998,1589.7557072114903,0.9919341831262
1589.827930136897,1.0044323803225712,1589.827930136897,0.9994495939194828,1589.8251523318943,1.0031357139674348,1589.757096114225,0.9903376809899296
1589.8293190391655,0.9998248753504915,1589.8293190391655,0.9994030001808113,1589.826541234629,1.0024164331105243,1589.758485016494,0.9740951568289044
1589.8307079414335,0.9954035878527415,1589.8307079414335,0.9993726690140161,1589.827930136897,1.0038795346329734,1589.7598739187624,0.997207720346801
1589.832096843702,1.0085016706413195,1589.832096843702,0.9993327240493267,1589.8293190391655,0.9992279800806868,1589.761262821496,0.999988222121924
1589.8334857459708,1.0017131904736887,1589.8334857459708,0.999468920606093,1589.8307079414335,0.994779140338522,1589.7626517237643,0.9976544186677708
1589.8348746487054,1.0108594803582924,1589.8348746487054,0.99943197384148,1589.832096843702,1.0078287217302866,1589.764040626499,0.9938868507556186
1589.836263550973,0.9965255030572859,1589.836263550973,0.9993040940043649,1589.8334857459708,1.0011812012396233,1589.7654295287678,0.9903499816458836
1589.8376524532405,0.996385067879147,1589.8376524532405,0.999416176093593,1589.8348746487054,1.0102852857308608,1589.766818431036,0.990994413011314
1589.8390413555085,0.9969130984099331,1589.8390413555085,0.9993704368572501,1589.836263550973,0.9958320149849051,1589.7682073337696,0.9943954828793168
1589.8404302577774,0.9962961361594074,1589.8404302577774,0.999440814720348,1589.8376524532405,0.9958033544565322,1589.769596236038,1.0001949961485108
1589.8418191600465,0.9989179435247811,1589.8418191600465,0.999419640625854,1589.8390413555085,0.9962854786666496,1589.7709851387715,1.0003215698982777
1589.8432080623145,0.9966966092581462,1589.8432080623145,0.9994952546340782,1589.8404302577774,0.9957390220258928,1589.7723740410406,0.9982722806163404
1589.8445969645827,1.0192622265243596,1589.8445969645827,0.9995035908806912,1589.8418191600465,0.9983382121322538,1589.7737629433095,1.0222117557307449
1589.8459858668507,0.9976774680330434,1589.8459858668507,0.9995651603000396,1589.8432080623145,0.9961935312633932,1589.7751518460427,1.014418675151085
1589.8473747691191,1.007913114853394,1589.8473747691191,0.9995796808196303,1589.8445969645827,1.018756255460146,1589.7765407483105,1.0068982386106458
1589.8487636718537,1.0052516665981825,1589.8487636718537,0.9995670825369877,1589.8459858668507,0.9972436382621866,1589.7779296510444,1.0038698786180495
1589.8501525741226,0.9848159063430437,1589.8501525741226,0.9996979946506561,1589.8473747691191,1.007489469639075,1589.7793185533133,1.0051081241496596
1589.8515414763906,0.9963861865614708,1589.8515414763906,0.9997641165032103,1589.8487636718537,1.00481647559699,1589.7807074555822,0.9948266208705046
1589.852930378659,1.0105829778401487,1589.852930378659,0.9996990960098755,1589.8501525741226,0.9845184866712092,1589.7820963583158,0.9927612792325472
1589.854319280927,0.9904255494203005,1589.854319280927,0.999565956098948,1589.8515414763906,0.9961511555036318,1589.7834852605845,0.9979211583921332
1589.8557081831957,1.000350123914502,1589.8557081831957,0.9994631863212233,1589.852930378659,1.0102788893897647,1589.7848741628522,0.9998167509779252
1589.8570970854637,0.9910049729286972,1589.8570970854637,0.9993823825205185,1589.854319280927,0.9899956612511286,1589.786263065586,1.0104033720280192
1589.858485987732,1.0068005678300858,1589.858485987732,0.9993480740373087,1589.8557081831957,0.9998131222844188,1589.7876519678548,0.9853461363070743
1589.85987489,0.9908223770114176,1589.85987489,0.9992021255775745,1589.8570970854637,0.9903929109351632,1589.7890408701237,0.991076273876688
1589.8612637922683,0.9763828539781042,1589.8612637922683,0.9992171898457024,1589.858485987732,1.006144208400665,1589.7904297728578,1.0040329853159995
1589.8626526945363,0.9981429434922788,1589.8626526945363,0.9991442489992943,1589.85987489,0.9900318251796334,1589.7918186751258,0.9988424160198084
1589.8640415968052,0.982809611454789,1589.8640415968052,0.999075964631919,1589.8612637922683,0.975618531565528,1589.7932075773942,0.9943382848291306
1589.865430499074,1.0126826886924591,1589.865430499074,0.9989968676274738,1589.8626526945363,0.997288781669538,1589.7945964796631,1.0000341650719122
1589.866819401342,1.0079477925765938,1589.866819401342,0.9988968493211415,1589.8640415968052,0.9819014606137147,1589.7959853823968,1.0084157090324115
1589.8682083036106,1.0079678172375395,1589.8682083036106,0.9988749913028768,1589.865430499074,1.0116668339043349,1589.7973742846643,0.998843892098523
1589.8695972058786,0.9941413010863605,1589.8695972058786,0.9989534679408387,1589.866819401342,1.006835874284959,1589.7987631869328,1.0003427885297982
1589.870986108147,1.016827411847164,1589.870986108147,0.9989237602258126,1589.8682083036106,1.0068338446767269,1589.8001520896664,1.009159837214349
1589.872375010416,1.0111012541411581,1589.872375010416,0.998906368813168,1589.8695972058786,0.9931009003434372,1589.8015409919349,1.0004248339050117
1589.8737639126848,0.9932887612570993,1589.8737639126848,0.9989475355160847,1589.870986108147,1.0157330617430502,1589.8029298942038,1.0039335960158913
1589.8751528149528,1.0160616563943565,1589.8751528149528,0.9988860641694532,1589.872375010416,1.0099954822765844,1589.8043187964724,0.9917013932122704
1589.8765417172212,1.0151316143471072,1589.8765417172212,0.9987604673522534,1589.8737639126848,0.992243360113604,1589.8057076992063,0.996457072817208
1589.8779306194888,1.0003030720101707,1589.8779306194888,0.9986672442295713,1589.8751528149528,1.014929828909254,1589.8070966014743,0.9935424323889064
1589.8793195217568,1.0026255061018714,1589.8793195217568,0.9987934978288868,1589.8765417172212,1.0138733255693644,1589.8084855037428,0.9997148400433464
1589.8807084240257,1.0076551670433032,1589.8807084240257,0.998796666986037,1589.8779306194888,0.9989699123187716,1589.8098744060117,0.9983379046158548
1589.882097326294,1.0001730737800196,1589.882097326294,0.9987958168856802,1589.8793195217568,1.001415836251946,1589.8112633087462,1.00570968772909
1589.883486228562,0.9995028526094951,1589.883486228562,0.9987341108235541,1589.8807084240257,1.0064426223141094,1589.8126522110142,0.9918269214062811
1589.88487513083,1.0036971389500844,1589.88487513083,0.9986786056088024,1589.882097326294,0.9989686822531764,1589.8140411132829,0.9988481358248272
1589.8862640326329,1.0080328719690397,1589.8862640326329,0.9987340780867866,1589.883486228562,0.99823759276655,1589.8154300155506,1.0022377045795128
1589.8876529349018,0.988790570140388,1589.8876529349018,0.998676182301948,1589.88487513083,1.0023708591802147,1589.8168189178182,1.011498068904646
1589.889041837171,0.9789083511474304,1589.889041837171,0.9986879444465506,1589.8862640326329,1.0067567810671747,1589.8182078205523,1.0040660125772365
1589.890430739439,1.0015219527873251,1589.890430739439,0.9986828589042782,1589.8876529349018,0.9874815916839692,1589.8195967228212,0.9984590045737222
1589.8918196417071,1.0072140997740837,1589.8918196417071,0.998684300102589,1589.889041837171,0.9776239690089894,1589.8209856250892,0.9933266788834731
1589.893208543975,1.0021486421796966,1589.893208543975,0.9987088124476645,1589.890430739439,1.0002028070650415,1589.8223745273576,1.0054298478061363
1589.894597446244,0.9943074450528054,1589.894597446244,0.9986758264893749,1589.8918196417071,1.00588890828634,1589.8237634296256,1.0012195792861998
1589.895986348513,0.9985159516624871,1589.895986348513,0.9987020200687494,1589.893208543975,1.0008546803273242,1589.8251523318943,1.0031357139674348
1589.8973752507804,1.013259016008946,1589.8973752507804,0.9986900807615119,1589.894597446244,0.9929908094726492,1589.826541234629,1.0024164331105243
1589.898764153048,0.9962028890736541,1589.898764153048,0.9987418379690363,1589.895986348513,0.9972198979961956,1589.827930136897,1.0038795346329734
1589.9001530548508,1.0021965227669547,1589.9001530548508,0.9986022461133047,1589.8973752507804,1.0119317285303044,1589.8293190391655,0.9992279800806868
1589.9015419571188,1.0006911347369967,1589.9015419571188,0.998463611233374,1589.898764153048,0.9949495044234852,1589.8307079414335,0.994779140338522
1589.9029308593877,0.9864455421240494,1589.9029308593877,0.9983519724986878,1589.9001530548508,1.0007956986820248,1589.832096843702,1.0078287217302866
1589.9043197616566,1.0119341086524645,1589.9043197616566,0.998360289998156,1589.9015419571188,0.9991536841187246,1589.8334857459708,1.0011812012396233
1589.9057086639243,1.0061798290799178,1589.9057086639243,0.9983535123878742,1589.9029308593877,0.9848198527420822,1589.8348746487054,1.0102852857308608
1589.907097566193,1.007466099734324,1589.907097566193,0.9983332189643249,1589.9043197616566,1.0102748301733,1589.836263550973,0.9958320149849051
1589.908486467995,1.0033602185580888,1589.908486467995,0.9983089736197162,1589.9057086639243,1.0045231664557668,1589.8376524532405,0.9958033544565322
1589.9098753702642,1.0040389507136944,1589.9098753702642,0.9983122786794514,1589.907097566193,1.0057868743452014,1589.8390413555085,0.9962854786666496
1589.9112642725331,1.0129796522723493,1589.9112642725331,0.9982298780871697,1589.908486467995,1.0016635099595796,1589.8404302577774,0.9957390220258928
1589.9126531748016,1.0019699750552513,1589.9126531748016,0.9982614732089073,1589.9098753702642,1.0023444127699137,1589.8418191600465,0.9983382121322538
1589.9140420770696,1.005398581854264,1589.9140420770696,0.9982981884117074,1589.9112642725331,1.0111865547926109,1589.8432080623145,0.9961935312633932
1589.915430979338,0.99785261758326,1589.915430979338,0.9982569088166755,1589.9126531748016,1.0002280234097474,1589.8445969645827,1.018756255460146
1589.9168198811403,0.992528533512804,1589.9168198811403,0.9982968748219229,1589.9140420770696,1.0036875828968113,1589.8459858668507,0.9972436382621866
1589.9182087834088,0.9999372788758333,1589.9182087834088,0.9983308378323147,1589.915430979338,0.9961132694832934,1589.8473747691191,1.007489469639075
1589.9195976856768,0.9996185926745852,1589.9195976856768,0.9982780456790051,1589.9168198811403,0.9908381331774184,1589.8487636718537,1.00481647559699
1589.920986587945,1.006934735461431,1589.920986587945,0.998262012753333,1589.9182087834088,0.9982682213998756,1589.8501525741226,0.9845184866712092
1589.9223754897475,0.99211231280328,1589.9223754897475,0.9982232856559413,1589.9195976856768,0.9978972951195824,1589.8515414763906,0.9961511555036318
1589.9237643920155,1.0086565055229315,1589.9237643920155,0.9982589570504147,1589.920986587945,1.005184695732973,1589.852930378659,1.0102788893897647
1589.9251532942844,1.0005388484443352,1589.9251532942844,0.998186765853113,1589.9223754897475,0.9903496126262052,1589.854319280927,0.9899956612511286
1589.926542196553,0.9940872611114807,1589.926542196553,0.998090439369406,1589.9237643920155,1.0069003912254375,1589.8557081831957,0.9998131222844188
1589.9279310988218,1.0038183829977936,1589.9279310988218,0.9979760462617081,1589.9251532942844,0.9987246372390488,1589.8570970854637,0.9903929109351632
1589.929320000624,0.9947426252114283,1589.929320000624,0.9979804213667121,1589.926542196553,0.9921889912142872,1589.858485987732,1.006144208400665
1589.9307089028923,1.0071507934784223,1589.9307089028923,0.9980657541084308,1589.9279310988218,1.0017867010289592,1589.85987489,0.9900318251796334
1589.9320978051603,0.9902229019482403,1589.9320978051603,0.9981847092885215,1589.929320000624,0.9927336642599306,1589.8612637922683,0.975618531565528
1589.9334867074294,0.9777288434249833,1589.9334867074294,0.9982257117146075,1589.9307089028923,1.005202716193946,1589.8626526945363,0.997288781669538
1589.934875609233,0.9935594304723772,1589.934875609233,0.9982912348663242,1589.9320978051603,0.9884253595120404,1589.8640415968052,0.9819014606137147
1589.9362645115011,1.0006886910136,1589.9362645115011,0.9982340344286121,1589.9334867074294,0.975994070591804,1589.865430499074,1.0116668339043349
1589.937653413769,0.9917719068126687,1589.937653413769,0.9983472462370904,1589.934875609233,0.9918616707593512,1589.866819401342,1.006835874284959
1589.939042315571,0.9968516986465756,1589.939042315571,0.9982821350384163,1589.9362645115011,0.9989215092375928,1589.8682083036106,1.0068338446767269
1589.9404312178394,1.0022148752526518,1589.9404312178394,0.9983047996669648,1589.937653413769,0.990132752061736,1589.8695972058786,0.9931009003434372
1589.941820120108,0.9846198892778304,1589.941820120108,0.9981758184043978,1589.939042315571,0.9951392420415756,1589.870986108147,1.0157330617430502
1589.943209021911,0.99153624652942,1589.943209021911,0.9980494074028764,1589.9404312178394,1.0005159202623508,1589.872375010416,1.0099954822765844
1589.9445979241789,0.9985332413777528,1589.9445979241789,0.9981200370977148,1589.941820120108,0.982823763797146,1589.8737639126848,0.992243360113604
1589.945986826447,0.9995065065085234,1589.945986826447,0.99812287652536,1589.943209021911,0.98960216326716,1589.8751528149528,1.014929828909254
1589.947375728715,1.003214040894884,1589.947375728715,0.998052512865815,1589.9445979241789,0.996656035927264,1589.8765417172212,1.0138733255693644
1589.9487646305183,0.9908851808851655,1589.9487646305183,0.99795259337373,1589.945986826447,0.9976303093821008,1589.8779306194888,0.9989699123187716
1589.95154243459,0.9961224214249459,1589.95154243459,0.9978654437492389,1589.947375728715,1.0012602944574074,1589.8793195217568,1.001415836251946
1589.952931336858,1.0002008355522485,1589.952931336858,0.9978210108044083,1589.9487646305183,0.9888564359999484,1589.8807084240257,1.0064426223141094
1589.9543202391264,0.9960164901143941,1589.9543202391264,0.9978914829168694,1589.95154243459,0.99399614208377,1589.882097326294,0.9989686822531764
1589.9557091409297,0.9991463369381053,1589.9557091409297,0.9979557592763689,1589.952931336858,0.9980214087381584,1589.883486228562,0.99823759276655
1589.9570980431986,1.0126729019333687,1589.9570980431986,0.9978904206903444,1589.9543202391264,0.993916372329908,1589.88487513083,1.0023708591802147
1589.958486945466,0.9956634728924123,1589.958486945466,0.9978072708512534,1589.9557091409297,0.9971038413072696,1589.8862640326329,1.0067567810671747
1589.9598758472678,0.9873638760510558,1589.9598758472678,0.9977497580373867,1589.9570980431986,1.0105365881320012,1589.8876529349018,0.9874815916839692
1589.961264749536,1.0114674150226677,1589.961264749536,0.9977996993278766,1589.958486945466,0.9934802525730588,1589.889041837171,0.9776239690089894
1589.962653651804,0.9983204030397965,1589.962653651804,0.9977466444513257,1589.9598758472678,0.9851420684247972,1589.890430739439,1.0002028070650415
1589.9640425536072,1.004269190791151,1589.9640425536072,0.9977923218890766,1589.961264749536,1.0092418825895624,1589.8918196417071,1.00588890828634
1589.965431455876,0.997522039548116,1589.965431455876,0.9978112956101146,1589.962653651804,0.996070832220252,1589.893208543975,1.0008546803273242
1589.966820357679,1.002809231405785,1589.966820357679,0.9978715925206268,1589.9640425536072,1.0020520876811667,1589.894597446244,0.9929908094726492
1589.968209259947,0.9972335789922195,1589.968209259947,0.9979545579045289,1589.965431455876,0.9953387586811496,1589.895986348513,0.9972198979961956
1589.969598162215,1.0116369878519198,1589.969598162215,0.9979154503835356,1589.966820357679,1.0006748447372766,1589.8973752507804,1.0119317285303044
1589.9709870640186,1.0017948747310823,1589.9709870640186,0.9978679471021046,1589.968209259947,0.9951937954507316,1589.898764153048,0.9949495044234852
1589.9723759662877,0.9933463869849658,1589.9723759662877,0.9978534333176716,1589.969598162215,1.0095281803568918,1589.9001530548508,1.0007956986820248
1589.9737648680898,1.0112035882378283,1589.9737648680898,0.9978532954971143,1589.9709870640186,0.9996589950653152,1589.9015419571188,0.9991536841187246
1589.9751537703582,1.0047544116990614,1589.9751537703582,0.9978640055381243,1589.9723759662877,0.9912141027266526,1589.9029308593877,0.9848198527420822
1589.9765426721606,0.9829389280639863,1589.9765426721606,0.9979267483046739,1589.9737648680898,1.009032832941624,1589.9043197616566,1.0102748301733
1589.977931574429,0.9927361244523556,1589.977931574429,0.9978345462141595,1589.9751537703582,1.002608261840127,1589.9057086639243,1.0045231664557668
1589.9793204762314,0.9827861685583305,1589.9793204762314,0.9979511930408337,1589.9765426721606,0.9809010482649756,1589.907097566193,1.0057868743452014
1589.9807093784996,0.9997259054600016,1589.9807093784996,0.9979903266929753,1589.977931574429,0.9905864002533196,1589.908486467995,1.0016635099595796
1589.9820982807678,1.0017537259449123,1589.9820982807678,0.9981041743087732,1589.9793204762314,0.9807726294168158,1589.9098753702642,1.0023444127699137
1589.98348718257,0.988692742293902,1589.98348718257,0.9980954523507763,1589.9807093784996,0.9977167829934576,1589.9112642725331,1.0111865547926109
1589.9848760848386,1.0080207443139457,1589.9848760848386,0.9982322959366009,1589.9820982807678,0.9998545754949838,1589.9126531748016,1.0002280234097474
1589.9862649866418,0.9983990946158081,1589.9862649866418,0.9982820520250286,1589.98348718257,0.9868097298557617,1589.9140420770696,1.0036875828968113
1589.9876538889107,0.9968446529336873,1589.9876538889107,0.9982346499163641,1589.9848760848386,1.0062388619482314,1589.915430979338,0.9961132694832934
1589.989042790713,0.9865146357663088,1589.989042790713,0.9982768128945124,1589.9862649866418,0.9966838969129996,1589.9168198811403,0.9908381331774184
1589.9904316929817,0.9913203941144041,1589.9904316929817,0.9982565501573581,1589.9876538889107,0.9950848731422588,1589.9182087834088,0.9982682213998756
1589.9918205947838,1.0007903291056996,1589.9918205947838,0.9981944179321228,1589.989042790713,0.9848146864665815,1589.9195976856768,0.9978972951195824
1589.9932094970522,1.0044353015389103,1589.9932094970522,0.9981291647417514,1589.9904316929817,0.9895920767292776,1589.920986587945,1.005184695732973
1589.9945983988555,0.998054705867811,1589.9945983988555,0.998149802494537,1589.9918205947838,0.9989833200337616,1589.9223754897475,0.9903496126262052
1589.9959873011244,0.9993531481256998,1589.9959873011244,0.9981567140639644,1589.9932094970522,1.0025561685621618,1589.9237643920155,1.0069003912254375
1589.9973762029267,1.012676471655722,1589.9973762029267,0.9980233102936771,1589.9945983988555,0.9962081075406988,1589.9251532942844,0.9987246372390488
1589.9987651047286,0.9961471057126382,1589.9987651047286,0.9980611945708281,1589.9959873011244,0.9975110545226268,1589.926542196553,0.9921889912142872
1590.000154006996,0.9946516535798993,1590.000154006996,0.9980624841855756,1589.9973762029267,1.0106747244983647,1589.9279310988218,1.0017867010289592
1590.0015429087994,0.9970444581110317,1590.0015429087994,0.9980055523127705,1589.9987651047286,0.9942157702958286,1589.929320000624,0.9927336642599306
1590.0029318110685,1.0073632537204067,1590.0029318110685,0.9980171692573321,1590.000154006996,0.9927245002712448,1589.9307089028923,1.005202716193946
1590.0043207128706,0.9945070053941896,1590.0043207128706,0.997929541611168,1590.0015429087994,0.9950559050974872,1589.9320978051603,0.9884253595120404
1590.005709615139,0.9922972083367955,1590.005709615139,0.9978113042641004,1590.0029318110685,1.0053658228918958,1589.9334867074294,0.975994070591804
1590.0070985169414,0.992631976697168,1590.0070985169414,0.9978437597737928,1590.0043207128706,0.992447920022119,1589.934875609233,0.9918616707593512
1590.0084874192098,0.9925465921784871,1590.0084874192098,0.9978332442060829,1590.005709615139,0.9901253716681636,1589.9362645115011,0.9989215092375928
1590.009876321013,1.0108539857479533,1590.009876321013,0.9978233661301701,1590.0070985169414,0.990491623699194,1589.937653413769,0.990132752061736
1590.0112652228163,0.9856298559638937,1590.0112652228163,0.9977899749346318,1590.0084874192098,0.9903959860991516,1589.939042315571,0.9951392420415756
1590.0126541250845,0.9974067476755111,1590.0126541250845,0.9979033872232081,1590.009876321013,1.0086537267251217,1589.9404312178394,1.0005159202623508
1590.014043026887,0.9861888045006822,1590.014043026887,0.9978951825043603,1590.0112652228163,0.9834515892770384,1589.941820120108,0.982823763797146
1590.015431929155,0.9934260163681246,1590.015431929155,0.9978208104108623,1590.0126541250845,0.9953155719446762,1589.943209021911,0.98960216326716
1590.0168208309578,0.9993633006883655,1590.0168208309578,0.9977954740029885,1590.014043026887,0.9841130570509652,1589.9445979241789,0.996656035927264
1590.018209732761,0.9998503023648804,1590.018209732761,0.997788163363115,1590.015431929155,0.9912611527356766,1589.945986826447,0.9976303093821008
1590.019598635029,1.0055521275760264,1590.019598635029,0.9978239070085408,1590.0168208309578,0.9971601783115388,1589.947375728715,1.0012602944574074
1590.020987536831,0.9991585261350368,1590.020987536831,0.9978284152039316,1590.018209732761,0.9976387968347092,1589.9487646305183,0.9888564359999484
1590.022376439099,1.0063787465445784,1590.022376439099,0.9977782555736731,1590.019598635029,1.0033639526386613,1589.9501535327872,1.0229671390128805
1590.0237653409015,0.9916118435035685,1590.0237653409015,0.9978621734626864,1590.020987536831,0.9969887686708198,1589.95154243459,0.99399614208377
1590.025154242705,0.9892102001338431,1590.025154242705,0.9978840929000652,1590.022376439099,1.004142830173669,1589.952931336858,0.9980214087381584
1590.026543144974,0.9911869369912419,1590.026543144974,0.997805330018738,1590.0237653409015,0.989491949389812,1589.9543202391264,0.993916372329908
1590.0279320467762,1.0087138446488855,1590.0279320467762,0.9979461908784222,1590.025154242705,0.987117123248052,1589.9557091409297,0.9971038413072696
1590.029320948579,0.9960943092010545,1590.029320948579,0.9979013240131951,1590.026543144974,0.9890116087748082,1589.9570980431986,1.0105365881320012
1590.030709850847,0.9914794349459132,1590.030709850847,0.9979053021692575,1590.0279320467762,1.0066421389536837,1589.958486945466,0.9934802525730588
1590.0320987526495,0.9974655386543931,1590.0320987526495,0.9977904333493782,1590.029320948579,0.9940038299937412,1589.9598758472678,0.9851420684247972
1590.033487654453,1.0024286550495742,1590.033487654453,0.9977538986499096,1590.030709850847,0.9894025851243062,1589.961264749536,1.0092418825895624
1590.034876556722,0.9988489645405682,1590.034876556722,0.9976650788810137,1590.0320987526495,0.995261572065038,1589.962653651804,0.996070832220252
1590.0362654585242,0.9953750136871716,1590.0362654585242,0.997650317958667,1590.033487654453,1.000177098694098,1589.9640425536072,1.0020520876811667
1590.037654360327,0.9973920442785204,1590.037654360327,0.9976965390577985,1590.034876556722,0.9965167309985848,1589.965431455876,0.9953387586811496
1590.0390432625943,1.0012757615493253,1590.0390432625943,0.9977042140253716,1590.0362654585242,0.9930361988931192,1589.966820357679,1.0006748447372766
1590.0404321643969,1.0060168628637562,1590.0404321643969,0.9976652101007276,1590.037654360327,0.9950945906604624,1589.968209259947,0.9951937954507316
1590.0418210662,1.0002105751911299,1590.0418210662,0.9977836852753085,1590.0390432625943,0.998977046699225,1589.969598162215,1.0095281803568918
1590.0432099680024,0.9966911368128598,1590.0432099680024,0.997852289354064,1590.0404321643969,1.0036680248538443,1589.9709870640186,0.9996589950653152
1590.0445988702709,1.0172539741994087,1590.0445988702709,0.9979228348236562,1590.0418210662,0.9979937937655416,1589.9723759662877,0.9912141027266526
1590.0459877720732,0.9968532483031068,1590.0459877720732,0.9979377305629362,1590.0432099680024,0.9945505326476168,1589.9737648680898,1.009032832941624
1590.047376673876,1.0170775091225537,1590.047376673876,0.9980625362866766,1590.0445988702709,1.0151409696687044,1589.9751537703582,1.002608261840127
1590.0487655756792,1.0003267393494206,1590.0487655756792,0.9980689327689913,1590.0459877720732,0.9947974683158936,1589.9765426721606,0.9809010482649756
1590.050154477948,0.9875387771210032,1590.050154477948,0.9980838638042664,1590.047376673876,1.0151069583549914,1589.977931574429,0.9905864002533196
1590.0515433797505,0.9934517847402746,1590.0515433797505,0.9980723414690434,1590.0487655756792,0.9983950411627612,1589.9793204762314,0.9807726294168158
1590.0529322815532,0.9949906607937715,1590.0529322815532,0.9980955949666468,1590.050154477948,0.9856465183254712,1589.9807093784996,0.9977167829934576
1590.0543211833556,1.0068598798675272,1590.0543211833556,0.9980929305693156,1590.0515433797505,0.991536748932326,1589.9820982807678,0.9998545754949838
1590.0557100856245,1.0115001528922165,1590.0557100856245,0.9980084320344534,1590.0529322815532,0.9930957955712164,1589.98348718257,0.9868097298557617
1590.0570989874277,1.006685961868586,1590.0570989874277,0.9980668059038222,1590.0543211833556,1.0049397281696493,1589.9848760848386,1.0062388619482314
1590.0584878892305,1.0091313557207082,1590.0584878892305,0.9981413732373625,1590.0557100856245,1.0094856815905708,1589.9862649866418,0.9966838969129996
1590.059876791032,1.0002352874698288,1590.059876791032,0.9982027368360359,1590.0570989874277,1.0047398425103966,1589.9876538889107,0.9950848731422588
1590.0612656932994,1.0068766070296502,1590.0612656932994,0.9981432354713571,1590.0584878892305,1.007255757175949,1589.989042790713,0.9848146864665815
1590.0626545951022,0.9934273485055838,1590.0626545951022,0.9982377995621577,1590.059876791032,0.9984376014323622,1589.9904316929817,0.9895920767292776
1590.0640434969057,1.0075479128210643,1590.0640434969057,0.9982824922529273,1590.0612656932994,1.0050070742609971,1589.9918205947838,0.9989833200337616
1590.0654323987087,0.9932263514751245,1590.0654323987087,0.9982920012096604,1590.0626545951022,0.9916767303970828,1589.9932094970522,1.0025561685621618
1590.066821300511,0.9884109983276108,1590.066821300511,0.9983212792376047,1590.0640434969057,1.0058174414752472,1589.9945983988555,0.9962081075406988
1590.0682102023138,1.0115112150608783,1590.0682102023138,0.9984112235921621,1590.0654323987087,0.9915299220682716,1589.9959873011244,0.9975110545226268
1590.0695991045818,0.9953189663884849,1590.0695991045818,0.9983594582308015,1590.066821300511,0.9867517322629384,1589.9973762029267,1.0106747244983647
1590.070988006385,0.998573283468633,1590.070988006385,0.9983213273187046,1590.0682102023138,1.009904149906126,1589.9987651047286,0.9942157702958286
1590.0723769081883,0.9901108054073112,1590.0723769081883,0.9982918808740063,1590.0695991045818,0.9936861040504492,1590.000154006996,0.9927245002712448
1590.073765809991,1.0022408321758562,1590.073765809991,0.9983042887453801,1590.070988006385,0.9968970057774028,1590.0015429087994,0.9950559050974872
1590.0751547117934,0.9970540473624301,1590.0751547117934,0.9983368869099517,1590.0723769081883,0.988419578203742,1590.0029318110685,1.0053658228918958
1590.0765436135962,1.0012404287199859,1590.0765436135962,0.9983732881432924,1590.073765809991,1.000541321116896,1590.0043207128706,0.992447920022119
1590.0779325158642,1.0101776012859436,1590.0779325158642,0.9983980830797186,1590.0751547117934,0.995395833724776,1590.005709615139,0.9901253716681636
1590.0793214176665,1.0030204474085191,1590.0793214176665,0.9985002306671266,1590.0765436135962,0.999611699043172,1590.0070985169414,0.990491623699194
1590.0807103194693,1.000519962967241,1590.0807103194693,0.9985181274649989,1590.0779325158642,1.0085593806939543,1590.0084874192098,0.9903959860991516
1590.0820992212716,0.9931195256443172,1590.0820992212716,0.9984010555159898,1590.0793214176665,1.001516148101251,1590.009876321013,1.0086537267251217
1590.0834881230744,1.0023276149870834,1590.0834881230744,0.9984570986978303,1590.0807103194693,0.9990373199133996,1590.0112652228163,0.9834515892770384
1590.0848770248767,1.0019034408185774,1590.0848770248767,0.9985329190539183,1590.0820992212716,0.9915315826568254,1590.0126541250845,0.9953155719446762
1590.08626592668,0.9878119892637346,1590.08626592668,0.9985304871921481,1590.0834881230744,1.0007811224047192,1590.014043026887,0.9841130570509652
1590.0876548284832,1.0027198026562283,1590.0876548284832,0.998584380641601,1590.0848770248767,1.0004335673707387,1590.015431929155,0.9912611527356766
1590.0890437307517,0.9992617365642721,1590.0890437307517,0.99852880979473,1590.08626592668,0.9863603868937618,1590.0168208309578,0.9971601783115388
1590.090432632554,1.0077060878389714,1590.090432632554,0.9984858908450648,1590.0876548284832,1.001300333092538,1590.018209732761,0.9976387968347092
1590.0918215343568,1.008411368789978,1590.0918215343568,0.998509371577382,1590.0890437307517,0.9977916324849376,1590.019598635029,1.0033639526386613
1590.093210436159,1.0003143118147864,1590.093210436159,0.9985347150893588,1590.090432632554,1.0061803108258904,1590.020987536831,0.9969887686708198
1590.0945993379623,0.9929818300219646,1590.0945993379623,0.9984490731783388,1590.0918215343568,1.0069082021419686,1590.022376439099,1.004142830173669
1590.0959882397656,1.0062361420990373,1590.0959882397656,0.9984092494918028,1590.093210436159,0.9988485663477856,1590.0237653409015,0.989491949389812
1590.0973771415684,1.0062781280688369,1590.0973771415684,0.9985251580775079,1590.0945993379623,0.9914417878683612,1590.025154242705,0.987117123248052
1590.09876604337,0.9906593622048091,1590.09876604337,0.9984519367592363,1590.0959882397656,1.0046354714446268,1590.026543144974,0.9890116087748082
1590.1001549451717,1.0059659024603118,1590.1001549451717,0.9983881515948093,1590.0973771415684,1.004794026899874,1590.0279320467762,1.0066421389536837
1590.101543846975,0.9968608646913112,1590.101543846975,0.9985042578089978,1590.09876604337,0.9891257588620614,1590.029320948579,0.9940038299937412
1590.102932748778,1.0063104583839595,1590.102932748778,0.9986217304325776,1590.1001549451717,1.004344437924755,1590.030709850847,0.9894025851243062
1590.104321650581,1.0075388560462584,1590.104321650581,0.998751120250309,1590.101543846975,0.9953698178374334,1590.0320987526495,0.995261572065038
1590.1057105523832,1.0070574912223897,1590.1057105523832,0.998737432634991,1590.102932748778,1.00492349130379,1590.033487654453,1.000177098694098
1590.107099454186,1.0053308686220948,1590.107099454186,0.9986636665814846,1590.104321650581,1.0062805611719154,1590.034876556722,0.9965167309985848
1590.1084883559884,1.012094642849844,1590.1084883559884,0.9987530420784008,1590.1057105523832,1.0057860132992846,1590.0362654585242,0.9930361988931192
1590.1098772577916,1.0002534269608196,1590.1098772577916,0.9986803483483558,1590.107099454186,1.00398741138569,1590.037654360327,0.9950945906604624
1590.1112661595948,0.9927711826157382,1590.1112661595948,0.9986669345843096,1590.1084883559884,1.0108326034175343,1590.0390432625943,0.998977046699225
1590.1126550613976,0.9962125583892228,1590.1126550613976,0.9986350316372093,1590.1098772577916,0.9989334408738682,1590.0404321643969,1.0036680248538443
1590.1140439632,1.0064380511876287,1590.1140439632,0.9986818191516349,1590.1112661595948,0.991447753686499,1590.0418210662,0.9979937937655416
1590.1154328650027,0.9992395081670078,1590.1154328650027,0.9988166725625655,1590.1126550613976,0.9948527597644068,1590.0432099680024,0.9945505326476168
1590.116821766806,0.9989474558988166,1590.116821766806,0.9987881015873202,1590.1140439632,1.0051113838234873,1590.0445988702709,1.0151409696687044
1590.118210668609,0.9968842350032814,1590.118210668609,0.9988169666484322,1590.1154328650027,0.9980570806404252,1590.0459877720732,0.9947974683158936
1590.1195995704106,1.009065616023598,1590.1195995704106,0.9987878101854833,1590.116821766806,0.9977368330626624,1590.047376673876,1.0151069583549914
1590.1209884722125,0.9907745306321428,1590.1209884722125,0.9988420432789035,1590.118210668609,0.9957048877056204,1590.0487655756792,0.9983950411627612
1590.1223773740153,0.998204359035635,1590.1223773740153,0.9988427278105688,1590.1195995704106,1.0078424369616752,1590.050154477948,0.9856465183254712
1590.1237662758176,1.008241304464017,1590.1237662758176,0.998921186593973,1590.1209884722125,0.989627256605306,1590.0515433797505,0.991536748932326
1590.1251551776209,0.9991682914531531,1590.1251551776209,0.9989942303474983,1590.1223773740153,0.997049164891554,1590.0529322815532,0.9930957955712164
1590.126544079424,1.0013007905865396,1590.126544079424,0.9990393113880565,1590.1237662758176,1.007153600228251,1590.0543211833556,1.0049397281696493
1590.1279329812269,0.9923752595566742,1590.1279329812269,0.9989678178464556,1590.1251551776209,0.9981633583078676,1590.0557100856245,1.0094856815905708
1590.1293218830292,0.9911516973458961,1590.1293218830292,0.9990129748868394,1590.126544079424,1.000338852319893,1590.0570989874277,1.0047398425103966
1590.130710784832,1.004070351302062,1590.130710784832,0.9990649250227202,1590.1279329812269,0.9913509475241408,1590.0584878892305,1.007255757175949
1590.1320996866352,0.9978233413866711,1590.1320996866352,0.9991570731725536,1590.1293218830292,0.990173405729664,1590.059876791032,0.9984376014323622
1590.1334885884385,1.0018913958377986,1590.1334885884385,0.9991832274761411,1590.130710784832,1.0031314702411307,1590.0612656932994,1.0050070742609971
1590.1348774897751,1.0012732943289198,1590.1348774897751,0.9991251615368882,1590.1320996866352,0.996982249323164,1590.0626545951022,0.9916767303970828
1590.136266391578,1.0045033448259881,1590.136266391578,0.9991259942044528,1590.1334885884385,1.0010730784737876,1590.0640434969057,1.0058174414752472
1590.1376552933802,0.9927513069335905,1590.1376552933802,0.9990927166166317,1590.1348774897751,1.0003973419389542,1590.0654323987087,0.9915299220682716
1590.139044195182,0.9917409589841948,1590.139044195182,0.9992274539917035,1590.136266391578,1.0036254030809637,1590.066821300511,0.9867517322629384
1590.1404330969845,1.0022135501711482,1590.1404330969845,0.9993081271385785,1590.1376552933802,0.9918506001689924,1590.0682102023138,1.009904149906126
1590.1418219987877,1.0005533997031266,1590.1418219987877,0.999398130518768,1590.139044195182,0.9909747934650674,1590.0695991045818,0.9936861040504492
1590.1432109005905,0.9980689950322236,1590.1432109005905,0.9993561877728308,1590.1404330969845,1.0015201458144358,1590.070988006385,0.9968970057774028
1590.14598870373,1.0002539641136658,1590.14598870373,0.9993564222964327,1590.1418219987877,0.9999511971475024,1590.0723769081883,0.988419578203742
1590.1473776055332,1.0148269639558245,1590.1473776055332,0.9992545326428376,1590.1432109005905,0.9974264260096632,1590.073765809991,1.000541321116896
1590.1487665073364,1.0052478170059826,1590.1487665073364,0.9992545983659675,1590.14598870373,0.9996102229644576,1590.0751547117934,0.995395833724776
1590.1501554091387,0.9878059338696261,1590.1501554091387,0.999384623755989,1590.1473776055332,1.0140704435810273,1590.0765436135962,0.999611699043172
1590.1515443109415,1.012108936993604,1590.1515443109415,0.9993822207930684,1590.1487665073364,1.004498503640579,1590.0779325158642,1.0085593806939543
1590.1529332127438,1.0015270103477598,1590.1529332127438,0.9993778840841013,1590.1501554091387,0.9871980615642296,1590.0793214176665,1.001516148101251
1590.154322114081,1.0058160186422898,1590.154322114081,0.9994179437871766,1590.1515443109415,1.0114836771371798,1590.0807103194693,0.9990373199133996
1590.1557110158842,0.9902709468134409,1590.1557110158842,0.9994733934253955,1590.1529332127438,1.00090394445442,1590.0820992212716,0.9915315826568254
1590.1570999176872,0.9975843188341506,1590.1570999176872,0.9995429582145139,1590.154322114081,1.0052305771796817,1590.0834881230744,1.0007811224047192
1590.1584888194898,0.9911797768287097,1590.1584888194898,0.9996080956691439,1590.1557110158842,0.9897494636222092,1590.0848770248767,1.0004335673707387
1590.1598777212917,1.0054977055396166,1590.1598777212917,0.9996398291859002,1590.1570999176872,0.9971283811158976,1590.08626592668,0.9863603868937618
1590.1612666230935,1.014045900767692,1590.1612666230935,0.9996229940064308,1590.1584888194898,0.9907913291815136,1590.0876548284832,1.001300333092538
1590.1626555244302,1.0053114381198902,1590.1626555244302,0.9996810319510224,1590.1598777212917,1.005135554612437,1590.0890437307517,0.9977916324849376
1590.1640444262334,0.9909052126013494,1590.1640444262334,0.9996601997868606,1590.1612666230935,1.0136635993853484,1590.090432632554,1.0061803108258904
1590.165433328037,1.0140174330652358,1590.165433328037,0.9996270996305721,1590.1626555244302,1.0049907758918584,1590.0918215343568,1.0069082021419686
1590.1668222298397,1.0101142226296091,1590.1668222298397,0.9995716181531189,1590.1640444262334,0.9905685027989066,1590.093210436159,0.9988485663477856
1590.168211131176,1.0090956097210075,1590.168211131176,0.9995617342783933,1590.165433328037,1.0136393055898394,1590.0945993379623,0.9914417878683612
1590.169600032979,1.0091975836099694,1590.169600032979,0.9994303236051406,1590.1668222298397,1.0096815080333583,1590.0959882397656,1.0046354714446268
1590.170988934782,1.0094016103719452,1590.170988934782,0.9994660019330402,1590.168211131176,1.008653357705443,1590.0973771415684,1.004794026899874
1590.1723778365854,1.015924617023495,1590.1723778365854,0.999372416954316,1590.169600032979,1.0086226675688377,1590.09876604337,0.9891257588620614
1590.173766737922,1.0012140691179696,1590.173766737922,0.9993380806493709,1590.170988934782,1.0088625918632206,1590.1001549451717,1.004344437924755
1590.1751556397248,0.9907659278217437,1590.1751556397248,0.9994660805451392,1590.1723778365854,1.0152870399581582,1590.101543846975,0.9953698178374334
1590.1765445415272,1.0056812427156325,1590.1765445415272,0.9995206297070715,1590.173766737922,1.0005513461514983,1590.102932748778,1.00492349130379
1590.1779334433295,0.9927445882817534,1590.1779334433295,0.9995928701123701,1590.1751556397248,0.9902369386176664,1590.104321650581,1.0062805611719154
1590.1793223446666,0.9947718154769285,1590.1793223446666,0.9995126893702613,1590.1765445415272,1.005199149003719,1590.1057105523832,1.0057860132992846
1590.180711246469,0.9977274068054278,1590.180711246469,0.9994896708316188,1590.1779334433295,0.992340412289081,1590.107099454186,1.00398741138569
1590.1821001482715,1.003283859788273,1590.1821001482715,0.9995013239813239,1590.1793223446666,0.994287052597082,1590.1084883559884,1.0108326034175343
1590.1834890496084,1.0001065325190117,1590.1834890496084,0.9993793969281591,1590.180711246469,0.9972182374076416,1590.1098772577916,0.9989334408738682
1590.1848779514112,0.9788782239664916,1590.1848779514112,0.9994347590288389,1590.1821001482715,1.0027835461874717,1590.1112661595948,0.991447753686499
1590.1862668532144,1.0222545394374178,1590.1862668532144,0.9993322579653245,1590.1834890496084,0.9994858633327623,1590.1126550613976,0.9948527597644068
1590.1876557550177,1.0013802030946966,1590.1876557550177,0.9994248383830598,1590.1848779514112,0.9783249218885284,1590.1140439632,1.0051113838234873
1590.1890446563543,1.0023987724876393,1590.1890446563543,0.9993076669222055,1590.1862668532144,1.0215719371112977,1590.1154328650027,0.9980570806404252
1590.190433558157,0.993453242957811,1590.190433558157,0.9994083494381847,1590.1876557550177,1.0008042476379126,1590.116821766806,0.9977368330626624
1590.1918224599594,1.0033505892142953,1590.1918224599594,0.999453791606577,1590.1890446563543,1.0017047786603055,1590.118210668609,0.9957048877056204
1590.1932113612966,0.9866289368039316,1590.1932113612966,0.9993925633777634,1590.190433558157,0.9928654657884778,1590.1195995704106,1.0078424369616752
1590.1946002630998,0.9932523641475327,1590.1946002630998,0.999483720762966,1590.1918224599594,1.0028025507009206,1590.1209884722125,0.989627256605306
1590.195989164903,0.9980942636030373,1590.195989164903,0.9994967702124444,1590.1932113612966,0.9860296222551586,1590.1223773740153,0.997049164891554
1590.1973780662397,0.9917478290763554,1590.1973780662397,0.999584374316946,1590.1946002630998,0.9927395685747884,1590.1237662758176,1.007153600228251
1590.1987669680416,1.0032430913204604,1590.1987669680416,0.9996380044909045,1590.195989164903,0.997591992838804,1590.1251551776209,0.9981633583078676
1590.2001558693778,0.99902869586611,1590.2001558693778,0.9996210928670729,1590.1973780662397,0.9913356332074782,1590.126544079424,1.000338852319893
1590.201544771181,1.0017052760680392,1590.201544771181,0.9996256474961125,1590.1987669680416,1.0028799218268714,1590.1279329812269,0.9913509475241408
1590.2029336729845,1.0078746353380343,1590.2029336729845,0.9995774465838958,1590.2001558693778,0.9986501567672474,1590.1293218830292,0.990173405729664
1590.204322574321,0.9995464889076413,1590.204322574321,0.9995871424162237,1590.201544771181,1.0013302851897858,1590.130710784832,1.0031314702411307
1590.2057114761235,0.9937946720004921,1590.2057114761235,0.999529765459498,1590.2029336729845,1.0074487544678674,1590.1320996866352,0.996982249323164
1590.207100377926,1.0005040024720788,1590.207100377926,0.999646827811374,1590.204322574321,0.9991338185593588,1590.1334885884385,1.0010730784737876
1590.2084892792632,0.9996247516530113,1590.2084892792632,0.9997012755663385,1590.2057114761235,0.9933273554195506,1590.1348774897751,1.0003973419389542
1590.2098781810664,1.0086687802557848,1590.2098781810664,0.999701238598942,1590.207100377926,1.0001506522837966,1590.136266391578,1.0036254030809637
1590.211267082404,1.0025978829863889,1590.211267082404,0.9997294581716839,1590.2084892792632,0.9993261393151998,1590.1376552933802,0.9918506001689924
1590.2126559842063,0.9958561975727477,1590.2126559842063,0.9997425758160673,1590.2098781810664,1.0083674289577922,1590.139044195182,0.9909747934650674
1590.2140448855434,0.9865934715599798,1590.2140448855434,0.9998228454150222,1590.211267082404,1.00232663832206,1590.1404330969845,1.0015201458144358
1590.2154337873458,1.021094710329575,1590.2154337873458,0.999700304503536,1590.2126559842063,0.9955998401037732,1590.1418219987877,0.9999511971475024
1590.216822689149,0.9989393192435373,1590.216822689149,0.9996887352100987,1590.2140448855434,0.9864186920029838,1590.1432109005905,0.9974264260096632
1590.2182115904857,0.9975186807574654,1590.2182115904857,0.9996320355609422,1590.2154337873458,1.020788692843426,1590.1445998023928,1.025661905216004
1590.2196004922876,0.9948751248815961,1590.2196004922876,0.9996255160241901,1590.216822689149,0.9986283846062088,1590.14598870373,0.9996102229644576
1590.220989393625,1.0079258829919464,1590.220989393625,0.999526257285565,1590.2182115904857,0.9971516293556508,1590.1473776055332,1.0140704435810273
1590.222378295427,0.9990754894647518,1590.222378295427,0.9994367482433064,1590.2196004922876,0.9945025600893962,1590.1487665073364,1.004498503640579
1590.223767196764,0.9952922014897757,1590.223767196764,0.999593146229005,1590.220989393625,1.0074483854481886,1590.1501554091387,0.9871980615642296
1590.2251560985674,1.0062277022974202,1590.2251560985674,0.9996112874836665,1590.222378295427,0.9985127584402412,1590.1515443109415,1.0114836771371798
1590.226544999905,1.0064985731511746,1590.226544999905,0.9996908197821518,1590.223767196764,0.9948872631043576,1590.1529332127438,1.00090394445442
1590.2279339017073,1.009031314877915,1590.2279339017073,0.9996900356893743,1590.2251560985674,1.0058365689952558,1590.154322114081,1.0052305771796817
1590.2293228030444,0.996477627591052,1590.2293228030444,0.9995792991014489,1590.226544999905,1.006187383703064,1590.1557110158842,0.9897494636222092
1590.2307117048467,0.9897926414022704,1590.2307117048467,0.999447656904416,1590.2279339017073,1.0087185511819992,1590.1570999176872,0.9971283811158976
1590.2321006061843,1.0016193071407395,1590.2321006061843,0.9993989611248387,1590.2293228030444,0.9960584085577384,1590.1584888194898,0.9907913291815136
1590.2334895079875,0.9981656064095493,1590.2334895079875,0.9992619874290547,1590.2307117048467,0.989245936270732,1590.1598777212917,1.005135554612437
1590.234878409325,0.9957363467438752,1590.234878409325,0.9992728522222647,1590.2321006061843,1.001017294999036,1590.1612666230935,1.0136635993853484
1590.236267311127,0.9899262098387265,1590.236267311127,0.9993098836909723,1590.2334895079875,0.9974289476441338,1590.1626555244302,1.0049907758918584
1590.2376562124637,0.9968741618440681,1590.2376562124637,0.9993198881407555,1590.234878409325,0.9950122992721302,1590.1640444262334,0.9905685027989066
1590.2390451142655,1.012182733532566,1590.2390451142655,0.9991953660922546,1590.236267311127,0.9892430456165828,1590.165433328037,1.0136393055898394
1590.240434015603,0.9766366186193932,1590.240434015603,0.9992490673011561,1590.2376562124637,0.9961961759044234,1590.1668222298397,1.0096815080333583
1590.241822917406,1.0072917804171406,1590.241822917406,0.9991803131265332,1590.2390451142655,1.0113682969843312,1590.168211131176,1.008653357705443
1590.2432118187426,0.991880909324202,1590.2432118187426,0.9991487838358126,1590.240434015603,0.9759032302475836,1590.169600032979,1.0086226675688377
1590.2446007205451,1.0054234306149583,1590.2446007205451,0.9991425795379296,1590.241822917406,1.0064661165669817,1590.170988934782,1.0088625918632206
1590.245989621882,1.0138987834116078,1590.245989621882,0.9992156077035138,1590.2432118187426,0.9910366042612364,1590.1723778365854,1.0152870399581582
1590.2473785236853,1.0043995141085635,1590.2473785236853,0.9992259119035145,1590.2446007205451,1.004561359992504,1590.173766737922,1.0005513461514983
1590.2487674250228,1.0033060292241724,1590.2487674250228,0.9992258218602846,1590.245989621882,1.013103489016483,1590.1751556397248,0.9902369386176664
1590.25015632636,1.0011458321463251,1590.25015632636,0.9992398341460281,1590.2473785236853,1.0036220204005764,1590.1765445415272,1.005199149003719
1590.2515452281625,0.9974414086727571,1590.2515452281625,0.9992219851309352,1590.2487674250228,1.0025292916289024,1590.1779334433295,0.992340412289081
1590.2529341294994,0.9990999770026755,1590.2529341294994,0.9993362890351976,1590.25015632636,1.0003847952698812,1590.1793223446666,0.994287052597082
1590.2543230313015,0.998634483100854,1590.2543230313015,0.9993337380575583,1590.2515452281625,0.9966653844257888,1590.180711246469,0.9972182374076416
1590.255711932639,1.0039337982810537,1590.255711932639,0.9992364091778868,1590.2529341294994,0.998436863393005,1590.1821001482715,1.0027835461874717
1590.257100833977,0.9956124273852225,1590.257100833977,0.9993169823368925,1590.2543230313015,0.997969130950354,1590.1834890496084,0.9994858633327623
1590.2584897357788,1.0008578501986836,1590.2584897357788,0.9993079105681955,1590.255711932639,1.003167203646677,1590.1848779514112,0.9783249218885284
1590.259878637115,0.9908037274264725,1590.259878637115,0.999281952113086,1590.257100833977,0.994932406511709,1590.1862668532144,1.0215719371112977
1590.2612675389173,0.9896356829968576,1590.2612675389173,0.9991608854248636,1590.2584897357788,1.0001651670578224,1590.1876557550177,1.0008042476379126
1590.262656440255,1.0113032480398676,1590.262656440255,0.9992516395210141,1590.259878637115,0.9900922829036474,1590.1890446563543,1.0017047786603055
1590.2640453415925,1.0033216868872725,1590.2640453415925,0.9993940045016808,1590.2612675389173,0.9888052652711798,1590.190433558157,0.9928654657884778
1590.2654342433952,1.0121245995277148,1590.2654342433952,0.9994417413196335,1590.262656440255,1.0105464286567645,1590.1918224599594,1.0028025507009206
1590.266823144732,0.9834090257334589,1590.266823144732,0.9994230010399219,1590.2640453415925,1.0027136784616528,1590.1932113612966,0.9860296222551586
1590.268212046069,1.002178185728908,1590.268212046069,0.9994305965126312,1590.2654342433952,1.011559572184416,1590.1946002630998,0.9927395685747884
1590.2696009478714,0.99927298200504,1590.2696009478714,0.9993943859111608,1590.266823144732,0.9828415997482792,1590.195989164903,0.997591992838804
1590.270989849209,0.9902389412256604,1590.270989849209,0.9994118499738429,1590.268212046069,1.001607541974989,1590.1973780662397,0.9913356332074782
1590.2723787505463,0.9843019863341103,1590.2723787505463,0.9992694441698317,1590.2696009478714,0.9986678082085414,1590.1987669680416,1.0028799218268714
1590.2737676523493,1.0081957563430102,1590.2737676523493,0.999268099091774,1590.270989849209,0.9896565321664768,1590.2001558693778,0.9986501567672474
1590.275156553686,0.9874941014925359,1590.275156553686,0.9992810519069576,1590.2723787505463,0.9835828987793476,1590.201544771181,1.0013302851897858
1590.2765454550226,1.0066397761773427,1590.2765454550226,0.9992662432423114,1590.2737676523493,1.0074578569532733,1590.2029336729845,1.0074487544678674
1590.2779343568254,0.9996112363558098,1590.2779343568254,0.9992385715582739,1590.275156553686,0.9867841444913772,1590.204322574321,0.9991338185593588
1590.279323258162,0.9987645759754098,1590.279323258162,0.9992625024915439,1590.2765454550226,1.0059011474390145,1590.2057114761235,0.9933273554195506
1590.2807121594992,1.0039852607334379,1590.2807121594992,0.9993762574196552,1590.2779343568254,0.9988501039297796,1590.207100377926,1.0001506522837966
1590.2821010613015,1.0133527748887847,1590.2821010613015,0.999480820354388,1590.279323258162,0.9980279895890938,1590.2084892792632,0.9993261393151998
1590.283489962639,1.0004764276132612,1590.283489962639,0.9995625586137893,1590.2807121594992,1.0033590323762798,1590.2098781810664,1.0083674289577922
1590.284878863975,0.9877475546066575,1590.284878863975,0.9995014738366044,1590.2821010613015,1.012826662754238,1590.211267082404,1.00232663832206
1590.286267765313,1.0020199594936863,1590.286267765313,0.9994864628578304,1590.283489962639,1.000038777817895,1590.2126559842063,0.9955998401037732
1590.2876566671162,0.9972754001332143,1590.2876566671162,0.9994530725779519,1590.284878863975,0.987255136607856,1590.2140448855434,0.9864186920029838
1590.2890455684533,1.0003963547854557,1590.2890455684533,0.9995620888074169,1590.286267765313,1.001505385027291,1590.2154337873458,1.020788692843426
1590.29043446979,0.9895530485481212,1590.29043446979,0.9995342640018234,1590.2876566671162,0.9967299628695474,1590.216822689149,0.9986283846062088
1590.2918233715927,0.9937402236633451,1590.2918233715927,0.9994098135623178,1590.2890455684533,0.999958270024676,1590.2182115904857,0.9971516293556508
1590.2932122729303,0.9846812592462472,1590.2932122729303,0.9993161514984005,1590.29043446979,0.989092178071307,1590.2196004922876,0.9945025600893962
1590.2946011742677,0.9995863999220452,1590.2946011742677,0.9993017317472274,1590.2918233715927,0.9931537316607598,1590.220989393625,1.0074483854481886
1590.2959900756043,0.9974948942277339,1590.2959900756043,0.999239683315755,1590.2932122729303,0.9840078864425584,1590.222378295427,0.9985127584402412
1590.2973789769408,0.995081973190766,1590.2973789769408,0.9992009652220172,1590.2946011742677,0.9988884204730764,1590.223767196764,0.9948872631043576
1590.2987678787426,1.0066486999243422,1590.2987678787426,0.9991566969783472,1590.2959900756043,0.9967364822172032,1590.2251560985674,1.0058365689952558
1590.3001567800793,0.9992063259985713,1590.3001567800793,0.9992449449271165,1590.2973789769408,0.9942868680872428,1590.226544999905,1.006187383703064
1590.3015456814169,1.0024449775222326,1590.3015456814169,0.9992146098869414,1590.2987678787426,1.0057997900339533,1590.2279339017073,1.0087185511819992
1590.3029345827545,0.9959715784175363,1590.3029345827545,0.9993192946882932,1590.3001567800793,0.9984518701932688,1590.2293228030444,0.9960584085577384
1590.3043234845572,1.0051294438068303,1590.3043234845572,0.9994086262006049,1590.3015456814169,1.0016576671480015,1590.2307117048467,0.989245936270732
1590.305712385894,1.0074910100157692,1590.305712385894,0.9993656684095075,1590.3029345827545,0.9952936152737984,1590.2321006061843,1.001017294999036
1590.307101287231,0.9853096669521612,1590.307101287231,0.9992593815640528,1590.3043234845572,1.0045350365887624,1590.2334895079875,0.9974289476441338
1590.3084901885686,1.0060659251400896,1590.3084901885686,0.9992475713936185,1590.305712385894,1.006851926640979,1590.234878409325,0.9950122992721302
1590.3098790899062,0.9940179245655597,1590.3098790899062,0.9992161153708589,1590.307101287231,0.9845799284476994,1590.236267311127,0.9892430456165828
1590.3112679912429,1.0033828673613638,1590.3112679912429,0.9991782950377671,1590.3084901885686,1.0053089323581086,1590.2376562124637,0.9961961759044234
1590.3126568930456,0.9911164578361222,1590.3126568930456,0.9990884582864675,1590.3098790899062,0.993238729193402,1590.2390451142655,1.0113682969843312
1590.3140457943823,1.0043980516265203,1590.3140457943823,0.9990831608560858,1590.3112679912429,1.0025583826802336,1590.240434015603,0.9759032302475836
1590.315434695719,0.9970634186718128,1590.315434695719,0.9991498803333172,1590.3126568930456,0.990213013841836,1590.241822917406,1.0064661165669817
1590.316823597056,1.0009466164763223,1590.316823597056,0.999054923932692,1590.3140457943823,1.003477180176718,1590.2432118187426,0.9910366042612364
1590.3182124983928,1.0041807669925837,1590.3182124983928,0.99905245492854,1590.315434695719,0.99621579545067,1590.2446007205451,1.004561359992504
1590.31960139973,0.9991516399782319,1590.31960139973,0.999135652199611,1590.316823597056,1.0000006457844377,1590.245989621882,1.013103489016483
1590.3209903010666,1.0016138965947379,1590.3209903010666,0.999197918853742,1590.3182124983928,1.003229260455965,1590.2473785236853,1.0036220204005764
1590.3223792028691,1.0087744302971826,1590.3223792028691,0.9993099877104297,1590.31960139973,0.9982880254559616,1590.2487674250228,1.0025292916289024
1590.323768104206,0.9844668300721929,1590.323768104206,0.9992406884666082,1590.3209903010666,1.0008105209724492,1590.25015632636,1.0003847952698812
1590.3251570055436,1.001790466456947,1590.3251570055436,0.999220843202627,1590.3223792028691,1.0080783635428732,1590.2515452281625,0.9966653844257888
1590.3265459068812,1.001760672897709,1590.3265459068812,0.9992530170316128,1590.323768104206,0.9837193130538774,1590.2529341294994,0.998436863393005
1590.3279348082183,1.003461376976066,1590.3279348082183,0.9991132981187943,1590.3251570055436,1.0010099146054636,1590.2543230313015,0.997969130950354
1590.329323709555,0.9934116486513029,1590.329323709555,0.9990826281974275,1590.3265459068812,1.0010123747366544,1590.255711932639,1.003167203646677
1590.330712610892,1.006642675171296,1590.330712610892,0.9991971358780165,1590.3279348082183,1.0025716058853842,1590.257100833977,0.994932406511709
1590.3321015122297,1.0114465928361422,1590.3321015122297,0.9991518584085683,1590.329323709555,0.9925003208164832,1590.2584897357788,1.0001651670578224
1590.333490413567,1.0013756036366026,1590.333490413567,0.9990554498574016,1590.330712610892,1.0058344778837436,1590.259878637115,0.9900922829036474
1590.334879314904,0.9960408068141651,1590.334879314904,0.9989743199598736,1590.3321015122297,1.010588742913246,1590.2612675389173,0.9888052652711798
1590.3362682167062,1.0037772421388358,1590.3362682167062,0.998949751862862,1590.333490413567,1.000429754167393,1590.262656440255,1.0105464286567645
1590.3376571180424,1.014126492168175,1590.3376571180424,0.9990040434132619,1590.334879314904,0.9950191876394644,1590.2640453415925,1.0027136784616528
1590.3390460193789,0.9906761038140098,1590.3390460193789,0.9990764962818399,1590.3362682167062,1.002723026960178,1590.2654342433952,1.011559572184416
1590.3404349207162,1.0058957196385918,1590.3404349207162,0.9991272019655976,1590.3376571180424,1.0131164662085144,1590.266823144732,0.9828415997482792
1590.3418238220538,0.9925058143244468,1590.3418238220538,0.999199233812254,1590.3390460193789,0.9897612107486452,1590.268212046069,1.001607541974989
1590.343212723391,0.9889839891980515,1590.343212723391,0.9992593414393747,1590.3404349207162,1.0050177758316774,1590.2696009478714,0.9986678082085414
1590.3446016247276,0.9944266321609394,1590.3446016247276,0.9992947186865334,1590.3418238220538,0.9917110492271944,1590.270989849209,0.9896565321664768
1590.3459905260647,0.9800369365141959,1590.3459905260647,0.999259468695275,1590.343212723391,0.9882514897401306,1590.2723787505463,0.9835828987793476
1590.3473794274023,1.0107584485745056,1590.3473794274023,0.9992365750081468,1590.3446016247276,0.9937252816396628,1590.2737676523493,1.0074578569532733
1590.34876832874,1.0088475932281873,1590.34876832874,0.9992095340306287,1590.3459905260647,0.9793111884829204,1590.275156553686,0.9867841444913772
1590.3501572300763,1.0046554424475487,1590.3501572300763,0.9992221167775388,1590.3473794274023,1.009986810314137,1590.2765454550226,1.0059011474390145
1590.3515461314137,1.0057270449661038,1590.3515461314137,0.9990977346125997,1590.34876832874,1.0080501335374583,1590.2779343568254,0.9988501039297796
1590.3529350327503,0.9835542593520069,1590.3529350327503,0.9990759482178516,1590.3501572300763,1.0038739378345145,1590.279323258162,0.9980279895890938
1590.354323934087,0.9930297786465362,1590.354323934087,0.999139189782202,1590.3515461314137,1.0048196122642583,1590.2807121594992,1.0033590323762798
1590.3557128354246,1.0003933572188486,1590.3557128354246,0.9992812348945722,1590.3529350327503,0.982645404285813,1590.2821010613015,1.012826662754238
1590.3571017367617,0.9899142949736421,1590.3571017367617,0.9992356132076263,1590.354323934087,0.9921749684664996,1590.283489962639,1.000038777817895
1590.358490638098,1.00157838363727,1590.358490638098,0.9993043945621144,1590.3557128354246,0.999674309381978,1590.284878863975,0.987255136607856
1590.3598795394346,0.9963276599024437,1590.3598795394346,0.9992506081760761,1590.3571017367617,0.9891576175609824,1590.286267765313,1.001505385027291
1590.3612684407717,0.9966250946165495,1590.3612684407717,0.9994091170832554,1590.358490638098,1.0008816802671432,1590.2876566671162,0.9967299628695474
1590.3626573421093,0.9875979579608712,1590.3626573421093,0.9993740655986957,1590.3598795394346,0.9955810201001636,1590.2890455684533,0.999958270024676
1590.3640462434469,1.0045832453288306,1590.3640462434469,0.9992606234655369,1590.3612684407717,0.9960362058737416,1590.29043446979,0.989092178071307
1590.3654351447835,0.9881765293062375,1590.3654351447835,0.9993368917522495,1590.3626573421093,0.9869797864243256,1590.2918233715927,0.9931537316607598
1590.366824045655,0.9921282635988947,1590.366824045655,0.9992560669730511,1590.3640462434469,1.0038404800503196,1590.2932122729303,0.9840078864425584
1590.3682129469917,1.0071834460074194,1590.3682129469917,0.9993829864562015,1590.3654351447835,0.987521261299421,1590.2946011742677,0.9988884204730764
1590.3696018483288,1.0000865077785615,1590.3696018483288,0.9992793019947936,1590.366824045655,0.991390186616634,1590.2959900756043,0.9967364822172032
1590.3709907496664,0.9989094155995649,1590.3709907496664,0.9992296082782366,1590.3682129469917,1.0065620001801432,1590.2973789769408,0.9942868680872428
1590.3723796510037,1.0080306055376302,1590.3723796510037,0.9991119825410123,1590.3696018483288,0.9993657474273716,1590.2987678787426,1.0057997900339533
1590.3737685523406,1.000479210801989,1590.3737685523406,0.9991372684043464,1590.3709907496664,0.9981398640549954,1590.3001567800793,0.9984518701932688
1590.3751574536773,0.9991680307322491,1590.3751574536773,0.999036778958516,1590.3723796510037,1.007135456760719,1590.3015456814169,1.0016576671480015
1590.3765463550135,1.0063339008775507,1590.3765463550135,0.9991013926056301,1590.3737685523406,0.9996160657760356,1590.3029345827545,0.9952936152737984
1590.3779352563506,0.990238892632795,1590.3779352563506,0.9990786192378908,1590.3751574536773,0.9982056110610696,1590.3043234845572,1.0045350365887624
1590.3793241576882,0.9927205038620566,1590.3793241576882,0.9990575502447884,1590.3765463550135,1.005429601793017,1590.305712385894,1.006851926640979
1590.3807130590249,1.0075504252108063,1590.3807130590249,0.9989476235251527,1590.3779352563506,0.9893265055672308,1590.307101287231,0.9845799284476994
1590.3821019598963,1.0012163991313614,1590.3821019598963,0.9989089493853147,1590.3793241576882,0.9917849146661982,1590.3084901885686,1.0053089323581086
1590.383490861233,0.9992019191616686,1590.383490861233,0.9988101755543499,1590.3807130590249,1.006490102846092,1590.3098790899062,0.993238729193402
1590.38487976257,0.9916435933153676,1590.38487976257,0.9988326789761609,1590.3821019598963,1.0001240213636562,1590.3112679912429,1.0025583826802336
1590.3862686639077,1.002113595396637,1590.3862686639077,0.9988421219738245,1590.383490861233,0.9980130442921096,1590.3126568930456,0.990213013841836
1590.3876575652453,1.0141072050849576,1590.3876575652453,0.998755890089821,1590.38487976257,0.9904860269007352,1590.3140457943823,1.003477180176718
1590.389046466582,1.013005351078919,1590.389046466582,0.9986936027866476,1590.3862686639077,1.0009532700847954,1590.315434695719,0.99621579545067
1590.390435367919,0.9997273795059212,1590.390435367919,0.9986381378306918,1590.3876575652453,1.0128455442611275,1590.316823597056,1.0000006457844377
1590.39182426879,0.9995025467556626,1590.39182426879,0.99872518635874,1590.389046466582,1.0116819637111585,1590.3182124983928,1.003229260455965
1590.3932131701276,0.9961542408142143,1590.3932131701276,0.9986712060446356,1590.390435367919,0.9983658886081505,1590.31960139973,0.9982880254559616
1590.3946020714652,1.0027043526872352,1590.3946020714652,0.9986684036814476,1590.39182426879,0.9982283672745844,1590.3209903010666,1.0008105209724492
1590.3959909728014,0.9935596715464072,1590.3959909728014,0.9987371818901216,1590.3932131701276,0.9948305570804098,1590.3223792028691,1.0080783635428732
1590.3973798741376,1.0070861116563523,1590.3973798741376,0.9987941817774937,1590.3946020714652,1.0013691552626005,1590.323768104206,0.9837193130538774
1590.3987687750086,0.9927545742389677,1590.3987687750086,0.9987094759187719,1590.3959909728014,0.9923049863999336,1590.3251570055436,1.0010099146054636
1590.4001576763458,1.0061690705399515,1590.4001576763458,0.9988508129420883,1590.3973798741376,1.005871748871284,1590.3265459068812,1.0010123747366544
1590.4015465776831,1.0001951544685135,1590.4015465776831,0.998806357467615,1590.3987687750086,0.991473400554163,1590.3279348082183,1.0025716058853842
1590.402935479021,1.0127311852798415,1590.402935479021,0.9988138435018737,1590.4001576763458,1.005012794066016,1590.329323709555,0.9925003208164832
1590.4043243803576,1.004412389287194,1590.4043243803576,0.9987547734884237,1590.4015465776831,0.9990012789914544,1590.330712610892,1.0058344778837436
1590.405713281229,1.0103596412898153,1590.405713281229,0.998754121137342,1590.402935479021,1.0115299276035667,1590.3321015122297,1.010588742913246
1590.4071021825655,1.0021495419544135,1590.4071021825655,0.9987452909200983,1590.4043243803576,1.0031616683514977,1590.333490413567,1.000429754167393
1590.4084910839033,0.9994199064784807,1590.4084910839033,0.9986955836335996,1590.405713281229,1.0091008555690495,1590.334879314904,0.9950191876394644
1590.4098799852409,1.0072277473987794,1590.4098799852409,0.9988457106956187,1590.4071021825655,1.000892135824704,1590.3362682167062,1.002723026960178
1590.411268886112,1.0017209487629792,1590.411268886112,0.9987315304709241,1590.4084910839033,0.9981162467955638,1590.3376571180424,1.0131164662085144
1590.412657787449,1.0056435960540828,1590.412657787449,0.9987047077929937,1590.4098799852409,1.006065115182881,1590.3390460193789,0.9897612107486452
1590.4140466887857,1.0025117585802983,1590.4140466887857,0.9987548001856952,1590.411268886112,1.0004502962628363,1590.3404349207162,1.0050177758316774
1590.415435590122,0.9950126143331176,1590.415435590122,0.998791514650115,1590.412657787449,1.004340993741088,1590.3418238220538,0.9917110492271944
1590.4168244909931,0.9956492154914195,1590.4168244909931,0.9987863765944553,1590.4140466887857,1.0012634311246758,1590.343212723391,0.9882514897401306
1590.418213392331,1.0066357410950255,1590.418213392331,0.9988935805373036,1590.415435590122,0.9938101561657452,1590.3446016247276,0.9937252816396628
1590.4196022936676,1.0005790570082678,1590.4196022936676,0.9989384801612806,1590.4168244909931,0.994440872299787,1590.3459905260647,0.9793111884829204
1590.420991194539,1.0018963014626117,1590.420991194539,0.9989281836330572,1590.418213392331,1.005521979719232,1590.3473794274023,1.009986810314137
1590.4223800958755,0.9954789624425928,1590.4223800958755,0.9989668951663644,1590.4196022936676,0.9995169224890464,1590.34876832874,1.0080501335374583
1590.4237689972133,1.0037388246068744,1590.4237689972133,0.9989824714190211,1590.420991194539,1.0008224526087246,1590.3501572300763,1.0038739378345145
1590.4251578985509,1.000390997139519,1590.4251578985509,0.9990295601296623,1590.4223800958755,0.9944505283147108,1590.3515461314137,1.0048196122642583
1590.4265467994223,1.0075280310078005,1590.4265467994223,0.9990169527802263,1590.4237689972133,1.0027174916649986,1590.3529350327503,0.982645404285813
1590.427935700759,1.0061524283237373,1590.427935700759,0.9990751057358839,1590.4251578985509,0.999420177829968,1590.354323934087,0.9921749684664996
1590.429324602096,0.9920693992918753,1590.429324602096,0.9990431999272337,1590.4265467994223,1.0065375833780743,1590.3557128354246,0.999674309381978
1590.4307135029671,0.9888249496954681,1590.4307135029671,0.9989147597858248,1590.427935700759,1.0052218437139542,1590.3571017367617,0.9891576175609824
1590.4321024043047,0.9980924970061198,1590.4321024043047,0.9989254656533397,1590.429324602096,0.9911201872184436,1590.358490638098,1.0008816802671432
1590.4334913056423,0.9836218338786591,1590.4334913056423,0.998882694963069,1590.4307135029671,0.9877518370952788,1590.3598795394346,0.9955810201001636
1590.4348802065128,0.9958915933429928,1590.4348802065128,0.9988610339956966,1590.4321024043047,0.9970200123369428,1590.3612684407717,0.9960362058737416
1590.436269107849,0.9847970519412469,1590.436269107849,0.9987802807009829,1590.4334913056423,0.9825228282492312,1590.3626573421093,0.9869797864243256
1590.43765800872,0.998701322095711,1590.43765800872,0.9988618236591303,1590.4348802065128,0.9947573066742036,1590.3640462434469,1.0038404800503196
1590.4390469100576,1.0023291087978317,1590.4390469100576,0.9988864217789845,1590.436269107849,0.983595875971379,1590.3654351447835,0.987521261299421
1590.4404358113952,0.9907497991032373,1590.4404358113952,0.9988842343574981,1590.43765800872,0.9975646238793064,1590.366824045655,0.991390186616634
1590.441824712267,0.9881112122608721,1590.441824712267,0.9989086147429529,1590.4390469100576,1.0012129369319844,1590.3682129469917,1.0065620001801432
1590.4432136136031,1.0082638433353739,1590.4432136136031,0.9989213042723325,1590.4404358113952,0.9896443545170822,1590.3696018483288,0.9993657474273716
1590.4446025149405,1.0077787128343114,1590.4446025149405,0.9989337157444043,1590.441824712267,0.9870328022514876,1590.3709907496664,0.9981398640549954
1590.4459914158117,1.0073092542478208,1590.4459914158117,0.9989816410229229,1590.4432136136031,1.0071762334352063,1590.3723796510037,1.007135456760719
1590.447380317149,0.9953663229174053,1590.447380317149,0.9989670525602867,1590.4446025149405,1.0067041342596916,1590.3737685523406,0.9996160657760356
1590.448769218021,0.997515277219821,1590.448769218021,0.9990079066774518,1590.4459914158117,1.0062834518260646,1590.3751574536773,0.9982056110610696
1590.450158119358,1.0119991585164458,1590.450158119358,0.998999758684135,1590.447380317149,0.994338161822571,1590.3765463550135,1.005429601793017
1590.4515470206948,0.9905545306837134,1590.4515470206948,0.9989109568195744,1590.448769218021,0.9965256489741514,1590.3779352563506,0.9893265055672308
1590.4529359215658,0.9969453235484296,1590.4529359215658,0.9988545318735909,1590.450158119358,1.0109869151464772,1590.3793241576882,0.9917849146661982
1590.454324822903,1.007234869105375,1590.454324822903,0.998837793443896,1590.4515470206948,0.9894757740272326,1590.3807130590249,1.006490102846092
1590.455713723774,0.9973915725660564,1590.455713723774,0.9987192171339891,1590.4529359215658,0.9958033544565322,1590.3821019598963,1.0001240213636562
1590.457102625111,0.9875712938060219,1590.457102625111,0.9985983562267011,1590.454324822903,1.0060642541369642,1590.383490861233,0.9980130442921096
1590.458491525982,0.9954090639948414,1590.458491525982,0.9986273342511047,1590.455713723774,0.9961141305292102,1590.38487976257,0.9904860269007352
1590.4598804273191,1.001022678284466,1590.4598804273191,0.9986488921264496,1590.457102625111,0.98618707065137,1590.3862686639077,1.0009532700847954
1590.4612693281902,1.0051818385410527,1590.4612693281902,0.9985931118930347,1590.458491525982,0.9940427000665558,1590.3876575652453,1.0128455442611275
1590.4626582295275,0.9990979551357337,1590.4626582295275,0.9985403245488681,1590.4598804273191,0.9996701886622332,1590.389046466582,1.0116819637111585
1590.4640471303996,1.0133344239847772,1590.4640471303996,0.9986273551010267,1590.4612693281902,1.0037676601670718,1590.390435367919,0.9983658886081505
1590.4654360317368,1.0100266075269488,1590.4654360317368,0.9985254779435184,1590.4626582295275,0.997639596377346,1590.39182426879,0.9982283672745844
1590.4668249330734,1.0037486808879068,1590.4668249330734,0.9985522026017464,1590.4640471303996,1.0119434756567405,1590.3932131701276,0.9948305570804098
1590.468213833945,0.9997812477082497,1590.468213833945,0.9986926006756974,1590.4654360317368,1.008537301016517,1590.3946020714652,1.0013691552626005
1590.4696027352816,1.0033633148220438,1590.4696027352816,0.9987547104528041,1590.4668249330734,1.0022954561592168,1590.3959909728014,0.9923049863999336
1590.4709916361537,0.9972826094123779,1590.4709916361537,0.9987398395622499,1590.468213833945,0.9984741343805456,1590.3973798741376,1.005871748871284
1590.472380537491,0.9921145892212384,1590.472380537491,0.9986395659688007,1590.4696027352816,1.002113836974056,1590.3987687750086,0.991473400554163
1590.4737694383616,1.0101770812732718,1590.4737694383616,0.9985343675946756,1590.4709916361537,0.9960258733227402,1590.4001576763458,1.005012794066016
1590.4751583392322,0.9837618949547707,1590.4751583392322,0.9985347328386521,1590.472380537491,0.9907648827712124,1590.4015465776831,0.9990012789914544
1590.4765472405688,1.018489481559302,1590.4765472405688,0.9985509928658072,1590.4737694383616,1.0086965330078417,1590.402935479021,1.0115299276035667
1590.4779361414408,1.0106674165474507,1590.4779361414408,0.9986299194399169,1590.4751583392322,0.9823204209555082,1590.4043243803576,1.0031616683514977
1590.4793250427783,1.0073495540927966,1590.4793250427783,0.9986324956715468,1590.4765472405688,1.017013683034422,1590.405713281229,1.0091008555690495
1590.4807139436498,0.9992195620981031,1590.4807139436498,0.9986248740595092,1590.4779361414408,1.0092827207673296,1590.4071021825655,1.000892135824704
1590.4821028449865,1.0044866126008956,1590.4821028449865,0.9987004443961169,1590.4793250427783,1.0059719992173093,1590.4084910839033,0.9981162467955638
1590.483491745858,0.9938380934062444,1590.483491745858,0.9986669288390135,1590.4807139436498,0.9978455093580162,1590.4098799852409,1.006065115182881
1590.4848806471946,1.0138498376323166,1590.4848806471946,0.9986637675432463,1590.4821028449865,1.0031812263944646,1590.411268886112,1.0004502962628363
1590.4862695480665,0.9926474627136163,1590.4862695480665,0.9986512538476681,1590.483491745858,0.9925132365052348,1590.412657787449,1.004340993741088
1590.487658449404,0.9977500437298118,1590.487658449404,0.9987593446056864,1590.4848806471946,1.012495098572998,1590.4140466887857,1.0012634311246758
1590.4890473502755,1.0044389038673547,1590.4890473502755,0.9987775166008072,1590.4862695480665,0.9913086332676592,1590.415435590122,0.9938101561657452
1590.4904362511463,0.9958650449793123,1590.4904362511463,0.9988515334185689,1590.487658449404,0.9965121797558818,1590.4168244909931,0.994440872299787
1590.4918251524832,1.0118791085601713,1590.4918251524832,0.9988808082722778,1590.4890473502755,1.0032109939818734,1590.418213392331,1.005521979719232
1590.493214053355,0.9942239677877858,1590.493214053355,0.9987763799012954,1590.4904362511463,0.9947213272555382,1590.4196022936676,0.9995169224890464
1590.4946029546911,1.0007695863861092,1590.4946029546911,0.9987262981523813,1590.4918251524832,1.0107466218324157,1590.420991194539,1.0008224526087246
1590.4959918555628,0.9945212566054994,1590.4959918555628,0.9987710124949017,1590.493214053355,0.9930074153581868,1590.4223800958755,0.9944505283147108
1590.4973807564338,1.0079087554563955,1590.4973807564338,0.9987460071642795,1590.4946029546911,0.9994949043148886,1590.4237689972133,1.0027174916649986
1590.498769657771,0.9909636185807367,1590.498769657771,0.9986692023675854,1590.4959918555628,0.9932990024075766,1590.4251578985509,0.999420177829968
1590.500158558642,1.006235420664006,1590.500158558642,0.9987096472535126,1590.4973807564338,1.0066448450979932,1590.4265467994223,1.0065375833780743
1590.501547459514,0.997155606982147,1590.501547459514,0.9986517850409798,1590.498769657771,0.9896448465433204,1590.427935700759,1.0052218437139542
1590.5029363608514,0.9968380812227128,1590.5029363608514,0.9986710216448081,1590.500158558642,1.0049370220253393,1590.429324602096,0.9911201872184436
1590.504325261723,0.9848178976281762,1590.504325261723,0.9987908023434364,1590.501547459514,0.9958112268763428,1590.4307135029671,0.9877518370952788
1590.5057141630596,0.9885476226023943,1590.5057141630596,0.9986697072875944,1590.5029363608514,0.9955133049891368,1590.4321024043047,0.9970200123369428
1590.507103063931,0.9917918201691722,1590.507103063931,0.9986185969999598,1590.504325261723,0.9836270581342224,1590.4334913056423,0.9825228282492312
1590.508491964803,0.9948125364770394,1590.508491964803,0.9985935043829209,1590.5057141630596,0.9872325649041804,1590.4348802065128,0.9947573066742036
1590.5098808661403,0.9923105429390358,1590.5098808661403,0.9987255484771849,1590.507103063931,0.9904217559733752,1590.436269107849,0.983595875971379
1590.5112697670115,0.9963550099840147,1590.5112697670115,0.9986316982431499,1590.508491964803,0.9934133370046692,1590.43765800872,0.9975646238793064
1590.512658667882,0.9974695559890051,1590.512658667882,0.9985027108708115,1590.5098808661403,0.9910458912564816,1590.4390469100576,1.0012129369319844
1590.5140475687526,1.0000019461980016,1590.5140475687526,0.9984959928789104,1590.5112697670115,0.9949916956734072,1590.4404358113952,0.9896443545170822
1590.5154364700893,1.0031761383474944,1590.5154364700893,0.9984996403619987,1590.512658667882,0.9959760556661263,1590.441824712267,0.9870328022514876
1590.5168253709612,0.9955563411338275,1590.5168253709612,0.9984314161228547,1590.5140475687526,0.9984979361498164,1590.4432136136031,1.0071762334352063
1590.5182142718331,1.00117336712664,1590.5182142718331,0.9984303946184048,1590.5154364700893,1.0016710133597118,1590.4446025149405,1.0067041342596916
1590.5196031731705,1.000049960765002,1590.5196031731705,0.9984511279316366,1590.5168253709612,0.9939947275083352,1590.4459914158117,1.0062834518260646
1590.5209920740413,0.9987892829505626,1590.5209920740413,0.998438688270225,1590.5182142718331,0.9996019200216884,1590.447380317149,0.994338161822571
1590.5223809749127,0.9960580561361259,1590.5223809749127,0.9984274805928028,1590.5196031731705,0.9985010113138052,1590.448769218021,0.9965256489741514
1590.5237698757846,1.0076852816430872,1590.5237698757846,0.9985154180917366,1590.5209920740413,0.9972298615275182,1590.450158119358,1.0109869151464772
1590.5251587771222,1.0006429015390512,1590.5251587771222,0.9985188691814095,1590.5223809749127,0.9944917355121567,1590.4515470206948,0.9894757740272326
1590.5265476779932,1.0015510811790085,1590.5265476779932,0.9985330243330724,1590.5237698757846,1.0061892903047367,1590.4529359215658,0.9958033544565322
1590.527936578865,0.9843381249299439,1590.527936578865,0.9985135286676687,1590.5251587771222,0.999160818499178,1590.454324822903,1.0060642541369642
1590.5293254802014,1.0047791032223516,1590.5293254802014,0.9985027636046452,1590.5265476779932,1.000081830113734,1590.455713723774,0.9961141305292102
1590.5307143810724,1.0055374906801904,1590.5307143810724,0.9984147854744057,1590.527936578865,0.9828749345259148,1590.457102625111,0.98618707065137
1590.5321032819438,0.9989131877213797,1590.5321032819438,0.9983929133633974,1590.5293254802014,1.0032747113797151,1590.458491525982,0.9940427000665558
1590.5334921828148,1.007380128939513,1590.5334921828148,0.9984499819345114,1590.5307143810724,1.0039434980439343,1590.4598804273191,0.9996701886622332
1590.5348810836863,0.9914742267975982,1590.5348810836863,0.9984314280784825,1590.5321032819438,0.9973078476862666,1590.4612693281902,1.0037676601670718
1590.536269985023,0.9949293748697692,1590.536269985023,0.9984790174501498,1590.5334921828148,1.0058186715408426,1590.4626582295275,0.997639596377346
1590.5376588858944,1.0132204720782156,1590.5376588858944,0.9983570687330751,1590.5348810836863,0.9899190281645353,1590.4640471303996,1.0119434756567405
1590.5390477867663,0.9960360952669727,1590.5390477867663,0.9983860171995187,1590.536269985023,0.9934161046522588,1590.4654360317368,1.008537301016517
1590.5404366876382,0.9939356515314027,1590.5404366876382,0.998414333748261,1590.5376588858944,1.01155582048435,1590.4668249330734,1.0022954561592168
1590.5418255885093,1.0085158312689981,1590.5418255885093,0.9984569891382824,1590.5390477867663,0.9944285101405532,1590.468213833945,0.9984741343805456
1590.5432144898464,1.0071229808550681,1590.5432144898464,0.9983989023388345,1590.5404366876382,0.9923596013123692,1590.4696027352816,1.002113836974056
1590.5446033907174,0.9970518703823108,1590.5446033907174,0.9984583040628069,1590.5418255885093,1.006959680387136,1590.4709916361537,0.9960258733227402
1590.5459922915888,1.0004868628713128,1590.5459922915888,0.9984597515548492,1590.5432144898464,1.005510478605915,1590.472380537491,0.9907648827712124
1590.5473811924608,1.0115732999166247,1590.5473811924608,0.99843026286078,1590.5446033907174,0.9955147195645716,1590.4737694383616,1.0086965330078417
1590.5487700933325,1.006306719686565,1590.5487700933325,0.9984396423848139,1590.5459922915888,0.9989458645363816,1590.4751583392322,0.9823204209555082
1590.5501589946691,1.001701206197773,1590.5501589946691,0.9984766389491927,1590.5473811924608,1.0099853957387022,1590.4765472405688,1.017013683034422
1590.55154789554,1.0034623068785515,1590.55154789554,0.9984298961678915,1590.5487700933325,1.004736521333289,1590.4779361414408,1.0092827207673296
1590.5529367964104,1.0020718012381318,1590.5529367964104,0.9984242584143933,1590.5501589946691,1.0001752535957047,1590.4793250427783,1.0059719992173093
1590.5543256972824,0.9861925571454465,1590.5543256972824,0.9984204846633387,1590.55154789554,1.001886766865145,1590.4807139436498,0.9978455093580162
1590.5557145981545,0.9927161286509342,1590.5557145981545,0.9985597498325178,1590.5529367964104,1.0004927950291571,1590.4821028449865,1.0031812263944646
1590.5571034990253,0.99878791051201,1590.5571034990253,0.9986270723650157,1590.5543256972824,0.984634850876534,1590.483491745858,0.9925132365052348
1590.5584923998967,0.9896204155685968,1590.5584923998967,0.9986223717613749,1590.5557145981545,0.9912863690803824,1590.4848806471946,1.012495098572998
1590.5598813007678,0.9950072225320705,1590.5598813007678,0.9987054453563594,1590.5571034990253,0.9974166469881798,1590.4862695480665,0.9913086332676592
1590.5612702021049,1.0010239165585886,1590.5612702021049,0.998727897913415,1590.5584923998967,0.9882570865385896,1590.487658449404,0.9965121797558818
1590.5626591029768,1.0125716657017636,1590.5626591029768,0.998760125294907,1590.5598813007678,0.9937191313116857,1590.4890473502755,1.0032109939818734
1590.5640480038487,0.9971780531691461,1590.5640480038487,0.998778749851092,1590.5612702021049,0.9997505119456128,1590.4904362511463,0.9947213272555382
1590.5654369047195,1.0040493954450107,1590.5654369047195,0.9987809708072449,1590.5626591029768,1.011316203706366,1590.4918251524832,1.0107466218324157
1590.5668258055912,1.0111708840483704,1590.5668258055912,0.9988325958951655,1590.5640480038487,0.9959602493232256,1590.493214053355,0.9930074153581868
1590.5682147064622,1.000765945241174,1590.5682147064622,0.9988203339578478,1590.5654369047195,1.002825429920995,1590.4946029546911,0.9994949043148886
1590.569603607334,1.011807169937562,1590.569603607334,0.9987257055057535,1590.5668258055912,1.0099904390076433,1590.4959918555628,0.9932990024075766
1590.570992508205,1.0064972380005437,1590.570992508205,0.9987355885431659,1590.5682147064622,0.9995853756394304,1590.4973807564338,1.0066448450979932
1590.5723814090757,0.9965647331191337,1590.5723814090757,0.9987262285014555,1590.569603607334,1.0105178296316712,1590.498769657771,0.9896448465433204
1590.5737703099471,1.0012588687508894,1590.5737703099471,0.9988082247855609,1590.570992508205,1.005224611361544,1590.500158558642,1.0049370220253393
1590.575159210818,0.9885969169196505,1590.575159210818,0.9987967814073403,1590.5723814090757,0.995295337365632,1590.501547459514,0.9958112268763428
1590.5765481116896,0.9967946000600589,1590.5765481116896,0.998889260349297,1590.5737703099471,1.0000655932478748,1590.5029363608514,0.9955133049891368
1590.5779370125615,0.9851542137490036,1590.5779370125615,0.9989595727032845,1590.575159210818,0.9874074187285666,1590.504325261723,0.9836270581342224
1590.5793259134334,0.9850342103163707,1590.5793259134334,0.9989153131847963,1590.5765481116896,0.9956874207741656,1590.5057141630596,0.9872325649041804
1590.58071481477,0.9938485706165546,1590.58071481477,0.9989875418740641,1590.5779370125615,0.9841292324135448,1590.507103063931,0.9904217559733752
1590.5821037156416,1.0053773529784036,1590.5821037156416,0.9990025850059279,1590.5793259134334,0.983965756695916,1590.508491964803,0.9934133370046692
1590.5834926165126,0.9983798409526873,1590.5834926165126,0.9991264771468784,1590.58071481477,0.9928423405552842,1590.5098808661403,0.9910458912564816
1590.5848815173845,0.9971771913270667,1590.5848815173845,0.9990746160013216,1590.5821037156416,1.0043745745318424,1590.5112697670115,0.9949916956734072
1590.5862704182564,1.0011370547505714,1590.5862704182564,0.9990850591264288,1590.5834926165126,0.9975077333455192,1590.512658667882,0.9959760556661263
1590.5876593191276,1.0012545726395374,1590.5876593191276,0.9991724066005454,1590.5848815173845,0.9962544195103656,1590.5140475687526,0.9984979361498164
1590.5890482199989,0.9936857809336269,1590.5890482199989,0.9991309607449387,1590.5862704182564,1.0002210735391333,1590.5154364700893,1.0016710133597118
1590.5904371208694,0.9961148469723365,1590.5904371208694,0.9990115136664413,1590.5876593191276,1.0004259409640472,1590.5168253709612,0.9939947275083352
1590.59182602174,1.0110196716572555,1590.59182602174,0.9989890421543595,1590.5890482199989,0.9928222289827994,1590.5182142718331,0.9996019200216884
1590.593214922612,1.0018583314703922,1590.593214922612,0.9989746370617172,1590.5904371208694,0.9951302010594494,1590.5196031731705,0.9985010113138052
1590.594603823018,0.993024583181038,1590.594603823018,0.9989486397420827,1590.59182602174,1.0099975733880966,1590.5209920740413,0.9972298615275182
1590.5959927238891,0.9957628402798723,1590.5959927238891,0.9989687552073543,1590.593214922612,1.0008310630678925,1590.5223809749127,0.9944917355121567
1590.5973816247606,0.9944355890337175,1590.5973816247606,0.9990696231472666,1590.594603823018,0.9919805565991466,1590.5237698757846,1.0061892903047367
1590.5987705256316,1.004949410338382,1590.5987705256316,0.9989822117552762,1590.5959927238891,0.9947359650361236,1590.5251587771222,0.999160818499178
1590.6001594265035,1.012286179498123,1590.6001594265035,0.9989918547655822,1590.5973816247606,0.9935103891801462,1590.5265476779932,1.000081830113734
1590.6015483273754,1.0020429547037484,1590.6015483273754,0.9988978677035413,1590.5987705256316,1.0039265846419976,1590.527936578865,0.9828749345259148
1590.602937228247,0.993753172162714,1590.602937228247,0.9988345835486847,1590.6001594265035,1.011265648010395,1590.5293254802014,1.0032747113797151
1590.604326129118,1.0000728438542377,1590.604326129118,0.9987823305409402,1590.6015483273754,1.0009385708009304,1590.5307143810724,1.0039434980439343
1590.6057150299894,1.0008782836125483,1590.6057150299894,0.9988326614227593,1590.602937228247,0.9925950358673288,1590.5321032819438,0.9973078476862666
1590.6071039308604,0.9984036933610713,1590.6071039308604,0.9988563858162933,1590.604326129118,0.9988550856954412,1590.5334921828148,1.0058186715408426
1590.6084928317314,0.9962252847869465,1590.6084928317314,0.9989743566705097,1590.6057150299894,0.9997099197809648,1590.5348810836863,0.9899190281645353
1590.6098817326028,0.9955524000939129,1590.6098817326028,0.9989730228748955,1590.6071039308604,0.9972619047362784,1590.536269985023,0.9934161046522588
1590.611270633474,1.0041958019438302,1590.611270633474,0.9990427641661673,1590.6084928317314,0.9952035129689352,1590.5376588858944,1.01155582048435
1590.6126595343453,1.0080144235589863,1590.6126595343453,0.9991240556773632,1590.6098817326028,0.9945299905521736,1590.5390477867663,0.9944285101405532
1590.6140484347509,1.0004232234090285,1590.6140484347509,0.9991392067952038,1590.611270633474,1.0032345497380253,1590.5404366876382,0.9923596013123692
1590.6154373356226,0.9800640711287049,1590.6154373356226,0.9991095571601034,1590.6126595343453,1.0071314590475338,1590.5418255885093,1.006959680387136
1590.6168262364945,0.9930841445203306,1590.6168262364945,0.9990574902550049,1590.6140484347509,0.9995620658963976,1590.5432144898464,1.005510478605915
1590.618215137366,0.9947730124780735,1590.618215137366,0.9991475762057462,1590.6154373356226,0.9791913800939284,1590.5446033907174,0.9955147195645716
1590.619604038237,1.0038281383066565,1590.619604038237,0.9990667955658942,1590.6168262364945,0.99214815303652,1590.5459922915888,0.9989458645363816
1590.6209929391084,1.0038506987909097,1590.6209929391084,0.9990543904414648,1590.618215137366,0.9939250442923556,1590.5473811924608,1.0099853957387022
1590.6223818399794,0.9881678390454521,1590.6223818399794,0.9989707482239574,1590.619604038237,1.0028913614369086,1590.5487700933325,1.004736521333289
1590.6237707403857,1.0044340560507508,1590.6237707403857,0.9991052734960979,1590.6209929391084,1.0029014479747909,1590.5501589946691,1.0001752535957047
1590.6251596412576,0.9987452396296541,1590.6251596412576,0.9989647090265389,1590.6223818399794,0.9871507655420864,1590.55154789554,1.001886766865145
1590.6265485421288,0.9944586217975218,1590.6265485421288,0.9989193282284183,1590.6237707403857,1.0035353622793803,1590.5529367964104,1.0004927950291571
1590.6279374429992,1.0075213623599388,1590.6279374429992,0.9990173386357963,1590.6251596412576,0.9977112476982782,1590.5543256972824,0.984634850876534
1590.6293263438697,0.99246362740432,1590.6293263438697,0.9990264221837792,1590.6265485421288,0.9933839384369392,1590.5557145981545,0.9912863690803824
1590.6307152447412,0.9956662760541732,1590.6307152447412,0.9991590992123629,1590.6279374429992,1.0065313100435378,1590.5571034990253,0.9974166469881798
1590.6321041451474,0.996238511609363,1590.6321041451474,0.9991611782711117,1590.6293263438697,0.9914973868332732,1590.5584923998967,0.9882570865385896
1590.633493046019,1.0111553790978558,1590.633493046019,0.9991438851547981,1590.6307152447412,0.9948290194984156,1590.5598813007678,0.9937191313116857
1590.6348819468903,0.98799019798178,1590.6348819468903,0.9992547583558791,1590.6321041451474,0.9954028450986698,1590.5612702021049,0.9997505119456128
1590.6362708477618,0.9889648957020285,1590.6362708477618,0.9992592305466351,1590.633493046019,1.0102897139670044,1590.5626591029768,1.011316203706366
1590.6376597486328,1.0063504348729946,1590.6376597486328,0.999350339785665,1590.6348819468903,0.9872539065422608,1590.5640480038487,0.9959602493232256
1590.639048649039,0.9995316166526397,1590.639048649039,0.9994166192789571,1590.6362708477618,0.9882323007168422,1590.5654369047195,1.002825429920995
1590.640437549911,0.9865493361961122,1590.640437549911,0.9993965198158603,1590.6376597486328,1.0056966490337789,1590.5668258055912,1.0099904390076433
1590.6418264507824,0.9952173091806603,1590.6418264507824,0.9994869264220015,1590.639048649039,0.9989485091774116,1590.5682147064622,0.9995853756394304
1590.6432153516537,1.0045245843880408,1590.6432153516537,0.9995180235678512,1590.640437549911,0.9859539732210416,1590.569603607334,1.0105178296316712
1590.6446042520593,0.9849697274414655,1590.6446042520593,0.9995032219906849,1590.6418264507824,0.994706689474953,1590.570992508205,1.005224611361544
1590.6459931529305,1.004464612962005,1590.6459931529305,0.9995215518292029,1590.6432153516537,1.0040404272128518,1590.5723814090757,0.995295337365632
1590.6473820538013,1.0020951705363514,1590.6473820538013,0.9995738450365342,1590.6446042520593,0.9844804161410314,1590.5737703099471,1.0000655932478748
1590.6487709546727,1.0060437918317016,1590.6487709546727,0.9995879400122377,1590.6459931529305,1.0039840287053028,1590.575159210818,0.9874074187285666
1590.650159855078,1.0009339550071479,1590.650159855078,0.9995793444678348,1590.6473820538013,1.0016681227055624,1590.5765481116896,0.9956874207741656
1590.6515487559495,1.003703941372086,1590.6515487559495,0.9996004185360793,1590.6487709546727,1.005629241439151,1590.5779370125615,0.9841292324135448
1590.6529376568203,1.0022464316462485,1590.6529376568203,0.9995965900706152,1590.650159855078,1.000512906601642,1590.5793259134334,0.983965756695916
1590.6543265572268,0.99522206286873,1590.6543265572268,0.9994922873248625,1590.6515487559495,1.0033028798818495,1590.58071481477,0.9928423405552842
1590.6557154580987,1.0203041873584913,1590.6557154580987,0.9994892360052604,1590.6529376568203,1.0018421154840318,1590.5821037156416,1.0043745745318424
1590.6571043589702,1.0060059199075606,1590.6571043589702,0.999548172022049,1590.6543265572268,0.9947167760128351,1590.5834926165126,0.9975077333455192
1590.6584932598412,1.0031750467158669,1590.6584932598412,0.9995655963620146,1590.6557154580987,1.0197830527159064,1590.5848815173845,0.9962544195103656
1590.659882160247,1.0101068163927376,1590.659882160247,0.999643853642698,1590.6571043589702,1.005551378286962,1590.5862704182564,1.0002210735391333
1590.661271061118,0.9867538131561344,1590.661271061118,0.9996642445710494,1590.6584932598412,1.0027392638260373,1590.5876593191276,1.0004259409640472
1590.66265996199,1.0054718529776605,1590.66265996199,0.9996359262056435,1590.659882160247,1.0097470705295934,1590.5890482199989,0.9928222289827994
1590.6640488623962,0.9972666522836763,1590.6640488623962,0.9997495387884175,1590.661271061118,0.9864225052063296,1590.5904371208694,0.9951302010594494
1590.6654377632674,0.9992793099784256,1590.6654377632674,0.9998587119856551,1590.66265996199,1.0051057870250282,1590.59182602174,1.0099975733880966
1590.6668266641375,0.9984620643957761,1590.6668266641375,0.9998651157158953,1590.6640488623962,0.9970168756696746,1590.593214922612,1.0008310630678925
1590.6682155645426,1.0093429358217232,1590.6682155645426,0.9998371810994938,1590.6654377632674,0.9991381237889428,1590.594603823018,0.9919805565991466
1590.6696044654143,1.0010496913391618,1590.6696044654143,0.9999315116230255,1590.6668266641375,0.9983273875550144,1590.5959927238891,0.9947359650361236
1590.6709933662864,0.9846313741314265,1590.6709933662864,0.999975360084285,1590.6682155645426,1.009178595714679,1590.5973816247606,0.9935103891801462
1590.6723822666922,1.0042275572389756,1590.6723822666922,0.999965176307182,1590.6696044654143,1.0009811310705312,1590.5987705256316,1.0039265846419976
1590.6737711675632,1.0046243797089838,1590.6737711675632,0.9999545956785181,1590.6709933662864,0.9846071128973576,1590.6001594265035,1.011265648010395
1590.675160067969,0.9996503719773515,1590.675160067969,0.9998960357371649,1590.6723822666922,1.004192586327003,1590.6015483273754,1.0009385708009304
1590.67654896884,1.0043888145480688,1590.67654896884,0.9999392839625767,1590.6737711675632,1.0045787654206788,1590.602937228247,0.9925950358673288
1590.677937869712,0.99043190114539,1590.677937869712,0.9999034413867481,1590.675160067969,0.999546444063336,1590.604326129118,0.9988550856954412
1590.6793267701182,1.008692096153135,1590.6793267701182,1.000009581351459,1590.67654896884,1.0043278320392173,1590.6057150299894,0.9997099197809648
1590.6807156709897,1.005701625210638,1590.6807156709897,1.0001575398045683,1590.677937869712,0.990336266414495,1590.6071039308604,0.9972619047362784
1590.682104571395,0.9902679272712844,1590.682104571395,1.0002248390218667,1590.6793267701182,1.008701760786622,1590.6084928317314,0.9952035129689352
1590.6834934722665,1.00349847846542,1590.6834934722665,1.0003546605538176,1590.6807156709897,1.0058600632481278,1590.6098817326028,0.9945299905521736
1590.6848823731384,0.9934740507466622,1590.6848823731384,1.0004027587162676,1590.682104571395,0.990490578143438,1590.611270633474,1.0032345497380253
1590.6862712735438,1.0002861718732337,1590.6862712735438,1.0004201653103508,1590.6834934722665,1.0038543797915476,1590.6126595343453,1.0071314590475338
1590.6876601744143,1.004185261180223,1590.6876601744143,1.00039719267073,1590.6848823731384,0.993874181079986,1590.6140484347509,0.9995620658963976
1590.6890490748196,0.9835182309792924,1590.6890490748196,1.000410376098942,1590.6862712735438,1.0007064574230784,1590.6154373356226,0.9791913800939284
1590.690437975691,0.9952305033155094,1590.690437975691,1.0003866180851615,1590.6876601744143,1.004584116206019,1590.6168262364945,0.99214815303652
1590.6918268760965,1.0044663573726227,1590.6918268760965,1.0003886669471318,1590.6890490748196,0.98392184335416,1590.618215137366,0.9939250442923556
1590.6932157769684,0.9950791830043092,1590.6932157769684,1.0004320658789234,1590.690437975691,0.9956152774269956,1590.619604038237,1.0028913614369086
1590.6946046773746,1.0099213660116373,1590.6946046773746,1.0003700275618317,1590.6918268760965,1.0048567602452394,1590.6209929391084,1.0029014479747909
1590.695993578246,0.9927440764306984,1590.695993578246,1.000390594184009,1590.6932157769684,0.9955091227661124,1590.6223818399794,0.9871507655420864
1590.697382479117,1.007563629638927,1590.697382479117,1.00045916765192,1590.6946046773746,1.0102950647523443,1590.6237707403857,1.0035353622793803
1590.698771379523,1.00564025304867,1590.698771379523,1.0005269376742347,1590.695993578246,0.9931318364931616,1590.6251596412576,0.9977112476982782
1590.7001602803948,0.9997467333846188,1590.7001602803948,1.0006697827013822,1590.697382479117,1.008026270264908,1590.6265485421288,0.9933839384369392
1590.701549180801,1.0151824996883494,1590.701549180801,1.0007832686227258,1590.698771379523,1.0061701627847284,1590.6279374429992,1.0065313100435378
1590.702938081672,0.9993672020256551,1590.702938081672,1.0008313953921644,1590.7001602803948,1.0004163464524032,1590.6293263438697,0.9914973868332732
1590.704326982077,1.0035520693275526,1590.704326982077,1.000934075430215,1590.701549180801,1.0159776602866957,1590.6307152447412,0.9948290194984156
1590.7057158829475,0.9913721816100856,1590.7057158829475,1.0010018447450977,1590.702938081672,1.0001980713124994,1590.6321041451474,0.9954028450986698
1590.7071047833529,1.0099796885762444,1590.7071047833529,1.0010274173881475,1590.704326982077,1.0044894626584528,1590.633493046019,1.0102897139670044
1590.7084936842248,0.9941185155727092,1590.7084936842248,1.0011216695822138,1590.7057158829475,0.9923653826206676,1590.6348819468903,0.9872539065422608
1590.709882584631,1.0046651028773013,1590.709882584631,1.0011028498253383,1590.7071047833529,1.0110173592699634,1590.6362708477618,0.9882323007168422
1590.7112714850368,1.0086972804162806,1590.7112714850368,1.0011681110751742,1590.7084936842248,0.9952335880727428,1590.6376597486328,1.0056966490337789
1590.7126603859078,0.9996607416861214,1590.7126603859078,1.001219199589827,1590.709882584631,1.005773097610533,1590.639048649039,0.9989485091774116
1590.7140492863136,0.9931963490707769,1590.7140492863136,1.0013067990806295,1590.7112714850368,1.0098755508810329,1590.640437549911,0.9859539732210416
1590.7154381871856,0.9984239593123954,1590.7154381871856,1.00136597645523,1590.7126603859078,1.0008795276523512,1590.6418264507824,0.994706689474953
1590.7168270875918,0.9957049678725874,1590.7168270875918,1.0012415296695079,1590.7140492863136,0.9944942571466272,1590.6432153516537,1.0040404272128518
1590.7182159884628,0.9980681044696698,1590.7182159884628,1.0011775879110614,1590.7154381871856,0.9997877829331536,1590.6446042520593,0.9844804161410314
1590.7196048888686,0.9970131337293662,1590.7196048888686,1.0012411433584498,1590.7168270875918,0.9969411651322776,1590.6459931529305,1.0039840287053028
1590.7209937897396,1.0020713876591343,1590.7209937897396,1.0013529264127758,1590.7182159884628,0.9992434174039092,1590.6473820538013,1.0016681227055624
1590.7223826901454,0.9762294704234802,1590.7223826901454,1.001484839440746,1590.7196048888686,0.9982505699585816,1590.6487709546727,1.005629241439151
1590.7237715905508,0.9922522630040138,1590.7237715905508,1.0015047889168964,1590.7209937897396,1.0034271165069852,1590.650159855078,1.000512906601642
1590.7251604914218,0.9917110557965992,1590.7251604914218,1.0014364389590111,1590.7223826901454,0.9776790144443837,1590.6515487559495,1.0033028798818495
1590.7279382926986,0.9970788512520512,1590.7279382926986,1.0015423531740444,1590.7237715905508,0.9937453932121476,1590.6529376568203,1.0018421154840318
1590.7293271931044,1.002848127808903,1590.7293271931044,1.0016188267695965,1590.7251604914218,0.9931355881932276,1590.6543265572268,0.9947167760128351
1590.7307160935106,1.0105857986002509,1590.7307160935106,1.0017109223800058,1590.7279382926986,0.9986166989830524,1590.6557154580987,1.0197830527159064
1590.7321049943826,1.0115013229083925,1590.7321049943826,1.0017811966300587,1590.7293271931044,1.0044715652040397,1590.6571043589702,1.005551378286962
1590.733493894788,1.0112083470469588,1590.733493894788,1.0017742061624602,1590.7307160935106,1.012314832459992,1590.6584932598412,1.0027392638260373
1590.7348827951937,0.9979225149181927,1590.7348827951937,1.0018471487680924,1590.7321049943826,1.0133030056560568,1590.659882160247,1.0097470705295934
1590.7362716960647,1.0032023117551114,1590.7362716960647,1.0018879579349438,1590.733493894788,1.0130024391278207,1590.661271061118,0.9864225052063296
1590.7376605964705,1.004222045899125,1590.7376605964705,1.0018856023766656,1590.7348827951937,0.9997658262622756,1590.66265996199,1.0051057870250282
1590.7390494973424,0.9825910532197493,1590.7390494973424,1.0018776453818123,1590.7362716960647,1.0050963155199435,1590.6640488623962,0.9970168756696746
1590.740438397749,0.9985328174451676,1590.740438397749,1.0019559589655276,1590.7376605964705,1.0061156093755723,1590.6654377632674,0.9991381237889428
1590.741827298154,0.9994141619780764,1590.741827298154,1.0021296801811002,1590.7390494973424,0.9844360107730374,1590.6668266641375,0.9983273875550144
1590.7432161990246,0.9883936013230729,1590.7432161990246,1.0021991961576124,1590.740438397749,1.000485906661823,1590.6682155645426,1.009178595714679
1590.7446050994297,0.9889159409558981,1590.7446050994297,1.0022393382678476,1590.741827298154,1.001542594511552,1590.6696044654143,1.0009811310705312
1590.7459939998355,0.9955101593478919,1590.7459939998355,1.0022430796226627,1590.7432161990246,0.9905672727333112,1590.6709933662864,0.9846071128973576
1590.747382900242,1.0014595789196605,1590.747382900242,1.0023744218139243,1590.7446050994297,0.9911304582661652,1590.6723822666922,1.004192586327003
1590.748771801113,0.9850647564195408,1590.748771801113,1.0024011573864224,1590.7459939998355,0.9977431679004788,1590.6737711675632,1.0045787654206788
1590.7501607015188,0.9864816548838236,1590.7501607015188,1.0025087612527395,1590.747382900242,1.0038374663896108,1590.675160067969,0.999546444063336
1590.751549601924,1.0017406406529765,1590.751549601924,1.0025838623726688,1590.748771801113,0.987430051935522,1590.67654896884,1.0043278320392173
1590.7529385027956,0.9906695766633361,1590.7529385027956,1.0025402069285891,1590.7501607015188,0.9889565018361344,1590.677937869712,0.990336266414495
1590.7543274032018,1.0120841493895447,1590.7543274032018,1.0026134134394011,1590.751549601924,1.0043290006015329,1590.6793267701182,1.008701760786622
1590.755716303608,0.9882662244165525,1590.755716303608,1.0027373052941524,1590.7529385027956,0.9931860823859188,1590.6807156709897,1.0058600632481278
1590.7571052040134,0.9871010022763262,1590.7571052040134,1.0028372177250107,1590.7543274032018,1.0147291437073642,1590.682104571395,0.990490578143438
1590.758494104885,1.0018728231053984,1590.758494104885,1.0028126721503505,1590.755716303608,0.99097141078468,1590.6834934722665,1.0038543797915476
1590.7598830052902,0.9926551416992403,1590.7598830052902,1.0028962260552565,1590.7571052040134,0.9899016227363604,1590.6848823731384,0.993874181079986
1590.761271905696,1.004627971052595,1590.761271905696,1.0029268618624507,1590.758494104885,1.00469076289314,1590.6862712735438,1.0007064574230784
1590.7626608061014,1.0046265305311457,1590.7626608061014,1.002841673585397,1590.7598830052902,0.995530095384514,1590.6876601744143,1.004584116206019
1590.7640497069724,0.9961131686872109,1590.7640497069724,1.0028858579289364,1590.761271905696,1.00756837834702,1590.6890490748196,0.98392184335416
1590.7654386073782,1.0011176552226537,1590.7654386073782,1.0029763974411203,1590.7626608061014,1.0074813512061451,1590.690437975691,0.9956152774269956
1590.7668275077835,0.9994506253548786,1590.7668275077835,1.0029732224769874,1590.7640497069724,0.9989878097731848,1590.6918268760965,1.0048567602452394
1590.7682164081891,0.9939434120596081,1590.7682164081891,1.0030162673743934,1590.7654386073782,1.0040973792499188,1590.6932157769684,0.9955091227661124
1590.7696053090613,0.9961020806193028,1590.7696053090613,1.0030466271076133,1590.7668275077835,1.0024222144188228,1590.6946046773746,1.0102950647523443
1590.7709942094675,0.9962628245302537,1590.7709942094675,1.0030281967111863,1590.7682164081891,0.9969414111453968,1590.695993578246,0.9931318364931616
1590.7723831098729,1.0069685078503339,1590.7723831098729,1.0030834733765681,1590.7696053090613,0.9991368322200676,1590.697382479117,1.008026270264908
1590.773772010279,0.9951974453626906,1590.773772010279,1.0031071012018304,1590.7709942094675,0.9992797043389734,1590.698771379523,1.0061701627847284
1590.775160910684,0.9990655890418368,1590.775160910684,1.0031625855264543,1590.7723831098729,1.010073468435333,1590.7001602803948,1.0004163464524032
1590.7765498115557,0.9902064903357822,1590.7765498115557,1.0030914212631283,1590.773772010279,0.9982896245412356,1590.701549180801,1.0159776602866957
1590.7779387119615,0.9893614655271994,1590.7779387119615,1.00311516707105,1590.775160910684,1.0022252194137191,1590.702938081672,1.0001980713124994
1590.779327612368,1.0003371114403554,1590.779327612368,1.0032283446899402,1590.7765498115557,0.993267635734894,1590.704326982077,1.0044894626584528
1590.7807165127729,1.014497646039665,1590.7807165127729,1.0031581045931568,1590.7779387119615,0.9924434917859756,1590.7057158829475,0.9923653826206676
1590.7821054131775,1.0070319943794437,1590.7821054131775,1.0031583847310521,1590.779327612368,1.003566544442224,1590.7071047833529,1.0110173592699634
1590.783494313583,0.9964505925326849,1590.783494313583,1.003203844934304,1590.7807165127729,1.0177015357153698,1590.7084936842248,0.9952335880727428
1590.784883214455,0.9922692131673302,1590.784883214455,1.0031967231632544,1590.7821054131775,1.0102125888541726,1590.709882584631,1.005773097610533
1590.7862721148613,1.0008476077614286,1590.7862721148613,1.003281554860352,1590.783494313583,0.9996430657158548,1590.7112714850368,1.0098755508810329
1590.7876610152666,1.0056165446217649,1590.7876610152666,1.003265102640879,1590.784883214455,0.9954412231452464,1590.7126603859078,1.0008795276523512
1590.7890499156724,1.0012568607269134,1590.7890499156724,1.0033410766720234,1590.7862721148613,1.0041319440931498,1590.7140492863136,0.9944942571466272
1590.7904388160778,1.0049953515966699,1590.7904388160778,1.003341240933543,1590.7876610152666,1.0088999858573209,1590.7154381871856,0.9997877829331536
1590.7918277164836,0.9981659118807544,1590.7918277164836,1.0033677911529952,1590.7890499156724,1.0046021366669915,1590.7168270875918,0.9969411651322776
1590.7932166168898,1.000761005020744,1590.7932166168898,1.0033843544144445,1590.7904388160778,1.008353283203445,1590.7182159884628,0.9992434174039092
1590.794605517296,1.013367296514548,1590.794605517296,1.0033402854909705,1590.7918277164836,1.001527526208008,1590.7196048888686,0.9982505699585816
1590.7959944177014,1.00373382575692,1590.7959944177014,1.003396268818101,1590.7932166168898,1.00414793494589,1590.7209937897396,1.0034271165069852
1590.7973833185729,1.0000509221308915,1590.7973833185729,1.003432356597451,1590.794605517296,1.0167522325921194,1590.7223826901454,0.9776790144443837
1590.7987722189782,0.9915954668233433,1590.7987722189782,1.0033388623740584,1590.7959944177014,1.0071427756510114,1590.7237715905508,0.9937453932121476
1590.800161119384,1.0072446516787001,1590.800161119384,1.0033012930097118,1590.7973833185729,1.0034834535112545,1590.7251604914218,0.9931355881932276
1590.8015500197894,0.9924692414359862,1590.8015500197894,1.0032720342963692,1590.7987722189782,0.9949062676178066,1590.7265493918276,1.0230174486957322
1590.8029389201947,1.0026330168893907,1590.8029389201947,1.0032932860756385,1590.800161119384,1.0105698614063567,1590.7279382926986,0.9986166989830524
1590.8043278206003,1.0072640257134475,1590.8043278206003,1.0032333916421818,1590.8015500197894,0.9957166348320564,1590.7293271931044,1.0044715652040397
1590.805716721006,1.0036417618769435,1590.805716721006,1.0032579582373071,1590.8029389201947,1.0059349742428878,1590.7307160935106,1.012314832459992
1590.8071056214117,1.0043789925409643,1590.8071056214117,1.003309401633843,1590.8043278206003,1.0105209047956598,1590.7321049943826,1.0133030056560568
1590.808494521818,0.9954217206419939,1590.808494521818,1.0033291675431761,1590.805716721006,1.006911584822356,1590.733493894788,1.0130024391278207
1590.8098834222242,0.9987891339104861,1590.8098834222242,1.0033545964081076,1590.8071056214117,1.0077028860198771,1590.7348827951937,0.9997658262622756
1590.8112723226295,1.0017517257728223,1590.8112723226295,1.0034195993662358,1590.808494521818,0.9987356463261278,1590.7362716960647,1.0050963155199435
1590.812661223035,0.9940968048605402,1590.812661223035,1.0034303791398065,1590.8098834222242,1.002139668351559,1590.7376605964705,1.0061156093755723
1590.814050123441,0.9960594945287294,1590.814050123441,1.0034638197740753,1590.8112723226295,1.0051773153394008,1590.7390494973424,0.9844360107730374
1590.815439023847,1.00868806191423,1590.815439023847,1.0035323027793932,1590.812661223035,0.997506933802882,1590.740438397749,1.000485906661823
1590.8168279242532,1.0017026687773272,1590.8168279242532,1.0035427873241147,1590.814050123441,0.9995096651020334,1590.741827298154,1.001542594511552
1590.818216824658,0.9960062367637853,1590.818216824658,1.0036703072940154,1590.815439023847,1.0122510535588705,1590.7432161990246,0.9905672727333112
1590.819605725063,1.0077832811518668,1590.819605725063,1.003553849535412,1590.8168279242532,1.0052514882948034,1590.7446050994297,0.9911304582661652
1590.8209946254683,1.0000614300951796,1590.8209946254683,1.0036700252032291,1590.818216824658,0.9996618857194642,1590.7459939998355,0.9977431679004788
1590.822383525874,1.010414653184744,1590.822383525874,1.0035993004172807,1590.819605725063,1.0113647912973842,1590.747382900242,1.0038374663896108
1590.8237724262804,1.0062255388936439,1590.8237724262804,1.0035172860759776,1590.8209946254683,1.0037316807484062,1590.748771801113,0.987430051935522
1590.8251613266866,1.0083572712265578,1590.8251613266866,1.003469688138227,1590.822383525874,1.0140514390675783,1590.7501607015188,0.9889565018361344
1590.826550227092,0.9963927973278568,1590.826550227092,1.0033980791768982,1590.8237724262804,1.0097647219708874,1590.751549601924,1.0043290006015329
1590.8279391274978,1.003964538184728,1590.8279391274978,1.003397312591599,1590.8251613266866,1.0118559564896277,1590.7529385027956,0.9931860823859188
1590.829328027903,0.9980156041022097,1590.829328027903,1.0033897378132117,1590.826550227092,0.9997786189444678,1590.7543274032018,1.0147291437073642
1590.8307169283094,1.0059928944062557,1590.8307169283094,1.003401794821979,1590.8279391274978,1.0073753195518218,1590.755716303608,0.99097141078468
1590.8321058287156,1.0067263362335195,1590.8321058287156,1.00328939621786,1590.829328027903,1.0013986153336103,1590.7571052040134,0.9899016227363604
1590.8334947291214,0.9913437400708309,1590.8334947291214,1.003305395673281,1590.8307169283094,1.0094150758253948,1590.758494104885,1.00469076289314
1590.8348836295268,1.0085439923732602,1590.8348836295268,1.0033289723259542,1590.8321058287156,1.010037858036346,1590.7598830052902,0.995530095384514
1590.8362725299326,1.0103172538599443,1590.8362725299326,1.0033372535842457,1590.8334947291214,0.9946205233799952,1590.761271905696,1.00756837834702
1590.8376614303374,1.0007995173995705,1590.8376614303374,1.0034121130447224,1590.8348836295268,1.011901407413378,1590.7626608061014,1.0074813512061451
1590.8404392306834,0.9915442846084066,1590.8404392306834,1.0034625435938138,1590.8362725299326,1.0136889387366137,1590.7640497069724,0.9989878097731848
1590.8418281310887,0.9894917423709173,1590.8418281310887,1.0034663006926892,1590.8376614303374,1.0042143584880414,1590.7654386073782,1.0040973792499188
1590.8432170314943,0.9968787492229052,1590.8432170314943,1.0034747002077775,1590.8404392306834,0.9949775499190602,1590.7668275077835,1.0024222144188228
1590.8446059319,1.003967759455022,1590.8446059319,1.0034570686515745,1590.8418281310887,0.9929216182829078,1590.7682164081891,0.9969414111453968
1590.845994832306,1.0084092361967336,1590.845994832306,1.0034645133840057,1590.8432170314943,1.000342604019959,1590.7696053090613,0.9991368322200676
1590.8473837327124,1.0029324553244694,1590.8473837327124,1.0034738412115805,1590.8446059319,1.0074385449234255,1590.7709942094675,0.9992797043389734
1590.8487726331182,0.9945871963964086,1590.8487726331182,1.003497425580972,1590.845994832306,1.0119028834920922,1590.7723831098729,1.010073468435333
1590.8501615335235,1.006626443275849,1590.8501615335235,1.003634145960153,1590.8473837327124,1.0064164834202072,1590.773772010279,0.9982896245412356
1590.8515504334637,0.9942713434589628,1590.8515504334637,1.003648822617125,1590.8487726331182,0.9980656910995928,1590.775160910684,1.0022252194137191
1590.852939333869,1.0069380332132656,1590.852939333869,1.0037384914861767,1590.8501615335235,1.010284670698063,1590.7765498115557,0.993267635734894
1590.8543282342753,1.0029742648060012,1590.8543282342753,1.0037842994478217,1590.8515504334637,0.9978992632245351,1590.7779387119615,0.9924434917859756
1590.8557171346815,0.9993768230335994,1590.8557171346815,1.0037021548829053,1590.852939333869,1.010702462477541,1590.779327612368,1.003566544442224
1590.8571060350864,0.9904046894158246,1590.8571060350864,1.0035551441246562,1590.8543282342753,1.006769819762486,1590.7807165127729,1.0177015357153698
1590.8584949354913,0.9981820900791915,1590.8584949354913,1.003413205812575,1590.8557171346815,1.0030766708188557,1590.7821054131775,1.0102125888541726
1590.8598838354312,1.0082070718484208,1590.8598838354312,1.0033469880355892,1590.8571060350864,0.9939257208284332,1590.783494313583,0.9996430657158548
1590.8612727358372,1.003469440571105,1590.8612727358372,1.0033376330759136,1590.8584949354913,1.001589090991058,1590.784883214455,0.9954412231452464
1590.8626616362435,0.9954446798593812,1590.8626616362435,1.0032510998516644,1590.8598838354312,1.0115815288552938,1590.7862721148613,1.0041319440931498
1590.8640505366493,1.0077879818144528,1590.8640505366493,1.0033206798095045,1590.8612727358372,1.0068186533666237,1590.7876610152666,1.0088999858573209
1590.8654394370546,1.0076105123416872,1590.8654394370546,1.003287481478742,1590.8626616362435,0.9986809699104122,1590.7890499156724,1.0046021366669915
1590.8668283369948,0.9979775154626925,1590.8668283369948,1.0033030515903114,1590.8640505366493,1.0111345230179254,1590.7904388160778,1.008353283203445
1590.8682172374,1.0039986900118525,1590.8682172374,1.0033079262101205,1590.8654394370546,1.0109230132387963,1590.7918277164836,1.001527526208008
1590.8696061378064,0.9998497228697591,1590.8696061378064,1.0034279022731833,1590.8668283369948,1.0012738866822366,1590.7932166168898,1.00414793494589
1590.8709950382126,1.0037790421686403,1590.8709950382126,1.0034116061193958,1590.8682172374,1.0073198435934694,1590.794605517296,1.0167522325921194
1590.8723839381528,1.0029855685147375,1590.8723839381528,1.0033333208739468,1590.8696061378064,1.003277110007626,1590.7959944177014,1.0071427756510114
1590.873772838558,1.006468235308133,1590.873772838558,1.0033912231551285,1590.8709950382126,1.0072035408914242,1590.7973833185729,1.0034834535112545
1590.875161738963,0.9988132305185494,1590.875161738963,1.0033906734917262,1590.8723839381528,1.006328841246535,1590.7987722189782,0.9949062676178066
1590.8765506393688,0.997617380103029,1590.8765506393688,1.0033080383742705,1590.873772838558,1.0098813936926112,1590.800161119384,1.0105698614063567
1590.8779395393094,0.9997974971332022,1590.8779395393094,1.0033085041956107,1590.875161738963,1.002199880062454,1590.8015500197894,0.9957166348320564
1590.8793284397148,1.0116693832318588,1590.8793284397148,1.0032931148496027,1590.8765506393688,1.000917536679249,1590.8029389201947,1.0059349742428878
1590.88071734012,0.998266043145513,1590.88071734012,1.0033439143523006,1590.8779395393094,1.0031053313472285,1590.8043278206003,1.0105209047956598
1590.882106240526,1.000141559077262,1590.882106240526,1.0033679870817096,1590.8793284397148,1.015000926700668,1590.805716721006,1.006911584822356
1590.8834951404656,1.0114444236781845,1590.8834951404656,1.003344298181993,1590.88071734012,1.0016041592946017,1590.8071056214117,1.0077028860198771
1590.8848840408718,0.9958957987549817,1590.8848840408718,1.0034720208954775,1590.882106240526,1.003510022928115,1590.808494521818,0.9987356463261278
1590.886272941278,0.9894870584104271,1590.886272941278,1.0033799912178643,1590.8834951404656,1.0148269954254785,1590.8098834222242,1.002139668351559
1590.8876618412182,1.0024412461994547,1590.8876618412182,1.0033411617441235,1590.8848840408718,0.9993535697779772,1590.8112723226295,1.0051773153394008
1590.8890507416236,1.006544346320187,1590.8890507416236,1.0032935366570443,1590.886272941278,0.9928315159780446,1590.812661223035,0.997506933802882
1590.8904396420294,0.9898137187430454,1590.8904396420294,1.0033167850830929,1590.8876618412182,1.0057905645419878,1590.814050123441,0.9995096651020334
1590.89182854197,1.0112787633335214,1590.89182854197,1.0033600820097097,1590.8890507416236,1.0098594370217333,1590.815439023847,1.0122510535588705
1590.8932174423762,1.000162541869339,1590.8932174423762,1.0033657539864411,1590.8904396420294,0.993096718120413,1590.8168279242532,1.0052514882948034
1590.8946063427811,0.9975550660183553,1590.8946063427811,1.003451663556755,1590.89182854197,1.014676742913,1590.818216824658,0.9996618857194642
1590.8959952427203,1.0130096116886746,1590.8959952427203,1.0035306299237414,1590.8932174423762,1.0035288429317248,1590.819605725063,1.0113647912973842
1590.8973841431257,1.0142729718662071,1590.8973841431257,1.0034090590005684,1590.8946063427811,1.0009982904855872,1590.8209946254683,1.0037316807484062
1590.8987730435313,1.0035692076934433,1590.8987730435313,1.0035042928812288,1590.8959952427203,1.0165861737367403,1590.822383525874,1.0140514390675783
1590.9001619434716,0.9881959440866053,1590.9001619434716,1.0034436335039947,1590.8973841431257,1.0177306882699808,1590.8237724262804,1.0097647219708874
1590.901550843878,1.0011085888326052,1590.901550843878,1.0034525723702319,1590.8987730435313,1.0070860081237838,1590.8251613266866,1.0118559564896277
1590.9029397442837,1.0054061869697783,1590.9029397442837,1.0035009494906466,1590.9001619434716,0.9915989287481736,1590.826550227092,0.9997786189444678
1590.9043286442234,0.9961324017211869,1590.9043286442234,1.0034400783622142,1590.901550843878,1.0045649886860104,1590.8279391274978,1.0073753195518218
1590.9057175446292,1.002154253547388,1590.9057175446292,1.0034198940278205,1590.9029397442837,1.008926063247943,1590.829328027903,1.0013986153336103
1590.9071064450354,1.0043831460425123,1590.9071064450354,1.0033417485601313,1590.9043286442234,0.9995591752422484,1590.8307169283094,1.0094150758253948
1590.908495344976,1.0052961430489649,1590.908495344976,1.0033266192132242,1590.9057175446292,1.0055815148940497,1590.8321058287156,1.010037858036346
1590.9098842453814,1.0050476705856957,1590.9098842453814,1.003423638434223,1590.9071064450354,1.00773954197462,1590.8334947291214,0.9946205233799952
1590.9112731453215,0.9994216963539239,1590.9112731453215,1.00333967189231,1590.908495344976,1.0086403805134116,1590.8348836295268,1.011901407413378
1590.9126620457264,1.0190337908297544,1590.9126620457264,1.0032176477488772,1590.9098842453814,1.0084885904189391,1590.8362725299326,1.0136889387366137
1590.9140509456656,0.9959116765998525,1590.9140509456656,1.0032600714980058,1590.9112731453215,1.0027594369018018,1590.8376614303374,1.0042143584880414
1590.915439846072,0.9973316472759505,1590.915439846072,1.0032639571602346,1590.9126620457264,1.0223126826128477,1590.8390503302771,1.0246434109030125
1590.916828746478,1.0098227346420974,1590.916828746478,1.0032182066348634,1590.9140509456656,0.9991584198712667,1590.8404392306834,0.9949775499190602
1590.9182176464178,0.9928665036714382,1590.9182176464178,1.0032494033230874,1590.915439846072,1.0005868950472054,1590.8418281310887,0.9929216182829078
1590.9196065468232,1.0012183378624298,1590.9196065468232,1.0032455214998173,1590.916828746478,1.0130725528667586,1590.8432170314943,1.000342604019959
1590.9209954467633,1.004931593587894,1590.9209954467633,1.0032340235685395,1590.9182176464178,0.9960927273878504,1590.8446059319,1.0074385449234255
1590.9223843471696,0.9877180279762278,1590.9223843471696,1.003256165457242,1590.9196065468232,1.0044678135039735,1590.845994832306,1.0119028834920922
1590.92377324711,0.9884177746301156,1590.92377324711,1.0032966462404505,1590.9209954467633,1.0081815660463271,1590.8473837327124,1.0064164834202072
1590.9251621475155,0.998052509801781,1590.9251621475155,1.003160554958589,1590.9223843471696,0.9909342013004192,1590.8487726331182,0.9980656910995928
1590.9265510474556,0.9951115347354771,1590.9265510474556,1.0032026638925176,1590.92377324711,0.9916762383708444,1590.8501615335235,1.010284670698063
1590.927939947861,0.9982696840994064,1590.927939947861,1.003120369214163,1590.9251621475155,1.0012069096105671,1590.8515504334637,0.9978992632245351
1590.9293288478011,1.0065112267967584,1590.9293288478011,1.0030651413635365,1590.9265510474556,0.9982985425168022,1590.852939333869,1.010702462477541
1590.9307177482074,0.9794503838875216,1590.9307177482074,1.0029825597580964,1590.927939947861,1.0013846540891025,1590.8543282342753,1.006769819762486
1590.932106648147,1.0030371866064676,1590.932106648147,1.002873070731734,1590.9293288478011,1.0095963259908771,1590.8557171346815,1.0030766708188557
1590.933495548552,0.9830768209024169,1590.933495548552,1.0029503920751535,1590.9307177482074,0.9823716531875566,1590.8571060350864,0.9939257208284332
1590.934884448492,1.005947211459691,1590.934884448492,1.0029584893787262,1590.932106648147,1.0059189833901474,1590.8584949354913,1.001589090991058
1590.9362733488974,1.0027084743260726,1590.9362733488974,1.0030008351313586,1590.933495548552,0.9859772829640744,1590.8598838354312,1.0115815288552938
1590.9376622488371,1.000428842261414,1590.9376622488371,1.00298309522704,1590.934884448492,1.0089232956003538,1590.8612727358372,1.0068186533666237
1590.9390511492434,1.0008306098823638,1590.9390511492434,1.0029508361568942,1590.9362733488974,1.0057174371423412,1590.8626616362435,0.9986809699104122
1590.940440049184,1.0031560918600297,1590.940440049184,1.0028164284521721,1590.9376622488371,1.0034132167657572,1590.8640505366493,1.0111345230179254
1590.9418289495898,1.0113490570560806,1590.9418289495898,1.0028644085493517,1590.9390511492434,1.0037838970329311,1590.8654394370546,1.0109230132387963
1590.9432178495294,0.992406134762315,1590.9432178495294,1.0028140116795496,1590.940440049184,1.0059814092191142,1590.8668283369948,1.0012738866822366
1590.9446067499352,1.0038661154032353,1590.9446067499352,1.0027324936566762,1590.9418289495898,1.0142459739414909,1590.8682172374,1.0073198435934694
1590.9459956498758,0.9990214794055828,1590.9459956498758,1.0027328388930457,1590.9432178495294,0.9951987772163928,1590.8696061378064,1.003277110007626
1590.947384550282,0.9943056542603756,1590.947384550282,1.0027203154850959,1590.9446067499352,1.0066091731957267,1590.8709950382126,1.0072035408914242
1590.9487734502218,0.9897415362128019,1590.9487734502218,1.0025819415142865,1590.9459956498758,1.0017516441594905,1590.8723839381528,1.006328841246535
1590.950162350161,0.999388627459857,1590.950162350161,1.002588040371854,1590.947384550282,0.9970104793285786,1590.873772838558,1.0098813936926112
1590.951551250566,0.981188524114199,1590.951551250566,1.0026292047725531,1590.9487734502218,0.9922969909735634,1590.875161738963,1.002199880062454
1590.952940150506,1.0010892453927374,1590.952940150506,1.0026242625730892,1590.950162350161,1.0019750855748948,1590.8765506393688,1.000917536679249
1590.9543290509123,0.9856147291097201,1590.9543290509123,1.0027114372926336,1590.951551250566,0.9837682696645744,1590.8779395393094,1.0031053313472285
1590.9557179508529,0.9944420518110761,1590.9557179508529,1.0026565041393585,1590.952940150506,1.0037163664317437,1590.8793284397148,1.015000926700668
1590.9571068507926,0.9953797298187275,1590.9571068507926,1.0026667311166029,1590.9543290509123,0.9882871616423972,1590.88071734012,1.0016041592946017
1590.958495751198,1.0123227611656171,1590.958495751198,1.002793745377367,1590.9557179508529,0.9970837912380645,1590.882106240526,1.003510022928115
1590.959884651138,1.0087767277371031,1590.959884651138,1.0026440734716473,1590.9571068507926,0.9980341399170708,1590.8834951404656,1.0148269954254785
1590.9612735515443,1.0126747479334564,1590.9612735515443,1.0025397551172488,1590.958495751198,1.015150933200027,1590.8848840408718,0.9993535697779772
1590.962662451485,0.9968954250275782,1590.962662451485,1.0025279883858804,1590.959884651138,1.011444007521728,1590.886272941278,0.9928315159780446
1590.9640513514246,0.9970919036612931,1590.9640513514246,1.0024498561901438,1590.9612735515443,1.015246693806629,1590.8876618412182,1.0057905645419878
1590.9654402518304,0.9847081069166778,1590.9654402518304,1.0024348095689437,1590.962662451485,0.9994155650839852,1590.8890507416236,1.0098594370217333
1590.96682915177,0.9976732334418498,1590.96682915177,1.0025194449306616,1590.9640513514246,0.99953463543362,1590.8904396420294,0.993096718120413
1590.9682180517102,0.9869260334568337,1590.9682180517102,1.0024680420927325,1590.9654402518304,0.987105683638015,1590.89182854197,1.014676742913
1590.9696069521156,1.0012859415960735,1590.9696069521156,1.002470914712298,1590.96682915177,1.0001868162123015,1590.8932174423762,1.0035288429317248
1590.9709958520557,1.0010339984012142,1590.9709958520557,1.0023383609531997,1590.9682180517102,0.9893618084498188,1590.8946063427811,1.0009982904855872
1590.9723847519954,0.9841931455140163,1590.9723847519954,1.0023470906118588,1590.9696069521156,1.0037600337603805,1590.8959952427203,1.0165861737367403
1590.9737736524012,1.0098956777805328,1590.9737736524012,1.0023663395777482,1590.9709958520557,1.003374777215901,1590.8973841431257,1.0177306882699808
1590.9751625523409,1.003177268660399,1590.9751625523409,1.0022049811635418,1590.9723847519954,0.986503136006108,1590.8987730435313,1.0070860081237838
1590.9765514522817,1.006676977558028,1590.9765514522817,1.0022113185390225,1590.9737736524012,1.0122854338922618,1590.9001619434716,0.9915989287481736
1590.977940352222,1.0141891765065085,1590.977940352222,1.0021626126746772,1590.9751625523409,1.0053892556414885,1590.901550843878,1.0045649886860104
1590.9793292526274,0.9815318733352988,1590.9793292526274,1.0020616075065554,1590.9765514522817,1.0089030610213092,1590.9029397442837,1.008926063247943
1590.9807181525675,0.9936825704566777,1590.9807181525675,1.0019938908261474,1590.977940352222,1.016382474874142,1590.9043286442234,0.9995591752422484
1590.9821070525072,0.99351469878893,1590.9821070525072,1.0020682333139324,1590.9793292526274,0.9835554068132902,1590.9057175446292,1.0055815148940497
1590.983495952913,0.9920690451189715,1590.983495952913,1.0021142908987646,1590.9807181525675,0.9956638650180138,1590.9071064450354,1.00773954197462
1590.9848848528536,1.002103745093973,1590.9848848528536,1.0020208724347182,1590.9821070525072,0.9955695189868466,1590.908495344976,1.0086403805134116
1590.9862737527942,0.9953109864951935,1590.9862737527942,1.0020550233108692,1590.983495952913,0.9941665676720126,1590.9098842453814,1.0084885904189391
1590.9876626527334,1.003475979891032,1590.9876626527334,1.0021149125017874,1590.9848848528536,1.0041288689291612,1590.9112731453215,1.0027594369018018
1590.9890515531383,0.9956189000241996,1590.9890515531383,1.0020827755248298,1590.9862737527942,0.9973563737740052,1590.9126620457264,1.0223126826128477
1590.990440453078,1.0018029174031569,1590.990440453078,1.001941377062058,1590.9876626527334,1.0055982437861468,1590.9140509456656,0.9991584198712667
1590.9918293530186,0.9925442273874187,1590.9918293530186,1.0019693253471802,1590.9890515531383,0.997692550701228,1590.915439846072,1.0005868950472054
1590.9932182529592,1.0073963258734844,1590.9932182529592,1.0018476358389388,1590.990440453078,1.003747794607706,1590.916828746478,1.0130725528667586
1590.994607153365,0.9929969109839784,1590.994607153365,1.001758875010544,1590.9918293530186,0.99449886989261,1590.9182176464178,0.9960927273878504
1590.995996053305,0.99283271156531,1590.995996053305,1.0017154786318798,1590.9932182529592,1.0092576274291836,1590.9196065468232,1.0044678135039735
1590.9973849532446,1.0004973464563713,1590.9973849532446,1.0016344361369935,1590.994607153365,0.9947434684362554,1590.9209954467633,1.0081815660463271
1590.9987738531845,0.9926671590511597,1590.9987738531845,1.0015078205883767,1590.995996053305,0.9945358948670316,1590.9223843471696,0.9909342013004192
1591.000162753125,0.9926670648925795,1591.000162753125,1.001474148687593,1590.9973849532446,1.0021325954743858,1590.92377324711,0.9916762383708444
1591.0015516535314,0.9919644452548763,1591.0015516535314,1.0014378121611718,1590.9987738531845,0.9941639230309824,1590.9251621475155,1.0012069096105671
1591.002940553471,1.0068973175010485,1591.002940553471,1.001417405869157,1591.000162753125,0.9941304037435078,1590.9265510474556,0.9982985425168022
1591.0043294534112,0.999096747347398,1591.0043294534112,1.0013106348982916,1591.0015516535314,0.9933907037977138,1590.927939947861,1.0013846540891025
1591.0057183533509,0.9837504428171747,1591.0057183533509,1.0013629090640237,1591.002940553471,1.0083244996685128,1590.9293288478011,1.0095963259908771
1591.007107253291,1.000848684657378,1591.007107253291,1.0013093075413666,1591.0043294534112,1.0004061984112411,1590.9307177482074,0.9823716531875566
1591.008496153231,1.011637418123878,1591.008496153231,1.0011810965148313,1591.0057183533509,0.9850912052124275,1590.932106648147,1.0059189833901474
1591.0098850536365,0.9962605124737276,1591.0098850536365,1.0012698669779287,1591.007107253291,1.0021591033879669,1590.933495548552,0.9859772829640744
1591.0112739535762,1.0013201797158384,1591.0112739535762,1.001386686305021,1591.008496153231,1.012832259552697,1590.934884448492,1.0089232956003538
1591.0126628535163,0.9892669776284733,1591.0126628535163,1.0013298830864188,1591.0098850536365,0.9975256307999324,1590.9362733488974,1.0057174371423412
1591.014051753456,1.0055167568827876,1591.014051753456,1.0011881415789632,1591.0112739535762,1.0027086966959915,1590.9376622488371,1.0034132167657572
1591.0154406533966,1.0063720420564999,1591.0154406533966,1.0012195017239713,1591.0126628535163,0.990582587049974,1590.9390511492434,1.0037838970329311
1591.0168295533372,0.9966708002157872,1591.0168295533372,1.0011405587666105,1591.014051753456,1.0067114531499843,1590.940440049184,1.0059814092191142
1591.0182184532769,1.010248755680668,1591.0182184532769,1.0011571916691848,1591.0154406533966,1.0075993144967443,1590.9418289495898,1.0142459739414909
1591.0196073536829,1.0065980670567996,1591.0196073536829,1.0011291658467434,1591.0168295533372,0.997807561834398,1590.9432178495294,0.9951987772163928
1591.0209962536223,0.9866203074497807,1591.0209962536223,1.0010790514538062,1591.0182184532769,1.011417807124546,1590.9446067499352,1.0066091731957267
1591.022385153563,1.0075906295453467,1591.022385153563,1.001085303168961,1591.0196073536829,1.007734683215518,1590.9459956498758,1.0017516441594905
1591.0237740535035,0.9886710134627013,1591.0237740535035,1.0009951319517052,1591.0209962536223,0.987684921526889,1590.947384550282,0.9970104793285786
1591.0251629534428,0.9861574304672561,1591.0251629534428,1.0010542404411074,1591.022385153563,1.0086841708486078,1590.9487734502218,0.9922969909735634
1591.026551853382,0.9996464237920216,1591.026551853382,1.0009675672906577,1591.0237740535035,0.9896548715779228,1590.950162350161,1.0019750855748948
1591.027940753322,0.9966048658050423,1591.027940753322,1.0009029811251435,1591.0251629534428,0.9871970775117532,1590.951551250566,0.9837682696645744
1591.0293296532618,1.0082263967255147,1591.0293296532618,1.000939183610129,1591.026551853382,1.0006136489739057,1590.952940150506,1.0037163664317437
1591.0307185532024,1.0003087797666994,1591.0307185532024,1.0008607775754674,1591.027940753322,0.9975047811880904,1590.9543290509123,0.9882871616423972
1591.032107453143,0.9972876480281141,1591.032107453143,1.0007254573580182,1591.0293296532618,1.0091733064326187,1590.9557179508529,0.9970837912380645
1591.0334963530831,1.0057898735075714,1591.0334963530831,1.000707144150417,1591.0307185532024,1.0011698231328658,1590.9571068507926,0.9980341399170708
1591.0348852530228,0.9926294523941015,1591.0348852530228,1.0006258210796362,1591.032107453143,0.9980111376904368,1590.958495751198,1.015150933200027
1591.0362741529627,0.991152762326486,1591.0362741529627,1.0005395042670326,1591.0334963530831,1.0065011119331708,1590.959884651138,1.011444007521728
1591.037663052903,1.0101650301154712,1591.037663052903,1.0005381127576596,1591.0348852530228,0.9932506608296774,1590.9612735515443,1.015246693806629
1591.0390519528437,1.0088535187957954,1591.0390519528437,1.000597779293236,1591.0362741529627,0.9916874934710423,1590.962662451485,0.9994155650839852
1591.0404408527838,0.9952934178063915,1591.0404408527838,1.0006012697954425,1591.037663052903,1.0107086128055178,1590.9640513514246,0.99953463543362
1591.0418297527235,1.0072347189831194,1591.0418297527235,1.0004989376961275,1591.0390519528437,1.0094565905392396,1590.9654402518304,0.987105683638015
1591.0432186526627,1.0120326420334658,1591.0432186526627,1.0006122914389195,1591.0404408527838,0.9958918576761212,1590.96682915177,1.0001868162123015
1591.044607552602,1.0052389121291647,1591.044607552602,1.0005474313956892,1591.0418297527235,1.0077372663532684,1590.9682180517102,0.9893618084498188
1591.0459964525426,1.0050993212941632,1591.0459964525426,1.0004772995648605,1591.0432186526627,1.01265230095609,1590.9696069521156,1.0037600337603805
1591.0473853524832,0.9999687191919723,1591.0473853524832,1.0005455575473057,1591.044607552602,1.0057892114698328,1590.9709958520557,1.003374777215901
1591.0487742524233,0.9871838990911449,1591.0487742524233,1.0006129415052982,1591.0459964525426,1.0055790547628585,1590.9723847519954,0.986503136006108
1591.050163152363,0.9990618404409005,1591.050163152363,1.0005315372654284,1591.0473853524832,1.000514259673797,1590.9737736524012,1.0122854338922618
1591.0515520523031,0.9968393977862334,1591.0515520523031,1.0005638399656869,1591.0487742524233,0.98778898507626,1590.9751625523409,1.0053892556414885
1591.0529409522435,1.001629570186846,1591.0529409522435,1.00055980312548,1591.050163152363,0.9995928790395624,1590.9765514522817,1.0089030610213092
1591.0543298521843,0.9971002331002441,1591.0543298521843,1.000548580439193,1591.0515520523031,0.9974014556780766,1590.977940352222,1.016382474874142
1591.055718752124,0.9879883182665177,1591.055718752124,1.0005279498204205,1591.0529409522435,1.00219028555081,1590.9793292526274,0.9835554068132902
1591.0571076520637,1.0126067672520205,1591.0571076520637,1.0004195354447056,1591.0543298521843,0.9976472227840376,1590.9807181525675,0.9956638650180138
1591.0584965520038,1.002551668650576,1591.0584965520038,1.0004615216954307,1591.055718752124,0.988509926521724,1590.9821070525072,0.9955695189868466
1591.0598854519435,1.0114183155380294,1591.0598854519435,1.0003409395470972,1591.0571076520637,1.0130315916824315,1590.983495952913,0.9941665676720126
1591.061274351884,0.9942299140621491,1591.061274351884,1.0003454913201502,1591.0584965520038,1.0030143679964485,1590.9848848528536,1.0041288689291612
1591.0626632518242,0.9951164913665534,1591.0626632518242,1.0002634695992294,1591.0598854519435,1.0117631480404548,1590.9862737527942,0.9973563737740052
1591.0640521517637,0.9950744078612086,1591.0640521517637,1.0003038565201257,1591.061274351884,0.9945734118676912,1590.9876626527334,1.0055982437861468
1591.0654410517031,1.0143774295776833,1591.0654410517031,1.000180295441696,1591.0626632518242,0.9953786743097204,1590.9890515531383,0.997692550701228
1591.0668299516433,0.988723021035781,1591.0668299516433,1.000048160999466,1591.0640521517637,0.9953767677080474,1590.990440453078,1.003747794607706
1591.068218851584,1.0012210229576233,1591.068218851584,1.0000886119395067,1591.0654410517031,1.0145603172043955,1590.9918293530186,0.99449886989261
1591.0696077510588,1.0038062395650733,1591.0696077510588,0.9999630986394114,1591.0668299516433,0.9887706389246692,1590.9932182529592,1.0092576274291836
1591.0709966509985,1.0073949997197504,1591.0709966509985,0.9999366901567495,1591.068218851584,1.0013097430943425,1590.994607153365,0.9947434684362554
1591.0723855509386,0.9931857467470101,1591.0723855509386,0.9999690037631372,1591.0696077510588,1.003769197749066,1590.995996053305,0.9945358948670316
1591.0737744508783,1.0143824478483146,1591.0737744508783,1.0000945866005775,1591.0709966509985,1.0073312217002268,1590.9973849532446,1.0021325954743858
1591.0751633508182,1.003194440777521,1591.0751633508182,1.0000049746963826,1591.0723855509386,0.9931549617263552,1590.9987738531845,0.9941639230309824
1591.0765522507586,1.00942998394105,1591.0765522507586,1.0000514606761055,1591.0737744508783,1.014478394835742,1591.000162753125,0.9941304037435078
1591.0779411506992,1.0133676942856196,1591.0779411506992,0.9999540688317842,1591.0751633508182,1.0031994313652766,1591.0015516535314,0.9933907037977138
1591.0793300501737,1.0027993076538388,1591.0793300501737,0.9999856318267255,1591.0765522507586,1.009481929890505,1591.002940553471,1.0083244996685128
1591.080718950113,1.0184663314397124,1591.080718950113,0.9999943815075233,1591.0779411506992,1.013321149123589,1591.0043294534112,1.0004061984112411
1591.082107850052,1.009798490778204,1591.082107850052,0.999960346403546,1591.0793300501737,1.0027848992596269,1591.0057183533509,0.9850912052124275
1591.0834967499918,0.9909684141110168,1591.0834967499918,0.9999615032931831,1591.080718950113,1.0184606091942914,1591.007107253291,1.0021591033879669
1591.0848856499324,0.9987662036345327,1591.0848856499324,0.9998294968738201,1591.082107850052,1.009758448636351,1591.008496153231,1.012832259552697
1591.086274549873,1.0031980928004913,1591.086274549873,0.9997626698131962,1591.0834967499918,0.990930265090514,1591.0098850536365,0.9975256307999324
1591.0876634493477,0.9933213155450481,1591.0876634493477,0.9997405763557407,1591.0848856499324,0.9985959108744902,1591.0112739535762,1.0027086966959915
1591.0890523492872,0.9891609246274359,1591.0890523492872,0.9997238713597052,1591.086274549873,1.0029600036097257,1591.0126628535163,0.990582587049974
1591.0904412492273,1.0022708906493056,1591.0904412492273,0.999797425717664,1591.0876634493477,0.993063624509449,1591.014051753456,1.0067114531499843
1591.091830149168,0.996377193143574,1591.091830149168,0.9998198748031254,1591.0890523492872,0.9888877889662857,1591.0154406533966,1.0075993144967443
1591.0932190491085,1.007899196319688,1591.0932190491085,0.9999198500102553,1591.0904412492273,1.002067856342926,1591.0168295533372,0.997807561834398
1591.0946079485825,0.9931573400598406,1591.0946079485825,0.9999138833927066,1591.091830149168,0.9961977205054976,1591.0182184532769,1.011417807124546
1591.0959968485222,1.009172643352004,1591.0959968485222,0.9998271439021925,1591.0932190491085,1.0078184132094392,1591.0196073536829,1.007734683215518
1591.0973857484623,1.0003747389481386,1591.0973857484623,0.9999230636566346,1591.0946079485825,0.9930718127192061,1591.0209962536223,0.987684921526889
1591.098774648402,0.9945606793861178,1591.098774648402,0.9997976220678937,1591.0959968485222,1.0089982017068602,1591.022385153563,1.0086841708486078
1591.1001635478765,0.9989576723009103,1591.1001635478765,0.9997528593572537,1591.0973857484623,1.0002977737737289,1591.0237740535035,0.9896548715779228
1591.1015524478162,1.003885353361993,1591.1015524478162,0.9997197661332389,1591.098774648402,0.9943594022524694,1591.0251629534428,0.9871970775117532
1591.1029413477563,0.9945460094499714,1591.1029413477563,0.9996398115273429,1591.1001635478765,0.9987107892597015,1591.026551853382,1.0006136489739057
1591.104330247696,0.9958240975252859,1591.104330247696,0.9996384395008123,1591.1015524478162,1.0036040306876355,1591.027940753322,0.9975047811880904
1591.1057191471705,1.0030711510196797,1591.1057191471705,0.9997480421813774,1591.1029413477563,0.9941877854418404,1591.0293296532618,1.0091733064326187
1591.107108047111,1.0073327239325522,1591.107108047111,0.9998570027743251,1591.104330247696,0.9954640468674816,1591.0307185532024,1.0011698231328658
1591.1084969470517,0.99903716247714,1591.1084969470517,0.9999672219988126,1591.1057191471705,1.0028184194005454,1591.032107453143,0.9980111376904368
1591.1098858465257,1.01383618482577,1591.1098858465257,0.99996532725546,1591.107108047111,1.0071886781476984,1591.0334963530831,1.0065011119331708
1591.1112747464658,1.005676908962963,1591.1112747464658,1.0000524551340928,1591.1084969470517,0.9990044160358421,1591.0348852530228,0.9932506608296774
1591.1126636464055,1.0058895450785952,1591.1126636464055,0.9999530978806136,1591.1098858465257,1.013801032342728,1591.0362741529627,0.9916874934710423
1591.1140525463454,0.9899829892503664,1591.1140525463454,1.0000520272172657,1591.1112747464658,1.0057296618800766,1591.037663052903,1.0107086128055178
1591.11544144582,1.0043237510093497,1591.11544144582,1.0000100097864246,1591.1126636464055,1.0058423667270624,1591.0390519528437,1.0094565905392396
1591.1168303457607,0.9871358058150957,1591.1168303457607,1.000012329574654,1591.1140525463454,0.9900344953104375,1591.0404408527838,0.9958918576761212
1591.1182192457,0.9920623564763003,1591.1182192457,0.9999081078149388,1591.11544144582,1.0043338040755985,1591.0418297527235,1.0077372663532684
1591.1196081451735,1.0018280874178762,1591.1196081451735,1.000010036891834,1591.1168303457607,0.9871479767797071,1591.0432186526627,1.01265230095609
1591.1209970451137,0.9972002875853236,1591.1209970451137,0.9999959690286343,1591.1182192457,0.9919711936986466,1591.044607552602,1.0057892114698328
1591.1223859450542,0.9829690346195638,1591.1223859450542,1.0000380635587092,1591.1196081451735,1.001838142658026,1591.0459964525426,1.0055790547628585
1591.1237748445292,0.9975898329030007,1591.1237748445292,1.000056336680919,1591.1209970451137,0.9971962678995185,1591.0473853524832,1.000514259673797
1591.1251637444689,0.9966514894243926,1591.1251637444689,1.000032855378209,1591.1223859450542,0.9830064499191223,1591.0487742524233,0.98778898507626
1591.126552644409,1.0012988090898791,1591.126552644409,1.0000405070562672,1591.1237748445292,0.997646033803105,1591.050163152363,0.9995928790395624
1591.127941543883,0.9984325774365588,1591.127941543883,0.9999295870042104,1591.1251637444689,0.9966842347860202,1591.0515520523031,0.9974014556780766
1591.1293304438232,1.0071002272322989,1591.1293304438232,0.9999922455616779,1591.126552644409,1.0013393687570793,1591.0529409522435,1.00219028555081
1591.130719343298,0.9974851356311154,1591.130719343298,1.0000469339040021,1591.127941543883,0.9983622748076876,1591.0543298521843,0.9976472227840376
1591.1321082432387,0.9947236709761946,1591.1321082432387,1.0000517530604978,1591.1293304438232,1.0070924177357026,1591.055718752124,0.988509926521724
1591.1334971431784,1.0122698031684059,1591.1334971431784,0.9999130405659015,1591.130719343298,0.9975319515027147,1591.0571076520637,1.0130315916824315
1591.1348860426524,1.0082061297075335,1591.1348860426524,1.000002266439014,1591.1321082432387,0.9947751509705172,1591.0584965520038,1.0030143679964485
1591.1362749425916,0.9988052596914502,1591.1362749425916,1.0000376527256076,1591.1334971431784,1.0121817767591672,1591.0598854519435,1.0117631480404548
1591.137663842066,0.9885641029159826,1591.137663842066,1.0000466975321043,1591.1348860426524,1.0082084147452401,1591.061274351884,0.9945734118676912
1591.1390527420067,0.9975118052185828,1591.1390527420067,0.9999451981625901,1591.1362749425916,0.9988428674318288,1591.0626632518242,0.9953786743097204
1591.1404416414807,1.0009572393317552,1591.1404416414807,0.9998381624370091,1591.137663842066,0.9886102664199157,1591.0640521517637,0.9953767677080474
1591.1418305414209,1.0057269914361113,1591.1418305414209,0.999806296781192,1591.1390527420067,0.9974571397388188,1591.0654410517031,1.0145603172043955
1591.1432194413603,0.998143089254257,1591.1432194413603,0.9996646193912982,1591.1404416414807,1.0007952468514836,1591.0668299516433,0.9887706389246692
1591.144608340835,1.0039712054434262,1591.144608340835,0.9994960642153641,1591.1418305414209,1.0055321788806282,1591.068218851584,1.0013097430943425
1591.1459972407756,1.0139370358996924,1591.1459972407756,0.9995142533199279,1591.1432194413603,0.9978083314174114,1591.0696077510588,1.003769197749066
1591.1473861402503,0.9964593791556037,1591.1473861402503,0.9994449639196152,1591.144608340835,1.0034652684262593,1591.0709966509985,1.0073312217002268
1591.1487750401902,1.0004599429680165,1591.1487750401902,0.9995531566367071,1591.1459972407756,1.013444519350702,1591.0723855509386,0.9931549617263552
1591.1501639396647,0.9942224855189864,1591.1501639396647,0.999561965887294,1591.1473861402503,0.9959063082475346,1591.0737744508783,1.014478394835742
1591.1515528396044,1.0006860209107233,1591.1515528396044,0.9996094852066271,1591.1487750401902,1.0000128940822608,1591.0751633508182,1.0031994313652766
1591.152941739079,1.0043645460638768,1591.152941739079,0.9996263336852399,1591.1501639396647,0.9937869821547097,1591.0765522507586,1.009481929890505
1591.1543306390192,0.9965367514093333,1591.1543306390192,0.9995769600093075,1591.1515528396044,1.0002952382160362,1591.0779411506992,1.013321149123589
1591.1557195384926,0.9890044741892259,1591.1557195384926,0.999550017174269,1591.152941739079,1.0039892488652735,1591.0793300501737,1.0027848992596269
1591.1571084384327,1.004657090674945,1591.1571084384327,0.999653949563358,1591.1543306390192,0.9961151765112923,1591.080718950113,1.0184606091942914
1591.1584973379067,0.99923236160654,1591.1584973379067,0.9995902443302191,1591.1557195384926,0.9885594391612695,1591.082107850052,1.009758448636351
1591.1598862378469,0.9844088678828247,1591.1598862378469,0.9995706501175936,1591.1571084384327,1.0043094286500414,1591.0834967499918,0.990930265090514
1591.1612751373218,1.0033564155333066,1591.1612751373218,0.9995644733390866,1591.1584973379067,0.9988229204809432,1591.0848856499324,0.9985959108744902
1591.1626640372624,1.0203227112217759,1591.1626640372624,0.9995249835528117,1591.1598862378469,0.9839862120511593,1591.086274549873,1.0029600036097257
1591.1640529367364,1.0015620107650953,1591.1640529367364,0.9993851887070077,1591.1612751373218,1.0029194270639432,1591.0876634493477,0.993063624509449
1591.1654418366766,0.998389795207919,1591.1654418366766,0.9994017359964114,1591.1626640372624,1.0198380411525059,1591.0890523492872,0.9888877889662857
1591.1668307361506,1.0110303094013815,1591.1668307361506,0.9993090906842852,1591.1640529367364,1.0009462391302448,1591.0904412492273,1.002067856342926
1591.1682196360912,0.9987332913516509,1591.1682196360912,0.999181748211513,1591.1654418366766,0.9977924945318959,1591.091830149168,0.9961977205054976
1591.169608535566,1.000799183701014,1591.169608535566,0.999099296141217,1591.1668307361506,1.010331779142146,1591.0932190491085,1.0078184132094392
1591.1709974350406,1.0009129323952726,1591.1709974350406,0.999092306255706,1591.1682196360912,0.9979160760497808,1591.0946079485825,0.9930718127192061
1591.1723863349805,1.0010482277758637,1591.1723863349805,0.9991647068180954,1591.169608535566,0.9998977600143875,1591.0959968485222,1.0089982017068602
1591.1737752344538,0.9858671697257285,1591.1737752344538,0.99927621640245,1591.1709974350406,1.0000044099879544,1591.0973857484623,1.0002977737737289
1591.175164134393,1.0018817939885711,1591.175164134393,0.9993144163744371,1591.1723863349805,1.000212059016445,1591.098774648402,0.9943594022524694
1591.176553033868,1.0015017434780358,1591.176553033868,0.9994672910077904,1591.1737752344538,0.985153615238918,1591.1001635478765,0.9987107892597015
1591.1779419338086,1.007915322290261,1591.1779419338086,0.9994748203823294,1591.175164134393,1.001194920235863,1591.1015524478162,1.0036040306876355
1591.1793308332826,0.9901856591964276,1591.1793308332826,0.999483910785799,1591.176553033868,1.0009682344935715,1591.1029413477563,0.9941877854418404
1591.180719732757,0.9939500851707466,1591.180719732757,0.9994997723456363,1591.1779419338086,1.0073859857066563,1591.104330247696,0.9954640468674816
1591.1821086326968,0.997691646797675,1591.1821086326968,0.9995031404852216,1591.1793308332826,0.9896746350576598,1591.1057191471705,1.0028184194005454
1591.1834975321715,0.99424436488909,1591.1834975321715,0.9995699202614481,1591.180719732757,0.993452883851087,1591.107108047111,1.0071886781476984
1591.1848864316466,1.0068490704194106,1591.1848864316466,0.9994659625333301,1591.1821086326968,0.9971959342101486,1591.1084969470517,0.9990044160358421
1591.1862753315868,0.982299779201196,1591.1862753315868,0.999611987309679,1591.1834975321715,0.9938167605325817,1591.1098858465257,1.013801032342728
1591.1876642310608,1.0154798678599302,1591.1876642310608,0.9996935836757453,1591.1848864316466,1.0063113752925248,1591.1112747464658,1.0057296618800766
1591.189053131001,0.9897623192292517,1591.189053131001,0.9997912921668751,1591.1862753315868,0.9819186344211664,1591.1126636464055,1.0058423667270624
1591.190442030475,0.9936092856583036,1591.190442030475,0.9997920920464033,1591.1876642310608,1.015168708251466,1591.1140525463454,0.9900344953104375
1591.1918309299492,0.9998123224993443,1591.1918309299492,0.9999452824603215,1591.189053131001,0.9895557480802968,1591.11544144582,1.0043338040755985
1591.1932198298891,0.9903858348550756,1591.1932198298891,0.9999669873769353,1591.190442030475,0.9934027063850477,1591.1168303457607,0.9871479767797071
1591.1946087293632,0.9985962149033962,1591.1946087293632,1.0000149521366977,1591.1918309299492,0.9997576152289169,1591.1182192457,0.9919711936986466
1591.1959976288376,1.0009289669898267,1591.1959976288376,0.9998987206030991,1591.1932198298891,0.9903531396208209,1591.1196081451735,1.001838142658026
1591.197386528777,1.0080749414682282,1591.197386528777,0.999989849018777,1591.1946087293632,0.9986111460505073,1591.1209970451137,0.9971962678995185
1591.1987754282522,0.9897080401715718,1591.1987754282522,0.9999636103360482,1591.1959976288376,1.0008275935077093,1591.1223859450542,0.9830064499191223
1591.2001643277272,0.9980370526457364,1591.2001643277272,0.9999378224486725,1591.197386528777,1.008064708518426,1591.1237748445292,0.997646033803105
1591.2015532272017,0.990685700207297,1591.2015532272017,0.9998265373271698,1591.1987754282522,0.9896720250285795,1591.1251637444689,0.9966842347860202
1591.2029421271411,0.9954666728023438,1591.2029421271411,0.9996992576830075,1591.2001643277272,0.9979749971456687,1591.126552644409,1.0013393687570793
1591.2043310266158,0.9984301860001532,1591.2043310266158,0.9996474008259134,1591.2015532272017,0.9905138532178043,1591.127941543883,0.9983622748076876
1591.2057199260898,0.9940677505745361,1591.2057199260898,0.9995316488644188,1591.2029421271411,0.9951672938486764,1591.1293304438232,1.0070924177357026
1591.2071088260304,1.0112120207002493,1591.2071088260304,0.9995176320158923,1591.2043310266158,0.9980781403411865,1591.130719343298,0.9975319515027147
1591.2084977255054,0.9937970159369884,1591.2084977255054,0.9995360530353397,1591.2057199260898,0.9936021778147099,1591.1321082432387,0.9947751509705172
1591.209886624979,1.0006720206477466,1591.209886624979,0.9995743752662879,1591.2071088260304,1.0107242443963187,1591.1334971431784,1.0121817767591672
1591.2112755244525,0.9973382137923681,1591.2112755244525,0.9995852028652384,1591.2084977255054,0.993335946827956,1591.1348860426524,1.0082084147452401
1591.2126644243922,0.9980186037861526,1591.2126644243922,0.9996615085304154,1591.209886624979,1.0002461098854252,1591.1362749425916,0.9988428674318288
1591.2140533238671,0.9999745711695438,1591.2140533238671,0.9998085957809701,1591.2112755244525,0.9969245207588988,1591.137663842066,0.9886102664199157
1591.215442223342,1.0029174943051653,1591.215442223342,0.9997923950293653,1591.2126644243922,0.9976807830022842,1591.1390527420067,0.9974571397388188
1591.2168311228163,1.0038050769337374,1591.2168311228163,0.9998115905966654,1591.2140533238671,0.9997831718176994,1591.1404416414807,1.0007952468514836
1591.2182200222906,1.003399787386671,1591.2182200222906,0.9996700360064273,1591.215442223342,1.002709283648211,1591.1418305414209,1.0055321788806282
1591.2196089222307,0.9924439326177413,1591.2196089222307,0.9997551401085096,1591.2168311228163,1.0036159506181281,1591.1432194413603,0.9978083314174114
1591.2209978217047,1.00328992935129,1591.2209978217047,0.9997477879136453,1591.2182200222906,1.0030687015856747,1591.144608340835,1.0034652684262593
1591.2223867211796,0.9927959337902832,1591.2223867211796,0.9997752187154186,1591.2196089222307,0.9922009229040902,1591.1459972407756,1.013444519350702
1591.2237756206546,1.0013583308158898,1591.2237756206546,0.9998959969764758,1591.2209978217047,1.0030368875049895,1591.1473861402503,0.9959063082475346
1591.225164520129,1.004919311550501,1591.225164520129,0.9999541176147209,1591.2223867211796,0.9925727718449586,1591.1487750401902,1.0000128940822608
1591.2265534200687,0.997671737985358,1591.2265534200687,0.9998930152894452,1591.2237756206546,1.0012541865218538,1591.1501639396647,0.9937869821547097
1591.2279423195423,0.9920775193655009,1591.2279423195423,1.0000166581619088,1591.225164520129,1.0048732034554742,1591.1515528396044,1.0002952382160362
1591.2293312190168,1.0100829593390321,1591.2293312190168,1.0000463675460123,1591.2265534200687,0.997565002363241,1591.152941739079,1.0039892488652735
1591.2307201184915,1.0175268074369752,1591.2307201184915,1.0000681209333786,1591.2279423195423,0.9920940455534446,1591.1543306390192,0.9961151765112923
1591.2321090179655,1.015987001197383,1591.2321090179655,0.9999495902574924,1591.2293312190168,1.0101297944071255,1591.1557195384926,0.9885594391612695
1591.2334979174398,1.0038466421300298,1591.2334979174398,1.0000413020879273,1591.2307201184915,1.0175961223128356,1591.1571084384327,1.0043094286500414
1591.23488681738,1.007993303198681,1591.23488681738,1.0000386725826678,1591.2321090179655,1.0159357855542617,1591.1584973379067,0.9988229204809432
1591.236275716854,0.9932294087658134,1591.236275716854,1.0000104255735052,1591.2334979174398,1.0038881030923086,1591.1598862378469,0.9839862120511593
1591.2376646163289,1.0131734740240896,1591.2376646163289,0.9999312686081917,1591.23488681738,1.0080322849030274,1591.1612751373218,1.0029194270639432
1591.2390535158038,0.9990843724283813,1591.2390535158038,0.9999288711113923,1591.236275716854,0.993239763752022,1591.1626640372624,1.0198380411525059
1591.2404424152785,0.9948368896122735,1591.2404424152785,0.9999953606611209,1591.2376646163289,1.0131038372010768,1591.1640529367364,1.0009462391302448
1591.2418313147523,0.9955723958042895,1591.2418313147523,1.0000927383614697,1591.2390535158038,0.9990133086673452,1591.1654418366766,0.9977924945318959
1591.2432202142268,1.017763911308871,1591.2432202142268,1.0002289005370986,1591.2404424152785,0.9948322742268132,1591.1668307361506,1.010331779142146
1591.2446091137008,0.9899145256592217,1591.2446091137008,1.0001806608408497,1591.2418313147523,0.9956647235570009,1591.1682196360912,0.9979160760497808
1591.2459980136414,1.006774776297453,1591.2459980136414,1.0001751647165522,1591.2432202142268,1.0179968780148092,1591.169608535566,0.9998977600143875
1591.247386913116,0.9971675224430021,1591.247386913116,1.000150872907505,1591.2446091137008,0.9900933644497966,1591.1709974350406,1.0000044099879544
1591.2487758125894,0.9886378163059697,1591.2487758125894,1.0001704854962885,1591.2459980136414,1.006951127715775,1591.1723863349805,1.000212059016445
1591.2501647120637,0.9954193123998336,1591.2501647120637,1.0001924440966776,1591.247386913116,0.9973179680063827,1591.1737752344538,0.985153615238918
1591.2515536115377,0.9935641379046725,1591.2515536115377,1.0001831547596614,1591.2487758125894,0.9888063647147322,1591.175164134393,1.001194920235863
1591.2529425110124,1.0081406555503012,1591.2529425110124,1.0002224627865197,1591.2501647120637,0.9956108749702238,1591.176553033868,1.0009682344935715
1591.254331410487,0.9984418110120595,1591.254331410487,1.000126988711618,1591.2515536115377,0.9937461139055586,1591.1779419338086,1.0073859857066563
1591.2557203099618,1.0025099464496026,1591.2557203099618,1.0002080845201284,1591.2529425110124,1.0083649293297388,1591.1793308332826,0.9896746350576598
1591.2571092094358,0.9861303323058902,1591.2571092094358,1.0002086530431187,1591.254331410487,0.9985686018512655,1591.180719732757,0.993452883851087
1591.2584981089103,1.0108387933936063,1591.2584981089103,1.0001094758551574,1591.2557203099618,1.0027185532507334,1591.1821086326968,0.9971959342101486
1591.2598870083843,1.0056474628664616,1591.2598870083843,1.0000894617411709,1591.2571092094358,0.9863360914006375,1591.1834975321715,0.9938167605325817
1591.2612759078593,0.9924772582838625,1591.2612759078593,1.0000483574532515,1591.2584981089103,1.0109494558349392,1591.1848864316466,1.0063113752925248
1591.2626648073342,0.9944417854063673,1591.2626648073342,1.0001841859125804,1591.2598870083843,1.0057374298394937,1591.1862753315868,0.9819186344211664
1591.264053706809,0.9932778462966058,1591.264053706809,1.0002775231107985,1591.2612759078593,0.9925252519564831,1591.1876642310608,1.015168708251466
1591.2654426062822,0.9908858034708816,1591.2654426062822,1.000321758973114,1591.2626648073342,0.9946249475741205,1591.189053131001,0.9895557480802968
1591.2668315057558,0.9919965926332087,1591.2668315057558,1.0002161074868465,1591.264053706809,0.9935535038543972,1591.190442030475,0.9934027063850477
1591.2682204052307,0.9969789083522379,1591.2682204052307,1.0002038994443896,1591.2654426062822,0.9912046298694795,1591.1918309299492,0.9997576152289169
1591.2696093047057,0.9936269597964938,1591.2696093047057,1.000144980787,1591.2668315057558,0.992210970523803,1591.1932198298891,0.9903531396208209
1591.2709982041797,1.0000547455229658,1591.2709982041797,0.9999939166101798,1591.2682204052307,0.997182191797719,1591.1946087293632,0.9986111460505073
1591.2723871036535,0.9993152570983477,1591.2723871036535,1.0000876850360507,1591.2696093047057,0.9937710166151096,1591.1959976288376,1.0008275935077093
1591.2737760031282,0.9910492316243606,1591.2737760031282,1.0001567325821998,1591.2709982041797,1.0000486618001072,1591.197386528777,1.008064708518426
1591.2751649026022,1.0204340499658242,1591.2751649026022,1.0001748919646694,1591.2723871036535,0.9994028820926923,1591.1987754282522,0.9896720250285795
1591.2765538020772,0.9992384058203385,1591.2765538020772,1.0001382617124976,1591.2737760031282,0.9912045613295203,1591.2001643277272,0.9979749971456687
1591.277942701552,1.0045045551253984,1591.277942701552,1.0001039395250597,1591.2751649026022,1.0206125156816381,1591.2015532272017,0.9905138532178043
1591.2793316010266,0.9974094069825875,1591.2793316010266,1.000205388783019,1591.2765538020772,0.9993765622335207,1591.2029421271411,0.9951672938486764
1591.2807205005006,1.0097722976158483,1591.2807205005006,1.000260366147322,1591.277942701552,1.0046089628517785,1591.2043310266158,0.9980781403411865
1591.282109399975,1.0012220347203942,1591.282109399975,1.0001799451089775,1591.2793316010266,0.9976142636868592,1591.2057199260898,0.9936021778147099
1591.283498299449,0.9859104169859112,1591.283498299449,1.0002487449842654,1591.2807205005006,1.010035208138651,1591.2071088260304,1.0107242443963187
1591.2848871989236,0.9979175237086196,1591.2848871989236,1.0003157285673245,1591.282109399975,1.0014021997285425,1591.2084977255054,0.993335946827956
1591.2862760983976,1.00314173066712,1591.2862760983976,1.000212813099384,1591.283498299449,0.9861556572570714,1591.209886624979,1.0002461098854252
1591.2876649974064,0.9969760078316612,1591.2876649974064,1.0002530912125205,1591.2848871989236,0.9982325947786882,1591.2112755244525,0.9969245207588988
1591.2890538968804,0.9974263050494937,1591.2890538968804,1.0002227872002838,1591.2862760983976,1.0033552123679446,1591.2126644243922,0.9976807830022842
1591.2904427963545,0.9880486090474168,1591.2904427963545,1.0003268055160177,1591.2876649974064,0.9972283336983371,1591.2140533238671,0.9997831718176994
1591.2918316958294,0.9987028314268149,1591.2918316958294,1.0001835717655296,1591.2890538968804,0.997648518863485,1591.215442223342,1.002709283648211
1591.2932205953043,0.9958740422261898,1591.2932205953043,1.0002207820024578,1591.2904427963545,0.9883715087829471,1591.2168311228163,1.0036159506181281
1591.2946094947788,1.0042453154778344,1591.2946094947788,1.000291799670937,1591.2918316958294,0.9988861650688194,1591.2182200222906,1.0030687015856747
1591.2959983942528,1.0126902858952782,1591.2959983942528,1.0002656233717295,1591.2932205953043,0.9960939132914283,1591.2196089222307,0.9922009229040902
1591.2973872937273,1.0136011461626908,1591.2973872937273,1.000281829667331,1591.2946094947788,1.004538353930431,1591.2209978217047,1.0030368875049895
1591.2987761927366,1.003191122789216,1591.2987761927366,1.000401993440001,1591.2959983942528,1.0129592801035354,1591.2223867211796,0.9925727718449586
1591.3001650922115,1.0096549899217286,1591.3001650922115,1.0003773185065663,1591.2973872937273,1.0138868090365203,1591.2237756206546,1.0012541865218538
1591.301553991685,1.0026510806681488,1591.301553991685,1.0003760670788058,1591.2987761927366,1.0035943990396445,1591.225164520129,1.0048732034554742
1591.3029428911586,1.0034204489875491,1591.3029428911586,1.000262545688342,1591.3001650922115,1.010035951434673,1591.2265534200687,0.997565002363241
1591.304331790633,0.9926033495431819,1591.304331790633,1.0003913385766048,1591.301553991685,1.0030281447311171,1591.2279423195423,0.9920940455534446
1591.3057206901071,1.0094116975599123,1591.3057206901071,1.0005011434506124,1591.3029428911586,1.0036838927000251,1591.2293312190168,1.0101297944071255
1591.3071095891164,1.0064401864509949,1591.3071095891164,1.0005766072218163,1591.304331790633,0.9929917935251252,1591.2307201184915,1.0175961223128356
1591.308498488591,0.9993577877415358,1591.308498488591,1.0007245076598987,1591.3057206901071,1.009917557621116,1591.2321090179655,1.0159357855542617
1591.3098873880654,1.0085555453247017,1591.3098873880654,1.0006223996706476,1591.3071095891164,1.0070205071308287,1591.2334979174398,1.0038881030923086
1591.3112762875394,1.0040324279199813,1591.3112762875394,1.0006013566367111,1591.308498488591,1.000081830113734,1591.23488681738,1.0080322849030274
1591.312665187014,1.0046330178570413,1591.312665187014,1.0004727316087936,1591.3098873880654,1.0091832699639416,1591.236275716854,0.993239763752022
1591.3140540860231,1.0077492198246345,1591.3140540860231,1.0005407071649897,1591.3112762875394,1.004636209483984,1591.2376646163289,1.0131038372010768
1591.315442985498,1.011525515929274,1591.315442985498,1.0005553536581355,1591.312665187014,1.00510793963982,1591.2390535158038,0.9990133086673452
1591.316831884972,1.0031267621569766,1591.316831884972,1.00057685300881,1591.3140540860231,1.0082941170483064,1591.2404424152785,0.9948322742268132
1591.3182207844466,1.010757395556606,1591.3182207844466,1.0006389617265958,1591.315442985498,1.0120872703248427,1591.2418313147523,0.9956647235570009
1591.3196096834545,0.9955454127479453,1591.3196096834545,1.0007503583259516,1591.316831884972,1.0037054188479446,1591.2432202142268,1.0179968780148092
1591.320998582928,1.0034806706137536,1591.320998582928,1.000737762320873,1591.3182207844466,1.0114032308472405,1591.2446091137008,0.9900933644497966
1591.322387482403,1.0180600687425558,1591.322387482403,1.0006552615967768,1591.3196096834545,0.9962924285372636,1591.2459980136414,1.006951127715775
1591.323776381878,0.9998646036276906,1591.323776381878,1.000655772156695,1591.320998582928,1.0042210008422567,1591.247386913116,0.9973179680063827
1591.3251652808865,0.9976137552128709,1591.3251652808865,1.000651037957275,1591.322387482403,1.0187271644088147,1591.2487758125894,0.9888063647147322
1591.3265541803607,0.9930694922191354,1591.3265541803607,1.0006654445581564,1591.323776381878,1.0005202869952146,1591.2501647120637,0.9956108749702238
1591.3279430798348,0.9881046989853615,1591.3279430798348,1.0006790608413643,1591.3251652808865,0.9982632396342142,1591.2515536115377,0.9937461139055586
1591.3293319793097,0.9868887179290972,1591.3293319793097,1.0006969107084338,1591.3265541803607,0.9937303249086038,1591.2529425110124,1.0083649293297388
1591.330720878319,1.0151572533095319,1591.330720878319,1.0008113685326152,1591.3279430798348,0.9887756821936105,1591.254331410487,0.9985686018512655
1591.332109777793,0.9942066212362662,1591.332109777793,1.000689990027001,1591.3293319793097,0.9875764912446544,1591.2557203099618,1.0027185532507334
1591.3334986772677,1.0024411398549216,1591.3334986772677,1.0008134423307682,1591.330720878319,1.0159809199605234,1591.2571092094358,0.9863360914006375
1591.3348875762758,1.0034246162284044,1591.3348875762758,1.0008291554735484,1591.332109777793,0.9948926138896976,1591.2584981089103,1.0109494558349392
1591.3362764757503,1.004359136286507,1591.3362764757503,1.000904829110586,1591.3334986772677,1.003256567912183,1591.2598870083843,1.0057374298394937
1591.3376653752243,1.0085968833740253,1591.3376653752243,1.0009231150572595,1591.3348875762758,1.0042566112412434,1591.2612759078593,0.9925252519564831
1591.3390542742331,0.999463698384507,1591.3390542742331,1.000958943659228,1591.3362764757503,1.005267909670502,1591.2626648073342,0.9946249475741205
1591.3404431737072,0.9973271116154472,1591.3404431737072,1.0009213698191188,1591.3376653752243,1.0095279343437729,1591.264053706809,0.9935535038543972
1591.3418320731816,0.9871721470806689,1591.3418320731816,1.0008388002647461,1591.3390542742331,1.0004221277607015,1591.2654426062822,0.9912046298694795
1591.34322097219,1.002259241627729,1591.34322097219,1.000851055347166,1591.3404431737072,0.9982460187158786,1591.2668315057558,0.992210970523803
1591.344609871665,1.0061709419059437,1591.344609871665,1.000930725903718,1591.3418320731816,0.9880001873389902,1591.2682204052307,0.997182191797719
1591.34599877114,1.0022191773427649,1591.34599877114,1.0009142003355997,1591.34322097219,1.0031122197145628,1591.2696093047057,0.9937710166151096
1591.3473876701485,1.0060688615785252,1591.3473876701485,1.0009921821191479,1591.344609871665,1.0071074112651437,1591.2709982041797,1.0000486618001072
1591.3487765696227,1.002128038351227,1591.3487765696227,1.0010088499219907,1591.34599877114,1.003135406451036,1591.2723871036535,0.9994028820926923
1591.3501654690967,0.9979241807868084,1591.3501654690967,1.000909421456853,1591.3473876701485,1.0070670651136149,1591.2737760031282,0.9912045613295203
1591.3515543681056,1.0056604537125993,1591.3515543681056,1.0010273482291538,1591.3487765696227,1.0031390351445424,1591.2751649026022,1.0206125156816381
1591.3529432675805,0.9976429596731228,1591.3529432675805,1.0011238115406595,1591.3501654690967,0.9988317144491284,1591.2765538020772,0.9993765622335207
1591.3543321665898,1.0042375645362345,1591.3543321665898,1.001008910396296,1591.3515543681056,1.006693617198851,1591.277942701552,1.0046089628517785
1591.355721066063,0.9944451252963047,1591.355721066063,1.0009125406718873,1591.3529432675805,0.9987641223446612,1591.2793316010266,0.9976142636868592
1591.357109965537,1.0135785507698973,1591.357109965537,1.0008361510552057,1591.3543321665898,1.0052507502554462,1591.2807205005006,1.010035208138651
1591.3584988645453,1.0075185824549642,1591.3584988645453,1.00088139723426,1591.355721066063,0.9953525969190976,1591.282109399975,1.0014021997285425
1591.3598877640202,1.0015805579421628,1591.3598877640202,1.0008780931166688,1591.357109965537,1.0144260555446576,1591.283498299449,0.9861556572570714
1591.3612766630297,0.9984089856142264,1591.3612766630297,1.0008716750493318,1591.3584988645453,1.0084066065470056,1591.2848871989236,0.9982325947786882
1591.362665562504,0.9957998801199222,1591.362665562504,1.0008052922385249,1591.3598877640202,1.002460038935881,1591.2862760983976,1.0033552123679446
1591.3640544615123,1.007650313688411,1591.3640544615123,1.0008866008942445,1591.3612766630297,0.999279273816015,1591.2876649974064,0.9972283336983371
1591.3654433609868,1.004045978118786,1591.3654433609868,1.0008889234205587,1591.362665562504,0.9966017900345068,1591.2890538968804,0.997648518863485
1591.3668322599951,1.0095183132236787,1591.3668322599951,1.0009751661674222,1591.3640544615123,1.008543697357613,1591.2904427963545,0.9883715087829471
1591.36822115947,0.9959264716845875,1591.36822115947,1.0009533218514095,1591.3654433609868,1.0049384981040537,1591.2918316958294,0.9988861650688194
1591.369610058945,0.9955328804309918,1591.369610058945,1.001068887194597,1591.3668322599951,1.0105027613281277,1591.2932205953043,0.9960939132914283
1591.3709989579534,0.9901695305747987,1591.3709989579534,1.0009436967599308,1591.36822115947,0.9968759101524416,1591.2946094947788,1.004538353930431
1591.3723878574278,0.9985976482649491,1591.3723878574278,1.0010311186022454,1591.369610058945,0.9965969927786846,1591.2959983942528,1.0129592801035354
1591.3737767564362,0.9979509121902876,1591.3737767564362,1.0010331718311236,1591.3709989579534,0.9911039503525844,1591.2973872937273,1.0138868090365203
1591.375165655911,0.9994073254311575,1591.375165655911,1.0010128194641328,1591.3723878574278,0.9996273208762336,1591.2987761927366,1.0035943990396445
1591.376554554919,1.001394857477732,1591.376554554919,1.0010461937322643,1591.3737767564362,0.9989819669616068,1591.3001650922115,1.010035951434673
1591.3779434543935,0.995930776006878,1591.3779434543935,1.0010371195977465,1591.375165655911,1.0004195446229511,1591.301553991685,1.0030281447311171
1591.379332353402,1.0045516703392467,1591.379332353402,1.001119953970617,1591.376554554919,1.002442510501147,1591.3029428911586,1.0036838927000251
1591.3807212528764,0.9938100507813734,1591.3807212528764,1.0010496367038868,1591.3779434543935,0.9969636753326736,1591.304331790633,0.9929917935251252
1591.3821101518847,0.9965686664899543,1591.3821101518847,1.0010386373865552,1591.379332353402,1.0056767219711331,1591.3057206901071,1.009917557621116
1591.383499050894,1.0039284510556463,1591.383499050894,1.0009250442183357,1591.3807212528764,0.9948531902873652,1591.3071095891164,1.0070205071308287
1591.384887950369,0.9927377515658988,1591.384887950369,1.0008233297236364,1591.3821101518847,0.9976037399652402,1591.308498488591,1.000081830113734
1591.3862768493775,1.008294751974854,1591.3862768493775,1.0009134761658554,1591.383499050894,1.004857129264918,1591.3098873880654,1.0091832699639416
1591.3876657488518,1.0139944070470395,1591.3876657488518,1.0009999069424393,1591.384887950369,0.993555102064539,1591.3112762875394,1.004636209483984
1591.38905464786,1.004348842568169,1591.38905464786,1.0011027788432514,1591.3862768493775,1.00921580519894,1591.312665187014,1.00510793963982
1591.3904435473346,0.9912438944846755,1591.3904435473346,1.0011263689759333,1591.3876657488518,1.0150083070942404,1591.3140540860231,1.0082941170483064
1591.391832446344,0.9953368966265354,1591.391832446344,1.001140439474819,1591.38905464786,1.0054564172229972,1591.315442985498,1.0120872703248427
1591.393221345818,0.9911657931999718,1591.393221345818,1.0012560132184012,1591.3904435473346,0.9923604008550064,1591.316831884972,1.0037054188479446
1591.3946102448258,0.9884889203143861,1591.3946102448258,1.0012495880643408,1591.391832446344,0.996472018114192,1591.3182207844466,1.0114032308472405
1591.3959991438346,1.0036133167093042,1591.3959991438346,1.001196620998964,1591.393221345818,0.992410710537858,1591.3196096834545,0.9962924285372636
1591.3973880433086,1.0129513562228405,1591.3973880433086,1.0013120057975908,1591.3946102448258,0.989724124270944,1591.320998582928,1.0042210008422567
1591.398776942318,0.9949919052371239,1591.398776942318,1.0014232773740706,1591.3959991438346,1.0048142614789184,1591.322387482403,1.0187271644088147
1591.4001658417928,0.9964483689611369,1591.4001658417928,1.0013617536986128,1591.3973880433086,1.0142803542748824,1591.323776381878,1.0005202869952146
1591.4015547408017,0.998238536128211,1591.4015547408017,1.0014375058257072,1591.398776942318,0.9964080547032312,1591.3251652808865,0.9982632396342142
1591.40294363981,1.0080483423788975,1591.40294363981,1.0014534409041056,1591.4001658417928,0.9978052862130464,1591.3265541803607,0.9937303249086038
1591.4043325392845,0.9971333241232593,1591.4043325392845,1.0014894898427873,1591.4015547408017,0.9996735098393408,1591.3279430798348,0.9887756821936105
1591.4057214382929,0.9929356995171401,1591.4057214382929,1.0013692054951921,1591.40294363981,1.0095134810730269,1591.3293319793097,0.9875764912446544
1591.407110337302,1.0060127457279089,1591.407110337302,1.0014165438382476,1591.4043325392845,0.9986185440814456,1591.330720878319,1.0159809199605234
1591.408499236777,0.9989592130126411,1591.408499236777,1.0015189875964607,1591.4057214382929,0.9942952325332914,1591.332109777793,0.9948926138896976
1591.4098881357854,0.9850558143583423,1591.4098881357854,1.001586097215449,1591.407110337302,1.0074378068840684,1591.3334986772677,1.003256567912183
1591.411277034793,1.0101092388936594,1591.411277034793,1.0015736681290994,1591.408499236777,1.0004766196665775,1591.3348875762758,1.0042566112412434
1591.412665934267,0.9943181230521445,1591.412665934267,1.0015700472669973,1591.4098881357854,0.9866182086425578,1591.3362764757503,1.005267909670502
1591.4140548332762,1.011228810825307,1591.4140548332762,1.0015687357783245,1591.411277034793,1.0116988156098152,1591.3376653752243,1.0095279343437729
1591.4154437322854,0.9834261892401666,1591.4154437322854,1.0017013944989233,1591.412665934267,0.9958792495037684,1591.3390542742331,1.0004221277607015
1591.41683263176,0.9990873147811777,1591.41683263176,1.0017718118034593,1591.4140548332762,1.0128151616409211,1591.3404431737072,0.9982460187158786
1591.4182215307685,1.0060773363757483,1591.4182215307685,1.0018259013035675,1591.4154437322854,0.9850993851486368,1591.3418320731816,0.9880001873389902
1591.419610429777,0.9939352144977363,1591.419610429777,1.001862955505358,1591.41683263176,1.0008575094781935,1591.34322097219,1.0031122197145628
1591.4209993292511,1.000176430502578,1591.4209993292511,1.0017551086119438,1591.4182215307685,1.0079143342957264,1591.344609871665,1.0071074112651437
1591.4223882282604,1.0100101317044503,1591.4223882282604,1.0016245112785704,1591.419610429777,0.995786871577554,1591.34599877114,1.003135406451036
1591.4237771272697,0.9949713652036716,1591.4237771272697,1.0016035546586801,1591.4209993292511,1.0019318487692164,1591.3473876701485,1.0070670651136149
1591.4251660262782,0.9993013646134414,1591.4251660262782,1.0015354454202183,1591.4223882282604,1.0116509045548745,1591.3487765696227,1.0031390351445424
1591.4265549257525,0.9822222388845475,1591.4265549257525,1.0015234817274672,1591.4237771272697,0.9965668561715972,1591.3501654690967,0.9988317144491284
1591.4279438247609,1.0062901657030565,1591.4279438247609,1.001510358624163,1591.4251660262782,1.000835737317155,1591.3515543681056,1.006693617198851
1591.4293327237697,1.0136101416210472,1591.4293327237697,1.0015523831690367,1591.4265549257525,0.9837186365178,1591.3529432675805,0.9987641223446612
1591.430721622778,1.0035259562137029,1591.430721622778,1.0015159345700675,1591.4279438247609,1.0078100247332364,1591.3543321665898,1.0052507502554462
1591.4321105222523,1.0111480495273066,1591.4321105222523,1.0015185660454216,1591.4293327237697,1.0151836529448646,1591.355721066063,0.9953525969190976
1591.4334994212609,0.9959717518672417,1591.4334994212609,1.001597832398727,1591.430721622778,1.0050472359026872,1591.357109965537,1.0144260555446576
1591.4348883202697,0.9913544164402899,1591.4348883202697,1.0014784419208829,1591.4321105222523,1.012683544622213,1591.3584988645453,1.0084066065470056
1591.436277219278,0.9911746123167658,1591.436277219278,1.0014365458079098,1591.4334994212609,0.997563147800592,1591.3598877640202,1.002460038935881
1591.437666118753,0.9989385054121294,1591.437666118753,1.0014297255394218,1591.4348883202697,0.9928200763680076,1591.3612766630297,0.999279273816015
1591.4390550177625,0.9946801040504974,1591.4390550177625,1.0013273683760653,1591.436277219278,0.992598480050996,1591.362665562504,0.9966017900345068
1591.440443916771,1.0037336402787915,1591.440443916771,1.0012087706597677,1591.437666118753,1.0003667133056289,1591.3640544615123,1.008543697357613
1591.4418328157794,1.0007951201189076,1591.4418328157794,1.0011412949756116,1591.4390550177625,0.9960004109649154,1591.3654433609868,1.0049384981040537
1591.4432217147885,1.0080049102334838,1591.4432217147885,1.0010474603709136,1591.440443916771,1.0049469240533824,1591.3668322599951,1.0105027613281277
1591.4446106142632,0.9988186159943027,1591.4446106142632,1.001097590894463,1591.4418328157794,1.001937322561116,1591.36822115947,0.9968759101524416
1591.4459995132722,0.999588100937224,1591.4459995132722,1.0011275543901783,1591.4432217147885,1.0090607554306397,1591.369610058945,0.9965969927786846
1591.44738841228,0.9894372293014027,1591.44738841228,1.0010938090375794,1591.4446106142632,0.9999149102124382,1591.3709989579534,0.9911039503525844
1591.4487773112878,0.9936923615520723,1591.4487773112878,1.0011576753754403,1591.4459995132722,1.0007151908888057,1591.3723878574278,0.9996273208762336
1591.4501662102966,0.9959184005608394,1591.4501662102966,1.0011291612835194,1591.44738841228,0.99051948468493,1591.3737767564362,0.9989819669616068
1591.451555109305,0.9960325643933687,1591.451555109305,1.0012194792645002,1591.4487773112878,0.9948427347298042,1591.375165655911,1.0004195446229511
1591.45294400878,0.9985337445701994,1591.45294400878,1.0013166110849596,1591.4501662102966,0.9970429530602972,1591.376554554919,1.002442510501147
1591.4543329077892,1.0136538986635386,1591.4543329077892,1.0013441736527902,1591.451555109305,0.9972472054524134,1591.3779434543935,0.9969636753326736
1591.455721806798,0.9925337521345533,1591.455721806798,1.0012510568821777,1591.45294400878,0.9998484251670068,1591.379332353402,1.0056767219711331
1591.4571107058064,1.009323962214255,1591.4571107058064,1.0012390817928274,1591.4543329077892,1.01501642552717,1591.3807212528764,0.9948531902873652
1591.4584996048152,1.0006184573265184,1591.4584996048152,1.0011828264913936,1591.455721806798,0.993775468315955,1591.3821101518847,0.9976037399652402
1591.4598885038245,1.0037523371904502,1591.4598885038245,1.0011118137712234,1591.4571107058064,1.010574597158899,1591.383499050894,1.004857129264918
1591.4612774028335,0.9984735667508855,1591.4612774028335,1.0010554223274541,1591.4584996048152,1.0018020153456215,1591.384887950369,0.993555102064539
1591.462666301842,1.001450763323592,1591.462666301842,1.0010541198068816,1591.4598885038245,1.0048683228618362,1591.3862768493775,1.00921580519894
1591.464055200851,0.9987873406908437,1591.464055200851,1.0010281970085648,1591.4612774028335,0.9995273780466072,1591.3876657488518,1.0150083070942404
1591.465444100324,0.9928853309912263,1591.465444100324,1.0011063819781614,1591.462666301842,1.002506412408828,1591.38905464786,1.0054564172229972
1591.466832999332,1.0032383864354675,1591.466832999332,1.001107079085377,1591.464055200851,0.9998142908467345,1591.3904435473346,0.9923604008550064
1591.4682218983412,1.0014417065330954,1591.4682218983412,1.0010876161577609,1591.465444100324,0.9939838414278158,1591.391832446344,0.996472018114192
1591.4696107973505,1.0003399177607293,1591.4696107973505,1.0010869271321372,1591.466832999332,1.0043490506707378,1591.393221345818,0.992410710537858
1591.4709996963593,1.0020289624506113,1591.4709996963593,1.001015143054339,1591.4682218983412,1.0025308907141763,1591.3946102448258,0.989724124270944
1591.4723885953676,1.0018231592401412,1591.4723885953676,1.0010258013362143,1591.4696107973505,1.0014272143587033,1591.3959991438346,1.0048142614789184
1591.4737774943765,0.9900385425294348,1591.4737774943765,1.0009588410856396,1591.4709996963593,1.0030461651920897,1591.3973880433086,1.0142803542748824
1591.4751663933855,1.0136680898240191,1591.4751663933855,1.0009571920554123,1591.4723885953676,1.0028508307755402,1591.398776942318,0.9964080547032312
1591.476555292395,1.0025444007026847,1591.476555292395,1.0008739727198424,1591.4737774943765,0.9909878321603788,1591.4001658417928,0.9978052862130464
1591.4779441914034,0.9988590076110065,1591.4779441914034,1.0008423402654256,1591.4751663933855,1.0146383648664237,1591.4015547408017,0.9996735098393408
1591.4793330904122,0.9937441662019123,1591.4793330904122,1.0008311857518704,1591.476555292395,1.0034205971593295,1591.40294363981,1.0095134810730269
1591.4807219894203,0.9986086439759092,1591.4807219894203,1.0008581172210942,1591.4779441914034,0.9997003867726004,1591.4043325392845,0.9986185440814456
1591.4821108884294,1.0086724821543587,1591.4821108884294,1.0008635846004397,1591.4793330904122,0.9945701521938636,1591.4057214382929,0.9942952325332914
1591.4834997874375,1.0065926341728044,1591.4834997874375,1.0008417147056436,1591.4807219894203,0.9994655672504384,1591.407110337302,1.0074378068840684
1591.484888686446,0.9903663092787767,1591.484888686446,1.0008290261022448,1591.4821108884294,1.0095435561768344,1591.408499236777,1.0004766196665775
1591.486277585455,1.000984438699722,1591.486277585455,1.0008030708404971,1591.4834997874375,1.0074398979955803,1591.4098881357854,0.9866182086425578
1591.4876664844633,1.0148667084380383,1591.4876664844633,1.0007951809171827,1591.484888686446,0.9911873487999526,1591.411277034793,1.0116988156098152
1591.489055383472,0.9944263317903537,1591.489055383472,1.00075228310367,1591.486277585455,1.0017883001142331,1591.412665934267,0.9958792495037684
1591.4904442824811,1.0170941650742125,1591.4904442824811,1.0007806878876364,1591.4876664844633,1.0156737110780722,1591.4140548332762,1.0128151616409211
1591.4918331814906,1.0023707399129622,1591.4918331814906,1.0007473344726292,1591.489055383472,0.995174421917604,1591.4154437322854,0.9850993851486368
1591.493222080499,1.0047306415398083,1591.493222080499,1.000810628619198,1591.4904442824811,1.0178881981694716,1591.41683263176,1.0008575094781935
1591.4946109795078,0.9885207836672439,1591.4946109795078,1.0007905646706368,1591.4918331814906,1.003119846121254,1591.4182215307685,1.0079143342957264
1591.4959998785162,1.0047125161514967,1591.4959998785162,1.000789995859865,1591.493222080499,1.0055451049524256,1591.419610429777,0.995786871577554
1591.497388777525,0.9873088089530577,1591.497388777525,1.0007846114809433,1591.4946109795078,0.9893022732750014,1591.4209993292511,1.0019318487692164
1591.4987776765342,0.988960361369358,1591.4987776765342,1.0008114060946285,1591.4959998785162,1.0055062348796109,1591.4223882282604,1.0116509045548745
1591.5001665755435,0.997911820152218,1591.5001665755435,1.0007630552448077,1591.497388777525,0.9880834627797987,1591.4237771272697,0.9965668561715972
1591.5015554745514,1.0061492072355123,1591.5015554745514,1.0006893777931472,1591.4987776765342,0.9897628098339192,1591.4251660262782,1.000835737317155
1591.5029443730934,1.0066737225039804,1591.5029443730934,1.0006654816191025,1591.5001665755435,0.9986732820004408,1591.4265549257525,0.9837186365178
1591.504333272102,0.9934560621318658,1591.504333272102,1.0006090746653884,1591.5015554745514,1.0068428241555731,1591.4279438247609,1.0078100247332364
1591.5057221711113,0.9890039063699477,1591.5057221711113,1.0006869333061814,1591.5029443730934,1.0073436453627402,1591.4293327237697,1.0151836529448646
1591.5071110701206,0.9969641792961801,1591.5071110701206,1.0006764250305222,1591.504333272102,0.9940611510504868,1591.430721622778,1.0050472359026872
1591.508499969129,0.9931464142070245,1591.508499969129,1.000593699476898,1591.5057221711113,0.9896832860931768,1591.4321105222523,1.012683544622213
1591.5098888681378,1.0034161589806116,1591.5098888681378,1.0006057161306623,1591.5071110701206,0.99763855082159,1591.4334994212609,0.997563147800592
1591.511277767146,1.0036050311007663,1591.511277767146,1.000500262206543,1591.508499969129,0.9937360447136224,1591.4348883202697,0.9928200763680076
1591.512666666155,1.0051463322931014,1591.512666666155,1.0004389509349936,1591.5098888681378,1.0040239443338734,1591.436277219278,0.992598480050996
1591.5140555651642,0.9964584142899395,1591.5140555651642,1.0004582965482218,1591.511277767146,1.0041070967681225,1591.437666118753,1.0003667133056289
1591.5154444637078,0.9959288246868002,1591.5154444637078,1.0004773602302701,1591.512666666155,1.0055875422154668,1591.4390550177625,0.9960004109649154
1591.5168333627162,1.0100896016922867,1591.5168333627162,1.0005756856734265,1591.5140555651642,0.9969150877416552,1591.440443916771,1.0049469240533824
1591.518222261725,0.9904160091799104,1591.518222261725,1.000621818834788,1591.5154444637078,0.9964042414998854,1591.4418328157794,1.001937322561116
1591.519611160733,0.9912678710732433,1591.519611160733,1.000752033628623,1591.5168333627162,1.010671095804858,1591.4432217147885,1.0090607554306397
1591.5210000597413,1.0108648971534884,1591.5210000597413,1.0007853471056638,1591.518222261725,0.991031868508694,1591.4446106142632,0.9999149102124382
1591.5223889587503,1.0054562314515647,1591.5223889587503,1.0006660150395232,1591.519611160733,0.992013337847264,1591.4459995132722,1.0007151908888057
1591.5237778572932,0.9977902626682398,1591.5237778572932,1.0006546897714088,1591.5210000597413,1.011658776974685,1591.44738841228,0.99051948468493
1591.525166756302,1.0070630876939584,1591.525166756302,1.0006223638203668,1591.5223889587503,1.0061258804232938,1591.4487773112878,0.9948427347298042
1591.5265556553104,1.0058944353141128,1591.5265556553104,1.000582394122732,1591.5237778572932,0.99844350574722,1591.4501662102966,0.9970429530602972
1591.5279445543192,1.0009788178622427,1591.5279445543192,1.0005121046633487,1591.525166756302,1.007689847324566,1591.451555109305,0.9972472054524134
1591.5293334533285,0.9941016209323413,1591.5293334533285,1.0005647940868743,1591.5265556553104,1.0064802623213287,1591.45294400878,0.9998484251670068
1591.530722351872,1.006190336945034,1591.530722351872,1.0005519567336223,1591.5279445543192,1.0014914237827832,1591.4543329077892,1.01501642552717
1591.5321112508805,1.0058796227662257,1591.5321112508805,1.0004462869649113,1591.5293334533285,0.994663083649596,1591.455721806798,0.993775468315955
1591.5335001498893,1.0054106019210964,1591.5335001498893,1.0004857646241174,1591.530722351872,1.0067457104768165,1591.4571107058064,1.010574597158899
1591.5348890488976,1.0014907007723695,1591.5348890488976,1.0004885153314451,1591.5321112508805,1.0063285337301362,1591.4584996048152,1.0018020153456215
1591.5362779474408,0.9963426498381519,1591.5362779474408,1.0004031793669848,1591.5335001498893,1.0058989948242223,1591.4598885038245,1.0048683228618362
1591.5376668464492,0.9970867577594456,1591.5376668464492,1.0003962987227493,1591.5348890488976,1.0019799443339965,1591.4612774028335,0.9995273780466072
1591.539055745458,1.011499012511163,1591.539055745458,1.0002883121898707,1591.5362779474408,0.9967443546370136,1591.462666301842,1.002506412408828
1591.5404446444663,1.006583642190121,1591.5404446444663,1.000383049345547,1591.5376668464492,0.9974819019680158,1591.464055200851,0.9998142908467345
1591.5418335430093,1.0020380867515468,1591.5418335430093,1.000377269933725,1591.539055745458,1.011790640006512,1591.465444100324,0.9939838414278158
1591.5432224420178,1.0099030837965803,1591.5432224420178,1.000279856680178,1591.5404446444663,1.0069692133955004,1591.466832999332,1.0043490506707378
1591.5446113410271,0.9968116611009402,1591.5446113410271,1.000400472755995,1591.5418335430093,1.0024161255941255,1591.4682218983412,1.0025308907141763
1591.5460002395707,0.9873513734412043,1591.5460002395707,1.0003329623462385,1591.5432224420178,1.0101857119209132,1591.4696107973505,1.0014272143587033
1591.547389138579,1.001183225806448,1591.547389138579,1.0002825857655795,1591.5446113410271,0.9972108570140692,1591.4709996963593,1.0030461651920897
1591.548778037588,1.0004549042539437,1591.548778037588,1.0003033239539039,1591.5460002395707,0.987680124271067,1591.4723885953676,1.0028508307755402
1591.5501669365965,1.0014418316442568,1591.5501669365965,1.0003145867129362,1591.547389138579,1.0014661459347978,1591.4737774943765,0.9909878321603788
1591.5515558351394,1.0019309679611357,1591.5515558351394,1.000304610842605,1591.548778037588,1.0007583661912045,1591.4751663933855,1.0146383648664237
1591.5529447341487,0.9989918047332351,1591.5529447341487,1.0002891136379362,1591.5501669365965,1.0017568719382706,1591.476555292395,1.0034205971593295
1591.554333633157,1.004116779266328,1591.554333633157,1.0001766218623542,1591.5515558351394,1.0022361669975184,1591.4779441914034,0.9997003867726004
1591.5557225316993,1.0072358941563613,1591.5557225316993,1.000185380027347,1591.5529447341487,0.99928062688817,1591.4793330904122,0.9945701521938636
1591.557111430708,1.0114182751884122,1591.557111430708,1.0001167768691037,1591.554333633157,1.0042941282419031,1591.4807219894203,0.9994655672504384
1591.5585003297165,0.9933983319628059,1591.5585003297165,1.0000814744248832,1591.5557225316993,1.007422615573965,1591.4821108884294,1.0095435561768344
1591.55988922826,1.0000109892915392,1591.55988922826,1.000179146129181,1591.557111430708,1.0115363854479429,1591.4834997874375,1.0074398979955803
1591.5612781272694,1.004132833865639,1591.5612781272694,1.000174840550224,1591.5585003297165,0.9934792685205824,1591.484888686446,0.9911873487999526
1591.5626670262775,0.9959342896797464,1591.5626670262775,1.00018292168066,1591.55988922826,1.000190137389409,1591.486277585455,1.0017883001142331
1591.5640559248209,0.9949595854925107,1591.5640559248209,1.0001991729505049,1591.5612781272694,1.00430839700281,1591.4876664844633,1.0156737110780722
1591.5654448238292,0.9973526543041145,1591.5654448238292,1.000168378984256,1591.5626670262775,0.9961164676538414,1591.489055383472,0.995174421917604
1591.5668337223724,0.9982831637756872,1591.5668337223724,1.000157290837032,1591.5640559248209,0.9951577545287864,1591.4904442824811,1.0178881981694716
1591.5682226213817,1.0018483061146466,1591.5682226213817,1.0000443446062293,1591.5654448238292,0.9975205875309912,1591.4918331814906,1.003119846121254
1591.569611520391,1.0079874383491714,1591.569611520391,1.0000459681481193,1591.5668337223724,0.9984401845701124,1591.493222080499,1.0055451049524256
1591.5710004189336,1.001261051647384,1591.5710004189336,1.0000097475786638,1591.5682226213817,1.0018927326832827,1591.4946109795078,0.9893022732750014
1591.5723893179415,1.0077861612075634,1591.5723893179415,1.0000253269147854,1591.569611520391,1.0080337736650398,1591.4959998785162,1.0055062348796109
1591.5737782164838,0.9939712034999935,1591.5737782164838,1.0001163574166232,1591.5710004189336,1.001270811518248,1591.497388777525,0.9880834627797987
1591.575167115493,1.004603532308346,1591.575167115493,1.0001776834803304,1591.5723893179415,1.0078116853217902,1591.4987776765342,0.9897628098339192
1591.576556014037,1.0047463402725787,1591.576556014037,1.0002528301131755,1591.5737782164838,0.9940868594214306,1591.5001665755435,0.9986732820004408
1591.5779449130457,0.9975557976811047,1591.5779449130457,1.000248681785103,1591.575167115493,1.0047820337603188,1591.5015554745514,1.0068428241555731
1591.5793338120538,0.9968546673630498,1591.5793338120538,1.0001822164744563,1591.576556014037,1.0050003704035024,1591.5029443730934,1.0073436453627402
1591.5807227105968,0.9903484077388277,1591.5807227105968,1.0003234673813788,1591.5779449130457,0.997803871637612,1591.504333272102,0.9940611510504868
1591.5821116096054,0.9968842883027801,1591.5821116096054,1.0002205476838868,1591.5793338120538,0.997036310706082,1591.5057221711113,0.9896832860931768
1591.583500508149,0.9965067129956776,1591.583500508149,1.0002213785717273,1591.5807227105968,0.9906687531449316,1591.5071110701206,0.99763855082159
1591.5848894071582,0.9989258820653376,1591.5848894071582,1.0001392023404092,1591.5821116096054,0.9971041488236684,1591.508499969129,0.9937360447136224
1591.586278305701,1.0089620406661173,1591.586278305701,1.0001364846627983,1591.583500508149,0.9967273182285172,1591.5098888681378,1.0040239443338734
1591.5876672047098,0.9974958822654284,1591.5876672047098,1.0000958585883286,1591.5848894071582,0.9990649348860164,1591.511277767146,1.0041070967681225
1591.5890561032525,1.0069798187199592,1591.5890561032525,1.0000911613466843,1591.586278305701,1.009099748510014,1591.512666666155,1.0055875422154668
1591.5904450022613,0.9934686411737369,1591.5904450022613,1.000123802437126,1591.5876672047098,0.997591500812566,1591.5140555651642,0.9969150877416552
1591.591833900804,1.0009747800070983,1591.591833900804,1.0000720893015769,1591.5890561032525,1.0070716163563176,1591.5154444637078,0.9964042414998854
1591.5932227998128,1.0068697763209666,1591.5932227998128,1.000121787160456,1591.5904450022613,0.9935916350127224,1591.5168333627162,1.010671095804858
1591.5946116983555,0.9937629760203956,1591.5946116983555,1.0001193916047442,1591.591833900804,1.001046939579885,1591.518222261725,0.991031868508694
1591.5960005973643,1.013624150796339,1591.5960005973643,1.0000596697608708,1591.5932227998128,1.0069924001319737,1591.519611160733,0.992013337847264
1591.597389495907,0.9947573638684751,1591.597389495907,1.0000567619018348,1591.5946116983555,0.993881622976838,1591.5210000597413,1.011658776974685
1591.5987783949165,0.9985693422875805,1591.5987783949165,1.0000790209298969,1591.5960005973643,1.01368463350703,1591.5223889587503,1.0061258804232938
1591.60016729346,0.997320920239978,1591.60016729346,0.9999504462494944,1591.597389495907,0.9948138281883124,1591.5237778572932,0.99844350574722
1591.6015561924685,0.9937337064802901,1591.6015561924685,0.9999072882364826,1591.5987783949165,0.9986482501655746,1591.525166756302,1.007689847324566
1591.6029450910114,1.0039414520291363,1591.6029450910114,0.9999254607081287,1591.60016729346,0.9972714992479224,1591.5265556553104,1.0064802623213287
1591.604333989554,0.9993055671177427,1591.604333989554,1.0000360345442518,1591.6015561924685,0.9936415756758956,1591.5279445543192,1.0014914237827832
1591.6057228885634,1.012353832469973,1591.6057228885634,1.0000901502356632,1591.6029450910114,1.0038666189442218,1591.5293334533285,0.994663083649596
1591.607111787107,1.0051209252461475,1591.607111787107,1.0000893901173393,1591.604333989554,0.999341576638422,1591.530722351872,1.0067457104768165
1591.608500686115,1.0011401947811824,1591.608500686115,0.9999666869765345,1591.6057228885634,1.0124450964065448,1591.5321112508805,1.0063285337301362
1591.6098895846571,0.996165454783891,1591.6098895846571,1.0000490526827948,1591.607111787107,1.0052107731235955,1591.5335001498893,1.0058989948242223
1591.611278483666,0.9950422987795279,1591.611278483666,1.0000261596723123,1591.608500686115,1.0011068437743813,1591.5348890488976,1.0019799443339965
1591.6126673822089,1.0028631707211364,1591.6126673822089,0.9999256316645172,1591.6098895846571,0.9962143193719556,1591.5362779474408,0.9967443546370136
1591.6140562807525,1.0097575884399004,1591.6140562807525,0.9999783155706726,1591.611278483666,0.9950683287600008,1591.5376668464492,0.9974819019680158
1591.6154451797615,1.004463202508498,1591.6154451797615,1.0000069172470327,1591.6126673822089,1.0027885894564128,1591.539055745458,1.011790640006512
1591.6168340783047,1.0040104672229395,1591.6168340783047,1.0000432557324845,1591.6140562807525,1.009735692422836,1591.5404446444663,1.0069692133955004
1591.6182229768474,0.9919274148963135,1591.6182229768474,0.9999381850930843,1591.6154451797615,1.0044701506286051,1591.5418335430093,1.0024161255941255
1591.619611875856,0.9903928476935013,1591.619611875856,1.0000275120033264,1591.6168340783047,1.0040538964311214,1591.5432224420178,1.0101857119209132
1591.6210007743994,0.9991170706335883,1591.6210007743994,0.9999228257814575,1591.6182229768474,0.9918660989954946,1591.5446113410271,0.9972108570140692
1591.6223896734086,1.0021839372964922,1591.6223896734086,0.999975158839731,1591.619611875856,0.9904200953848216,1591.5460002395707,0.987680124271067
1591.6237785719518,0.9943244591527676,1591.6237785719518,1.0000061728003722,1591.6210007743994,0.9990399645544298,1591.547389138579,1.0014661459347978
1591.6251674704945,0.9909144970438976,1591.6251674704945,1.0000851175392143,1591.6223896734086,1.0021590418846869,1591.548778037588,1.0007583661912045
1591.6265563695024,0.9921661991329308,1591.6265563695024,0.9999873904178125,1591.6237785719518,0.9943305969191591,1591.5501669365965,1.0017568719382706
1591.6279452680446,0.9992743806684627,1591.6279452680446,0.9999742458265007,1591.6251674704945,0.9909988412474576,1591.5515558351394,1.0022361669975184
1591.6293341665885,1.0047003789149758,1591.6293341665885,1.0000401972025341,1591.6265563695024,0.9921536883316991,1591.5529447341487,0.99928062688817
1591.6307230655975,0.9962752220509621,1591.6307230655975,1.0000402355749582,1591.6279452680446,0.9992486451826896,1591.554333633157,1.0042941282419031
1591.632111964141,0.9941832855502625,1591.632111964141,1.0000056406221953,1591.6293341665885,1.0047407650595932,1591.5557225316993,1.007422615573965
1591.6335008626834,0.9960680118988928,1591.6335008626834,1.0000750743501419,1591.6307230655975,0.996315307757338,1591.557111430708,1.0115363854479429
1591.6348897612263,0.9972650790822767,1591.6348897612263,1.000043502612994,1591.632111964141,0.9941888933625692,1591.5585003297165,0.9934792685205824
1591.6362786602358,1.0007099268298547,1591.6362786602358,1.0000074728718304,1591.6335008626834,0.9961427910575832,1591.55988922826,1.000190137389409
1591.6376675587794,1.0115122684057565,1591.6376675587794,0.9999056409529888,1591.6348897612263,0.9973084627190644,1591.5612781272694,1.00430839700281
1591.639056457322,0.9965103469180288,1591.639056457322,0.9998757480410514,1591.6362786602358,1.0007174050068774,1591.5626670262775,0.9961164676538414
1591.6404453563305,1.0170836712058937,1591.6404453563305,0.9998728941021964,1591.6376675587794,1.0114168230720697,1591.5640559248209,0.9951577545287864
1591.6418342548736,1.0010003569582049,1591.6418342548736,0.9997548103265281,1591.639056457322,0.9963865285553116,1591.5654448238292,0.9975205875309912
1591.6432231534163,1.013757741690274,1591.6432231534163,0.9998336049402438,1591.6404453563305,1.0169543938727237,1591.5668337223724,0.9984401845701124
1591.6446120519597,1.0075652923161362,1591.6446120519597,0.99985125269097,1591.6418342548736,1.0007549220075371,1591.5682226213817,1.0018927326832827
1591.6460009509678,0.9937631446424399,1591.6460009509678,0.9997751175394983,1591.6432231534163,1.0135890574102673,1591.569611520391,1.0080337736650398
1591.647389849511,0.9873573394873842,1591.647389849511,0.9996440238418457,1591.6446120519597,1.007415419690232,1591.5710004189336,1.001270811518248
1591.6487787480537,0.9920999670373383,1591.6487787480537,0.9996203838658371,1591.6460009509678,0.9935396647413168,1591.5723893179415,1.0078116853217902
1591.6501676465969,0.9949949641787574,1591.6501676465969,0.9996100769006083,1591.647389849511,0.987005863814948,1591.5737782164838,0.9940868594214306
1591.6515565451405,1.000435216120797,1591.6515565451405,0.9994773999011582,1591.6487787480537,0.9917233498831484,1591.575167115493,1.0047820337603188
1591.6529454441495,1.004935588649768,1591.6529454441495,0.9994888049526909,1591.6501676465969,0.9946069926584458,1591.576556014037,1.0050003704035024
1591.6543343426924,0.9888689200555517,1591.6543343426924,0.9995330988752104,1591.6515565451405,0.9999123885779676,1591.5779449130457,0.997803871637612
1591.6557232412356,0.9950044482299834,1591.6557232412356,0.999468209318595,1591.6529454441495,1.0044218705539856,1591.5793338120538,0.997036310706082
1591.6571121397783,1.0055619392102637,1591.6571121397783,0.9993992736304671,1591.6543343426924,0.9884072160445082,1591.5807227105968,0.9906687531449316
1591.6585010383212,0.994125801399876,1591.6585010383212,0.9992428030311692,1591.6557232412356,0.9944753141364582,1591.5821116096054,0.9971041488236684
1591.6598899373305,0.9995690824010058,1591.6598899373305,0.9991922317309015,1591.6571121397783,1.0049578716371814,1591.583500508149,0.9967273182285172
1591.661278835874,0.9956845058551202,1591.661278835874,0.9992135089058729,1591.6585010383212,0.9933730523564196,1591.5848894071582,0.9990649348860164
1591.662667734416,0.9944606867973463,1591.662667734416,0.9993198086949394,1591.6598899373305,0.9987616622134704,1591.586278305701,1.009099748510014
1591.6640566329584,1.0162652710049351,1591.6640566329584,0.9992104490896148,1591.661278835874,0.9949014088587048,1591.5876672047098,0.997591500812566
1591.6654455315015,0.9939448418975713,1591.6654455315015,0.9990983827262008,1591.662667734416,0.9937842632849622,1591.5890561032525,1.0070716163563176
1591.6668344300451,0.9986781832200634,1591.6668344300451,0.9990064733700587,1591.6640566329584,1.0154628778350203,1591.5904450022613,0.9935916350127224
1591.6682233285887,1.0140869126671417,1591.6682233285887,0.9989972442971586,1591.6654455315015,0.9930486840589128,1591.591833900804,1.001046939579885
1591.669612227597,0.9973190056359557,1591.669612227597,0.9989812085881151,1591.6668344300451,0.9976859698502928,1591.5932227998128,1.0069924001319737
1591.6710011261405,1.0029409971388181,1591.6710011261405,0.9990448928299012,1591.6682233285887,1.013070031232288,1591.5946116983555,0.993881622976838
1591.672390024683,1.0000293676730505,1591.672390024683,0.9990141930224629,1591.669612227597,0.9963029455981042,1591.5960005973643,1.01368463350703
1591.673778923226,1.0031170760984292,1591.673778923226,0.9990006753891228,1591.6710011261405,1.0019830810012649,1591.597389495907,0.9948138281883124
1591.6751678217695,0.993485058394052,1591.6751678217695,0.9990044713820341,1591.672390024683,0.9990435317446564,1591.5987783949165,0.9986482501655746
1591.676556720313,1.0190377295917497,1591.676556720313,0.9989440071991609,1591.673778923226,1.0021146365166929,1591.60016729346,0.9972714992479224
1591.677945618856,0.9924716153525226,1591.677945618856,0.9989208409943019,1591.6751678217695,0.9924960155868991,1591.6015561924685,0.9936415756758956
1591.6793345173985,1.0176595486838678,1591.6793345173985,0.9988356205194922,1591.676556720313,1.0179616330855172,1591.6029450910114,1.0038666189442218
1591.6807234159403,1.0013063500339086,1591.6807234159403,0.9987471646241132,1591.677945618856,0.9914005806709152,1591.604333989554,0.999341576638422
1591.682112314484,0.9920590025788553,1591.682112314484,0.9987422040072895,1591.6793345173985,1.0164746067872374,1591.6057228885634,1.0124450964065448
1591.6835012134934,1.0103981654570104,1591.6835012134934,0.9988603645067929,1591.6807234159403,1.000051878016486,1591.607111787107,1.0052107731235955
1591.684890112036,0.9878220001464508,1591.684890112036,0.998947481678569,1591.682112314484,0.9908111947408792,1591.608500686115,1.0011068437743813
1591.6862790105793,1.000461330997619,1591.6862790105793,0.9988282009238367,1591.6835012134934,1.0092466798453843,1591.6098895846571,0.9962143193719556
1591.687667909122,1.0012042255455296,1591.687667909122,0.9988078194245347,1591.684890112036,0.986782299392984,1591.611278483666,0.9950683287600008
1591.689056807665,1.0024363324422378,1591.689056807665,0.9987975545076824,1591.6862790105793,0.9992889913342188,1591.6126673822089,1.0027885894564128
1591.6904457062087,1.001190176196458,1591.6904457062087,0.9987914888403114,1591.687667909122,1.0000106093157604,1591.6140562807525,1.009735692422836
1591.6918346047523,0.9929778652820026,1591.6918346047523,0.998829706068997,1591.689056807665,1.0012309573929572,1591.6154451797615,1.0044701506286051
1591.693223503295,1.002217967608992,1591.693223503295,0.9987558364381375,1591.6904457062087,0.999980226695554,1591.6168340783047,1.0040538964311214
1591.6946124018382,0.9969951791976164,1591.6946124018382,0.9986135335181415,1591.6918346047523,0.9918157893126428,1591.6182229768474,0.9918660989954946
1591.6960013003809,0.9973279352421148,1591.6960013003809,0.998683410982432,1591.693223503295,1.000971044532649,1591.619611875856,0.9904200953848216
1591.6973901989231,1.015707546610193,1591.6973901989231,0.998592214378644,1591.6946124018382,0.9956128787990844,1591.6210007743994,0.9990399645544298
1591.6987790974658,1.0043588239447618,1591.6987790974658,0.998714899445275,1591.6960013003809,0.9960148642356612,1591.6223896734086,1.0021590418846869
1591.7001679960094,1.0180779754562959,1591.7001679960094,0.9987145926108322,1591.6973901989231,1.0142776481305724,1591.6237785719518,0.9943305969191591
1591.7015568945526,1.0006747590514433,1591.7015568945526,0.9987277032817611,1591.6987790974658,1.0030681218629676,1591.6251674704945,0.9909988412474576
1591.7029457930953,1.0016087655959107,1591.7029457930953,0.9986712131769755,1591.7001679960094,1.0167693305038954,1591.6265563695024,0.9921536883316991
1591.7043346916385,1.0113934127362496,1591.7043346916385,0.9986285807662192,1591.7015568945526,0.9994016038394776,1591.6279452680446,0.9992486451826896
1591.705723590182,1.0026622847530318,1591.705723590182,0.9986776711805854,1591.7029457930953,1.000277841066361,1591.6293341665885,1.0047407650595932
1591.7071124887257,1.0031209171614046,1591.7071124887257,0.998776311089676,1591.7043346916385,1.010006368357104,1591.6307230655975,0.996315307757338
1591.7085013868027,0.9899211182607504,1591.7085013868027,0.9988605464467039,1591.705723590182,1.0013364355177627,1591.632111964141,0.9941888933625692
1591.709890285346,1.0003987057452965,1591.709890285346,0.998834905140905,1591.7071124887257,1.00189340921936,1591.6335008626834,0.9961427910575832
1591.7112791838886,0.9983106375622167,1591.7112791838886,0.998721483658149,1591.7085013868027,0.9887931491250652,1591.6348897612263,0.9973084627190644
1591.7126680824315,1.0015484216223507,1591.7126680824315,0.9987440338847329,1591.709890285346,0.9992331463561874,1591.6362786602358,1.0007174050068774
1591.714056980975,1.0020449396457671,1591.714056980975,0.9987015056107881,1591.7112791838886,0.9970342810978496,1591.6376675587794,1.0114168230720697
1591.715445879518,0.9835378389895852,1591.715445879518,0.998823862433791,1591.7126680824315,1.0002905107419937,1591.639056457322,0.9963865285553116
1591.7168347780605,1.0099932314742979,1591.7168347780605,0.998819652594001,1591.714056980975,1.000743789913899,1591.6404453563305,1.0169543938727237
1591.718223676603,1.0023574223508134,1591.718223676603,0.9988134144701882,1591.715445879518,0.9823810631893616,1591.6418342548736,1.0007549220075371
1591.719612575146,0.9975733901719519,1591.719612575146,0.998938119415741,1591.7168347780605,1.0088010885834506,1591.6432231534163,1.0135890574102673
1591.7210014736895,1.003589878899416,1591.7210014736895,0.998930337001363,1591.718223676603,1.0011680395377525,1591.6446120519597,1.007415419690232
1591.7223903722331,0.996385555203598,1591.7223903722331,0.9990338478607045,1591.719612575146,0.9965140863575548,1591.6460009509678,0.9935396647413168
1591.7237792703104,0.9913203018150976,1591.7237792703104,0.999117286726351,1591.7210014736895,1.0025163759401508,1591.647389849511,0.987005863814948
1591.7251681688535,1.0006640117878745,1591.7251681688535,0.9990807142332279,1591.7223903722331,0.9954228951678749,1591.6487787480537,0.9917233498831484
1591.7265570673962,1.0013945603466812,1591.7265570673962,0.9991861507720929,1591.7237792703104,0.9904452502262476,1591.6501676465969,0.9946069926584458
1591.7279459659394,1.0085742967153672,1591.7279459659394,0.9990991653471339,1591.7251681688535,0.9997441156045168,1591.6515565451405,0.9999123885779676
1591.729334864483,1.0065590795899784,1591.729334864483,0.9991681191546209,1591.7265570673962,1.0005795761569127,1591.6529454441495,1.0044218705539856
1591.7307237630266,1.0100613912002838,1591.7307237630266,0.9991658815546309,1591.7279459659394,1.007665738038896,1591.6543343426924,0.9884072160445082
1591.732112661569,0.9888756127775138,1591.732112661569,0.9991832033098398,1591.729334864483,1.0057217423719251,1591.6557232412356,0.9944753141364582
1591.733501559646,1.0038259201987492,1591.733501559646,0.9992547703715103,1591.7307237630266,1.0092188803629285,1591.6571121397783,1.0049578716371814
1591.734890458188,0.999355795035207,1591.734890458188,0.9992523038453408,1591.732112661569,0.988067902450017,1591.6585010383212,0.9933730523564196
1591.7362793567318,0.9977662683376965,1591.7362793567318,0.9993578492348357,1591.733501559646,1.0030778393811712,1591.6598899373305,0.9987616622134704
1591.7376682552754,1.0011114723895571,1591.7376682552754,0.9993872929286532,1591.734890458188,0.9986085805501228,1591.661278835874,0.9949014088587048
1591.739057153818,1.0100870453952604,1591.739057153818,0.9992791491905425,1591.7362793567318,0.9971255519650284,1591.662667734416,0.9937842632849622
1591.7404460518956,1.0071966850868275,1591.7404460518956,0.9991905056366437,1591.7376682552754,1.0004980843112177,1591.6640566329584,1.0154628778350203
1591.7418349504385,0.996061933320925,1591.7418349504385,0.9992199380544705,1591.739057153818,1.0093589233309648,1591.6654455315015,0.9930486840589128
1591.7432238489814,1.0045042635804757,1591.7432238489814,0.9993546834753452,1591.7404460518956,1.0063813650474585,1591.6668344300451,0.9976859698502928
1591.744612747525,0.9904944973494938,1591.744612747525,0.9994573198914493,1591.7418349504385,0.9952849433113508,1591.6682233285887,1.013070031232288
1591.746001645603,1.0004834073401134,1591.746001645603,0.9995166725457262,1591.7432238489814,1.0038560403801011,1591.669612227597,0.9963029455981042
1591.7473905441457,0.9974425196150839,1591.7473905441457,0.999579554107003,1591.744612747525,0.9899569756881532,1591.6710011261405,1.0019830810012649
1591.7487794426888,1.0104195281914417,1591.7487794426888,0.9996217787061008,1591.746001645603,0.9999998462418006,1591.672390024683,0.9990435317446564
1591.750168341231,0.9947301937332657,1591.750168341231,0.9997540955822725,1591.7473905441457,0.9970231490042112,1591.673778923226,1.0021146365166929
1591.751557239308,1.0163777261559443,1591.751557239308,0.9997668591457679,1591.7487794426888,1.010037366010108,1591.6751678217695,0.9924960155868991
1591.7529461378515,1.002337254102334,1591.7529461378515,0.9998656461235789,1591.750168341231,0.9944855851841796,1591.676556720313,1.0179616330855172
1591.7543350363949,0.9892922525415047,1591.7543350363949,0.9998640942852451,1591.751557239308,1.0161407669846458,1591.677945618856,0.9914005806709152
1591.7557239349376,0.9924730845808903,1591.7557239349376,0.99991862396579,1591.7529461378515,1.002202586206764,1591.6793345173985,1.0164746067872374
1591.7571128330146,1.0029184829879156,1591.7571128330146,1.0000415792706616,1591.7543350363949,0.9891578020708216,1591.6807234159403,1.000051878016486
1591.7585017315578,1.0002967747913407,1591.7585017315578,1.0001588251215432,1591.7557239349376,0.992392321057207,1591.682112314484,0.9908111947408792
1591.7598906301014,0.998937479414799,1591.7598906301014,1.0002651970788587,1591.7571128330146,1.0029601836069713,1591.6835012134934,1.0092466798453843
1591.761279528179,0.9934505497986063,1591.761279528179,1.0001937091410973,1591.7585017315578,1.0004556470481762,1591.684890112036,0.986782299392984
1591.762668426722,0.9900963207012307,1591.762668426722,1.0001925268066383,1591.7598906301014,0.9992023947163023,1591.6862790105793,0.9992889913342188
1591.7640573252652,0.9945595231597331,1591.7640573252652,1.0001970720854743,1591.761279528179,0.9936429902513304,1591.687667909122,1.0000106093157604
1591.7654462233422,0.9857413805005478,1591.7654462233422,1.0001260092250577,1591.762668426722,0.9902869407841196,1591.689056807665,1.0012309573929572
1591.7668351218858,1.0029925412794436,1591.7668351218858,1.000082713453672,1591.7640573252652,0.9947555230790904,1591.6904457062087,0.999980226695554
1591.768224020429,0.9950032573400535,1591.768224020429,1.0000788732442412,1591.7654462233422,0.985865593008012,1591.6918346047523,0.9918157893126428
1591.7696129185056,0.9995245096853526,1591.7696129185056,0.9999525361097827,1591.7668351218858,1.00307550225654,1591.693223503295,1.000971044532649
1591.7710018170485,0.9884333469865024,1591.7710018170485,1.0000848802053979,1591.768224020429,0.9950817364749904,1591.6946124018382,0.9956128787990844
1591.7723907155914,0.9898480512396003,1591.7723907155914,1.0002054173696107,1591.7696129185056,0.9994770683637554,1591.6960013003809,0.9960148642356612
1591.7737796136685,1.0052176423426897,1591.7737796136685,1.0003501141446982,1591.7710018170485,0.9885172454120168,1591.6973901989231,1.0142776481305724
1591.775168512212,0.9859981254798,1591.775168512212,1.0004027733555763,1591.7723907155914,0.9900513832226002,1591.6987790974658,1.0030681218629676
1591.7765574107557,1.0022801641463954,1591.7765574107557,1.0004844414838403,1591.7737796136685,1.005569583257774,1591.7001679960094,1.0167693305038954
1591.7779463088327,1.0002888199153361,1591.7779463088327,1.0004183162323204,1591.775168512212,0.9863952592533914,1591.7015568945526,0.9994016038394776
1591.779335207376,0.9999142493665761,1591.779335207376,1.0005050925552623,1591.7765574107557,1.0027657102363383,1591.7029457930953,1.000277841066361
1591.780724105453,0.9974512131584781,1591.780724105453,1.00050055811404,1591.7779463088327,1.0007072569657154,1591.7043346916385,1.010006368357104
1591.7821130039963,0.986944366318542,1591.7821130039963,1.0003905962558688,1591.779335207376,1.000419298609832,1591.705723590182,1.0013364355177627
1591.78350190254,0.994837535373402,1591.78350190254,1.0003733789430185,1591.780724105453,0.9979504954565837,1591.7071124887257,1.00189340921936
1591.7848908006176,0.9984940550240873,1591.7848908006176,1.0004087577503382,1591.7821130039963,0.9873298630927768,1591.7085013868027,0.9887931491250652
1591.78627969916,1.006508640203218,1591.78627969916,1.0004112768531557,1591.78350190254,0.9952089867608348,1591.709890285346,0.9992331463561874
1591.7876685972365,0.9965106209181607,1591.7876685972365,1.0005306164739343,1591.7848908006176,0.998902197207745,1591.7112791838886,0.9970342810978496
1591.7890574957792,0.9877941973850718,1591.7890574957792,1.0004561562507217,1591.78627969916,1.0069225939094348,1591.7126680824315,1.0002905107419937
1591.790446393857,0.9877313323443941,1591.790446393857,1.0005023340865864,1591.7876685972365,0.9970393858700703,1591.714056980975,1.000743789913899
1591.7918352924007,1.0049500830710592,1591.7918352924007,1.000560328008974,1591.7890574957792,0.9882447858826356,1591.715445879518,0.9823810631893616
1591.7932241904782,0.9940367665347036,1591.7932241904782,1.0004153777284615,1591.790446393857,0.9882275034610202,1591.7168347780605,1.0088010885834506
1591.794613089021,0.9760173999791527,1591.794613089021,1.0003796424288198,1591.7918352924007,1.0055131847502248,1591.718223676603,1.0011680395377525
1591.7960019875636,0.9976570502369843,1591.7960019875636,1.0004423354739604,1591.7932241904782,0.994449667268794,1591.719612575146,0.9965140863575548
1591.7973908856416,0.9989512327405347,1591.7973908856416,1.0004189517829354,1591.794613089021,0.9763879375954512,1591.7210014736895,1.0025163759401508
1591.7987797841852,1.0017373578462392,1591.7987797841852,1.0004455113377375,1591.7960019875636,0.9980983493411508,1591.7223903722331,0.9954228951678749
1591.800168682263,0.9939970078497621,1591.800168682263,1.000561755772449,1591.7973908856416,0.9993697451405568,1591.7237792703104,0.9904452502262476
1591.8015575808054,0.9961327705603139,1591.8015575808054,1.0005290013332657,1591.7987797841852,1.002183643196595,1591.7251681688535,0.9997441156045168
1591.8029464788829,0.9950851260918315,1591.8029464788829,1.0006717120883035,1591.800168682263,0.9945553914067188,1591.7265570673962,1.0005795761569127
1591.804335377425,0.999987977383383,1591.804335377425,1.0006009544971004,1591.8015575808054,0.99665972612405,1591.7279459659394,1.007665738038896
1591.805724275502,1.0041963348142602,1591.805724275502,1.0006732221982924,1591.8029464788829,0.9957535367999184,1591.729334864483,1.0057217423719251
1591.8071131740458,1.009594576371759,1591.8071131740458,1.0006703167097293,1591.804335377425,1.0005889246554378,1591.7307237630266,1.0092188803629285
1591.8085020721232,1.0066314960650153,1591.8085020721232,1.0005292957114875,1591.805724275502,1.004872382078301,1591.732112661569,0.988067902450017
1591.8098909702005,0.9876465850310773,1591.8098909702005,1.0005855067973475,1591.8071131740458,1.010271324486353,1591.733501559646,1.0030778393811712
1591.8112798687434,0.9851084757129098,1591.8112798687434,1.0005232006609555,1591.8085020721232,1.007164301798931,1591.734890458188,0.9986085805501228
1591.8126687668214,0.9824763804027301,1591.8126687668214,1.0005913351837978,1591.8098909702005,0.98822485881999,1591.7362793567318,0.9971255519650284
1591.8140576653648,0.9963244180538391,1591.8140576653648,1.0005780335102057,1591.8112798687434,0.9856238851185156,1591.7376682552754,1.0004980843112177
1591.815446563442,1.0162794540876725,1591.815446563442,1.000632053559864,1591.8126687668214,0.9830573532537126,1591.739057153818,1.0093589233309648
1591.8168354619847,0.992102687118626,1591.8168354619847,1.0007292990803802,1591.8140576653648,0.9969003269545104,1591.7404460518956,1.0063813650474585
1591.8182243600622,0.9928008091017332,1591.8182243600622,1.0006859191159767,1591.815446563442,1.0169217971344453,1591.7418349504385,0.9952849433113508
1591.8196132581393,1.0059598456200816,1591.8196132581393,1.0007728329423795,1591.8168354619847,0.9928262266959844,1591.7432238489814,1.0038560403801011
1591.8210021566824,0.9985751062634498,1591.8210021566824,1.0008269378352126,1591.8182243600622,0.9934817901550532,1591.744612747525,0.9899569756881532
1591.8223910547597,1.0038636889319115,1591.8223910547597,1.0007403843759832,1591.8196132581393,1.0067372845274878,1591.746001645603,0.9999998462418006
1591.8237799533026,1.0040849904395936,1591.8237799533026,1.0006458788241648,1591.8210021566824,0.9994008658001204,1591.7473905441457,0.9970231490042112
1591.8251688513797,1.0081077789819919,1591.8251688513797,1.0005058668677063,1591.8223910547597,1.0046069339228136,1591.7487794426888,1.010037366010108
1591.8265577494572,0.9883596213375603,1591.8265577494572,1.0005335930172057,1591.8237799533026,1.0047335076725803,1591.750168341231,0.9944855851841796
1591.8279466480008,0.9897975462288637,1591.8279466480008,1.0004475254366079,1591.8251688513797,1.008617747306456,1591.751557239308,1.0161407669846458
1591.8293355460787,0.9975091272100601,1591.8293355460787,1.0003239659006522,1591.8265577494572,0.988887003129994,1591.7529461378515,1.002202586206764
1591.8307244441555,1.0080697128576486,1591.8307244441555,1.000252442158731,1591.8279466480008,0.9902405058078932,1591.7543350363949,0.9891578020708216
1591.832113342699,1.0053318269837528,1591.832113342699,1.0002766886726988,1591.8293355460787,0.9978322861528656,1591.7557239349376,0.992392321057207
1591.833502240776,0.9962182948427427,1591.833502240776,1.0002760473358834,1591.8307244441555,1.0083241921521138,1591.7571128330146,1.0029601836069713
1591.8348911393186,0.9943693215777186,1591.8348911393186,1.0003431749114287,1591.832113342699,1.0056099909125829,1591.7585017315578,1.0004556470481762
1591.8362800373966,0.9991621336280246,1591.8362800373966,1.0003057809374905,1591.833502240776,0.9964932982489924,1591.7598906301014,0.9992023947163023
1591.8376689354743,1.0013369992555567,1591.8376689354743,1.0002905118908545,1591.8348911393186,0.9947105641815784,1591.761279528179,0.9936429902513304
1591.8390578335511,1.0104548445059576,1591.8390578335511,1.0003487731908336,1591.8362800373966,0.9994676583619504,1591.762668426722,0.9902869407841196
1591.8404467320934,1.0001115543265238,1591.8404467320934,1.0005008702108271,1591.8376689354743,1.001627899560593,1591.7640573252652,0.9947555230790904
1591.8418356301709,1.005141910725246,1591.8418356301709,1.0005087012963636,1591.8390578335511,1.010807264066269,1591.7654462233422,0.985865593008012
1591.843224528248,1.0112893327597468,1591.843224528248,1.0004170750074772,1591.8404467320934,1.00061248041159,1591.7668351218858,1.00307550225654
1591.8446134267915,1.004219523569689,1591.8446134267915,1.0004250404871038,1591.8418356301709,1.0056532277182613,1591.768224020429,0.9950817364749904
1591.8460023248697,1.005345062773734,1591.8460023248697,1.0003759004522723,1591.843224528248,1.0117111162657693,1591.7696129185056,0.9994770683637554
1591.847391222947,1.0092403301321582,1591.847391222947,1.0004776028707696,1591.8446134267915,1.004646357525146,1591.7710018170485,0.9885172454120168
1591.8487801214897,0.9898808523311494,1591.8487801214897,1.0006088136099367,1591.8460023248697,1.0057229724375203,1591.7723907155914,0.9900513832226002
1591.8501690195671,1.0052120217362324,1591.8501690195671,1.0006452932621845,1591.847391222947,1.0097223462111258,1591.7737796136685,1.005569583257774
1591.851557917645,0.992663040842203,1591.851557917645,1.0005984687727933,1591.8487801214897,0.9904835052662644,1591.775168512212,0.9863952592533914
1591.8529468157228,1.0104178303817024,1591.8529468157228,1.0005027133225584,1591.8501690195671,1.0058606782809256,1591.7765574107557,1.0027657102363383
1591.8543357142655,1.0074656372945907,1591.8543357142655,1.000383042496146,1591.851557917645,0.9932571186740532,1591.7779463088327,1.0007072569657154
1591.8557246123428,1.00888205057902,1591.8557246123428,1.000352518698607,1591.8529468157228,1.0109257808863858,1591.779335207376,1.000419298609832
1591.8571135104194,1.0117834127539826,1591.8571135104194,1.00035332505585,1591.8543357142655,1.0078515394470813,1591.780724105453,0.9979504954565837
1591.858502408496,0.9956517476448997,1591.858502408496,1.000318744130529,1591.8557246123428,1.009237700366538,1591.7821130039963,0.9873298630927768
1591.859891306574,1.0088731917492682,1591.859891306574,1.0002713222816981,1591.8571135104194,1.0121409011848022,1591.78350190254,0.9952089867608348
1591.8612802051175,1.004830169125667,1591.8612802051175,1.0003046520054166,1591.858502408496,0.9959691057955125,1591.7848908006176,0.998902197207745
1591.862669103195,0.9791307714595788,1591.862669103195,1.0002390363883185,1591.859891306574,1.0091469215255977,1591.78627969916,1.0069225939094348
1591.864058001272,0.9933035538478051,1591.864058001272,1.0001106471058097,1591.8612802051175,1.0051362926517942,1591.7876685972365,0.9970393858700703
1591.8654468993495,1.0123863516020914,1591.8654468993495,1.0001108792682512,1591.862669103195,0.97936481934288,1591.7890574957792,0.9882447858826356
1591.8668357974277,1.0106492825016977,1591.8668357974277,1.0000733712431489,1591.864058001272,0.9934134600112288,1591.790446393857,0.9882275034610202
1591.868224695971,1.0188781548605756,1591.868224695971,1.000007545563725,1591.8654468993495,1.0124986042599446,1591.7918352924007,1.0055131847502248
1591.869613594048,1.0193520542304355,1591.869613594048,1.0000188688759009,1591.8668357974277,1.0107234350959424,1591.7932241904782,0.994449667268794
1591.8710024921256,1.0104178690470818,1591.8710024921256,0.9999942958715283,1591.868224695971,1.0188858428706211,1591.794613089021,0.9763879375954512
1591.872391390203,0.9989810776161894,1591.872391390203,1.000037706726948,1591.869613594048,1.019371288257846,1591.7960019875636,0.9980983493411508
1591.8737802882792,1.0131865531178128,1591.8737802882792,0.9999296719134351,1591.8710024921256,1.0104121054937467,1591.7973908856416,0.9993697451405568
1591.8751691863563,0.9959314583386134,1591.8751691863563,0.9999248522163111,1591.872391390203,0.9990187459229092,1591.7987797841852,1.002183643196595
1591.8765580849,1.0087122660933243,1591.8765580849,0.9997663666618699,1591.8737802882792,1.0131152976461988,1591.800168682263,0.9945553914067188
1591.8779469829774,1.0048879624722975,1591.8779469829774,0.9996621333111505,1591.8751691863563,0.9958566162968132,1591.8015575808054,0.99665972612405
1591.8793358810544,1.001554565613053,1591.8793358810544,0.9996658406621614,1591.8765580849,1.008476597279384,1591.8029464788829,0.9957535367999184
1591.880724779132,1.0098598467095545,1591.880724779132,0.9997977015712382,1591.8779469829774,1.0045484443037522,1591.804335377425,1.0005889246554378
1591.88211367721,1.0138105398557657,1591.88211367721,0.9998317656769742,1591.8793358810544,1.0012198868025983,1591.805724275502,1.004872382078301
1591.8835025752878,1.0142537801048848,1591.8835025752878,0.999854653133798,1591.880724779132,1.0096555536492955,1591.8071131740458,1.010271324486353
1591.8848914733649,0.9920066836435681,1591.8848914733649,0.9998181692996039,1591.88211367721,1.0136399821259168,1591.8085020721232,1.007164301798931
1591.8862803714424,1.011038619067354,1591.8862803714424,0.9997864397325773,1591.8835025752878,1.014106361496413,1591.8098909702005,0.98822485881999
1591.8876692695194,0.9971165538602141,1591.8876692695194,0.9997791385389839,1591.8848914733649,0.9918263063734836,1591.8112798687434,0.9856238851185156
1591.8890581675969,1.0002109774746444,1591.8890581675969,0.9998901263465235,1591.8862803714424,1.0108227013894913,1591.8126687668214,0.9830573532537126
1591.8904470661405,0.9961107517965148,1591.8904470661405,0.999973755085419,1591.8876692695194,0.9968963292413252,1591.8140576653648,0.9969003269545104
1591.8918359642175,1.0099273883382596,1591.8918359642175,0.9998982479591476,1591.8890581675969,1.000101080640302,1591.815446563442,1.0169217971344453
1591.893224862294,0.9919139467020178,1591.893224862294,0.999968193473346,1591.8904470661405,0.9960846089549206,1591.8168354619847,0.9928262266959844
1591.8946137603712,1.0128052144453294,1591.8946137603712,0.9999067699604707,1591.8918359642175,1.0098246261653834,1591.8182243600622,0.9934817901550532
1591.8960026584489,1.004889560982322,1591.8960026584489,0.999984067560927,1591.893224862294,0.9918823973646336,1591.8196132581393,1.0067372845274878
1591.8973915565266,1.010944192718945,1591.8973915565266,1.0000687242230901,1591.8946137603712,1.0127107905751511,1591.8210021566824,0.9994008658001204
1591.9001693526816,1.010902382464494,1591.9001693526816,1.0001646598658034,1591.8960026584489,1.0048735506406166,1591.8223910547597,1.0046069339228136
1591.901558250759,0.9972668083479713,1591.901558250759,1.000161843606399,1591.8973915565266,1.0110136690731772,1591.8237799533026,1.0047335076725803
1591.902947148836,1.0015659986986887,1591.902947148836,1.000099262417747,1591.9001693526816,1.0110688375151309,1591.8251688513797,1.008617747306456
1591.9043360469136,0.993713720298139,1591.9043360469136,1.0001032970530308,1591.901558250759,0.9974282096047764,1591.8265577494572,0.988887003129994
1591.9057249449916,0.9910278516990922,1591.9057249449916,1.000035827942457,1591.902947148836,1.0016654165612526,1591.8279466480008,0.9902405058078932
1591.9071138430695,0.9890857763055922,1591.9071138430695,1.000065607439042,1591.9043360469136,0.993816367997002,1591.8293355460787,0.9978322861528656
1591.908502741146,1.002506457746225,1591.908502741146,1.0000232675896852,1591.9057249449916,0.9910633581879362,1591.8307244441555,1.0083241921521138
1591.9098916392225,0.9952168947088246,1591.9098916392225,1.0000091105338693,1591.9071138430695,0.9891506676903684,1591.832113342699,1.0056099909125829
1591.9112805372995,1.0075741816703596,1591.9112805372995,0.9999452854641196,1591.908502741146,1.0025297836551406,1591.833502240776,0.9964932982489924
1591.9126694353777,1.0005791370370658,1591.9126694353777,0.9999855636867464,1591.9098916392225,0.9952259616660512,1591.8348911393186,0.9947105641815784
1591.9140583334556,0.9989912418313825,1591.9140583334556,0.9999830200916315,1591.9112805372995,1.0075190527166444,1591.8362800373966,0.9994676583619504
1591.9154472315329,1.0037934826639503,1591.9154472315329,0.9999838946135495,1591.9126694353777,1.0005646923632086,1591.8376689354743,1.001627899560593
1591.91683612961,0.9921244883789165,1591.91683612961,0.9999849838412549,1591.9140583334556,0.9989742790516354,1591.8390578335511,1.010807264066269
1591.9182250272215,0.9897042259531851,1591.9182250272215,0.9999396921578202,1591.9154472315329,1.0037773161819956,1591.8404467320934,1.00061248041159
1591.919613925299,1.0140948387896738,1591.919613925299,0.999948955298692,1591.91683612961,0.9921095904801042,1591.8418356301709,1.0056532277182613
1591.921002823377,0.9965596458733064,1591.921002823377,0.9999647748548357,1591.9182250272215,0.9896445390269216,1591.843224528248,1.0117111162657693
1591.922391721455,1.0049947422233727,1591.922391721455,1.0000502132687485,1591.919613925299,1.0140430746215296,1591.8446134267915,1.004646357525146
1591.923780619532,1.005907261944744,1591.923780619532,1.000033786049635,1591.921002823377,0.9965245419151156,1591.8460023248697,1.0057229724375203
1591.9251695176094,1.0036199104429868,1591.9251695176094,1.0000984980625027,1591.922391721455,1.0050452062944548,1591.847391222947,1.0097223462111258
1591.926558415686,1.0092113578551163,1591.926558415686,1.000141221366365,1591.923780619532,1.0059412475774243,1591.8487801214897,0.9904835052662644
1591.927947313763,1.0001934974867597,1591.927947313763,1.0001109530306094,1591.9251695176094,1.0037187650596546,1591.8501690195671,1.0058606782809256
1591.929336211841,1.008997369221278,1591.929336211841,1.0000918964475436,1591.926558415686,1.0093538800620236,1591.851557917645,0.9932571186740532
1591.9307251099185,0.9893558859477615,1591.9307251099185,1.0000985498616017,1591.927947313763,1.0003044719865015,1591.8529468157228,1.0109257808863858
1591.93211400753,0.9918064594978636,1591.93211400753,1.0000242896199085,1591.929336211841,1.00909009249509,1591.8543357142655,1.0078515394470813
1591.933502905607,0.9983538963527875,1591.933502905607,0.9999020476612713,1591.9307251099185,0.9894533868333965,1591.8557246123428,1.009237700366538
1591.9348918036844,0.9852769471695395,1591.9348918036844,1.0000676637195824,1591.93211400753,0.9918305500997876,1591.8571135104194,1.0121409011848022
1591.9362807017624,1.0084469314671032,1591.9362807017624,1.0000893686454713,1591.933502905607,0.9982561052537609,1591.858502408496,0.9959691057955125
1591.9376695998403,0.9996295818700112,1591.9376695998403,1.0002296914528337,1591.9348918036844,0.9853436146726038,1591.859891306574,1.0091469215255977
1591.9390584979174,1.0064703702976647,1591.9390584979174,1.0003150012282447,1591.9362807017624,1.008537055003398,1591.8612802051175,1.0051362926517942
1591.9404473955292,1.0026584225822994,1591.9404473955292,1.0003078923872106,1591.9376695998403,0.9998591882409664,1591.862669103195,0.97936481934288
1591.9418362936062,0.9959603729655823,1591.9418362936062,1.0002922133168892,1591.9390584979174,1.0067874097005003,1591.864058001272,0.9934134600112288
1591.9432251916842,1.0063021200551534,1591.9432251916842,1.0003312887230096,1591.9404473955292,1.0029671334775851,1591.8654468993495,1.0124986042599446
1591.9446140897617,1.002315957614899,1591.9446140897617,1.0002153568910421,1591.9418362936062,0.9962514058496568,1591.8668357974277,1.0107234350959424
1591.9460029878385,0.997717343665371,1591.9460029878385,1.0001301233079922,1591.9432251916842,1.0066354965994684,1591.868224695971,1.0188858428706211
1591.9473918854496,0.9830304442838553,1591.9473918854496,1.000011169156012,1591.9446140897617,1.002531813263373,1591.869613594048,1.019371288257846
1591.948780783527,0.9875240948454379,1591.948780783527,1.0000126384467083,1591.9460029878385,0.99784716994657,1591.8710024921256,1.0104121054937467
1591.9501696816042,1.003292871793434,1591.9501696816042,0.9999168583811366,1591.9473918854496,0.9830414239042522,1591.872391390203,0.9990187459229092
1591.951558579682,0.9867112232495391,1591.951558579682,0.9999484921668452,1591.948780783527,0.9875365756160838,1591.8737802882792,1.0131152976461988
1591.95294747776,0.993154461813671,1591.95294747776,0.9999637185987834,1591.9501696816042,1.003209456399879,1591.8751691863563,0.9958566162968132
1591.9543363753714,0.9936052214236217,1591.9543363753714,0.9999020814579388,1591.951558579682,0.98666039989248,1591.8765580849,1.008476597279384
1591.955725273449,1.0048267611202537,1591.955725273449,0.9998475780621143,1591.95294747776,0.9931184287781718,1591.8779469829774,1.0045484443037522
1591.957114171526,0.9885491808913808,1591.957114171526,0.9997804253388021,1591.9543363753714,0.9935079290489556,1591.8793358810544,1.0012198868025983
1591.958503069604,1.0091891387617504,1591.958503069604,0.9998668132192808,1591.955725273449,1.0046736034780843,1591.880724779132,1.0096555536492955
1591.9598919672162,0.992984437031158,1591.9598919672162,0.9998484141144725,1591.957114171526,0.988332120539909,1591.88211367721,1.0136399821259168
1591.9612808652928,0.9988401382922472,1591.9612808652928,0.9998107214872979,1591.958503069604,1.009054728109222,1591.8835025752878,1.014106361496413
1591.9626697633694,1.0123000090000513,1591.9626697633694,0.9997990203712788,1591.9598919672162,0.9928339146059556,1591.8848914733649,0.9918263063734836
1591.9640586609812,1.0145342836600395,1591.9640586609812,0.9996484693833249,1591.9612808652928,0.998651079316444,1591.8862803714424,1.0108227013894913
1591.9654475590582,1.0109792205717656,1591.9654475590582,0.999571421516464,1591.9626697633694,1.012096557320088,1591.8876692695194,0.9968963292413252
1591.9668364571362,0.991186713464765,1591.9668364571362,0.9995528250844251,1591.9640586609812,1.0141776437976664,1591.8890581675969,1.000101080640302
1591.9682253547485,0.9980005052682854,1591.9682253547485,0.9994924364719651,1591.9654475590582,1.0105459366305265,1591.8904470661405,0.9960846089549206
1591.9696142528255,0.9978293119736252,1591.9696142528255,0.9994907149220508,1591.9668364571362,0.9907434796298524,1591.8918359642175,1.0098246261653834
1591.971003150903,1.0088063510487608,1591.971003150903,0.9993878021108229,1591.9682253547485,0.9974939566108508,1591.893224862294,0.9918823973646336
1591.97239204898,1.0072780998880548,1591.97239204898,0.9993730304487924,1591.9696142528255,0.9973211323946968,1591.8946137603712,1.0127107905751511
1591.9737809465923,1.0041123800604288,1591.9737809465923,0.9994326955838931,1591.971003150903,1.0081887619300602,1591.8960026584489,1.0048735506406166
1591.9751698446703,0.9959654309484064,1591.9751698446703,0.9994112987283411,1591.97239204898,1.0066465671898268,1591.8973915565266,1.0110136690731772
1591.976558742282,0.996758159564358,1591.976558742282,0.9993998453025149,1591.9737809465923,1.0035427426729528,1591.8987804546043,1.0277747273859437
1591.9779476403592,0.9813661612133371,1591.9779476403592,0.9992395861303515,1591.9751698446703,0.9953791048326788,1591.9001693526816,1.0110688375151309
1591.9793365384355,1.0052269178745439,1591.9793365384355,0.9990960445539081,1591.976558742282,0.9961599504726388,1591.901558250759,0.9974282096047764
1591.980725436047,0.9894924448185255,1591.980725436047,0.9989384897076397,1591.9779476403592,0.9806199167731467,1591.902947148836,1.0016654165612526
1591.9821143341246,1.0000123054112495,1591.9821143341246,0.9987845516348413,1591.9793365384355,1.004318237527573,1591.9043360469136,0.993816367997002
1591.9835032322026,0.9944711394124219,1591.9835032322026,0.9987932686567758,1591.980725436047,0.9884420884041378,1591.9057249449916,0.9910633581879362
1591.9848921298144,1.0020474234586805,1591.9848921298144,0.9986983549377761,1591.9821143341246,0.9987968420894988,1591.9071138430695,0.9891506676903684
1591.9862810278914,0.9942999711681435,1591.9862810278914,0.9987197045118146,1591.9835032322026,0.993271079918561,1591.908502741146,1.0025297836551406
1591.987669925503,0.9924677736557013,1591.987669925503,0.9987507577333885,1591.9848921298144,1.0007431133778213,1591.9098916392225,0.9952259616660512
1591.9890588235808,1.0078858047454888,1591.9890588235808,0.9987512364169994,1591.9862810278914,0.993026973401154,1591.9112805372995,1.0075190527166444
1591.9904477216587,0.991021204013489,1591.9904477216587,0.9986179991872554,1591.987669925503,0.9912279409646008,1591.9126694353777,1.0005646923632086
1591.9918366192703,0.9961953055341702,1591.9918366192703,0.9986114560736367,1591.9890588235808,1.0066271936566993,1591.9140583334556,0.9989742790516354
1591.9932255173476,0.9937671225363441,1591.9932255173476,0.9984702082597448,1591.9904477216587,0.9896516119040952,1591.9154472315329,1.0037773161819956
1591.9946144149594,0.99863924237656,1591.9946144149594,0.9984418751016527,1591.9918366192703,0.994812044593199,1591.91683612961,0.9921095904801042
1591.996003313036,1.0037364924936512,1591.996003313036,0.9983458237869091,1591.9932255173476,0.9922468658005508,1591.9182250272215,0.9896445390269216
1591.9973922106474,0.997088090584782,1591.9973922106474,0.9983787326938577,1591.9946144149594,0.9970832377085465,1591.919613925299,1.0140430746215296
1591.998781108725,0.9954773591319466,1591.998781108725,0.9983319569315425,1591.996003313036,1.0020761354635568,1591.921002823377,0.9965245419151156
1592.0001700063372,0.9873086506606146,1592.0001700063372,0.9984253914912371,1591.9973922106474,0.995471544262173,1591.922391721455,1.0050452062944548
1592.0015589044142,0.9873070909490457,1592.0015589044142,0.9982654404990304,1591.998781108725,0.9938168600232402,1591.923780619532,1.0059412475774243
1592.002947802026,0.9918538857671549,1592.002947802026,0.9982233709840612,1592.0001700063372,0.9857540260585091,1591.9251695176094,1.0037187650596546
1592.004336700103,1.0117153165567105,1592.004336700103,0.9981112028857336,1592.0015589044142,0.9855945480540654,1591.926558415686,1.0093538800620236
1592.0057255977154,1.0100216386266196,1592.0057255977154,0.9980781986331358,1592.002947802026,0.9900917293741294,1591.927947313763,1.0003044719865015
1592.0071144957933,1.0050968444251371,1592.0071144957933,0.9979976584239094,1592.004336700103,1.009804391586339,1591.929336211841,1.00909009249509
1592.008503393405,0.9968988151751841,1592.008503393405,0.9979807713524995,1592.0057255977154,1.0080805776609447,1591.9307251099185,0.9894533868333965
1592.0098922914822,0.9892345668030254,1592.0098922914822,0.9979492904038509,1592.0071144957933,1.0030842972255472,1591.93211400753,0.9918305500997876
1592.0112811890936,0.9845685298109552,1592.0112811890936,0.9979347289252072,1592.008503393405,0.994885848528923,1591.933502905607,0.9982561052537609
1592.0126700871715,1.0112139488827179,1592.0126700871715,0.9979999297034997,1592.0098922914822,0.98720593398404,1591.9348918036844,0.9853436146726038
1592.014058984783,1.0022596899327199,1592.014058984783,0.9980007735978175,1592.0112811890936,0.9825351289051854,1591.9362807017624,1.008537055003398
1592.01544788286,0.9955733154393444,1592.01544788286,0.9979851682565778,1592.0126700871715,1.0091914499001509,1591.9376695998403,0.9998591882409664
1592.0168367804713,1.0059149193860668,1592.0168367804713,0.9978335733147238,1592.014058984783,1.000255945898763,1591.9390584979174,1.0067874097005003
1592.0182256785488,0.9797308299064267,1592.0182256785488,0.997840134938282,1592.01544788286,0.993567402720493,1591.9404473955292,1.0029671334775851
1592.0196145761602,1.0008886986303762,1592.0196145761602,0.9976801213624708,1592.0168367804713,1.0037356784615914,1591.9418362936062,0.9962514058496568
1592.021003474238,1.0058656092397764,1592.021003474238,0.9976148596674346,1592.0182256785488,0.9776147435170238,1591.9432251916842,1.0066354965994684
1592.0223923718504,1.0035761140063326,1592.0223923718504,0.9975368321926343,1592.0196145761602,0.9985667583198792,1591.9446140897617,1.002531813263373
1592.0237812694622,1.0077557803442843,1592.0237812694622,0.9975927943901794,1592.021003474238,1.003466478606038,1591.9460029878385,0.99784716994657
1592.0251701675393,1.0049807903756662,1592.0251701675393,0.9974571645375432,1592.0223923718504,1.0011041376300711,1591.9473918854496,0.9830414239042522
1592.0265590651509,0.9958982576883788,1592.0265590651509,0.9974848356978059,1592.0237812694622,1.0053299049765103,1591.948780783527,0.9875365756160838
1592.0279479632286,1.0001171159050106,1592.0279479632286,0.9975166824836165,1592.0251701675393,1.0024252895828112,1591.9501696816042,1.003209456399879
1592.0293368608409,0.9858368806925152,1592.0293368608409,0.9974861735042128,1592.0265590651509,0.9933934099420236,1591.951558579682,0.98666039989248
1592.0307257584518,0.9957853589608184,1592.0307257584518,0.9975304195010962,1592.0279479632286,0.9976335075526488,1591.95294747776,0.9931184287781718
1592.0321146565284,0.9904268684758535,1592.0321146565284,0.9975230992529317,1592.0293368608409,0.983358657821306,1591.9543363753714,0.9935079290489556
1592.0335035541402,0.9998417535833399,1592.0335035541402,0.997462494381207,1592.0307257584518,0.993326186857235,1591.955725273449,1.0046736034780843
1592.0348924517516,1.000628282427959,1592.0348924517516,0.9975226096329558,1592.0321146565284,0.9879736794254091,1591.957114171526,0.988332120539909
1592.0362813498296,1.0047934219411678,1592.0362813498296,0.9974480890748371,1592.0335035541402,0.9973046495157184,1591.958503069604,1.009054728109222
1592.0376702474418,0.9871552302688553,1592.0376702474418,0.997462401559989,1592.0348924517516,0.99814933556008,1591.9598919672162,0.9928339146059556
1592.039059145519,0.985513566121665,1592.039059145519,0.9973921039441387,1592.0362813498296,1.0022292786301843,1591.9612808652928,0.998651079316444
1592.0404480431307,1.0088699634531904,1592.0404480431307,0.9974173305398688,1592.0376702474418,0.9846502266964764,1591.9626697633694,1.012096557320088
1592.0418369407423,0.9894199289880243,1592.0418369407423,0.9975053569366871,1592.039059145519,0.9829434491795784,1591.9640586609812,1.0141776437976664
1592.0432258383548,0.9970557256341585,1592.0432258383548,0.9975994907148473,1592.0404480431307,1.006264385809336,1591.9654475590582,1.0105459366305265
1592.0446147364328,1.004964942836843,1592.0446147364328,0.9975701395756315,1592.0418369407423,0.9869516794254708,1591.9668364571362,0.9907434796298524
1592.0460036340442,1.016374607919221,1592.0460036340442,0.9976453961311368,1592.0432258383548,0.994662284106959,1591.9682253547485,0.9974939566108508
1592.0473925316558,1.002425492558892,1592.0473925316558,0.9976407183368804,1592.0446147364328,1.002523018294366,1591.9696142528255,0.9973211323946968
1592.048781429732,1.0048764942333421,1592.048781429732,0.9976458265250044,1592.0460036340442,1.0139814483352,1591.971003150903,1.0081887619300602
1592.050170327343,1.005247665561918,1592.050170327343,0.9975916327306522,1592.0473925316558,1.000060488475654,1591.97239204898,1.0066465671898268
1592.051559224955,0.9800603131408756,1592.051559224955,0.9975093182037685,1592.048781429732,1.0025108406449714,1591.9737809465923,1.0035427426729528
1592.0529481230333,0.9994535855150959,1592.0529481230333,0.9974816523128246,1592.050170327343,1.0028266599865905,1591.9751698446703,0.9953791048326788
1592.054337020645,1.008375799052181,1592.054337020645,0.9973992166378062,1592.051559224955,0.9776192947597268,1591.976558742282,0.9961599504726388
1592.0557259182565,1.001608547011742,1592.0557259182565,0.9974677799595462,1592.0529481230333,0.9969366138895748,1591.9779476403592,0.9806199167731467
1592.0571148158683,0.9943847977196792,1592.0571148158683,0.9975206410138636,1592.054337020645,1.0057532320511673,1591.9793365384355,1.004318237527573
1592.0585037139465,1.0177337867311158,1592.0585037139465,0.9975118873276559,1592.0557259182565,0.999072253776309,1591.980725436047,0.9884420884041378
1592.0598926115586,0.9945059082747559,1592.0598926115586,0.9976751688631216,1592.0571148158683,0.9919193608357756,1591.9821143341246,0.9987968420894988
1592.06128150917,1.0102447486323918,1592.06128150917,0.9976761109013841,1592.0585037139465,1.0152015503992775,1591.9835032322026,0.993271079918561
1592.0626704067818,1.01255381638795,1592.0626704067818,0.9977258838591159,1592.0598926115586,0.9921938499733892,1591.9848921298144,1.0007431133778213
1592.0640593043931,1.0136412093147664,1592.0640593043931,0.9977373493618038,1592.06128150917,1.007897051874111,1591.9862810278914,0.993026973401154
1592.0654482024695,0.9824384403593611,1592.0654482024695,0.9977078709433944,1592.0626704067818,1.0102511514105883,1591.987669925503,0.9912279409646008
1592.066837100081,1.0029225774544621,1592.066837100081,0.997803829169521,1592.0640593043931,1.0113476933856085,1591.9890588235808,1.0066271936566993
1592.0682259976934,0.9829670909840462,1592.0682259976934,0.9977286573228688,1592.0654482024695,0.9801865646638872,1591.9904477216587,0.9896516119040952
1592.0696148953052,0.9861201248607957,1592.0696148953052,0.9977428358677025,1592.066837100081,1.0007199881446278,1591.9918366192703,0.994812044593199
1592.0710037929166,0.9866853130732546,1592.0710037929166,0.9978107279839583,1592.0682259976934,0.9807344358800786,1591.9932255173476,0.9922468658005508
1592.072392690994,1.0070382935684252,1592.072392690994,0.9978985125423077,1592.0696148953052,0.9838942898848232,1591.9946144149594,0.9970832377085465
1592.0737815886064,0.995992770776574,1592.0737815886064,0.9979612517652574,1592.0710037929166,0.984525190528704,1591.996003313036,1.0020761354635568
1592.075170486219,0.9956938576939486,1592.075170486219,0.9979956700694262,1592.072392690994,1.0049220152250753,1591.9973922106474,0.995471544262173
1592.07655938383,0.9947973754873365,1592.07655938383,0.9980775234137358,1592.0737815886064,0.9939621922733368,1591.998781108725,0.9938168600232402
1592.077948281442,0.9915534912532081,1592.077948281442,0.9981481646098611,1592.075170486219,0.9936981586932842,1592.0001700063372,0.9857540260585091
1592.0793371790533,1.0025584711844084,1592.0793371790533,0.9981814838979276,1592.07655938383,0.992884900824885,1592.0015589044142,0.9855945480540654
1592.080726076665,0.9993398293694093,1592.080726076665,0.9981996812164801,1592.077948281442,0.9897172974068896,1592.002947802026,0.9900917293741294
1592.082114974743,1.0094096669649917,1592.082114974743,0.9983517805468634,1592.0793371790533,1.0007353024612906,1592.004336700103,1.009804391586339
1592.0835038723544,0.9948573719348762,1592.0835038723544,0.9982761163265661,1592.080726076665,0.997540699103476,1592.0057255977154,1.0080805776609447
1592.084892769965,0.9967821040174561,1592.084892769965,0.998297043173754,1592.082114974743,1.007745938315716,1592.0071144957933,1.0030842972255472
1592.0862816675767,1.0019790375186404,1592.0862816675767,0.9983298468226968,1592.0835038723544,0.9931423535540024,1592.008503393405,0.994885848528923
1592.0876705651883,0.989434288798738,1592.0876705651883,0.9983134438628599,1592.084892769965,0.9950846271291398,1592.0098922914822,0.98720593398404
1592.0890594628008,0.9906491614546187,1592.0890594628008,0.9983108575126843,1592.0862816675767,1.0003055790455373,1592.0112811890936,0.9825351289051854
1592.0904483604131,1.0050814598737148,1592.0904483604131,0.9982465668740651,1592.0876705651883,0.9877655523266676,1592.0126700871715,1.0091914499001509
1592.0918372580245,1.0027979155125095,1592.0918372580245,0.9982678317722384,1592.0890594628008,0.988975813865982,1592.014058984783,1.000255945898763
1592.0932261556363,1.0060997391144877,1592.0932261556363,0.9983387837727526,1592.0904483604131,1.0033191167477091,1592.01544788286,0.993567402720493
1592.0946150532477,0.9982231563974271,1592.0946150532477,0.998288688770354,1592.0918372580245,1.0010609008243931,1592.0168367804713,1.0037356784615914
1592.0960039508595,1.0052612767324576,1592.0960039508595,0.9982457978890139,1592.0932261556363,1.0044283899016413,1592.0182256785488,0.9776147435170238
1592.0973928489375,0.9967750143316991,1592.0973928489375,0.998225349887997,1592.0946150532477,0.9965148859001915,1592.0196145761602,0.9985667583198792
1592.0987817465498,1.0042027916771894,1592.0987817465498,0.9981802667056723,1592.0960039508595,1.0034978452787209,1592.021003474238,1.003466478606038
1592.1001706441607,0.9944393230830955,1592.1001706441607,0.9982548076352483,1592.0973928489375,0.9950060874408736,1592.0223923718504,1.0011041376300711
1592.1015595417716,0.9904008484039931,1592.1015595417716,0.9983325659368065,1592.0987817465498,1.0023754104229177,1592.0237812694622,1.0053299049765103
1592.102948439383,0.9915854608427556,1592.102948439383,0.9984747371503502,1592.1001706441607,0.992703835169242,1592.0251701675393,1.0024252895828112
1592.1043373369953,0.9922960182217471,1592.1043373369953,0.9984341062220985,1592.1015595417716,0.9887494202931486,1592.0265590651509,0.9933934099420236
1592.1057262346076,0.9919658385578983,1592.1057262346076,0.9985702044140399,1592.102948439383,0.9900730323770792,1592.0279479632286,0.9976335075526488
1592.107115132219,0.9982600375027247,1592.107115132219,0.9986433412049806,1592.1043373369953,0.9907421880609772,1592.0293368608409,0.983358657821306
1592.1085040298308,0.997601858042152,1592.1085040298308,0.9987143026403079,1592.1057262346076,0.990547530180505,1592.0307257584518,0.993326186857235
1592.1098929274422,1.0102562280255416,1592.1098929274422,0.9986667801372251,1592.107115132219,0.9969057392431302,1592.0321146565284,0.9879736794254091
1592.111281825054,0.9955711720786002,1592.111281825054,0.9987507554842989,1592.1085040298308,0.9963192439672433,1592.0335035541402,0.9973046495157184
1592.1126707226665,0.9946817410377098,1592.1126707226665,0.9987865844855147,1592.1098929274422,1.008909334355846,1592.0348924517516,0.99814933556008
1592.1140596202786,0.9942379280325025,1592.1140596202786,0.9986627617824072,1592.111281825054,0.994327460251891,1592.0362813498296,1.0022292786301843
1592.11544851789,1.0097806639167088,1592.11544851789,0.9987576559557357,1592.1126707226665,0.9934747787811594,1592.0376702474418,0.9846502266964764
1592.1168374150352,0.9866726908946969,1592.1168374150352,0.9988358595410132,1592.1140596202786,0.9929083950777572,1592.039059145519,0.9829434491795784
1592.118226312646,1.0016300631856492,1592.118226312646,0.9989540470914632,1592.11544851789,1.0085261689228786,1592.0404480431307,1.006264385809336
1592.1196152102584,0.997091748451755,1592.1196152102584,0.9990084277455524,1592.1168374150352,0.985524065295449,1592.0418369407423,0.9869516794254708
1592.1210041078707,1.0035664939330655,1592.1210041078707,0.9990430896106475,1592.118226312646,1.0005824053077823,1592.0432258383548,0.994662284106959
1592.1223930054823,1.0024959042615216,1592.1223930054823,0.9989957504107396,1592.1196152102584,0.9961030599388516,1592.0446147364328,1.002523018294366
1592.123781903094,1.0168548298818916,1592.123781903094,0.9989608175741591,1592.1210041078707,1.002606170728615,1592.0460036340442,1.0139814483352
1592.1251708007053,0.9864095316997845,1592.1251708007053,0.9991153651796532,1592.1223930054823,1.0014891481614316,1592.0473925316558,1.000060488475654
1592.1265596983171,1.0003211326438488,1592.1265596983171,0.9991214684919824,1592.123781903094,1.015798132213047,1592.048781429732,1.0025108406449714
1592.1279485959294,0.9872629920218723,1592.1279485959294,0.9991307906163086,1592.1251708007053,0.9855369194809208,1592.050170327343,1.0028266599865905
1592.1293374935417,1.0038949977395089,1592.1293374935417,0.999062808903248,1592.1265596983171,0.9994423190106853,1592.051559224955,0.9776192947597268
1592.130726391153,0.9983367822353282,1592.130726391153,0.9990578787111039,1592.1279485959294,0.9864048537650356,1592.0529481230333,0.9969366138895748
1592.1321152882992,1.005403689286742,1592.1321152882992,0.9990797370994089,1592.1293374935417,1.0029541562855535,1592.054337020645,1.0057532320511673
1592.1335041859106,0.9878330692420867,1592.1335041859106,0.999172318743974,1592.130726391153,0.9973962278992962,1592.0557259182565,0.999072253776309
1592.1348930835225,1.0067725650834387,1592.1348930835225,0.999198221874195,1592.1321152882992,1.004478453571374,1592.0571148158683,0.9919193608357756
1592.1362819811338,1.0185674339115642,1592.1362819811338,0.9992917842602087,1592.1335041859106,0.9870154583265924,1592.0585037139465,1.0152015503992775
1592.1376708787457,1.0010388247594602,1592.1376708787457,0.9991539136572242,1592.1348930835225,1.0059653568630942,1592.0598926115586,0.9921938499733892
1592.139059776357,0.9951634131449336,1592.139059776357,0.9991997849093405,1592.1362819811338,1.0178460684228292,1592.06128150917,1.007897051874111
1592.1404486739689,0.9899811173597987,1592.1404486739689,0.9992099767583277,1592.1376708787457,1.000191859481243,1592.0626704067818,1.0102511514105883
1592.1418375711146,0.9936153633066265,1592.1418375711146,0.9991294099408856,1592.139059776357,0.9943670683640627,1592.0640593043931,1.0113476933856085
1592.1432264687269,0.9866340730534338,1592.1432264687269,0.9991567157914492,1592.1404486739689,0.9891990092682676,1592.0654482024695,0.9801865646638872
1592.1446153663392,0.9977707920395289,1592.1446153663392,0.9992066134961366,1592.1418375711146,0.9927503316487484,1592.066837100081,1.0007199881446278
1592.1460042639503,0.9984042028927076,1592.1460042639503,0.9991332679839312,1592.1432264687269,0.9858020601200096,1592.0682259976934,0.9807344358800786
1592.1473931615624,1.0051070785948952,1592.1473931615624,0.9991820629272384,1592.1446153663392,0.9969791741591756,1592.0696148953052,0.9838942898848232
1592.148782058708,0.9915610063373431,1592.148782058708,0.9991831447597249,1592.1460042639503,0.9975388540050828,1592.0710037929166,0.984525190528704
1592.15017095632,1.001391217386052,1592.15017095632,0.9990982808877088,1592.1473931615624,1.0042849642532174,1592.072392690994,1.0049220152250753
1592.1515598539313,1.0082730438659473,1592.1515598539313,0.9990716395096381,1592.148782058708,0.990751044533264,1592.0737815886064,0.9939621922733368
1592.1529487515431,0.9790149309924756,1592.1529487515431,0.9990499451247117,1592.15017095632,1.0004882437864544,1592.075170486219,0.9936981586932842
1592.1543376491545,0.9972117259881896,1592.1543376491545,0.9990948461208536,1592.1515598539313,1.0073370030085251,1592.07655938383,0.992884900824885
1592.155726546301,0.9812273506303308,1592.155726546301,0.9991240197285478,1592.1529487515431,0.9780848130843062,1592.077948281442,0.9897172974068896
1592.157115443912,0.9966420713024893,1592.157115443912,0.9991930769037723,1592.1543376491545,0.9963090959260812,1592.0793371790533,1.0007353024612906
1592.1585043415243,1.0026379236883982,1592.1585043415243,0.9991416316489627,1592.155726546301,0.9803678148293694,1592.080726076665,0.997540699103476
1592.1598932391366,0.9977466818918473,1592.1598932391366,0.9991313917295944,1592.157115443912,0.9958378577964832,1592.082114974743,1.007745938315716
1592.1612821362828,1.0031206924950915,1592.1612821362828,0.9991678276098932,1592.1585043415243,1.0017772910271543,1592.0835038723544,0.9931423535540024
1592.1626710338942,0.9920724773458083,1592.1626710338942,0.9991679334087695,1592.1598932391366,0.9968800308721864,1592.084892769965,0.9950846271291398
1592.1640599315056,1.0103579165180585,1592.1640599315056,0.9991816919625996,1592.1612821362828,1.0022859231508523,1592.0862816675767,1.0003055790455373
1592.1654488286515,1.0209745698607533,1592.1654488286515,0.9990580168007933,1592.1626710338942,0.9912470069813296,1592.0876705651883,0.9877655523266676
1592.166837726264,1.00148417992957,1592.166837726264,0.9992121916426628,1592.1640599315056,1.0095311325143208,1592.0890594628008,0.988975813865982
1592.1682266238763,1.0025568565442022,1592.1682266238763,0.9993072647435479,1592.1654488286515,1.0200128289691273,1592.0904483604131,1.0033191167477091
1592.1696155210216,1.0068550313605724,1592.1696155210216,0.9993516803874716,1592.166837726264,1.0006952023228806,1592.0918372580245,1.0010609008243931
1592.1710044186325,1.018382352578958,1592.1710044186325,0.9993446379477138,1592.1682266238763,1.0018623500630763,1592.0932261556363,1.0044283899016413
1592.172393316244,1.0158097144187275,1592.172393316244,0.999299765488036,1592.1696155210216,1.0062022674967683,1592.0946150532477,0.9965148859001915
1592.1835044957425,1.0076570749011,1592.1835044957425,0.9991158248598735,1592.1710044186325,1.0177149434303596,1592.0960039508595,1.0034978452787209
1592.1848933933538,1.0139549375076098,1592.1848933933538,0.9991215101835893,1592.172393316244,1.0150984093991031,1592.0973928489375,0.9950060874408736
1592.186282290499,1.0072362515442064,1592.186282290499,0.9990081272561456,1592.1835044957425,1.0067661295656998,1592.0987817465498,1.0023754104229177
1592.18767118811,1.0124779635225116,1592.18767118811,0.9989980429227646,1592.1848933933538,1.01306418842071,1592.1001706441607,0.992703835169242
1592.1890600852566,1.0007696922403895,1592.1890600852566,0.9989894084662159,1592.186282290499,1.0062372013596776,1592.1015595417716,0.9887494202931486
1592.190448982869,1.0158023096378475,1592.190448982869,0.9989669602527421,1592.18767118811,1.0114635040614153,1592.102948439383,0.9900730323770792
1592.1918378804808,0.9989880086490444,1592.1918378804808,0.9988902044093062,1592.1890600852566,0.9997583228621436,1592.1043373369953,0.9907421880609772
1592.1932267776265,1.0053261444206205,1592.1932267776265,0.9989119680404646,1592.190448982869,1.0147529454766353,1592.1057262346076,0.990547530180505
1592.1946156752383,1.0064283904363351,1592.1946156752383,0.9990065520720851,1592.1918378804808,0.9978793361618896,1592.107115132219,0.9969057392431302
1592.196004572384,0.998902812082808,1592.196004572384,0.9990040919091305,1592.1932267776265,1.0042323174457344,1592.1085040298308,0.9963192439672433
1592.1973934699963,0.9970734392759507,1592.1973934699963,0.9988942756484962,1592.1946156752383,1.0054285562372614,1592.1098929274422,1.008909334355846
1592.198782367143,1.0145648608137174,1592.198782367143,0.9988821682187292,1592.196004572384,0.9979079966902624,1592.111281825054,0.994327460251891
1592.2001712647548,0.9988059046864556,1592.2001712647548,0.9988986771420192,1592.1973934699963,0.9959709508939056,1592.1126707226665,0.9934747787811594
1592.2015601619005,1.0012328278098634,1592.2015601619005,0.998898087317571,1592.198782367143,1.0134307479681393,1592.1140596202786,0.9929083950777572
1592.2029490595114,0.9980067992332111,1592.2029490595114,0.9988927969219897,1592.2001712647548,0.9977058969129382,1592.11544851789,1.0085261689228786
1592.2043379566571,1.0088456621248687,1592.2043379566571,0.9988606597596049,1592.2015601619005,1.0001295566588355,1592.1168374150352,0.985524065295449
1592.2057268542694,1.017965049124777,1592.2057268542694,0.9989004224178721,1592.2029490595114,0.996901803033225,1592.118226312646,1.0005824053077823
1592.2071157514156,1.0004037633835556,1592.2071157514156,0.9988398149441983,1592.2043379566571,1.0076962436656618,1592.1196152102584,0.9961030599388516
1592.208504649027,0.9961668680692227,1592.208504649027,0.9989014319575609,1592.2057268542694,1.0168457175773695,1592.1210041078707,1.002606170728615
1592.2098935461731,1.0028812474975513,1592.2098935461731,0.9988968234264337,1592.2071157514156,0.9992431098875102,1592.1223930054823,1.0014891481614316
1592.2112824437845,1.0069767085317443,1592.2112824437845,0.9989527181061951,1592.208504649027,0.9950725109830252,1592.123781903094,1.015798132213047
1592.2126713409311,1.0083058386050459,1592.2126713409311,0.9990121845891948,1592.2098935461731,1.001774892399243,1592.1251708007053,0.9855369194809208
1592.2140602385434,1.0011135541157725,1592.2140602385434,0.9990419167456411,1592.2112824437845,1.0059221200574158,1592.1265596983171,0.9994423190106853
1592.2154491356896,0.9942255979500578,1592.2154491356896,0.9989224032601164,1592.2126713409311,1.007309818558867,1592.1279485959294,0.9864048537650356
1592.216838033301,1.0062777733499693,1592.216838033301,0.9988550057455612,1592.2140602385434,1.0001544039838626,1592.1293374935417,1.0029541562855535
1592.2182269304471,0.9934244714554182,1592.2182269304471,0.9987729340305391,1592.2154491356896,0.993154223686998,1592.130726391153,0.9973962278992962
1592.2196158280594,1.0031214559540156,1592.2196158280594,0.9987719119813765,1592.216838033301,1.005125591081114,1592.1321152882992,1.004478453571374
1592.2210047252051,1.0050218815523295,1592.2210047252051,0.9986841181768503,1592.2182269304471,0.9922054740932656,1592.1335041859106,0.9870154583265924
1592.2223936223504,1.0001253285262712,1592.2223936223504,0.9986981846314101,1592.2196158280594,1.0018895345127343,1592.1348930835225,1.0059653568630942
1592.2237825199618,1.0030456794057807,1592.2237825199618,0.9987209922947754,1592.2210047252051,1.003699391526527,1592.1362819811338,1.0178460684228292
1592.225171417108,1.0048060672078791,1592.225171417108,0.99877032335286,1592.2223936223504,0.9988233500030798,1592.1376708787457,1.000191859481243
1592.226560314719,1.0120793171128841,1592.226560314719,0.9987959983248238,1592.2237825199618,1.0017627762531285,1592.139059776357,0.9943670683640627
1592.227949211866,1.0009893838936041,1592.227949211866,0.9988095403924339,1592.225171417108,1.003570480652129,1592.1404486739689,0.9891990092682676
1592.2293381090126,1.0052605276750664,1592.2293381090126,0.9988666767258518,1592.226560314719,1.010860771919669,1592.1418375711146,0.9927503316487484
1592.2307270066244,1.0094496354883244,1592.2307270066244,0.998920247325409,1592.227949211866,0.9997977464644764,1592.1432264687269,0.9858020601200096
1592.23211590377,1.0024405997928274,1592.23211590377,0.9989269306762382,1592.2293381090126,1.0041212425224697,1592.1446153663392,0.9969791741591756
1592.2335048009163,0.9957777137214199,1592.2335048009163,0.9989144903931719,1592.2307270066244,1.008359679544541,1592.1460042639503,0.9975388540050828
1592.2348936985286,1.0039030905207025,1592.2348936985286,0.9987923607429329,1592.23211590377,1.0013649115362964,1592.1473931615624,1.0042849642532174
1592.2362825956752,0.9959509327859718,1592.2362825956752,0.9988262842494556,1592.2335048009163,0.99469678744691,1592.148782058708,0.990751044533264
1592.237671493286,0.9930702695186574,1592.237671493286,0.9988204366689849,1592.2348936985286,1.0026907377382988,1592.15017095632,1.0004882437864544
1592.2390603904312,1.0016548095805557,1592.2390603904312,0.9988757023592149,1592.2362825956752,0.9947819694893916,1592.1515598539313,1.0073370030085251
1592.2404492875771,1.0046501988679217,1592.2404492875771,0.9987539898026201,1592.237671493286,0.991898880243612,1592.1529487515431,0.9780848130843062
1592.2418381851885,1.0054629537145157,1592.2418381851885,0.998796602935684,1592.2390603904312,1.0005286514412632,1592.1543376491545,0.9963090959260812
1592.2432270823351,1.00237292590963,1592.2432270823351,0.9988647231244246,1592.2404492875771,1.0033983944753326,1592.155726546301,0.9803678148293694
1592.2446159794818,1.0100129562687674,1592.2446159794818,0.9988463037112358,1592.2418381851885,1.004252982547737,1592.157115443912,0.9958378577964832
1592.246004876628,0.9929235883901836,1592.246004876628,0.9988020473609616,1592.2432270823351,1.001234955106142,1592.1585043415243,1.0017772910271543
1592.2473937742393,0.9875345522107246,1592.2473937742393,0.9988036021579089,1592.2446159794818,1.0088477080695164,1592.1598932391366,0.9968800308721864
1592.2487826713857,1.0052416681004903,1592.2487826713857,0.9987021136850832,1592.246004876628,0.991734112957108,1592.1612821362828,1.0022859231508523
1592.250171568532,0.9910245320673473,1592.250171568532,0.9988039916083598,1592.2473937742393,0.9863530680034692,1592.1626710338942,0.9912470069813296
1592.2515604661444,0.993010484734189,1592.2515604661444,0.9987709441999532,1592.2487826713857,1.0039369786962786,1592.1640599315056,1.0095311325143208
1592.25294936329,1.000621988484728,1592.25294936329,0.9987803124830602,1592.250171568532,0.9898392584106734,1592.1654488286515,1.0200128289691273
1592.2543382604354,1.008339232492281,1592.2543382604354,0.9987649474417369,1592.2515604661444,0.991790019438419,1592.166837726264,1.0006952023228806
1592.2557271575806,1.0092284218988763,1592.2557271575806,0.9988171288461402,1592.25294936329,0.9994015423361978,1592.1682266238763,1.0018623500630763
1592.2571160551925,1.0076727379662422,1592.2571160551925,0.9987237090096144,1592.2543382604354,1.0070938805435945,1592.1696155210216,1.0062022674967683
1592.258504952339,0.9942348502355703,1592.258504952339,0.998779366224039,1592.2557271575806,1.0080346347109566,1592.1710044186325,1.0177149434303596
1592.2598938494857,1.002306134325495,1592.2598938494857,0.9987217962929562,1592.2571160551925,1.0063866543295188,1592.172393316244,1.0150984093991031
1592.2612827466314,0.9917263639272071,1592.2612827466314,0.9986241041904701,1592.258504952339,0.9930212535961352,1592.1835044957425,1.0067661295656998
1592.2626716437771,1.0090948657681578,1592.2626716437771,0.998635681359998,1592.2598938494857,1.0010249829090074,1592.1848933933538,1.01306418842071
1592.264060541389,0.9792385089080239,1592.264060541389,0.9986511337880231,1592.2612827466314,0.9903618517788794,1592.186282290499,1.0062372013596776
1592.2654494385356,0.9971811719061744,1592.2654494385356,0.9986507915922326,1592.2626716437771,1.00771813883326,1592.18767118811,1.0114635040614153
1592.2668383356822,0.9976442499023254,1592.2668383356822,0.9986591657187963,1592.264060541389,0.9779176471698912,1592.1890600852566,0.9997583228621436
1592.268227232828,1.0047201714607388,1592.268227232828,0.9986607427690828,1592.2654494385356,0.9958357666849712,1592.190448982869,1.0147529454766353
1592.269616129974,0.9975919529684948,1592.269616129974,0.9987131215445453,1592.2668383356822,0.9963065742916106,1592.1918378804808,0.9978793361618896
1592.2710050275855,1.0119631439841363,1592.2710050275855,0.9987792009363641,1592.268227232828,1.0033745927060616,1592.1932267776265,1.0042323174457344
1592.2723939247307,1.009311230459848,1592.2723939247307,0.9986937448634805,1592.269616129974,0.9963081733768846,1592.1946156752383,1.0054285562372614
1592.273782821877,0.9948725592382472,1592.273782821877,0.9987559337039167,1592.2710050275855,1.0107277403255264,1592.196004572384,0.9979079966902624
1592.2751717190235,0.9898912376382202,1592.2751717190235,0.9987946427462815,1592.2723939247307,1.007992812480713,1592.1973934699963,0.9959709508939056
1592.2765606161693,0.996666657122842,1592.2765606161693,0.998680125626981,1592.273782821877,0.9936348718184008,1592.198782367143,1.0134307479681393
1592.2779495133154,0.9962693631722407,1592.2779495133154,0.9986201325413305,1592.2751717190235,0.9886980650545406,1592.2001712647548,0.9977058969129382
1592.2793384109268,0.9971824081535656,1592.2793384109268,0.9985817704348792,1592.2765606161693,0.995351182343663,1592.2015601619005,1.0001295566588355
1592.2807273080734,0.9981955972660967,1592.2807273080734,0.9986872311178303,1592.2779495133154,0.99489464349793,1592.2029490595114,0.996901803033225
1592.28211620522,0.9937798580519395,1592.28211620522,0.9987679059030411,1592.2793384109268,0.9957681745805038,1592.2043379566571,1.0076962436656618
1592.2835051023658,0.9984528053549807,1592.2835051023658,0.9986544894807979,1592.2807273080734,0.996885197147687,1592.2057268542694,1.0168457175773695
1592.284893999512,1.0097651070243125,1592.284893999512,0.9987646378891837,1592.28211620522,0.992555427755157,1592.2071157514156,0.9992431098875102
1592.2862828966577,0.9859045749212898,1592.2862828966577,0.998665086306342,1592.2835051023658,0.9971093766024488,1592.208504649027,0.9950725109830252
1592.2876717938038,0.9932414746556302,1592.2876717938038,0.9986581154487162,1592.284893999512,1.0085176814702703,1592.2098935461731,1.001774892399243
1592.2890606909496,0.9927761895393492,1592.2890606909496,0.9986262762412234,1592.2862828966577,0.9845884774035872,1592.2112824437845,1.0059221200574158
1592.2904495880955,1.0105333894783415,1592.2904495880955,0.9986094210565379,1592.2876717938038,0.9919086592650954,1592.2126713409311,1.007309818558867
1592.2918384852414,1.006657163035291,1592.2918384852414,0.998662151675942,1592.2890606909496,0.9914123893006312,1592.2140602385434,1.0001544039838626
1592.2932273823876,1.0125531900145763,1592.2932273823876,0.9987062499884292,1592.2904495880955,1.0091281630252675,1592.2154491356896,0.993154223686998
1592.294616279533,1.010521174775089,1592.294616279533,0.9985737752388198,1592.2918384852414,1.0053104084368232,1592.216838033301,1.005125591081114
1592.2960051771456,0.9961324501019635,1592.2960051771456,0.9984862163574443,1592.2932273823876,1.0112431993132789,1592.2182269304471,0.9922054740932656
1592.2973940742922,1.0010940738707446,1592.2973940742922,0.9984618639435912,1592.294616279533,1.009079944453928,1592.2196158280594,1.0018895345127343
1592.2987829714382,0.9961210135916748,1592.2987829714382,0.9984995940488871,1592.2960051771456,0.9946245210931802,1592.2210047252051,1.003699391526527
1592.300171868584,1.0008993145945868,1592.300171868584,0.9984794244284649,1592.2973940742922,0.9995542549798668,1592.2223936223504,0.9988233500030798
1592.3015607657298,0.9913772647883818,1592.3015607657298,0.9984585425677767,1592.2987829714382,0.9946264276948532,1592.2237825199618,1.0017627762531285
1592.302949662876,0.9987951551949691,1592.302949662876,0.9984338033611413,1592.300171868584,0.9993773715472482,1592.225171417108,1.003570480652129
1592.3043385600226,1.0021851167593843,1592.3043385600226,0.998457488147406,1592.3015607657298,0.9898490989354366,1592.226560314719,1.010860771919669
1592.3057274571684,0.9960101859111973,1592.3057274571684,0.9984860879374033,1592.302949662876,0.9972308455799944,1592.227949211866,0.9997977464644764
1592.3071163543136,1.0048943065476803,1592.3071163543136,0.998435419892124,1592.3043385600226,1.0006392343382895,1592.2293381090126,1.0041212425224697
1592.3085052514598,0.9947106327431912,1592.3085052514598,0.9983066458465922,1592.3057274571684,0.9945023140762772,1592.2307270066244,1.008359679544541
1592.3098941486055,0.9961877965658616,1592.3098941486055,0.9982037292179603,1592.3071163543136,1.003322068905138,1592.23211590377,1.0013649115362964
1592.3112830457517,1.0177482722438291,1592.3112830457517,0.9981085237429175,1592.3085052514598,0.9930262353617966,1592.2335048009163,0.99469678744691
1592.3126719428983,1.0097714251511416,1592.3126719428983,0.9980535598597715,1592.3098941486055,0.9943983735334658,1592.2348936985286,1.0026907377382988
1592.3140608395793,0.9891309485439015,1592.3140608395793,0.9980836162374235,1592.3112830457517,1.0158232255511932,1592.2362825956752,0.9947819694893916
1592.315449736725,0.993810903630867,1592.315449736725,0.9980671575925321,1592.3126719428983,1.0078059655167717,1592.237671493286,0.991898880243612
1592.3168386338712,0.9969761505390705,1592.3168386338712,0.9980334618916887,1592.3140608395793,0.98723539405505,1592.2390603904312,1.0005286514412632
1592.3182275310169,1.0043317686983229,1592.3182275310169,0.9980254411302002,1592.315449736725,0.9918900237713252,1592.2404492875771,1.0033983944753326
1592.3196164281635,0.989809927455174,1592.3196164281635,0.9979660812547726,1592.3168386338712,0.995015558945958,1592.2418381851885,1.004252982547737
1592.32100532531,0.9944971675772071,1592.32100532531,0.9979295802505023,1592.3182275310169,1.0023486564962178,1592.2432270823351,1.001234955106142
1592.3223942224554,0.9906452445729311,1592.3223942224554,0.9980035773055279,1592.3196164281635,0.9877967344895108,1592.2446159794818,1.0088477080695164
1592.3237831196006,0.979316894286844,1592.3237831196006,0.9980134543211294,1592.32100532531,0.9924381410006357,1592.246004876628,0.991734112957108
1592.3251720167464,0.9974505394317053,1592.3251720167464,0.997965939914593,1592.3223942224554,0.9886674979244948,1592.2473937742393,0.9863530680034692
1592.3265609138923,0.9895500352948602,1592.3265609138923,0.9979780188620504,1592.3237831196006,0.9773714365422536,1592.2487826713857,1.0039369786962786
1592.3279498110392,0.9996072777425123,1592.3279498110392,0.9979554976594635,1592.3251720167464,0.9954216651022796,1592.250171568532,0.9898392584106734
1592.32933870772,1.0035485170096452,1592.32933870772,0.9979556963147171,1592.3265609138923,0.9875491837884366,1592.2515604661444,0.991790019438419
1592.3307276048658,1.0043330829288057,1592.3307276048658,0.9979637545539399,1592.3279498110392,0.9975635783235504,1592.25294936329,0.9994015423361978
1592.332116502012,1.0022443741589826,1592.332116502012,0.997956684033796,1592.32933870772,1.0014969590779623,1592.2543382604354,1.0070938805435945
1592.3335053991575,0.9965785305033595,1592.3335053991575,0.9979981185258142,1592.3307276048658,1.0022880142623645,1592.2557271575806,1.0080346347109566
1592.3348942963044,1.0086839021962355,1592.3348942963044,0.9979420960801045,1592.332116502012,1.0001964722272254,1592.2571160551925,1.0063866543295188
1592.336283193451,0.9994600323301498,1592.336283193451,0.9979436956904677,1592.3335053991575,0.9945834984055736,1592.258504952339,0.9930212535961352
1592.337672090597,0.9967261153415103,1592.337672090597,0.9978191841682849,1592.3348942963044,1.0066081276399703,1592.2598938494857,1.0010249829090074
1592.3390609872772,0.9907305143963492,1592.3390609872772,0.9978313920894587,1592.336283193451,0.997404838358464,1592.2612827466314,0.9903618517788794
1592.3404498844225,0.9912629648370793,1592.3404498844225,0.9979001697053332,1592.337672090597,0.9945524392492896,1592.2626716437771,1.00771813883326
1592.3418387815675,0.997888040527916,1592.3418387815675,0.9979030127567343,1592.3390609872772,0.9885820083656146,1592.264060541389,0.9779176471698912
1592.3432276787144,0.9984497010401379,1592.3432276787144,0.997956230765531,1592.3404498844225,0.9891814808335332,1592.2654494385356,0.9958357666849712
1592.344616575861,0.9958661229858907,1592.344616575861,0.9978596592468552,1592.3418387815675,0.9957954820367216,1592.2668383356822,0.9963065742916106
1592.346005472541,0.9987110099695625,1592.346005472541,0.9978009799123798,1592.3432276787144,0.9964091002589872,1592.268227232828,1.0033745927060616
1592.3473943696872,1.0071430599952356,1592.3473943696872,0.997742739684613,1592.344616575861,0.9937346301381876,1592.269616129974,0.9963081733768846
1592.348783266833,1.0012172543770643,1592.348783266833,0.9976518217422775,1592.346005472541,0.996514824396912,1592.2710050275855,1.0107277403255264
1592.3501721639796,0.9965374383981732,1592.3501721639796,0.997663167594324,1592.3473943696872,1.004869675933991,1592.2723939247307,1.007992812480713
1592.3515610606603,0.9949330049748798,1592.3515610606603,0.9975429342654747,1592.348783266833,0.9988662177890796,1592.273782821877,0.9936348718184008
1592.352949957807,1.0003724602123205,1592.352949957807,0.997466550857849,1592.3501721639796,0.994208697418655,1592.2751717190235,0.9886980650545406
1592.3543388549524,1.0010755839672945,1592.3543388549524,0.9973659576578161,1592.3515610606603,0.9924883891802078,1592.2765606161693,0.995351182343663
1592.3557277520986,1.000332429866531,1592.3557277520986,0.99724479554818,1592.352949957807,0.997838067461164,1592.2779495133154,0.99489464349793
1592.357116648778,0.9978301099330655,1592.357116648778,0.997140373865734,1592.3543388549524,0.998438708491398,1592.2793384109268,0.9957681745805038
1592.358505545924,0.9974021810729531,1592.358505545924,0.9971572033696308,1592.3557277520986,0.9975763095024628,1592.2807273080734,0.996885197147687
1592.3598944430703,1.0014622589518027,1592.3598944430703,0.9971564454295833,1592.357116648778,0.9949766888731434,1592.28211620522,0.992555427755157
1592.3612833402162,0.9875997355484711,1592.3612833402162,0.99719548855115,1592.358505545924,0.994566769513476,1592.2835051023658,0.9971093766024488
1592.3626722368967,1.0036882560718312,1592.3626722368967,0.9972075979955853,1592.3598944430703,0.9986145463682604,1592.284893999512,1.0085176814702703
1592.3640611340425,0.9958684197185899,1592.3640611340425,0.9972377972545486,1592.3612833402162,0.9848300007832442,1592.2862828966577,0.9845884774035872
1592.365450031189,1.0001424636411929,1592.365450031189,0.9972309720074404,1592.3626722368967,1.0008855549737687,1592.2876717938038,0.9919086592650954
1592.36683892787,1.0103016708166843,1592.36683892787,0.9971457965786682,1592.3640611340425,0.9931176292355348,1592.2890606909496,0.9914123893006312
1592.3682278250162,0.9969906647169364,1592.3682278250162,0.9970584976996242,1592.365450031189,0.9973730411628228,1592.2904495880955,1.0091281630252675
1592.369616722162,1.0006683047356633,1592.369616722162,0.9970272782053741,1592.36683892787,1.007418064331262,1592.2918384852414,1.0053104084368232
1592.3710056188424,1.0046572710974906,1592.3710056188424,0.9970081182237778,1592.3682278250162,0.9940580143832184,1592.2932273823876,1.0112431993132789
1592.3723945159882,0.9829252710744538,1592.3723945159882,0.9970679265888848,1592.369616722162,0.9976935962569842,1592.294616279533,1.009079944453928
1592.3737834131343,1.0043589252325742,1592.3737834131343,0.9969428635561526,1592.3710056188424,1.0016514553167448,1592.2960051771456,0.9946245210931802
1592.3751723098144,1.0004483399440374,1592.3751723098144,0.9970642153179686,1592.3723945159882,0.9800432620220232,1592.2973940742922,0.9995542549798668
1592.37656120696,0.994392913309701,1592.37656120696,0.9970453462542793,1592.3737834131343,1.0012884629595422,1592.2987829714382,0.9946264276948532
1592.3779501041065,1.0052883670733939,1592.3779501041065,0.9970457758375249,1592.3751723098144,0.997511239032466,1592.300171868584,0.9993773715472482
1592.3793390007863,1.0030361087355608,1592.3793390007863,0.9970455888064006,1592.37656120696,0.9914548265636725,1592.3015607657298,0.9898490989354366
1592.380727897933,1.0007562092218347,1592.380727897933,0.9969680943054493,1592.3779501041065,1.0023185198891305,1592.302949662876,0.9972308455799944
1592.382116794614,1.000751047418676,1592.382116794614,0.9968989963923547,1592.3793390007863,1.000072727628328,1592.3043385600226,1.0006392343382895
1592.38350569176,1.0027446836595288,1592.38350569176,0.9969353924596576,1592.380727897933,0.997722010772238,1592.3057274571684,0.9945023140762772
1592.3848945889058,0.9931948009736431,1592.3848945889058,0.9968954825911648,1592.382116794614,0.9976477148102758,1592.3071163543136,1.003322068905138
1592.3862834855863,1.00440328534258,1592.3862834855863,0.9969470850570414,1592.38350569176,0.9996716647409476,1592.3085052514598,0.9930262353617966
1592.387672382732,0.9833872463682449,1592.387672382732,0.996920366282778,1592.3848945889058,0.9901114104236558,1592.3098941486055,0.9943983735334658
1592.389061279413,0.9921025296601579,1592.389061279413,0.9968866440935135,1592.3862834855863,1.001336927544001,1592.3112830457517,1.0158232255511932
1592.3904501765592,0.99740301114764,1592.3904501765592,0.996914591233687,1592.387672382732,0.9803587738472432,1592.3126719428983,1.0078059655167717
1592.3918390732388,0.988393982196114,1592.3918390732388,0.9969751062361856,1592.389061279413,0.9890137613896002,1592.3140608395793,0.98723539405505
1592.3932279703845,1.0204998521786743,1592.3932279703845,0.9969840393803009,1592.3904501765592,0.994325615153498,1592.315449736725,0.9918900237713252
1592.3946168670648,1.005278631106909,1592.3946168670648,0.9969669041306007,1592.3918390732388,0.9854041954031773,1592.3168386338712,0.995015558945958
1592.3960057642112,1.000705010028663,1592.3960057642112,0.9969147433114318,1592.3932279703845,1.0174220648120946,1592.3182275310169,1.0023486564962178
1592.3973946613578,0.9802412779007993,1592.3973946613578,0.9967942342713663,1592.3946168670648,1.0022295246433033,1592.3196164281635,0.9877967344895108
1592.3987835580383,1.0077090917507685,1592.3987835580383,0.9967772925659637,1592.3960057642112,0.9976175782031884,1592.32100532531,0.9924381410006357
1592.400172455184,0.9982425575409847,1592.400172455184,0.9968104482471368,1592.3973946613578,0.9770988540063128,1592.3223942224554,0.9886674979244948
1592.4015613518643,0.9926169794179588,1592.4015613518643,0.9968614540373372,1592.3987835580383,1.0044615401694372,1592.3237831196006,0.9773714365422536
1592.4029502490102,0.993455239073707,1592.4029502490102,0.9969285792339169,1592.400172455184,0.9950586112417972,1592.3251720167464,0.9954216651022796
1592.4043391456912,1.0103024822869706,1592.4043391456912,0.9970058937763514,1592.4015613518643,0.989501605404736,1592.3265609138923,0.9875491837884366
1592.4057280423722,1.0040498488343759,1592.4057280423722,0.9970533067690901,1592.4029502490102,0.990403920022242,1592.3279498110392,0.9975635783235504
1592.4071169395174,0.9949052345351579,1592.4071169395174,0.9970392651961579,1592.4043391456912,1.0072775293369876,1592.32933870772,1.0014969590779623
1592.408505836197,1.0083814021006843,1592.408505836197,0.9969832589010942,1592.4057280423722,1.0010912219413195,1592.3307276048658,1.0022880142623645
1592.4098947333432,0.9981763541908694,1592.4098947333432,0.9968769306983626,1592.4071169395174,0.991959583980745,1592.332116502012,1.0001964722272254
1592.4112836300242,0.9891264574907757,1592.4112836300242,0.9968808107440105,1592.408505836197,1.0053393764815948,1592.3335053991575,0.9945834984055736
1592.4126725271708,1.006007427895479,1592.4126725271708,0.9969046810615577,1592.4098947333432,0.9950589802614755,1592.3348942963044,1.0066081276399703
1592.4140614238509,1.0014415551478264,1592.4140614238509,0.9969488434432501,1592.4112836300242,0.9860411848717554,1592.336283193451,0.997404838358464
1592.4154503209966,1.0110268400434441,1592.4154503209966,0.9969533172541831,1592.4126725271708,1.0028935140517004,1592.337672090597,0.9945524392492896
1592.416839217677,1.0112280253062593,1592.416839217677,0.9969458263391388,1592.4140614238509,0.9983860001806352,1592.3390609872772,0.9885820083656146
1592.4182281143571,0.9874161432798508,1592.4182281143571,0.9969549176936016,1592.4154503209966,1.007946562014326,1592.3404498844225,0.9891814808335332
1592.4196170115038,0.9962169593526587,1592.4196170115038,0.9968382145272232,1592.416839217677,1.0081395593062443,1592.3418387815675,0.9957954820367216
1592.4210059081847,1.0041771511826798,1592.4210059081847,0.996804167660816,1592.4182281143571,0.9844093798528972,1592.3432276787144,0.9964091002589872
1592.422394805331,1.0054334769948587,1592.422394805331,0.9967290074882048,1592.4196170115038,0.9930671350428436,1592.344616575861,0.9937346301381876
1592.423783702011,0.9999085528277918,1592.423783702011,0.9967451558449457,1592.4210059081847,1.0009679693686606,1592.346005472541,0.996514824396912
1592.4251725986906,1.0000216818321743,1592.4251725986906,0.9966600118765357,1592.422394805331,1.0021447116205005,1592.3473943696872,1.004869675933991
1592.4265614958367,0.9993690955591041,1592.4265614958367,0.9967330718225679,1592.423783702011,0.9966540063190314,1592.348783266833,0.9988662177890796
1592.4279503925177,1.0041572281218585,1592.4279503925177,0.9966670870268508,1592.4251725986906,0.9966816212916482,1592.3501721639796,0.994208697418655
1592.4293392896634,1.004699661979297,1592.4293392896634,0.996562947226403,1592.4265614958367,0.9961042285011672,1592.3515610606603,0.9924883891802078
1592.430728186344,0.9965151013376992,1592.430728186344,0.9966189136566955,1592.4279503925177,1.0008104594691696,1592.352949957807,0.997838067461164
1592.432117083024,0.9936430597252133,1592.432117083024,0.9966073690093399,1592.4293392896634,1.0012464562194592,1592.3543388549524,0.998438708491398
1592.43350598017,0.9959634190200265,1592.43350598017,0.9966226581828228,1592.430728186344,0.9931457977376696,1592.3557277520986,0.9975763095024628
1592.4348948768506,0.9984860420526664,1592.4348948768506,0.9966043302557969,1592.432117083024,0.9902719954871352,1592.357116648778,0.9949766888731434
1592.4362837735316,1.0018790770859516,1592.4362837735316,0.9965791596267976,1592.43350598017,0.9925997101165914,1592.358505545924,0.994566769513476
1592.437672670212,1.00668787067797,1592.437672670212,0.996576952353611,1592.4348948768506,0.995095513209659,1592.3598944430703,0.9986145463682604
1592.4390615673578,1.0034913081368793,1592.4390615673578,0.9966939503149972,1592.4362837735316,0.9984518086899892,1592.3612833402162,0.9848300007832442
1592.4404504640383,0.9975461614213929,1592.4404504640383,0.9967235643362118,1592.437672670212,1.0032419301315976,1592.3626722368967,1.0008855549737687
1592.4418393607184,1.006297505300478,1592.4418393607184,0.9967699238624059,1592.4390615673578,1.0001737160137103,1592.3640611340425,0.9931176292355348
1592.4446171545446,0.9845542751943192,1592.4446171545446,0.9968065099488125,1592.4404504640383,0.9942777656018368,1592.365450031189,0.9973730411628228
1592.4460060512251,1.0072804030908176,1592.4460060512251,0.9969117263895698,1592.4418393607184,1.0030470877412865,1592.36683892787,1.007418064331262
1592.4473949479052,1.00766726655912,1592.4473949479052,0.9969872452626903,1592.4446171545446,0.981410110911632,1592.3682278250162,0.9940580143832184
1592.4487838450514,0.9957026702809891,1592.4487838450514,0.99695295234707,1592.4460060512251,1.0041696456036486,1592.369616722162,0.9976935962569842
1592.4501727417323,1.0045371841618325,1592.4501727417323,0.9969368326061323,1592.4473949479052,1.004631412228162,1592.3710056188424,1.0016514553167448
1592.4515616384133,0.997421826517076,1592.4515616384133,0.9970681930998517,1592.4487838450514,0.9926687167964934,1592.3723945159882,0.9800432620220232
1592.4529505350934,1.0110354578903535,1592.4529505350934,0.9969915992261725,1592.4501727417323,1.0014601186133802,1592.3737834131343,1.0012884629595422
1592.454339432239,1.0034261628088268,1592.454339432239,0.9970155999939868,1592.4515616384133,0.9944975783237348,1592.3751723098144,0.997511239032466
1592.4557283289196,1.001607017596936,1592.4557283289196,0.9969226178867889,1592.4529505350934,1.0079938580364691,1592.37656120696,0.9914548265636725
1592.4571172255996,1.0025941257115445,1592.4571172255996,0.9968571458006641,1592.454339432239,1.0004315377625064,1592.3779501041065,1.0023185198891305
1592.45850612228,0.9988433953592237,1592.45850612228,0.9969412915741249,1592.4557283289196,0.9985246900765166,1592.3793390007863,1.000072727628328
1592.4598950189602,1.009647875062314,1592.4598950189602,0.9968409091024272,1592.4571172255996,0.9994431185533224,1592.380727897933,0.997722010772238
1592.4612839161064,0.9933199579058756,1592.4612839161064,0.9968027530148923,1592.45850612228,0.9957882246497088,1592.382116794614,0.9976477148102758
1592.4626728127864,1.0046711134621717,1592.4626728127864,0.9968731711330427,1592.4598950189602,1.0064583056504508,1592.38350569176,0.9996716647409476
1592.464061709467,1.0036469612713628,1592.464061709467,0.9969183297564749,1592.4612839161064,0.9901440686652137,1592.3848945889058,0.9901114104236558
1592.465450606148,1.013481655461458,1592.465450606148,0.9969134492208367,1592.4626728127864,1.0015296788228,1592.3862834855863,1.001336927544001
1592.4668395028289,1.0013417156599256,1592.4668395028289,0.9968845583170161,1592.464061709467,1.0005540522958083,1592.387672382732,0.9803587738472432
1592.4682283999746,0.993547638603555,1592.4682283999746,0.9969427712380058,1592.465450606148,1.0103534928681257,1592.389061279413,0.9890137613896002
1592.469617296655,0.9999111146000711,1592.469617296655,0.9969158108154038,1592.4668395028289,0.998222093940048,1592.3904501765592,0.994325615153498
1592.4710061933351,0.9957798203329552,1592.4710061933351,0.9969555721718627,1592.4682283999746,0.9905101361864048,1592.3918390732388,0.9854041954031773
1592.4723950900154,0.9952204686085627,1592.4723950900154,0.9969295535148538,1592.469617296655,0.996827199554864,1592.3932279703845,1.0174220648120946
1592.4737839866962,1.009038611951462,1592.4737839866962,0.9969461673834089,1592.4710061933351,0.992748240537236,1592.3946168670648,1.0022295246433033
1592.475172883377,0.9915182897866237,1592.475172883377,0.9970155259145844,1592.4723950900154,0.992164697418778,1592.3960057642112,0.9976175782031884
1592.4765617800565,0.9937726363163799,1592.4765617800565,0.9971093062559652,1592.4737839866962,1.005957176926885,1592.3973946613578,0.9770988540063128
1592.4779506767363,0.9953632371198795,1592.4779506767363,0.9971678651003852,1592.475172883377,0.98855912914554,1592.3987835580383,1.0044615401694372
1592.4793395734168,0.9933887166834237,1592.4793395734168,0.99711123906155,1592.4765617800565,0.9908999439735872,1592.400172455184,0.9950586112417972
1592.4807284705637,0.9891962391628307,1592.4807284705637,0.9971490298678104,1592.4779506767363,0.9925442341582388,1592.4015613518643,0.989501605404736
1592.4821173672444,0.9992193221427464,1592.4821173672444,0.9972154652773759,1592.4793395734168,0.9905190541619716,1592.4029502490102,0.990403920022242
1592.4835062639245,1.005381665802861,1592.4835062639245,0.9972112828639843,1592.4807284705637,0.9863760702301032,1592.4043391456912,1.0072775293369876
1592.484895160605,1.001584755362497,1592.484895160605,0.997121809896797,1592.4821173672444,0.996436961244723,1592.4057280423722,1.0010912219413195
1592.486284057285,0.9833002654785494,1592.486284057285,0.997176805594196,1592.4835062639245,1.0025779407232005,1592.4071169395174,0.991959583980745
1592.4876729539656,1.00934898752669,1592.4876729539656,0.997167351699908,1592.484895160605,0.9987020040320936,1592.408505836197,1.0053393764815948
1592.4890618506463,1.0156427909467793,1592.4890618506463,0.9971966646401625,1592.486284057285,0.9805242176698248,1592.4098947333432,0.9950589802614755
1592.4904507473277,0.9973590568167788,1592.4904507473277,0.9972365169201206,1592.4876729539656,1.0064898568329728,1592.4112836300242,0.9860411848717554
1592.4918396440069,0.9947174866096927,1592.4918396440069,0.9971110256495548,1592.4890618506463,1.0127956035979542,1592.4126725271708,1.0028935140517004
1592.4932285406862,1.0035668817629484,1592.4932285406862,0.9971429395927377,1592.4904507473277,0.9946028719387012,1592.4140614238509,0.9983860001806352
1592.4946174373667,0.9896041937359523,1592.4946174373667,0.9970639384696963,1592.4918396440069,0.991843773304938,1592.4154503209966,1.007946562014326
1592.4960063340477,0.9992200042214603,1592.4960063340477,0.9970516120984758,1592.4932285406862,1.000699630559024,1592.416839217677,1.0081395593062443
1592.497395230729,0.9899641754199376,1592.497395230729,0.9970720234203392,1592.4946174373667,0.986698654932497,1592.4182281143571,0.9844093798528972
1592.4987841274087,1.0129578245497046,1592.4987841274087,0.9970870883481496,1592.4960063340477,0.9962739160500528,1592.4196170115038,0.9930671350428436
1592.5001730240892,0.9890227303178428,1592.5001730240892,0.9971444336213302,1592.497395230729,0.9870655834996048,1592.4210059081847,1.0009679693686606
1592.5015619207693,1.002210982610441,1592.5015619207693,0.9972410036833494,1592.4987841274087,1.0100071678997409,1592.422394805331,1.0021447116205005
1592.5029508174498,1.0095589922731953,1592.5029508174498,0.997259594705997,1592.5001730240892,0.986198510261407,1592.423783702011,0.9966540063190314
1592.5043397141308,0.9987292107571919,1592.5043397141308,0.9972727161704321,1592.5015619207693,0.999445886200912,1592.4251725986906,0.9966816212916482
1592.5057286108115,0.9994679841087112,1592.5057286108115,0.9972976275334412,1592.5029508174498,1.0067923914661616,1592.4265614958367,0.9961042285011672
1592.5071175074918,0.999375970269938,1592.5071175074918,0.9973638486761275,1592.5043397141308,0.9960053927305768,1592.4279503925177,1.0008104594691696
1592.509895300851,0.9989508488229468,1592.509895300851,0.9974492404658564,1592.5057286108115,0.9967670493472488,1592.4293392896634,1.0012464562194592
1592.511284197532,1.0034656083504165,1592.511284197532,0.9974355379021078,1592.5071175074918,0.9967414639828645,1592.430728186344,0.9931457977376696
1592.5126730937473,0.9952581705100334,1592.5126730937473,0.9975013470742677,1592.509895300851,0.9964027654211708,1592.432117083024,0.9902719954871352
1592.5140619904273,1.0008606819038788,1592.5140619904273,0.9975836734662674,1592.511284197532,1.0008922588312636,1592.43350598017,0.9925997101165914
1592.5154508871078,1.004925142518192,1592.5154508871078,0.9976262955012237,1592.5126730937473,0.9927713657704296,1592.4348948768506,0.995095513209659
1592.516839783788,1.0090951756965703,1592.516839783788,0.9976352025638325,1592.5140619904273,0.9984422756816248,1592.4362837735316,0.9984518086899892
1592.5182286804684,0.9970031733881191,1592.5182286804684,0.9976377627424564,1592.5154508871078,1.0025397471864632,1592.437672670212,1.0032419301315976
1592.5196175771491,0.9992847365607439,1592.5196175771491,0.9975916651158776,1592.516839783788,1.006708870012234,1592.4390615673578,1.0001737160137103
1592.5210064738303,0.9870116757309165,1592.5210064738303,0.9975888446169302,1592.5182286804684,0.9946480153460524,1592.4404504640383,0.9942777656018368
1592.5223953705104,0.9940728305173412,1592.5223953705104,0.9975394365432169,1592.5196175771491,0.9968781242705136,1592.4418393607184,1.0030470877412865
1592.5237842671909,0.9964026887875428,1592.5237842671909,0.9974414387394911,1592.5210064738303,0.9846318372158251,1592.4446171545446,0.981410110911632
1592.5251731634048,1.0029876589812154,1592.5251731634048,0.9973877812922929,1592.5223953705104,0.9916268512371892,1592.4460060512251,1.0041696456036486
1592.5265620600849,1.013860235659551,1592.5265620600849,0.9974217736426134,1592.5237842671909,0.993853331468144,1592.4473949479052,1.004631412228162
1592.5279509567658,1.0080235560173063,1592.5279509567658,0.9974249844652656,1592.5251731634048,1.0003676358548252,1592.4487838450514,0.9926687167964934
1592.5293398534463,1.0045568768367488,1592.5293398534463,0.9973322675351883,1592.5265620600849,1.0112462744772674,1592.4501727417323,1.0014601186133802
1592.5307287501264,0.9931934194753932,1592.5307287501264,0.9973530071369784,1592.5279509567658,1.0054278797011835,1592.4515616384133,0.9944975783237348
1592.5321176468065,0.9935059531559395,1592.5321176468065,0.9974287713837344,1592.5293398534463,1.0018769878436615,1592.4529505350934,1.0079938580364691
1592.5335065430213,0.9951351282723695,1592.5335065430213,0.9973723981641562,1592.5307287501264,0.9905644435824418,1592.454339432239,1.0004315377625064
1592.5348954397025,0.9924141634004591,1592.5348954397025,0.9973633949313017,1592.5321176468065,0.9909514222187548,1592.4557283289196,0.9985246900765166
1592.5362843363832,0.9972350413842883,1592.5362843363832,0.9975054043047321,1592.5335065430213,0.9925203093824084,1592.4571172255996,0.9994431185533224
1592.5376732330633,0.9990086002308544,1592.5376732330633,0.9974863882470508,1592.5348954397025,0.9897975591869894,1592.45850612228,0.9957882246497088
1592.5390621297438,1.0083880761819075,1592.5390621297438,0.997469960986456,1592.5362843363832,0.9947473431428808,1592.4598950189602,1.0064583056504508
1592.5404510259582,1.0059445604418997,1592.5404510259582,0.9974405726852683,1592.5376732330633,0.9964974804720168,1592.4612839161064,0.9901440686652137
1592.5418399226387,1.0123675412687736,1592.5418399226387,0.9973690765229379,1592.5390621297438,1.0058368150083747,1592.4626728127864,1.0015296788228
1592.5432288193188,0.9861771997470987,1592.5432288193188,0.9974656903433303,1592.5404510259582,1.003369918456799,1592.464061709467,1.0005540522958083
1592.5446177159993,0.9935957437063103,1592.5446177159993,0.9974373644689496,1592.5418399226387,1.009704079737034,1592.465450606148,1.0103534928681257
1592.5460066122137,0.9837763156586526,1592.5460066122137,0.9973782753621819,1592.5432288193188,0.9836779213465922,1592.4668395028289,0.998222093940048
1592.5473955088942,0.9989947453347471,1592.5473955088942,0.9972780335310881,1592.5446177159993,0.991049519949988,1592.4682283999746,0.9905101361864048
1592.5487844055742,0.992432374384855,1592.5487844055742,0.9973358595962871,1592.5460066122137,0.9811971250537884,1592.469617296655,0.996827199554864
1592.5501733017895,1.0008642737336269,1592.5501733017895,0.997278311624821,1592.5473955088942,0.9962755151353268,1592.4710061933351,0.992748240537236
1592.5515621984705,0.9858331660871845,1592.5515621984705,0.9973120039871449,1592.5487844055742,0.9897883951983036,1592.4723950900154,0.992164697418778
1592.5529510951503,0.986662522030471,1592.5529510951503,0.9973372809177663,1592.5501733017895,0.998140233074674,1592.4737839866962,1.005957176926885
1592.554339991831,1.0031812956846782,1592.554339991831,0.9972250586729844,1592.5515621984705,0.9831832504674018,1592.475172883377,0.98855912914554
1592.5557288880457,1.004277774462383,1592.5557288880457,0.9972800226888752,1592.5529510951503,0.9840353169053356,1592.4765617800565,0.9908999439735872
1592.5571177847264,0.9974027530709387,1592.5571177847264,0.9972749019806744,1592.554339991831,1.0003975264487937,1592.4779506767363,0.9925442341582388
1592.558506681407,0.994933282130727,1592.558506681407,0.9973913296237937,1592.5557288880457,1.0015461617017785,1592.4793395734168,0.9905190541619716
1592.5598955776209,0.9780152048623089,1592.5598955776209,0.997473297187716,1592.5571177847264,0.9946847328040752,1592.4807284705637,0.9863760702301032
1592.561284474301,1.011373892911174,1592.561284474301,0.9975199207683472,1592.558506681407,0.9923378291513308,1592.4821173672444,0.996436961244723
1592.5626733709814,1.0052158069062418,1592.5626733709814,0.9974048835014053,1592.5598955776209,0.9755440510937268,1592.4835062639245,1.0025779407232005
1592.5640622671958,0.9775639430840477,1592.5640622671958,0.9974313115777955,1592.561284474301,1.0088656055239291,1592.484895160605,0.9987020040320936
1592.5654511638768,1.0014054047548342,1592.5654511638768,0.9973852715616813,1592.5626733709814,1.0026071547810913,1592.486284057285,0.9805242176698248
1592.5668400605578,1.0000539118111067,1592.5668400605578,0.997276654399329,1592.5640622671958,0.9750528859014832,1592.4876729539656,1.0064898568329728
1592.5682289567726,0.9994180946188146,1592.5682289567726,0.9972049481800719,1592.5654511638768,0.9987870015647357,1592.4890618506463,1.0127956035979542
1592.5696178534529,1.0085746502163002,1592.5696178534529,0.9972497066733971,1592.5668400605578,0.9973304193899422,1592.4904507473277,0.9946028719387012
1592.571006749667,0.9997382931670333,1592.571006749667,0.9971852219166498,1592.5682289567726,0.9966246692545812,1592.4918396440069,0.991843773304938
1592.572395646348,0.994645976194443,1592.572395646348,0.997132194632717,1592.5696178534529,1.0058007740864294,1592.4932285406862,1.000699630559024
1592.573784543029,0.9964636482156932,1592.573784543029,0.9972448172513667,1592.571006749667,0.9969242517303408,1592.4946174373667,0.986698654932497
1592.575173439243,1.0123529628104675,1592.575173439243,0.997150209195357,1592.572395646348,0.991793525125366,1592.4960063340477,0.9962739160500528
1592.5765623359223,0.9915773524045658,1592.5765623359223,0.9972217334246594,1592.573784543029,0.9937182087624892,1592.497395230729,0.9870655834996048
1592.5779512321374,1.0092908044433242,1592.5779512321374,0.9971702971698819,1592.575173439243,1.009467968645997,1592.4987841274087,1.0100071678997409
1592.5793401288174,0.9949273158511965,1592.5793401288174,0.9971848461412087,1592.5765623359223,0.9888224861895154,1592.5001730240892,0.986198510261407
1592.5807290250327,0.9966820517526955,1592.5807290250327,0.9971923466872669,1592.5779512321374,1.0064348113975787,1592.5015619207693,0.999445886200912
1592.5821179217137,1.0075456096905633,1592.5821179217137,0.9971322274516771,1592.5793401288174,0.9921264423787612,1592.5029508174498,1.0067923914661616
1592.5835068179283,0.9961714637267234,1592.5835068179283,0.9971383549299399,1592.5807290250327,0.9938837140883504,1592.5043397141308,0.9960053927305768
1592.5848957146086,0.9968412736752037,1592.5848957146086,0.997023875662169,1592.5821179217137,1.0046561980499094,1592.5057286108115,0.9967670493472488
1592.586284611289,1.0051406000809244,1592.586284611289,0.99709695956494,1592.5835068179283,0.9933207745686152,1592.5071175074918,0.9967414639828645
1592.5876735075044,0.9974026603668709,1592.5876735075044,0.9971022137121148,1592.5848957146086,0.9938745500996644,1592.509895300851,0.9964027654211708
1592.5890624041851,0.9890479217159689,1592.5890624041851,0.9971072209799964,1592.586284611289,1.002222636275969,1592.511284197532,1.0008922588312636
1592.5904513003998,0.9956860250551769,1592.5904513003998,0.9970068041438095,1592.5876735075044,0.9945124006141596,1592.5126730937473,0.9927713657704296
1592.5918401970794,1.0061137737454915,1592.5918401970794,0.9970329457399267,1592.5890624041851,0.9861868246382508,1592.5140619904273,0.9984422756816248
1592.5932290932933,0.9939609007037583,1592.5932290932933,0.9971376955442773,1592.5904513003998,0.992705741770915,1592.5154508871078,1.0025397471864632
1592.5946179899734,1.0045788400320994,1592.5946179899734,0.9970709585931511,1592.5918401970794,1.0031285795869815,1592.516839783788,1.006708870012234
1592.596006886189,1.0021373187240452,1592.596006886189,0.9971070540486329,1592.5932290932933,0.9911158819888598,1592.5182286804684,0.9946480153460524
1592.597395782404,1.0154138191041209,1592.597395782404,0.9971608972964732,1592.5946179899734,1.0016363870132012,1592.5196175771491,0.9968781242705136
1592.5987846790845,1.003862785357842,1592.5987846790845,0.9971590871367094,1592.596006886189,0.9992381896251286,1592.5210064738303,0.9846318372158251
1592.6001735752989,1.0055006340266972,1592.6001735752989,0.9972614430123413,1592.597395782404,1.0125309549851038,1592.5223953705104,0.9916268512371892
1592.6015624719794,1.0117042017370637,1592.6015624719794,0.9972603843692794,1592.5987846790845,1.00101089865794,1592.5237842671909,0.993853331468144
1592.602951368195,0.9962468533536862,1592.602951368195,0.9972618079460236,1592.6001735752989,1.0027470132392882,1592.5251731634048,1.0003676358548252
1592.6043402648756,1.004285439249345,1592.6043402648756,0.9972641438549691,1592.6015624719794,1.0089325210923192,1592.5265620600849,1.0112462744772674
1592.60572916109,1.0050524091858801,1592.60572916109,0.9973833332206141,1592.602951368195,0.9935189381360342,1592.5279509567658,1.0054278797011835
1592.6071180577703,0.9966482390371046,1592.6071180577703,0.9974615402499926,1592.6043402648756,1.0015378587590096,1592.5293398534463,1.0018769878436615
1592.608506953985,0.986231845575809,1592.608506953985,0.9974165958887364,1592.60572916109,1.0024225219352216,1592.5307287501264,0.9905644435824418
1592.6098958501989,0.9974240033662425,1592.6098958501989,0.9973610086149878,1592.6071180577703,0.9941182875973932,1592.5321176468065,0.9909514222187548
1592.611284746879,1.0023703385859253,1592.611284746879,0.9974861977583243,1592.608506953985,0.9836840101712894,1592.5335065430213,0.9925203093824084
1592.6126736430942,0.9759823112093684,1592.6126736430942,0.9974768829983598,1592.6098958501989,0.9947918100141546,1592.5348954397025,0.9897975591869894
1592.614062539309,1.0043943737302163,1592.614062539309,0.9974816873807087,1592.611284746879,0.9998505777817988,1592.5362843363832,0.9947473431428808
1592.6154514359891,0.9938150155545387,1592.6154514359891,0.9975311175274729,1592.6126736430942,0.973519793646656,1592.5376732330633,0.9964974804720168
1592.616840332204,0.9994881661209435,1592.616840332204,0.9976102082836574,1592.614062539309,1.0018649947041065,1592.5390621297438,1.0058368150083747
1592.618229228884,0.9901639100702728,1592.618229228884,0.997649248828202,1592.6154514359891,0.9913614030817018,1592.5404510259582,1.003369918456799
1592.6196181250994,1.0023261750123706,1592.6196181250994,0.9976891332478081,1592.616840332204,0.9970995975809652,1592.5418399226387,1.009704079737034
1592.6210070213149,0.9967121259235208,1592.6210070213149,0.9977221797392766,1592.618229228884,0.987836281098403,1592.5432288193188,0.9836779213465922
1592.6223959179952,1.0055425982329262,1592.6223959179952,0.9978711627223661,1592.6196181250994,1.0000099327796828,1592.5446177159993,0.991049519949988
1592.6237848142096,1.0085491650216585,1592.6237848142096,0.9977277581905414,1592.6210070213149,0.9944417948489834,1592.5460066122137,0.9811971250537884
1592.6251737104244,1.0048166571321262,1592.6251737104244,0.9977841343057686,1592.6223959179952,1.0034019616655592,1592.5473955088942,0.9962755151353268
1592.6265626071045,1.007810712405541,1592.6265626071045,0.99769116889598,1592.6237848142096,1.0062574974420018,1592.5487844055742,0.9897883951983036
1592.6279515033189,1.0041249069936296,1592.6279515033189,0.9976349551738104,1592.6251737104244,1.002590118372595,1592.5501733017895,0.998140233074674
1592.6293403995337,1.004928125373868,1592.6293403995337,0.9975807991582082,1592.6265626071045,1.0054838476857746,1592.5515621984705,0.9831832504674018
1592.630729295748,1.01051010414235,1592.630729295748,0.997667318105249,1592.6279515033189,1.001750106577496,1592.5529510951503,0.9840353169053356
1592.6321181924286,1.0097780631399451,1592.6321181924286,0.9976012153400539,1592.6293403995337,1.0024970024070232,1592.554339991831,1.0003975264487937
1592.633507088643,0.9973898353652023,1592.633507088643,0.9975641972927182,1592.630729295748,1.0081529055179543,1592.5557288880457,1.0015461617017785
1592.6348959848583,1.0022211607064175,1592.6348959848583,0.9975905479973388,1592.6321181924286,1.0073558230121349,1592.5571177847264,0.9946847328040752
1592.6362848815393,1.0004671923249062,1592.6362848815393,0.9975217934215908,1592.633507088643,0.9949603905040044,1592.558506681407,0.9923378291513308
1592.637673777754,1.0011289040087776,1592.637673777754,0.9975932839062168,1592.6348959848583,0.999806356923644,1592.5598955776209,0.9755440510937268
1592.6390626739685,1.0006295380106967,1592.6390626739685,0.997648528176122,1592.6362848815393,0.997987827947404,1592.561284474301,1.0088656055239291
1592.6404515701834,0.9851569533306106,1592.6404515701834,0.9975653564556679,1592.637673777754,0.9987194709635482,1592.5626733709814,1.0026071547810913
1592.641840466399,1.0196575791935645,1592.641840466399,0.9974891063913041,1592.6390626739685,0.9982765858459244,1592.5640622671958,0.9750528859014832
1592.6432293630787,0.9994810895441149,1592.6432293630787,0.9975933344170851,1592.6404515701834,0.9827584473140304,1592.5654511638768,0.9987870015647357
1592.6460071555073,0.9892415965493093,1592.6460071555073,0.997678899711552,1592.641840466399,1.0170973274949089,1592.5668400605578,0.9973304193899422
1592.647396051722,0.995197876842411,1592.647396051722,0.9978304251194028,1592.6432293630787,0.9970756728051348,1592.5682289567726,0.9966246692545812
1592.6487849479363,0.9886011362941386,1592.6487849479363,0.9979042494307717,1592.6460071555073,0.986945467594214,1592.5696178534529,1.0058007740864294
1592.6501738446173,0.995696863903812,1592.6501738446173,0.997940585584116,1592.647396051722,0.99303872052759,1592.571006749667,0.9969242517303408
1592.6515627408326,0.9930046351719058,1592.6515627408326,0.9979385784825265,1592.6487849479363,0.9865292749000104,1592.572395646348,0.991793525125366
1592.6529516370474,0.9964773782810318,1592.6529516370474,0.9978911177609397,1592.6501738446173,0.993646311428438,1592.573784543029,0.9937182087624892
1592.6543405332618,1.0140731078592498,1592.6543405332618,0.9978948884866529,1592.6515627408326,0.9909576340500116,1592.575173439243,1.009467968645997
1592.6557294294769,1.0021398955614005,1592.6557294294769,0.9979748057782729,1592.6529516370474,0.9943759248363496,1592.5765623359223,0.9888224861895154
1592.657118325692,0.9992430891279116,1592.657118325692,0.9980008195279538,1592.6543405332618,1.0119383708845195,1592.5779512321374,1.0064348113975787
1592.658507222372,0.9959827507390154,1592.658507222372,0.9981056626457646,1592.6557294294769,1.0001103676355474,1592.5793401288174,0.9921264423787612
1592.659896118586,1.009410255631333,1592.659896118586,0.9982244031791642,1592.657118325692,0.9972454218573,1592.5807290250327,0.9938837140883504
1592.6612850148008,1.0019330685096526,1592.6612850148008,0.9982988583562347,1592.658507222372,0.9940960234101164,1592.5821179217137,1.0046561980499094
1592.6626739110152,0.9984155206008792,1592.6626739110152,0.9983663456829336,1592.659896118586,1.007617949990515,1592.5835068179283,0.9933207745686152
1592.66406280723,1.0030408218288656,1592.66406280723,0.9982909700198042,1592.6612850148008,1.0002286384425452,1592.5848957146086,0.9938745500996644
1592.6654517034451,0.9987970215677425,1592.6654517034451,0.9982610605041817,1592.6626739110152,0.9967844547754235,1592.586284611289,1.002222636275969
1592.6668405996604,1.0023003333241605,1592.6668405996604,0.998239624953498,1592.66406280723,1.0013265949929997,1592.5876735075044,0.9945124006141596
1592.668229495875,0.989704853021478,1592.668229495875,0.9982555411933817,1592.6654517034451,0.9970601739786328,1592.5890624041851,0.9861868246382508
1592.6696183920894,0.9966246148428581,1592.6696183920894,0.9983193397113941,1592.6668405996604,1.000535908828276,1592.5904513003998,0.992705741770915
1592.6710072883045,0.9927555895800337,1592.6710072883045,0.9984412551409824,1592.668229495875,0.9879783536746718,1592.5918401970794,1.0031285795869815
1592.6723961849852,1.0144236919428244,1592.6723961849852,0.9984575690849347,1592.6696183920894,0.9949496274300446,1592.5932290932933,0.9911158819888598
1592.6737850812003,0.9851997707899508,1592.6737850812003,0.9984959910173745,1592.6710072883045,0.9912081369085148,1592.5946179899734,1.0016363870132012
1592.6751739774145,1.0008293498537062,1592.6751739774145,0.9985621913319819,1592.6723961849852,1.012859013479397,1592.596006886189,0.9992381896251286
1592.6765628736284,1.013040779800403,1592.6765628736284,0.9985600802606598,1592.6737850812003,0.9837180214850022,1592.597395782404,1.0125309549851038
1592.6779517698428,0.9893747136484944,1592.6779517698428,0.9986623080527148,1592.6751739774145,0.9993903487392796,1592.5987846790845,1.00101089865794
1592.6793406660577,1.000029068804318,1592.6793406660577,0.9985633781441048,1592.6765628736284,1.0115820823848118,1592.6001735752989,1.0027470132392882
1592.680729562273,0.9906570397904914,1592.680729562273,0.9985598811776042,1592.6779517698428,0.9880512350611992,1592.6015624719794,1.0089325210923192
1592.6821184584885,1.011514532280298,1592.6821184584885,0.9985215296470428,1592.6793406660577,0.9985924051875432,1592.602951368195,0.9935189381360342
1592.683507354703,1.0069256022530293,1592.683507354703,0.9985994348690141,1592.680729562273,0.9892303759409502,1592.6043402648756,1.0015378587590096
1592.6848962509173,1.0071739614319595,1592.6848962509173,0.9985484155294889,1592.6821184584885,1.0100190380327363,1592.60572916109,1.0024225219352216
1592.686285147132,0.9910772847863255,1592.686285147132,0.9985117840636976,1592.683507354703,1.0055153373650167,1592.6071180577703,0.9941182875973932
1592.6876740433472,1.0052921708139886,1592.6876740433472,0.9984814347482752,1592.6848962509173,1.0057119633504417,1592.608506953985,0.9836840101712894
1592.6890629395623,0.9894919307079806,1592.6890629395623,0.9984522617717297,1592.686285147132,0.9896023477769992,1592.6098958501989,0.9947918100141546
1592.690451835777,0.9922270099146931,1592.690451835777,0.9983800719281406,1592.6876740433472,1.0037655690555596,1592.611284746879,0.9998505777817988
1592.6918407319909,0.9895901053343746,1592.6918407319909,0.9984671915262278,1592.6890629395623,0.9879604562202589,1592.6126736430942,0.973519793646656
1592.6932296282048,0.996350885489616,1592.6932296282048,0.9985592887967192,1592.690451835777,0.9906196735276752,1592.614062539309,1.0018649947041065
1592.694618523954,0.9979842372031875,1592.694618523954,0.9984792416309617,1592.6918407319909,0.988073253235357,1592.6154514359891,0.9913614030817018
1592.6960074201693,0.9995897696041757,1592.6960074201693,0.9985301794559084,1592.6932296282048,0.9949154316064924,1592.616840332204,0.9970995975809652
1592.6973963163846,1.0079925957655556,1592.6973963163846,0.9985617110534432,1592.694618523954,0.9964665443222924,1592.618229228884,0.987836281098403
1592.698785212599,0.9924687687619186,1592.698785212599,0.9985819415953101,1592.6960074201693,0.9981205520251476,1592.6196181250994,1.0000099327796828
1592.7001741088138,1.0041392962047233,1592.7001741088138,0.9984442232931782,1592.6973963163846,1.0065428111568548,1592.6210070213149,0.9944417948489834
1592.7015630050282,1.0006134492155785,1592.7015630050282,0.9985460470917986,1592.698785212599,0.9910613900829836,1592.6223959179952,1.0034019616655592
1592.7029519012435,1.0039721974250946,1592.7029519012435,0.9985290488052028,1592.7001741088138,1.0025770796772835,1592.6237848142096,1.0062574974420018
1592.7043407974588,1.0006710869381195,1592.7043407974588,0.9986652351156049,1592.7015630050282,0.9991586043811062,1592.6251737104244,1.002590118372595
1592.7057296936734,0.9942782659774647,1592.7057296936734,0.9987012994728471,1592.7029519012435,1.002495403321749,1592.6265626071045,1.0054838476857746
1592.707118589888,0.9977884866572386,1592.707118589888,0.9986528757979095,1592.7043407974588,0.999335426310445,1592.6279515033189,1.001750106577496
1592.7085074856363,0.9930364448513287,1592.7085074856363,0.9986464201475853,1592.7057296936734,0.9929869962693032,1592.6293403995337,1.0024970024070232
1592.7098963818505,0.9998816118214326,1592.7098963818505,0.9986854213908378,1592.707118589888,0.9964443416382954,1592.630729295748,1.0081529055179543
1592.7112852780656,1.0035712002107384,1592.7112852780656,0.9986773167601366,1592.7085074856363,0.9916922907268644,1592.6321181924286,1.0073558230121349
1592.712674174281,1.0024627069696432,1592.712674174281,0.9986830519641112,1592.7098963818505,0.9985671888428376,1592.633507088643,0.9949603905040044
1592.7140630704953,0.9950512449507558,1592.7140630704953,0.9986847487509828,1592.7112852780656,1.00224379340421,1592.6348959848583,0.999806356923644
1592.71545196671,1.0024192107010148,1592.71545196671,0.9986733141711859,1592.712674174281,1.0011425156766478,1592.6362848815393,0.997987827947404
1592.7168408629243,1.0040270674059897,1592.7168408629243,0.9986333176421808,1592.7140630704953,0.9937425025579982,1592.637673777754,0.9987194709635482
1592.7182297586742,0.9888403906702466,1592.7182297586742,0.998776321675439,1592.71545196671,1.0010893153396467,1592.6390626739685,0.9982765858459244
1592.7196186548897,0.9982915751428241,1592.7196186548897,0.9986831351336086,1592.7168408629243,1.0026548813261928,1592.6404515701834,0.9827584473140304
1592.7210075511043,0.9996459538128846,1592.7210075511043,0.9987119138498639,1592.7182297586742,0.987630368117733,1592.641840466399,1.0170973274949089
1592.7223964473187,1.0138819942375559,1592.7223964473187,0.9986394336071198,1592.7196186548897,0.996976960041104,1592.6432293630787,0.9970756728051348
1592.7237853430677,1.002492677422922,1592.7237853430677,0.9985378567392533,1592.7210075511043,0.9983583237047386,1592.6460071555073,0.986945467594214
1592.7251742392814,0.9922061769507218,1592.7251742392814,0.998513787767703,1592.7223964473187,1.01250254046985,1592.647396051722,0.99303872052759
1592.7265631354962,0.9942034805357458,1592.7265631354962,0.9985136959138088,1592.7237853430677,1.0010268895106802,1592.6487849479363,0.9865292749000104
1592.7279520317115,0.9923896376517417,1592.7279520317115,0.9984960934000927,1592.7251742392814,0.990731547993577,1592.6501738446173,0.993646311428438
1592.729340927926,1.0041800452013843,1592.729340927926,0.998463055650848,1592.7265631354962,0.99272579184012,1592.6515627408326,0.9909576340500116
1592.7307298236751,1.0103854251458024,1592.7307298236751,0.9984639665234989,1592.7279520317115,0.9908971763259976,1592.6529516370474,0.9943759248363496
1592.7321187198895,0.9719277496393218,1592.7321187198895,0.9985078976014129,1592.729340927926,1.002636676355381,1592.6543405332618,1.0119383708845195
1592.7335076161048,0.9795985513249731,1592.7335076161048,0.9986535735972135,1592.7307298236751,1.0088334393086096,1592.6557294294769,1.0001103676355474
1592.7348965118545,1.0126553097551771,1592.7348965118545,0.9987682450846026,1592.7321187198895,0.9704775339128316,1592.657118325692,0.9972454218573
1592.7362854080693,1.0057758756179198,1592.7362854080693,0.9987762542089224,1592.7335076161048,0.9782795939713378,1592.658507222372,0.9940960234101164
1592.7376743042837,1.0089275208642612,1592.7376743042837,0.9987264005240558,1592.7348965118545,1.0114079665997828,1592.659896118586,1.007617949990515
1592.7390632004983,1.0010203441845595,1592.7390632004983,0.9987691251875093,1592.7362854080693,1.0045450616233649,1592.6612850148008,1.0002286384425452
1592.7404520962473,1.0016652516954871,1592.7404520962473,0.9988682365741688,1592.7376743042837,1.0076425513024228,1592.6626739110152,0.9967844547754235
1592.741840992462,1.0110514974133842,1592.741840992462,0.998907775504765,1592.7390632004983,0.999788213456112,1592.66406280723,1.0013265949929997
1592.7432298886763,0.99451442419522,1592.7432298886763,0.9989491779332149,1592.7404520962473,1.0005316035986922,1592.6654517034451,0.9970601739786328
1592.7446187844253,1.0002800330604176,1592.7446187844253,0.9989500246431948,1592.741840992462,1.009947202201965,1592.6668405996604,1.000535908828276
1592.74600768064,1.0086811893175478,1592.74600768064,0.9989340214946253,1592.7432298886763,0.9934693664925396,1592.668229495875,0.9879783536746718
1592.7473965768545,0.9907019349044152,1592.7473965768545,0.9988814636933047,1592.7446187844253,0.9992297636758,1592.6696183920894,0.9949496274300446
1592.748785472604,0.9967567185483268,1592.748785472604,0.9988446020534977,1592.74600768064,1.0076059568509594,1592.6710072883045,0.9912081369085148
1592.7501743688194,0.9897844450008041,1592.7501743688194,0.9988088276275183,1592.7473965768545,0.9895937988211112,1592.6723961849852,1.012859013479397
1592.7515632650343,0.9999349138586402,1592.7515632650343,0.9987955493022183,1592.748785472604,0.9956050678825537,1592.6737850812003,0.9837180214850022
1592.752952160783,0.984337661683611,1592.752952160783,0.9987933551259096,1592.7501743688194,0.988605441115207,1592.6751739774145,0.9993903487392796
1592.754341056998,1.0107782475071296,1592.754341056998,0.99874598203432,1592.7515632650343,0.9987305415539068,1592.6765628736284,1.0115820823848118
1592.7557299527466,0.9851945233186749,1592.7557299527466,0.9987452137721523,1592.752952160783,0.9831499156897664,1592.6779517698428,0.9880512350611992
1592.757118848962,0.9777519068668549,1592.757118848962,0.9987492305130757,1592.754341056998,1.009510713425437,1592.6793406660577,0.9985924051875432
1592.7585077451768,0.9990659747410024,1592.7585077451768,0.9988124982774024,1592.7557299527466,0.9839583147990636,1592.680729562273,0.9892303759409502
1592.759896640925,0.9961223857017796,1592.759896640925,0.9987900146367213,1592.757118848962,0.9765289646159638,1592.6821184584885,1.0100190380327363
1592.7612855371394,1.0004120642648484,1592.7612855371394,0.9987814225818572,1592.7585077451768,0.9978795821750088,1592.683507354703,1.0055153373650167
1592.7626744328882,1.0143353161678141,1592.7626744328882,0.9988508241764641,1592.759896640925,0.9949170921950462,1592.6848962509173,1.0057119633504417
1592.764063329103,0.9959124192988275,1592.764063329103,0.998781972500131,1592.7612855371394,0.9991929847144976,1592.686285147132,0.9896023477769992
1592.7654522248529,0.9980769693986229,1592.7654522248529,0.9989281275092476,1592.7626744328882,1.0131696665455154,1592.6876740433472,1.0037655690555596
1592.766841121068,1.0111272525200345,1592.766841121068,0.9988317801963686,1592.764063329103,0.9946993705846604,1592.6890629395623,0.9879604562202589
1592.7682300168167,0.9918618996975075,1592.7682300168167,0.9989131426328856,1592.7654522248529,0.997007158151471,1592.690451835777,0.9906196735276752
1592.7696189130315,1.004897378673733,1592.7696189130315,0.9989544949452813,1592.766841121068,1.0099460336396493,1592.6918407319909,0.988073253235357
1592.771007809246,1.0105328725030485,1592.771007809246,0.999069441736034,1592.7682300168167,0.9907838872846612,1592.6932296282048,0.9949154316064924
1592.7723967049956,1.0173681623983677,1592.7723967049956,0.9991656484268818,1592.7696189130315,1.003846753384856,1592.694618523954,0.9964665443222924
1592.7737856012109,1.006913960496903,1592.7737856012109,0.9993208635084752,1592.771007809246,1.0095925127875314,1592.6960074201693,0.9981205520251476
1592.7751744969592,1.0082658830920137,1592.7751744969592,0.9993253542197693,1592.7723967049956,1.0165193196716302,1592.6973963163846,1.0065428111568548
1592.776563393173,0.999315286245263,1592.776563393173,0.9994455042711169,1592.7737856012109,1.006230128482504,1592.698785212599,0.9910613900829836
1592.7779522889225,1.002834448115116,1592.7779522889225,0.9994761466074708,1592.7751744969592,1.007585660768635,1592.7001741088138,1.0025770796772835
1592.779341184671,0.9997735122864793,1592.779341184671,0.9994650482048786,1592.776563393173,0.9987611701872324,1592.7015630050282,0.9991586043811062
1592.7807300808863,0.9936973521896595,1592.7807300808863,0.9994865395918987,1592.7779522889225,1.0023091098873256,1592.7029519012435,1.002495403321749
1592.782118976636,1.0044818584386022,1592.782118976636,0.9995092285937707,1592.779341184671,0.9992386816513668,1592.7043407974588,0.999335426310445
1592.7835078728504,1.0034881103284814,1592.7835078728504,0.9994832243475057,1592.7807300808863,0.993187127941675,1592.7057296936734,0.9929869962693032
1592.7848967685995,1.0024808890479149,1592.7848967685995,0.9993354446614007,1592.782118976636,1.0039888874644043,1592.707118589888,0.9964443416382954
1592.786285664814,1.006758441442711,1592.786285664814,0.9994050407684644,1592.7835078728504,1.002969532105496,1592.7085074856363,0.9916922907268644
1592.7876745605636,0.9778717655119891,1592.7876745605636,0.9994714932295409,1592.7848967685995,1.0018146850212544,1592.7098963818505,0.9985671888428376
1592.7890634567789,1.018746786590574,1592.7890634567789,0.9994417420785696,1592.786285664814,1.0061594612140483,1592.7112852780656,1.00224379340421
1592.790452352528,1.0047561070630022,1592.790452352528,0.9995402079988849,1592.7876745605636,0.9773549536632752,1592.712674174281,1.0011425156766478
1592.7918412482763,0.9928140404804221,1592.7918412482763,0.9994884384210289,1592.7890634567789,1.018178063127028,1592.7140630704953,0.9937425025579982
1592.7932301444905,0.9976955802885996,1592.7932301444905,0.9995071912165812,1592.790452352528,1.0042941282419031,1592.71545196671,1.0010893153396467
1592.794619040239,1.0101859596723146,1592.794619040239,0.9996038317738293,1592.7918412482763,0.9923061549622492,1592.7168408629243,1.0026548813261928
1592.7960079364543,0.9982283611013337,1592.7960079364543,0.999671365457218,1592.7932301444905,0.9972039071434552,1592.7182297586742,0.987630368117733
1592.797396832204,0.994306572476031,1592.797396832204,0.9995545554367775,1592.794619040239,1.0097857560925687,1592.7196186548897,0.996976960041104
1592.7987857279531,1.0115232976739335,1592.7987857279531,0.9995652488915,1592.7960079364543,0.9979003087802912,1592.7210075511043,0.9983583237047386
1592.8001746241675,0.9841446991879766,1592.8001746241675,0.9994883305238522,1592.797396832204,0.9938636640191452,1592.7223964473187,1.01250254046985
1592.8015635199165,1.0018590023038592,1592.8015635199165,0.9994240734600717,1592.7987857279531,1.011083536798996,1592.7237853430677,1.0010268895106802
1592.802952415666,0.9880975451705941,1592.802952415666,0.9994276670355298,1592.8001746241675,0.9836411423852895,1592.7251742392814,0.990731547993577
1592.8043413118812,1.0017685967448262,1592.8043413118812,0.9994081160037268,1592.8015635199165,1.0012820051151663,1592.7265631354962,0.99272579184012
1592.8057302076304,0.9898901788032806,1592.8057302076304,0.9994318125560814,1592.802952415666,0.9875320243733808,1592.7279520317115,0.9908971763259976
1592.8071191033791,1.0006469776164402,1592.8071191033791,0.999279284963014,1592.8043413118812,1.001175665944444,1592.729340927926,1.002636676355381
1592.808507999593,0.9922707502606439,1592.808507999593,0.9992991441381103,1592.8057302076304,0.9893277356328262,1592.7307298236751,1.0088334393086096
1592.8098968953414,1.0187372609983243,1592.8098968953414,0.9992068218448652,1592.8071191033791,0.9999257962929574,1592.7321187198895,0.9704775339128316
1592.811285791091,1.0001613490472898,1592.811285791091,0.9992986115664854,1592.808507999593,0.991575311488742,1592.7335076161048,0.9782795939713378
1592.8126746873063,0.995381320935364,1592.8126746873063,0.9993069763757813,1592.8098968953414,1.0179292208570785,1592.7348965118545,1.0114079665997828
1592.8140635830557,0.9903831796934809,1592.8140635830557,0.9994065194832313,1592.811285791091,0.9994598474454196,1592.7362854080693,1.0045450616233649
1592.8154524788042,1.009596977390551,1592.8154524788042,0.999536860440196,1592.8126746873063,0.9946914981648498,1592.7376743042837,1.0076425513024228
1592.8168413745534,1.0132999636069508,1592.8168413745534,0.9996435602618534,1592.8140635830557,0.9897954065721974,1592.7390632004983,0.999788213456112
1592.8182302707687,0.9973499716733414,1592.8182302707687,0.9996566455989193,1592.8154524788042,1.009129393090863,1592.7404520962473,1.0005316035986922
1592.8196191665184,1.0023187413218004,1592.8196191665184,0.9997090506640276,1592.8168413745534,1.0129387832332588,1592.741840992462,1.009947202201965
1592.821008062267,0.9960639697409001,1592.821008062267,0.9996483287450266,1592.8182302707687,0.9970075271711496,1592.7432298886763,0.9934693664925396
1592.8223969580158,0.9964541467378817,1592.8223969580158,0.9995094062809461,1592.8196191665184,1.00202711734958,1592.7446187844253,0.9992297636758
1592.823785854231,0.9823898857342854,1592.823785854231,0.9995029446850971,1592.821008062267,0.9957136826746276,1592.74600768064,1.0076059568509594
1592.825174749979,1.001661735176674,1592.825174749979,0.9994861241649488,1592.8223969580158,0.9959652925921668,1592.7473965768545,0.9895937988211112
1592.8265636457277,1.00430617657013,1592.8265636457277,0.9994854714089438,1592.823785854231,0.9819015836202744,1592.748785472604,0.9956050678825537
1592.827952541477,1.0094735651490911,1592.827952541477,0.99953007734142,1592.825174749979,1.0011470054160712,1592.7501743688194,0.988605441115207
1592.8293414372265,0.9981018205513151,1592.8293414372265,0.9995419496331793,1592.8265636457277,1.0037894323281105,1592.7515632650343,0.9987305415539068
1592.830730333441,0.9997112217127879,1592.830730333441,0.9996588554355841,1592.827952541477,1.00899919064759,1592.752952160783,0.9831499156897664
1592.83211922919,0.9926860258804491,1592.83211922919,0.9997609452440085,1592.8293414372265,0.9976446396462872,1592.754341056998,1.009510713425437
1592.8335081249395,0.9980102151936863,1592.8335081249395,0.999902939151715,1592.830730333441,0.999370175663515,1592.7557299527466,0.9839583147990636
1592.8348970206894,1.001545949357047,1592.8348970206894,0.9998301108997139,1592.83211922919,0.992448719564756,1592.757118848962,0.9765289646159638
1592.836285916438,0.9953512299733287,1592.836285916438,0.9997918416437415,1592.8335081249395,0.9979133474756025,1592.7585077451768,0.9978795821750088
1592.8376748121873,0.9895031901834204,1592.8376748121873,0.9997521374609336,1592.8348970206894,1.0013757976168156,1592.759896640925,0.9949170921950462
1592.8390637084017,0.9909863152237448,1592.8390637084017,0.9998341476502945,1592.836285916438,0.9951440392973976,1592.7612855371394,0.9991929847144976
1592.84045260415,0.9992659444986539,1592.84045260415,0.9998065978326887,1592.8376748121873,0.9892579294102872,1592.7626744328882,1.0131696665455154
1592.8418414998987,1.0104841378178568,1592.8418414998987,0.9997271296239206,1592.8390637084017,0.990821957814839,1592.764063329103,0.9946993705846604
1592.8432303956483,0.991947706204255,1592.8432303956483,0.9997720863594661,1592.84045260415,0.9990726842992674,1592.7654522248529,0.997007158151471
1592.8446192913975,1.0023283293742509,1592.8446192913975,0.9997341563000948,1592.8418414998987,1.0102084066311483,1592.766841121068,1.0099460336396493
1592.8473970828954,0.9887439475657006,1592.8473970828954,0.9996850006779067,1592.8432303956483,0.9917216277913148,1592.7682300168167,0.9907838872846612
1592.848785978645,1.0005668140675226,1592.848785978645,0.9996861730455047,1592.8446192913975,1.0020618667026502,1592.7696189130315,1.003846753384856
1592.8501748743947,1.0091878546705095,1592.8501748743947,0.9996892776873193,1592.8473970828954,0.9884324938924935,1592.771007809246,1.0095925127875314
1592.8515637706091,0.9832631215794345,1592.8515637706091,0.999817375507533,1592.848785978645,1.0002528092314946,1592.7723967049956,1.0165193196716302
1592.8529526663583,0.9986644830121261,1592.8529526663583,0.9998564481582406,1592.8501748743947,1.008874277486377,1592.7737856012109,1.006230128482504
1592.854341562107,1.0026173360588544,1592.854341562107,0.9999061738232661,1592.8515637706091,0.9830835536508946,1592.7751744969592,1.007585660768635
1592.857119353605,1.0080670609875753,1592.857119353605,0.9997678388306076,1592.8529526663583,0.99852112288629,1592.776563393173,0.9987611701872324
1592.858508249354,1.0101674886131884,1592.858508249354,0.9997360240879103,1592.854341562107,1.0025232643074848,1592.7779522889225,1.0023091098873256
1592.8598971451029,1.0009599570553243,1592.8598971451029,0.9996807523093542,1592.857119353605,1.0078330269598703,1592.779341184671,0.9992386816513668
1592.8612860408516,0.9936367037603993,1592.8612860408516,0.9996441665271973,1592.858508249354,1.0099008287290183,1592.7807300808863,0.993187127941675
1592.8626749366008,1.0128010188607868,1592.8626749366008,0.9995478318180452,1592.8598971451029,1.0006404029006053,1592.782118976636,1.0039888874644043
1592.8640638323504,1.0025796504826405,1592.8640638323504,0.9994936704145312,1592.8612860408516,0.993283134561396,1592.7835078728504,1.002969532105496
1592.8654527281,1.0018112340906997,1592.8654527281,0.999453985536623,1592.8626749366008,1.0123430624654064,1592.7848967685995,1.0018146850212544
1592.8668416238488,0.9955281590592806,1592.8668416238488,0.9993533833272978,1592.8640638323504,1.0020720147438122,1592.786285664814,1.0061594612140483
1592.868230519598,1.0006234962242404,1592.868230519598,0.9994702882826259,1592.8654527281,1.0012642306673127,1592.7876745605636,0.9773549536632752
1592.8696194153467,0.9932330528817177,1592.8696194153467,0.999537768127827,1592.8668416238488,0.9948844339534884,1592.7890634567789,1.018178063127028
1592.871008311096,0.9981991660061561,1592.871008311096,0.9995429327790146,1592.868230519598,1.0000934542336106,1592.790452352528,1.0042941282419031
1592.8723972068456,1.0018816498437055,1592.8723972068456,0.9995720780851459,1592.8696194153467,0.99277394890818,1592.7918412482763,0.9923061549622492
1592.8737861025943,0.9993308361310255,1592.8737861025943,0.9996435734325076,1592.871008311096,0.9977429218873598,1592.7932301444905,0.9972039071434552
1592.8751749983426,1.0040348916557826,1592.8751749983426,0.9996443472398993,1592.8723972068456,1.0014529227296471,1592.794619040239,1.0097857560925687
1592.8765638940918,1.0018041139225005,1592.8765638940918,0.9997222527845723,1592.8737861025943,0.998974648071314,1592.7960079364543,0.9979003087802912
1592.8779527893748,0.9981590588118775,1592.8779527893748,0.999775278105293,1592.8751749983426,1.0036778038753278,1592.797396832204,0.9938636640191452
1592.8793416851245,1.0080484999591528,1592.8793416851245,0.9997378036836219,1592.8765638940918,1.0015258656194543,1592.7987857279531,1.011083536798996
1592.880730580874,1.0093096952751122,1592.880730580874,0.9997292256831172,1592.8779527893748,0.9979347506169624,1592.8001746241675,0.9836411423852895
1592.8821194766228,1.0204706223987985,1592.8821194766228,0.9996659019959766,1592.8793416851245,1.007784193355733,1592.8015635199165,1.0012820051151663
1592.883508372372,0.9979603607113455,1592.883508372372,0.9997895738794838,1592.880730580874,1.0090364001318508,1592.802952415666,0.9875320243733808
1592.8848972681208,0.9974034703907432,1592.8848972681208,0.9997644607822915,1592.8821194766228,1.0201296852006905,1592.8043413118812,1.001175665944444
1592.88628616387,1.0060901896772043,1592.88628616387,0.9997037168672542,1592.883508372372,0.997750363784212,1592.8057302076304,0.9893277356328262
1592.8876750596196,0.9891120844945972,1592.8876750596196,0.999573526233073,1592.8848972681208,0.9971685427575876,1592.8071191033791,0.9999257962929574
1592.8890639553692,1.0138679473956294,1592.8890639553692,0.9995666575283195,1592.88628616387,1.005792102123982,1592.808507999593,0.991575311488742
1592.890452850652,0.9956514376987999,1592.890452850652,0.9995472156550531,1592.8876750596196,0.9886902541380098,1592.8098968953414,1.0179292208570785
1592.8918417464,1.0060716644633192,1592.8918417464,0.9994838930078825,1592.8890639553692,1.0134285953533473,1592.811285791091,0.9994598474454196
1592.8932306421489,1.0036619253813857,1592.8932306421489,0.9996403035769726,1592.890452850652,0.995200622314786,1592.8126746873063,0.9946914981648498
1592.8946195378985,1.0033049846659796,1592.8946195378985,0.9996511241914089,1592.8918417464,1.0055524238427185,1592.8140635830557,0.9897954065721974
1592.896008433648,1.0193352880375783,1592.896008433648,0.9996370954380215,1592.8932306421489,1.0033009117768972,1592.8154524788042,1.009129393090863
1592.897397329397,1.0127148006094537,1592.897397329397,0.9995392210082722,1592.8946195378985,1.0029549558281907,1592.8168413745534,1.0129387832332588
1592.8987862246804,0.9948394504054998,1592.8987862246804,0.9995518129808038,1592.896008433648,1.0189653666113638,1592.8182302707687,0.9970075271711496
1592.9001751204291,1.0052522187693067,1592.9001751204291,0.9994103359987653,1592.897397329397,1.012248162904721,1592.8196191665184,1.00202711734958
1592.9015640161783,0.9982186587481935,1592.9015640161783,0.9994949489556529,1592.8987862246804,0.9943935762776438,1592.821008062267,0.9957136826746276
1592.902952911928,1.0077363306539875,1592.902952911928,0.999483628718921,1592.9001751204291,1.004659457723737,1592.8223969580158,0.9959652925921668
1592.9043418076776,1.0028526666329969,1592.9043418076776,0.9994307596510605,1592.9015640161783,0.997714507372106,1592.823785854231,0.9819015836202744
1592.907119598709,0.9901980373924498,1592.907119598709,0.999324065473713,1592.902952911928,1.0072159645539378,1592.825174749979,1.0011470054160712
1592.9085084944572,0.988322281318739,1592.9085084944572,0.9992333252779156,1592.9043418076776,1.0022818024311078,1592.8265636457277,1.0037894323281105
1592.9098973902069,1.0114416133227275,1592.9098973902069,0.9991685740806694,1592.907119598709,0.9895287283511146,1592.827952541477,1.00899919064759
1592.9112862854909,1.0045813886604613,1592.9112862854909,0.999032211370496,1592.9085084944572,0.9875645596083792,1592.8293414372265,0.9976446396462872
1592.91267518124,0.9992017709385624,1592.91267518124,0.9991283034833468,1592.9098973902069,1.0106006745495215,1592.830730333441,0.999370175663515
1592.9140640769888,1.0121832561415016,1592.9140640769888,0.9991532275419372,1592.9112862854909,1.0036091662151043,1592.83211922919,0.992448719564756
1592.9154529722723,0.9959121595740213,1592.9154529722723,0.99903394931795,1592.91267518124,0.9983307702354016,1592.8335081249395,0.9979133474756025
1592.916841868021,0.9934839049309755,1592.916841868021,0.999109882086107,1592.9140640769888,1.0113261672376888,1592.8348970206894,1.0013757976168156
1592.918230763771,1.0076380150307434,1592.918230763771,0.9990730760812127,1592.9154529722723,0.994950057953003,1592.836285916438,0.9951440392973976
1592.9196196595203,0.9998011955178292,1592.9196196595203,0.9989929862416301,1592.916841868021,0.992599587110032,1592.8376748121873,0.9892579294102872
1592.9210085548034,0.9958343830345101,1592.9210085548034,0.9989681971878892,1592.918230763771,1.006704011253132,1592.8390637084017,0.990821957814839
1592.9223974505517,0.993842357939726,1592.9223974505517,0.9990310410878276,1592.9196196595203,0.998794381958308,1592.84045260415,0.9990726842992674
1592.9237863463,0.9894846978955731,1592.9237863463,0.9988770057275853,1592.9210085548034,0.9948068783176984,1592.8418414998987,1.0102084066311483
1592.9251752415837,1.001865349041142,1592.9251752415837,0.9989414267349137,1592.9223974505517,0.9928793655297058,1592.8432303956483,0.9917216277913148
1592.9265641373331,0.9908454655099939,1592.9265641373331,0.9988635811259098,1592.9237863463,0.9883735122471944,1592.8446192913975,1.0020618667026502
1592.9279530330828,0.9976493648044524,1592.9279530330828,0.9989178999019985,1592.9251752415837,1.0008048011674306,1592.8460081871465,1.0234275525652388
1592.9293419283658,0.9948389640623438,1592.9293419283658,0.9989806303840448,1592.9265641373331,0.9897194500216816,1592.8473970828954,0.9884324938924935
1592.930730824115,0.986446983511847,1592.930730824115,0.9991342940329793,1592.9279530330828,0.9965698083290264,1592.848785978645,1.0002528092314946
1592.932119719398,1.0137966477551188,1592.932119719398,0.9992180556620117,1592.9293419283658,0.9938248554496104,1592.8501748743947,1.008874277486377
1592.9335086151475,0.9968165373186121,1592.9335086151475,0.999252160194647,1592.930730824115,0.9855930104720712,1592.8515637706091,0.9830835536508946
1592.9348975108974,1.0017295603223675,1592.9348975108974,0.9992139986088889,1592.932119719398,1.013003915206535,1592.8529526663583,0.99852112288629
1592.936286406181,1.005403097279441,1592.936286406181,0.9992490398482913,1592.9335086151475,0.9960710782333712,1592.854341562107,1.0025232643074848
1592.9376753019296,1.0023784132710667,1592.9376753019296,0.9992464198554409,1592.9348975108974,1.000942199494437,1592.8557304578562,1.0279191985901237
1592.9390641972122,1.006943736201461,1592.9390641972122,0.9992618119797935,1592.936286406181,1.0046480796169797,1592.857119353605,1.0078330269598703
1592.9404530929603,1.0036167500997475,1592.9404530929603,0.9991339489592467,1592.9376753019296,1.001623040801491,1592.858508249354,1.0099008287290183
1592.9418419887102,0.9973897787764058,1592.9418419887102,0.9989920893007748,1592.9390641972122,1.0062004223983751,1592.8598971451029,1.0006404029006053
1592.943230883994,1.0026812013353363,1592.943230883994,0.9989577341892293,1592.9404530929603,1.0027475667688062,1592.8612860408516,0.993283134561396
1592.9446197797429,0.9879004781657482,1592.9446197797429,0.9989604525642383,1592.9418419887102,0.9963844989470791,1592.8626749366008,1.0123430624654064
1592.9460086750264,0.987436298834166,1592.9460086750264,0.9990231359682045,1592.943230883994,1.001636141000082,1592.8640638323504,1.0020720147438122
1592.9473975707751,0.9899990046310239,1592.9473975707751,0.9990986740577344,1592.9446197797429,0.9868735087568832,1592.8654527281,1.0012642306673127
1592.9487864660591,1.0016778413020202,1592.9487864660591,0.9991839280695132,1592.9460086750264,0.9864717078301456,1592.8668416238488,0.9948844339534884
1592.9501753618088,0.9999594720586868,1592.9501753618088,0.9991353183775318,1592.9473975707751,0.9891066928453328,1592.868230519598,1.0000934542336106
1592.9515642570923,1.010282759291961,1592.9515642570923,0.9990746090213295,1592.9487864660591,1.000860400132343,1592.8696194153467,0.99277394890818
1592.952953152841,1.0014982404343802,1592.952953152841,0.99897695983491,1592.9501753618088,0.9990948254799846,1592.871008311096,0.9977429218873598
1592.9543420481243,1.0064141908291218,1592.9543420481243,0.9989649747696098,1592.9515642570923,1.009347852740606,1592.8723972068456,1.0014529227296471
1592.9557309438726,1.0131375307647408,1592.9557309438726,0.9989185576221409,1592.952953152841,1.0004736675091488,1592.8737861025943,0.998974648071314
1592.957119839156,1.0104103403938898,1592.957119839156,0.9989028679086962,1592.9543420481243,1.005372526749391,1592.8751749983426,1.0036778038753278
1592.9585087349055,0.9880384264996698,1592.9585087349055,0.9988521032457011,1592.9557309438726,1.0120418809043723,1592.8765638940918,1.0015258656194543
1592.9598976301886,1.0004110158015869,1592.9598976301886,0.9988296229719468,1592.957119839156,1.0093017867840584,1592.8779527893748,0.9979347506169624
1592.9612865259378,0.9972081445466029,1592.9612865259378,0.9988200312724695,1592.9585087349055,0.9869042603967682,1592.8793416851245,1.007784193355733
1592.9626754212209,1.0032100612890231,1592.9626754212209,0.9988161206333407,1592.9598976301886,0.9992401577300812,1592.880730580874,1.0090364001318508
1592.9640643165048,0.9990009112504359,1592.9640643165048,0.9988595725786737,1592.9612865259378,0.9960314701211992,1592.8821194766228,1.0201296852006905
1592.9654532122545,0.9956618018727845,1592.9654532122545,0.9988635661204599,1592.9626754212209,1.002022381597038,1592.883508372372,0.997750363784212
1592.966842107538,0.9973711108712424,1592.966842107538,0.9987250917883245,1592.9640643165048,0.997861623217316,1592.8848972681208,0.9971685427575876
1592.9682310032867,0.9937565409570764,1592.9682310032867,0.9987160827249592,1592.9654532122545,0.9945302980685724,1592.88628616387,1.005792102123982
1592.9696198985705,1.000125052585333,1592.9696198985705,0.998707315543567,1592.966842107538,0.9960995542519048,1592.8876750596196,0.9886902541380098
1592.971008794319,1.0032159129057203,1592.971008794319,0.9987869983526573,1592.9682310032867,0.9924806397669568,1592.8890639553692,1.0134285953533473
1592.9723976896023,1.002360302123706,1592.9723976896023,0.9987852652039002,1592.9696198985705,0.9988322064753666,1592.890452850652,0.995200622314786
1592.9737865848856,0.9927137933241974,1592.9737865848856,0.9987065772592,1592.971008794319,1.0019990103507252,1592.8918417464,1.0055524238427185
1592.9751754806346,1.018093765790822,1592.9751754806346,0.9986487207087588,1592.9723976896023,1.0011427001864872,1592.8932306421489,1.0033009117768972
1592.976564375918,0.9975585762055135,1592.976564375918,0.9987461053602034,1592.9737865848856,0.991429794728806,1592.8946195378985,1.0029549558281907
1592.977953271201,1.013448367302656,1592.977953271201,0.9988297409334583,1592.9751754806346,1.016718036768567,1592.896008433648,1.0189653666113638
1592.9793421669506,0.9953010857555334,1592.9793421669506,0.9988272515271372,1592.976564375918,0.9963077428539262,1592.897397329397,1.012248162904721
1592.9807310622346,1.0001295786110507,1592.9807310622346,0.9988979205769472,1592.977953271201,1.012262370162348,1592.8987862246804,0.9943935762776438
1592.982119957518,0.9960666750535729,1592.982119957518,0.998797283385029,1592.9793421669506,0.994133847927175,1592.9001751204291,1.004659457723737
1592.9835088532668,1.0039648265912604,1592.9835088532668,0.9986723778033666,1592.9807310622346,0.999027356382077,1592.9015640161783,0.997714507372106
1592.9848977485503,1.0030527957084987,1592.9848977485503,0.998590967955669,1592.982119957518,0.9948686891138672,1592.902952911928,1.0072159645539378
1592.9862866438334,0.999862995218915,1592.9862866438334,0.9985848678911434,1592.9835088532668,1.0026319406028386,1592.9043418076776,1.0022818024311078
1592.9876755395826,0.9961847114699836,1592.9876755395826,0.9984779775132964,1592.9848977485503,1.0016394621771896,1592.907119598709,0.9895287283511146
1592.9890644348657,0.998641304087185,1592.9890644348657,0.9983813061929202,1592.9862866438334,0.9984480569899232,1592.9085084944572,0.9875645596083792
1592.9904533301492,0.9997774983601073,1592.9904533301492,0.9983025758469726,1592.9876755395826,0.9946684959382158,1592.9098973902069,1.0106006745495215
1592.991842225898,1.0068972887191023,1592.991842225898,0.99834885907925,1592.9890644348657,0.997024809592765,1592.9112862854909,1.0036091662151043
1592.9932311211812,1.0066550438681583,1592.9932311211812,0.9982768399771864,1592.9904533301492,0.9980804518867376,1592.91267518124,0.9983307702354016
1592.994620016465,1.0123504566656447,1592.994620016465,0.9982604470569201,1592.991842225898,1.005234759402706,1592.9140640769888,1.0113261672376888
1592.996008911749,0.9976702907034398,1592.996008911749,0.9983418791549897,1592.9932311211812,1.004920416139801,1592.9154529722723,0.994950057953003
1592.997397807498,1.0038477527149503,1592.997397807498,0.9982413001188263,1592.994620016465,1.0105894194493237,1592.916841868021,0.992599587110032
1592.9987867027812,0.9898249384307028,1592.9987867027812,0.9982594496357456,1592.996008911749,0.996016032797977,1592.918230763771,1.006704011253132
1593.0001755980647,1.0073849587522608,1593.0001755980647,0.9982305346852731,1592.997397807498,1.002082285791534,1592.9196196595203,0.998794381958308
1593.0015644933478,1.0018945446887149,1593.0015644933478,0.9982102956461438,1592.9987867027812,0.9881020982735692,1592.9210085548034,0.9948068783176984
1593.0029533886318,1.0051396717322254,1593.0029533886318,0.9983084394964176,1593.0001755980647,1.0056024260091712,1592.9223974505517,0.9928793655297058
1593.004342284381,0.9949720181513981,1593.004342284381,0.9981553406840281,1593.0015644933478,1.0001014496599807,1592.9237863463,0.9883735122471944
1593.0057311796636,0.9874894845688508,1593.0057311796636,0.9980134800380256,1593.0029533886318,1.0034394171629393,1592.9251752415837,1.0008048011674306
1593.007120074947,1.0128224654848466,1593.007120074947,0.9980030243393331,1593.004342284381,0.9931366337489838,1592.9265641373331,0.9897194500216816
1593.0085089702302,0.9912758929309224,1593.0085089702302,0.9979941200454426,1593.0057311796636,0.985527816995515,1592.9279530330828,0.9965698083290264
1593.0098978655142,0.9936759180536934,1593.0098978655142,0.9979943402178274,1593.007120074947,1.0107998836726966,1592.9293419283658,0.9938248554496104
1593.0112867612638,0.9980176073994439,1593.0112867612638,0.9978813052921636,1593.0085089702302,0.9892875124878564,1592.930730824115,0.9855930104720712
1593.012675656547,0.9868428710729548,1593.012675656547,0.9979017091439867,1593.0098978655142,0.9916829422283396,1592.932119719398,1.013003915206535
1593.0140645518302,0.996268162698058,1593.0140645518302,0.9978162054591845,1593.0112867612638,0.9959031127763192,1592.9335086151475,0.9960710782333712
1593.0154534471135,1.0034140101782372,1593.0154534471135,0.997911473625573,1593.012675656547,0.9847721877002604,1592.9348975108974,1.000942199494437
1593.0168423423966,1.0137964548636897,1593.0168423423966,0.9978025370051552,1593.0140645518302,0.9940925177231696,1592.936286406181,1.0046480796169797
1593.0182312376803,1.007097979836878,1593.0182312376803,0.9977720114881451,1593.0154534471135,1.0013183535535104,1592.9376753019296,1.001623040801491
1593.0196201329643,1.0085302621843046,1593.0196201329643,0.9977367012645486,1593.0168423423966,1.011568674669822,1592.9390641972122,1.0062004223983751
1593.0210090282471,0.9981576172625853,1593.0210090282471,0.9977274087896907,1593.0182312376803,1.004854177107489,1592.9404530929603,1.0027475667688062
1593.0223979239954,1.0139580682891693,1593.0223979239954,0.9975960044466926,1593.0196201329643,1.0062476569172385,1592.9418419887102,0.9963844989470791
1593.023786819279,0.9937318811024436,1593.023786819279,0.9975550304643692,1593.0210090282471,0.9958892130350911,1592.943230883994,1.001636141000082
1593.025175714563,1.0098238394424304,1593.025175714563,0.9974334523231063,1593.0223979239954,1.011520517601762,1592.9446197797429,0.9868735087568832
1593.026564609847,1.0037338631098471,1593.026564609847,0.9974522996514193,1593.023786819279,0.991302236926563,1592.9460086750264,0.9864717078301456
1593.02795350513,0.9934141136034296,1593.02795350513,0.9973351252068066,1593.025175714563,1.0072320784132376,1592.9473975707751,0.9891066928453328
1593.0293424004135,0.9932322689237932,1593.0293424004135,0.9973570944674646,1593.026564609847,1.00117664999692,1592.9487864660591,1.000860400132343
1593.0307312956966,0.9974378222272189,1593.0307312956966,0.9973859757550932,1593.02795350513,0.9907667893728852,1592.9501753618088,0.9990948254799846
1593.03212019098,0.995733786709695,1593.03212019098,0.9974067906553821,1593.0293424004135,0.9906072498651618,1592.9515642570923,1.009347852740606
1593.0335090862636,0.9960888025388441,1593.0335090862636,0.9974215267579065,1593.0307312956966,0.99483049557713,1592.952953152841,1.0004736675091488
1593.0348979815476,0.9915874815708474,1593.0348979815476,0.9973134538886578,1593.03212019098,0.9931516405492476,1592.9543420481243,1.005372526749391
1593.0362868768302,1.0123787684186132,1593.0362868768302,0.9972865116026095,1593.0335090862636,0.9935204142147488,1592.9557309438726,1.0120418809043723
1593.0376757721128,1.0100506433564505,1593.0376757721128,0.9973019754215625,1593.0348979815476,0.9889235360781776,1592.957119839156,1.0093017867840584
1593.0390646673964,0.9925020499082365,1593.0390646673964,0.9972776186336075,1593.0362868768302,1.0096316903767448,1592.9585087349055,0.9869042603967682
1593.0404535626803,1.0049383296910643,1593.0404535626803,0.9973516309969427,1593.0376757721128,1.007325501895208,1592.9598976301886,0.9992401577300812
1593.0418424579643,0.9889421606982527,1593.0418424579643,0.997351794786843,1593.0390646673964,0.98980008082146,1592.9612865259378,0.9960314701211992
1593.0432313532474,1.0029031017842984,1593.0432313532474,0.997278698953176,1593.0404535626803,1.0022768821687262,1592.9626754212209,1.002022381597038
1593.044620248531,0.984040365433756,1593.044620248531,0.9972915863224184,1593.0418424579643,0.9863232389127808,1592.9640643165048,0.997861623217316
1593.046009143814,1.0034715338931357,1593.046009143814,0.9973364864305087,1593.0432313532474,1.0001739005235497,1592.9654532122545,0.9945302980685724
1593.0473980390975,0.9873331282561076,1593.0473980390975,0.9974595263983552,1593.044620248531,0.9813751770487228,1592.966842107538,0.9960995542519048
1593.0487869343815,1.001950676362017,1593.0487869343815,0.9975515871516897,1593.046009143814,1.0007987738460131,1592.9682310032867,0.9924806397669568
1593.0501758296657,0.994381752380846,1593.0501758296657,0.9975840623198655,1593.0473980390975,0.9848248345077436,1592.9696198985705,0.9988322064753666
1593.0515647249483,1.0010372900385016,1593.0515647249483,0.9975774321106666,1593.0487869343815,0.999497487452639,1592.971008794319,1.0019990103507252
1593.0529536202312,1.0096912549394654,1593.0529536202312,0.9975174024277742,1593.0501758296657,0.991979388036831,1592.9723976896023,1.0011427001864872
1593.0543425155138,1.0149982006500997,1593.0543425155138,0.9975179488613204,1593.0515647249483,0.9986122092436291,1592.9737865848856,0.991429794728806
1593.0557314107978,1.011653014634746,1593.0557314107978,0.9975507396660613,1593.0529536202312,1.007184597881255,1592.9751754806346,1.016718036768567
1593.057120305616,1.0005809252149276,1593.057120305616,0.9974704905008933,1593.0543425155138,1.0124789232104183,1592.976564375918,0.9963077428539262
1593.0585092008992,1.0032183649444615,1593.0585092008992,0.9975302982071224,1593.0557314107978,1.0091752130342917,1592.977953271201,1.012262370162348
1593.059898096183,1.005540503002782,1593.059898096183,0.9975302320266992,1593.057120305616,0.9980499462599716,1592.9793421669506,0.994133847927175
1593.0612869914655,0.995713963380517,1593.0612869914655,0.9975328269124556,1593.0585092008992,1.0007407147499103,1592.9807310622346,0.999027356382077
1593.0626758867493,0.9954636598951782,1593.0626758867493,0.9974959864643603,1593.059898096183,1.003057051272609,1592.982119957518,0.9948686891138672
1593.0640647820333,0.9962186623846639,1593.0640647820333,0.9973634334025666,1593.0612869914655,0.9932573646871724,1592.9835088532668,1.0026319406028386
1593.0654536773172,0.9923155164947203,1593.0654536773172,0.9973341839806363,1593.0626758867493,0.9929710054165632,1592.9848977485503,1.0016394621771896
1593.0668425721346,0.9917460395365472,1593.0668425721346,0.9974040509044636,1593.0640647820333,0.9935920655356808,1592.9862866438334,0.9984480569899232
1593.0682314674182,1.0050059794397668,1593.0682314674182,0.9973450814436392,1593.0654536773172,0.9896701858945856,1592.9876755395826,0.9946684959382158
1593.0696203627006,1.004874831787483,1593.0696203627006,0.9973877845523244,1593.0668425721346,0.9891715173022104,1592.9890644348657,0.997024809592765
1593.071009257983,1.0066327334396394,1593.071009257983,0.9975439768191241,1593.0682314674182,1.0023377704156986,1592.9904533301492,0.9980804518867376
1593.072398153267,1.0054010649059781,1593.072398153267,0.9976354228237994,1593.0696203627006,1.0022498822289072,1592.991842225898,1.005234759402706
1593.073787048551,0.9988015735715984,1593.073787048551,0.9976691888188688,1593.071009257983,1.0041604201116832,1592.9932311211812,1.004920416139801
1593.0751759433688,0.9999084985534172,1593.0751759433688,0.9976604624975266,1593.072398153267,1.0030237164949736,1592.994620016465,1.0105894194493237
1593.0765648386518,0.9999097047626936,1593.0765648386518,0.9975476204683414,1593.073787048551,0.9964735556961862,1592.996008911749,0.996016032797977
1593.0779537339354,0.9988307443817441,1593.0779537339354,0.9975648685186773,1593.0751759433688,0.9975691751220096,1592.997397807498,1.002082285791534
1593.0793426292194,0.995191500119225,1593.0793426292194,0.997446796129228,1593.0765648386518,0.9974575466692268,1592.9987867027812,0.9881020982735692
1593.0807315240377,0.988671677202976,1593.0807315240377,0.9973887603067716,1593.0779537339354,0.9963984601915872,1593.0001755980647,1.0056024260091712
1593.0821204193207,0.991586998134726,1593.0821204193207,0.9972820592167707,1593.0793426292194,0.9926505733289612,1593.0015644933478,1.0001014496599807
1593.0835093146045,1.0016166019702823,1593.0835093146045,0.9974184948683034,1593.0807315240377,0.9860900184758928,1593.0029533886318,1.0034394171629393
1593.084898209887,0.9837494751501084,1593.084898209887,0.9974767596628163,1593.0821204193207,0.9888919233923756,1593.004342284381,0.9931366337489838
1593.0862871047038,0.9897601861831079,1593.0862871047038,0.9975670900553589,1593.0835093146045,0.9990309235723036,1593.0057311796636,0.985527816995515
1593.0876759999878,0.9999740377141153,1593.0876759999878,0.9975618008323147,1593.084898209887,0.9812672387927264,1593.007120074947,1.0107998836726966
1593.0890648952718,1.001970552234928,1593.0890648952718,0.997517067179385,1593.0862871047038,0.9873521887833332,1593.0085089702302,0.9892875124878564
1593.0904537905549,0.9933004444548397,1593.0904537905549,0.9976061565417679,1593.0876759999878,0.9975359018476538,1593.0098978655142,0.9916829422283396
1593.0918426853725,0.9922657750344921,1593.0918426853725,0.9975881024926213,1593.0890648952718,0.9994827266654942,1593.0112867612638,0.9959031127763192
1593.0932315806558,1.0035366581708893,1593.0932315806558,0.9975679623122127,1593.0904537905549,0.9909226386838224,1593.012675656547,0.9847721877002604
1593.0946204759398,1.0141017588333956,1593.0946204759398,0.9975408335018084,1593.0918426853725,0.9898725316850292,1593.0140645518302,0.9940925177231696
1593.096009370758,0.9889582527958135,1593.096009370758,0.9974586400535485,1593.0932315806558,1.0010960191971416,1593.0154534471135,1.0013183535535104
1593.0973982660412,0.9939123531663928,1593.0973982660412,0.9974810112234022,1593.0946204759398,1.0116079137623153,1593.0168423423966,1.011568674669822
1593.0987871613247,1.002826915310402,1593.0987871613247,0.9974990798363463,1593.096009370758,0.9864449539034456,1593.0182312376803,1.004854177107489
1593.100176056142,1.0059857746486986,1593.100176056142,0.9974790036778368,1593.0973982660412,0.9914086991038448,1593.0196201329643,1.0062476569172385
1593.1015649514247,1.0089949738024626,1593.1015649514247,0.9975556172555152,1593.0987871613247,1.0003189252572475,1593.0210090282471,0.9958892130350911
1593.1029538467085,1.0046739698475877,1593.1029538467085,0.99756637595162,1593.100176056142,1.0034496882106607,1593.0223979239954,1.011520517601762
1593.1043427415266,1.0105935327721987,1593.1043427415266,0.9976239060736868,1593.1015649514247,1.006528603899228,1593.023786819279,0.991302236926563
1593.1057316368097,0.9989920273156979,1593.1057316368097,0.9975766914566659,1593.1029538467085,1.0022289711137853,1593.025175714563,1.0072320784132376
1593.1071205316275,0.9964228769160481,1593.1071205316275,0.9976480042235855,1593.1043427415266,1.0081922676170072,1593.026564609847,1.00117664999692
1593.1085094269106,0.9910575997723956,1593.1085094269106,0.9976738482920599,1593.1057316368097,0.9965711614011812,1593.02795350513,0.9907667893728852
1593.1098983221946,0.9967171041311327,1593.1098983221946,0.997696154815611,1593.1071205316275,0.9940792945180188,1593.0293424004135,0.9906072498651618
1593.111287217013,0.9986879954571625,1593.111287217013,0.9976155118784802,1593.1085094269106,0.988752249444018,1593.0307312956966,0.99483049557713
1593.112676112296,0.9899533737078493,1593.112676112296,0.9977125023953671,1593.1098983221946,0.994420822230582,1593.03212019098,0.9931516405492476
1593.1140650071138,0.9922615581148323,1593.1140650071138,0.9977745718664394,1593.111287217013,0.9963066357948904,1593.0335090862636,0.9935204142147488
1593.115453902397,1.0027476559931174,1593.115453902397,0.997729053126271,1593.112676112296,0.9876888577367944,1593.0348979815476,0.9889235360781776
1593.1168427972148,0.9916709870320423,1593.1168427972148,0.9976874898401268,1593.1140650071138,0.9900533513275528,1593.0362868768302,1.0096316903767448
1593.1182316924978,0.9922755680453403,1593.1182316924978,0.997692489980172,1593.115453902397,1.0004704693386008,1593.0376757721128,1.007325501895208
1593.1196205873157,1.0090118060945925,1593.1196205873157,0.9975731712546643,1593.1168427972148,0.9893777377992792,1593.0390646673964,0.98980008082146
1593.1210094825988,0.985025855834584,1593.1210094825988,0.9975863583912449,1593.1182316924978,0.9899858822296452,1593.0404535626803,1.0022768821687262
1593.1223983774166,1.0032349637958908,1593.1223983774166,0.997599743295796,1593.1196205873157,1.006563107239179,1593.0418424579643,0.9863232389127808
1593.1237872726997,1.0029198175543594,1593.1237872726997,0.9977238486126357,1593.1210094825988,0.982648356443242,1593.0432313532474,1.0001739005235497
1593.125176167518,1.0017562293303532,1593.125176167518,0.9976326801669924,1593.1223983774166,1.000826942348148,1593.044620248531,0.9813751770487228
1593.126565062802,1.0105440433937662,1593.126565062802,0.9976240734718382,1593.1237872726997,1.000637020220218,1593.046009143814,1.0007987738460131
1593.12795395762,0.9918539350997687,1593.12795395762,0.9975291372490062,1593.125176167518,0.9993847519408204,1593.0473980390975,0.9848248345077436
1593.129342852903,0.9931154509885912,1593.129342852903,0.9975935639599877,1593.126565062802,1.008143064993191,1593.0487869343815,0.999497487452639
1593.1307317477203,1.0016849671697052,1593.1307317477203,0.9977017506441548,1593.12795395762,0.989403200157104,1593.0501758296657,0.991979388036831
1593.132120643004,0.9777393068861489,1593.132120643004,0.997589390241,1593.129342852903,0.9907255821754392,1593.0515647249483,0.9986122092436291
1593.1335095378213,0.9996035733748787,1593.1335095378213,0.99758652281649,1593.1307317477203,0.9993828453391476,1593.0529536202312,1.007184597881255
1593.1348984331048,0.9937260432074466,1593.1348984331048,0.997700208811329,1593.132120643004,0.9753823589712112,1593.0543425155138,1.0124789232104183
1593.1362873279222,0.9814730527401309,1593.1362873279222,0.9977832901414819,1593.1335095378213,0.9971910529579834,1593.0557314107978,1.0091752130342917
1593.1376762232055,0.9981976008810391,1593.1376762232055,0.9978947146226892,1593.1348984331048,0.9914406808093252,1593.057120305616,0.9980499462599716
1593.1390651180232,1.0089336663825694,1593.1390651180232,0.9978869508582001,1593.1362873279222,0.979297411748252,1593.0585092008992,1.0007407147499103
1593.1404540128417,0.9950906776636838,1593.1404540128417,0.9978957672703627,1593.1376762232055,0.9960961100682376,1593.059898096183,1.003057051272609
1593.1418429081257,1.0025537941698308,1593.1418429081257,0.9978596538400684,1593.1390651180232,1.0068017399646867,1593.0612869914655,0.9932573646871724
1593.143231802943,1.0011386858322306,1593.143231802943,0.9978722119250919,1593.1404540128417,0.9929967752907868,1593.0626758867493,0.9929710054165632
1593.1446206982264,1.0016614135790451,1593.1446206982264,0.9978615219376833,1593.1418429081257,1.0004079820063545,1593.0640647820333,0.9935920655356808
1593.1460095930445,0.9910747130199431,1593.1460095930445,0.9979144685851357,1593.143231802943,0.9990084748751876,1593.0654536773172,0.9896701858945856
1593.1473984878617,0.9887425728225231,1593.1473984878617,0.9977876278364701,1593.1446206982264,0.9995193826202372,1593.0668425721346,0.9891715173022104
1593.1487873831456,0.9927417268594608,1593.1487873831456,0.9978343669261063,1593.1460095930445,0.9890077955714623,1593.0682314674182,1.0023377704156986
1593.150176277963,1.001719694171167,1593.150176277963,0.9977437872570367,1593.1473984878617,0.9865551062775136,1593.0696203627006,1.0022498822289072
1593.15156517278,0.9953356974993308,1593.15156517278,0.9976479545250736,1593.1487873831456,0.9905918125419396,1593.071009257983,1.0041604201116832
1593.1529540680635,1.0147841521613956,1593.1529540680635,0.9977714471454406,1593.150176277963,0.9994596014323008,1593.072398153267,1.0030237164949736
1593.154342962881,1.0203518312191497,1593.154342962881,0.9979002704193131,1593.15156517278,0.9929946226759948,1593.073787048551,0.9964735556961862
1593.1557318576993,0.9958493165916147,1593.1557318576993,0.997978711746977,1593.1529540680635,1.0125226520423347,1593.0751759433688,0.9975691751220096
1593.1571207529832,0.9928559287744247,1593.1571207529832,0.998071692443197,1593.154342962881,1.0182093682964308,1593.0765648386518,0.9974575466692268
1593.158509647801,0.995749233564957,1593.158509647801,0.9981621556688248,1593.1557318576993,0.9938364180662072,1593.0779537339354,0.9963984601915872
1593.1598985426183,1.0036612384527865,1593.1598985426183,0.9983017368909345,1593.1571207529832,0.9909413971841524,1593.0793426292194,0.9926505733289612
1593.161287437902,1.0015984153442528,1593.161287437902,0.9982851630728502,1593.158509647801,0.9939192014807776,1593.0807315240377,0.9860900184758928
1593.1626763327197,1.0041254802794943,1593.1626763327197,0.9981760245756514,1593.1598985426183,1.0019567575975232,1593.0821204193207,0.9888919233923756
1593.1640652275378,1.003997424758887,1593.1640652275378,0.9982407927715012,1593.161287437902,0.9998808373954456,1593.0835093146045,0.9990309235723036
1593.165454122356,0.9943760034581104,1593.165454122356,0.9982340093120029,1593.1626763327197,1.0022939800805022,1593.084898209887,0.9812672387927264
1593.1668430176387,1.0002785882737528,1593.1668430176387,0.9982982386485277,1593.1640652275378,1.002231185231857,1593.0862871047038,0.9873521887833332
1593.1682319124557,1.001727573237174,1593.1682319124557,0.9983517535576621,1593.165454122356,0.9926199446956356,1593.0876759999878,0.9975359018476538
1593.169620807273,0.9996091056090374,1593.169620807273,0.9984410923285862,1593.1668430176387,0.9985763528315234,1593.0890648952718,0.9994827266654942
1593.1710097020914,1.0087086223299722,1593.1710097020914,0.9983839559113163,1593.1682319124557,1.000076479328394,1593.0904537905549,0.9909226386838224
1593.1723985969095,1.0016907110971522,1593.1723985969095,0.9983811862872572,1593.169620807273,0.9980508073058884,1593.0918426853725,0.9898725316850292
1593.1737874921932,1.014215906109637,1593.1737874921932,0.9983581927098396,1593.1710097020914,1.0070785047236517,1593.0932315806558,1.0010960191971416
1593.1751763870109,0.9867029949595678,1593.1751763870109,0.998342491592499,1593.1723985969095,1.0000691604381011,1593.0946204759398,1.0116079137623153
1593.1765652818283,0.9870439589363399,1593.1765652818283,0.9984027057249429,1593.1737874921932,1.0125507590411895,1593.096009370758,0.9864449539034456
1593.177954176646,0.9955848816727648,1593.177954176646,0.9982935739640717,1593.1751763870109,0.985067526449716,1593.0973982660412,0.9914086991038448
1593.1793430714642,0.995524487930946,1593.1793430714642,0.9981764570576905,1593.1765652818283,0.9854673592715012,1593.0987871613247,1.0003189252572475
1593.1807319667482,0.9974921348364897,1593.1807319667482,0.9981627558881556,1593.177954176646,0.9938859897097018,1593.100176056142,1.0034496882106607
1593.1821208615652,1.017168949062767,1593.1821208615652,0.998248051339058,1593.1793430714642,0.9937091062770832,1593.1015649514247,1.006528603899228
1593.183509756382,1.0027175217021755,1593.183509756382,0.998222251475445,1593.1807319667482,0.9956594982851502,1593.1029538467085,1.0022289711137853
1593.1848986512,1.006899039961684,1593.1848986512,0.9982495138736874,1593.1821208615652,1.0153869212845046,1593.1043427415266,1.0081922676170072
1593.1862875460183,0.9995470350464051,1593.1862875460183,0.9982510010870543,1593.183509756382,1.000934942107424,1593.1057316368097,0.9965711614011812
1593.1876764408364,0.9937776247133213,1593.1876764408364,0.9982440374022381,1593.1848986512,1.0051364771616336,1593.1071205316275,0.9940792945180188
1593.189065335654,1.0014032061475797,1593.189065335654,0.9983015934477684,1593.1862875460183,0.9977988283686708,1593.1085094269106,0.988752249444018
1593.1904542309371,1.0035172203228886,1593.1904542309371,0.9984369778382969,1593.1876764408364,0.992032588373832,1593.1098983221946,0.994420822230582
1593.191843125755,0.9985963263912496,1593.191843125755,0.9985750749958168,1593.189065335654,0.9997024163808328,1593.111287217013,0.9963066357948904
1593.1932320205724,0.995909568089756,1593.1932320205724,0.9985240368175358,1593.1904542309371,1.0019487006678731,1593.112676112296,0.9876888577367944
1593.1946209153907,1.0089251569420055,1593.1946209153907,0.9984493644944779,1593.191843125755,0.9971734015166892,1593.1140650071138,0.9900533513275528
1593.196009810209,1.002183717451245,1593.196009810209,0.9984626871472954,1593.1932320205724,0.9944396422341916,1593.115453902397,1.0004704693386008
1593.197398705027,1.0062598143522645,1593.197398705027,0.9983558739126334,1593.1946209153907,1.0073606817712366,1593.1168427972148,0.9893777377992792
1593.198787599844,0.9998328049577183,1593.198787599844,0.9983907420142063,1593.196009810209,1.0006430475416357,1593.1182316924978,0.9899858822296452
1593.2001764946608,0.9955662581491017,1593.2001764946608,0.9983339322977014,1593.197398705027,1.0046053963408192,1593.1196205873157,1.006563107239179
1593.2015653894791,1.0041365486049976,1593.2015653894791,0.9983450354560244,1593.198787599844,0.9982238160318816,1593.1210094825988,0.982648356443242
1593.2029542842974,0.9959101612306479,1593.2029542842974,0.9984463090616758,1593.2001764946608,0.9939075773609012,1593.1223983774166,1.000826942348148
1593.2043431791149,0.9993858058629664,1593.2043431791149,0.9984541412917118,1593.2015653894791,1.0024747382197463,1593.1237872726997,1.000637020220218
1593.2057320739325,0.9954465591868612,1593.2057320739325,0.99854708786725,1593.2029542842974,0.9943628246377588,1593.125176167518,0.9993847519408204
1593.20712096875,1.010453922038231,1593.20712096875,0.9986655579334103,1593.2043431791149,0.9978408966120336,1593.126565062802,1.008143064993191
1593.2085098635675,1.0090967563527227,1593.2085098635675,0.9986066881395577,1593.2057320739325,0.9940002628035144,1593.12795395762,0.989403200157104
1593.209898758386,1.008924342400166,1593.209898758386,0.998732533864737,1593.20712096875,1.0091055298183125,1593.129342852903,0.9907255821754392
1593.2112876532042,1.00255353614706,1593.2112876532042,0.998857406841287,1593.2085098635675,1.0076907698737625,1593.1307317477203,0.9993828453391476
1593.212676548022,0.9934468420738306,1593.212676548022,0.9989294223367507,1593.209898758386,1.0076455649631313,1593.132120643004,0.9753823589712112
1593.214065442839,1.0035293130148053,1593.214065442839,0.998976284171476,1593.2112876532042,1.001408025335415,1593.1335095378213,0.9971910529579834
1593.215454337656,0.9950799848567781,1593.215454337656,0.9991093854277103,1593.212676548022,0.9923832800750808,1593.1348984331048,0.9914406808093252
1593.2168432324745,0.9850485771671471,1593.2168432324745,0.9992373408708923,1593.214065442839,1.0025019841726843,1593.1362873279222,0.979297411748252
1593.2182321272926,0.9980179916845363,1593.2182321272926,0.999187195127051,1593.215454337656,0.9941937521216708,1593.1376762232055,0.9960961100682376
1593.21962102211,0.9944251144683718,1593.21962102211,0.9991152144934852,1593.2168432324745,0.984297320877156,1593.1390651180232,1.0068017399646867
1593.221009916928,1.00491022215253,1593.221009916928,0.9991151762085764,1593.2182321272926,0.9972067977976043,1593.1404540128417,0.9929967752907868
1593.2223988117453,0.9945385563256641,1593.2223988117453,0.9991964208628705,1593.21962102211,0.9935452615397758,1593.1418429081257,1.0004079820063545
1593.2237877065631,0.9994864369223556,1593.2237877065631,0.9992308554418328,1593.221009916928,1.0040210536797245,1593.143231802943,0.9990084748751876
1593.2251766013817,1.0048039278438945,1593.2251766013817,0.9991895908071539,1593.2223988117453,0.99373936589073,1593.1446206982264,0.9995193826202372
1593.226565495734,1.0079294444007643,1593.226565495734,0.9992028006991227,1593.2237877065631,0.9987176873684348,1593.1460095930445,0.9890077955714623
1593.2279543905515,1.000477277896174,1593.2279543905515,0.9992346062755714,1593.2251766013817,1.003989625503762,1593.1473984878617,0.9865551062775136
1593.229343285369,0.9952768533460425,1593.229343285369,0.9992379136406163,1593.226565495734,1.0071259237523544,1593.1487873831456,0.9905918125419396
1593.230732180186,1.0028271588494164,1593.230732180186,0.9991984728446878,1593.2279543905515,0.9997115188662388,1593.150176277963,0.9994596014323008
1593.2321210750029,1.008957362351111,1593.2321210750029,0.9992758946795823,1593.229343285369,0.9945183664322972,1593.15156517278,0.9929946226759948
1593.2335099698212,1.005382795277848,1593.2335099698212,0.9993480712656678,1593.230732180186,1.002023365649514,1593.1529540680635,1.0125226520423347
1593.2348988646395,0.9885927602399809,1593.2348988646395,0.9993645059639069,1593.2321210750029,1.008226770956958,1593.154342962881,1.0182093682964308
1593.2362877589917,1.0130119392809573,1593.2362877589917,0.9993757177520571,1593.2335099698212,1.0047273573446032,1593.1557318576993,0.9938364180662072
1593.237676653809,1.0045263664809385,1593.237676653809,0.9993845529161792,1593.2348988646395,0.9879645154367236,1593.1571207529832,0.9909413971841524
1593.239065548627,0.9937964417320134,1593.239065548627,0.9994417766477252,1593.2362877589917,1.01237953391031,1593.158509647801,0.9939192014807776
1593.2404544434453,1.0004380874676237,1593.2404544434453,0.9994581786030887,1593.237676653809,1.0039081336580666,1593.1598985426183,1.0019567575975232
1593.2418433382636,1.0124000022111883,1593.2418433382636,0.9995631590353858,1593.239065548627,0.993241681350831,1593.161287437902,0.9998808373954456
1593.2432322326154,0.9918162605283459,1593.2432322326154,0.9996791153009478,1593.2404544434453,0.9998960287055488,1593.1626763327197,1.0022939800805022
1593.244621127433,0.9976949331451315,1593.244621127433,0.9996866111273539,1593.2418433382636,1.011957744417647,1593.1640652275378,1.002231185231857
1593.2460100222495,1.0041989404690996,1593.2460100222495,0.9996795411237072,1593.2432322326154,0.9914980018660712,1593.165454122356,0.9926199446956356
1593.247398917067,1.004806503278891,1593.247398917067,0.9996871079373171,1593.244621127433,0.9973822666547884,1593.1668430176387,0.9985763528315234
1593.248787811885,0.9946968528083311,1593.248787811885,0.9997227451118884,1593.2460100222495,1.0038771360050625,1593.1682319124557,1.000076479328394
1593.2501767062377,0.9994021859687847,1593.2501767062377,0.9997758424507603,1593.247398917067,1.004492107299483,1593.169620807273,0.9980508073058884
1593.2515656010555,0.9956859310267016,1593.2515656010555,0.9997163052259435,1593.248787811885,0.9944210682437008,1593.1710097020914,1.0070785047236517
1593.252954495873,0.9995214674100543,1593.252954495873,0.9998323911813194,1593.2501767062377,0.9991781624240732,1593.1723985969095,1.0000691604381011
1593.2543433902251,1.0008367684184338,1593.2543433902251,0.999860150011774,1593.2515656010555,0.9954034601314676,1593.1737874921932,1.0125507590411895
1593.2557322850437,0.9940676931875658,1593.2557322850437,0.9998008784058873,1593.252954495873,0.9993539387976558,1593.1751763870109,0.985067526449716
1593.2571211798618,0.9884662553411908,1593.2571211798618,0.9998735087665358,1593.2543433902251,1.0006968014081543,1593.1765652818283,0.9854673592715012
1593.2585100746792,1.0039519656938893,1593.2585100746792,0.9999636305851495,1593.2557322850437,0.9938697528438424,1593.177954176646,0.9938859897097018
1593.2598989690314,1.005915278062273,1593.2598989690314,1.000008941717191,1593.2571211798618,0.988341223025315,1593.1793430714642,0.9937091062770832
1593.2612878638488,1.0026190356708224,1593.2612878638488,1.0000255078018059,1593.2585100746792,1.0039154525483591,1593.1807319667482,0.9956594982851502
1593.2626767586655,0.9928656541660965,1593.2626767586655,1.0000992323442741,1593.2598989690314,1.0059242726722075,1593.1821208615652,1.0153869212845046
1593.2640656530175,1.0023959896738843,1593.2640656530175,0.9999906981364004,1593.2612878638488,1.0026446102784712,1593.183509756382,1.000934942107424
1593.2654545478358,1.017469485156502,1593.2654545478358,1.0000594788467585,1593.2626767586655,0.9929641785525086,1593.1848986512,1.0051364771616336
1593.2668434426537,1.0090876715417552,1593.2668434426537,1.0000361651136533,1593.2640656530175,1.0023866655231155,1593.1862875460183,0.9977988283686708
1593.2682323370054,1.0141812701155646,1593.2682323370054,1.0000790811808418,1593.2654545478358,1.0175300030680912,1593.1876764408364,0.992032588373832
1593.2696212318233,0.9999650333558939,1593.2696212318233,1.0000161779578254,1593.2668434426537,1.0091241653120826,1593.189065335654,0.9997024163808328
1593.271010126176,0.9933650109942903,1593.271010126176,1.000099418339379,1593.2682323370054,1.0142614727679928,1593.1904542309371,1.0019487006678731
1593.2723990209945,0.9968003358820937,1593.2723990209945,1.000137147355913,1593.2696212318233,0.9999812107480304,1593.191843125755,0.9971734015166892
1593.2737879158117,0.9965253908627462,1593.2737879158117,1.0001380129729889,1593.271010126176,0.9934637696940806,1593.1932320205724,0.9944396422341916
1593.275176810164,0.9849513498018865,1593.275176810164,1.000148298940681,1593.2723990209945,0.9969370444125332,1593.1946209153907,1.0073606817712366
1593.2765657049813,1.005372401291662,1593.2765657049813,1.0001669479900641,1593.2737879158117,0.996662924294598,1593.196009810209,1.0006430475416357
1593.2779545993326,1.0058647879648859,1593.2779545993326,1.0001355687252067,1593.275176810164,0.9850974170436844,1593.197398705027,1.0046053963408192
1593.2793434941505,1.0028086222462393,1593.2793434941505,1.0001077145092876,1593.2765657049813,1.0055402461933236,1593.198787599844,0.9982238160318816
1593.2807323889688,1.0154614573045593,1593.2807323889688,1.0001465170221084,1593.2779545993326,1.0060011517719205,1593.2001764946608,0.9939075773609012
1593.2821212833203,1.0033402495026456,1593.2821212833203,1.0001510638636624,1593.2793434941505,1.002916639284894,1593.2015653894791,1.0024747382197463
1593.2835101781382,1.0084638243465986,1593.2835101781382,1.000138482110691,1593.2807323889688,1.0156102396933495,1593.2029542842974,0.9943628246377588
1593.28489907249,1.0045733258849348,1593.28489907249,1.0001756767298484,1593.2821212833203,1.0034918179573034,1593.2043431791149,0.9978408966120336
1593.2862879673085,0.9935378410017632,1593.2862879673085,1.0001153043665216,1593.2835101781382,1.0086034785455495,1593.2057320739325,0.9940002628035144
1593.287676861661,0.9980885070615791,1593.287676861661,1.0001199779775776,1593.28489907249,1.0047498060417193,1593.20712096875,1.0091055298183125
1593.2890657564783,1.0182016456652419,1593.2890657564783,1.0000716126398494,1593.2862879673085,0.9936524002531352,1593.2085098635675,1.0076907698737625
1593.2904546508307,0.9974565240866831,1593.2904546508307,1.0001846489999828,1593.287676861661,0.9982082557020998,1593.209898758386,1.0076455649631313
1593.291843545648,1.00810159504837,1593.291843545648,1.0001239258980272,1593.2890657564783,1.018274561772987,1593.2112876532042,1.001408025335415
1593.2932324400003,1.002524596977267,1593.2932324400003,1.0000608166151823,1593.2904546508307,0.997640703436382,1593.212676548022,0.9923832800750808
1593.2946213348175,0.9946906042585747,1593.2946213348175,1.00006477068749,1593.291843545648,1.0082265249438391,1593.214065442839,1.0025019841726843
1593.29601022917,0.9874386267293251,1593.29601022917,0.9999830944159153,1593.2932324400003,1.002585567129892,1593.215454337656,0.9941937521216708
1593.2973991239874,0.9979801143295406,1593.2973991239874,1.0000501291294555,1593.2946213348175,0.9947550310528522,1593.2168432324745,0.984297320877156
1593.2987880183396,0.9875549742743909,1593.2987880183396,0.9999659244573045,1593.29601022917,0.9874219335025924,1593.2182321272926,0.9972067977976043
1593.300176913157,1.0043233301805603,1593.300176913157,1.0000600258219607,1593.2973991239874,0.9980301422038858,1593.21962102211,0.9935452615397758
1593.3015658075096,0.9952041686760954,1593.3015658075096,1.0000924732214251,1593.2987880183396,0.9875213228027008,1593.221009916928,1.0040210536797245
1593.3029547018623,0.9942179203767552,1593.3029547018623,1.0000754110646857,1593.300176913157,1.0043836155139687,1593.2223988117453,0.99373936589073
1593.3043435966797,1.0044606065512922,1593.3043435966797,1.0000888559763446,1593.3015658075096,0.9952961984115486,1593.2237877065631,0.9987176873684348
1593.305732491032,1.0080913187324905,1593.305732491032,1.0001954966848092,1593.3029547018623,0.9942928954086604,1593.2251766013817,1.003989625503762
1593.307121385849,0.967640216950706,1593.307121385849,1.0001065123705941,1593.3043435966797,1.004549858879187,1593.226565495734,1.0071259237523544
1593.3085102802015,1.0092131729661207,1593.3085102802015,1.000037710686886,1593.305732491032,1.0082883972432877,1593.2279543905515,0.9997115188662388
1593.3098991745533,0.9904793799059689,1593.3098991745533,0.9999911251777327,1593.307121385849,0.9677432826040956,1593.229343285369,0.9945183664322972
1593.3112880693711,0.9920033688512832,1593.3112880693711,0.9999420983834827,1593.3085102802015,1.0092512310880877,1593.230732180186,1.002023365649514
1593.3126769637229,1.0006084941487785,1593.3126769637229,1.0000352699706436,1593.3098991745533,0.9904705895775128,1593.2321210750029,1.008226770956958
1593.314065858075,1.0069470381411372,1593.314065858075,1.0000105394200138,1593.3112880693711,0.991945930252636,1593.2335099698212,1.0047273573446032
1593.3154547528925,1.0090336702964329,1593.3154547528925,0.9999248688571254,1593.3126769637229,1.0006437855809929,1593.2348988646395,0.9879645154367236
1593.3168436472452,0.9969335059240958,1593.3168436472452,0.9998777584479911,1593.314065858075,1.0069576507789038,1593.2362877589917,1.01237953391031
1593.3182325420637,0.9945685186043957,1593.3182325420637,0.9999841420290186,1593.3154547528925,1.0089578604435845,1593.237676653809,1.0039081336580666
1593.3196214364157,1.0065491431147031,1593.3196214364157,0.9999220352969794,1593.3168436472452,0.996811639225082,1593.239065548627,0.993241681350831
1593.3210103307674,0.9872279790421046,1593.3210103307674,0.999862292059094,1593.3182325420637,0.9945527467656886,1593.2404544434453,0.9998960287055488
1593.3223992251194,0.9997438375466475,1593.3223992251194,0.9998437121757819,1593.3196214364157,1.0064706678096846,1593.2418433382636,1.011957744417647
1593.323788119937,0.9896590207917958,1593.323788119937,0.9999101703399572,1593.3210103307674,0.987092029909906,1593.2432322326154,0.9914980018660712
1593.3251770142897,0.9996114771411606,1593.3251770142897,0.9998944567581245,1593.3223992251194,0.999587589757502,1593.244621127433,0.9973822666547884
1593.3265659086414,1.0101229475020197,1593.3265659086414,0.9998793528775112,1593.323788119937,0.9895701200583998,1593.2460100222495,1.0038771360050625
1593.3279548034584,0.9792875006440607,1593.3279548034584,0.9998563762688757,1593.3251770142897,0.9995059749052472,1593.247398917067,1.004492107299483
1593.3293436978106,1.0007067612587004,1593.3293436978106,0.9998494270644579,1593.3265659086414,1.0100010790750436,1593.248787811885,0.9944210682437008
1593.3307325921623,1.0042813292328883,1593.3307325921623,0.9998279800878275,1593.3279548034584,0.9791468517193748,1593.2501767062377,0.9991781624240732
1593.332121486515,0.9814868507673921,1593.332121486515,0.9996874516231572,1593.3293436978106,1.0005560819040409,1593.2515656010555,0.9954034601314676
1593.333510381333,1.0085789564255265,1593.333510381333,0.9996003796446771,1593.3307325921623,1.004108572846837,1593.252954495873,0.9993539387976558
1593.3348992756855,1.0052891312789751,1593.3348992756855,0.999467978434073,1593.332121486515,0.9811800886452922,1593.2543433902251,1.0006968014081543
1593.3362881700373,1.0070656043034494,1593.3362881700373,0.9993708234557586,1593.333510381333,1.0081759077445884,1593.2557322850437,0.9938697528438424
1593.3376770643897,1.005750929306038,1593.3376770643897,0.9993639280126426,1593.3348992756855,1.0047542957811426,1593.2571211798618,0.988341223025315
1593.3390659587412,1.0105380239438033,1593.3390659587412,0.9992759047770059,1593.3362881700373,1.0064319822467094,1593.2585100746792,1.0039154525483591
1593.3404548535595,1.0077850538501003,1593.3404548535595,0.9993390044145875,1593.3376770643897,1.005111199313648,1593.2598989690314,1.0059242726722075
1593.3418437479115,0.9958187454490585,1593.3418437479115,0.9994494425707898,1593.3390659587412,1.0098062981880118,1593.2612878638488,1.0026446102784712
1593.3446215366148,0.9870147375339302,1593.3446215366148,0.9995284644220431,1593.3404548535595,1.0071189123784607,1593.2626767586655,0.9929641785525086
1593.3460104309663,1.001973033335835,1593.3460104309663,0.9994196541622856,1593.3418437479115,0.9952704900406047,1593.2640656530175,1.0023866655231155
1593.3473993253192,1.004923435531466,1593.3473993253192,0.9994469122217816,1593.3446215366148,0.9865493249692152,1593.2654545478358,1.0175300030680912
1593.3487882201375,0.9990616758595893,1593.3487882201375,0.9994301287678343,1593.3460104309663,1.0013915424564366,1593.2668434426537,1.0091241653120826
1593.3501771144895,1.01085957616261,1593.3501771144895,0.99930745609441,1593.3473993253192,1.0043676246612283,1593.2682323370054,1.0142614727679928
1593.3515660088417,1.0077472890409458,1593.3515660088417,0.9992065453293097,1593.3487882201375,0.9984923393513576,1593.2696212318233,0.9999812107480304
1593.3529549031937,1.0147650025123756,1593.3529549031937,0.9992037245268378,1593.3501771144895,1.0101595115237312,1593.271010126176,0.9934637696940806
1593.3543437975454,0.9920446860939156,1593.3543437975454,0.9991747214155332,1593.3515660088417,1.0069476872475809,1593.2723990209945,0.9969370444125332
1593.355732691898,1.0039416481713477,1593.355732691898,0.999102274231577,1593.3529549031937,1.0139569700298516,1593.2737879158117,0.996662924294598
1593.3571215862507,1.0001235370900556,1593.3571215862507,0.9990634744953804,1593.3543437975454,0.9912259728596482,1593.275176810164,0.9850974170436844
1593.358510480602,0.9973881780295466,1593.358510480602,0.9990382142724326,1593.355732691898,1.0030403838837914,1593.2765657049813,1.0055402461933236
1593.359899374953,0.9983949386662009,1593.359899374953,0.9991755578165681,1593.3571215862507,0.9991868958898004,1593.2779545993326,1.0060011517719205
1593.361288269305,0.9917206037277637,1593.361288269305,0.9991734812218087,1593.358510480602,0.9964289043150732,1593.2793434941505,1.002916639284894
1593.3626771641234,0.9989154968759707,1593.3626771641234,0.999050574811568,1593.359899374953,0.9975718197630395,1593.2807323889688,1.0156102396933495
1593.364066058476,1.003126068567501,1593.364066058476,0.9991808049239804,1593.361288269305,0.9909009280260636,1593.2821212833203,1.0034918179573034
1593.3654549528285,1.0035464391143847,1593.3654549528285,0.9991384974180811,1593.3626771641234,0.9979671013421216,1593.2835101781382,1.0086034785455495
1593.36684384718,1.0064314831513457,1593.36684384718,0.9990036043940271,1593.364066058476,1.0023043126315037,1593.28489907249,1.0047498060417193
1593.3682327415322,1.0089249486760168,1593.3682327415322,0.9990751950918402,1593.3654549528285,1.002681881266012,1593.2862879673085,0.9936524002531352
1593.369621635884,0.9917554050543956,1593.369621635884,0.999019537669575,1593.36684384718,1.005428679243821,1593.287676861661,0.9982082557020998
1593.3710105302366,1.0027672886664272,1593.3710105302366,0.9988998193401415,1593.3682327415322,1.0079918899315163,1593.2890657564783,1.018274561772987
1593.3723994245893,1.0060082120230591,1593.3723994245893,0.998854018943905,1593.369621635884,0.9907830262387444,1593.2904546508307,0.997640703436382
1593.3737883189406,1.0069601062795528,1593.3737883189406,0.9988914358271761,1593.3710105302366,1.0016640634890976,1593.291843545648,1.0082265249438391
1593.375177213292,1.0011657598971395,1593.375177213292,0.9988882137378221,1593.3723994245893,1.0048553456698046,1593.2932324400003,1.002585567129892
1593.376566107644,1.0058108614068182,1593.376566107644,0.9989759543783667,1593.3737883189406,1.0058438263822684,1593.2946213348175,0.9947550310528522
1593.3779550019958,0.9961512304991798,1593.3779550019958,0.9990252210271419,1593.375177213292,1.000052677559123,1593.29601022917,0.9874219335025924
1593.3793438958828,0.9928062716600877,1593.3793438958828,0.9990713518638037,1593.376566107644,1.0047808651980032,1593.2973991239874,0.9980301422038858
1593.3807327902357,1.0094903216353892,1593.3807327902357,0.9991546983818701,1593.3779550019958,0.9951802032259024,1593.2987880183396,0.9875213228027008
1593.3821216845872,1.0140149736263664,1593.3821216845872,0.9993169780967779,1593.3793438958828,0.9918843039663066,1593.300176913157,1.0043836155139687
1593.3835105789394,0.9985386947090131,1593.3835105789394,0.9992749419747097,1593.3807327902357,1.0086369978330243,1593.3015658075096,0.9952961984115486
1593.3848994732912,0.9777034337871439,1593.3848994732912,0.9992570791411033,1593.3821216845872,1.0133223791891843,1593.3029547018623,0.9942928954086604
1593.3862883676438,1.0054161109867,1593.3862883676438,0.9992907937024145,1593.3835105789394,0.9978146962148514,1593.3043435966797,1.004549858879187
1593.3876772619965,0.9937971661178598,1593.3876772619965,0.9993551487756268,1593.3848994732912,0.9769770775123684,1593.305732491032,1.0082883972432877
1593.3890661563487,1.002195876939612,1593.3890661563487,0.9992678789297758,1593.3862883676438,1.004703063549094,1593.307121385849,0.9677432826040956
1593.3904550507,0.9984999391929567,1593.3904550507,0.9991266615003785,1593.3876772619965,0.9931563147985102,1593.3085102802015,1.0092512310880877
1593.3918439450513,1.0049666968730953,1593.3918439450513,0.9991251867841244,1593.3890661563487,1.0014621482216126,1593.3098991745533,0.9904705895775128
1593.3932328389374,0.9914302031665149,1593.3932328389374,0.9990804168249572,1593.3904550507,0.9976279107541898,1593.3112880693711,0.991945930252636
1593.39462173329,1.0024773722068545,1593.39462173329,0.9989950151495458,1593.3918439450513,1.0040875387251558,1593.3126769637229,1.0006437855809929
1593.396010627643,0.9972482694390946,1593.396010627643,0.9989921832341586,1593.3932328389374,0.9905185006324536,1593.314065858075,1.0069576507789038
1593.3973995219949,0.9858896922831161,1593.3973995219949,0.9989953233938,1593.39462173329,1.0014698976348635,1593.3154547528925,1.0089578604435845
1593.3987884163466,1.0016254176857482,1593.3987884163466,0.999045259099255,1593.396010627643,0.9962432259134476,1593.3168436472452,0.996811639225082
1593.4001773106984,0.996087508450792,1593.4001773106984,0.9991504436498816,1593.3973995219949,0.9848991919729856,1593.3182325420637,0.9945527467656886
1593.4015662045854,1.0048846482771965,1593.4015662045854,0.9990923130463036,1593.3987884163466,1.000669124932258,1593.3196214364157,1.0064706678096846
1593.402955098938,1.0018960622128807,1593.402955098938,0.9990190906053018,1593.4001773106984,0.995241275982714,1593.3210103307674,0.987092029909906
1593.4043439932902,0.9983490474498554,1593.4043439932902,0.9990058695718234,1593.4015662045854,1.0039725275919855,1593.3223992251194,0.999587589757502
1593.4057328876415,0.9932575233004116,1593.4057328876415,0.9989520168847563,1593.402955098938,1.000913292952945,1593.323788119937,0.9895701200583998
1593.4071217819928,0.9874569522758462,1593.4071217819928,0.9988880730901852,1593.4043439932902,0.9973565582838444,1593.3251770142897,0.9995059749052472
1593.408510675879,1.0113538282096664,1593.408510675879,0.9988940125462925,1593.4057328876415,0.992216606186904,1593.3265659086414,1.0100010790750436
1593.4098995702316,0.9956102928143856,1593.4098995702316,0.9988985643888322,1593.4071217819928,0.986358972318327,1593.3279548034584,0.9791468517193748
1593.4112884645842,1.0038717710232057,1593.4112884645842,0.9989662717161722,1593.408510675879,1.0102352835644075,1593.3293436978106,1.0005560819040409
1593.4126773589364,0.9977838148347683,1593.4126773589364,0.999046622644684,1593.4098995702316,0.9945136921830346,1593.3307325921623,1.004108572846837
1593.4140662528223,1.0078611707498766,1593.4140662528223,0.9990685608519051,1593.4112884645842,1.0028340403801628,1593.332121486515,0.9811800886452922
1593.4154551471747,0.991622230685875,1593.4154551471747,0.9991634430869579,1593.4126773589364,0.996832550340204,1593.333510381333,1.0081759077445884
1593.4168440415274,0.9934647710035479,1593.4168440415274,0.9991686219530579,1593.4140662528223,1.0069224093995954,1593.3348992756855,1.0047542957811426
1593.4182329354142,0.9993291466195201,1593.4182329354142,0.9991727858335795,1593.4154551471747,0.9907926822536685,1593.3362881700373,1.0064319822467094
1593.419621829766,0.9970705514670865,1593.419621829766,0.9991955958337416,1593.4168440415274,0.9926388262025252,1593.3376770643897,1.005111199313648
1593.421010724118,1.0110622255857844,1593.421010724118,0.9993445836029263,1593.4182329354142,0.9985024873925196,1593.3390659587412,1.0098062981880118
1593.4223996184692,0.9979970444786,1593.4223996184692,0.999327723141112,1593.419621829766,0.9962685037614328,1593.3404548535595,1.0071189123784607
1593.4237885123548,1.0039239065132268,1593.4237885123548,0.9993734977816678,1593.421010724118,1.0103995588246737,1593.3418437479115,0.9952704900406047
1593.4251774067077,0.9963404023885037,1593.4251774067077,0.9992892488806093,1593.4223996184692,0.9973261141603584,1593.3446215366148,0.9865493249692152
1593.42656630106,0.9902248571701731,1593.42656630106,0.9992762543685787,1593.4237885123548,1.0032949459587597,1593.3460104309663,1.0013915424564366
1593.427955194947,0.9962821109475437,1593.427955194947,0.999253820684229,1593.4251774067077,0.995632252332212,1593.3473993253192,1.0043676246612283
1593.4293440892984,1.0137526240013024,1593.4293440892984,0.9991976245231557,1593.42656630106,0.9895081862556714,1593.3487882201375,0.9984923393513576
1593.430732983185,0.9978154639263639,1593.430732983185,0.9990938310531926,1593.427955194947,0.995538705843682,1593.3501771144895,1.0101595115237312
1593.4321218775376,0.9941952518989617,1593.4321218775376,0.9990735252309314,1593.4293440892984,1.0129392137562172,1593.3515660088417,1.0069476872475809
1593.4335107718905,0.9998629019890665,1593.4335107718905,0.999000226575636,1593.430732983185,0.9969112745383096,1593.3529549031937,1.0139569700298516
1593.4348996657764,0.9879337424768116,1593.4348996657764,0.9990026429073082,1593.4321218775376,0.9932741550825496,1593.3543437975454,0.9912259728596482
1593.4362885601286,1.0043061432597784,1593.4362885601286,0.9990417013710206,1593.4335107718905,0.9988632656316504,1593.355732691898,1.0030403838837914
1593.437677454014,0.9978774232031713,1593.437677454014,0.9991037232463892,1593.4348996657764,0.9869484197516428,1593.3571215862507,0.9991868958898004
1593.439066348365,0.9907633965565924,1593.439066348365,0.9989590467652091,1593.4362885601286,1.003343718059617,1593.358510480602,0.9964289043150732
1593.4404552427177,0.9886128173365358,1593.4404552427177,0.9988847351512554,1593.437677454014,0.9969830488658012,1593.359899374953,0.9975718197630395
1593.4418441366047,1.0113279194484839,1593.4418441366047,0.9988317259905294,1593.439066348365,0.9897320581940344,1593.361288269305,0.9909009280260636
1593.443233030957,0.9993091846455192,1593.443233030957,0.998911911613245,1593.4404552427177,0.987510252212342,1593.3626771641234,0.9979671013421216
1593.444621924843,0.982944416430596,1593.444621924843,0.9989064106734894,1593.4418441366047,1.0101464113251402,1593.364066058476,1.0023043126315037
1593.4460108191952,1.0033580441589767,1593.4460108191952,0.9990555944888204,1593.443233030957,0.9982218479269288,1593.3654549528285,1.002681881266012
1593.4473997130822,1.0067951082625957,1593.4473997130822,0.9991145162654503,1593.444621924843,0.9818694789082344,1593.36684384718,1.005428679243821
1593.4487886074348,0.9916151595396757,1593.4487886074348,0.9992105731109243,1593.4460108191952,1.0024104672923866,1593.3682327415322,1.0079918899315163
1593.450177501321,1.001612670600265,1593.450177501321,0.9992488793390052,1593.4473997130822,1.005903607570205,1593.369621635884,0.9907830262387444
1593.4515663956731,0.988044260928961,1593.4515663956731,0.9991443082473053,1593.4487886074348,0.99083235186912,1593.3710105302366,1.0016640634890976
1593.4529552895588,0.9979130573086812,1593.4529552895588,0.9991736837038907,1593.450177501321,1.000860338629063,1593.3723994245893,1.0048553456698046
1593.45434418391,0.9890932358844876,1593.45434418391,0.9992153817118476,1593.4515663956731,0.9871987996035868,1593.3737883189406,1.0058438263822684
1593.455733077797,0.9918324078374573,1593.455733077797,0.9991627316105327,1593.4529552895588,0.9970884654873268,1593.375177213292,1.000052677559123
1593.4571219721497,0.9987195644016931,1593.4571219721497,0.9992101156027037,1593.45434418391,0.9883171752429248,1593.376566107644,1.0047808651980032
1593.4585108660358,0.993581750997938,1593.4585108660358,0.9990788394426557,1593.455733077797,0.9910019779147258,1593.3779550019958,0.9951802032259024
1593.459899759922,0.9890508691889335,1593.459899759922,0.9990615575542615,1593.4571219721497,0.9979306914004976,1593.3793438958828,0.9918843039663066
1593.461288654274,0.992135159993852,1593.461288654274,0.9989321619781234,1593.4585108660358,0.9926665026784216,1593.3807327902357,1.0086369978330243
1593.462677548161,0.9827288552427764,1593.462677548161,0.9989214959742577,1593.459899759922,0.988122701872292,1593.3821216845872,1.0133223791891843
1593.4640664425135,1.002426436896471,1593.4640664425135,0.9988270476408944,1593.461288654274,0.99107572034717,1593.3835105789394,0.9978146962148514
1593.4654553363998,1.0045041423663892,1593.4654553363998,0.9987283242636655,1593.462677548161,0.981668978216184,1593.3848994732912,0.9769770775123684
1593.466844230752,0.9960742882973534,1593.466844230752,0.9987676061225688,1593.4640664425135,1.0012506384424835,1593.3862883676438,1.004703063549094
1593.468233124638,1.004143519463143,1593.468233124638,0.9987018043308997,1593.4654553363998,1.0032267388214944,1593.3876772619965,0.9931563147985102
1593.4696220185238,0.9946920547733871,1593.4696220185238,0.9988256316454065,1593.466844230752,0.9948467324429892,1593.3890661563487,1.0014621482216126
1593.471010912876,0.9979710238255907,1593.471010912876,0.9988763445562657,1593.468233124638,1.0028399446950207,1593.3904550507,0.9976279107541898
1593.472399806763,0.9980512358429211,1593.472399806763,0.9988329786242134,1593.4696220185238,0.9935239199016956,1593.3918439450513,1.0040875387251558
1593.473788700649,0.9878411689356998,1593.473788700649,0.998786704250882,1593.471010912876,0.99684964825198,1593.3932328389374,0.9905185006324536
1593.475177595001,0.9798527790445397,1593.475177595001,0.9987042901633701,1593.472399806763,0.9968864887165622,1593.39462173329,1.0014698976348635
1593.476566488887,1.0007605713541354,1593.476566488887,0.9986526972726022,1593.473788700649,0.9866426254446264,1593.396010627643,0.9962432259134476
1593.4779553827743,0.9927202654703424,1593.4779553827743,0.9986619641959606,1593.475177595001,0.9785831741602826,1593.3973995219949,0.9848991919729856
1593.479344277127,0.9959637010655314,1593.479344277127,0.998712081614872,1593.476566488887,0.9994122439068778,1593.3987884163466,1.000669124932258
1593.480733171013,1.0027573377963408,1593.480733171013,0.9986699153615023,1593.4779553827743,0.9913919702117476,1593.4001773106984,0.995241275982714
1593.4821220648996,1.00183979165136,1593.4821220648996,0.9985996732060312,1593.479344277127,0.994680981104009,1593.4015662045854,1.0039725275919855
1593.4835109592514,1.0090592805635743,1593.4835109592514,0.9986972298468734,1593.480733171013,1.001423585665197,1593.402955098938,1.000913292952945
1593.484899853137,1.0107049900267284,1593.484899853137,0.9987558778456394,1593.4821220648996,1.0004368885478463,1593.4043439932902,0.9973565582838444
1593.4862887470235,0.9899480758811506,1593.4862887470235,0.9987573017206696,1593.4835109592514,1.0077447082501207,1593.4057328876415,0.992216606186904
1593.4876776409103,1.0138782451863162,1593.4876776409103,0.9987473426046459,1593.484899853137,1.0094475495571134,1593.4071217819928,0.986358972318327
1593.4890665352625,0.9981093534972573,1593.4890665352625,0.9986814032468336,1593.4862887470235,0.9887178691106266,1593.408510675879,1.0102352835644075
1593.4904554291488,0.9932385989854988,1593.4904554291488,0.9986843513882115,1593.4876776409103,1.012608203104495,1593.4098995702316,0.9945136921830346
1593.491844323035,1.0006894936621034,1593.491844323035,0.9985604515964857,1593.4890665352625,0.9967932497444308,1593.4112884645842,1.0028340403801628
1593.493233216922,0.9923386409279521,1593.493233216922,0.9984989396710969,1593.4904554291488,0.9919318460015688,1593.4126773589364,0.996832550340204
1593.494622110809,0.9914364328098566,1593.494622110809,0.9985635330455289,1593.491844323035,0.9992489526990884,1593.4140662528223,1.0069224093995954
1593.500177686819,1.0199643576128263,1593.500177686819,0.9983623341433799,1593.493233216922,0.9908490807612176,1593.4154551471747,0.9907926822536685
1593.5015665807057,1.0208269060652755,1593.5015665807057,0.9982985633553559,1593.494622110809,0.9900122671366666,1593.4168440415274,0.9926388262025252
1593.502955475058,1.0195600878836701,1593.502955475058,0.9982675285420484,1593.500177686819,1.0182939968093945,1593.4182329354142,0.9985024873925196
1593.5043443689442,1.0045924573677012,1593.5043443689442,0.9983435975047521,1593.5015665807057,1.0190900337594575,1593.419621829766,0.9962685037614328
1593.5057332628307,1.013755009729383,1593.5057332628307,0.9982219031457341,1593.502955475058,1.017793729131745,1593.421010724118,1.0103995588246737
1593.5071221567168,1.0012220981690454,1593.5071221567168,0.9981794549338726,1593.5043443689442,1.00292844791461,1593.4223996184692,0.9973261141603584
1593.5085110506038,1.0052429509717449,1593.5085110506038,0.9982517595897794,1593.5057332628307,1.011952455135587,1593.4237885123548,1.0032949459587597
1593.5098999444908,1.0186007678948434,1593.5098999444908,0.9983213178666098,1593.5071221567168,0.999399328218126,1593.4251774067077,0.995632252332212
1593.5112888383774,1.0017081956932847,1593.5112888383774,0.9983346569220791,1593.5085110506038,1.0034855446227666,1593.42656630106,0.9895081862556714
1593.5126777322637,0.9944620648876535,1593.5126777322637,0.9984506657664023,1593.5098999444908,1.016890860984721,1593.427955194947,0.995538705843682
1593.5140666266154,0.9905300366092542,1593.5140666266154,0.9984076338779336,1593.5112888383774,1.0000400078834903,1593.4293440892984,1.0129392137562172
1593.5154555205015,1.0174174428904452,1593.5154555205015,0.9984697074317027,1593.5126777322637,0.9929213107665088,1593.430732983185,0.9969112745383096
1593.5168444143878,1.0044032174186481,1593.5168444143878,0.9983424837658263,1593.5140666266154,0.9889527501360684,1593.4321218775376,0.9932741550825496
1593.5182333082744,0.9899303389197434,1593.5182333082744,0.9983422826859261,1593.5154555205015,1.015860496538734,1593.4335107718905,0.9988632656316504
1593.5196222021605,0.9947534127345751,1593.5196222021605,0.9983194815991329,1593.5168444143878,1.0027384027801205,1593.4348996657764,0.9869484197516428
1593.521011096047,0.998870736461522,1593.521011096047,0.9984078828421117,1593.5182333082744,0.988289314257189,1593.4362885601286,1.003343718059617
1593.522399989933,1.0035541134542747,1593.522399989933,0.9984987585665658,1593.5196222021605,0.9930817113201492,1593.437677454014,0.9969830488658012
1593.5237888838196,1.0031164319937331,1593.5237888838196,0.9985248597102611,1593.521011096047,0.9972804172234891,1593.439066348365,0.9897320581940344
1593.5251777777066,1.000490481123595,1593.5251777777066,0.998532982057108,1593.522399989933,1.0020475364384638,1593.4404552427177,0.987510252212342
1593.5265666715936,0.9991521435294259,1593.5265666715936,0.9984851844492775,1593.5237888838196,1.0016366945296,1593.4418441366047,1.0101464113251402
1593.5279555654795,1.0029467095511422,1593.5279555654795,0.9984930637439495,1593.5251777777066,0.9990227436360942,1593.443233030957,0.9982218479269288
1593.5293444593665,1.0023366436519323,1593.5293444593665,0.9984952907442605,1593.5265666715936,0.9976386123248698,1593.444621924843,0.9818694789082344
1593.5307333532523,0.9978435547339073,1593.5307333532523,0.9985568366237901,1593.5279555654795,1.001435332791633,1593.4460108191952,1.0024104672923866
1593.532122247139,1.0125479251173855,1593.532122247139,0.9985884421762307,1593.5293444593665,1.0008284184268623,1593.4473997130822,1.005903607570205
1593.533511141025,1.0068939162116999,1593.533511141025,0.9985170637811452,1593.5307333532523,0.9964035034605282,1593.4487886074348,0.99083235186912
1593.534900034911,1.0027187550075782,1593.534900034911,0.9985771435403153,1593.532122247139,1.0111186551717446,1593.450177501321,1.000860338629063
1593.5362889287976,1.0100061730397867,1593.5362889287976,0.9984978783908587,1593.533511141025,1.0054007567548051,1593.4515663956731,0.9871987996035868
1593.5376778226837,1.014306420519707,1593.5376778226837,0.9985086735235582,1593.534900034911,1.0012920301497688,1593.4529552895588,0.9970884654873268
1593.5390667165702,1.0123177333790787,1593.5390667165702,0.998385974737542,1593.5362889287976,1.0084890209418975,1593.45434418391,0.9883171752429248
1593.5404556099916,1.015467581481713,1593.5404556099916,0.9985020412857665,1593.5376778226837,1.012793758499561,1593.455733077797,0.9910019779147258
1593.5418445038786,1.0045426032341391,1593.5418445038786,0.998487430733359,1593.5390667165702,1.0106838269837706,1593.4571219721497,0.9979306914004976
1593.5432333977649,0.9988936585861897,1593.5432333977649,0.9984434031222107,1593.5404556099916,1.0139464529690108,1593.4585108660358,0.9926665026784216
1593.5446222916512,1.0096986352793968,1593.5446222916512,0.9984949446124589,1593.5418445038786,1.0030231629654556,1593.459899759922,0.988122701872292
1593.5460111855373,0.997827690822192,1593.5460111855373,0.9983921768428893,1593.5432333977649,0.997338783835991,1593.461288654274,0.99107572034717
1593.5474000794238,0.9972144487746428,1593.5474000794238,0.9983457263957963,1593.5446222916512,1.0081789829085768,1593.462677548161,0.981668978216184
1593.54878897331,0.9971322988020901,1593.54878897331,0.9982566905336479,1593.5460111855373,0.9962233603540818,1593.4640664425135,1.0012506384424835
1593.5501778671965,0.9953111607876794,1593.5501778671965,0.998370871732494,1593.5474000794238,0.9955647832343044,1593.4654553363998,1.0032267388214944
1593.5515667606169,0.9924819664746173,1593.5515667606169,0.9984085344420212,1593.54878897331,0.995393988626383,1593.466844230752,0.9948467324429892
1593.552955654503,0.9999792923594876,1593.552955654503,0.998451388637453,1593.5501778671965,0.993689671240676,1593.468233124638,1.0028399446950207
1593.5543445483895,0.9971101943693169,1593.5543445483895,0.9984219832076003,1593.5515667606169,0.9909024656080578,1593.4696220185238,0.9935239199016956
1593.5557334422765,0.9986616020765844,1593.5557334422765,0.9983971647099819,1593.552955654503,0.998430713065028,1593.471010912876,0.99684964825198
1593.5571223361635,1.0009915839505956,1593.5571223361635,0.9984533757269325,1593.5543445483895,0.9955367377387292,1593.472399806763,0.9968864887165622
1593.5585112300496,0.9925402909456557,1593.5585112300496,0.9984068734190098,1593.5557334422765,0.99706091201799,1593.473788700649,0.9866426254446264
1593.5599001234705,0.9985814706856585,1593.5599001234705,0.9984426057764608,1593.5571223361635,0.9994434260697213,1593.475177595001,0.9785831741602826
1593.5612890173566,1.0152245017840469,1593.5612890173566,0.9984103449830611,1593.5585112300496,0.9909590486254464,1593.476566488887,0.9994122439068778
1593.5626779112436,0.9876893127526549,1593.5626779112436,0.9983850062634654,1593.5599001234705,0.9970262856714794,1593.4779553827743,0.9913919702117476
1593.56406680513,1.0010702413177714,1593.56406680513,0.9984337196885941,1593.5612890173566,1.0136106450614666,1593.479344277127,0.994680981104009
1593.56545569855,0.9884016060103491,1593.56545569855,0.9985791679758217,1593.5626779112436,0.9860942006989172,1593.480733171013,1.001423585665197
1593.5668445924362,1.0045868078522948,1593.5668445924362,0.9984351682496719,1593.56406680513,0.999502284708461,1593.4821220648996,1.0004368885478463
1593.5682334863227,1.0071667654878684,1593.5682334863227,0.9984720731723837,1593.56545569855,0.9869972533557804,1593.4835109592514,1.0077447082501207
1593.5696223802088,1.0175945840310203,1593.5696223802088,0.9984379292011065,1593.5668445924362,1.003014798519407,1593.484899853137,1.0094475495571134
1593.57101127363,1.007945775060989,1593.57101127363,0.9984598210415818,1593.5682334863227,1.005627888366996,1593.4862887470235,0.9887178691106266
1593.5724001675171,1.0035384723211815,1593.5724001675171,0.9984124631216075,1593.5696223802088,1.0160050292461933,1593.4876776409103,1.012608203104495
1593.5737890614032,1.0051375696180096,1593.5737890614032,0.9984331499189611,1593.57101127363,1.0063933581870137,1593.4890665352625,0.9967932497444308
1593.575177954824,0.9982580842588096,1593.575177954824,0.9983487017731328,1593.5724001675171,1.001945317987486,1593.4904554291488,0.9919318460015688
1593.5765668487102,1.000200875949193,1593.5765668487102,0.9984291157787502,1593.5737890614032,1.0035626697355984,1593.491844323035,0.9992489526990884
1593.5779557425972,1.00605025091841,1593.5779557425972,0.9984322143575873,1593.575177954824,0.9966096624543171,1593.493233216922,0.9908490807612176
1593.579344636018,0.9997275646584015,1593.579344636018,0.9984322913862459,1593.5765668487102,0.998629676175084,1593.494622110809,0.9900122671366666
1593.5807335299037,1.001062600532351,1593.5807335299037,0.9984911051851573,1593.5779557425972,1.0044729797794745,1593.4960110051609,1.0366173614348788
1593.5821224237898,0.9835956124385609,1593.5821224237898,0.9984316646760265,1593.579344636018,0.9981602831438792,1593.4973998990472,1.0247662329527132
1593.5835113172109,1.0053906571682725,1593.5835113172109,0.998425345546408,1593.5807335299037,0.9995521023650747,1593.4987887929333,1.0331574329281363
1593.5849002110967,0.9900745399893683,1593.5849002110967,0.9984300132359538,1593.5821224237898,0.9820530046950682,1593.500177686819,1.0182939968093945
1593.5862891049835,1.0053897023817644,1593.5862891049835,0.998570296308568,1593.5835113172109,1.0038075142923628,1593.5015665807057,1.0190900337594575
1593.587677998405,0.9994971571377542,1593.587677998405,0.9985656600994656,1593.5849002110967,0.988520136066166,1593.502955475058,1.017793729131745
1593.5890668922916,0.999285864587612,1593.5890668922916,0.9985022381613664,1593.5862891049835,1.0039522930129414,1593.5043443689442,1.00292844791461
1593.590455785712,1.0008152346075427,1593.590455785712,0.9984457482453244,1593.587677998405,0.9980635384848008,1593.5057332628307,1.011952455135587
1593.5918446795984,0.9887007804099744,1593.5918446795984,0.9985003867642087,1593.5890668922916,0.9977891723537468,1593.5071221567168,0.999399328218126
1593.5932335730197,1.018320602341696,1593.5932335730197,0.9985323229143988,1593.590455785712,0.999259715773048,1593.5085110506038,1.0034855446227666
1593.594622466906,1.0067580416704318,1593.594622466906,0.9986135834917726,1593.5918446795984,0.9872181116334344,1593.5098999444908,1.016890860984721
1593.5960113607916,1.0027710633639697,1593.5960113607916,0.9986512779298823,1593.5932335730197,1.0168260365278434,1593.5112888383774,1.0000400078834903
1593.597400254212,0.995005221252106,1593.597400254212,0.9986387191156443,1593.594622466906,1.0053622557016693,1593.5126777322637,0.9929213107665088
1593.5987891480986,1.0013270711381843,1593.5987891480986,0.9987544438122649,1593.5960113607916,1.0014186038995354,1593.5140666266154,0.9889527501360684
1593.600178041519,1.0026847479670753,1593.600178041519,0.9987925735265827,1593.597400254212,0.9936507396645814,1593.5154555205015,1.015860496538734
1593.601566935406,1.0087386115140373,1593.601566935406,0.9987700932548897,1593.5987891480986,1.0000798620087814,1593.5168444143878,1.0027384027801205
1593.6029558288274,0.9989965978034713,1593.6029558288274,0.9987784331386521,1593.600178041519,1.001474079857888,1593.5182333082744,0.988289314257189
1593.604344722714,1.000023833746694,1593.604344722714,0.9987812788289857,1593.601566935406,1.007497957091683,1593.5196222021605,0.9930817113201492
1593.6057336161343,0.9899597864121845,1593.6057336161343,0.9987638767275778,1593.6029558288274,0.9977762566649953,1593.521011096047,0.9972804172234891
1593.6071225100209,1.0080611428910655,1593.6071225100209,0.9987464583258719,1593.604344722714,0.998805083528988,1593.522399989933,1.0020475364384638
1593.6085114034422,1.0038718474496926,1593.6085114034422,0.9987378570318,1593.6057336161343,0.9887360740814384,1593.5237888838196,1.0016366945296
1593.6099002973292,0.9925787291089813,1593.6099002973292,0.9985922682172116,1593.6071225100209,1.0067974962383823,1593.5251777777066,0.9990227436360942
1593.611289190749,0.998271639037774,1593.611289190749,0.9987458982422492,1593.6085114034422,1.00260481765646,1593.5265666715936,0.9976386123248698
1593.6126780841687,0.9978926904837588,1593.6126780841687,0.9986864043354581,1593.6099002973292,0.9911814444850948,1593.5279555654795,1.001435332791633
1593.6140669780552,1.0043238607881178,1593.6140669780552,0.9986972471891621,1593.611289190749,0.997019704820544,1593.5293444593665,1.0008284184268623
1593.6154558714757,0.9919506902399491,1593.6154558714757,0.9987189448925211,1593.6126780841687,0.9965818629718612,1593.5307333532523,0.9964035034605282
1593.6168447653629,1.0021957322969446,1593.6168447653629,0.9986769214602044,1593.6140669780552,1.0030154750554845,1593.532122247139,1.0111186551717446
1593.618233658784,1.0003759755166477,1593.618233658784,0.9988178226872546,1593.6154558714757,0.99067994674185,1593.533511141025,1.0054007567548051
1593.6196225522049,0.9921289120104669,1593.6196225522049,0.998824698920111,1593.6168447653629,1.0008697486308678,1593.534900034911,1.0012920301497688
1593.621011446091,0.9981677627892519,1593.621011446091,0.9989016538589087,1593.618233658784,0.9991933537341764,1593.5362889287976,1.0084890209418975
1593.6224003395118,0.9955944686015223,1593.6224003395118,0.99886069649073,1593.6196225522049,0.990962861828792,1593.5376778226837,1.012793758499561
1593.6237892333988,1.01281010590746,1593.6237892333988,0.9989030690207714,1593.621011446091,0.9970714290788306,1593.5390667165702,1.0106838269837706
1593.6251781268202,1.0001698491242599,1593.6251781268202,0.9989238060741658,1593.6224003395118,0.9944601843296348,1593.5404556099916,1.0139464529690108
1593.62656702024,0.9873154230335571,1593.62656702024,0.9988833143097305,1593.6237892333988,1.0116991231262142,1593.5418445038786,1.0030231629654556
1593.6279559141258,1.0029601837304598,1593.6279559141258,0.9989111707754706,1593.6251781268202,0.9990934724078298,1593.5432333977649,0.997338783835991
1593.6293448075462,0.9937765173784565,1593.6293448075462,0.9988460864812115,1593.62656702024,0.9862129020288732,1593.5446222916512,1.0081789829085768
1593.6307337009666,1.0033479837660233,1593.6307337009666,0.9987138836038584,1593.6279559141258,1.0018681313713746,1593.5460111855373,0.9962233603540818
1593.6321225948536,1.0056278413204658,1593.6321225948536,0.9987195589967716,1593.6293448075462,0.992629785220399,1593.5474000794238,0.9955647832343044
1593.633511488275,1.008682413209378,1593.633511488275,0.9987006818723716,1593.6307337009666,1.0020575614730662,1593.54878897331,0.995393988626383
1593.6349003816958,1.0120660843875748,1593.6349003816958,0.9986777335234006,1593.6321225948536,1.0043401941984509,1593.5501778671965,0.993689671240676
1593.6362892751165,1.0056882789468338,1593.6362892751165,0.9985887833508779,1593.633511488275,1.007371813864875,1593.5515667606169,0.9909024656080578
1593.6376781690028,0.9995800610460192,1593.6376781690028,0.9985774105790749,1593.6349003816958,1.010727863332086,1593.552955654503,0.998430713065028
1593.639067062424,1.0042115062197612,1593.639067062424,0.9986730813839184,1593.6362892751165,1.004269034903757,1593.5543445483895,0.9955367377387292
1593.6404559558457,0.9926681947113091,1593.6404559558457,0.9987185005154848,1593.6376781690028,0.9981580690258074,1593.5557334422765,0.99706091201799
1593.6418448492657,0.9918563037290493,1593.6418448492657,0.9986072489364043,1593.639067062424,1.0028789992776748,1593.5571223361635,0.9994434260697213
1593.643233743151,1.0006425877860814,1593.643233743151,0.9986141438145992,1593.6404559558457,0.991396090931492,1593.5585112300496,0.9909590486254464
1593.6446226365715,1.0050587372507978,1593.6446226365715,0.9986894751266462,1593.6418448492657,0.9904748948070966,1593.5599001234705,0.9970262856714794
1593.6460115299924,1.0041760230949086,1593.6460115299924,0.9986740714543237,1593.643233743151,0.9992558410664226,1593.5612890173566,1.0136106450614666
1593.6474004234135,1.004762806718109,1593.6474004234135,0.9987017980432802,1593.6446226365715,1.003741582776449,1593.5626779112436,0.9860942006989172
1593.6487893168348,0.9973342570618305,1593.6487893168348,0.9987246263843239,1593.6460115299924,1.0028445574410034,1593.56406680513,0.999502284708461
1593.6501782107212,1.001378853244176,1593.6501782107212,0.9986424229401246,1593.6474004234135,1.0034584216763882,1593.56545569855,0.9869972533557804
1593.6515671041416,1.0030235102648464,1593.6515671041416,0.9986812579125122,1593.6487893168348,0.996062283264364,1593.5668445924362,1.003014798519407
1593.6529559975625,0.9988461498228066,1593.6529559975625,0.9987152080039142,1593.6501782107212,1.0000194042847674,1593.5682334863227,1.005627888366996
1593.6543448909838,1.0035437574054742,1593.6543448909838,0.9987320826595375,1593.6515671041416,1.0017007809471203,1593.5696223802088,1.0160050292461933
1593.6557337844051,0.9978658635487985,1593.6557337844051,0.9987683548563812,1593.6529559975625,0.9975628402841932,1593.57101127363,1.0063933581870137
1593.657122677825,0.9811334707729908,1593.657122677825,0.9986896113399699,1593.6543448909838,1.002271346873547,1593.5724001675171,1.001945317987486
1593.6585115717107,1.0185956709415125,1593.6585115717107,0.9986979551281805,1593.6557337844051,0.9966368469039756,1593.5737890614032,1.0035626697355984
1593.6599004651312,0.9871958556175744,1593.6599004651312,0.9985890611873598,1593.657122677825,0.979847804598914,1593.575177954824,0.9966096624543171
1593.661289358552,0.9993671347418104,1593.661289358552,0.9984477476687842,1593.6585115717107,1.0172694136717055,1593.5765668487102,0.998629676175084
1593.6626782519734,0.9893432330834624,1593.6626782519734,0.9984439922715395,1593.6599004651312,0.985802982669206,1593.5779557425972,1.0044729797794745
1593.6640671453947,1.008644368122524,1593.6640671453947,0.9983996292174059,1593.661289358552,0.997815864777167,1593.579344636018,0.9981602831438792
1593.6654560388151,0.9918122587203937,1593.6654560388151,0.9982674995059958,1593.6626782519734,0.9878038073666844,1593.5807335299037,0.9995521023650747
1593.666844932236,0.9961780938850496,1593.666844932236,0.9981703576378046,1593.6640671453947,1.0070301631457526,1593.5821224237898,0.9820530046950682
1593.6682338256564,1.0048362263436115,1593.6682338256564,0.9982270621331834,1593.6654560388151,0.9900939434922011,1593.5835113172109,1.0038075142923628
1593.6696227190778,0.9956625062303079,1593.6696227190778,0.9981038148451551,1593.666844932236,0.9943554442441864,1593.5849002110967,0.988520136066166
1593.6710116124991,0.9861413729950746,1593.6710116124991,0.9981241077799239,1593.6682338256564,1.0030547141479778,1593.5862891049835,1.0039522930129414
1593.6724005059195,0.9955245741061334,1593.6724005059195,0.9982107202053776,1593.6696227190778,0.9937745457667584,1593.587677998405,0.9980635384848008
1593.6737893993395,1.0075637474767314,1593.6737893993395,0.9983089831889744,1593.6710116124991,0.984291478065578,1593.5890668922916,0.9977891723537468
1593.6751782927597,0.981146544472437,1593.6751782927597,0.9983051453400006,1593.6724005059195,0.9937433021006352,1593.590455785712,0.999259715773048
1593.6765671861804,1.0012915661898227,1593.6765671861804,0.9984079861199296,1593.6737893993395,1.0058599402415682,1593.5918446795984,0.9872181116334344
1593.6779560796017,1.005062219775924,1593.6779560796017,0.9983766203227141,1593.6751782927597,0.9794836436793956,1593.5932335730197,1.0168260365278434
1593.679344973023,0.9960908398318087,1593.679344973023,0.9984129581536688,1593.6765671861804,0.9996974961184512,1593.594622466906,1.0053622557016693
1593.6807338664437,1.001802757604958,1593.6807338664437,0.9984959997800495,1593.6779560796017,1.003430622193932,1593.5960113607916,1.0014186038995354
1593.6821227598643,0.9962039725179692,1593.6821227598643,0.998475773824291,1593.679344973023,0.9945100019862484,1593.597400254212,0.9936507396645814
1593.6835116532848,0.9966088765560627,1593.6835116532848,0.9986094790275705,1593.6807338664437,1.000296046037173,1593.5987891480986,1.0000798620087814
1593.6849005467056,1.0015114138814005,1593.6849005467056,0.998668803860058,1593.6821227598643,0.994685532346712,1593.600178041519,1.001474079857888
1593.686289440127,0.9959484321781898,1593.686289440127,0.9986842271904841,1593.6835116532848,0.995223071011902,1593.601566935406,1.007497957091683
1593.687678333548,0.9975204208146997,1593.687678333548,0.9987742576794795,1593.6849005467056,1.0001782057531337,1593.6029558288274,0.9977762566649953
1593.6890672269678,1.0121054510776735,1593.6890672269678,0.9986927900299097,1593.686289440127,0.9946379903114498,1593.604344722714,0.998805083528988
1593.6904561203878,0.9914754881562944,1593.6904561203878,0.9987894476367105,1593.687678333548,0.9962977178193236,1593.6057336161343,0.9887360740814384
1593.6918450138087,1.0031216042444275,1593.6918450138087,0.9986564366720468,1593.6890672269678,1.010782416741242,1593.6071225100209,1.0067974962383823
1593.69323390723,0.989343287473572,1593.69323390723,0.9986659934845069,1593.6904561203878,0.9902752551609632,1593.6085114034422,1.00260481765646
1593.6946228006514,1.0056087727591225,1593.6946228006514,0.9986375825177688,1593.6918450138087,1.0017738468434871,1593.6099002973292,0.9911814444850948
1593.696011693606,1.00237786757871,1593.696011693606,0.9985257078406117,1593.69323390723,0.988023497082023,1593.611289190749,0.997019704820544
1593.697400587027,0.99548351102608,1593.697400587027,0.9983791673581259,1593.6946228006514,1.0042387137868305,1593.6126780841687,0.9965818629718612
1593.6987894804474,0.9936798393875871,1593.6987894804474,0.9983494516359389,1593.696011693606,1.0009000697477943,1593.6140669780552,1.0030154750554845
1593.7001783738683,1.001072673945417,1593.7001783738683,0.998422016429661,1593.697400587027,0.9938699988569616,1593.6154558714757,0.99067994674185
1593.7015672672896,0.9990085135816911,1593.7015672672896,0.9983535466464684,1593.6987894804474,0.9920397227542854,1593.6168447653629,1.0008697486308678
1593.702956160711,0.9896584135619444,1593.702956160711,0.9983461969780623,1593.7001783738683,0.9994929977132158,1593.618233658784,0.9991933537341764
1593.7043450536653,1.000141790342739,1593.7043450536653,0.9982922400301489,1593.7015672672896,0.9973636926642978,1593.6196225522049,0.990962861828792
1593.705733947085,0.9897199676436215,1593.705733947085,0.9983316451100618,1593.702956160711,0.9880217134869096,1593.621011446091,0.9970714290788306
1593.7071228405057,0.9865440120396534,1593.7071228405057,0.9983326830330186,1593.7043450536653,0.9984337882290164,1593.6224003395118,0.9944601843296348
1593.708511733927,0.9876971262615044,1593.708511733927,0.9983213771166297,1593.705733947085,0.9880687634959338,1593.6237892333988,1.0116991231262142
1593.7099006273484,1.0074159961771962,1593.7099006273484,0.9983980723738198,1593.7071228405057,0.9848991304697058,1593.6251781268202,0.9990934724078298
1593.7112895203031,0.9969851969722933,1593.7112895203031,0.9984146522101732,1593.708511733927,0.9860391552635228,1593.62656702024,0.9862129020288732
1593.712678413724,0.997445600195503,1593.712678413724,0.9983986842612109,1593.7099006273484,1.0058021886618642,1593.6279559141258,1.0018681313713746
1593.7140673071444,0.9809162847362287,1593.7140673071444,0.9983781602768382,1593.7112895203031,0.9954046286937832,1593.6293448075462,0.992629785220399
1593.7154562005653,1.0015863012043407,1593.7154562005653,0.9984163646764799,1593.712678413724,0.995848374857324,1593.6307337009666,1.0020575614730662
1593.716845093521,1.0086020018076562,1593.716845093521,0.9985684637407872,1593.7140673071444,0.9793253957405472,1593.6321225948536,1.0043401941984509
1593.7182339869423,1.0027897862302344,1593.7182339869423,0.9984544623611923,1593.7154562005653,1.0000001537581995,1593.633511488275,1.007371813864875
1593.7196228803623,1.0201804205963585,1593.7196228803623,0.998406025175403,1593.716845093521,1.007158151470954,1593.6349003816958,1.010727863332086
1593.7210117737825,0.9973311195163022,1593.7210117737825,0.9984158522579931,1593.7182339869423,1.0012399368718037,1593.6362892751165,1.004269034903757
1593.722400666737,1.0041520286132521,1593.722400666737,0.9985064095023932,1593.7196228803623,1.018554278689381,1593.6376781690028,0.9981580690258074
1593.7237895601584,1.0027644325922682,1593.7237895601584,0.9984685442886992,1593.7210117737825,0.9957511996752872,1593.639067062424,1.0028789992776748
1593.7251784535797,0.9989501825418187,1593.7251784535797,0.9984971759773448,1593.722400666737,1.002652236685163,1593.6404559558457,0.991396090931492
1593.7265673465347,0.9942869722010235,1593.7265673465347,0.9984922627032948,1593.7237895601584,1.0012287432748854,1593.6418448492657,0.9904748948070966
1593.7279562399551,0.9971388740398509,1593.7279562399551,0.9984381078129878,1593.7251784535797,0.997448936210059,1593.643233743151,0.9992558410664226
1593.7293451333758,1.0014587662464907,1593.7293451333758,0.9983957508451003,1593.7265673465347,0.992787848649408,1593.6446226365715,1.003741582776449
1593.730734026331,1.0003220358912752,1593.730734026331,0.9985125561960555,1593.7279562399551,0.995581450623122,1593.6460115299924,1.0028445574410034
1593.7321229197523,1.0071989813410778,1593.7321229197523,0.9983691804543056,1593.7293451333758,0.9998521768670728,1593.6474004234135,1.0034584216763882
1593.733511812708,0.9935642066545392,1593.733511812708,0.9983811455099054,1593.730734026331,0.9988341130770396,1593.6487893168348,0.996062283264364
1593.734900706128,1.0119004141580283,1593.734900706128,0.9985072529597336,1593.7321229197523,1.0055564215559032,1593.6501782107212,1.0000194042847674
1593.736289599548,1.0014988947034613,1593.736289599548,0.9985824155790227,1593.733511812708,0.9919557707773992,1593.6515671041416,1.0017007809471203
1593.7376784925027,0.9816809487987581,1593.7376784925027,0.9985718937429804,1593.734900706128,1.0103899028097496,1593.6529559975625,0.9975628402841932
1593.739067385924,0.9837285695985742,1593.739067385924,0.9985660589538103,1593.736289599548,1.0000791854727038,1593.6543448909838,1.002271346873547
1593.7404562788795,0.9971967590375249,1593.7404562788795,0.9985960790393269,1593.7376784925027,0.9802790040933816,1593.6557337844051,0.9966368469039756
1593.7418451723006,1.0135625459003172,1593.7418451723006,0.9986331797815005,1593.739067385924,0.9823179608243174,1593.657122677825,0.979847804598914
1593.7432340652554,0.9869435444023796,1593.7432340652554,0.9986909876334721,1593.7404562788795,0.9957967736055968,1593.6585115717107,1.0172694136717055
1593.744622958676,1.0116629806172315,1593.744622958676,0.9987374040977495,1593.7418451723006,1.012177188119867,1593.6599004651312,0.985802982669206
1593.746011851631,0.996721966828078,1593.746011851631,0.9986785762077994,1593.7432340652554,0.985651623097692,1593.661289358552,0.997815864777167
1593.7474007450523,1.0042128458293105,1593.7474007450523,0.9987868290133832,1593.744622958676,1.0103856590834457,1593.6626782519734,0.9878038073666844
1593.748789638008,1.003573012311671,1593.748789638008,0.9987618630921501,1593.746011851631,0.9954048747069024,1593.6640671453947,1.0070301631457526
1593.7501785314284,0.9968650006356287,1593.7501785314284,0.998805513722947,1593.7474007450523,1.0029945639403626,1593.6654560388151,0.9900939434922011
1593.7515674243828,1.0034516897900103,1593.7515674243828,0.9988194268263226,1593.748789638008,1.002330451525406,1593.666844932236,0.9943554442441864
1593.7529563178027,0.9986694691385807,1593.7529563178027,0.9987344233704775,1593.7501785314284,0.995674259072295,1593.6682338256564,1.0030547141479778
1593.7543452107584,0.9913952261418236,1593.7543452107584,0.9987250174009803,1593.7515674243828,1.002267041643963,1593.6696227190778,0.9937745457667584
1593.7557341041795,1.0012043964017447,1593.7557341041795,0.9987026048836187,1593.7529563178027,0.9974055763978212,1593.6710116124991,0.984291478065578
1593.757122997135,1.0025661605163292,1593.757122997135,0.9986904829980104,1593.7543452107584,0.9901312144797416,1593.6724005059195,0.9937433021006352
1593.7585118905554,0.9985023619746495,1593.7585118905554,0.9986474878204505,1593.7557341041795,0.9999054387073536,1593.6737893993395,1.0058599402415682
1593.7599007835106,0.9906724358220851,1593.7599007835106,0.9986363686202747,1593.757122997135,1.0012532830835137,1593.6751782927597,0.9794836436793956
1593.761289676931,0.989060477411711,1593.761289676931,0.998581247160547,1593.7585118905554,0.9971518753687698,1593.6765671861804,0.9996974961184512
1593.7626785698867,1.0019998403214556,1593.7626785698867,0.9985130877099097,1593.7599007835106,0.9893215238015692,1593.6779560796017,1.003430622193932
1593.7640674628424,1.00803184596751,1593.7640674628424,0.9983967762594753,1593.761289676931,0.9876572450509924,1593.679344973023,0.9945100019862484
1593.765456356263,0.9932817662316338,1593.765456356263,0.9984867703729278,1593.7626785698867,1.000509954444213,1593.6807338664437,1.000296046037173
1593.766845249217,0.993507827338205,1593.766845249217,0.9984970446321834,1593.7640674628424,1.00641574538085,1593.6821227598643,0.994685532346712
1593.768234142637,1.0015330703299916,1593.768234142637,0.9985496916395838,1593.765456356263,0.9917787028349414,1593.6835116532848,0.995223071011902
1593.7696230355928,0.9973142259270211,1593.7696230355928,0.9985285363227552,1593.766845249217,0.9920146294161392,1593.6849005467056,1.0001782057531337
1593.7710119285484,1.0076676995084883,1593.7710119285484,0.9984464145782688,1593.768234142637,1.0000805385448588,1593.686289440127,0.9946379903114498
1593.7724008219693,1.006351519697792,1593.7724008219693,0.9983609090142286,1593.7696230355928,0.99584671426877,1593.687678333548,0.9962977178193236
1593.773789714924,0.989720014942815,1593.773789714924,0.9984111392868351,1593.7710119285484,1.0061022016605825,1593.6890672269678,1.010782416741242
1593.7751786078793,1.0030963006650777,1593.7751786078793,0.9983642086010366,1593.7724008219693,1.004702017993338,1593.6904561203878,0.9902752551609632
1593.7765675012995,1.0095818546331585,1593.7765675012995,0.9983203438779487,1593.773789714924,0.9881474876940394,1593.6918450138087,1.0017738468434871
1593.7779563942554,1.0152519852724071,1593.7779563942554,0.9982516785353495,1593.7751786078793,1.0014554443641177,1593.69323390723,0.988023497082023
1593.779345287211,1.0013598091502582,1593.779345287211,0.9982226325843074,1593.7765675012995,1.007886104290312,1593.6946228006514,1.0042387137868305
1593.7807341801663,0.9983982544508461,1593.7807341801663,0.9983144938927702,1593.7779563942554,1.0134769984345262,1593.696011693606,1.0009000697477943
1593.782123073586,1.0106878107835018,1593.782123073586,0.9983609410250357,1593.779345287211,0.9995800248540904,1593.697400587027,0.9938699988569616
1593.78351196654,0.9902447951299327,1593.78351196654,0.9983562969484168,1593.7807341801663,0.9967154480955216,1593.6987894804474,0.9920397227542854
1593.7849008594958,0.9913772472465876,1593.7849008594958,0.9983833699122272,1593.782123073586,1.00903123385635,1593.7001783738683,0.9994929977132158
1593.7862897524517,1.0050077865071259,1593.7862897524517,0.9984295928913001,1593.78351196654,0.9886171267383632,1593.7015672672896,0.9973636926642978
1593.7876786458723,1.001562221384035,1593.7876786458723,0.9984686162433105,1593.7849008594958,0.9897745569603554,1593.702956160711,0.9880217134869096
1593.789067538827,0.9924791537665154,1593.789067538827,0.9984629844157232,1593.7862897524517,1.0034295151348962,1593.7043450536653,0.9984337882290164
1593.7904564317823,0.9943805258942706,1593.7904564317823,0.998462956305255,1593.7876786458723,1.0000284452668935,1593.705733947085,0.9880687634959338
1593.791845324737,1.0052787449710356,1593.791845324737,0.9984436230595836,1593.789067538827,0.9909536978401065,1593.7071228405057,0.9848991304697058
1593.7932342181584,0.9939821932158326,1593.7932342181584,0.9983330579311341,1593.7904564317823,0.9928521195767676,1593.708511733927,0.9860391552635228
1593.794623111114,1.0213449820069356,1593.794623111114,0.998448372454222,1593.791845324737,1.003714152313672,1593.7099006273484,1.0058021886618642
1593.796012004069,1.0111177936129265,1593.796012004069,0.9985244587157064,1593.7932342181584,0.9923252824822576,1593.7112895203031,0.9954046286937832
1593.7974008970236,1.0079385118103985,1593.7974008970236,0.9985328553605349,1593.794623111114,1.0197602349991115,1593.712678413724,0.995848374857324
1593.798789789978,0.9946500781380919,1593.798789789978,0.9985475457609879,1593.796012004069,1.0096258475651667,1593.7140673071444,0.9793253957405472
1593.8001786829336,1.0022269581772498,1593.8001786829336,0.9986720097328644,1593.7974008970236,1.0064597202258856,1593.7154562005653,1.0000001537581995
1593.801567576355,0.9800827554846948,1593.801567576355,0.9986499829658796,1593.798789789978,0.9932053944157666,1593.716845093521,1.007158151470954
1593.8029564693095,1.000228007072469,1593.8029564693095,0.998619951386964,1593.8001786829336,1.0008960105313296,1593.7182339869423,1.0012399368718037
1593.8043453622645,1.005928708198862,1593.8043453622645,0.998695615056584,1593.801567576355,0.9787596270699428,1593.7196228803623,1.018554278689381
1593.8057342552197,1.0002338568966564,1593.8057342552197,0.998736658379665,1593.8029564693095,0.9988476437985888,1593.7210117737825,0.9957511996752872
1593.8071231481745,1.005154765017403,1593.8071231481745,0.9988121997824355,1593.8043453622645,1.0046165899377375,1593.722400666737,1.002652236685163
1593.80851204113,1.0046121268101527,1593.80851204113,0.9989204650082549,1593.8057342552197,0.9989702198351706,1593.7237895601584,1.0012287432748854
1593.8099009340858,1.0097818235533516,1593.8099009340858,0.9989850948020733,1593.8071231481745,1.0039608419688295,1593.7251784535797,0.997448936210059
1593.811289827041,1.0001531326570279,1593.811289827041,0.9990546346043697,1593.80851204113,1.0035276128661297,1593.7265673465347,0.992787848649408
1593.8126787199951,0.9847467766619075,1593.8126787199951,0.9990197020002091,1593.8099009340858,1.0087569907318554,1593.7279562399551,0.995581450623122
1593.8140676129497,1.0004942257202454,1593.8140676129497,0.9989577723748244,1593.811289827041,0.9992076224950828,1593.7293451333758,0.9998521768670728
1593.815456505905,0.9890745417468929,1593.815456505905,0.9990986471499186,1593.8126787199951,0.9837814313664452,1593.730734026331,0.9988341130770396
1593.816845398861,1.0094138121214398,1593.816845398861,0.9991394013258383,1593.8140676129497,0.999451482999371,1593.7321229197523,1.0055564215559032
1593.8182342918158,0.9991689913155719,1593.8182342918158,0.9992444880269072,1593.815456505905,0.9881830365897464,1593.733511812708,0.9919557707773992
1593.819623184771,0.9941785356441406,1593.819623184771,0.9991366594889446,1593.816845398861,1.0085451119330475,1593.734900706128,1.0103899028097496
1593.8210120777258,0.9920944484817295,1593.8210120777258,0.9991117092675782,1593.8182342918158,0.99841410717949,1593.736289599548,1.0000791854727038
1593.8224009706803,1.0010167049072163,1593.8224009706803,0.9991785728607802,1593.819623184771,0.9933202210390972,1593.7376784925027,0.9802790040933816
1593.8237898636362,1.002419128050417,1593.8237898636362,0.9992489050483385,1593.8210120777258,0.991213180177456,1593.739067385924,0.9823179608243174
1593.825178756592,0.9921739891265624,1593.825178756592,0.9992121846533948,1593.8224009706803,1.000194442618993,1593.7404562788795,0.9957967736055968
1593.826567649547,1.0036577119654277,1593.826567649547,0.9991550023706058,1593.8237898636362,1.0016662161038896,1593.7418451723006,1.012177188119867
1593.8279565425014,0.9937060133743136,1593.8279565425014,0.9992081609530319,1593.825178756592,0.991392339231426,1593.7432340652554,0.985651623097692
1593.8293454354557,1.0065357126685583,1593.8293454354557,0.9992916476760065,1593.826567649547,1.002809623578094,1593.744622958676,1.0103856590834457
1593.8307343284105,0.9937040640992393,1593.8307343284105,0.9993766749638658,1593.8279565425014,0.9929191581517168,1593.746011851631,0.9954048747069024
1593.832123221366,1.0053663793016798,1593.832123221366,0.9994793979569196,1593.8293454354557,1.005822730757307,1593.7474007450523,1.0029945639403626
1593.8335121143218,0.9967373367181837,1593.8335121143218,0.9996250894100378,1593.8307343284105,0.993084663477578,1593.748789638008,1.002330451525406
1593.834901007277,1.0113213810046497,1593.834901007277,0.9996239105471072,1593.832123221366,1.004842983510571,1593.7501785314284,0.995674259072295
1593.8362899002318,0.9969043585002745,1593.8362899002318,0.9995916117349619,1593.8335121143218,0.9963636493352372,1593.7515674243828,1.002267041643963
1593.837678793187,0.9961849101486887,1593.837678793187,0.9995577137976625,1593.834901007277,1.0109410336997688,1593.7529563178027,0.9974055763978212
1593.839067685677,1.01095459243222,1593.839067685677,0.9995603044715091,1593.8362899002318,0.9964972344588976,1593.7543452107584,0.9901312144797416
1593.8404565786327,1.0078813020612087,1593.8404565786327,0.9995464258496366,1593.837678793187,0.995744311307953,1593.7557341041795,0.9999054387073536
1593.8418454715877,0.9913847124058645,1593.8418454715877,0.9994112621479397,1593.839067685677,1.0105100802184204,1593.757122997135,1.0012532830835137
1593.8432343645418,0.9989201523987207,1593.8432343645418,0.9993725462881952,1593.8404565786327,1.0074241531559591,1593.7585118905554,0.9971518753687698
1593.844623257496,1.003164721229847,1593.844623257496,0.999378959481682,1593.8418454715877,0.9908010466997172,1593.7599007835106,0.9893215238015692
1593.8460121504509,1.0015671809210678,1593.8460121504509,0.9994386930914922,1593.8432343645418,0.9982933762413014,1593.761289676931,0.9876572450509924
1593.8474010429409,0.9986484266830878,1593.8474010429409,0.9993875300770078,1593.844623257496,1.002541715291416,1593.7626785698867,1.000509954444213
1593.8487899358963,1.0137519910581638,1593.8487899358963,0.9993186762662906,1593.8460121504509,1.001004994343082,1593.7640674628424,1.00641574538085
1593.8501788288518,1.0068338089685058,1593.8501788288518,0.9993551523493471,1593.8474010429409,0.998036784558101,1593.765456356263,0.9917787028349414
1593.8515677218063,0.9931908130087393,1593.8515677218063,0.9994750674633113,1593.8487899358963,1.0130612977665607,1593.766845249217,0.9920146294161392
1593.8529566147618,0.9948617639166232,1593.8529566147618,0.9994832758637098,1593.8501788288518,1.0061845545521946,1593.768234142637,1.0000805385448588
1593.8543455072518,1.001502767023336,1593.8543455072518,0.9995337411413479,1593.8515677218063,0.9926694548358508,1593.7696230355928,0.99584671426877
1593.8557344002074,0.990936670324044,1593.8557344002074,0.999595632322291,1593.8529566147618,0.9943476948309352,1593.7710119285484,1.0061022016605825
1593.8571232931622,1.0057955837535553,1593.8571232931622,0.9995733881391877,1593.8543455072518,1.0010358074862469,1593.7724008219693,1.004702017993338
1593.8585121861174,1.0075415163828496,1593.8585121861174,0.9996535665517414,1593.8557344002074,0.9905359675639084,1593.773789714924,0.9881474876940394
1593.8599010786058,1.004044060277766,1593.8599010786058,0.9995039481326669,1593.8571232931622,1.0053664994279734,1593.7751786078793,1.0014554443641177
1593.86128997156,0.995956597252944,1593.86128997156,0.9995209439156316,1593.8585121861174,1.0071924703010655,1593.7765675012995,1.007886104290312
1593.8626788645156,1.007411826972056,1593.8626788645156,0.9995028277720311,1593.8599010786058,1.0035460023467806,1593.7779563942554,1.0134769984345262
1593.8640677570056,0.9943845450165307,1593.8640677570056,0.9996476892120469,1593.86128997156,0.9954794781852632,1593.779345287211,0.9995800248540904
1593.8654566499608,1.007853944514897,1593.8654566499608,0.9996935310789912,1593.8626788645156,1.0069109697895582,1593.7807341801663,0.9967154480955216
1593.8668455429156,1.0076302717405128,1593.8668455429156,0.9996532858004212,1593.8640677570056,0.9940342126139476,1593.782123073586,1.00903123385635
1593.8682344354052,0.9970299620072035,1593.8682344354052,0.9996912113284471,1593.8654566499608,1.007545068603987,1593.78351196654,0.9886171267383632
1593.8696233283608,0.9883714055228647,1593.8696233283608,0.999670462181499,1593.8668455429156,1.007280912017375,1593.7849008594958,0.9897745569603554
1593.8710122213165,1.01304873611184,1593.8710122213165,0.9997027126488087,1593.8682344354052,0.9967220904497368,1593.7862897524517,1.0034295151348962
1593.8724011138056,1.003633220988933,1593.8724011138056,0.9996408885204737,1593.8696233283608,0.98804569976602,1593.7876786458723,1.0000284452668935
1593.8737900067608,1.0059799935566576,1593.8737900067608,0.999547154308085,1593.8710122213165,1.0127475695364538,1593.789067538827,0.9909536978401065
1593.8751788992497,0.9923504433437013,1593.8751788992497,0.9995540666899165,1593.8724011138056,1.003272804778042,1593.7904564317823,0.9928521195767676
1593.8765677922038,0.9942688469164181,1593.8765677922038,0.9994834262572942,1593.8737900067608,1.0055244398504228,1593.791845324737,1.003714152313672
1593.8779566851597,0.9914711725772261,1593.8779566851597,0.9995464955190128,1593.8751788992497,0.9919079212257382,1593.7932342181584,0.9923252824822576
1593.8793455776492,0.9989995455852839,1593.8793455776492,0.999549418022972,1593.8765677922038,0.9937552337369108,1593.794623111114,1.0197602349991115
1593.8807344706042,1.0185284401467858,1593.8807344706042,0.9996158411632093,1593.8779566851597,0.9910215359576926,1593.796012004069,1.0096258475651667
1593.8821233630931,1.020285946630015,1593.8821233630931,0.9995539428262925,1593.8793455776492,0.998549414394984,1593.7974008970236,1.0064597202258856
1593.8835122560486,1.0066542210119445,1593.8835122560486,0.9995453520080263,1593.8807344706042,1.0181371634459808,1593.798789789978,0.9932053944157666
1593.8849011485386,0.9982962588049529,1593.8849011485386,0.999583782805992,1593.8821233630931,1.0198308407642878,1593.8001786829336,1.0008960105313296
1593.8862900414942,0.9858037444874039,1593.8862900414942,0.9996126027669622,1593.8835122560486,1.0061965476917496,1593.801567576355,0.9787596270699428
1593.8876789339834,0.9837512611506356,1593.8876789339834,0.9995829064824542,1593.8849011485386,0.9978807507373244,1593.8029564693095,0.9988476437985888
1593.8890678269386,1.000920018848754,1593.8890678269386,0.9995088341283439,1593.8862900414942,0.9854218468444712,1593.8043453622645,1.0046165899377375
1593.8904567194272,0.9926075396448917,1593.8904567194272,0.9996458103078073,1593.8876789339834,0.9833409448767322,1593.8057342552197,0.9989702198351706
1593.8918456123815,1.0082160766868409,1593.8918456123815,0.9997823983324851,1593.8890678269386,1.000428401095238,1593.8071231481745,1.0039608419688295
1593.8932345048715,1.0014015746857086,1593.8932345048715,0.999843194706408,1593.8904567194272,0.9922559682859567,1593.80851204113,1.0035276128661297
1593.8946233978272,0.9941459965963723,1593.8946233978272,0.9998165981204519,1593.8918456123815,1.0079966871873385,1593.8099009340858,1.0087569907318554
1593.8960122903163,0.9943312353689996,1593.8960122903163,0.9997384580965981,1593.8932345048715,1.0012445496177864,1593.811289827041,0.9992076224950828
1593.8974011832715,1.0016131756856443,1593.8974011832715,0.9997420654065844,1593.8946233978272,0.9939636683520512,1593.8126787199951,0.9837814313664452
1593.8987900757606,0.9951659696284242,1593.8987900757606,0.9998916257024889,1593.8960122903163,0.9940711760850892,1593.8140676129497,0.999451482999371
1593.9001789687163,0.9971563044262335,1593.9001789687163,0.9999455369061842,1593.8974011832715,1.001354824998414,1593.815456505905,0.9881830365897464
1593.9015678612063,0.9862177464570218,1593.9015678612063,0.9999189429179965,1593.8987900757606,0.9950581192155588,1593.816845398861,1.0085451119330475
1593.9029567536954,0.9993291057537191,1593.9029567536954,0.9998293841622031,1593.9001789687163,0.9971019962088764,1593.8182342918158,0.99841410717949
1593.9043456466509,1.0096272491861802,1593.9043456466509,0.9998488782044945,1593.9015678612063,0.986137806524274,1593.819623184771,0.9933202210390972
1593.9057345391393,0.9980326116262731,1593.9057345391393,0.9998057502061826,1593.9029567536954,0.9991586043811062,1593.8210120777258,0.991213180177456
1593.9071234320936,1.0032665929779707,1593.9071234320936,0.9997695005846512,1593.9043456466509,1.009474672503492,1593.8224009706803,1.000194442618993
1593.9085123245836,0.9934024473345806,1593.9085123245836,0.9997684536842165,1593.9057345391393,0.9978387439972416,1593.8237898636362,1.0016662161038896
1593.9099012170736,1.003030828737297,1593.9099012170736,0.9998787361806131,1593.9071234320936,1.0030353406148502,1593.825178756592,0.991392339231426
1593.9112901100284,0.9946919604047821,1593.9112901100284,0.9998366711652316,1593.9085123245836,0.99317242865781,1593.826567649547,1.002809623578094
1593.912679002518,1.0140795540494099,1593.912679002518,0.9999082296404685,1593.9099012170736,1.0029091973880415,1593.8279565425014,0.9929191581517168
1593.914067895007,0.9900629262515409,1593.914067895007,1.0000245574119793,1593.9112901100284,0.9945294985259356,1593.8293454354557,1.005822730757307
1593.9154567879627,0.9909598160917684,1593.9154567879627,1.0001569931175078,1593.912679002518,1.0139864916041412,1593.8307343284105,0.993084663477578
1593.9168456804528,0.9894151896113041,1593.9168456804528,1.0001101534504946,1593.914067895007,0.9900872396347062,1593.832123221366,1.004842983510571
1593.918234572942,1.0074481674338376,1593.918234572942,1.000099725587503,1593.9154567879627,0.9911153899626216,1593.8335121143218,0.9963636493352372
1593.9196234654314,0.9991256167337432,1593.9196234654314,0.9999782922507547,1593.9168456804528,0.9895241771084116,1593.834901007277,1.0109410336997688
1593.9210123583855,0.994891749204341,1593.9210123583855,0.9999015258842863,1593.918234572942,1.0075486357942138,1593.8362899002318,0.9964972344588976
1593.9224012508744,1.0107885460008488,1593.9224012508744,0.9997968532750056,1593.9196234654314,0.9991039279653906,1593.837678793187,0.995744311307953
1593.9237901433644,1.0138672602965237,1593.9237901433644,0.9999254837567275,1593.9210123583855,0.9947937781191072,1593.839067685677,1.0105100802184204
1593.92517903632,0.9982225549754338,1593.92517903632,0.9998520987297478,1593.9224012508744,1.0105832076180667,1593.8404565786327,1.0074241531559591
1593.9265679288092,1.0000688434665503,1593.9265679288092,0.9998562861840871,1593.9237901433644,1.0137917107171095,1593.8418454715877,0.9908010466997172
1593.9279568212987,1.002427700517411,1593.9279568212987,0.9998316314420577,1593.92517903632,0.9980749165915584,1593.8432343645418,0.9982933762413014
1593.9293457137878,1.005823932562961,1593.9293457137878,0.99971807852856,1593.9265679288092,0.99992511975688,1593.844623257496,1.002541715291416
1593.9307346062778,1.003896184127324,1593.9307346062778,0.9997096849724393,1593.9279568212987,1.0022589232110333,1593.8460121504509,1.001004994343082
1593.9321234992335,1.0104463741001237,1593.9321234992335,0.9997220681253618,1593.9293457137878,1.0055403691998832,1593.8474010429409,0.998036784558101
1593.933512391723,1.014997731173163,1593.933512391723,0.9996638191113858,1593.9307346062778,1.003604737978961,1593.8487899358963,1.0130612977665607
1593.9349012842122,1.0029562040523836,1593.9349012842122,0.9995454632351733,1593.9321234992335,1.0101655388451487,1593.8501788288518,1.0061845545521946
1593.9362901767008,0.9912559850627656,1593.9362901767008,0.9996114705521952,1593.933512391723,1.0146565083339558,1593.8515677218063,0.9926694548358508
1593.9376790691897,1.001134216834731,1593.9376790691897,0.9996411008082368,1593.9349012842122,1.0025003235841308,1593.8529566147618,0.9943476948309352
1593.9390679616797,1.013169541101493,1593.9390679616797,0.9995667591134071,1593.9362901767008,0.990870852922256,1593.8543455072518,1.0010358074862469
1593.9404568541695,1.0074205118753747,1593.9404568541695,0.9995859696607269,1593.9376790691897,1.0007749105734625,1593.8557344002074,0.9905359675639084
1593.9418457471245,1.003828428659555,1593.9418457471245,0.999533129137871,1593.9390679616797,1.0127305946312373,1593.8571232931622,1.0053664994279734
1593.9432346396138,0.9897248513403375,1593.9432346396138,0.9995420260476156,1593.9404568541695,1.0070034092190523,1593.8585121861174,1.0071924703010655
1593.944623532103,0.9986135260993682,1593.944623532103,0.9996218818276508,1593.9418457471245,1.003359770415637,1593.8599010786058,1.0035460023467806
1593.946012424593,1.0019972625018176,1593.946012424593,0.9996558028162521,1593.9432346396138,0.989271583138396,1593.86128997156,0.9954794781852632
1593.947401317083,1.00147512540882,1593.947401317083,0.9996860583419562,1593.944623532103,0.9982359321779962,1593.8626788645156,1.0069109697895582
1593.9487902095725,0.995415087449919,1593.9487902095725,0.999721833667592,1593.946012424593,1.0016523778659414,1593.8640677570056,0.9940342126139476
1593.9501791020616,0.9871325890798026,1593.9501791020616,0.999776483143699,1593.947401317083,1.0011607206474598,1593.8654566499608,1.007545068603987
1593.9515679945505,0.9974256739040873,1593.9515679945505,0.9997075511515672,1593.9487902095725,0.9951381964858196,1593.8668455429156,1.007280912017375
1593.952956887039,1.0130119781793374,1593.952956887039,0.9997898046594681,1593.9501791020616,0.9869119483067392,1593.8682344354052,0.9967220904497368
1593.954345779529,1.001012395564224,1593.954345779529,0.9997314816865851,1593.9515679945505,0.9971339779143568,1593.8696233283608,0.98804569976602
1593.955734672019,1.0029815730053493,1593.955734672019,0.9998599577980362,1593.952956887039,1.012799047781621,1593.8710122213165,1.0127475695364538
1593.957123564508,1.0147470750380116,1593.957123564508,0.999747346355932,1593.954345779529,1.0007436054040597,1593.8724011138056,1.003272804778042
1593.9585124569976,1.0059092572888482,1593.9585124569976,0.9997207731278157,1593.955734672019,1.0028411132573365,1593.8737900067608,1.0055244398504228
1593.9599013494867,0.9844573930359062,1593.9599013494867,0.9995881281933572,1593.957123564508,1.014490695491696,1593.8751788992497,0.9919079212257382
1593.9612902419767,0.9908612687406775,1593.9612902419767,0.999650967009083,1593.9585124569976,1.0056283803932342,1593.8765677922038,0.9937552337369108
1593.9626791344667,0.9942206098546446,1593.9626791344667,0.9997003037482362,1593.9599013494867,0.9840519227908736,1593.8779566851597,0.9910215359576926
1593.9640680269565,0.9988361045740558,1593.9640680269565,0.9996909319238505,1593.9612902419767,0.990515425468465,1593.8793455776492,0.998549414394984
1593.9654569194454,0.9848578911331616,1593.9654569194454,0.9996056054589945,1593.9626791344667,0.9939226456644448,1593.8807344706042,1.0181371634459808
1593.966845811934,0.9971106191010943,1593.966845811934,0.9996017717596836,1593.9640680269565,0.9985273962208264,1593.8821233630931,1.0198308407642878
1593.968234704423,1.0178056536123619,1593.968234704423,0.9996029994616391,1593.9654569194454,0.9844694685572324,1593.8835122560486,1.0061965476917496
1593.9696235969127,1.0030665348121934,1593.9696235969127,0.999639331675864,1593.966845811934,0.9967135414938488,1593.8849011485386,0.9978807507373244
1593.9710124894027,0.9971691260145358,1593.9710124894027,0.9995473778894592,1593.968234704423,1.017401584219931,1593.8862900414942,0.9854218468444712
1593.9724013818925,0.99162352899707,1593.9724013818925,0.9995307364759699,1593.9696235969127,1.002704760486086,1593.8876789339834,0.9833409448767322
1593.9737902739157,1.002840087077059,1593.9737902739157,0.9993830099355435,1593.9710124894027,0.996717785220153,1593.8890678269386,1.000428401095238
1593.975179166405,1.0100407142976113,1593.975179166405,0.9993532404826991,1593.9724013818925,0.9911581962453416,1593.8904567194272,0.9922559682859567
1593.9765680588948,0.9971161182680102,1593.9765680588948,0.9994430428804272,1593.9737902739157,1.0022213447070938,1593.8918456123815,1.0079966871873385
1593.9779569513848,1.0063846781487458,1593.9779569513848,0.9994089221954278,1593.975179166405,1.009387460852778,1593.8932345048715,1.0012445496177864
1593.9793458438744,1.0070062583742094,1593.9793458438744,0.9993451300183113,1593.9765680588948,0.9965607673469,1593.8946233978272,0.9939636683520512
1593.9807347363635,1.003336908066185,1593.9807347363635,0.9993517490994687,1593.9779569513848,1.0057898265026304,1593.8960122903163,0.9940711760850892
1593.9821236283865,1.002537338069084,1593.9821236283865,0.9992913227553165,1593.9793458438744,1.0063468002042275,1593.8974011832715,1.001354824998414
1593.9835125208751,0.9870593593867415,1593.9835125208751,0.999174347853677,1593.9807347363635,1.0026864940119946,1593.8987900757606,0.9950581192155588
1593.9849014133652,1.0028932629060587,1593.9849014133652,0.9991014587932752,1593.9821236283865,1.001826862670649,1593.9001789687163,0.9971019962088764
1593.9862903058552,0.9884459177583758,1593.9862903058552,0.9991299306350853,1593.9835125208751,0.9862443917081156,1593.9015678612063,0.986137806524274
1593.9876791983447,1.0144963930605384,1593.9876791983447,0.9990242714922463,1593.9849014133652,1.001992121983391,1593.9029567536954,0.9991586043811062
1593.9890680903682,1.0019204652951794,1593.9890680903682,0.9989885582652585,1593.9862903058552,0.9875859012464592,1593.9043456466509,1.009474672503492
1593.9904569828575,1.0058969213824445,1593.9904569828575,0.9989546863914868,1593.9876791983447,1.0135065200088158,1593.9057345391393,0.9978387439972416
1593.9918458753468,0.9967723597227006,1593.9918458753468,0.9988292368740314,1593.9890680903682,1.0009070811216882,1593.9071234320936,1.0030353406148502
1593.9932347678368,1.0071117190579448,1593.9932347678368,0.998771167552387,1593.9904569828575,1.0048454436417618,1593.9085123245836,0.99317242865781
1593.9946236598612,1.0002474651264162,1593.9946236598612,0.9989302854786186,1593.9918458753468,0.9956053753989526,1593.9099012170736,1.0029091973880415
1593.9960125523503,0.9968939214672524,1593.9960125523503,0.9988593320021127,1593.9932347678368,1.0058741474991952,1593.9112901100284,0.9945294985259356
1593.997401444839,0.9873733426780843,1593.997401444839,0.9987980594556728,1593.9946236598612,0.9991774858879956,1593.912679002518,1.0139864916041412
1593.998790336862,0.99779961788198,1593.998790336862,0.9987203246632946,1593.9960125523503,0.9957567964737464,1593.914067895007,0.9900872396347062
1594.000179229352,0.9948818790440777,1594.000179229352,0.9988211321414345,1593.997401444839,0.9861865786251316,1593.9154567879627,0.9911153899626216
1594.001568121842,1.0060232092759995,1594.001568121842,0.9988331984654935,1593.998790336862,0.9965227583200024,1593.9168456804528,0.9895241771084116
1594.002957013866,0.9919875044503905,1594.002957013866,0.9988273329966544,1594.000179229352,0.9937090447738034,1593.918234572942,1.0075486357942138
1594.004345906355,1.010061663737941,1594.004345906355,0.9987900386199083,1594.001568121842,1.0048493798516671,1593.9196234654314,0.9991039279653906
1594.0057347988443,0.99531563572026,1594.0057347988443,0.9986765208229998,1594.002957013866,0.9908242334361904,1593.9210123583855,0.9947937781191072
1594.007123690868,0.9975306232708423,1594.007123690868,0.9985895573524806,1594.004345906355,1.008839528133307,1593.9224012508744,1.0105832076180667
1594.008512583358,0.9975584101728141,1594.008512583358,0.9984572385148023,1594.0057347988443,0.9939983562018416,1593.9237901433644,1.0137917107171095
1594.0099014753823,0.9958030567142553,1594.0099014753823,0.9983838510185193,1594.007123690868,0.9961236635375744,1593.92517903632,0.9980749165915584
1594.011290367872,0.9990523338598993,1594.011290367872,0.9985363653402233,1594.008512583358,0.9960194154783644,1593.9265679288092,0.99992511975688
1594.0126792603603,0.9996917111825908,1594.0126792603603,0.9986675548163529,1594.0099014753823,0.9941936906183912,1593.9279568212987,1.0022589232110333
1594.014068152383,1.0111948003241695,1594.014068152383,0.9986522935395069,1594.011290367872,0.9975900862371312,1593.9293457137878,1.0055403691998832
1594.015457044873,1.0122550471409946,1594.015457044873,0.9987362235517929,1594.0126792603603,0.9983596767768936,1593.9307346062778,1.003604737978961
1594.0168459368974,1.0094665958951266,1594.0168459368974,0.9985962117060356,1594.014068152383,1.0098320065589557,1593.9321234992335,1.0101655388451487
1594.018234829387,0.9828687001044699,1594.018234829387,0.9985126086833469,1594.015457044873,1.010975783052839,1593.933512391723,1.0146565083339558
1594.0196237214104,0.9984451329120858,1594.0196237214104,0.9986258200881808,1594.0168459368974,1.008049518504661,1593.9349012842122,1.0025003235841308
1594.0210126139,1.0065569681791375,1594.0210126139,0.9986425938409642,1594.018234829387,0.9814067897345244,1593.9362901767008,0.990870852922256
1594.0224015059234,1.012042466449884,1594.0224015059234,0.9985619337395032,1594.0196237214104,0.9970730896673844,1593.9376790691897,1.0007749105734625
1594.0237903984134,1.0106935908658612,1594.0237903984134,0.9985404666268565,1594.0210126139,1.0051906615511108,1593.9390679616797,1.0127305946312373
1594.0251792904378,1.0054431761699842,1594.0251792904378,0.9985139460227258,1594.0224015059234,1.0105870823246923,1593.9404568541695,1.0070034092190523
1594.0265681829271,0.9999436574867923,1594.0265681829271,0.998588579473436,1594.0237903984134,1.00921844983997,1593.9418457471245,1.003359770415637
1594.0279570749503,1.0030595240887623,1594.0279570749503,0.998530557011569,1594.0251792904378,1.0039490333391137,1593.9432346396138,0.989271583138396
1594.029345967439,0.991063760037426,1594.029345967439,0.9985186461485928,1594.0265681829271,0.998532316483208,1593.944623532103,0.9982359321779962
1594.030734859463,1.0048339288110495,1594.030734859463,0.9985725957006463,1594.0279570749503,1.0015855853041111,1593.946012424593,1.0016523778659414
1594.0321237519531,0.9894643932280738,1594.0321237519531,0.998559922617668,1594.029345967439,0.9895956439195044,1593.947401317083,1.0011607206474598
1594.0335126439768,1.0060542630153582,1594.0335126439768,0.9985358270248035,1594.030734859463,1.003399624540928,1593.9487902095725,0.9951381964858196
1594.034901536466,1.0001824566935515,1594.034901536466,0.998426902904904,1594.0321237519531,0.9880394879347631,1593.9501791020616,0.9869119483067392
1594.0362904284898,1.0122898901836674,1594.0362904284898,0.9985129547946385,1594.0335126439768,1.0045812255518698,1593.9515679945505,0.9971339779143568
1594.0376793205132,1.0074666525442555,1594.0376793205132,0.9984038525039203,1594.034901536466,0.998609072576361,1593.952956887039,1.012799047781621
1594.0390682130032,1.0135504253830043,1594.0390682130032,0.9985204830837907,1594.0362904284898,1.010784569356034,1593.954345779529,1.0007436054040597
1594.0404571050276,0.9998563966440908,1594.0404571050276,0.9985587951424203,1594.0376793205132,1.0058585871694132,1593.955734672019,1.0028411132573365
1594.0418459970515,0.9910975718554492,1594.0418459970515,0.9986614399769776,1594.0390682130032,1.012050860383219,1593.957123564508,1.014490695491696
1594.04323488954,0.9926096833584863,1594.04323488954,0.9985281640480416,1594.0404571050276,0.9984153987483652,1593.9585124569976,1.0056283803932342
1594.0446237815631,1.0001965713672067,1594.0446237815631,0.9984718447493004,1594.0418459970515,0.989770928266849,1593.9599013494867,0.9840519227908736
1594.0460126735877,0.9820047193135865,1594.0460126735877,0.9985655203225753,1594.04323488954,0.9911487247402572,1593.9612902419767,0.990515425468465
1594.0474015660775,1.0149549559668938,1594.0474015660775,0.9984085063611959,1594.0446237815631,0.9986681157249402,1593.9626791344667,0.9939226456644448
1594.048790458101,0.9931415801156588,1594.048790458101,0.9982675376901855,1594.0460126735877,0.980596053500596,1593.9640680269565,0.9985273962208264
1594.0501793501248,0.997837033567038,1594.0501793501248,0.9982237448416734,1594.0474015660775,1.0133396616108,1593.9654569194454,0.9844694685572324
1594.051568242614,0.9979367007281403,1594.051568242614,0.9981338482527973,1594.048790458101,0.9914209997597988,1593.966845811934,0.9967135414938488
1594.0529571346374,0.9861637991008039,1594.0529571346374,0.9980336176382625,1594.0501793501248,0.9960646203889952,1593.968234704423,1.017401584219931
1594.0543460266615,1.000097837379206,1594.0543460266615,0.9979671300618574,1594.051568242614,0.9960743994104788,1593.9696235969127,1.002704760486086
1594.055734918686,1.0074714469113968,1594.055734918686,0.9979558988401833,1594.0529571346374,0.984224624000468,1593.9710124894027,0.996717785220153
1594.0571238111756,0.9990850469062288,1594.0571238111756,0.9978768703722626,1594.0543460266615,0.9980647685503964,1593.9724013818925,0.9911581962453416
1594.0585127031986,0.9961603186439122,1594.0585127031986,0.9977412304025078,1594.055734918686,1.005412073358283,1593.9737902739157,1.0022213447070938
1594.0599015952216,1.0097555464734909,1594.0599015952216,0.9976237655209353,1594.0571238111756,0.9969638598425128,1593.975179166405,1.009387460852778
1594.061290487246,0.9807551588798169,1594.061290487246,0.9976333862241948,1594.0585127031986,0.9939102220019312,1593.9765680588948,0.9965607673469
1594.0626793792703,0.9891789915220601,1594.0626793792703,0.9975280326030256,1594.0599015952216,1.0073561305285337,1593.9779569513848,1.0057898265026304
1594.0640682717594,0.995296941469666,1594.0640682717594,0.9974447553945308,1594.061290487246,0.97843409021012,1593.9793458438744,1.0063468002042275
1594.065457163783,1.0038247335967767,1594.065457163783,0.9973185050752352,1594.0626793792703,0.9867337733052456,1593.9807347363635,1.0026864940119946
1594.0668460558068,1.0023526363907136,1594.0668460558068,0.9972226674168829,1594.0640682717594,0.9927537143291356,1593.9821236283865,1.001826862670649
1594.068234947831,1.0053127740433963,1594.068234947831,0.9973158369730857,1594.065457163783,1.0011329826682835,1593.9835125208751,0.9862443917081156
1594.069623839855,0.9801274106429226,1594.069623839855,0.9972714794871617,1594.0668460558068,0.9995687697538924,1593.9849014133652,1.001992121983391
1594.0710127318794,1.0063173797735543,1594.0710127318794,0.9971867979607906,1594.068234947831,1.0026143506648244,1593.9862903058552,0.9875859012464592
1594.0724016243685,1.0111918452205766,1594.0724016243685,0.997198146676931,1594.069623839855,0.9774531128977882,1593.9876791983447,1.0135065200088158
1594.0737905163917,0.9998386996452985,1594.0737905163917,0.9971968513955205,1594.0710127318794,1.0034864056686834,1593.9890680903682,1.0009070811216882
1594.0751794084144,0.9982770133448976,1594.0751794084144,0.9972464310754326,1594.0724016243685,1.0083586339887851,1593.9904569828575,1.0048454436417618
1594.0765683004388,1.004970449115526,1594.0765683004388,0.997177283586198,1594.0737905163917,0.9970360031896832,1593.9918458753468,0.9956053753989526
1594.0779571924631,1.0020901679357195,1594.0779571924631,0.9970672475003324,1594.0751794084144,0.9955281887828412,1593.9932347678368,1.0058741474991952
1594.0793460844866,1.012315973566172,1594.0793460844866,0.9971071767248738,1594.0765683004388,1.0021337025334216,1593.9946236598612,0.9991774858879956
1594.0807349765105,0.9857274219763732,1594.0807349765105,0.9969853539253124,1594.0779571924631,0.9991512854908136,1593.9960125523503,0.9957567964737464
1594.082123868534,0.9961127029509828,1594.082123868534,0.996854192209168,1594.0793460844866,1.0093875223560578,1593.997401444839,0.9861865786251316
1594.0835127605578,0.9966718615758816,1594.0835127605578,0.9968602442779234,1594.0807349765105,0.9827558026730002,1593.998790336862,0.9965227583200024
1594.0849016525822,1.0061178838734413,1594.0849016525822,0.9968621120007151,1594.082123868534,0.9929791238494928,1594.000179229352,0.9937090447738034
1594.0862905446063,1.0040303873753103,1594.0862905446063,0.9969842400142747,1594.0835127605578,0.993542555395466,1594.001568121842,1.0048493798516671
1594.08767943663,1.010915666842202,1594.08767943663,0.997084917920914,1594.0849016525822,1.0029607986397688,1594.002957013866,0.9908242334361904
1594.089068328653,0.9998417413524967,1594.089068328653,0.99701672176515,1594.0862905446063,1.0010024727086115,1594.004345906355,1.008839528133307
1594.090457220676,0.9871968982614435,1594.090457220676,0.9971666109110384,1594.08767943663,1.0079687646983229,1594.0057347988443,0.9939983562018416
1594.0918461127003,1.0011907283148669,1594.0918461127003,0.9972335613088383,1594.089068328653,0.9968589352472252,1594.007123690868,0.9961236635375744
1594.0932350047246,1.0115515399045947,1594.0932350047246,0.9971287122612043,1594.090457220676,0.9843997853412528,1594.008512583358,0.9960194154783644
1594.094623896748,0.992384369072879,1594.094623896748,0.9970132444715063,1594.0918461127003,0.9984209955468244,1594.0099014753823,0.9941936906183912
1594.096012788772,0.999131457221896,1594.096012788772,0.9970872206439199,1594.0932350047246,1.0086470843709066,1594.011290367872,0.9975900862371312
1594.0974016807954,0.9950875987215736,1594.0974016807954,0.9970948707453,1594.094623896748,0.9894203595721598,1594.0126792603603,0.9983596767768936
1594.098790572819,1.0041500301965702,1594.098790572819,0.9969751481127815,1594.096012788772,0.9962212077392898,1594.014068152383,1.0098320065589557
1594.1001794648437,1.0050118589608772,1594.1001794648437,0.9969626430756354,1594.0974016807954,0.9921967406275384,1594.015457044873,1.010975783052839
1594.101568356868,0.9852976129429489,1594.101568356868,0.9970157107989377,1594.098790572819,1.0011126250826796,1594.0168459368974,1.008049518504661
1594.1029572484258,0.9965953477033355,1594.1029572484258,0.9969011081471594,1594.1001794648437,1.0019592792319938,1594.018234829387,0.9814067897345244
1594.1043461404488,0.9948810645011151,1594.1043461404488,0.9969057855286378,1594.101568356868,0.9823571999168108,1594.0196237214104,0.9970730896673844
1594.1057350324718,1.0001485494105729,1594.1057350324718,0.9967804243121431,1594.1029572484258,0.9935070064997588,1594.0210126139,1.0051906615511108
1594.107123924496,0.9968727712577511,1594.107123924496,0.9968079016135788,1594.1043461404488,0.9918026891140516,1594.0224015059234,1.0105870823246923
1594.1085128165205,0.9991549361697406,1594.1085128165205,0.9969611160479805,1594.1057350324718,0.9969284954566452,1594.0237903984134,1.00921844983997
1594.1099017085442,1.0014851937085045,1594.1099017085442,0.9968820045497641,1594.107123924496,0.993690655293152,1594.0251792904378,1.0039490333391137
1594.1112906001022,0.9978131093914101,1594.1112906001022,0.9968740743504642,1594.1085128165205,0.9961186202686334,1594.0265681829271,0.998532316483208
1594.1126794921256,0.9894051545384953,1594.1126794921256,0.9967677206822192,1594.1099017085442,0.9983625674310428,1594.0279570749503,1.0015855853041111
1594.1140683841495,1.0052551278218365,1594.1140683841495,0.9968067907116883,1594.1112906001022,0.9946940197993204,1594.029345967439,0.9895956439195044
1594.115457276174,0.9970303842455996,1594.115457276174,0.9967801738048728,1594.1126794921256,0.9862071207205748,1594.030734859463,1.003399624540928
1594.1168461681982,0.9907368094764178,1594.1168461681982,0.9967819498677313,1594.1140683841495,1.0020451378105528,1594.0321237519531,0.9880394879347631
1594.118235059756,1.0115932080262873,1594.118235059756,0.9967271052453217,1594.115457276174,0.993820119697068,1594.0335126439768,1.0045812255518698
1594.119623951779,1.002508201311026,1594.119623951779,0.9966718509365156,1594.1168461681982,0.9875485687556388,1594.034901536466,0.998609072576361
1594.121012843802,1.0009246192496597,1594.121012843802,0.9966124466900411,1594.118235059756,1.00828236992187,1594.0362904284898,1.010784569356034
1594.1224017358263,1.0009052666989182,1594.1224017358263,0.9966354030980997,1594.119623951779,0.9991717045796972,1594.0376793205132,1.0058585871694132
1594.123790627385,1.0053022690615792,1594.123790627385,0.9967181403054538,1594.121012843802,0.9975339337427012,1594.0390682130032,1.012050860383219
1594.125179519409,0.9983894944208627,1594.125179519409,0.996680253229217,1594.1224017358263,0.9975376239394874,1594.0404571050276,0.9984153987483652
1594.1265684114323,0.9929775603956574,1594.1265684114323,0.9965422000810249,1594.123790627385,1.0020030080639102,1594.0418459970515,0.989770928266849
1594.1279573029906,0.9984078645100392,1594.1279573029906,0.9966664734274764,1594.125179519409,0.9950750941207754,1594.04323488954,0.9911487247402572
1594.129346195014,0.9908150075931721,1594.129346195014,0.9966327654125301,1594.1265684114323,0.9895440426677772,1594.0446237815631,0.9986681157249402
1594.1307350870384,0.9942960510866646,1594.1307350870384,0.9967052155099014,1594.1279573029906,0.9950796453634784,1594.0460126735877,0.980596053500596
1594.132123978597,0.995237186639738,1594.132123978597,0.9967743186106585,1594.129346195014,0.9874787010298202,1594.0474015660775,1.0133396616108
1594.1335128706205,0.9908155504198894,1594.1335128706205,0.9968571112896412,1594.1307350870384,0.991020059878978,1594.048790458101,0.9914209997597988
1594.1349017626435,1.0106160058197058,1594.1349017626435,0.9969452551079736,1594.132123978597,0.9920268685688136,1594.0501793501248,0.9960646203889952
1594.1362906542008,1.0088583524927586,1594.1362906542008,0.996980303225757,1594.1335128706205,0.9877015274124268,1594.051568242614,0.9960743994104788
1594.1376795462247,1.0020458869248394,1594.1376795462247,0.9969406170964143,1594.1349017626435,1.007528831738128,1594.0529571346374,0.984224624000468
1594.1390684377834,1.0037596645179225,1594.1390684377834,0.9968080490312397,1594.1362906542008,1.005811906180068,1594.0543460266615,0.9980647685503964
1594.1404573298078,0.9950279520912134,1594.1404573298078,0.9967237595485628,1594.1376795462247,0.9989802448697732,1594.055734918686,1.005412073358283
1594.1418462213655,0.9961225501061524,1594.1418462213655,0.9966759037795907,1594.1390684377834,1.000555712884362,1594.0571238111756,0.9969638598425128
1594.1432351133894,1.01018856369456,1594.1432351133894,0.9967259350238594,1594.1404573298078,0.9917680012642616,1594.0585127031986,0.9939102220019312
1594.1446240054129,0.9991052590316443,1594.1446240054129,0.9967960325795187,1594.1418462213655,0.99281134290228,1594.0599015952216,1.0073561305285337
1594.1460128969716,0.9838094380467974,1594.1460128969716,0.996806125630929,1594.1432351133894,1.0068811406988698,1594.061290487246,0.97843409021012
1594.147401788996,0.9961759135533625,1594.147401788996,0.9966927112198168,1594.1446240054129,0.9959041583320754,1594.0626793792703,0.9867337733052456
1594.148790680554,0.9977143985979212,1594.148790680554,0.9966054876616492,1594.1460128969716,0.9806672742985696,1594.0640682717594,0.9927537143291356
1594.1501795725767,1.0014718424459172,1594.1501795725767,0.9966236654112621,1594.147401788996,0.9928812721313788,1594.065457163783,1.0011329826682835
1594.151568464134,0.9966861128864893,1594.151568464134,0.9966789475376808,1594.148790680554,0.9943276447617304,1594.0668460558068,0.9995687697538924
1594.152957356158,1.0178920399176494,1594.152957356158,0.9967081703213104,1594.1501795725767,0.99809053842462,1594.068234947831,1.0026143506648244
1594.1543462477166,1.006372258019297,1594.1543462477166,0.9968410908985769,1594.151568464134,0.9933760660171284,1594.069623839855,0.9774531128977882
1594.155735139741,1.0048539447102098,1594.155735139741,0.9968094914715827,1594.152957356158,1.0145413126909466,1594.0710127318794,1.0034864056686834
1594.1571240312987,0.992288928678596,1594.1571240312987,0.9968393350035138,1594.1543462477166,1.00319321953402,1594.0724016243685,1.0083586339887851
1594.158512922857,0.9942862003077556,1594.158512922857,0.9968249477837178,1594.155735139741,1.001647949629798,1594.0737905163917,0.9970360031896832
1594.1599018148804,1.0067580762342876,1594.1599018148804,0.9968662408426844,1594.1571240312987,0.9891526357953208,1594.0751794084144,0.9955281887828412
1594.161290706439,0.9973420323502695,1594.161290706439,0.9968576362310666,1594.158512922857,0.9911292897038496,1594.0765683004388,1.0021337025334216
1594.1626795984637,1.0062701593179533,1594.1626795984637,0.9968254936125113,1594.1599018148804,1.003603138893687,1594.0779571924631,0.9991512854908136
1594.1640684900217,0.99854800390341,1594.1640684900217,0.9968195330330334,1594.161290706439,0.9942080208825776,1594.0793460844866,1.0093875223560578
1594.165457381579,1.0041100020498253,1594.165457381579,0.9968710732274034,1594.1626795984637,1.003075748269659,1594.0807349765105,0.9827558026730002
1594.1668462736018,0.9950544496254854,1594.1668462736018,0.996993158857979,1594.1640684900217,0.9953721549620648,1594.082123868534,0.9929791238494928
1594.1682351651598,0.9967996975514113,1594.1682351651598,0.997049727447438,1594.165457381579,1.0009682153817796,1594.0835127605578,0.993542555395466
1594.169624057184,1.0074128141792957,1594.169624057184,0.9970528596493476,1594.1668462736018,0.9920624789678004,1594.0849016525822,1.0029607986397688
1594.1710129487428,0.9908134973056649,1594.1710129487428,0.9971846904571755,1594.1682351651598,0.9938588667633232,1594.0862905446063,1.0010024727086115
1594.1724018403006,0.991129005755995,1594.1724018403006,0.9971870173028864,1594.169624057184,1.0044438272248637,1594.08767943663,1.0079687646983229
1594.1737907318588,0.9960668981971501,1594.1737907318588,0.9972854525331313,1594.1710129487428,0.988024050611541,1594.089068328653,0.9968589352472252
1594.1751796238825,0.9863233206353818,1594.1751796238825,0.997366120014425,1594.1724018403006,0.988340977012196,1594.090457220676,0.9843997853412528
1594.176568515441,0.9946056074609793,1594.176568515441,0.9974558168599047,1594.1737907318588,0.9933630273218172,1594.0918461127003,0.9984209955468244
1594.1779574069997,0.9998629859611257,1594.1779574069997,0.9976080712182265,1594.1751796238825,0.9837254633818544,1594.0932350047246,1.0086470843709066
1594.1793462990236,1.0044981122768748,1594.1793462990236,0.9976291566642855,1594.176568515441,0.9920751486434328,1594.094623896748,0.9894203595721598
1594.180735190581,0.9998922555885204,1594.180735190581,0.997567243082816,1594.1779574069997,0.9974713849071752,1594.096012788772,0.9962212077392898
1594.1821240821382,0.9883635354118819,1594.1821240821382,0.9975520503011321,1594.1793462990236,1.0021166046216454,1594.0974016807954,0.9921967406275384
1594.183512973696,0.9896158809384779,1594.183512973696,0.9976294620110863,1594.180735190581,0.9974597607872986,1594.098790572819,1.0011126250826796
1594.1849018657203,0.9946198252404196,1594.1849018657203,0.9976283031644669,1594.1821240821382,0.9859440711929984,1594.1001794648437,1.0019592792319938
1594.186290757279,0.9869114075970781,1594.186290757279,0.9977612411556834,1594.183512973696,0.9872699588982808,1594.101568356868,0.9823571999168108
1594.1876796488368,0.9980005060413456,1594.1876796488368,0.9978923652105274,1594.1849018657203,0.9922608885483384,1594.1029572484258,0.9935070064997588
1594.189068540395,0.9932732346726757,1594.189068540395,0.9979817838937264,1594.186290757279,0.9847019509547632,1594.1043461404488,0.9918026891140516
1594.1904574319528,0.9950801238104874,1594.1904574319528,0.997967231240253,1594.1876796488368,0.9958970854549016,1594.1057350324718,0.9969284954566452
1594.1918463235115,1.0021346306693497,1594.1918463235115,0.9979570342137076,1594.189068540395,0.9912685946325288,1594.107123924496,0.993690655293152
1594.193235215536,0.9956754317192054,1594.193235215536,0.9979600281032418,1594.1904574319528,0.9930573560213602,1594.1085128165205,0.9961186202686334
1594.1946241070932,0.9947408406004604,1594.1946241070932,0.9979985344992284,1594.1918463235115,1.0000873039056335,1594.1099017085442,0.9983625674310428
1594.1960129986503,1.0044253586542105,1594.1960129986503,0.998011253479696,1594.193235215536,0.9936442818202056,1594.1112906001022,0.9946940197993204
1594.1974018902088,0.996990769514405,1594.1974018902088,0.9980071067332237,1594.1946241070932,0.99274990112579,1594.1126794921256,0.9862071207205748
1594.1987907817663,0.9968564473915823,1594.1987907817663,0.9980577990664811,1594.1960129986503,1.0024278112172818,1594.1140683841495,1.0020451378105528
1594.2001796733252,0.9887147003895563,1594.2001796733252,0.9980710465302934,1594.1974018902088,0.9950038733228016,1594.115457276174,0.993820119697068
1594.201568564884,0.9802988094271327,1594.201568564884,0.9980812421021188,1594.1987907817663,0.994920351868874,1594.1168461681982,0.9875485687556388
1594.2029574564422,1.0119970648597574,1594.2029574564422,0.998119141433554,1594.2001796733252,0.98680751573769,1594.118235059756,1.00828236992187
1594.204346348,0.9895853894896007,1594.204346348,0.9981199911120948,1594.201568564884,0.9784178533442608,1594.119623951779,0.9991717045796972
1594.205735239558,0.9876720957050024,1594.205735239558,0.998270084289081,1594.2029574564422,1.0100936415110977,1594.121012843802,0.9975339337427012
1594.2071241311164,1.009411024917554,1594.2071241311164,0.9983267357538456,1594.204346348,0.9877249601620192,1594.1224017358263,0.9975376239394874
1594.2085130231408,0.9881085956481239,1594.2085130231408,0.9984300559074472,1594.205735239558,0.985963506229406,1594.123790627385,1.0020030080639102
1594.209901914698,1.0070378044046175,1594.209901914698,0.9984647206964127,1594.2071241311164,1.0077220135398854,1594.125179519409,0.9950750941207754
1594.2112908062554,1.00817272383313,1594.2112908062554,0.9985070177070662,1594.2085130231408,0.9865573203955854,1594.1265684114323,0.9895440426677772
1594.2126796978137,0.9923864700664945,1594.2126796978137,0.9985109937859981,1594.209901914698,1.005491720105585,1594.1279573029906,0.9950796453634784
1594.2140685889058,1.0122667842806896,1594.2140685889058,0.9985749356477907,1594.2112908062554,1.0066675398082283,1594.129346195014,0.9874787010298202
1594.2154574804645,1.0062898605305992,1594.2154574804645,0.9986458995760675,1594.2126796978137,0.990908800445874,1594.1307350870384,0.991020059878978
1594.2168463720232,0.9818339719366806,1594.2168463720232,0.9986244187070046,1594.2140685889058,1.0108242389714857,1594.132123978597,0.9920268685688136
1594.2182352635814,0.9900805345915389,1594.2182352635814,0.998580943985558,1594.2154574804645,1.0049272430038558,1594.1335128706205,0.9877015274124268
1594.2196241551392,1.0132888056958025,1594.2196241551392,0.9986242415500851,1594.2168463720232,0.9804833794920572,1594.1349017626435,1.007528831738128
1594.2210130466974,0.9934953867841146,1594.2210130466974,0.9986704413916517,1594.2182352635814,0.9886755548541448,1594.1362906542008,1.005811906180068
1594.222401938256,0.9832888434807875,1594.222401938256,0.9987754955239643,1594.2196241551392,1.0118947650591623,1594.1376795462247,0.9989802448697732
1594.2237908298148,1.0059973821608523,1594.2237908298148,0.9988173910250998,1594.2210130466974,0.9921744764402616,1594.1390684377834,1.000555712884362
1594.225179721372,1.0040146495903748,1594.225179721372,0.9987931766065463,1594.222401938256,0.9820848018907092,1594.1404573298078,0.9917680012642616
1594.226568612929,0.9935608474983032,1594.226568612929,0.9989167532877818,1594.2237908298148,1.0048076806279829,1594.1418462213655,0.99281134290228
1594.2279575044872,1.0088601942854114,1594.2279575044872,0.9990380616589989,1594.225179721372,1.002802981223879,1594.1432351133894,1.0068811406988698
1594.2293463955791,0.9870949584505913,1594.2293463955791,0.9991666630012257,1594.226568612929,0.992484575976862,1594.1446240054129,0.9959041583320754
1594.230735287138,1.007278132955383,1594.230735287138,0.999247704808779,1594.2279575044872,1.0078897329838183,1594.1460128969716,0.9806672742985696
1594.2321241786967,1.010409639336758,1594.2321241786967,0.9993212485112792,1594.2293463955791,0.9862723757004108,1594.147401788996,0.9928812721313788
1594.233513070255,0.993823095047759,1594.233513070255,0.9993524063628804,1594.230735287138,1.0065203624597387,1594.148790680554,0.9943276447617304
1594.2349019618127,0.9850647826400564,1594.2349019618127,0.9993329744527542,1594.2321241786967,1.0097238222898404,1594.1501795725767,0.99809053842462
1594.236290853371,0.9933668654758331,1594.236290853371,0.9993340902061598,1594.233513070255,0.9931795015349836,1594.151568464134,0.9933760660171284
1594.237679744464,1.0090828706067683,1594.237679744464,0.999386689123595,1594.2349019618127,0.9844077192643432,1594.152957356158,1.0145413126909466
1594.2390686360227,1.0015505888858725,1594.2390686360227,0.9993488913784401,1594.236290853371,0.9927053727512364,1594.1543462477166,1.00319321953402
1594.24045752758,0.9963465452634837,1594.24045752758,0.9994506198344564,1594.237679744464,1.008463989107031,1594.155735139741,1.001647949629798
1594.2418464191371,0.9985666627418366,1594.2418464191371,0.9995774544219402,1594.2390686360227,1.0008984706625204,1594.1571240312987,0.9891526357953208
1594.2432353102297,0.9937557280675376,1594.2432353102297,0.9995832321981525,1594.24045752758,0.995799172233508,1594.158512922857,0.9911292897038496
1594.2446242017872,0.9877046548779207,1594.2446242017872,0.9995469408191787,1594.2418464191371,0.9981447228140972,1594.1599018148804,1.003603138893687
1594.246013093346,0.9917153973338672,1594.246013093346,0.9995409684553749,1594.2432353102297,0.9933415626771775,1594.161290706439,0.9942080208825776
1594.247401984439,1.011030224578448,1594.247401984439,0.9996398618652544,1594.2446242017872,0.9872571662160884,1594.1626795984637,1.003075748269659
1594.2487908759972,0.9886563831138396,1594.2487908759972,0.9996720169115692,1594.246013093346,0.9912601686832004,1594.1640684900217,0.9953721549620648
1594.250179767555,0.9807034684482883,1594.250179767555,0.9997036482204076,1594.247401984439,1.0106661140391968,1594.165457381579,1.0009682153817796
1594.2515686591132,1.007345271550816,1594.2515686591132,0.9998392768202435,1594.2487908759972,0.988332120539909,1594.1668462736018,0.9920624789678004
1594.2529575502062,1.0017792936307073,1594.2529575502062,0.9999439741966045,1594.250179767555,0.9804128352301612,1594.1682351651598,0.9938588667633232
1594.254346441765,1.0021876014108062,1594.254346441765,1.0000751551040006,1594.2515686591132,1.0071833678156596,1594.169624057184,1.0044438272248637
1594.2557353328566,1.0047824045342075,1594.2557353328566,1.000198687687028,1594.2529575502062,1.0017231681409566,1594.1710129487428,0.988024050611541
1594.257124224414,1.006422866839192,1594.257124224414,1.0003078889160835,1594.254346441765,1.0022629209242184,1594.1724018403006,0.988340977012196
1594.2585131159717,1.015734643197396,1594.2585131159717,1.0004538436449837,1594.2557353328566,1.0049820424261309,1594.1737907318588,0.9933630273218172
1594.2599020070645,1.0009780198136902,1594.2599020070645,1.0003952386371153,1594.257124224414,1.0067327332847846,1594.1751796238825,0.9837254633818544
1594.261290898623,0.994420056562695,1594.261290898623,1.000406000617421,1594.2585131159717,1.016195627910201,1594.176568515441,0.9920751486434328
1594.262679789716,0.9902399636239876,1594.262679789716,1.0004381708566652,1594.2599020070645,1.0013736450020236,1594.1779574069997,0.9974713849071752
1594.2640686812738,0.9958548281880127,1594.2640686812738,1.0003792065276844,1594.261290898623,0.9948237917196352,1594.1793462990236,1.0021166046216454
1594.2654575728316,0.9993891309682941,1594.2654575728316,1.0004428358213044,1594.262679789716,0.9906738579171528,1594.180735190581,0.9974597607872986
1594.266846463924,0.9933113241580988,1594.266846463924,1.0005386603639947,1594.2640686812738,0.9962324628394876,1594.1821240821382,0.9859440711929984
1594.2682353554828,1.0127247108913382,1594.2682353554828,1.0005119985433415,1594.2654575728316,0.9998316962749092,1594.183512973696,0.9872699588982808
1594.269624246576,1.0118208090660392,1594.269624246576,1.0004644242380392,1594.266846463924,0.9938463815975298,1594.1849018657203,0.9922608885483384
1594.2710131381332,0.9923016741085185,1594.2710131381332,1.0006176879637396,1594.2682353554828,1.0132432244681204,1594.186290757279,0.9847019509547632
1594.2724020292248,0.9951253392140829,1594.2724020292248,1.000696973079571,1594.269624246576,1.012290723174322,1594.1876796488368,0.9958970854549016
1594.2737909207826,1.0083819118905992,1594.2737909207826,1.0008259249226543,1594.2710131381332,0.992914606909014,1594.189068540395,0.9912685946325288
1594.2751798118752,1.0051508623055445,1594.2751798118752,1.0009128719765898,1594.2724020292248,0.995818914786314,1594.1904574319528,0.9930573560213602
1594.2765687029682,1.005114817371384,1594.2765687029682,1.000992823240482,1594.2737909207826,1.0092147596431835,1594.1918463235115,1.0000873039056335
1594.277957594527,1.0124202887027203,1594.277957594527,1.000872009351993,1594.2751798118752,1.0060684363599883,1594.193235215536,0.9936442818202056
1594.279346485619,0.9987298749745748,1594.279346485619,1.0008895963213627,1594.2765687029682,1.0061127187214232,1594.1946241070932,0.99274990112579
1594.2807353771773,0.9917980890594252,1594.2807353771773,1.0009264449271922,1594.277957594527,1.0133031286626164,1594.1960129986503,1.0024278112172818
1594.2821242682694,1.0014204724531777,1594.2821242682694,1.0009912314632508,1594.279346485619,0.9996183413973871,1594.1974018902088,0.9950038733228016
1594.283513159828,1.0023477473423439,1594.283513159828,1.0011175221794022,1594.2807353771773,0.9927169353678332,1594.1987907817663,0.994920351868874
1594.2849020509211,1.0050363909590285,1594.2849020509211,1.001070750534245,1594.2821242682694,1.0024131119334168,1594.2001796733252,0.98680751573769
1594.2862909420128,0.9999100356176736,1594.2862909420128,1.001205034999867,1594.283513159828,1.003467893181473,1594.201568564884,0.9784178533442608
1594.28767983357,1.0049094374644285,1594.28767983357,1.0011826528065741,1594.2849020509211,1.0061125342115838,1594.2029574564422,1.0100936415110977
1594.2890687246622,1.003865462017746,1594.2890687246622,1.0013034935397789,1594.2862909420128,1.001114962207311,1594.204346348,0.9877249601620192
1594.2904576157548,1.0142643408145513,1594.2904576157548,1.0012756098669446,1594.28767983357,1.0060978964309986,1594.205735239558,0.985963506229406
1594.2918465073135,0.9963896005729066,1594.2918465073135,1.0013026098010598,1594.2890687246622,1.0051739941622932,1594.2071241311164,1.0077220135398854
1594.2932353984063,0.9975868024317869,1594.2932353984063,1.001417774924107,1594.2904576157548,1.0155581464153844,1594.2085130231408,0.9865573203955854
1594.2946242894986,1.0029114494236364,1594.2946242894986,1.001326416230134,1594.2918465073135,0.997687507432287,1594.209901914698,1.005491720105585
1594.2960131810569,1.0060611467334013,1594.2960131810569,1.0014623884440128,1594.2932353984063,0.9990011559848948,1594.2112908062554,1.0066675398082283
1594.297402072149,1.0004865561803005,1594.297402072149,1.0015528443185906,1594.2946242894986,1.0042417274475393,1594.2126796978137,0.990908800445874
1594.2987909632416,1.0047083333054878,1594.2987909632416,1.00158469366312,1594.2960131810569,1.0075323989283544,1594.2140685889058,1.0108242389714857
1594.3001798543337,1.0070494770481164,1594.3001798543337,1.001725608658752,1594.297402072149,1.0020401560448913,1594.2154574804645,1.0049272430038558
1594.3015687458917,1.006417637262234,1594.3015687458917,1.0017440029401121,1594.2987909632416,1.006300488234561,1594.2168463720232,0.9804833794920572
1594.302957636984,0.998478533967317,1594.302957636984,1.001838021501712,1594.3001798543337,1.0087872503455024,1594.2182352635814,0.9886755548541448
1594.3043465280762,0.9951741121706056,1594.3043465280762,1.0018611552272336,1594.3015687458917,1.0081728325806,1594.2196241551392,1.0118947650591623
1594.3057354191687,0.993492128226905,1594.3057354191687,1.0019239139934137,1594.302957636984,1.0003137589817468,1594.2210130466974,0.9921744764402616
1594.3071243102618,0.9999934239908405,1594.3071243102618,1.0020279868897815,1594.3043465280762,0.9970262856714794,1594.222401938256,0.9820848018907092
1594.3085132018205,1.0049459961924574,1594.3085132018205,1.002078071044844,1594.3057354191687,0.9954035216347472,1594.2237908298148,1.0048076806279829
1594.3099020929126,1.006728013506914,1594.3099020929126,1.002176028994987,1594.3071243102618,1.0020213975445615,1594.225179721372,1.002802981223879
1594.3112909840052,1.0014364727737806,1594.3112909840052,1.0021659534147078,1594.3085132018205,1.007034345368777,1594.226568612929,0.992484575976862
1594.3126798750973,1.0001948677774437,1594.3126798750973,1.0022706330000895,1594.3099020929126,1.0089186828543708,1594.2279575044872,1.0078897329838183
1594.3140687661898,0.9973258962257279,1594.3140687661898,1.0022742945791476,1594.3112909840052,1.003605537521598,1594.2293463955791,0.9862723757004108
1594.315457657282,0.996102728509104,1594.315457657282,1.0024365005404474,1594.3126798750973,1.0024659432507392,1594.230735287138,1.0065203624597387
1594.3168465483743,1.0007988555123901,1594.3168465483743,1.0024879526037402,1594.3140687661898,0.9995941091051576,1594.2321241786967,1.0097238222898404
1594.318235439467,0.99512887907831,1594.318235439467,1.0024968021335234,1594.315457657282,0.9985297333454576,1594.233513070255,0.9931795015349836
1594.319624331025,1.0028736983179445,1594.319624331025,1.0025081037768202,1594.3168465483743,1.0032887956307823,1594.2349019618127,0.9844077192643432
1594.321013222117,1.011113227241956,1594.321013222117,1.0024427178713808,1594.318235439467,0.9976135189867236,1594.236290853371,0.9927053727512364
1594.32240211321,1.0000892832261958,1594.32240211321,1.0024975984920392,1594.319624331025,1.0053890096283693,1594.237679744464,1.008463989107031
1594.323791004303,0.9944524045050502,1594.323791004303,1.002487244537154,1594.321013222117,1.0135830915921296,1594.2390686360227,1.0008984706625204
1594.3251798953952,1.000969811547027,1594.3251798953952,1.0025661372268282,1594.32240211321,1.0025871047118862,1594.24045752758,0.995799172233508
1594.3265687864878,1.0152822300995232,1594.3265687864878,1.002500288980525,1594.323791004303,0.996925850815615,1594.2418464191371,0.9981447228140972
1594.32795767758,1.0077076375669882,1594.32795767758,1.002504162596691,1594.3251798953952,1.003538437443369,1594.2432353102297,0.9933415626771775
1594.3293465686725,1.0066698061969934,1594.3293465686725,1.002530352109362,1594.3265687864878,1.017820729071564,1594.2446242017872,0.9872571662160884
1594.3307354597646,0.9969770772438665,1594.3307354597646,1.0026410062719902,1594.32795767758,1.0102311013413834,1594.246013093346,0.9912601686832004
1594.3321243508572,1.0143234892923567,1594.3321243508572,1.0026073958123163,1594.3293465686725,1.009217035264535,1594.247401984439,1.0106661140391968
1594.3335132419493,1.006335583948964,1594.3335132419493,1.0026643777510067,1594.3307354597646,0.999610099957898,1594.2487908759972,0.988332120539909
1594.334902133042,1.0144567877450947,1594.334902133042,1.0027052480886507,1594.3321243508572,1.0169682321106717,1594.250179767555,0.9804128352301612
1594.336291024134,1.0062831126256406,1594.336291024134,1.0027238113335963,1594.3335132419493,1.009016842088884,1594.2515686591132,1.0071833678156596
1594.337679915227,1.0013073056917083,1594.337679915227,1.0028078674617362,1594.334902133042,1.0172011450311609,1594.2529575502062,1.0017231681409566
1594.3390688058544,0.994892153587257,1594.3390688058544,1.0027857196003467,1594.336291024134,1.009024037972617,1594.254346441765,1.0022629209242184
1594.3404576969467,0.9933823594554619,1594.3404576969467,1.002805133863612,1594.337679915227,1.0041188438945587,1594.2557353328566,1.0049820424261309
1594.341846588039,0.9990445245454421,1594.341846588039,1.0028669382797368,1594.3390688058544,0.9976636441597362,1594.257124224414,1.0067327332847846
1594.3432354791312,0.9927813782274684,1594.3432354791312,1.0029586435415063,1594.3404576969467,0.9961689299514852,1594.2585131159717,1.016195627910201
1594.3446243702238,0.9983503283145615,1594.3446243702238,1.0029161298718816,1594.341846588039,1.001908723536023,1594.2599020070645,1.0013736450020236
1594.346013261316,1.0015660512210962,1594.346013261316,1.0029296480357124,1594.3432354791312,0.9957186644402888,1594.261290898623,0.9948237917196352
1594.3474021524084,1.003869562826596,1594.3474021524084,1.002953100654733,1594.3446243702238,1.0012616475295624,1594.262679789716,0.9906738579171528
1594.348791043035,0.9964213764094495,1594.348791043035,1.002863100095167,1594.346013261316,1.0045002872356923,1594.2640686812738,0.9962324628394876
1594.3501799341277,1.0020604990420026,1594.3501799341277,1.002908170707599,1594.3474021524084,1.0068340906898456,1594.2654575728316,0.9998316962749092
1594.3515688252196,1.011560818588924,1594.3515688252196,1.0030393339253687,1594.348791043035,0.999274230547074,1594.266846463924,0.9938463815975298
1594.3529577163126,1.006160009424441,1594.3529577163126,1.0030518188321556,1594.3501799341277,1.0049746620325586,1594.2682353554828,1.0132432244681204
1594.3543466074057,1.0046017141299035,1594.3543466074057,1.0030870277739268,1594.3515688252196,1.014635289702435,1594.269624246576,1.012290723174322
1594.3557354980326,1.0000718304120182,1594.3557354980326,1.0030297776180888,1594.3529577163126,1.0092306274893643,1594.2710131381332,0.992914606909014
1594.3571243891247,0.9968201725546868,1594.3571243891247,1.0029126627192404,1594.3543466074057,1.007702947523157,1594.2724020292248,0.995818914786314
1594.358513280217,0.9930861863049245,1594.358513280217,1.0029705574495942,1594.3557354980326,1.0031018256602815,1594.2737909207826,1.0092147596431835
1594.3599021713094,0.9918323919346148,1594.3599021713094,1.0030334583051548,1594.3571243891247,0.9997235735090736,1594.2751798118752,1.0060684363599883
1594.3612910619358,0.9930153029723858,1594.3612910619358,1.0031536979327988,1594.358513280217,0.9960362058737416,1594.2765687029682,1.0061127187214232
1594.3626799530284,0.9943779114475959,1594.3626799530284,1.003161866954841,1594.3599021713094,0.9948410741412504,1594.277957594527,1.0133031286626164
1594.3640688441203,1.0039488387488307,1594.3640688441203,1.0031165596407117,1594.3612910619358,0.9961469732806074,1594.279346485619,0.9996183413973871
1594.3654577347477,1.0026063165092505,1594.3654577347477,1.003173762086144,1594.3626799530284,0.9975220021064258,1594.2807353771773,0.9927169353678332
1594.3668466258396,1.0063526442723443,1594.3668466258396,1.0031896536827407,1594.3640688441203,1.0070777051810147,1594.2821242682694,1.0024131119334168
1594.3682355169326,0.9914459743644064,1594.3682355169326,1.0032768754541908,1594.3654577347477,1.005788350423916,1594.283513159828,1.003467893181473
1594.36962440756,0.9935619053091469,1594.36962440756,1.003269367840235,1594.3668466258396,1.0095625606902834,1594.2849020509211,1.0061125342115838
1594.3710132986523,1.0093399511911834,1594.3710132986523,1.003343547027828,1594.3682355169326,0.9946948193419574,1594.2862909420128,1.001114962207311
1594.372402189745,1.0030123417594679,1594.372402189745,1.0032298295336946,1594.36962440756,0.9968102246496472,1594.28767983357,1.0060978964309986
1594.3737910803716,0.9956851231469278,1594.3737910803716,1.0032454078602586,1594.3710132986523,1.0127147267850567,1594.2890687246622,1.0051739941622932
1594.3751799714632,1.0060531995669693,1594.3751799714632,1.003296287737332,1594.372402189745,1.0062519006435426,1594.2904576157548,1.0155581464153844
1594.3765688620897,1.005203645530374,1594.3765688620897,1.003208406785719,1594.3737910803716,0.9989165274719314,1594.2918465073135,0.997687507432287
1594.3779577531827,1.0032455203800346,1594.3779577531827,1.0031615018640783,1594.3751799714632,1.0093694403918054,1594.2932353984063,0.9990011559848948
1594.3793466442748,1.0014488458944972,1594.3793466442748,1.0030850421207618,1594.3765688620897,1.008428747727723,1594.2946242894986,1.0042417274475393
1594.3807355349018,0.9999473507799269,1594.3807355349018,1.0030511870063976,1594.3779577531827,1.0064172829628442,1594.2960131810569,1.0075323989283544
1594.382124425994,1.0066358043845556,1594.382124425994,1.003055869619271,1594.3793466442748,1.00453835776587,1594.297402072149,1.0020401560448913
1594.3835133166212,0.9960241171874098,1594.3835133166212,1.0029732382111247,1594.3807355349018,1.0029983771437083,1594.2987909632416,1.006300488234561
1594.3849022077145,1.0062228846643428,1594.3849022077145,1.0030185418647124,1594.382124425994,1.0097119521568447,1594.3001798543337,1.0087872503455024
1594.3862910983412,0.9995808207242782,1594.3862910983412,1.0031270341448293,1594.3835133166212,0.9989855341518332,1594.3015687458917,1.0081728325806
1594.3876799894333,0.9910066260553763,1594.3876799894333,1.0031547325150854,1594.3849022077145,1.009260210566934,1594.302957636984,1.0003137589817468
1594.3890688800602,0.9962827201814632,1594.3890688800602,1.0032630609101485,1594.3862910983412,1.0027065440811995,1594.3043465280762,0.9970262856714794
1594.390457771152,0.9993868065488439,1594.390457771152,1.003295127162612,1594.3876799894333,0.9941329868812582,1594.3057354191687,0.9954035216347472
1594.3918466617783,1.000042593834441,1594.3918466617783,1.003407502767129,1594.3890688800602,0.9995336513811438,1594.3071243102618,1.0020213975445615
1594.3932355524057,0.9872053889138199,1594.3932355524057,1.0033993498574456,1594.390457771152,1.002679913161059,1594.3085132018205,1.007034345368777
1594.3946244434983,1.0086416794835424,1594.3946244434983,1.003294605384243,1594.3918466617783,1.0034502417401787,1594.3099020929126,1.0089186828543708
1594.3960133341247,1.0000253941669295,1594.3960133341247,1.0034161503637888,1594.3932355524057,0.9905612454118936,1594.3112909840052,1.003605537521598
1594.397402225217,1.0143869536360521,1594.397402225217,1.00344770633236,1594.3946244434983,1.011964755791541,1594.3126798750973,1.0024659432507392
1594.3987911158442,1.0075313539159314,1594.3987911158442,1.0033423774099997,1594.3960133341247,1.0034416312810108,1594.3140687661898,0.9995941091051576
1594.4001800064716,1.0000781870899413,1594.4001800064716,1.0032513770127407,1594.397402225217,1.0178842619595665,1594.315457657282,0.9985297333454576
1594.4015688975642,0.9765679244083126,1594.4015688975642,1.0031663037461904,1594.3987911158442,1.0108989039531264,1594.3168465483743,1.0032887956307823
1594.4029577881906,1.0021241131447212,1594.4029577881906,1.0031313638463755,1594.4001800064716,1.003329818318389,1594.318235439467,0.9976135189867236
1594.4043466788175,1.0060461950631003,1594.4043466788175,1.0031023267752683,1594.4015688975642,0.979660035085776,1594.319624331025,1.0053890096283693
1594.4057355699092,0.9947043873775845,1594.4057355699092,1.0031927790545636,1594.4029577881906,1.0052621283622036,1594.321013222117,1.0135830915921296
1594.4071244605357,1.0036842305180331,1594.4071244605357,1.003147428309069,1594.4043466788175,1.0091672791112014,1594.32240211321,1.0025871047118862
1594.408513351163,0.9952502885296113,1594.408513351163,1.0030763967054597,1594.4057355699092,0.9978802587110862,1594.323791004303,0.996925850815615
1594.4099022422556,1.0107777257407673,1594.4099022422556,1.002991522192092,1594.4071244605357,1.0068432546785315,1594.3251798953952,1.003538437443369
1594.411291132882,0.9974939060536444,1594.411291132882,1.0030454527422887,1594.408513351163,0.9983120732383516,1594.3265687864878,1.017820729071564
1594.412680023509,1.003576420364533,1594.412680023509,1.0030585929782818,1594.4099022422556,1.013801489738593,1594.32795767758,1.0102311013413834
1594.4140689141364,0.994949897713707,1594.4140689141364,1.0029656338339084,1594.411291132882,1.0005317266052518,1594.3293465686725,1.009217035264535
1594.4154578052294,0.9934080457642342,1594.4154578052294,1.0028468118220084,1594.412680023509,1.0066459521570292,1594.3307354597646,0.999610099957898
1594.4168466958558,1.0042170265280268,1594.4168466958558,1.002838315347591,1594.4140689141364,0.9979005547934104,1594.3321243508572,1.0169682321106717
1594.4182355864823,0.9914884715998187,1594.4182355864823,1.002831724281029,1594.4154578052294,0.9962360915329942,1594.3335132419493,1.009016842088884
1594.4196244771092,1.0056176364441238,1594.4196244771092,1.0027774267456395,1594.4168466958558,1.0070673111267336,1594.334902133042,1.0172011450311609
1594.4210133677352,1.0004923264458205,1594.4210133677352,1.0027483735953326,1594.4182355864823,0.9942960935792082,1594.336291024134,1.009024037972617
1594.4224022583617,0.9951699647134464,1594.4224022583617,1.0026973061943947,1594.4196244771092,1.0084106657634706,1594.337679915227,1.0041188438945587
1594.4237911494547,1.0006671546188532,1594.4237911494547,1.0027223507504286,1594.4210133677352,1.0032420531381572,1594.3390688058544,0.9976636441597362
1594.4251800400816,0.992899652288693,1594.4251800400816,1.0027288505984264,1594.4224022583617,0.9978542428237436,1594.3404576969467,0.9961689299514852
1594.426568930708,1.0048064224572455,1594.426568930708,1.002668805201142,1594.4237911494547,1.0033913215981591,1594.341846588039,1.001908723536023
1594.427957821335,1.0070121920212363,1594.427957821335,1.0026804110491183,1594.4251800400816,0.9956091270990184,1594.3432354791312,0.9957186644402888
1594.4293467119624,1.0102563049454971,1594.4293467119624,1.002707479367775,1594.426568930708,1.0074880550636405,1594.3446243702238,1.0012616475295624
1594.4307356025895,0.9963059086652607,1594.4307356025895,1.0027534528875872,1594.427957821335,1.0097113986273267,1594.346013261316,1.0045002872356923
1594.4321244932162,0.995323093402948,1594.4321244932162,1.0027740225248225,1594.4293467119624,1.0129915530473017,1594.3474021524084,1.0068340906898456
1594.433513383843,1.0004860261681636,1594.433513383843,1.00274872519948,1594.4307356025895,0.9990491900463953,1594.348791043035,0.999274230547074
1594.4349022744689,0.9896768202271026,1594.4349022744689,1.0026363774578282,1594.4321244932162,0.9980841420835238,1594.3501799341277,1.0049746620325586
1594.4362911650946,1.0091044212975249,1594.4362911650946,1.0026716127392687,1594.433513383843,1.0032360873200197,1594.3515688252196,1.014635289702435
1594.437680055722,0.9899920256689873,1594.437680055722,1.0026912009348685,1594.4349022744689,0.9922859818864844,1594.3529577163126,1.0092306274893643
1594.4390689463494,1.0052003006209043,1594.4390689463494,1.0027630135518957,1594.4362911650946,1.0118003575247156,1594.3543466074057,1.007702947523157
1594.4404578369763,1.0000046315334619,1594.4404578369763,1.002810206807846,1594.437680055722,0.99265629313398,1594.3557354980326,1.0031018256602815
1594.4418467276028,0.9927126230098107,1594.4418467276028,1.0027721732533275,1594.4390689463494,1.0079776826738895,1594.3571243891247,0.9997235735090736
1594.4432356182297,0.9828853819122193,1594.4432356182297,1.002768354094623,1594.4404578369763,1.0028148513568746,1594.358513280217,0.9960362058737416
1594.444624508856,0.9946728457235395,1594.444624508856,1.0027042689461632,1594.4418467276028,0.995464594391559,1594.3599021713094,0.9948410741412504
1594.4460133994835,0.9970729524120759,1594.4460133994835,1.0025956082269918,1594.4432356182297,0.9856063566837812,1594.3612910619358,0.9961469732806074
1594.4474022901109,0.9895686524463626,1594.4474022901109,1.0026173198237385,1594.444624508856,0.9973627086118214,1594.3626799530284,0.9975220021064258
1594.4487911807378,0.9986530663955251,1594.4487911807378,1.0027226467456194,1594.4460133994835,0.9996609631702678,1594.3640688441203,1.0070777051810147
1594.4501800713638,0.9884777749680805,1594.4501800713638,1.002663382828455,1594.4474022901109,0.9921586700973606,1594.3654577347477,1.005788350423916
1594.4515689619898,1.0044548445127113,1594.4515689619898,1.0025538550679234,1594.4487911807378,1.0013720459167497,1594.3668466258396,1.0095625606902834
1594.4529578526171,0.9952898056891809,1594.4529578526171,1.002540361810364,1594.4501800713638,0.99111046970024,1594.3682355169326,0.9946948193419574
1594.4543467432443,1.0064446857034184,1594.4543467432443,1.0024450165823888,1594.4515689619898,1.0070200766078703,1594.36962440756,0.9968102246496472
1594.455735633871,1.0013141883933148,1594.455735633871,1.002475004972696,1594.4529578526171,0.9978182019017984,1594.3710132986523,1.0127147267850567
1594.4571245240318,0.9999937131495871,1594.4571245240318,1.0023986872587352,1594.4543467432443,1.0089054596492204,1594.372402189745,1.0062519006435426
1594.458513414659,1.0124335070307193,1594.458513414659,1.0023789776628063,1594.455735633871,1.0037924459888192,1594.3737910803716,0.9989165274719314
1594.4599023052851,1.0084848709932923,1594.4599023052851,1.0022582730202205,1594.4571245240318,1.0023923853281342,1594.3751799714632,1.0093694403918054
1594.4612911959125,1.0047102850037715,1594.4612911959125,1.0021368044579937,1594.458513414659,1.014842063729022,1594.3765688620897,1.008428747727723
1594.46268008654,1.0020958311659969,1594.46268008654,1.00210182160287,1594.4599023052851,1.010762305168757,1594.3779577531827,1.0064172829628442
1594.4640689767011,1.0095167355049057,1594.4640689767011,1.0022097609916014,1594.4612911959125,1.0068571544197595,1594.3793466442748,1.00453835776587
1594.4654578673271,1.005257792277997,1594.4654578673271,1.002271825850629,1594.46268008654,1.0042020578320876,1594.3807355349018,1.0029983771437083
1594.4668467579531,1.0026676383882327,1594.4668467579531,1.002247642899005,1594.4640689767011,1.0117475262073932,1594.382124425994,1.0097119521568447
1594.4682356485805,1.0021802035662966,1594.4682356485805,1.0023789220493007,1594.4654578673271,1.0075415629170403,1594.3835133166212,0.9989855341518332
1594.4696245387422,0.9841447465080746,1594.4696245387422,1.0023589507963016,1594.4668467579531,1.004921277185718,1594.3849022077145,1.009260210566934
1594.471013429369,1.0002330752681377,1594.471013429369,1.002376662239033,1594.4682356485805,1.004564312149933,1594.3862910983412,1.0027065440811995
1594.4724023199956,0.990097414261683,1594.4724023199956,1.0023306559919434,1594.4696245387422,0.9864662955415258,1594.3876799894333,0.9941329868812582
1594.473791210622,1.0053317331788258,1594.473791210622,1.0022778237632208,1594.471013429369,1.0026102914483594,1594.3890688800602,0.9995336513811438
1594.4751801007828,1.0100444213832689,1594.4751801007828,1.002177076788978,1594.4724023199956,0.9924049907328396,1594.390457771152,1.002679913161059
1594.4765689914102,1.0088279744808737,1594.4765689914102,1.0021363904682823,1594.473791210622,1.0076217016905806,1594.3918466617783,1.0034502417401787
1594.4779578820376,0.9985723730686147,1594.4779578820376,1.0021006117995375,1594.4751801007828,1.0122433656488992,1594.3932355524057,0.9905612454118936
1594.4793467721988,0.9979863926329487,1594.4793467721988,1.0019902767952107,1594.4765689914102,1.010983224949691,1594.3946244434983,1.011964755791541
1594.4807356628248,0.9863631706529967,1594.4807356628248,1.001901518592771,1594.4779578820376,1.0006699859781747,1594.3960133341247,1.0034416312810108
1594.4821245529852,0.9773763541518642,1594.4821245529852,1.001981193738548,1594.4793467721988,0.9999726617921422,1594.397402225217,1.0178842619595665
1594.4835134436123,1.002776557779585,1594.4835134436123,1.0020282589179101,1594.4807356628248,0.988238758561218,1594.3987911158442,1.0108989039531264
1594.48490233424,1.0081842412092028,1594.48490233424,1.0020174942868272,1594.4821245529852,0.9793127260649148,1594.4001800064716,1.003329818318389
1594.4862912244007,1.0077141254448387,1594.4862912244007,1.0020561993906494,1594.4835134436123,1.0048104482755726,1594.4015688975642,0.979660035085776
1594.4876801150276,0.9919926946430495,1594.4876801150276,1.002032639091357,1594.48490233424,1.0102182471559116,1594.4029577881906,1.0052621283622036
1594.4890690051884,1.0010866940178602,1594.4890690051884,1.0019610917676032,1594.4862912244007,1.009786186615527,1594.4043466788175,1.0091672791112014
1594.490457895815,0.9982116386158624,1594.490457895815,1.001990977336098,1594.4876801150276,0.9940090577725216,1594.4057355699092,0.9978802587110862
1594.491846785977,1.0030690171746441,1594.491846785977,1.0019977958292754,1594.4890690051884,1.0030499168921556,1594.4071244605357,1.0068432546785315
1594.4932356766042,0.9926164401370656,1594.4932356766042,1.0020818188023675,1594.490457895815,1.0001990553649758,1594.408513351163,0.9983120732383516
1594.4946245667643,1.0004085291121172,1594.4946245667643,1.0021742431744682,1594.491846785977,1.005072944273631,1594.4099022422556,1.013801489738593
1594.4960134573903,0.9897563872290425,1594.4960134573903,1.0021065662974116,1594.4932356766042,0.994682887705682,1594.411291132882,1.0005317266052518
1594.4974023475515,0.9966189480774037,1594.4974023475515,1.002104871919806,1594.4946245667643,1.002583660528219,1594.412680023509,1.0066459521570292
1594.498791238179,1.0055503569345068,1594.498791238179,1.0021019310417427,1594.4960134573903,0.991841374677027,1594.4140689141364,0.9979005547934104
1594.5001801283406,0.9847417318327134,1594.5001801283406,1.0020323384325884,1594.4974023475515,0.9987167033159584,1594.4154578052294,0.9962360915329942
1594.501569018967,0.9877521025459142,1594.501569018967,1.0019635979395154,1594.498791238179,1.0076639544437829,1594.4168466958558,1.0070673111267336
1594.5029579091283,0.992365126971476,1594.5029579091283,1.0018605431051406,1594.5001801283406,0.9867430603004907,1594.4182355864823,0.9942960935792082
1594.5043467992891,0.999279240344129,1594.5043467992891,1.001748294233704,1594.501569018967,0.9896916505392254,1594.4196244771092,1.0084106657634706
1594.505735689916,1.0056353697046652,1594.505735689916,1.001705919557694,1594.5029579091283,0.9942114650662448,1594.4210133677352,1.0032420531381572
1594.5071245800775,0.9974172522655044,1594.5071245800775,1.0016963462162936,1594.5043467992891,1.0010262744778826,1594.4224022583617,0.9978542428237436
1594.508513470705,1.0038695477354909,1594.508513470705,1.0016860080335828,1594.505735689916,1.0073509027497531,1594.4237911494547,1.0033913215981591
1594.5099023608657,1.0075200113016052,1594.5099023608657,1.0016935142089052,1594.5071245800775,0.9991092172474508,1594.4251800400816,0.9956091270990184
1594.5112912510256,0.9973776777509435,1594.5112912510256,1.0017164826241158,1594.508513470705,1.005562079857642,1594.426568930708,1.0074880550636405
1594.5126801416525,1.0058706637150248,1594.5126801416525,1.0018630457169264,1594.5099023608657,1.0092262607565008,1594.427957821335,1.0097113986273267
1594.514069031814,1.0021238553333245,1594.514069031814,1.0017866954732886,1594.5112912510256,0.999089659204484,1594.4293467119624,1.0129915530473017
1594.5154579219757,1.0168292654838738,1594.5154579219757,1.0017915459587396,1594.5126801416525,1.007744646746841,1594.4307356025895,0.9990491900463953
1594.5168468121365,1.0087615179602691,1594.5168468121365,1.0016861242087909,1594.514069031814,1.0039143454893231,1594.4321244932162,0.9980841420835238
1594.5182357027634,0.9963770991673226,1594.5182357027634,1.001840962827807,1594.5154579219757,1.0186509618451796,1594.433513383843,1.0032360873200197
1594.5196245929242,1.0096828797274469,1594.5196245929242,1.0017028783015332,1594.5168468121365,1.0104624151765986,1594.4349022744689,0.9922859818864844
1594.5210134830854,0.9978491488232326,1594.5210134830854,1.0017164243366299,1594.5182357027634,0.998211392369368,1594.4362911650946,1.0118003575247156
1594.5224023732471,0.9931154920813472,1594.5224023732471,1.001707570253426,1594.5196245929242,1.0114022467947643,1594.437680055722,0.99265629313398
1594.5237912638745,0.9934652306397415,1594.5237912638745,1.0016927611152757,1594.5210134830854,0.9995618813865582,1594.4390689463494,1.0079776826738895
1594.5251801540348,0.9955427028222585,1594.5251801540348,1.0017393785034279,1594.5224023732471,0.9948113065538418,1594.4404578369763,1.0028148513568746
1594.5265690441952,1.0031207668269093,1594.5265690441952,1.0017134866111002,1594.5237912638745,0.9951469299515469,1594.4418467276028,0.995464594391559
1594.527957934356,0.9956566145523554,1594.527957934356,1.0016154433443045,1594.5251801540348,0.997274328398792,1594.4432356182297,0.9856063566837812
1594.5293468245177,1.0034304351933352,1594.5293468245177,1.001622122204772,1594.5265690441952,1.0048396008301836,1594.444624508856,0.9973627086118214
1594.5307357146794,0.985059495078502,1594.5307357146794,1.001703293481615,1594.527957934356,0.9972650414035468,1594.4460133994835,0.9996609631702678
1594.532124605306,0.9896595585744754,1594.532124605306,1.0017194397635467,1594.5293468245177,1.0050581219832064,1594.4474022901109,0.9921586700973606
1594.533513495467,0.984878908033078,1594.533513495467,1.0016754555715979,1594.5307357146794,0.9867373404954722,1594.4487911807378,1.0013720459167497
1594.534902385628,1.0057306018927765,1594.534902385628,1.0016708759397688,1594.532124605306,0.9913612185718624,1594.4501800713638,0.99111046970024
1594.5362912757892,1.0060267947720682,1594.5362912757892,1.001753411980443,1594.533513495467,0.9865290288868912,1594.4515689619898,1.0070200766078703
1594.5376801659509,0.9859349119995211,1594.5376801659509,1.0017782808782376,1594.534902385628,1.0074110529573683,1594.4529578526171,0.9978182019017984
1594.5390690561117,0.9905747160816452,1594.5390690561117,1.0019020170719135,1594.5362912757892,1.0077907742066683,1594.4543467432443,1.0089054596492204
1594.540457946272,0.9847036299732369,1594.540457946272,1.0019576858584789,1594.5376801659509,0.9876881812007168,1594.455735633871,1.0037924459888192
1594.5418468364333,0.9961717168054846,1594.5418468364333,1.0019805882613688,1594.5390690561117,0.9924588061026384,1594.4571245240318,1.0023923853281342
1594.543235726594,0.9971820432712281,1594.543235726594,1.0020037953697227,1594.540457946272,0.9866313703444284,1594.458513414659,1.014842063729022
1594.5446246167558,1.0020190819954453,1594.5446246167558,1.0020161059718222,1594.5418468364333,0.9981447228140972,1594.4599023052851,1.010762305168757
1594.5460135069177,0.9941048880632326,1594.5460135069177,1.0019705493923707,1594.543235726594,0.9991801920323056,1594.4612911959125,1.0068571544197595
1594.5474023970787,1.0087498668273078,1594.5474023970787,1.0019815081838939,1594.5446246167558,1.0040392586505362,1594.46268008654,1.0042020578320876
1594.5487912872395,1.0080315017014931,1594.5487912872395,1.0018755437296696,1594.5460135069177,0.9960638208463584,1594.4640689767011,1.0117475262073932
1594.5501801774003,0.9982905202185299,1594.5501801774003,1.001932565433263,1594.5474023970787,1.010748712943928,1594.4654578673271,1.0075415629170403
1594.5515690675616,0.9996844254029772,1594.5515690675616,1.0019261230354235,1594.5487912872395,1.0099221088638188,1594.4668467579531,1.004921277185718
1594.5529579577233,0.9982379511712578,1594.5529579577233,1.0018760296365121,1594.5501801774003,1.0002197819702583,1594.4682356485805,1.004564312149933
1594.554346847884,0.997635730730238,1594.554346847884,1.0017534127636158,1594.5515690675616,1.0016099406029,1594.4696245387422,0.9864662955415258
1594.5557357380444,1.0021483617378317,1594.5557357380444,1.0018262696876516,1594.5529579577233,1.0001106751519462,1594.471013429369,1.0026102914483594
1594.5571246282057,1.0023101645572332,1594.5571246282057,1.0017902133856258,1594.554346847884,0.9993849979539396,1594.4724023199956,0.9924049907328396
1594.5585135183665,0.9862292703604056,1594.5585135183665,1.0017272955033407,1594.5557357380444,1.0039785549134033,1594.473791210622,1.0076217016905806
1594.5599024080625,1.0147986098021735,1594.5599024080625,1.0017219808731288,1594.5571246282057,1.0041045136303723,1594.4751801007828,1.0122433656488992
1594.5612912982242,1.0039197057595015,1594.5612912982242,1.0015734119376611,1594.5585135183665,0.9879327797443622,1594.4765689914102,1.010983224949691
1594.5626801883857,1.0080355099150133,1594.5626801883857,1.001638368288895,1594.5599024080625,1.0165460735983305,1594.4779578820376,1.0006699859781747
1594.5640690785465,1.0016768673949528,1594.5640690785465,1.0016363687121486,1594.5612912982242,1.0054992850089968,1594.4793467721988,0.9999726617921422
1594.5654579687075,0.9980403141536708,1594.5654579687075,1.0015900612397892,1594.5626801883857,1.009687043328538,1594.4807356628248,0.988238758561218
1594.5668468588683,0.9954349324911966,1594.5668468588683,1.001632571278978,1594.5640690785465,1.0033159800804408,1594.4821245529852,0.9793127260649148
1594.5682357485643,0.9958226550407345,1594.5682357485643,1.0017166044525303,1594.5654579687075,0.9996272593729536,1594.4835134436123,1.0048104482755726
1594.5696246387254,0.9952055582748002,1594.5696246387254,1.0017033658911705,1594.5668468588683,0.9970600509720732,1594.48490233424,1.0102182471559116
1594.5710135288855,1.0042461098137032,1594.5710135288855,1.0016458351106243,1594.5682357485643,0.997532088644308,1594.4862912244007,1.009786186615527
1594.5724024190467,1.0104410988762933,1594.5724024190467,1.0017149847477032,1594.5696246387254,0.9969007574774688,1594.4876801150276,0.9940090577725216
1594.573791308742,0.9942467804153259,1594.573791308742,1.0017252396890601,1594.5710135288855,1.0058989333209425,1594.4890690051884,1.0030499168921556
1594.5751801989036,0.984812173305865,1594.5751801989036,1.0017877986929349,1594.5724024190467,1.0121739899493185,1594.490457895815,1.0001990553649758
1594.5765690890653,1.005268668154114,1594.5765690890653,1.001727239896376,1594.573791308742,0.9959620944216186,1594.491846785977,1.005072944273631
1594.5779579787609,0.9885952688589197,1594.5779579787609,1.0018107280392896,1594.5751801989036,0.9865728192220876,1594.4932356766042,0.994682887705682
1594.5793468689217,1.0042079973395182,1594.5793468689217,1.0018068314253714,1594.5765690890653,1.0070050083043265,1594.4946245667643,1.002583660528219
1594.580735759083,0.9832726418020311,1594.580735759083,1.0017628695177954,1594.5779579787609,0.9903853460317515,1594.4960134573903,0.991841374677027
1594.582124648778,1.0038775861674072,1594.582124648778,1.0017938406207025,1594.5793468689217,1.0060224319067206,1594.4974023475515,0.9987167033159584
1594.583513538939,0.9955447444639361,1594.583513538939,1.0016737540620233,1594.580735759083,0.985006023169946,1594.498791238179,1.0076639544437829
1594.5849024291,0.9897789992522876,1594.5849024291,1.001616329765329,1594.582124648778,1.0056783825596871,1594.5001801283406,0.9867430603004907
1594.5862913187957,1.000226450807715,1594.5862913187957,1.001533886983955,1594.583513538939,0.9972110415239086,1594.501569018967,0.9896916505392254
1594.5876802089565,1.0147483832379198,1594.5876802089565,1.001472515948493,1594.5849024291,0.9913788085098768,1594.5029579091283,0.9942114650662448
1594.5890690986516,1.0009201795775011,1594.5890690986516,1.0013383731358223,1594.5862913187957,1.0017606851416163,1594.5043467992891,1.0010262744778826
1594.5904579888131,0.9980601688331567,1594.5904579888131,1.0012744084373868,1594.5876802089565,1.016242616415945,1594.505735689916,1.0073509027497531
1594.5918468785094,1.0133536040480586,1594.5918468785094,1.0011994299099631,1594.5890690986516,1.00225978425695,1594.5071245800775,0.9991092172474508
1594.5932357686706,0.9980126198425225,1594.5932357686706,1.0011107981226313,1594.5904579888131,0.9993321051333374,1594.508513470705,1.005562079857642
1594.5946246583658,1.0066798252564246,1594.5946246583658,1.0011326585502236,1594.5918468785094,1.0145690506701228,1594.5099023608657,1.0092262607565008
1594.596013548527,1.0014202196151356,1594.596013548527,1.0010592261021805,1594.5932357686706,0.999121210387006,1594.5112912510256,0.999089659204484
1594.5974024382222,0.9898218969233685,1594.5974024382222,1.0011038585132541,1594.5946246583658,1.007820049767839,1594.5126801416525,1.007744646746841
1594.5987913283834,0.9914458609447676,1594.5987913283834,1.0009819210446955,1594.596013548527,1.0024809500510032,1594.514069031814,1.0039143454893231
1594.6001802180783,1.0032943362792326,1594.6001802180783,1.0009786704387258,1594.5974024382222,0.9909145202508928,1594.5154579219757,1.0186509618451796
1594.6015691082398,1.0035088709975726,1594.6015691082398,1.0008869466516763,1594.5987913283834,0.9924193825003056,1594.5168468121365,1.0104624151765986
1594.602957997935,0.9932500616984403,1594.602957997935,1.0008686152061022,1594.6001802180783,1.0042762307874902,1594.5182357027634,0.998211392369368
1594.6043468880962,0.9943738729740611,1594.6043468880962,1.0008047691606685,1594.6015691082398,1.0043989298306313,1594.5196245929242,1.0114022467947643
1594.605735777791,1.009234813309925,1594.605735777791,1.0009462196654921,1594.602957997935,0.9941128138054935,1594.5210134830854,0.9995618813865582
1594.607124667953,0.9996390422801016,1594.607124667953,1.0009000205684162,1594.6043468880962,0.9951741144012052,1594.5224023732471,0.9948113065538418
1594.608513557649,0.9881943377771458,1594.608513557649,1.0007961023834504,1594.605735777791,1.010189771137378,1594.5237912638745,0.9951469299515469
1594.6099024473442,0.997987111273241,1594.6099024473442,1.0006677723257804,1594.607124667953,1.0005387379791455,1594.5251801540348,0.997274328398792
1594.6112913375057,0.9963675976554379,1594.6112913375057,1.0005806584275347,1594.608513557649,0.9889810416447624,1594.5265690441952,1.0048396008301836
1594.6126802272006,0.9990723616943318,1594.6126802272006,1.0006776102662047,1594.6099024473442,0.9986535394476348,1594.527957934356,0.9972650414035468
1594.6140691168962,1.0145466724453855,1594.6140691168962,1.0005843212152827,1594.6112913375057,0.9969461468979391,1594.5293468245177,1.0050581219832064
1594.615458007057,1.0106054579629864,1594.615458007057,1.000590030595055,1594.6126802272006,0.9997493433832972,1594.5307357146794,0.9867373404954722
1594.6168468967526,1.002955038002462,1594.6168468967526,1.0005400428667488,1594.6140691168962,1.0151394935899898,1594.532124605306,0.9913612185718624
1594.6182357864477,1.0041908546365192,1594.6182357864477,1.000609903242767,1594.615458007057,1.011201746102714,1594.533513495467,0.9865290288868912
1594.6196246761433,1.0013142823847618,1594.6196246761433,1.0005256047242455,1594.6168468967526,1.003496676716405,1594.534902385628,1.0074110529573683
1594.621013566304,1.005402125601253,1594.621013566304,1.0006437058588276,1594.6182357864477,1.0048033138951191,1594.5362912757892,1.0077907742066683
1594.622402456,0.9979648933834667,1594.622402456,1.0006193622705266,1594.6196246761433,1.0018405779020376,1594.5376801659509,0.9876881812007168
1594.6237913456962,1.0006997957225077,1594.6237913456962,1.0006282662141555,1594.621013566304,1.0060493088399802,1594.5390690561117,0.9924588061026384
1594.6251802353918,0.999126925652155,1594.6251802353918,1.0007608493558824,1594.622402456,0.9985829951857386,1594.540457946272,0.9866313703444284
1594.6265691255526,0.9941484977863116,1594.6265691255526,1.000868019658857,1594.6237913456962,1.0013285015946725,1594.5418468364333,0.9981447228140972
1594.6279580152473,0.9926707428574653,1594.6279580152473,1.00085185560963,1594.6251802353918,0.9998871107299822,1594.543235726594,0.9991801920323056
1594.6293469049424,0.9992075685387313,1594.6293469049424,1.0007775795649174,1594.6265691255526,0.9950114382262134,1594.5446246167558,1.0040392586505362
1594.6307357946384,1.0040621047430323,1594.6307357946384,1.000654414365663,1594.6279580152473,0.993516354998284,1594.5460135069177,0.9960638208463584
1594.632124684334,0.9971960808521111,1594.632124684334,1.0006061692579826,1594.6293469049424,0.9999845319251378,1594.5474023970787,1.010748712943928
1594.6335135740292,1.0107422557213945,1594.6335135740292,1.0005307297496222,1594.6307357946384,1.004719177408394,1594.5487912872395,1.0099221088638188
1594.6349024637248,1.0047043695615632,1594.6349024637248,1.0004510199571934,1594.632124684334,0.9978005504605044,1594.5501801774003,1.0002197819702583
1594.63629135342,1.011443201417761,1594.63629135342,1.0004589202963685,1594.6335135740292,1.0112786867057062,1594.5515690675616,1.0016099406029
1594.6376802435816,0.9910230952862383,1594.6376802435816,1.000336035068191,1594.6349024637248,1.0051575112833149,1594.5529579577233,1.0001106751519462
1594.6390691332776,1.0028964953088104,1594.6390691332776,1.0002886921460297,1594.63629135342,1.0119073732315156,1594.554346847884,0.9993849979539396
1594.6404580229732,0.9903240601144135,1594.6404580229732,1.0001757217017795,1594.6376802435816,0.9913561137996416,1594.5557357380444,1.0039785549134033
1594.6418469126684,1.0109717730040844,1594.6418469126684,1.000037426220631,1594.6390691332776,1.0031860236502868,1594.5571246282057,1.0041045136303723
1594.643235802363,0.9955285544970032,1594.643235802363,1.000015880657914,1594.6404580229732,0.99049808154357,1594.5585135183665,0.9879327797443622
1594.6446246920586,1.0050163495997808,1594.6446246920586,0.9998950599476458,1594.6418469126684,1.0110096098567125,1594.5599024080625,1.0165460735983305
1594.6460135817545,1.0077032253823672,1594.6460135817545,0.9999506536300641,1594.643235802363,0.9955443641454208,1594.5612912982242,1.0054992850089968
1594.6474024714498,1.0078958177827133,1594.6474024714498,0.9999795007818905,1594.6446246920586,1.004910883131437,1594.5626801883857,1.009687043328538
1594.648791361145,1.012677935020854,1594.648791361145,0.9999830073166992,1594.6460135817545,1.0076534988862218,1594.5640690785465,1.0033159800804408
1594.6501802508403,0.9963593896593804,1594.6501802508403,1.0000629168473636,1594.6474024714498,1.007875156706513,1594.5654579687075,0.9996272593729536
1594.6515691405357,0.9954073635675397,1594.6515691405357,1.0000412448841975,1594.648791361145,1.0126607269054184,1594.5668468588683,0.9970600509720732
1594.6529580302315,1.010698202193255,1594.6529580302315,1.000051010584878,1594.6501802508403,0.9964220774510189,1594.5682357485643,0.997532088644308
1594.654346919462,1.0100784500713682,1594.654346919462,1.0000056628617748,1594.6515691405357,0.9954484190289794,1594.5696246387254,0.9969007574774688
1594.6557358091577,1.0114765165924837,1594.6557358091577,1.0001498504840298,1594.6529580302315,1.010749758499684,1594.5710135288855,1.0058989333209425
1594.6571246988524,0.9920954856180985,1594.6571246988524,1.0002752090638407,1594.654346919462,1.0100841700060128,1594.5724024190467,1.0121739899493185
1594.658513588547,1.0109659835786986,1594.658513588547,1.0004144360950378,1594.6557358091577,1.0116280868380798,1594.573791308742,0.9959620944216186
1594.659902478243,1.0144362621925263,1594.659902478243,1.0003269092336824,1594.6571246988524,0.992368519287936,1594.5751801989036,0.9865728192220876
1594.6612913679392,1.0149833856313306,1594.6612913679392,1.0002056124916103,1594.658513588547,1.011384964373149,1594.5765690890653,1.0070050083043265
1594.6626802576343,1.0072508483813116,1594.6626802576343,1.0002946667763077,1594.659902478243,1.0147678907736193,1594.5779579787609,0.9903853460317515
1594.6640691468642,1.00166431079041,1594.6640691468642,1.0004181401319072,1594.6612913679392,1.0151920788941933,1594.5793468689217,1.0060224319067206
1594.6654580365594,1.0139305566586967,1594.6654580365594,1.0004277295786619,1594.6626802576343,1.0075476517417374,1594.580735759083,0.985006023169946
1594.6668469262545,0.9967209243413722,1594.6668469262545,1.0003822638362652,1594.6640691468642,1.0020831468374507,1594.582124648778,1.0056783825596871
1594.6682358159503,1.010269943343788,1594.6682358159503,1.0004755463545751,1594.6654580365594,1.0143642447484886,1594.583513538939,0.9972110415239086
1594.669624705181,1.0007628741565116,1594.669624705181,1.0004062700237737,1594.6668469262545,0.9971019347055966,1594.5849024291,0.9913788085098768
1594.6710135948765,0.9987415157219985,1594.6710135948765,1.0004260507866527,1594.6682358159503,1.010750373532482,1594.5862913187957,1.0017606851416163
1594.6724024845712,0.9934663608237717,1594.6724024845712,1.0002935585664792,1594.669624705181,1.001169454113187,1594.5876802089565,1.016242616415945
1594.673791374266,1.0014136810979561,1594.673791374266,1.000235104731043,1594.6710135948765,0.9991670303304346,1594.5890690986516,1.00225978425695
1594.6751802634965,1.0063246997608373,1594.6751802634965,1.0002749848251804,1594.6724024845712,0.9937580013845004,1594.5904579888131,0.9993321051333374
1594.6765691531923,1.0025833333407907,1594.6765691531923,1.0003306067781974,1594.673791374266,1.0016491181921134,1594.5918468785094,1.0145690506701228
1594.6779580428874,0.9949100387147013,1594.6779580428874,1.0004169424461293,1594.6751802634965,1.0066014237824756,1594.5932357686706,0.999121210387006
1594.6793469321174,1.0075050326751152,1594.6793469321174,1.0004489232296632,1594.6765691531923,1.0029147941865009,1594.5946246583658,1.007820049767839
1594.6807358218125,0.9934922811891362,1594.6807358218125,1.000418883191708,1594.6779580428874,0.9953248589399216,1594.596013548527,1.0024809500510032
1594.682124711508,0.9954595622878081,1594.682124711508,1.000449836670197,1594.6793469321174,1.0079573250882856,1594.5974024382222,0.9909145202508928
1594.6835136007385,0.9898193096331184,1594.6835136007385,1.000497916630753,1594.6807358218125,0.993908438406818,1594.5987913283834,0.9924193825003056
1594.6849024904343,0.9906254446172822,1594.6849024904343,1.0003617813693952,1594.682124711508,0.9959073565026234,1594.6001802180783,1.0042762307874902
1594.686291379664,0.9999292824373919,1594.686291379664,1.0002578595265057,1594.6835136007385,0.9903121571288253,1594.6015691082398,1.0043989298306313
1594.687680269359,1.0072147583229287,1594.687680269359,1.000135535589977,1594.6849024904343,0.9909838344471936,1594.602957997935,0.9941128138054935
1594.6890691585877,0.9972518118079651,1594.6890691585877,1.0001835445660356,1594.686291379664,1.0001871237287003,1594.6043468880962,0.9951741144012052
1594.6904580482835,1.0006796032537761,1594.6904580482835,1.0001461327230616,1594.687680269359,1.0073512717694315,1594.605735777791,1.010189771137378
1594.691846937514,1.0031420697818119,1594.691846937514,1.0001046363473016,1594.6890691585877,0.9974348519589916,1594.607124667953,1.0005387379791455
1594.6932358272093,0.9954084761509242,1594.6932358272093,1.0000681166228895,1594.6904580482835,1.000825835289112,1594.608513557649,0.9889810416447624
1594.6946247164392,0.9895554128670369,1594.6946247164392,1.0001490495332233,1594.691846937514,1.0032470349038185,1594.6099024473442,0.9986535394476348
1594.6960136061343,1.001532406093386,1594.6960136061343,1.0000701695941874,1594.6932358272093,0.9954762800147152,1594.6112913375057,0.9969461468979391
1594.6974024953645,1.0023702767486233,1594.6974024953645,1.0000359231728775,1594.6946247164392,0.9897029056394232,1594.6126802272006,0.9997493433832972
1594.6987913850603,1.000339031939597,1594.6987913850603,1.000099299021424,1594.6960136061343,1.001602683215887,1594.6140691168962,1.0151394935899898
1594.7001802742907,1.0001729460863484,1594.7001802742907,1.000208245977979,1594.6974024953645,1.0024062850693622,1594.615458007057,1.011201746102714
1594.7015691639854,1.0070672101789602,1594.7015691639854,1.0001882009934882,1594.6987913850603,1.0004383646265609,1594.6168468967526,1.003496676716405
1594.7029580532142,1.006934575950623,1594.7029580532142,1.0002986297623941,1594.7001802742907,1.0003812280796545,1594.6182357864477,1.0048033138951191
1594.704346942444,0.9997534143955422,1594.704346942444,1.0002066901910727,1594.7015691639854,1.0072567412284252,1594.6196246761433,1.0018405779020376
1594.70573583214,1.005792173784773,1594.70573583214,1.0003215729841903,1594.7029580532142,1.0072352765837855,1594.621013566304,1.0060493088399802
1594.7071247213703,0.9946615933471747,1594.7071247213703,1.000345601013089,1594.704346942444,0.9999600536197892,1594.622402456,0.9985829951857386
1594.7085136105998,1.0020667554855576,1594.7085136105998,1.0003213984004429,1594.70573583214,1.0061156093755723,1594.6237913456962,1.0013285015946725
1594.7099025002954,0.9963032953462989,1594.7099025002954,1.0003782481382877,1594.7071247213703,0.9950053494015162,1594.6251802353918,0.9998871107299822
1594.7112913895248,0.99692451846057,1594.7112913895248,1.0004421947540847,1594.7085136105998,1.0023888181379077,1594.6265691255526,0.9950114382262134
1594.7126802787548,0.9897037899170879,1594.7126802787548,1.0003699766533516,1594.7099025002954,0.9966801452129336,1594.6279580152473,0.993516354998284
1594.7140691684508,0.998175260560798,1594.7140691684508,1.0003625146730533,1594.7112913895248,0.9973653532528516,1594.6293469049424,0.9999845319251378
1594.7154580576812,0.9830118057981364,1594.7154580576812,1.0004028991764387,1594.7126802787548,0.9900699572130908,1594.6307357946384,1.004719177408394
1594.7168469469102,0.9941142959806875,1594.7168469469102,1.0003180542379249,1594.7140691684508,0.99853711373903,1594.632124684334,0.9978005504605044
1594.7182358361392,0.9952496654984495,1594.7182358361392,1.000357840284511,1594.7154580576812,0.983407860445122,1594.6335135740292,1.0112786867057062
1594.7196247258344,0.9935720239584209,1594.7196247258344,1.0003590801928774,1594.7168469469102,0.9944304782455058,1594.6349024637248,1.0051575112833149
1594.7210136150647,0.9983942631435203,1594.7210136150647,1.0003689756001468,1594.7182358361392,0.995605805921911,1594.63629135342,1.0119073732315156
1594.7224025042951,0.9890880512501455,1594.7224025042951,1.0004137017136236,1594.7196247258344,0.9939287959924216,1594.6376802435816,0.9913561137996416
1594.7237913935246,1.0100241574168347,1594.7237913935246,1.0005497264533814,1594.7210136150647,0.9987626462659468,1594.6390691332776,1.0031860236502868
1594.7251802827543,0.9976939313655497,1594.7251802827543,1.0005784531378328,1594.7224025042951,0.9894972386718724,1594.6404580229732,0.99049808154357
1594.7265691724497,0.9981272345966659,1594.7265691724497,1.0004852684080516,1594.7237913935246,1.010579394414721,1594.6418469126684,1.0110096098567125
1594.7279580616796,0.9899187476116288,1594.7279580616796,1.00055522521332,1594.7251802827543,0.9982710505507448,1594.643235802363,0.9955443641454208
1594.72934695091,1.0132078129913558,1594.72934695091,1.0005993528319463,1594.7265691724497,0.9986115942108316,1594.6446246920586,1.004910883131437
1594.7307358401397,0.9905054728129937,1594.7307358401397,1.0006022893909143,1594.7279580616796,0.990468375459441,1594.6460135817545,1.0076534988862218
1594.7321247293685,0.9899738511683959,1594.7321247293685,1.0006708766457488,1594.72934695091,1.0138150819634222,1594.6474024714498,1.007875156706513
1594.7335136185984,0.9919685646440963,1594.7335136185984,1.0007654660990273,1594.7307358401397,0.9911020437509116,1594.648791361145,1.0126607269054184
1594.734902507828,0.977653751308533,1594.734902507828,1.0008298183791813,1594.7321247293685,0.9906380015050468,1594.6501802508403,0.9964220774510189
1594.7362913970585,1.0046075428336978,1594.7362913970585,1.0008781017721275,1594.7335136185984,0.9927278829516322,1594.6515691405357,0.9954484190289794
1594.7376802862889,0.9889588512564668,1594.7376802862889,1.0009329608671145,1594.734902507828,0.9784650263598444,1594.6529580302315,1.010749758499684
1594.7390691755186,0.999921796652391,1594.7390691755186,1.0008857184222155,1594.7362913970585,1.0054896904973527,1594.654346919462,1.0100841700060128
1594.740458064748,0.998658650993802,1594.740458064748,1.0008175458793536,1594.7376802862889,0.9898815111638756,1594.6557358091577,1.0116280868380798
1594.7418469539778,1.0018982251389463,1594.7418469539778,1.0008629563577907,1594.7390691755186,1.0008074458084608,1594.6571246988524,0.992368519287936
1594.7432358432077,0.9908628520187918,1594.7432358432077,1.000872467441665,1594.740458064748,0.9994751002588028,1594.658513588547,1.011384964373149
1594.7446247324378,1.006047332073037,1594.7446247324378,1.0007925444017491,1594.7418469539778,1.0027628195821892,1594.659902478243,1.0147678907736193
1594.746013621667,0.9950325772579832,1594.746013621667,1.0008149872263212,1594.7432358432077,0.9917273475963334,1594.6612913679392,1.0151920788941933
1594.7474025108963,1.0086123038963888,1594.7474025108963,1.0009036655817487,1594.7446247324378,1.006844669253966,1594.6626802576343,1.0075476517417374
1594.7487914001265,1.015736162026604,1594.7487914001265,1.0009411714349843,1594.746013621667,0.995843516098222,1594.6640691468642,1.0020831468374507
1594.7501802893555,1.0038462925317422,1594.7501802893555,1.0009502298341941,1594.7474025108963,1.0095237521207483,1594.6654580365594,1.0143642447484886
1594.7515691785857,0.9871828489283115,1594.7515691785857,1.0009561675037912,1594.7487914001265,1.016692143887784,1594.6668469262545,0.9971019347055966
1594.7529580673504,0.9871158336090424,1594.7529580673504,1.0010107889508728,1594.7501802893555,1.004800177227851,1594.6682358159503,1.010750373532482
1594.7543469565808,0.990804702169843,1594.7543469565808,1.0010915454839566,1594.7515691785857,0.9881267610887569,1594.669624705181,1.001169454113187
1594.7557358458102,0.9916881710182678,1594.7557358458102,1.0011296708608644,1594.7529580673504,0.988113599386886,1594.6710135948765,0.9991670303304346
1594.7571247350402,0.9960804976499605,1594.7571247350402,1.0011282622429658,1594.7543469565808,0.9918862105679794,1594.6724024845712,0.9937580013845004
1594.7585136242697,0.997555594642624,1594.7585136242697,1.0009907061445882,1594.7557358458102,0.992808452248131,1594.673791374266,1.0016491181921134
1594.759902513034,0.9990256355443898,1594.759902513034,1.000921662382356,1594.7571247350402,0.9972043376664136,1594.6751802634965,1.0066014237824756
1594.7612914022634,0.9945269118650818,1594.7612914022634,1.0008653550815547,1594.7585136242697,0.9985438790998048,1594.6765691531923,1.0029147941865009
1594.7626802914929,0.9979274731247283,1594.7626802914929,1.0009291076483258,1594.759902513034,0.9999463998916804,1594.6779580428874,0.9953248589399216
1594.7640691807228,0.9857861428573524,1594.7640691807228,1.0009798863904342,1594.7612914022634,0.9953875307820071,1594.6793469321174,1.0079573250882856
1594.7654580694866,0.984686514159141,1594.7654580694866,1.0010947316139995,1594.7626802914929,0.9988546551724828,1594.6807358218125,0.993908438406818
1594.7668469587163,0.9947774122420853,1594.7668469587163,1.0010031975091818,1594.7640691807228,0.986752101282617,1594.682124711508,0.9959073565026234
1594.768235847947,0.9937588781904165,1594.768235847947,1.0010983378061151,1594.7654580694866,0.98576448161607,1594.6835136007385,0.9903121571288253
1594.7696247367116,1.0045247383741711,1594.7696247367116,1.0010933441375476,1594.7668469587163,0.9957753704642368,1594.6849024904343,0.9909838344471936
1594.7710136259411,0.9970839243421032,1594.7710136259411,1.0011056603817234,1594.768235847947,0.9948503611364956,1594.686291379664,1.0001871237287003
1594.772402515171,0.9945014343534889,1594.772402515171,1.0010961917933319,1594.7696247367116,1.005623029607894,1594.687680269359,1.0073512717694315
1594.7737914039349,1.004672096577327,1594.7737914039349,1.001046356202639,1594.7710136259411,0.9981863605345016,1594.6890691585877,0.9974348519589916
1594.7751802931648,1.001126518616212,1594.7751802931648,1.0011191507111559,1594.772402515171,0.995591598664284,1594.6904580482835,1.000825835289112
1594.7765691823945,0.9971232928119572,1594.7765691823945,1.001240752790043,1594.7737914039349,1.005723341457199,1594.691846937514,1.0032470349038185
1594.7779580711583,0.998760452874552,1594.7779580711583,1.0011190039314106,1594.7751802931648,1.0022469300714782,1594.6932358272093,0.9954762800147152
1594.779346960388,1.010308066044481,1594.779346960388,1.0010400386476965,1594.7765691823945,0.9983604763195306,1594.6946247164392,0.9897029056394232
1594.7807358491518,1.0064731353317686,1594.7807358491518,1.0010398627486548,1594.7779580711583,0.999878069747856,1594.6960136061343,1.001602683215887
1594.7821247383818,1.0142568618443593,1594.7821247383818,1.0011728124860992,1594.779346960388,1.0113588254792467,1594.6974024953645,1.0024062850693622
1594.7835136271465,0.9976442621752956,1594.7835136271465,1.0011641788867285,1594.7807358491518,1.0075197292527218,1594.6987913850603,1.0004383646265609
1594.7849025163769,0.9837173517235052,1594.7849025163769,1.0010497256055808,1594.7821247383818,1.0154463949560422,1594.7001802742907,1.0003812280796545
1594.786291405141,1.0022053563245594,1594.786291405141,1.0009063406646008,1594.7835136271465,0.9988056985617858,1594.7015691639854,1.0072567412284252
1594.7876802943706,1.0062163082600017,1594.7876802943706,1.000915364911927,1594.7849025163769,0.9847499850162634,1594.7029580532142,1.0072352765837855
1594.789069183134,0.9925087729054584,1594.789069183134,1.0009785643018936,1594.786291405141,1.0031136957932771,1594.704346942444,0.9999600536197892
1594.7904580723634,0.987024642125642,1594.7904580723634,1.0009776520342486,1594.7876802943706,1.0071373633623917,1594.70573583214,1.0061156093755723
1594.7918469611282,1.0094813918912993,1594.7918469611282,1.001064294272901,1594.789069183134,0.9934800065599398,1594.7071247213703,0.9950053494015162
1594.7932358498924,0.9950574622635912,1594.7932358498924,1.0010350300138207,1594.7904580723634,0.9879896087748696,1594.7085136105998,1.0023888181379077
1594.794624739122,0.9974290515342353,1594.794624739122,1.0009862381405341,1594.7918469611282,1.010555777155289,1594.7099025002954,0.9966801452129336
1594.7960136278862,0.9939720026199499,1594.7960136278862,1.0010611465113164,1594.7932358498924,0.9960873766025102,1594.7112913895248,0.9973653532528516
1594.7974025171156,1.001143565710058,1594.7974025171156,1.001142465531822,1594.794624739122,0.9984127541073352,1594.7126802787548,0.9900699572130908
1594.7987914058804,1.0032805552007371,1594.7987914058804,1.0011880964398243,1594.7960136278862,0.9950267525428762,1594.7140691684508,0.99853711373903
1594.800180294645,1.006689383451469,1594.800180294645,1.001067007182075,1594.7974025171156,1.002287337726287,1594.7154580576812,0.983407860445122
1594.8015691838746,1.0098204819400458,1594.8015691838746,1.001065802702101,1594.7987914058804,1.004472549256516,1594.7168469469102,0.9944304782455058
1594.8029580726388,1.0016927421185933,1594.8029580726388,1.0011671835066236,1594.800180294645,1.0077635282537305,1594.7182358361392,0.995605805921911
1594.8043469614022,0.9994131952353666,1594.8043469614022,1.0011762966700024,1594.8015691838746,1.0108967513383345,1594.7196247258344,0.9939287959924216
1594.805735850166,1.0155197819114918,1594.805735850166,1.0012748451773514,1594.8029580726388,1.0028619013658986,1594.7210136150647,0.9987626462659468
1594.8071247393964,0.9964047537740021,1594.8071247393964,1.0013035541155992,1594.8043469614022,1.0005888016488784,1594.7224025042951,0.9894972386718724
1594.8085136281609,0.9849473935163882,1594.8085136281609,1.0014125452067524,1594.805735850166,1.0168144124079668,1594.7237913935246,1.010579394414721
1594.8099025169245,0.9918238607805957,1594.8099025169245,1.0015548932254126,1594.8071247393964,0.9977036212915869,1594.7251802827543,0.9982710505507448
1594.8112914056887,0.9921429763233134,1594.8112914056887,1.0016441802905176,1594.8085136281609,0.986338676236003,1594.7265691724497,0.9986115942108316
1594.8126802944523,1.007356040457856,1594.8126802944523,1.0016671122761671,1594.8099025169245,0.993366040982526,1594.7279580616796,0.990468375459441
1594.814069183683,0.9923496162423153,1594.814069183683,1.0016998767020955,1594.8112914056887,0.9937742382503596,1594.72934695091,1.0138150819634222
1594.8154580724477,0.9884121867217862,1594.8154580724477,1.0016450356617477,1594.8126802944523,1.0090354160793744,1594.7307358401397,0.9911020437509116
1594.816846961212,0.9903545532515283,1594.816846961212,1.0016895962807135,1594.814069183683,0.994036488235299,1594.7321247293685,0.9906380015050468
1594.818235849975,1.0046739816845967,1594.818235849975,1.0017724110555366,1594.8154580724477,0.9900381600174496,1594.7335136185984,0.9927278829516322
1594.8196247387382,0.9947941724554769,1594.8196247387382,1.0019198921607806,1594.816846961212,0.9920278526212898,1594.734902507828,0.9784650263598444
1594.821013627503,1.0030687461547254,1594.821013627503,1.0018577775670265,1594.818235849975,1.0064546769569445,1594.7362913970585,1.0054896904973527
1594.8224025162676,1.001383469847142,1594.8224025162676,1.001914670034935,1594.8196247387382,0.9967040699887644,1594.7376802862889,0.9898815111638756
1594.823791405032,1.0030205925095268,1594.823791405032,1.0019513733897352,1594.821013627503,1.0049322247695172,1594.7390691755186,1.0008074458084608
1594.8251802937957,1.0030406231299402,1594.8251802937957,1.0019783945365621,1594.8224025162676,1.0033007887703376,1594.740458064748,0.9994751002588028
1594.82656918256,1.0032930429474678,1594.82656918256,1.0019007692905408,1594.823791405032,1.0049778602031063,1594.7418469539778,1.0027628195821892
1594.8279580713238,0.9954172281762703,1594.8279580713238,1.00184556948041,1594.8251802937957,1.0050250332186903,1594.7432358432077,0.9917273475963334
1594.8293469600883,1.0043768284389545,1594.8293469600883,1.0019130112522023,1594.82656918256,1.0052000715529157,1594.7446247324378,1.006844669253966
1594.8307358488532,1.009108828330644,1594.8307358488532,1.00186722887652,1594.8279580713238,0.9972543398328668,1594.746013621667,0.995843516098222
1594.8321247376175,0.9852889997492577,1594.8321247376175,1.0019101622728273,1594.8293469600883,1.0062982126132094,1594.7474025108963,1.0095237521207483
1594.8335136263809,0.9992381146396934,1594.8335136263809,1.0019737429203772,1594.8307358488532,1.0109930654744543,1594.7487914001265,1.016692143887784
1594.8349025151442,1.0061873870045115,1594.8349025151442,1.002082161282975,1594.8321247376175,0.9871710616244104,1594.7501802893555,1.004800177227851
1594.836291403909,0.998551138247759,1594.836291403909,1.002115516480234,1594.8335136263809,1.0012103537942345,1594.7515691785857,0.9881267610887569
1594.8376802926734,0.9993443411576208,1594.8376802926734,1.002122889151822,1594.8349025151442,1.00828243142515,1594.7529580673504,0.988113599386886
1594.8390691814377,1.0012214975153408,1594.8390691814377,1.0020758330808497,1594.836291403909,1.0006635896370786,1594.7543469565808,0.9918862105679794
1594.8404580702013,0.9968762016806457,1594.8404580702013,1.0020646728673317,1594.8376802926734,1.001465838418399,1594.7557358458102,0.992808452248131
1594.8418469589656,1.0011355501614765,1594.8418469589656,1.0021848987274755,1594.8390691814377,1.003299866221141,1594.7571247350402,0.9972043376664136
1594.8432358477294,1.0135108385332185,1594.8432358477294,1.0022863552011243,1594.8404580702013,0.9989344249263444,1594.7585136242697,0.9985438790998048
1594.8446247360284,1.0011493614862628,1594.8446247360284,1.0024242371559036,1594.8418469589656,1.0033229299510549,1594.759902513034,0.9999463998916804
1594.8460136247932,0.9955444800037758,1594.8460136247932,1.0023757625325105,1594.8432358477294,1.015828084310295,1594.7612914022634,0.9953875307820071
1594.8474025135563,1.0087162359273185,1594.8474025135563,1.002464825715576,1594.8446247360284,1.003576384966987,1594.7626802914929,0.9988546551724828
1594.84879140232,1.0056327423935516,1594.84879140232,1.0024645815477524,1594.8460136247932,0.9979096572788164,1594.7640691807228,0.986752101282617
1594.8501802906185,0.9910056782765009,1594.8501802906185,1.0025186928752403,1594.8474025135563,1.011202545645351,1594.7654580694866,0.98576448161607
1594.8515691793832,0.9996681432221656,1594.8515691793832,1.0025203340775606,1594.84879140232,1.0081112062942703,1594.7668469587163,0.9957753704642368
1594.852958068148,0.9976612959759631,1594.852958068148,1.0026518996533997,1594.8501802906185,0.9935017172176986,1594.768235847947,0.9948503611364956
1594.8543469569115,1.0089874675224846,1594.8543469569115,1.0026436748041327,1594.8515691793832,1.00218764090978,1594.7696247367116,1.005623029607894
1594.85573584521,1.0072433643909526,1594.85573584521,1.0027685358167848,1594.852958068148,1.000306993620972,1594.7710136259411,0.9981863605345016
1594.8571247339742,1.0004335573186551,1594.8571247339742,1.002867095460498,1594.8543469569115,1.0116549022680594,1594.772402515171,0.995591598664284
1594.858513622738,1.0028830954038859,1594.858513622738,1.0029685936154726,1594.85573584521,1.010031953721488,1594.7737914039349,1.005723341457199
1594.859902511037,0.9993679702383635,1594.859902511037,1.0029519233279263,1594.8571247339742,1.0033018958293731,1594.7751802931648,1.0022469300714782
1594.8612913998018,1.0032956969845124,1594.8612913998018,1.0029696647835111,1594.858513622738,1.0058602477579672,1594.7765691823945,0.9983604763195306
1594.8626802880997,0.9999169722204115,1594.8626802880997,1.003080615144176,1594.859902511037,1.0023180278628925,1594.7779580711583,0.999878069747856
1594.865458065627,0.9977486249385987,1594.865458065627,1.0030934618887082,1594.8612913998018,1.0062751488832955,1594.779346960388,1.0113588254792467
1594.866846953926,1.0091591156204855,1594.866846953926,1.0031598030988227,1594.8626802880997,1.0029973315879523,1594.7807358491518,1.0075197292527218
1594.8682358426909,1.016520722711885,1594.8682358426909,1.0032303046743023,1594.865458065627,1.0008351222843572,1594.7821247383818,1.0154463949560422
1594.869624730989,0.9868594542410495,1594.869624730989,1.0033130195017033,1594.866846953926,1.0123478597212283,1594.7835136271465,0.9988056985617858
1594.8710136197533,1.006645583248511,1594.8710136197533,1.0032080333470523,1594.8682358426909,1.0198043943539865,1594.7849025163769,0.9847499850162634
1594.8724025080514,1.0071807816201084,1594.8724025080514,1.003335239565311,1594.869624730989,0.9901289388583904,1594.786291405141,1.0031136957932771
1594.8737913968157,1.0023869310938944,1594.8737913968157,1.0032642249493562,1594.8710136197533,1.0098749358482353,1594.7876802943706,1.0071373633623917
1594.8765691738786,0.9926416285592764,1594.8765691738786,1.0031124234143696,1594.8724025080514,1.0105399708123886,1594.789069183134,0.9934800065599398
1594.8779580621765,0.9971902837600891,1594.8779580621765,1.0031864280599632,1594.8737913968157,1.0056589475232798,1594.7904580723634,0.9879896087748696
1594.8793469504744,1.0081016895819415,1594.8793469504744,1.0032024684602914,1594.8765691738786,0.9957311496060822,1594.7918469611282,1.010555777155289
1594.8807358392387,1.008665020246479,1594.8807358392387,1.0032928520696884,1594.8779580621765,1.0003677588613848,1594.7932358498924,0.9960873766025102
1594.8821247275378,0.9942768072344446,1594.8821247275378,1.0033770735166798,1594.8793469504744,1.011330103447594,1594.794624739122,0.9984127541073352
1594.8835136163025,0.9889105223508449,1594.8835136163025,1.0034493211039133,1594.8807358392387,1.01198640494602,1594.7960136278862,0.9950267525428762
1594.8849025046006,0.9939056914441949,1594.8849025046006,1.00354504530974,1594.8821247275378,0.997634553108405,1594.7974025171156,1.002287337726287
1594.8862913928992,0.9990716727750316,1594.8862913928992,1.0035963261401102,1594.8835136163025,0.9923215922854716,1594.7987914058804,1.004472549256516
1594.887680281663,0.9967626145855036,1594.887680281663,1.0035971084527942,1594.8849025046006,0.9974291321539732,1594.800180294645,1.0077635282537305
1594.8890691699617,1.0079039800928633,1594.8890691699617,1.0035723722006797,1594.8862913928992,1.002664660347676,1594.8015691838746,1.0108967513383345
1594.8904580582607,1.0023449389801062,1594.8904580582607,1.003563106006127,1594.887680281663,1.0003480778118583,1594.8029580726388,1.0028619013658986
1594.8918469465589,0.9950793513329882,1594.8918469465589,1.003601627978763,1594.8890691699617,1.0115045882523015,1594.8043469614022,1.0005888016488784
1594.8932358353222,1.0030892203128272,1594.8932358353222,1.0036170248685987,1594.8904580582607,1.0059164002523973,1594.805735850166,1.0168144124079668
1594.8946247236206,1.0005736109512453,1594.8946247236206,1.0037393449798286,1594.8918469465589,0.9986632569658384,1594.8071247393964,0.9977036212915869
1594.896013611919,1.0062853006875159,1594.896013611919,1.0037679293624715,1594.8932358353222,1.006717418968122,1594.8085136281609,0.986338676236003
1594.8974025002171,1.0164586371150468,1594.8974025002171,1.0037507730171247,1594.8946247236206,1.0043151008603048,1594.8099025169245,0.993366040982526
1594.8987913885162,0.9998775482914165,1594.8987913885162,1.0037718724179212,1594.896013611919,1.010076912619,1594.8112914056887,0.9937742382503596
1594.900180277281,1.000723013500485,1594.900180277281,1.0038155991963624,1594.8974025002171,1.0202711427441613,1594.8126802944523,1.0090354160793744
1594.9015691655795,1.0083606038683277,1594.9015691655795,1.0038358693063856,1594.8987913885162,1.0036489588371156,1594.814069183683,0.994036488235299
1594.9029580538777,0.9910975195654967,1594.9029580538777,1.0038832961521766,1594.900180277281,1.0045413714265787,1594.8154580724477,0.9900381600174496
1594.9043469421763,0.9958572104003278,1594.9043469421763,1.0039745301410148,1594.9015691655795,1.0122285433584746,1594.816846961212,0.9920278526212898
1594.9057358304744,1.010883903878586,1594.9057358304744,1.003955941936418,1594.9029580538777,0.9949462447496572,1594.818235849975,1.0064546769569445
1594.907124718773,1.012762607211135,1594.907124718773,1.0038675075216317,1594.9043469421763,0.9998152748992108,1594.8196247387382,0.9967040699887644
1594.9085136070712,1.0052125746939498,1594.9085136070712,1.003842053487138,1594.9057358304744,1.014882901906789,1594.821013627503,1.0049322247695172
1594.9099024953698,0.9925789496119687,1594.9099024953698,1.0039458450701846,1594.907124718773,1.0166794742121514,1594.8224025162676,1.0033007887703376
1594.911291383668,0.9849109023916256,1594.911291383668,1.0039214914378705,1594.9085136070712,1.0090746551718677,1594.823791405032,1.0049778602031063
1594.9126802719663,1.0052916644703915,1594.9126802719663,1.0039257541486368,1594.9099024953698,0.996495512367064,1594.8251802937957,1.0050250332186903
1594.9140691602652,1.0092219921291539,1594.9140691602652,1.0038643112235717,1594.911291383668,0.9887732220624196,1594.82656918256,1.0052000715529157
1594.9154580485642,1.0073572551223766,1594.9154580485642,1.003863851686109,1594.9126802719663,1.0092381923927762,1594.8279580713238,0.9972543398328668
1594.9168469368628,1.0030191442168745,1594.9168469368628,1.0039003459480949,1594.9140691602652,1.013121940000414,1594.8293469600883,1.0062982126132094
1594.918235825161,1.0017830784333068,1594.918235825161,1.0037830190785633,1594.9154580485642,1.0112495341510952,1594.8307358488532,1.0109930654744543
1594.9196247134596,0.9918480867954046,1594.9196247134596,1.0037742794675084,1594.9168469368628,1.0069312658718823,1594.8321247376175,0.9871710616244104
1594.9210136017575,1.0041427955388034,1594.9210136017575,1.003846872816559,1594.918235825161,1.0055728429316018,1594.8335136263809,1.0012103537942345
1594.9224024900564,0.999586095612379,1594.9224024900564,1.0038580550837553,1594.9196247134596,0.995591598664284,1594.8349025151442,1.00828243142515
1594.9237913783545,1.003141705099768,1594.9237913783545,1.003920300971305,1594.9210136017575,1.0080056051629052,1594.836291403909,1.0006635896370786
1594.9251802661877,0.9857847668826861,1594.9251802661877,1.0039065091129438,1594.9224024900564,1.0034425538302074,1594.8376802926734,1.001465838418399
1594.9265691544856,0.9988643358211046,1594.9265691544856,1.0039239126264974,1594.9237913783545,1.0070743225006271,1594.8390691814377,1.003299866221141
1594.9279580427842,1.0031380854973218,1594.9279580427842,1.0039382088314723,1594.9251802661877,0.9896357440579144,1594.8404580702013,0.9989344249263444
1594.9293469310833,1.0056922732606466,1594.9293469310833,1.003967817433945,1594.9265691544856,1.0027837922005909,1594.8418469589656,1.0033229299510549
1594.9307358193823,1.0013231922357433,1594.9307358193823,1.004066341156438,1594.9279580427842,1.0070886527648135,1594.8432358477294,1.015828084310295
1594.9321247072148,0.9954251180060387,1594.9321247072148,1.0039191971869212,1594.9293469310833,1.009682676595674,1594.8446247360284,1.003576384966987
1594.9335135955132,1.002517303858364,1594.9335135955132,1.0038998794411196,1594.9307358193823,1.0053949139432272,1594.8460136247932,0.9979096572788164
1594.934902483811,1.007458367308739,1594.934902483811,1.0038978941577297,1594.9321247072148,0.9993263853283187,1594.8474025135563,1.011202545645351
1594.9362913721093,1.0053095662947034,1594.9362913721093,1.0039050015791582,1594.9335135955132,1.0064270004810478,1594.84879140232,1.0081112062942703
1594.937680259943,1.0107341997446788,1594.937680259943,1.0040044828448778,1594.934902483811,1.0113853333928275,1594.8501802906185,0.9935017172176986
1594.9390691482408,0.9971113379597355,1594.9390691482408,1.003931891221524,1594.9362913721093,1.009235301738627,1594.8515691793832,1.00218764090978
1594.9404580365394,0.9903999484466559,1594.9404580365394,1.0039600547430227,1594.937680259943,1.0147816675082877,1594.852958068148,1.000306993620972
1594.941846924372,1.0131339029598745,1594.941846924372,1.0039595769042715,1594.9390691482408,1.0010318712763415,1594.8543469569115,1.0116549022680594
1594.9432358126703,1.0009025773697944,1594.9432358126703,1.0040555085637597,1594.9404580365394,0.9943219864599916,1594.85573584521,1.010031953721488
1594.9446247009696,1.0083887825706,1594.9446247009696,1.0039646273235723,1594.941846924372,1.0171454845629688,1594.8571247339742,1.0033018958293731
1594.946013588803,0.9901949056337629,1594.946013588803,1.0040929162947696,1594.9432358126703,1.0049617463438067,1594.858513622738,1.0058602477579672
1594.9474024771011,1.0068391544895583,1594.9474024771011,1.0040099987719076,1594.9446247009696,1.0123866682907632,1594.859902511037,1.0023180278628925
1594.948791364934,1.0003949632988234,1594.948791364934,1.0040276536044392,1594.946013588803,0.9942476904980292,1594.8612913998018,1.0062751488832955
1594.9501802532316,0.9992946954434331,1594.9501802532316,1.0040031354482783,1594.9474024771011,1.01087657826257,1594.8626802880997,1.0029973315879523
1594.9515691410645,0.9945328546497191,1594.9515691410645,1.0039351171121524,1594.948791364934,1.0044242076786167,1594.8640691768628,1.0244876845986346
1594.9529580293631,0.9970174277725964,1594.9529580293631,1.0039134416174884,1594.9501802532316,1.0032950074620393,1594.865458065627,1.0008351222843572
1594.9543469171958,1.0047564964619722,1594.9543469171958,1.0039168547971813,1594.9515691410645,0.998446457904649,1594.866846953926,1.0123478597212283
1594.9557358054944,0.9971228803596586,1594.9557358054944,1.0038228761098646,1594.9529580293631,1.0009191972678029,1594.8682358426909,1.0198043943539865
1594.957124693327,0.9960375293612671,1594.957124693327,1.0037492419869967,1594.9543469171958,1.0086919817651383,1594.869624730989,0.9901289388583904
1594.9585135816255,1.0093468400596977,1594.9585135816255,1.003756654480941,1594.9557358054944,1.0009347575975849,1594.8710136197533,1.0098749358482353
1594.959902469459,1.007143223227293,1594.959902469459,1.0037188451371495,1594.957124693327,0.9997719150869728,1594.8724025080514,1.0105399708123886
1594.961291357758,0.9975275224599556,1594.961291357758,1.0037206911880474,1594.9585135816255,1.0131386073892317,1594.8737913968157,1.0056589475232798
1594.9626802455905,0.9892616272098039,1594.9626802455905,1.0036973575522068,1594.959902469459,1.0108886329054048,1594.8751802851148,1.0266049350047175
1594.9640691334223,0.9881585567134484,1594.9640691334223,1.0036864942442474,1594.961291357758,1.001239014322607,1594.8765691738786,0.9957311496060822
1594.9654580217202,0.9881827584551771,1594.9654580217202,1.0036274325192747,1594.9626802455905,0.9929192811582764,1594.8779580621765,1.0003677588613848
1594.9668469095536,1.00628909213097,1594.9668469095536,1.0036876265585866,1594.9640691334223,0.9918013975451764,1594.8793469504744,1.011330103447594
1594.968235797387,1.0056007908041058,1594.968235797387,1.0036654597066708,1594.9654580217202,0.991767324728184,1594.8807358392387,1.01198640494602
1594.9696246856856,1.0134294009993536,1594.9696246856856,1.0036039670471093,1594.9668469095536,1.009999910512728,1594.8821247275378,0.997634553108405
1594.971013573518,0.9896416972844807,1594.971013573518,1.0036441895290205,1594.968235797387,1.0092867799837946,1594.8835136163025,0.9923215922854716
1594.9724024613506,0.9988207504479308,1594.9724024613506,1.0036332404341037,1594.9696246856856,1.017081767165127,1594.8849025046006,0.9974291321539732
1594.9737913491836,1.0037419547664908,1594.9737913491836,1.003520555711877,1594.971013573518,0.9932481391952068,1594.8862913928992,1.002664660347676
1594.9751802374826,1.0008894173239375,1594.9751802374826,1.0034827361381262,1594.9724024613506,1.00244970638488,1594.887680281663,1.0003480778118583
1594.976569125316,0.9952403740065695,1594.976569125316,1.0035884932657384,1594.9737913491836,1.0072756842385944,1594.8890691699617,1.0115045882523015
1594.977958013148,1.0060211384991176,1594.977958013148,1.0035908375490892,1594.9751802374826,1.0043752510679198,1594.8904580582607,1.0059164002523973
1594.97934690098,1.0076462114311036,1594.97934690098,1.0036027750798118,1594.976569125316,0.998811787386483,1594.8918469465589,0.9986632569658384
1594.9807357888126,1.0069190594501278,1594.9807357888126,1.0035822870671276,1594.977958013148,1.0096335969784176,1594.8932358353222,1.006717418968122
1594.982124676646,1.0017428626455713,1594.982124676646,1.0035925895704916,1594.97934690098,1.0112765340909142,1594.8946247236206,1.0043151008603048
1594.9835135644794,1.0014551390703867,1594.9835135644794,1.0036151892411629,1594.9807357888126,1.0105261325744403,1594.896013611919,1.010076912619
1594.984902452778,0.9948740921789332,1594.984902452778,1.003522336768601,1594.982124676646,1.0053417136062262,1594.8974025002171,1.0202711427441613
1594.9862913406105,1.0041906388531419,1594.9862913406105,1.0034841157742533,1594.9835135644794,1.0050755889146612,1594.8987913885162,1.0036489588371156
1594.9876802284434,1.0023201299185225,1594.9876802284434,1.0034684761329147,1594.984902452778,0.9983783737739436,1594.900180277281,1.0045413714265787
1594.989069116276,0.9916428357215339,1594.989069116276,1.0035103672155978,1594.9862913406105,1.0076893552983277,1594.9015691655795,1.0122285433584746
1594.990458004109,1.003886555256739,1594.990458004109,1.003510607517409,1594.9876802284434,1.005796653366685,1594.9029580538777,0.9949462447496572
1594.9918468919427,1.0139899972087936,1594.9918468919427,1.003514334581188,1594.989069116276,0.9951238662216332,1594.9043469421763,0.9998152748992108
1594.9932357797747,1.0138421798912824,1594.9932357797747,1.0034940639615253,1594.990458004109,1.0074108069442491,1594.9057358304744,1.014882901906789
1594.9946246676068,1.0001851470696759,1594.9946246676068,1.0033634307183112,1594.9918468919427,1.0175534973209632,1594.907124718773,1.0166794742121514
1594.9960135554393,0.9905699871817463,1594.9960135554393,1.003465104213712,1594.9932357797747,1.0173846093147147,1594.9085136070712,1.0090746551718677
1594.997402443273,1.0138787169786605,1594.997402443273,1.0033510157578058,1594.9946246676068,1.0035492005173288,1594.9099024953698,0.996495512367064
1594.998791331106,0.9971930636704606,1594.998791331106,1.0032379066749997,1594.9960135554393,0.9940024154183064,1594.911291383668,0.9887732220624196
1595.000180218939,0.9993806269129727,1595.000180218939,1.0032256350855298,1594.997402443273,1.01727624053576,1594.9126802719663,1.0092381923927762
1595.001569106306,0.9918963570789194,1595.001569106306,1.003163659033782,1594.998791331106,1.0004218817475825,1594.9140691602652,1.013121940000414
1595.0029579941388,0.9999687647826031,1595.0029579941388,1.0031885134233811,1595.000180218939,1.002604264126942,1594.9154580485642,1.0112495341510952
1595.0043468819713,0.9935663602675255,1595.0043468819713,1.0031874924605504,1595.001569106306,0.9950343789495676,1594.9168469368628,1.0069312658718823
1595.0057357698047,1.000917815427337,1595.0057357698047,1.003122206307589,1595.0029579941388,1.0031571786120743,1594.918235825161,1.0055728429316018
1595.0071246576376,1.0018974037484412,1595.0071246576376,1.0030052555653506,1595.0043468819713,0.9967333455499348,1594.9196247134596,0.995591598664284
1595.0085135454694,1.0015590770372398,1595.0085135454694,1.003057420395828,1595.0057357698047,1.0040428873440426,1594.9210136017575,1.0080056051629052
1595.0099024328365,1.0089664912953764,1595.0099024328365,1.0030903631706871,1595.0071246576376,1.0049083614969665,1594.9224024900564,1.0034425538302074
1595.011291320669,1.0030054153680479,1595.011291320669,1.0031022236091693,1595.0085135454694,1.004621264187,1594.9237913783545,1.0070743225006271
1595.0126802085024,0.9924309697218631,1595.0126802085024,1.003155235453936,1595.0099024328365,1.012084564180533,1594.9251802661877,0.9896357440579144
1595.0140690963358,0.9836335567090952,1595.0140690963358,1.0031472359148506,1595.011291320669,1.0061169624477273,1594.9265691544856,1.0027837922005909
1595.015457983703,0.9861679632730648,1595.015457983703,1.0030110689248288,1595.0126802085024,0.9955623231031135,1594.9279580427842,1.0070886527648135
1595.0168468715356,0.9983852618213604,1595.0168468715356,1.0029169522344463,1595.0140690963358,0.9867292835658223,1594.9293469310833,1.009682676595674
1595.0182357593685,0.9817851621769361,1595.0182357593685,1.0029477875395618,1595.015457983703,0.989137382981938,1594.9307358193823,1.0053949139432272
1595.019624646735,1.0081625736997633,1595.019624646735,1.002832952951818,1595.0168468715356,1.0012975039416685,1594.9321247072148,0.9993263853283187
1595.0210135345687,1.0071997018339507,1595.0210135345687,1.0027916110250774,1595.0182357593685,0.984679256244528,1594.9335135955132,1.0064270004810478
1595.022402421936,0.992378978090494,1595.022402421936,1.0027055414238313,1595.019624646735,1.0110186508388386,1594.934902483811,1.0113853333928275
1595.023791309768,0.9956638721050626,1595.023791309768,1.0026104407208603,1595.0210135345687,1.010011411626045,1594.9362913721093,1.009235301738627
1595.0251801976003,1.0107843187429157,1595.0251801976003,1.0025575292447233,1595.022402421936,0.9950639005238572,1594.937680259943,1.0147816675082877
1595.0265690849678,1.0047512240583092,1595.0265690849678,1.0024627569039806,1595.023791309768,0.998262993621095,1594.9390691482408,1.0010318712763415
1595.0279579728012,1.001585857111886,1595.0279579728012,1.0024492713311717,1595.0251801976003,1.0133694291982085,1594.9404580365394,0.9943219864599916
1595.0293468601687,1.0067951542628728,1595.0293468601687,1.0024320472885822,1595.0265690849678,1.0072256820721417,1594.941846924372,1.0171454845629688
1595.0307357480017,1.0217419448372485,1595.0307357480017,1.002378815379799,1595.0279579728012,1.0040390126374172,1594.9432358126703,1.0049617463438067
1595.0321246353683,0.9961553057574536,1595.0321246353683,1.0022294253572537,1595.0293468601687,1.0092437276879556,1594.9446247009696,1.0123866682907632
1595.0335135232012,1.0071964352427674,1595.0335135232012,1.0020810270662452,1595.0307357480017,1.0241724802898131,1594.946013588803,0.9942476904980292
1595.034902410568,1.0193612585988767,1595.034902410568,1.002090133624549,1595.0321246353683,0.998376159655872,1594.9474024771011,1.01087657826257
1595.036291298401,0.9890009159681021,1595.036291298401,1.002122380917355,1595.0335135232012,1.0092924382855333,1594.948791364934,1.0044242076786167
1595.0390690731351,0.9981484694093202,1595.0390690731351,1.002126728508998,1595.034902410568,1.0214918598410367,1594.9501802532316,1.0032950074620393
1595.0404579609676,0.9913188374204269,1595.0404579609676,1.0019820572315563,1595.036291298401,0.9910999526393994,1594.9515691410645,0.998446457904649
1595.041846848335,0.9979030302998976,1595.041846848335,1.0018482822736519,1595.0390690731351,1.0002712602154258,1594.9529580293631,1.0009191972678029
1595.0432357357026,0.9945302521820384,1595.0432357357026,1.0017629628451135,1595.0404579609676,0.993283688090914,1594.9543469171958,1.0086919817651383
1595.044624623536,0.9869358640215056,1595.044624623536,1.0016512957202404,1595.041846848335,0.9997474367816244,1594.9557358054944,1.0009347575975849
1595.0460135109029,1.0041820473064065,1595.0460135109029,1.0016637392153247,1595.0432357357026,0.9962835720649766,1594.957124693327,0.9997719150869728
1595.04740239827,0.9956844170766942,1595.04740239827,1.0015470159542372,1595.044624623536,0.988565586989916,1594.9585135816255,1.0131386073892317
1595.0487912861026,1.007776786971293,1595.0487912861026,1.0016016622788098,1595.0460135109029,1.0058527443578351,1594.959902469459,1.0108886329054048
1595.050180173469,1.0014551728257854,1595.050180173469,1.001616132580148,1595.04740239827,0.9972247567552972,1594.961291357758,1.001239014322607
1595.0515690608358,1.0089062776791424,1595.0515690608358,1.0016278059010513,1595.0487912861026,1.0093909050364451,1594.9626802455905,0.9929192811582764
1595.0529579482036,1.0165324118039658,1595.0529579482036,1.0015928104118272,1595.050180173469,1.003073657158147,1594.9640691334223,0.9918013975451764
1595.0543468355709,1.0046629752797225,1595.0543468355709,1.001602793216752,1595.0515690608358,1.0105485812715562,1594.9654580217202,0.991767324728184
1595.0557357234034,1.0140740502091294,1595.0557357234034,1.0015824935475204,1595.0529579482036,1.018151555213447,1594.9668469095536,1.009999910512728
1595.0571246107706,0.9901135210343581,1595.0571246107706,1.001479244121142,1595.0543468355709,1.0062732422816227,1594.968235797387,1.0092867799837946
1595.0585134981377,0.9920780506653021,1595.0585134981377,1.0014959133226822,1595.0557357234034,1.0156788158502932,1594.9696246856856,1.017081767165127
1595.0599023855052,0.9946476883680373,1595.0599023855052,1.0014142303749223,1595.0571246107706,0.9915781406396114,1594.971013573518,0.9932481391952068
1595.061291272873,0.9941927073546146,1595.061291272873,1.0012656447817478,1595.0585134981377,0.9935621134384328,1594.9724024613506,1.00244970638488
1595.0626801602402,1.0056420069813967,1595.0626801602402,1.0011691887681178,1595.0599023855052,0.9960543493412736,1594.9737913491836,1.0072756842385944
1595.064069047607,0.9995800843702407,1595.064069047607,1.001102542232044,1595.061291272873,0.9954510021667298,1594.9751802374826,1.0043752510679198
1595.0654579349734,0.9827427170374827,1595.0654579349734,1.0011127787930232,1595.0626801602402,1.006817792320707,1594.976569125316,0.998811787386483
1595.0668468223405,0.9917585560794403,1595.0668468223405,1.0011129453181957,1595.064069047607,1.0006821636275691,1594.977958013148,1.0096335969784176
1595.068235709708,1.0049137994683364,1595.068235709708,1.0010630626103656,1595.0654579349734,0.983836292292,1594.97934690098,1.0112765340909142
1595.0696245970753,0.9946254574996345,1595.0696245970753,1.0009870680368258,1595.0668468223405,0.9928623291212094,1594.9807357888126,1.0105261325744403
1595.071013484442,1.0133070955272285,1595.071013484442,1.0009634516650203,1595.068235709708,1.0059820857551915,1594.982124676646,1.0053417136062262
1595.0724023718094,0.9930523289925073,1595.0724023718094,1.001014207851914,1595.0696245970753,0.9956072204973456,1594.9835135644794,1.0050755889146612
1595.0737912591762,1.0042444779139907,1595.0737912591762,1.0009826051558859,1595.071013484442,1.0142833679355912,1594.984902452778,0.9983783737739436
1595.075180146544,1.0012910692971442,1595.075180146544,1.0009957209237872,1595.0724023718094,0.994059490461933,1594.9862913406105,1.0076893552983277
1595.0765690339117,0.9969280071196346,1595.0765690339117,1.0010170021009948,1595.0737912591762,1.005231253715759,1594.9876802284434,1.005796653366685
1595.077957921279,1.001363862454274,1595.077957921279,1.0009758981476893,1595.075180146544,1.0022880757656445,1594.989069116276,0.9951238662216332
1595.0793468081797,0.9967902394436495,1595.0793468081797,1.0010004219331243,1595.0765690339117,0.9979418849974158,1594.990458004109,1.0074108069442491
1595.080735695546,0.9927368617508832,1595.080735695546,1.0009466464182903,1595.077957921279,1.0023410915928062,1594.9918468919427,1.0175534973209632
1595.0821245829138,1.0010962133710735,1595.0821245829138,1.0008728720808338,1595.0793468081797,0.9977874502619132,1594.9932357797747,1.0173846093147147
1595.0835134702816,0.9955902007775611,1595.0835134702816,1.0008523643210754,1595.080735695546,0.9936766325453644,1594.9946246676068,1.0035492005173288
1595.0849023576484,0.9952355023135011,1595.0849023576484,1.0007125817741571,1595.0821245829138,1.0019700423059534,1594.9960135554393,0.9940024154183064
1595.0862912445496,1.0078990179713043,1595.0862912445496,1.0006229681542853,1595.0835134702816,0.9964388063431162,1594.997402443273,1.01727624053576
1595.0876801319168,0.9970388355196826,1595.0876801319168,1.000674162471441,1595.0849023576484,0.9959446889934438,1594.998791331106,1.0004218817475825
1595.0890690192837,0.999450972229868,1595.0890690192837,1.0007195101213735,1595.0862912445496,1.0085269069622358,1595.000180218939,1.002604264126942
1595.0904579066514,0.9946987193347275,1595.0904579066514,1.0008564584719677,1595.0876801319168,0.9977110016851592,1595.001569106306,0.9950343789495676
1595.0918467935535,1.0051459618992975,1595.0918467935535,1.0009216066147908,1595.0890690192837,1.000170087320204,1595.0029579941388,1.0031571786120743
1595.09323568092,0.999904857318825,1595.09323568092,1.0008321849073227,1595.0904579066514,0.9955506374799572,1595.0043468819713,0.9967333455499348
1595.0946245678206,1.004055429921563,1595.0946245678206,1.0007954597513693,1595.0918467935535,1.006072311066614,1595.0057357698047,1.0040428873440426
1595.096013455188,1.007344055836779,1595.096013455188,1.000804845452902,1595.09323568092,1.0007369630498444,1595.0071246576376,1.0049083614969665
1595.0974023425556,0.9953485413129852,1595.0974023425556,1.000795304429264,1595.0946245678206,1.0048541156042092,1595.0085135454694,1.004621264187
1595.0987912294577,0.9962390281071499,1595.0987912294577,1.0007347294124855,1595.096013455188,1.008154812119627,1595.0099024328365,1.012084564180533
1595.1001801168245,1.002968595596357,1595.1001801168245,1.0006058064663825,1595.0974023425556,0.9961401464165528,1595.011291320669,1.0061169624477273
1595.101569003726,1.0072825140814488,1595.101569003726,1.000516980374158,1595.0987912294577,0.9969709942229662,1595.0126802085024,0.9955623231031135
1595.102957891093,1.0019397759051403,1595.102957891093,1.0005123193753471,1595.1001801168245,1.0035762004571478,1595.0140690963358,0.9867292835658223
1595.1043467779944,1.0013026684533792,1595.1043467779944,1.0003793518499617,1595.101569003726,1.0078032593724615,1595.015457983703,0.989137382981938
1595.105735665362,1.00777724212698,1595.105735665362,1.000378501005309,1595.102957891093,1.0024530890652674,1595.0168468715356,1.0012975039416685
1595.107124552264,1.0116507158709331,1595.107124552264,1.0002626992121084,1595.1043467779944,1.0016825144730286,1595.0182357593685,0.984679256244528
1595.1085134396303,1.0057351961482333,1595.1085134396303,1.000263277115473,1595.105735665362,1.0081586868262526,1595.019624646735,1.0110186508388386
1595.109902326531,0.9891718007769639,1595.109902326531,1.0002497252883753,1595.107124552264,1.0119164757169214,1595.0210135345687,1.010011411626045
1595.1112912138983,0.9828460102709925,1595.1112912138983,1.000189562908031,1595.1085134396303,1.0059999832096047,1595.022402421936,0.9950639005238572
1595.1126801008004,1.0043161426881764,1595.1126801008004,1.0001647977630854,1595.109902326531,0.9894188219901656,1595.023791309768,0.998262993621095
1595.1140689877025,1.0072082244299068,1595.1140689877025,1.000073144398703,1595.1112912138983,0.9830323214188462,1595.0251801976003,1.0133694291982085
1595.1154578750693,1.0030428654341137,1595.1154578750693,1.0001678637740032,1595.1126801008004,1.004481651741922,1595.0265690849678,1.0072256820721417
1595.116846761971,1.001182841957423,1595.116846761971,1.0000802482331563,1595.1140689877025,1.0072818960698513,1595.0279579728012,1.0040390126374172
1595.118235648872,1.0088718979908733,1595.118235648872,0.9999696827094562,1595.1154578750693,1.0032112399949924,1595.0293468601687,1.0092437276879556
1595.1196245362394,0.9953390320417698,1595.1196245362394,0.9999176047388936,1595.116846761971,1.0012631851115563,1595.0307357480017,1.0241724802898131
1595.1210134231414,1.0064892521819258,1595.1210134231414,0.9998218635301953,1595.118235648872,1.0088413117284205,1595.0321246353683,0.998376159655872
1595.1224023100426,0.9863906093919687,1595.1224023100426,0.999904514592626,1595.1196245362394,0.9952570208223352,1595.0335135232012,1.0092924382855333
1595.123791196943,0.9970834510807004,1595.123791196943,0.9997852518974596,1595.1210134231414,1.0063099597396457,1595.034902410568,1.0214918598410367
1595.1251800838445,1.004516915483627,1595.1251800838445,0.9997398253885914,1595.1224023100426,0.986296423482801,1595.036291298401,0.9910999526393994
1595.1265689712118,0.995350413691698,1595.1265689712118,0.9997138167871652,1595.123791196943,0.9968693293015064,1595.0376801857678,1.0265870375503048
1595.127957858114,0.9995605141144367,1595.127957858114,0.9996775953216661,1595.1251800838445,1.0042555656854877,1595.0390690731351,1.0002712602154258
1595.129346745016,1.0006193777898802,1595.129346745016,0.9996264054507674,1595.1265689712118,0.9950655611124112,1595.0404579609676,0.993283688090914
1595.130735631917,1.003151147696384,1595.130735631917,0.9996995228679428,1595.127957858114,0.9992382511284084,1595.041846848335,0.9997474367816244
1595.1321245188187,0.9966002070991066,1595.1321245188187,0.9996530327946174,1595.129346745016,1.0002455518444815,1595.0432357357026,0.9962835720649766
1595.13351340572,1.0043708242203424,1595.13351340572,0.9995742885205182,1595.130735631917,1.0028497237165042,1595.044624623536,0.988565586989916
1595.1349022926215,0.9989044607032315,1595.1349022926215,0.9994671174456765,1595.1321245188187,0.9962544195103656,1595.0460135109029,1.0058527443578351
1595.1362911795227,0.9822894386449637,1595.1362911795227,0.9994352225483046,1595.13351340572,1.0039432520308151,1595.04740239827,0.9972247567552972
1595.1376800664243,1.0097754980265268,1595.1376800664243,0.9993291478092007,1595.1349022926215,0.9983721619426869,1595.0487912861026,1.0093909050364451
1595.1390689533257,0.9999504389657622,1595.1390689533257,0.9994312096212303,1595.1362911795227,0.9817346637189784,1595.050180173469,1.003073657158147
1595.140457840227,0.9898442717358902,1595.140457840227,0.9995482517641899,1595.1376800664243,1.0090980879214602,1595.0515690608358,1.0105485812715562
1595.1418467271285,0.9947454739833599,1595.1418467271285,0.9995972755707149,1595.1390689533257,0.999381676776832,1595.0529579482036,1.018151555213447
1595.1432356140303,1.002646456366633,1595.1432356140303,0.9996373513540487,1595.140457840227,0.9893971113324068,1595.0543468355709,1.0062732422816227
1595.1446245009324,0.992166718017389,1595.1446245009324,0.9997516817237837,1595.1418467271285,0.994344865680066,1595.0557357234034,1.0156788158502932
1595.1460133878336,0.9998927106804552,1595.1460133878336,0.9997289843202314,1595.1432356140303,1.002282847986864,1595.0571246107706,0.9915781406396114
1595.1474022747352,0.9995695649622336,1595.1474022747352,0.999630887279908,1595.1446245009324,0.9919203448882518,1595.0585134981377,0.9935621134384328
1595.1487911616364,0.9985990345783033,1595.1487911616364,0.9997402897876378,1595.1460133878336,0.9996217240777744,1595.0599023855052,0.9960543493412736
1595.150180048538,0.9810294405802912,1595.150180048538,0.9997515136059322,1595.1474022747352,0.9992006111211892,1595.061291272873,0.9954510021667298
1595.1515689349735,0.9910553571441978,1595.1515689349735,0.9997367540637003,1595.1487911616364,0.9983396882109684,1595.0626801602402,1.006817792320707
1595.1529578218751,1.0097173836284425,1595.1529578218751,0.9997369656605588,1595.150180048538,0.980785668112127,1595.064069047607,1.0006821636275691
1595.1543467087763,0.9886159668476718,1595.1543467087763,0.9997035534428371,1595.1515689349735,0.9907944658487816,1595.0654579349734,0.983836292292
1595.155735595678,0.9927867478732827,1595.155735595678,0.999566900230383,1595.1529578218751,1.0094517932834175,1595.0668468223405,0.9928623291212094
1595.157124482579,0.9879963775518835,1595.157124482579,0.9994987554244134,1595.1543467087763,0.9883228950479436,1595.068235709708,1.0059820857551915
1595.1585133690155,0.990671619664651,1595.1585133690155,0.999482132913442,1595.155735595678,0.9923567721615,1595.0696245970753,0.9956072204973456
1595.1599022559176,1.0113480564390895,1595.1599022559176,0.9994173549318384,1595.157124482579,0.9875011497269364,1595.071013484442,1.0142833679355912
1595.1612911428192,1.0012179728506683,1595.1612911428192,0.9993411870909609,1595.1585133690155,0.9901585834392396,1595.0724023718094,0.994059490461933
1595.1626800292547,0.9950122917940832,1595.1626800292547,0.9993773176799262,1595.1599022559176,1.0107587994818104,1595.0737912591762,1.005231253715759
1595.164068916156,1.0063987424509244,1595.164068916156,0.9993861554128372,1595.1612911428192,1.0005583575253922,1595.075180146544,1.0022880757656445
1595.1654578030566,0.9873577911818993,1595.1654578030566,0.9994038716331984,1595.1626800292547,0.994392715231727,1595.0765690339117,0.9979418849974158
1595.1668466894926,0.9933845163991304,1595.1668466894926,0.999490494452505,1595.164068916156,1.0057809700303435,1595.077957921279,1.0023410915928062
1595.1682355763946,0.9973521901583203,1595.1682355763946,0.9995327538629228,1595.1654578030566,0.9867691991943932,1595.0793468081797,0.9977874502619132
1595.16962446283,0.9892520367546884,1595.16962446283,0.9996217989994466,1595.1668466894926,0.9928783814772294,1595.080735695546,0.9936766325453644
1595.1710133497318,0.9971897191550435,1595.1710133497318,0.9997622790278567,1595.1682355763946,0.9968861812001634,1595.0821245829138,1.0019700423059534
1595.1724022361673,0.9928734778290756,1595.1724022361673,0.999766699412348,1595.16962446283,0.9888779006445882,1595.0835134702816,0.9964388063431162
1595.1737911230691,1.0127286823230741,1595.1737911230691,0.9997734210215066,1595.1710133497318,0.9969526662455948,1595.0849023576484,0.9959446889934438
1595.1751800095058,1.0098944890168842,1595.1751800095058,0.999757376443826,1595.1724022361673,0.992641839863234,1595.0862912445496,1.0085269069622358
1595.1765688964074,0.9935997131343501,1595.1765688964074,0.9996547035169197,1595.1737911230691,1.0124992192927424,1595.0876801319168,0.9977110016851592
1595.177957782843,0.9992539469546051,1595.177957782843,0.9996285996356392,1595.1751800095058,1.0096494648245984,1595.0890690192837,1.000170087320204
1595.1793466697436,1.0090264685462622,1595.1793466697436,0.9996018227650949,1595.1765688964074,0.9932566266478152,1595.0904579066514,0.9955506374799572
1595.180735556179,1.0069833707208458,1595.180735556179,0.9995167491989562,1595.177957782843,0.9988828236746172,1595.0918467935535,1.006072311066614
1595.182124442615,0.9844989478359667,1595.182124442615,0.999520010755485,1595.1793466697436,1.0086246971770705,1595.09323568092,1.0007369630498444
1595.1835133295172,1.0016823186397958,1595.1835133295172,0.9995271086165938,1595.180735556179,1.006496745200307,1595.0946245678206,1.0048541156042092
1595.184902215953,0.9972370067102995,1595.184902215953,0.9996214977706034,1595.182124442615,0.9840263989297692,1595.096013455188,1.008154812119627
1595.1862911023886,0.9881486784483201,1595.1862911023886,0.9996503080707898,1595.1835133295172,1.0012086317024007,1595.0974023425556,0.9961401464165528
1595.1876799892898,0.9975104171239099,1595.1876799892898,0.999663438062819,1595.184902215953,0.9968595502800228,1595.0987912294577,0.9969709942229662
1595.1890688757262,1.0023599053449186,1595.1890688757262,0.9996745608611602,1595.1862911023886,0.987803130830607,1595.1001801168245,1.0035762004571478
1595.1904577621626,1.0025456591731978,1595.1904577621626,0.9997053421737861,1595.1876799892898,0.9971746930855644,1595.101569003726,1.0078032593724615
1595.1918466485986,0.9945322200094303,1595.1918466485986,0.9998152024283979,1595.1890688757262,1.0020336982005156,1595.102957891093,1.0024530890652674
1595.1932355354993,1.003144850884492,1595.1932355354993,0.9999047505202765,1595.1904577621626,1.0022502512485858,1595.1043467779944,1.0016825144730286
1595.1946244219343,0.9796313407660062,1595.1946244219343,0.9999049824456392,1595.1918466485986,0.9943484328702926,1595.105735665362,1.0081586868262526
1595.19601330837,1.0071774723062374,1595.19601330837,0.9998984401830798,1595.1932355354993,1.003049301859358,1595.107124552264,1.0119164757169214
1595.1974021948065,0.9999735955398461,1595.1974021948065,0.9998988747393929,1595.1946244219343,0.9795382585918314,1595.1085134396303,1.0059999832096047
1595.1987910812427,1.0046032011942403,1595.1987910812427,0.9999849818564999,1595.19601330837,1.007075183546544,1595.109902326531,0.9894188219901656
1595.2001799676784,1.0070873098246078,1595.2001799676784,0.9999446601075428,1595.1974021948065,0.9998724729493969,1595.1112912138983,0.9830323214188462
1595.2015688541142,1.0058796764098865,1595.2015688541142,0.9999502964587739,1595.1987910812427,1.004588113919204,1595.1126801008004,1.004481651741922
1595.2029577405497,0.9938854310027454,1595.2029577405497,0.9999102768030936,1595.2001799676784,1.0070315777211871,1595.1140689877025,1.0072818960698513
1595.2043466269856,1.0038068628583272,1595.2043466269856,0.9999016365899395,1595.2015688541142,1.0058296806279214,1595.1154578750693,1.0032112399949924
1595.205735513422,1.0012655868012972,1595.205735513422,0.9998417647499269,1595.2029577405497,0.9937962564245172,1595.116846761971,1.0012631851115563
1595.2071243998585,0.9919249772125196,1595.2071243998585,0.9999318379067917,1595.2043466269856,1.0037081249922544,1595.118235648872,1.0088413117284205
1595.2085132862935,0.9771504514327278,1595.2085132862935,0.9999006193434159,1595.205735513422,1.00110715129078,1595.1196245362394,0.9952570208223352
1595.2099021727286,0.9921334388129291,1595.2099021727286,0.9998524766322744,1595.2071243998585,0.9918573655297672,1595.1210134231414,1.0063099597396457
1595.211291059164,0.9973644287568916,1595.211291059164,0.9999276679633575,1595.2085132862935,0.977053341579283,1595.1224023100426,0.986296423482801
1595.2126799456005,1.0076580192944462,1595.2126799456005,0.9999317925020315,1595.2099021727286,0.9919870759468022,1595.123791196943,0.9968693293015064
1595.214068832037,0.9987304823878246,1595.214068832037,0.9999560900799096,1595.211291059164,0.9972922873564848,1595.1251800838445,1.0042555656854877
1595.2154577184729,1.0144678198464712,1595.2154577184729,1.0000109091834086,1595.2126799456005,1.007589289462142,1595.1265689712118,0.9950655611124112
1595.2168466049084,0.999363555982713,1595.2168466049084,1.000091798644702,1595.214068832037,0.998686628212151,1595.127957858114,0.9992382511284084
1595.2182354913443,0.9984393527523713,1595.2182354913443,0.999986726851972,1595.2154577184729,1.01447888686198,1595.129346745016,1.0002455518444815
1595.2196243773142,1.0034075659192738,1595.2196243773142,1.0000411211225344,1595.2168466049084,0.9994552962027168,1595.130735631917,1.0028497237165042
1595.2210132637506,1.0126285338497865,1595.2210132637506,1.000022802606735,1595.2182354913443,0.9984261003190452,1595.1321245188187,0.9962544195103656
1595.222402150186,0.9910620708087206,1595.222402150186,0.999997513454583,1595.2196243773142,1.003448827164744,1595.13351340572,1.0039432520308151
1595.2237910366212,0.9957507197951433,1595.2237910366212,0.9999578018018549,1595.2210132637506,1.0126516244200126,1595.1349022926215,0.9983721619426869
1595.2251799225917,0.9902019713003077,1595.2251799225917,1.0000136983932488,1595.222402150186,0.9910596064878704,1595.1362911795227,0.9817346637189784
1595.226568809027,0.9953039493780848,1595.226568809027,0.9999589675786197,1595.2237910366212,0.9957087009089662,1595.1376800664243,1.0090980879214602
1595.2279576954634,0.9984805384834464,1595.2279576954634,0.9998281985452175,1595.2251799225917,0.9902155354763064,1595.1390689533257,0.999381676776832
1595.229346581434,0.9935343188031307,1595.229346581434,0.9997641426786744,1595.226568809027,0.9952631096470324,1595.140457840227,0.9893971113324068
1595.23073546787,1.0110931796081895,1595.23073546787,0.9998111405735826,1595.2279576954634,0.998308998074363,1595.1418467271285,0.994344865680066
1595.2321243543056,0.9955381350426631,1595.2321243543056,0.9997303523237874,1595.229346581434,0.9932999864600528,1595.1432356140303,1.002282847986864
1595.233513240276,1.0058412105984063,1595.233513240276,0.9995794083489836,1595.23073546787,1.010902225130234,1595.1446245009324,0.9919203448882518
1595.2349021267114,1.0039561162292194,1595.2349021267114,0.9995037152776951,1595.2321243543056,0.9952696904979678,1595.1460133878336,0.9996217240777744
1595.2362910126817,0.9886279900110183,1595.2362910126817,0.9995572070162267,1595.233513240276,1.0054181621829803,1595.1474022747352,0.9992006111211892
1595.2376798991172,1.0042763247151807,1595.2376798991172,0.999644155227919,1595.2349021267114,1.0034578681468702,1595.1487911616364,0.9983396882109684
1595.239068785087,0.9958809760366484,1595.239068785087,0.9996416775911393,1595.2362910126817,0.9881902324734796,1595.150180048538,0.980785668112127
1595.240457671523,1.0064630664484084,1595.240457671523,0.9996177424952766,1595.2376798991172,1.003918958235306,1595.1515689349735,0.9907944658487816
1595.2418465574929,0.9973879463287512,1595.2418465574929,0.9995990369657455,1595.239068785087,0.9955241295663764,1595.1529578218751,1.0094517932834175
1595.2432354439293,0.9942814133800001,1595.2432354439293,0.9996274160074538,1595.240457671523,1.0060783383880316,1595.1543467087763,0.9883228950479436
1595.2446243299,1.0007605582928354,1595.2446243299,0.9995902298010573,1595.2418465574929,0.9969880306314624,1595.155735595678,0.9923567721615
1595.246013216336,0.9931390224208936,1595.246013216336,0.9996516640823739,1595.2432354439293,0.9939109600412884,1595.157124482579,0.9875011497269364
1595.2474021023058,1.003282784500849,1595.2474021023058,0.9996362175656978,1595.2446243299,1.0003504764397697,1595.1585133690155,0.9901585834392396
1595.248790988276,0.9920783070840331,1595.248790988276,0.9997182755891232,1595.246013216336,0.9927930764281884,1595.1599022559176,1.0107587994818104
1595.2501798747116,0.9955290813524172,1595.2501798747116,0.999677108715598,1595.2474021023058,1.0029178078472096,1595.1612911428192,1.0005583575253922
1595.251568760682,1.000151676460672,1595.251568760682,0.9996220795430515,1595.248790988276,0.9917988144074262,1595.1626800292547,0.994392715231727
1595.2529576466518,0.9855198756543417,1595.2529576466518,0.9995995421929574,1595.2501798747116,0.9952076336886798,1595.164068916156,1.0057809700303435
1595.2543465330878,0.9976356945032908,1595.2543465330878,0.9995508523487647,1595.251568760682,0.9997736986820862,1595.1654578030566,0.9867691991943932
1595.2557354190576,1.0068052835352126,1595.2557354190576,0.9995957459774265,1595.2529576466518,0.9851252165261404,1595.1668466894926,0.9928783814772294
1595.2571243050277,0.9986527765137543,1595.2571243050277,0.9995608533778398,1595.2543465330878,0.9971876087743162,1595.1682355763946,0.9968861812001634
1595.2585131909982,0.996137331670087,1595.2585131909982,0.999607369638677,1595.2557354190576,1.0063982784493952,1595.16962446283,0.9888779006445882
1595.259902076969,0.9922838485577872,1595.259902076969,0.9995382800820879,1595.2571243050277,0.9982142215202374,1595.1710133497318,0.9969526662455948
1595.261290963405,1.0042335818576789,1595.261290963405,0.9995756061342947,1595.2585131909982,0.995746217909626,1595.1724022361673,0.992641839863234
1595.2626798493748,0.993798985540802,1595.2626798493748,0.9995617547387721,1595.259902076969,0.9918256913406855,1595.1737911230691,1.0124992192927424
1595.264068735345,1.0147075521028506,1595.264068735345,0.9994671047029235,1595.261290963405,1.0038073912858032,1595.1751800095058,1.0096494648245984
1595.2654576213145,1.004918611323489,1595.2654576213145,0.9993928335981401,1595.2626798493748,0.9933634578447756,1595.1765688964074,0.9932566266478152
1595.2668465072843,0.9974729051815854,1595.2668465072843,0.9994925013144985,1595.264068735345,1.014166819220427,1595.177957782843,0.9988828236746172
1595.268235393255,1.0072476031133017,1595.268235393255,0.9994527479984489,1595.2654576213145,1.0043084585060895,1595.1793466697436,1.0086246971770705
1595.2696242792254,1.005463660843595,1595.2696242792254,0.9994293062432931,1595.2668465072843,0.9969666889933824,1595.180735556179,1.006496745200307
1595.2710131651952,1.0061435395343257,1595.2710131651952,0.9994406735644358,1595.268235393255,1.0066963848464403,1595.182124442615,0.9840263989297692
1595.2724020511655,0.9970264719468384,1595.2724020511655,0.9993751735747861,1595.2696242792254,1.0048898490097558,1595.1835133295172,1.0012086317024007
1595.2737909371365,1.0143550606011793,1595.2737909371365,0.9994123658942909,1595.2710131651952,1.005580776854692,1595.184902215953,0.9968595502800228
1595.275179823107,1.0001286493863166,1595.275179823107,0.9994097521791097,1595.2724020511655,0.9964035034605282,1595.1862911023886,0.987803130830607
1595.2765687090769,1.0073556424947525,1595.2765687090769,0.9994503862453427,1595.2737909371365,1.0137589909722715,1595.1876799892898,0.9971746930855644
1595.2779575950467,1.0077493089065022,1595.2779575950467,0.9995200083974107,1595.275179823107,0.9995383256304065,1595.1890688757262,1.0020336982005156
1595.279346481016,1.0006769542037537,1595.279346481016,0.9995136354387492,1595.2765687090769,1.0068019859778057,1595.1904577621626,1.0022502512485858
1595.2807353665198,0.9896094966843227,1595.2807353665198,0.9995904231498256,1595.2779575950467,1.007265597700712,1595.1918466485986,0.9943484328702926
1595.2821242524906,0.992426506474944,1595.2821242524906,0.9996599666694899,1595.279346481016,1.0001902603959685,1595.1932355354993,1.003049301859358
1595.283513138461,0.9966832542153731,1595.283513138461,0.9997705976012049,1595.2807353665198,0.9892041755437682,1595.1946244219343,0.9795382585918314
1595.2862909104017,0.9926268855859354,1595.2862909104017,0.9998115883257023,1595.2821242524906,0.9920890483846608,1595.19601330837,1.007075183546544
1595.287679795906,0.9965830238863213,1595.287679795906,0.9997976469579787,1595.283513138461,0.9964546126860172,1595.1974021948065,0.9998724729493969
1595.2890686818769,1.0001711748411617,1595.2890686818769,0.9998751277518524,1595.2862909104017,0.9924398630924692,1595.1987910812427,1.004588113919204
1595.2904575678476,1.0024215429425622,1595.2904575678476,0.9998703524571215,1595.287679795906,0.996381362279811,1595.2001799676784,1.0070315777211871
1595.2918464533518,1.0030609002134552,1595.2918464533518,0.9999348472055861,1595.2890686818769,1.0000462812180269,1595.2015688541142,1.0058296806279214
1595.2932353393212,1.005592155672572,1595.2932353393212,0.9999908862656134,1595.2904575678476,1.0022915814525912,1595.2029577405497,0.9937962564245172
1595.2946242252906,1.011244334997967,1595.2946242252906,1.000036159239212,1595.2918464533518,1.002995547992839,1595.2043466269856,1.0037081249922544
1595.2960131107948,1.0137457905576839,1595.2960131107948,1.0001764646047904,1595.2932353393212,1.0055829909727638,1595.205735513422,1.00110715129078
1595.2974019967655,1.0064076114048994,1595.2974019967655,1.000165933708871,1595.2946242252906,1.011280900823778,1595.2071243998585,0.9918573655297672
1595.2987908822706,0.9978269042888387,1595.2987908822706,1.0001688555011423,1595.2960131107948,1.0139246808079725,1595.2085132862935,0.977053341579283
1595.300179768241,1.0058832167624572,1595.300179768241,1.000091136930683,1595.2974019967655,1.006574608352496,1595.2099021727286,0.9919870759468022
1595.301568653745,0.9897032232305091,1595.301568653745,0.9999655625132065,1595.2987908822706,0.9979953928508156,1595.211291059164,0.9972922873564848
1595.3029575397154,1.0045251280833127,1595.3029575397154,0.9999574542230566,1595.300179768241,1.0059748898714584,1595.2126799456005,1.007589289462142
1595.3043464252205,1.00144545510837,1595.3043464252205,0.999903297837422,1595.301568653745,0.9896691403388296,1595.214068832037,0.998686628212151
1595.3057353111913,0.9943079670259991,1595.3057353111913,0.9998616262212479,1595.3029575397154,1.0044823897812794,1595.2154577184729,1.01447888686198
1595.307124196695,1.0079313266470806,1595.307124196695,0.9997396742905993,1595.3043464252205,1.0013486131671572,1595.2168466049084,0.9994552962027168
1595.3085130826644,0.9930847601756886,1595.3085130826644,0.9998153466056686,1595.3057353111913,0.9941703808753584,1595.2182354913443,0.9984261003190452
1595.3099019681686,1.0042627198868028,1595.3099019681686,0.9998580820364363,1595.307124196695,1.007668936209444,1595.2196243773142,1.003448827164744
1595.3112908536732,0.999871487471683,1595.3112908536732,0.9999295711189072,1595.3085130826644,0.9929013837038634,1595.2210132637506,1.0126516244200126
1595.312679739644,0.9970680989554543,1595.312679739644,0.9999984051851554,1595.3099019681686,1.0041201969667135,1595.222402150186,0.9910596064878704
1595.3140686251488,1.0098609237635123,1595.3140686251488,1.0000655207706435,1595.3112908536732,0.9998010676415838,1595.2237910366212,0.9957087009089662
1595.3154575106532,1.0042824406196158,1595.3154575106532,1.0000422582935398,1595.312679739644,0.997066508816449,1595.2251799225917,0.9902155354763064
1595.3168463961574,1.006732439455496,1595.3168463961574,0.9999949157699399,1595.3140686251488,1.0099270906294802,1595.226568809027,0.9952631096470324
1595.3182352821275,1.0053678878676935,1595.3182352821275,1.0000091410562357,1595.3154575106532,1.0043248798817883,1595.2279576954634,0.998308998074363
1595.3196241676328,1.006068740975343,1595.3196241676328,0.999951158188809,1595.3168463961574,1.006727320996165,1595.229346581434,0.9932999864600528
1595.321013053138,0.9947898203189587,1595.321013053138,0.9999082728079121,1595.3182352821275,1.005377077992094,1595.23073546787,1.010902225130234
1595.3224019386416,1.009586187588945,1595.3224019386416,0.9999044080769175,1595.3196241676328,1.0060196027558512,1595.2321243543056,0.9952696904979678
1595.3237908241454,1.0069031013374914,1595.3237908241454,0.9999249878213691,1595.321013053138,0.9946985710420232,1595.233513240276,1.0054181621829803
1595.3251797096495,0.9973836548765972,1595.3251797096495,0.9999257822254703,1595.3224019386416,1.0094896793037558,1595.2349021267114,1.0034578681468702
1595.3265685956198,1.0194912472587783,1595.3265685956198,0.9998816708457932,1595.3237908241454,1.00682757134219,1595.2362910126817,0.9881902324734796
1595.327957481125,0.9930619622473397,1595.327957481125,0.9998099962041602,1595.3251797096495,0.99730963128138,1595.2376798991172,1.003918958235306
1595.32934636663,1.0014870666768292,1595.32934636663,0.9998534000481825,1595.3265685956198,1.019370611721769,1595.239068785087,0.9955241295663764
1595.3307352521342,0.9867939880400641,1595.3307352521342,0.9998707943862324,1595.327957481125,0.9928732767050086,1595.240457671523,1.0060783383880316
1595.3321241376389,1.006376146687861,1595.3321241376389,0.9998266724413286,1595.32934636663,1.0013402487211085,1595.2418465574929,0.9969880306314624
1595.333513023143,0.9973838131540179,1595.333513023143,0.9999158805369257,1595.3307352521342,0.9866664887171772,1595.2432354439293,0.9939109600412884
1595.334901908648,0.9920836139253173,1595.334901908648,0.9999863216628974,1595.3321241376389,1.0062017139672503,1595.2446243299,1.0003504764397697
1595.3362907941523,1.0053783743517284,1595.3362907941523,1.0001041750025272,1595.333513023143,0.9972999137631764,1595.246013216336,0.9927930764281884
1595.3376796791904,1.0096008903121805,1595.3376796791904,1.000064316885474,1595.334901908648,0.992070043871212,1595.2474021023058,1.0029178078472096
1595.339068564695,1.0003532839344098,1595.339068564695,1.000037709844446,1595.3362907941523,1.0054831096464174,1595.248790988276,0.9917988144074262
1595.3404574501992,1.008727964768902,1595.3404574501992,1.0000021914064554,1595.3376796791904,1.0096658246970172,1595.2501798747116,0.9952076336886798
1595.3418463357038,1.0048532079854113,1595.3418463357038,0.9998778175002635,1595.339068564695,1.000391007101138,1595.251568760682,0.9997736986820862
1595.343235221209,0.9934846061164897,1595.343235221209,0.9998148505580994,1595.3404574501992,1.0087301753018758,1595.2529576466518,0.9851252165261404
1595.344624106714,1.010437711640114,1595.344624106714,0.9997561423946245,1595.3418463357038,1.0047304325085915,1595.2543465330878,0.9971876087743162
1595.3460129917526,1.0028512338395092,1595.3460129917526,0.9996491061725001,1595.343235221209,0.9933006629961304,1595.2557354190576,1.0063982784493952
1595.3474018772572,1.0037132336775605,1595.3474018772572,0.9996121818885226,1595.344624106714,1.0101913087193723,1595.2571243050277,0.9982142215202374
1595.3487907627614,0.9843815971851456,1595.3487907627614,0.9997366959760355,1595.3460129917526,1.0024993395316544,1595.2585131909982,0.995746217909626
1595.350179648266,1.0022788445029907,1595.350179648266,0.9997808155426453,1595.3474018772572,1.0033239755068109,1595.259902076969,0.9918256913406855
1595.3515685333043,0.9987567931683808,1595.3515685333043,0.999830973648304,1595.3487907627614,0.9841224055494902,1595.261290963405,1.0038073912858032
1595.352957418809,0.99016682567371,1595.352957418809,0.9997953333755798,1595.350179648266,1.0020591605583402,1595.2626798493748,0.9933634578447756
1595.3543463043134,0.9956792321652491,1595.3543463043134,0.9997266756888327,1595.3515685333043,0.9985879769514,1595.264068735345,1.014166819220427
1595.355735189352,1.0155699819515829,1595.355735189352,0.9997160665565453,1595.352957418809,0.9899641715718864,1595.2654576213145,1.0043084585060895
1595.3571240748563,0.997639204277351,1595.3571240748563,0.9996100326993561,1595.3543463043134,0.995407088824974,1595.2668465072843,0.9969666889933824
1595.358512959896,0.9880392751559585,1595.358512959896,0.9996092368682713,1595.355735189352,1.0152816276695382,1595.268235393255,1.0066963848464403
1595.359901845401,0.995687218466762,1595.359901845401,0.9995590441369834,1595.3571240748563,0.9972501576098424,1595.2696242792254,1.0048898490097558
1595.3612907304396,0.9959438952168559,1595.3612907304396,0.9994573021720763,1595.358512959896,0.9876531858345275,1595.2710131651952,1.005580776854692
1595.3626796159442,1.0022357953327163,1595.3626796159442,0.9995523984678973,1595.359901845401,0.9952481643500484,1595.2724020511655,0.9964035034605282
1595.3640685009825,1.00469639831389,1595.3640685009825,0.9994535494519148,1595.3612907304396,0.9954033986281878,1595.2737909371365,1.0137589909722715
1595.365457386486,1.00279404534309,1595.365457386486,0.9994824991513591,1595.3626796159442,1.0017871930551974,1595.275179823107,0.9995383256304065
1595.3668462715254,1.0016410678309084,1595.3668462715254,0.9993933366032122,1595.3640685009825,1.004147381416372,1595.2765687090769,1.0068019859778057
1595.3682351565649,1.005363577618275,1595.3682351565649,0.9993776348907395,1595.365457386486,1.0022750985736129,1595.2779575950467,1.007265597700712
1595.369624042069,1.0025503612287803,1595.369624042069,0.9994488247523318,1595.3668462715254,1.001033408858336,1595.279346481016,1.0001902603959685
1595.3710129271078,1.002689728025003,1595.3710129271078,0.9994006277592202,1595.3682351565649,1.004737874405444,1595.2807353665198,0.9892041755437682
1595.3724018121466,1.0041531266194332,1595.3724018121466,0.9994081877838878,1595.369624042069,1.00199778028513,1595.2821242524906,0.9920890483846608
1595.3737906976517,1.0021516113604354,1595.3737906976517,0.9993158221493589,1595.3710129271078,1.0020887436359096,1595.283513138461,0.9964546126860172
1595.375179582691,0.9924357789966228,1595.375179582691,0.9993997637921991,1595.3724018121466,1.0035588565322526,1595.2849020244316,1.0240820704685514
1595.3765684677296,0.9976218430136441,1595.3765684677296,0.9994282377588931,1595.3737906976517,1.0014659614249584,1595.2862909104017,0.9924398630924692
1595.3779573527677,0.9926094713386431,1595.3779573527677,0.9993473805508704,1595.375179582691,0.991840083108152,1595.287679795906,0.996381362279811
1595.3793462382714,0.9814656182425834,1595.3793462382714,0.9994574167867427,1595.3765684677296,0.9970514405129054,1595.2890686818769,1.0000462812180269
1595.3807351233104,1.011248669832094,1595.3807351233104,0.9994434472381709,1595.3779573527677,0.9919616750922572,1595.2904575678476,1.0022915814525912
1595.3821240083498,0.9989108441047413,1595.3821240083498,0.9993865382303198,1595.3793462382714,0.9809330914737358,1595.2918464533518,1.002995547992839
1595.3835128933893,1.0027406941954897,1595.3835128933893,0.9993930726549097,1595.3807351233104,1.010685856592003,1595.2932353393212,1.0055829909727638
1595.3849017784278,0.9958238245295588,1595.3849017784278,0.9994633056883159,1595.3821240083498,0.998298050490564,1595.2946242252906,1.011280900823778
1595.3862906634668,1.0036543758393615,1595.3862906634668,0.9994555896290037,1595.3835128933893,1.0021321034481476,1595.2960131107948,1.0139246808079725
1595.3876795485053,0.9857006531392505,1595.3876795485053,0.9993379093062961,1595.3849017784278,0.9952893715474942,1595.2974019967655,1.006574608352496
1595.3890684335447,0.9949467673052287,1595.3890684335447,0.9994424539806471,1595.3862906634668,1.0031079759882586,1595.2987908822706,0.9979953928508156
1595.390457318584,0.9909812503972076,1595.390457318584,0.9993287273987371,1595.3876795485053,0.985048029910029,1595.300179768241,1.0059748898714584
1595.391846203623,1.0026498542698623,1595.391846203623,0.9992699677339635,1595.3890684335447,0.9943920386956496,1595.301568653745,0.9896691403388296
1595.3932350886607,0.9897525364176732,1595.3932350886607,0.999328641209129,1595.390457318584,0.9903160318354508,1595.3029575397154,1.0044823897812794
1595.3946239736988,0.9999687043883201,1595.3946239736988,0.9992100483465305,1595.391846203623,1.0019178875247086,1595.3043464252205,1.0013486131671572
1595.3960128587378,0.9813800514707872,1595.3960128587378,0.9991029228602402,1595.3932350886607,0.9890880573515624,1595.3057353111913,0.9941703808753584
1595.3974017437772,0.9930120281992765,1595.3974017437772,0.999116171936994,1595.3946239736988,0.9991787774568708,1595.307124196695,1.007668936209444
1595.3987906288166,1.0080006557739005,1595.3987906288166,0.999065765396261,1595.3960128587378,0.9804996778611964,1595.3085130826644,0.9929013837038634
1595.4001795138552,0.998982030951996,1595.4001795138552,0.999052805338781,1595.3974017437772,0.9921343763018514,1595.3099019681686,1.0041201969667135
1595.4015683984285,0.9973324935767782,1595.4015683984285,0.9990906022335242,1595.3987906288166,1.007058946680685,1595.3112908536732,0.9998010676415838
1595.402957283467,1.0009667235207973,1595.402957283467,0.9989782040338863,1595.4001795138552,0.9980358005056246,1595.312679739644,0.997066508816449
1595.4043461685064,1.0057129955500363,1595.4043461685064,0.9989758687869158,1595.4015683984285,0.9964255216346858,1595.3140686251488,1.0099270906294802
1595.405735053546,1.0006092954650285,1595.405735053546,0.9990013514616153,1595.402957283467,0.9999439397604896,1595.3154575106532,1.0043248798817883
1595.4071239381185,1.0027971354810237,1595.4071239381185,0.9990921707056512,1595.4043461685064,1.0046830134798892,1595.3168463961574,1.006727320996165
1595.4085128231563,1.0063400588112814,1595.4085128231563,0.9990836669639193,1595.405735053546,0.9996100384546182,1595.3182352821275,1.005377077992094
1595.4099017081949,1.0059195877225082,1595.4099017081949,0.999081361880824,1595.4071239381185,1.001886766865145,1595.3196241676328,1.0060196027558512
1595.4112905927682,0.997045447290352,1595.4112905927682,0.9990469243163453,1595.4085128231563,1.005417916169861,1595.321013053138,0.9946985710420232
1595.4126794778076,1.0000325583480023,1595.4126794778076,0.9991411422996355,1595.4099017081949,1.0049955116444005,1595.3224019386416,1.0094896793037558
1595.414068362847,1.0033628665313807,1595.414068362847,0.9991989480191064,1595.4112905927682,0.996095187519041,1595.3237908241454,1.00682757134219
1595.41545724742,1.00583667896673,1595.41545724742,0.9992338487186361,1595.4126794778076,0.9991736726846498,1595.3251797096495,0.99730963128138
1595.4168461324589,0.9991563239377781,1595.4168461324589,0.9991491271246385,1595.414068362847,1.0025591207195907,1595.3265685956198,1.019370611721769
1595.4182350170315,0.9733800238636763,1595.4182350170315,0.9990241387727113,1595.41545724742,1.0050660559062967,1595.327957481125,0.9928732767050086
1595.4196239020712,1.0017905295305187,1595.4196239020712,0.9990129023970513,1595.4168461324589,0.9983061689234936,1595.32934636663,1.0013402487211085
1595.4210127866445,1.0103777656637236,1595.4210127866445,0.9989989269622118,1595.4182350170315,0.9724301400389704,1595.3307352521342,0.9866664887171772
1595.4224016716826,0.9967670599953165,1595.4224016716826,0.998892486458506,1595.4196239020712,1.0008016645001625,1595.3321241376389,1.0062017139672503
1595.4237905562554,0.9944277144438274,1595.4237905562554,0.9988089290045734,1595.4210127866445,1.009366303724537,1595.333513023143,0.9972999137631764
1595.4251794408287,0.9997984099878149,1595.4251794408287,0.9987360503236735,1595.4224016716826,0.9956631269786566,1595.334901908648,0.992070043871212
1595.4265683258673,0.9951659631818778,1595.4265683258673,0.9986106614401365,1595.4237905562554,0.993243280436105,1595.3362907941523,1.0054831096464174
1595.427957210441,0.992664050675307,1595.427957210441,0.9987094728155669,1595.4251794408287,0.998534715111119,1595.3376796791904,1.0096658246970172
1595.4293460950148,0.9944069579992473,1595.4293460950148,0.9987275405965099,1595.4265683258673,0.9937833407357656,1595.339068564695,1.000391007101138
1595.430734980053,1.0023842636488571,1595.430734980053,0.9987195442449377,1595.427957210441,0.991382990732901,1595.3404574501992,1.0087301753018758
1595.4321238646266,0.9877436223226949,1595.4321238646266,0.9988079442598135,1595.4293460950148,0.9931416155146452,1595.3418463357038,1.0047304325085915
1595.4335127491995,1.0027923171278832,1595.4335127491995,0.9987290404839468,1595.430734980053,1.001100754949684,1595.343235221209,0.9933006629961304
1595.4349016337728,1.008822056749719,1595.4349016337728,0.9987770986681749,1595.4321238646266,0.9865661768678724,1595.344624106714,1.0101913087193723
1595.4362905183457,1.0063632140079422,1595.4362905183457,0.9988004541635283,1595.4335127491995,1.0015178086898044,1595.3460129917526,1.0024993395316544
1595.437679403385,1.0007722347772599,1595.437679403385,0.9987110567320933,1595.4349016337728,1.0075883669129453,1595.3474018772572,1.0033239755068109
1595.4390682879575,1.005035753755037,1595.4390682879575,0.9987888685839809,1595.4362905183457,1.0051560352046005,1595.3487907627614,0.9841224055494902
1595.4404571725308,1.0012234691725994,1595.4404571725308,0.9987090113773609,1595.437679403385,0.9994822961425358,1595.350179648266,1.0020591605583402
1595.4418460571037,0.9988327639686538,1595.4418460571037,0.9987293927596237,1595.4390682879575,1.0038185233794417,1595.3515685333043,0.9985879769514
1595.4432349416777,0.9832780185282252,1595.4432349416777,0.9986718383562676,1595.4404571725308,0.9999309010651783,1595.352957418809,0.9899641715718864
1595.4446238262512,0.999147419970177,1595.4446238262512,0.9986182486393972,1595.4418460571037,0.9975636398268302,1595.3543463043134,0.995407088824974
1595.4460127108246,0.9929758413272507,1595.4460127108246,0.99862381493293,1595.4432349416777,0.9819720663788908,1595.355735189352,1.0152816276695382
1595.4474015953974,1.0076813174083183,1595.4474015953974,0.998669368957484,1595.4446238262512,0.9977668466631904,1595.3571240748563,0.9972501576098424
1595.4487904799698,1.0031224362692617,1595.4487904799698,0.9986538916200199,1595.4460127108246,0.9916093228024548,1595.358512959896,0.9876531858345275
1595.4501793645427,1.0073699783458212,1595.4501793645427,0.9985949704804474,1595.4474015953974,1.0063404653664114,1595.359901845401,0.9952481643500484
1595.4515682491165,1.0015980182854434,1595.4515682491165,0.9986766482391696,1595.4487904799698,1.0017721247516536,1595.3612907304396,0.9954033986281878
1595.4529571336898,0.9992024060647863,1595.4529571336898,0.9986741505157622,1595.4501793645427,1.0059545937891343,1595.3626796159442,1.0017871930551974
1595.454346017797,0.9991697928913719,1595.454346017797,0.9987659628273899,1595.4515682491165,1.000272551784301,1595.3640685009825,1.004147381416372
1595.4557349023703,1.0103214916699867,1595.4557349023703,0.9987608486203033,1595.4529571336898,0.9978776140700562,1595.365457386486,1.0022750985736129
1595.4571237869432,0.9980119356641366,1595.4571237869432,0.9989062053221092,1595.454346017797,0.9979367802251948,1595.3668462715254,1.001033408858336
1595.458512671517,1.0023543346403379,1595.458512671517,0.9989060751510447,1595.4557349023703,1.0090695503996467,1595.3682351565649,1.004737874405444
1595.4599015560907,1.0112847117835622,1595.4599015560907,0.9988928291394052,1595.4571237869432,0.9969203155204356,1595.369624042069,1.00199778028513
1595.4612904401984,1.0088234160237806,1595.4612904401984,0.9988824423052337,1595.458512671517,1.0012578343262166,1595.3710129271078,1.0020887436359096
1595.4626793247708,0.992099352254281,1595.4626793247708,0.9988853935985633,1595.4599015560907,1.0101650468189105,1595.3724018121466,1.0035588565322526
1595.4640682093432,1.0043963977771224,1595.4640682093432,0.9987461815471265,1595.4612904401984,1.0076959976525428,1595.3737906976517,1.0014659614249584
1595.4654570934513,0.9959805744358696,1595.4654570934513,0.9987346829193717,1595.4626793247708,0.9909935519653972,1595.375179582691,0.991840083108152
1595.4668459780248,0.9888455691083263,1595.4668459780248,0.9987085831937197,1595.4640682093432,1.0031370670395898,1595.3765684677296,0.9970514405129054
1595.468234862598,0.9908455371372047,1595.468234862598,0.9986877844711206,1595.4654570934513,0.994720343203062,1595.3779573527677,0.9919616750922572
1595.469623746705,0.988019597831023,1595.469623746705,0.9988143672170301,1595.4668459780248,0.987568557321564,1595.3793462382714,0.9809330914737358
1595.4710126312784,0.9923988402305352,1595.4710126312784,0.9987201677342668,1595.468234862598,0.9895453342366524,1595.3807351233104,1.010685856592003
1595.4724015153856,1.0032687841884302,1595.4724015153856,0.9986276962203915,1595.469623746705,0.9868481694056178,1595.3821240083498,0.998298050490564
1595.4737903999594,1.0085763654745838,1595.4737903999594,0.9985817106118375,1595.4710126312784,0.9911287361743318,1595.3835128933893,1.0021321034481476
1595.4751792840675,1.0011887953560292,1595.4751792840675,0.998729286063789,1595.4724015153856,1.0018919946439253,1595.3849017784278,0.9952893715474942
1595.47656816864,0.9984380270657908,1595.47656816864,0.998738878405,1595.4737903999594,1.0071459123182798,1595.3862906634668,1.0031079759882586
1595.477957052747,0.9907088025148326,1595.477957052747,0.9987524279163649,1595.4751792840675,0.999916570800992,1595.3876795485053,0.985048029910029
1595.4793459368543,0.989756725018213,1595.4793459368543,0.9987642839906189,1595.47656816864,0.9971788753085888,1595.3890684335447,0.9943920386956496
1595.480734821428,0.9922301771668341,1595.480734821428,0.9987797248543773,1595.477957052747,0.9894728218698036,1595.390457318584,0.9903160318354508
1595.4821237055362,0.9815708222113285,1595.4821237055362,0.9987935166216929,1595.4793459368543,0.9885336667877154,1595.391846203623,1.0019178875247086
1595.4835125896434,0.9963077184773521,1595.4835125896434,0.998852132639806,1595.480734821428,0.9910193833429006,1595.3932350886607,0.9890880573515624
1595.4849014742167,0.9992105838229177,1595.4849014742167,0.9989046137471785,1595.4821237055362,0.9803865733296994,1595.3946239736988,0.9991787774568708
1595.486290358324,0.991920475574795,1595.486290358324,0.9988688488236135,1595.4835125896434,0.9951640893666026,1595.3960128587378,0.9804996778611964
1595.487679242431,1.0032790095448025,1595.487679242431,0.9989137308339355,1595.4849014742167,0.9981160622857244,1595.3974017437772,0.9921343763018514
1595.4890681265392,0.9932658139182301,1595.4890681265392,0.9989243596833361,1595.486290358324,0.9907984635619668,1595.3987906288166,1.007058946680685
1595.490457010647,1.0000257981855234,1595.490457010647,0.9988477067176448,1595.487679242431,1.0021891784917742,1595.4001795138552,0.9980358005056246
1595.4918458952195,0.9977053497104137,1595.4918458952195,0.9987648181458555,1595.4890681265392,0.9921974171636158,1595.4015683984285,0.9964255216346858
1595.4932347793265,0.9962678494875747,1595.4932347793265,0.9987610444474758,1595.490457010647,0.9988734751760924,1595.402957283467,0.9999439397604896
1595.494623663434,1.001804825774349,1595.494623663434,0.9986374740528738,1595.4918458952195,0.9964730021666685,1595.4043461685064,1.0046830134798892
1595.4960125475425,0.9964712517701133,1595.4960125475425,0.9985663094860803,1595.4932347793265,0.9950335179036508,1595.405735053546,0.9996100384546182
1595.4974014316504,0.9954854281985498,1595.4974014316504,0.9985287963491714,1595.494623663434,1.0004398407052753,1595.4071239381185,1.001886766865145
1595.4987903157576,0.9951723423444476,1595.4987903157576,0.9985009279006457,1595.4960125475425,0.9950426203890568,1595.4085128231563,1.005417916169861
1595.5001791998652,1.002238731065329,1595.5001791998652,0.9985080299485939,1595.4974014316504,0.9940208664022374,1595.4099017081949,1.0049955116444005
1595.5015680839724,1.0000329477519514,1595.5015680839724,0.9985235266634037,1595.4987903157576,0.99368050725199,1595.4112905927682,0.996095187519041
1595.50295696808,0.9918670375024556,1595.50295696808,0.9986115100650561,1595.5001791998652,1.00074342089422,1595.4126794778076,0.9991736726846498
1595.5043458521882,1.005898069323825,1595.5043458521882,0.998745905913697,1595.5015680839724,0.9985564257688778,1595.414068362847,1.0025591207195907
1595.5057347362954,0.996743490003636,1595.5057347362954,0.9987255029313665,1595.50295696808,0.9904898401040808,1595.41545724742,1.0050660559062967
1595.5071236199365,0.9999064698880626,1595.5071236199365,0.9987044496202789,1595.5043458521882,1.0046365785036626,1595.4168461324589,0.9983061689234936
1595.5085125040437,1.0002241427644887,1595.5085125040437,0.9987210243925451,1595.5057347362954,0.995473143347447,1595.4182350170315,0.9724301400389704
1595.509901388151,1.004350254258211,1595.509901388151,0.998772165607249,1595.5071236199365,0.9986110406813136,1595.4196239020712,1.0008016645001625
1595.5112902722583,0.990013912232578,1595.5112902722583,0.9987921454828553,1595.5085125040437,0.9989448804839054,1595.4210127866445,1.009366303724537
1595.5126791563666,0.9901828319640874,1595.5126791563666,0.9986839943300961,1595.509901388151,1.0031170784736645,1595.4224016716826,0.9956631269786566
1595.514068040009,1.0053759824825304,1595.514068040009,0.9988015818746814,1595.5112902722583,0.9888181194566518,1595.4237905562554,0.993243280436105
1595.5154569241167,0.9944535438312163,1595.5154569241167,0.9988507081996411,1595.5126791563666,0.9888797457429812,1595.4251794408287,0.998534715111119
1595.516845808224,0.9987538837351865,1595.516845808224,0.9989761997614472,1595.514068040009,1.0041711216823632,1595.4265683258673,0.9937833407357656
1595.518234691866,1.0044417619002317,1595.518234691866,0.9989531027073991,1595.5154569241167,0.9933106265274532,1595.427957210441,0.991382990732901
1595.5196235759731,0.991897784846991,1595.5196235759731,0.9990313357750562,1595.516845808224,0.997731359270763,1595.4293460950148,0.9931416155146452
1595.5210124596151,0.98586190022963,1595.5210124596151,0.9990172471576436,1595.518234691866,1.0033902145391231,1595.430734980053,1.001100754949684
1595.5224013437223,1.0127848713185164,1595.5224013437223,0.9991377691497701,1595.5196235759731,0.9909369689480088,1595.4321238646266,0.9865661768678724
1595.5237902278295,0.9887929550590515,1595.5237902278295,0.9991395298562645,1595.5210124596151,0.9848930416450086,1595.4335127491995,1.0015178086898044
1595.5251791114715,1.005878688057216,1595.5251791114715,0.9990146777334292,1595.5224013437223,1.0119116169578195,1595.4349016337728,1.0075883669129453
1595.5265679955787,1.0066150093366153,1595.5265679955787,0.9990893244132265,1595.5237902278295,0.9879421282428872,1595.4362905183457,1.0051560352046005
1595.5279568792212,0.9827415656557792,1595.5279568792212,0.9990741093117435,1595.5251791114715,1.0048875733884042,1595.437679403385,0.9994822961425358
1595.5293457628636,1.0077309530061351,1595.5293457628636,0.9990032130571252,1595.5265679955787,1.0056983096223326,1595.4390682879575,1.0038185233794417
1595.5307346469713,1.0042919595967543,1595.5307346469713,0.9989557440082436,1595.5279568792212,0.9818316543911758,1595.4404571725308,0.9999309010651783
1595.5321235306128,1.0010661576389972,1595.5321235306128,0.9989616111190209,1595.5293457628636,1.006726459950248,1595.4418460571037,0.9975636398268302
1595.5335124147196,0.9861745153328142,1595.5335124147196,0.9988751220088515,1595.5307346469713,1.0032432217004728,1595.4432349416777,0.9819720663788908
1595.5349012983615,0.9973782560987511,1595.5349012983615,0.9988012462588128,1595.5321235306128,1.0000266616717803,1595.4446238262512,0.9977668466631904
1595.536290182004,0.9963593788401062,1595.536290182004,0.9986960844243293,1595.5335124147196,0.9850651893250848,1595.4460127108246,0.9916093228024548
1595.5376790656455,1.0022015951282168,1595.5376790656455,0.9986675812623058,1595.5349012983615,0.996182645182874,1595.4474015953974,1.0063404653664114
1595.5390679497532,1.0040721850538568,1595.5390679497532,0.9985834828267361,1595.536290182004,0.995060210327071,1595.4487904799698,1.0017721247516536
1595.5404568333947,1.0087983969743062,1595.5404568333947,0.9986254875287872,1595.5376790656455,1.000866242943921,1595.4501793645427,1.0059545937891343
1595.5418457170367,0.9953063359021264,1595.5418457170367,0.9985051684725951,1595.5390679497532,1.0026498995605313,1595.4515682491165,1.000272551784301
1595.543234600679,0.9875024522567102,1595.543234600679,0.9985876279769671,1595.5404568333947,1.0074117909967255,1595.4529571336898,0.9978776140700562
1595.5446234843212,1.0021342263644015,1595.5446234843212,0.9985589467201604,1595.5418457170367,0.993818520611794,1595.454346017797,0.9979367802251948
1595.5460123679632,1.0071023654300912,1595.5460123679632,0.9985732959178759,1595.543234600679,0.9861077314204664,1595.4557349023703,1.0090695503996467
1595.5474012516042,0.9951910402380634,1595.5474012516042,0.9985749921346566,1595.5446234843212,1.0006900975506596,1595.4571237869432,0.9969203155204356
1595.548790135245,0.9954717978869737,1595.548790135245,0.9986929102348675,1595.5460123679632,1.0056655283742153,1595.458512671517,1.0012578343262166
1595.5501790188878,0.9863130183073063,1595.5501790188878,0.9987958399082629,1595.5474012516042,0.9937728851782048,1595.4599015560907,1.0101650468189105
1595.5515679025302,0.9879670390467967,1595.5515679025302,0.9988564843997345,1595.548790135245,0.9941706268884776,1595.4612904401984,1.0076959976525428
1595.5529567861718,0.9982224053410167,1595.5529567861718,0.9989703229554987,1595.5501790188878,0.9851253395327,1595.4626793247708,0.9909935519653972
1595.5543456698138,1.0111838549673442,1595.5543456698138,0.9989726317202006,1595.5515679025302,0.9868372833250986,1595.4640682093432,1.0031370670395898
1595.5557345534553,1.0139807143460542,1595.5557345534553,0.9990494065250651,1595.5529567861718,0.9971945586449302,1595.4654570934513,0.994720343203062
1595.5571234370973,1.0066579345843563,1595.5571234370973,0.999135678409928,1595.5543456698138,1.0101449967497054,1595.4668459780248,0.987568557321564
1595.5585123207395,0.9970492202959248,1595.5585123207395,0.9992932159552897,1595.5557345534553,1.013016830895287,1595.468234862598,0.9895453342366524
1595.5599012043822,0.9712665953488124,1595.5599012043822,0.999287202112975,1595.5571234370973,1.0057878583976778,1595.469623746705,0.9868481694056178
1595.561290088023,1.0116185191488298,1595.561290088023,0.9992051146881098,1595.5585123207395,0.9963445218152288,1595.4710126312784,0.9911287361743318
1595.5626789711982,0.9878850720959543,1595.5626789711982,0.9991336051508933,1595.5599012043822,0.9705742785719098,1595.4724015153856,1.0018919946439253
1595.5640678548402,1.0096912962617042,1595.5640678548402,0.9991320421959167,1595.561290088023,1.0108143984467224,1595.4737903999594,1.0071459123182798
1595.565456738483,0.9979002623331255,1595.565456738483,0.9991105018975747,1595.5626789711982,0.987029173557981,1595.4751792840675,0.999916570800992
1595.5668456216597,1.0095926866199256,1595.5668456216597,0.9991296621971666,1595.5640678548402,1.0088149268213988,1595.47656816864,0.9971788753085888
1595.5710122721189,1.014219912871046,1595.5710122721189,0.9992466411326929,1595.565456738483,0.9970126319433704,1595.477957052747,0.9894728218698036
1595.5724011557609,1.0221626897760783,1595.5724011557609,0.9993049657805755,1595.5668456216597,1.0087139999392962,1595.4793459368543,0.9885336667877154
1595.5737900389377,1.0163772147767378,1595.5737900389377,0.9992134934744649,1595.5710122721189,1.0134558413062853,1595.480734821428,0.9910193833429006
1595.5765678057546,1.013597364665746,1595.5765678057546,0.999119312118983,1595.5724011557609,1.021452251728865,1595.4821237055362,0.9803865733296994
1595.5779566893966,1.0024511448657507,1595.5779566893966,0.999138949625476,1595.5737900389377,1.0155778274649108,1595.4835125896434,0.9951640893666026
1595.5793455725725,1.0192819943072806,1595.5793455725725,0.9991318825382436,1595.5751789225792,1.0228549570305798,1595.4849014742167,0.9981160622857244
1595.580734456215,1.0215433674624677,1595.580734456215,0.9991871870743763,1595.5765678057546,1.012704701750454,1595.486290358324,0.9907984635619668
1595.5821233393915,1.0086210671605758,1595.5821233393915,0.9990594829960716,1595.5779566893966,1.001587983932022,1595.487679242431,1.0021891784917742
1595.5835122225676,1.0070583668881974,1595.5835122225676,0.9991263270468236,1595.5793455725725,1.0183971378095686,1595.4890681265392,0.9921974171636158
1595.5849011062096,0.9967693753642999,1595.5849011062096,0.9991580789241491,1595.580734456215,1.020713043809309,1595.490457010647,0.9988734751760924
1595.5862899893857,0.9909944188732556,1595.5862899893857,0.9989893734509065,1595.5821233393915,1.007672441896391,1595.4918458952195,0.9964730021666685
1595.5876788725618,1.016470181237403,1595.5876788725618,0.9989172900545158,1595.5835122225676,1.006178527230777,1595.4932347793265,0.9950335179036508
1595.5890677562031,0.9922526705324412,1595.5890677562031,0.9989835711858356,1595.5849011062096,0.995930174219418,1595.494623663434,1.0004398407052753
1595.5918455225556,1.0053411904765521,1595.5918455225556,0.9989857241652779,1595.5862899893857,0.9899928936035388,1595.4960125475425,0.9950426203890568
1595.593234405732,1.0033023125519476,1595.593234405732,0.9990588618783075,1595.5876788725618,1.0153696388628892,1595.4974014316504,0.9940208664022374
1595.5946232889078,1.0112361288416778,1595.5946232889078,0.9991518641220347,1595.5890677562031,0.9912441163271803,1595.4987903157576,0.99368050725199
1595.5960121720846,0.9977227156278929,1595.5960121720846,0.9992365148877562,1595.5904566393797,1.0251565327661336,1595.5001791998652,1.00074342089422
1595.5974010552611,0.9929800990873491,1595.5974010552611,0.99930568301194,1595.5918455225556,1.004321497201401,1595.5015680839724,0.9985564257688778
1595.5987899384377,0.9991294835498589,1595.5987899384377,0.9992883093207715,1595.593234405732,1.0023580664980227,1595.50295696808,0.9904898401040808
1595.6001788216136,1.0111231941609997,1595.6001788216136,0.9991716133913484,1595.5946232889078,1.0103784631997124,1595.5043458521882,1.0046365785036626
1595.6015677047894,1.0039808386060727,1595.6015677047894,0.9991950432354681,1595.5960121720846,0.9969609691883636,1595.5057347362954,0.995473143347447
1595.6029565879649,1.0008901114576798,1595.6029565879649,0.9992363732140414,1595.5974010552611,0.9922906561357472,1595.5071236199365,0.9986110406813136
1595.6043454711412,0.9928922351964509,1595.6043454711412,0.9993184813604984,1595.5987899384377,0.998418412409074,1595.5085125040437,0.9989448804839054
1595.605734354318,0.9976493029295486,1595.605734354318,0.9994058456787556,1595.6001788216136,1.0102855932472596,1595.509901388151,1.0031170784736645
1595.607123237494,1.0109096033707299,1595.607123237494,0.9994932695639454,1595.6015677047894,1.0031726774385763,1595.5112902722583,0.9888181194566518
1595.6085121206702,1.0038990109311758,1595.6085121206702,0.9995670645832724,1595.6029565879649,1.0001258049587696,1595.5126791563666,0.9888797457429812
1595.609901003846,0.9969507728788902,1595.609901003846,0.999660067161067,1595.6043454711412,0.992215560631148,1595.514068040009,1.0041711216823632
1595.6112898865572,0.9848117253244133,1595.6112898865572,0.9997154786537492,1595.605734354318,0.9970565452851264,1595.5154569241167,0.9933106265274532
1595.612678769734,1.0003825709944172,1595.612678769734,0.9998017994092109,1595.607123237494,1.010397344706602,1595.516845808224,0.997731359270763
1595.6140676529103,1.0032159469269808,1595.6140676529103,0.999778591013574,1595.6085121206702,1.003464387494526,1595.518234691866,1.0033902145391231
1595.6154565360862,0.9959331429471785,1595.6154565360862,0.9998569601109395,1595.609901003846,0.996611876572389,1595.5196235759731,0.9909369689480088
1595.616845418796,0.9932840801298625,1595.616845418796,0.9998749001953307,1595.6112898865572,0.9845315253665204,1595.5210124596151,0.9848930416450086
1595.6182343019714,1.0006799462731284,1595.6182343019714,0.9999497891974453,1595.612678769734,1.000184294577831,1595.5224013437223,1.0119116169578195
1595.6196231846825,0.9900535596565334,1595.6196231846825,1.0000283653136135,1595.6140676529103,1.0029938259010054,1595.5237902278295,0.9879421282428872
1595.6210120678593,0.9946631518290278,1595.6210120678593,1.0000213257677533,1595.6154565360862,0.9957906847808996,1595.5251791114715,1.0048875733884042
1595.6224009510352,0.9981178023819661,1595.6224009510352,1.000095368575181,1595.616845418796,0.993159820485457,1595.5265679955787,1.0056983096223326
1595.6237898337458,1.0002151550513927,1595.6237898337458,1.0001890345831503,1595.6182343019714,1.0006297013299257,1595.5279568792212,0.9818316543911758
1595.6251787169217,1.0019949673690023,1595.6251787169217,1.000267972488364,1595.6196231846825,0.9900816428362472,1595.5293457628636,1.006726459950248
1595.6265675996328,0.9936980800299713,1595.6265675996328,1.0002811986514253,1595.6210120678593,0.9946843637843964,1595.5307346469713,1.0032432217004728
1595.627956482344,1.0123452869705831,1595.627956482344,1.0003279966081207,1595.6224009510352,0.998212991454642,1595.5321235306128,1.0000266616717803
1595.6293453655203,1.0080822387380877,1595.6293453655203,1.0004148687456003,1595.6237898337458,1.0004042303062886,1595.5335124147196,0.9850651893250848
1595.63073424823,0.9871011416671519,1595.63073424823,1.000380810798658,1595.6251787169217,1.0022634744537364,1595.5349012983615,0.996182645182874
1595.6321231314057,1.0044412562821696,1595.6321231314057,1.0004480175422965,1595.6265675996328,0.9939775065899996,1595.536290182004,0.995060210327071
1595.6335120141157,0.9989974243848717,1595.6335120141157,1.0004853583661266,1595.627956482344,1.0126773327909564,1595.5376790656455,1.000866242943921
1595.6349008968268,1.0106482207600658,1595.6349008968268,1.0005063726479422,1595.6293453655203,1.0085004605519348,1595.5390679497532,1.0026498995605313
1595.636289779538,0.9970058481701071,1595.636289779538,1.000471561409508,1595.63073424823,0.9874770404412664,1595.5404568333947,1.0074117909967255
1595.637678662714,0.9908581438030848,1595.637678662714,1.000594739388984,1595.6321231314057,1.0048912635851903,1595.5418457170367,0.993818520611794
1595.6390675454245,1.0018212136185927,1595.6390675454245,1.0007117021111143,1595.6335120141157,0.9994822961425358,1595.543234600679,0.9861077314204664
1595.6404564281347,0.9985796024923176,1595.6404564281347,1.0006720268438585,1595.6349008968268,1.01115998537575,1595.5446234843212,1.0006900975506596
1595.6418453108458,1.006831001157833,1595.6418453108458,1.0007585802337533,1595.636289779538,0.997475997653158,1595.5460123679632,1.0056655283742153
1595.643234193557,0.9986430559828436,1595.643234193557,1.0008086016945625,1595.637678662714,0.9914474461701,1595.5474012516042,0.9937728851782048
1595.6446230762667,0.9990514449631815,1595.6446230762667,1.000778837467138,1595.6390675454245,1.002534211891284,1595.548790135245,0.9941706268884776
1595.6460119589765,0.9967864219969601,1595.6460119589765,1.0008918352714227,1595.6404564281347,0.999250674790922,1595.5501790188878,0.9851253395327
1595.6474008416872,1.0134637880224475,1595.6474008416872,1.00101939439052,1595.6418453108458,1.0075947632540414,1595.5515679025302,0.9868372833250986
1595.6487897243974,0.991547748560611,1595.6487897243974,1.0008812349740646,1595.643234193557,0.9994505604501744,1595.5529567861718,0.9971945586449302
1595.6501786071085,0.9907141470778464,1595.6501786071085,1.0010226350539109,1595.6446230762667,0.9998295436601172,1595.5543456698138,1.0101449967497054
1595.6515674898196,1.0059404091794542,1595.6515674898196,1.0009626892273886,1595.6460119589765,0.9976753912861722,1595.5557345534553,1.013016830895287
1595.6529563725303,0.992563032038167,1595.6529563725303,1.0009086639227103,1595.6474008416872,1.0144969073229526,1595.5571234370973,1.0057878583976778
1595.6543452552403,0.985581440747486,1595.6543452552403,1.0010211081837153,1595.6487897243974,0.9924215351150976,1595.5585123207395,0.9963445218152288
1595.6557341379512,0.998231585576773,1595.6557341379512,1.000957002690388,1595.6501786071085,0.9917272860930536,1595.5599012043822,0.9705742785719098
1595.6571230206623,0.9993108594769499,1595.6571230206623,1.0009325673899212,1595.6515674898196,1.0069088171747662,1595.561290088023,1.0108143984467224
1595.6585119029069,0.9910353665255561,1595.6585119029069,1.0009570912227113,1595.6529563725303,0.993464938256396,1595.5626789711982,0.987029173557981
1595.6599007856166,0.9974183568224094,1595.6599007856166,1.0010964943355953,1595.6543452552403,0.9865878260223512,1595.5640678548402,1.0088149268213988
1595.6612896683268,0.9948846506507191,1595.6612896683268,1.0012080444753955,1595.6557341379512,0.9991868958898004,1595.565456738483,0.9970126319433704
1595.6626785510375,0.9894665562049481,1595.6626785510375,1.0013028864588642,1595.6571230206623,1.0002427841968922,1595.5668456216597,1.0087139999392962
1595.664067433282,0.9871820647600684,1595.664067433282,1.001314949106741,1595.6585119029069,0.9919838777762542,1595.568234505301,1.026254489316588
1595.6654563159932,1.0029927495490825,1595.6654563159932,1.0013104954036038,1595.6599007856166,0.998512020400884,1595.569623388943,1.0296904930475002
1595.6668451987043,0.988616425400369,1595.6668451987043,1.0012127754576485,1595.6612896683268,0.9960865155565934,1595.5710122721189,1.0134558413062853
1595.668234080949,1.0149208704921993,1595.668234080949,1.0013402492907866,1595.6626785510375,0.9907557187825266,1595.5724011557609,1.021452251728865
1595.6696229636595,0.9959312444968489,1595.6696229636595,1.0015003635761752,1595.664067433282,0.9884801589343154,1595.5737900389377,1.0155778274649108
1595.6710118459046,1.0008805382739392,1595.6710118459046,1.0015169691491748,1595.6654563159932,1.0043071669372146,1595.5751789225792,1.0228549570305798
1595.6724007286143,1.0091047295368694,1595.6724007286143,1.0014684296039174,1595.6668451987043,0.9898153951381228,1595.5765678057546,1.012704701750454
1595.6737896108589,1.0076496560165755,1595.6737896108589,1.0015783689979718,1595.668234080949,1.016281117469081,1595.5779566893966,1.001587983932022
1595.67517849357,1.0174641933055155,1595.67517849357,1.0016868522644597,1595.6696229636595,0.9974255034604668,1595.5793455725725,1.0183971378095686
1595.6765673758148,1.0022626380125848,1595.6765673758148,1.0018589496225085,1595.6710118459046,1.0023988431725102,1595.580734456215,1.020713043809309
1595.6779562580596,1.0173884930657513,1595.6779562580596,1.0020203005828279,1595.6724007286143,1.0105865287951743,1595.5821233393915,1.007672441896391
1595.6793451407698,0.9937297424963192,1595.6793451407698,1.0021351570125525,1595.6737896108589,1.009240098994449,1595.5835122225676,1.006178527230777
1595.6807340230152,1.0013754782355138,1595.6807340230152,1.0019740734848774,1595.67517849357,1.0191805050839997,1595.5849011062096,0.995930174219418
1595.6821229052607,1.0129729682323527,1595.6821229052607,1.0018083646519464,1595.6765673758148,1.0041257937651726,1595.5862899893857,0.9899928936035388
1595.6835117875055,1.0088648002389182,1595.6835117875055,1.0017584183169446,1595.6779562580596,1.0194439236312545,1595.5876788725618,1.0153696388628892
1595.684900670216,0.9953181651822255,1595.684900670216,1.0018528404369749,1595.6793451407698,0.9958515115245922,1595.5890677562031,0.9912441163271803
1601.3487598025993,0.9893305072075161,1601.3487598025993,1.001417022351967,1595.6807340230152,1.003352267015505,1595.5904566393797,1.0251565327661336
1601.3501486829816,0.9988903967805932,1601.3501486829816,1.0015057797989346,1595.6821229052607,1.0148047927414814,1595.5918455225556,1.004321497201401
1601.35153756383,1.0007727534680475,1601.35153756383,1.0015612016011939,1595.6835117875055,1.010638806582979,1595.593234405732,1.0023580664980227
1601.3529264446786,1.0104991472629712,1601.3529264446786,1.0016253904226176,1595.684900670216,0.9971623309263308,1595.5946232889078,1.0103784631997124
1601.3543153255257,0.9951402838547884,1601.3543153255257,1.0017144483334945,1601.3487598025993,0.990732410649712,1595.5960121720846,0.9969609691883636
1601.3557042059072,0.9960241855077296,1601.3557042059072,1.0015960970077236,1601.3501486829816,1.0003945057614152,1595.5974010552611,0.9922906561357472
1601.3570930867547,0.9867909713195347,1601.3570930867547,1.0014873546229068,1601.35153756383,1.002335161493193,1595.5987899384377,0.998418412409074
1601.3584819676028,1.0082052383086282,1601.3584819676028,1.00152696661111,1601.3529264446786,1.0121416028989956,1595.6001788216136,1.0102855932472596
1601.3598708484512,1.0083751454348069,1601.3598708484512,1.001454588517301,1601.3543153255257,0.9968464004560365,1595.6015677047894,1.0031726774385763
1601.3612597292995,0.9962850974027035,1601.3612597292995,1.0014552816914235,1601.3557042059072,0.9976139367298388,1595.6029565879649,1.0001258049587696
1601.3626486096816,0.9927404860081868,1601.3626486096816,1.0015037142254313,1601.3570930867547,0.9882586794325696,1595.6043454711412,0.992215560631148
1601.3640374905292,0.9972623444851757,1601.3640374905292,1.001567945074895,1601.3584819676028,1.0097447340446717,1595.605734354318,0.9970565452851264
1601.3654263713763,1.0032782423161068,1601.3654263713763,1.0014665140324481,1601.3598708484512,1.009841916342488,1595.607123237494,1.010397344706602
1601.3668152522243,0.9986001527586457,1601.3668152522243,1.0014390355992742,1601.3612597292995,0.9977349728643918,1595.6085121206702,1.003464387494526
1601.3682041326072,0.995611830787404,1601.3682041326072,1.0013673144207316,1601.3626486096816,0.9942332839991588,1595.609901003846,0.996611876572389
1601.3695930134547,1.0003601103791557,1601.3695930134547,1.0013941736566883,1601.3640374905292,0.9988259970665896,1595.6112898865572,0.9845315253665204
1601.3709818943028,0.9954585044123494,1601.3709818943028,1.0012874541201344,1601.3654263713763,1.0047495639369133,1595.612678769734,1.000184294577831
1601.372370774685,0.999321273595772,1601.372370774685,1.001394540461626,1601.3668152522243,1.000037173927906,1595.6140676529103,1.0029938259010054
1601.3737596555327,1.001363718387156,1601.3737596555327,1.0013108808304831,1601.3682041326072,0.9969731452010906,1595.6154565360862,0.9957906847808996
1601.3751485363812,1.0082545826196692,1601.3751485363812,1.0012051031431084,1601.3695930134547,1.0017547860922482,1595.616845418796,0.993159820485457
1601.3765374172287,1.0019082513607092,1601.3765374172287,1.001308703747257,1601.3709818943028,0.996740111565278,1595.6182343019714,1.0006297013299257
1601.3779262976102,0.9940576939644923,1601.3779262976102,1.00128861104395,1601.372370774685,1.000714867545965,1595.6196231846825,0.9900816428362472
1601.3793151784582,0.9984351493850427,1601.3793151784582,1.0012363655297414,1601.3737596555327,1.002676386889931,1595.6210120678593,0.9946843637843964
1601.3807040593058,1.0000438571965458,1601.3807040593058,1.001307870818637,1601.3751485363812,1.0094696333862376,1595.6224009510352,0.998212991454642
1601.3820929396886,1.0058189679937573,1601.3820929396886,1.001256272518013,1601.3765374172287,1.0032194524436726,1595.6237898337458,1.0004042303062886
1601.383481820537,0.9854694850045707,1601.383481820537,1.0011976522460446,1601.3779262976102,0.9953386476872584,1595.6251787169217,1.0022634744537364
1601.384870701385,1.0084426232821362,1601.384870701385,1.001111680756237,1601.3793151784582,0.9996695801874246,1595.6265675996328,0.9939775065899996
1601.386259581766,0.9902101975715218,1601.386259581766,1.0010821933382426,1601.3807040593058,1.0013517853747302,1595.627956482344,1.0126773327909564
1601.3876484626132,1.0051980315771791,1601.3876484626132,1.0011056629084474,1601.3820929396886,1.007082550721344,1595.6293453655203,1.0085004605519348
1601.3890373434613,1.0031452908095768,1601.3890373434613,1.001030578366455,1601.383481820537,0.9866497347466948,1595.63073424823,0.9874770404412664
1601.3904262243095,0.9979333034659085,1601.3904262243095,1.0009757861155095,1601.384870701385,1.009563689540208,1595.6321231314057,1.0048912635851903
1601.3918151046926,1.000008783168657,1601.3918151046926,1.000894596585749,1601.386259581766,0.9912817964507936,1595.6335120141157,0.9994822961425358
1601.39320398554,1.0050205078169412,1601.39320398554,1.0009338456108785,1601.3876484626132,1.0063094417563383,1595.6349008968268,1.01115998537575
1601.3945928659225,1.0138140172940533,1601.3945928659225,1.000935459054579,1601.3890373434613,1.0041791106446964,1595.636289779538,0.997475997653158
1601.39598174677,0.9971186483017002,1601.39598174677,1.0008984312948361,1601.3904262243095,0.998907072927635,1595.637678662714,0.9914474461701
1601.397370627618,1.000738281704953,1601.397370627618,1.0008669647325241,1601.3918151046926,1.0009033876117988,1595.6390675454245,1.002534211891284
1601.398759508,0.9999633535794178,1601.398759508,1.0008920872121154,1601.39320398554,1.005959041807009,1595.6404564281347,0.999250674790922
1601.4001483888476,1.005819908137812,1601.4001483888476,1.0008152765560872,1601.3945928659225,1.01476239879619,1595.6418453108458,1.0075947632540414
1601.4015372696956,1.0178500660894048,1601.4015372696956,1.0008114407328232,1601.39598174677,0.9980144908999992,1595.643234193557,0.9994505604501744
1601.4029261500775,0.9929218975608488,1601.4029261500775,1.0007536068949676,1601.397370627618,1.001605886501678,1595.6446230762667,0.9998295436601172
1601.4043150309255,0.9876541911237509,1601.4043150309255,1.0008298254639205,1601.398759508,1.00085540809973,1595.6460119589765,0.9976753912861722
1601.405703911774,1.0018026753577192,1601.405703911774,1.0007581725831576,1601.4001483888476,1.0066399295285626,1595.6474008416872,1.0144969073229526
1601.4070927921568,1.0124847222439814,1601.4070927921568,1.0008147985652054,1601.4015372696956,1.0186759910929366,1595.6487897243974,0.9924215351150976
1601.408481673004,1.0025291418169187,1601.408481673004,1.0009023731295241,1601.4029261500775,0.993670170349015,1595.6501786071085,0.9917272860930536
1601.4098705533854,0.9987782540064888,1601.4098705533854,1.0008669684875522,1601.4043150309255,0.9884737717210932,1595.6515674898196,1.0069088171747662
1601.411259434233,1.0022296019507977,1601.411259434233,1.0009084481452932,1601.405703911774,1.0025622146799094,1595.6529563725303,0.993464938256396
1601.4126483150817,1.0055584031066156,1601.4126483150817,1.000896518103206,1601.4070927921568,1.0133096933429582,1595.6543452552403,0.9865878260223512
1601.4140371954643,0.9938487051962868,1601.4140371954643,1.0009020677219433,1601.408481673004,1.0034337971760592,1595.6557341379512,0.9991868958898004
1601.4154260763123,0.9909776686438763,1601.4154260763123,1.0008582669522867,1601.4098705533854,0.9996441632787648,1595.6571230206623,1.0002427841968922
1601.4168149566942,1.0043003959666468,1601.4168149566942,1.0008962937816894,1601.411259434233,1.0031400755738478,1595.6585119029069,0.9919838777762542
1601.4182038375411,1.0225908480945747,1601.4182038375411,1.0009630731600614,1601.4126483150817,1.0064599044188316,1595.6599007856166,0.998512020400884
1601.4195927183885,1.0017651519848094,1601.4195927183885,1.0009700067831753,1601.4140371954643,0.9947452240337396,1595.6612896683268,0.9960865155565934
1601.4209815987713,1.005833739196001,1601.4209815987713,1.0009413075034965,1601.4154260763123,0.9918281920273274,1595.6626785510375,0.9907557187825266
1601.4223704796198,0.9959203155548138,1601.4223704796198,1.0008715349892183,1601.4168149566942,1.0052005441665,1595.664067433282,0.9884801589343154
1601.4237593600017,0.9995815432038011,1601.4237593600017,1.0009064465852349,1601.4182038375411,1.023575677894099,1595.6654563159932,1.0043071669372146
1601.4251482408497,1.0059295369385526,1601.4251482408497,1.0009842781906741,1601.4195927183885,1.0027368709773834,1595.6668451987043,0.9898153951381228
1601.4265371212316,0.998961412009676,1601.4265371212316,1.0009730661089011,1601.4209815987713,1.0067805380419763,1595.668234080949,1.016281117469081
1601.42792600208,1.0073890501226757,1601.42792600208,1.0009978168617883,1601.4223704796198,0.9967882949562932,1595.6696229636595,0.9974255034604668
1601.4293148824624,1.0027097470182755,1601.4293148824624,1.0010016016624097,1601.4237593600017,1.000487610480302,1595.6710118459046,1.0023988431725102
1601.4307037633096,1.005923515156092,1601.4307037633096,1.0009640573350458,1601.4251482408497,1.0069196514431162,1595.6724007286143,1.0105865287951743
1601.4320926436917,0.9904598061589067,1601.4320926436917,1.0010146173123518,1601.4265371212316,0.9999334675038026,1595.6737896108589,1.009240098994449
1601.4334815245395,0.9950695090214444,1601.4334815245395,1.0010760963667535,1601.42792600208,1.008394239903269,1595.67517849357,1.0191805050839997
1601.434870405387,1.0065311106808292,1601.434870405387,1.0010048282989108,1601.4293148824624,1.0037140627678034,1595.6765673758148,1.0041257937651726
1601.43625928577,1.0139732802811452,1601.43625928577,1.001022878268508,1601.4307037633096,1.006893283099373,1595.6779562580596,1.0194439236312545
1601.4376481666184,1.0054118856999514,1601.4376481666184,1.0009582231618688,1601.4320926436917,0.9914647438254242,1595.6793451407698,0.9958515115245922
1601.4390370470005,1.0108885781039774,1601.4390370470005,1.0008988856676357,1601.4334815245395,0.9961402997047696,1595.6807340230152,1.003352267015505
1601.4404259278474,1.007825669800742,1601.4404259278474,1.000832264638002,1601.434870405387,1.0075425016245754,1595.6821229052607,1.0148047927414814
1601.4418148082289,0.994228166543832,1601.4418148082289,1.0008646325949613,1601.43625928577,1.0150104515143925,1595.6835117875055,1.010638806582979
1601.443203689077,0.9938037217229125,1601.443203689077,1.000922412563939,1601.4376481666184,1.0063752946560474,1595.684900670216,0.9971623309263308
1601.4445925694602,0.992959898403144,1601.4445925694602,1.0008537649071252,1601.4390370470005,1.0117972513584117,1601.3487598025993,0.990732410649712
1601.4459814503082,0.9923785057803859,1601.4459814503082,1.0008131739538149,1601.4404259278474,1.0086644474669877,1601.3501486829816,1.0003945057614152
1601.44737033069,0.9958354157989504,1601.44737033069,1.00087954380948,1601.4418148082289,0.9950878086234544,1601.35153756383,1.002335161493193
1601.448759211538,1.0150351030428852,1601.448759211538,1.0009437870975706,1601.443203689077,0.9947204187619192,1601.3529264446786,1.0121416028989956
1601.4501480919196,1.0013951406203259,1601.4501480919196,1.0009547952360203,1601.4445925694602,0.9938076527185832,1601.3543153255257,0.9968464004560365
1601.4515369723017,1.0079487829752232,1601.4515369723017,1.0009909753008082,1601.4459814503082,0.9931854821336122,1601.3557042059072,0.9976139367298388
1601.45292585315,0.9893918203779726,1601.45292585315,1.0010245045293245,1601.44737033069,0.9967112966741772,1601.3570930867547,0.9882586794325696
1601.454314733532,1.007385181967557,1601.454314733532,1.0010541454862596,1601.448759211538,1.0159930800767183,1601.3584819676028,1.0097447340446717
1601.45570361438,0.9965631231171682,1601.45570361438,1.001056278823459,1601.4501480919196,1.002351267929964,1601.3598708484512,1.009841916342488
1601.4570924947618,1.003349781170874,1601.4570924947618,1.0010878736602764,1601.4515369723017,1.0089476353236313,1601.3612597292995,0.9977349728643918
1601.4584813756103,0.9995956927842383,1601.4584813756103,1.0010298844149812,1601.45292585315,0.9904054567792264,1601.3626486096816,0.9942332839991588
1601.459870255993,0.9910871428225814,1601.459870255993,1.001089881813313,1601.454314733532,1.008447112510053,1601.3640374905292,0.9988259970665896
1601.4612591368402,1.003107164446684,1601.4612591368402,1.0011537187231356,1601.45570361438,0.997615771640357,1601.3654263713763,1.0047495639369133
1601.4626480172217,0.9931366005310989,1601.4626480172217,1.0012175129646967,1601.4570924947618,1.004441298969854,1601.3668152522243,1.000037173927906
1601.4640368980697,0.9953389195704854,1601.4640368980697,1.0012424528576926,1601.4584813756103,1.0006251608095191,1601.3682041326072,0.9969731452010906
1601.4654257784516,0.9877661805217139,1601.4654257784516,1.001219017635369,1601.459870255993,0.992167310674952,1601.3695930134547,1.0017547860922482
1601.4668146588344,0.9963937473725384,1601.4668146588344,1.0012675069265942,1601.4612591368402,1.0042644679636177,1601.3709818943028,0.996740111565278
1601.468203539683,1.0032411419044172,1601.468203539683,1.0012159921202282,1601.4626480172217,0.9943457572179604,1601.372370774685,1.000714867545965
1601.4695924200653,0.9983247283627936,1601.4695924200653,1.0012704576216767,1601.4640368980697,0.9965755812554784,1601.3737596555327,1.002676386889931
1601.4709813009129,1.0062195221271684,1601.4709813009129,1.0012099130816026,1601.4654257784516,0.988970284915391,1601.3751485363812,1.0094696333862376
1601.4723701812943,1.004637212172503,1601.4723701812943,1.0011852392659761,1601.4668146588344,0.9976566833489482,1601.3765374172287,1.0032194524436726
1601.4737590616758,1.002883153597291,1601.4737590616758,1.0012454062326095,1601.468203539683,1.0044610752276617,1601.3779262976102,0.9953386476872584
1601.4751479425242,1.0053020889947661,1601.4751479425242,1.0012765684160907,1601.4695924200653,0.9995930576228504,1601.3793151784582,0.9996695801874246
1601.476536822907,1.0035391437464136,1601.476536822907,1.0012433974350954,1601.4709813009129,1.007436960289954,1601.3807040593058,1.0013517853747302
1601.4779257037546,1.0043720164478083,1601.4779257037546,1.0012526918292666,1601.4723701812943,1.0058279476444305,1601.3820929396886,1.007082550721344
1601.479314584137,1.0060538675256046,1601.479314584137,1.0012493959783946,1601.4737590616758,1.0041321505273602,1601.383481820537,0.9866497347466948
1601.480703464519,0.9905866483290845,1601.480703464519,1.0013276415547658,1601.4751479425242,1.006585425890207,1601.384870701385,1.009563689540208
1601.482092345367,0.986108878448055,1601.482092345367,1.001397463548502,1601.476536822907,1.0047869417437658,1601.386259581766,0.9912817964507936
1601.4834812257488,1.0023302307375745,1601.4834812257488,1.0014828597752257,1601.4779257037546,1.0056301850663565,1601.3876484626132,1.0063094417563383
1601.4848701061312,0.9954919498929561,1601.4848701061312,1.0014671495586172,1601.479314584137,1.0073108271817393,1601.3890373434613,1.0041791106446964
1601.4862589869788,1.0001441838991239,1601.4862589869788,1.0013573927063846,1601.480703464519,0.9919017923270024,1601.3904262243095,0.998907072927635
1601.4876478673611,1.0031701446317585,1601.4876478673611,1.0013346789825601,1601.482092345367,0.9874869296605402,1601.3918151046926,1.0009033876117988
1601.4890367482087,1.004131927915163,1601.4890367482087,1.001422449214936,1601.4834812257488,1.003816545918228,1601.39320398554,1.005959041807009
1601.4904256285915,0.9925123668497878,1601.4904256285915,1.0014903438263485,1601.4848701061312,0.9969524854678484,1601.3945928659225,1.01476239879619
1601.4918145089744,0.998211254773636,1601.4918145089744,1.0014968175740082,1601.4862589869788,1.0015017723196815,1601.39598174677,0.9980144908999992
1601.4932033898217,0.9948870843542654,1601.4932033898217,1.0015725789653567,1601.4876478673611,1.0045090547397302,1601.397370627618,1.001605886501678
1601.494592270203,1.0015035758772417,1601.494592270203,1.0016159248048147,1601.4890367482087,1.005560254587718,1601.398759508,1.00085540809973
1601.4959811505848,0.9896009764692798,1601.4959811505848,1.0015489110286118,1601.4904256285915,0.993991551528297,1601.4001483888476,1.0066399295285626
1601.4973700309677,1.010237987594552,1601.4973700309677,1.0015462871999394,1601.4918145089744,0.999705394922354,1601.4015372696956,1.0186759910929366
1601.498758911816,0.9936041524247765,1601.498758911816,1.001497994317418,1601.4932033898217,0.996451622856026,1601.4029261500775,0.993670170349015
1601.5001477921985,0.9886468256236663,1601.5001477921985,1.0014738955465354,1601.494592270203,1.0031219303476122,1601.4043150309255,0.9884737717210932
1601.5015366725804,1.0124209829110047,1601.5015366725804,1.0013970930068816,1601.4959811505848,0.991133780335658,1601.405703911774,1.0025622146799094
1601.5029255534284,0.9986484604150757,1601.5029255534284,1.0013522118387215,1601.4973700309677,1.011800105663662,1601.4070927921568,1.0133096933429582
1601.50431443381,0.9961672002749128,1601.50431443381,1.0014428883253652,1601.498758911816,0.9950925657988718,1601.408481673004,1.0034337971760592
1601.5057033141918,1.0051691684725128,1601.5057033141918,1.0014392635446279,1601.5001477921985,0.9901039877770494,1601.4098705533854,0.9996441632787648
1601.5070921950405,0.9961040369449843,1601.5070921950405,1.0014813514527303,1601.5015366725804,1.01383542918625,1601.411259434233,1.0031400755738478
1601.5084810754229,0.9954627450636236,1601.5084810754229,1.001459460258175,1601.5029255534284,0.99999884468597,1601.4126483150817,1.0064599044188316
1601.5098699558046,0.992118173126889,1601.5098699558046,1.0015615869945111,1601.50431443381,0.9976045582983012,1601.4140371954643,0.9947452240337396
1601.5112588361865,0.9979341053143999,1601.5112588361865,1.0015589422123206,1601.5057033141918,1.0066158718128793,1601.4154260763123,0.9918281920273274
1601.512647717035,1.0010830726226143,1601.512647717035,1.0016538420342578,1601.5070921950405,0.9975796171071832,1601.4168149566942,1.0052005441665
1601.514036597417,0.9934476374422629,1601.514036597417,1.0015671894045588,1601.5084810754229,0.9969155833785378,1601.4182038375411,1.023575677894099
1601.5154254777988,0.9953081901743593,1601.5154254777988,1.0015671060539355,1601.5098699558046,0.993667451963062,1601.4195927183885,1.0027368709773834
1601.5168143586463,0.9912280499870972,1601.5168143586463,1.0016464842252735,1601.5112588361865,0.9994898269162888,1601.4209815987713,1.0067805380419763
1601.5182032390287,1.0026930995253496,1601.5182032390287,1.0016828434937939,1601.512647717035,1.0027387058879016,1601.4223704796198,0.9967882949562932
1601.5195921194106,0.9996699517382169,1601.5195921194106,1.0016836125835988,1601.514036597417,0.9950045580536464,1601.4237593600017,1.000487610480302
1601.5209809997934,0.9963239772186561,1601.5209809997934,1.0015863183523008,1601.5154254777988,0.9968679436647132,1601.4251482408497,1.0069196514431162
1601.522369880642,0.9969609398116607,1601.522369880642,1.0015870322831586,1601.5168143586463,0.9928600913350496,1601.4265371212316,0.9999334675038026
1601.5237587610245,1.001530650622654,1601.5237587610245,1.0015437236569145,1601.5182032390287,1.0043804750841578,1601.42792600208,1.008394239903269
1601.5251476414055,0.9916350416337955,1601.5251476414055,1.0015737306791017,1601.5195921194106,1.001353008648409,1601.4293148824624,1.0037140627678034
1601.5265365217872,0.9990475397669459,1601.5265365217872,1.0014842990279125,1601.5209809997934,0.9979044642285554,1601.4307037633096,1.006893283099373
1601.52792540217,0.994389679848572,1601.52792540217,1.0014185080578315,1601.522369880642,0.99854314900819,1601.4320926436917,0.9914647438254242
1601.5293142830185,1.006596239756168,1601.5293142830185,1.0015274354825092,1601.5237587610245,1.003076737181145,1601.4334815245395,0.9961402997047696
1601.5307031634004,0.9911423778890764,1601.5307031634004,1.0016085466218352,1601.5251476414055,0.9931956081212868,1601.434870405387,1.0075425016245754
1601.5320920437823,1.0045524369107057,1601.5320920437823,1.0015375633233872,1601.5265365217872,1.0005304250590603,1601.43625928577,1.0150104515143925
1601.533480924165,1.0088651321441895,1601.533480924165,1.0014931567100263,1601.52792540217,0.9958002296220616,1601.4376481666184,1.0063752946560474
1601.5348698045466,0.9968998255506679,1601.5348698045466,1.0014666218577226,1601.5293142830185,1.008133750569332,1601.4390370470005,1.0117972513584117
1601.5362586853946,1.003106869467046,1601.5362586853946,1.0015413350819857,1601.5307031634004,0.9927366766127876,1601.4404259278474,1.0086644474669877
1601.5376475657763,0.9984954028833956,1601.5376475657763,1.0015803032974688,1601.5320920437823,1.006096999894119,1601.4418148082289,0.9950878086234544
1601.539036446159,0.9997800873921393,1601.539036446159,1.0015989616353478,1601.533480924165,1.0103715258857622,1601.443203689077,0.9947204187619192
1601.5404253265408,0.9954136062442493,1601.5404253265408,1.0016059131452872,1601.5348698045466,0.9983619006247804,1601.4445925694602,0.9938076527185832
1601.5418142069232,1.0033395234763423,1601.5418142069232,1.0017096059339305,1601.5362586853946,1.0046529932759365,1601.4459814503082,0.9931854821336122
1601.5432030877716,1.0052464760803226,1601.5432030877716,1.0016793835993003,1601.5376475657763,1.0000733284610797,1601.44737033069,0.9967112966741772
1601.5445919681545,1.0003388507702131,1601.5445919681545,1.0016128795360404,1601.539036446159,1.001378697395664,1601.448759211538,1.0159930800767183
1601.5459808485357,0.9972535751701757,1601.5459808485357,1.00153913528964,1601.5404253265408,0.9970121540395148,1601.4501480919196,1.002351267929964
1601.547369728917,0.9907110526693946,1601.547369728917,1.0014651101612613,1601.5418142069232,1.0050548386794245,1601.4515369723017,1.0089476353236313
1601.5487586092993,1.0029081133148168,1601.5487586092993,1.0015045486624097,1601.5432030877716,1.0069346705255062,1601.45292585315,0.9904054567792264
1601.5501474896812,1.0104438568317173,1601.5501474896812,1.0014764761851018,1601.5445919681545,1.0019522768317266,1601.454314733532,1.008447112510053
1601.551536370064,0.9989229034273834,1601.551536370064,1.0013892364692243,1601.5459808485357,0.9987884833404396,1601.45570361438,0.997615771640357
1601.5529252509125,1.0016821194435948,1601.5529252509125,1.0013709722687103,1601.547369728917,0.9921625534995344,1601.4570924947618,1.004441298969854
1601.5543141312949,0.9999798368736488,1601.5543141312949,1.0012642579490905,1601.5487586092993,1.0044170373752244,1601.4584813756103,1.0006251608095191
1601.5557030116768,0.996544795012369,1601.5557030116768,1.001240131645077,1601.5501474896812,1.0119357531227118,1601.459870255993,0.992167310674952
1601.5570918920582,1.0044835109097339,1601.5570918920582,1.0012382368463806,1601.551536370064,1.0003106435547682,1601.4612591368402,1.0042644679636177
1601.5584807724406,1.0062633321464252,1601.5584807724406,1.0012922789165029,1601.5529252509125,1.003055397851415,1601.4626480172217,0.9943457572179604
1601.5598696528234,0.9900076124542354,1601.5598696528234,1.00136372176063,1601.5543141312949,1.0012440693313465,1601.4640368980697,0.9965755812554784
1601.561258533205,1.001378066177632,1601.561258533205,1.0012691160882183,1601.5557030116768,0.9977806417484006,1601.4654257784516,0.988970284915391
1601.5626474135877,0.9871129712037593,1601.5626474135877,1.0011534368394486,1601.5570918920582,1.005727299404524,1601.4668146588344,0.9976566833489482
1601.5640362944353,0.9932792374129202,1601.5640362944353,1.0011665129454044,1601.5584807724406,1.007563705035008,1601.468203539683,1.0044610752276617
1601.5654251748174,0.9903680932224982,1601.5654251748174,1.0010553017572668,1601.5598696528234,0.9913577073785286,1601.4695924200653,0.9995930576228504
1601.5668140552,1.0032864554308294,1601.5668140552,1.0010092192802058,1601.561258533205,1.002648931191807,1601.4709813009129,1.007436960289954
1601.5682029355823,1.0062515616955214,1601.5682029355823,1.000998181854173,1601.5626474135877,0.9882515436694432,1601.4723701812943,1.0058279476444305
1601.5695918159638,0.9900515242410473,1601.5695918159638,1.0009872842899523,1601.5640362944353,0.9944379105017638,1601.4737590616758,1.0041321505273602
1601.5709806963455,0.9955175125092736,1601.5709806963455,1.0010023495165172,1601.5654251748174,0.9914132304116168,1601.4751479425242,1.006585425890207
1601.572369576728,1.009210599032739,1601.572369576728,1.0010451474474935,1601.5668140552,1.0042989914652196,1601.476536822907,1.0047869417437658
1601.573758457111,1.0076214600230708,1601.573758457111,1.0010509482016845,1601.5682029355823,1.0072559837451394,1601.4779257037546,1.0056301850663565
1601.5751473374935,1.0011439953687304,1601.5751473374935,1.000939863498009,1601.5695918159638,0.9910289865571738,1601.479314584137,1.0073108271817393
1601.5765362178756,1.0038485212312815,1601.5765362178756,1.0008849962839623,1601.5709806963455,0.9965153690066216,1601.480703464519,0.9919017923270024
1601.577925098257,1.0035990704005795,1601.577925098257,1.0008889116957373,1601.572369576728,1.0102653729143014,1601.482092345367,0.9874869296605402
1601.5793139786383,1.0031665639272955,1601.5793139786383,1.0009397085512108,1601.573758457111,1.0086804179844608,1601.4834812257488,1.003816545918228
1601.580702859021,1.000334955082818,1601.580702859021,1.0009077228477656,1601.5751473374935,1.0020849340662283,1601.4848701061312,0.9969524854678484
1601.5820917398694,1.0033995619636251,1601.5820917398694,1.0009626892759464,1601.5765362178756,1.0047369234422323,1601.4862589869788,1.0015017723196815
1601.5834806202522,0.9929396179835958,1601.5834806202522,1.0008709901547175,1601.577925098257,1.0044911813520898,1601.4876478673611,1.0045090547397302
1601.584869500634,1.0082660782915398,1601.584869500634,1.000832073593298,1601.5793139786383,1.0041092481257068,1601.4890367482087,1.005560254587718
1601.586258381016,1.0109292825012373,1601.586258381016,1.0008470224499364,1601.580702859021,1.0012429819769653,1601.4904256285915,0.993991551528297
1601.5876472613984,1.0111615348498153,1601.5876472613984,1.000801024386571,1601.5820917398694,1.0043655239614169,1601.4918145089744,0.999705394922354
1601.5890361417803,1.0031327498316653,1601.5890361417803,1.0008122098794805,1601.5834806202522,0.9938044586150884,1601.4932033898217,0.996451622856026
1601.590425022163,0.9977206870744839,1601.590425022163,1.000871340148256,1601.584869500634,1.0091050298703044,1601.494592270203,1.0031219303476122
1601.5918139025446,1.006341345405845,1601.5918139025446,1.0008855765138926,1601.586258381016,1.011785562298814,1601.4959811505848,0.991133780335658
1601.593202782927,0.9938328807183476,1601.593202782927,1.0009435793907058,1601.5876472613984,1.0119714998979925,1601.4973700309677,1.011800105663662
1601.5945916633088,1.0075851972755694,1601.5945916633088,1.0008563034791014,1601.5890361417803,1.0039475041615091,1601.498758911816,0.9950925657988718
1601.5959805436912,0.9913077972014411,1601.5959805436912,1.0008299614971463,1601.590425022163,0.9985900411658776,1601.5001477921985,0.9901039877770494
1601.597369424074,0.997713215815136,1601.597369424074,1.0007099088299467,1601.5918139025446,1.0072325376662956,1601.5015366725804,1.01383542918625
1601.5987583044569,1.0121139090896119,1601.5987583044569,1.000706680908244,1601.593202782927,0.9947706409423992,1601.5029255534284,0.99999884468597
1601.6001471848383,0.9972061432491349,1601.6001471848383,1.0006542080203102,1601.5945916633088,1.0084479959854875,1601.50431443381,0.9976045582983012
1601.6015360652195,0.995764575869651,1601.6015360652195,1.0005523116487847,1601.5959805436912,0.9921305445049392,1601.5057033141918,1.0066158718128793
1601.6029249456017,1.0029309646116664,1601.6029249456017,1.0004514231977928,1601.597369424074,0.9984215012367976,1601.5070921950405,0.9975796171071832
1601.6043138259845,1.0135618755340794,1601.6043138259845,1.0003512924809383,1601.5987583044569,1.0128291506661338,1601.5084810754229,0.9969155833785378
1601.6057027063673,1.0056997940410384,1601.6057027063673,1.0003142031793284,1601.6001471848383,0.9978585235059512,1601.5098699558046,0.993667451963062
1601.6070915867492,1.005429426251914,1601.6070915867492,1.0004311795540697,1601.6015360652195,0.9963145482443508,1601.5112588361865,0.9994898269162888
1601.608480466666,1.0043527133053667,1601.608480466666,1.000430519599492,1601.6029249456017,1.0033837109148769,1601.512647717035,1.0027387058879016
1601.6098693470474,1.0061694868208164,1601.6098693470474,1.0003944091062882,1601.6043138259845,1.0139179321999203,1601.514036597417,0.9950045580536464
1601.6112582274288,0.9939284038200117,1601.6112582274288,1.0003593911868982,1601.6057027063673,1.006015788113776,1601.5154254777988,0.9968679436647132
1601.6126471078117,0.9870644226811462,1601.6126471078117,1.000317814698231,1601.6070915867492,1.0058629468635738,1601.5168143586463,0.9928600913350496
1601.6140359881945,1.0053265589799847,1601.6140359881945,1.000280723506677,1601.608480466666,1.0047851068332476,1601.5182032390287,1.0043804750841578
1601.6154248685764,1.0172928058014554,1601.6154248685764,1.000200883385628,1601.6098693470474,1.0065663292288878,1601.5195921194106,1.001353008648409
1601.6168137489587,1.0053809371832756,1601.6168137489587,1.0001882942731635,1601.6112582274288,0.9942856129287524,1601.5209809997934,0.9979044642285554
1601.6182026293409,1.0114864194827082,1601.6182026293409,1.00015969025795,1601.6126471078117,0.9873781262627752,1601.522369880642,0.99854314900819
1601.6195915097237,1.0013060334943384,1601.6195915097237,1.0002534453573122,1601.6140359881945,1.005608777776977,1601.5237587610245,1.003076737181145
1601.6209803901056,0.9921889261150427,1601.6209803901056,1.0001613006323693,1601.6154248685764,1.0174971630244598,1601.5251476414055,0.9931956081212868
1601.6223692704868,0.9853677574187035,1601.6223692704868,1.0002873793739582,1601.6168137489587,1.005570244656095,1601.5265365217872,1.0005304250590603
1601.6237581508692,0.9948998978642528,1601.6237581508692,1.0002785624751802,1601.6182026293409,1.0116479440099482,1601.52792540217,0.9958002296220616
1601.6251470312511,1.000055375067672,1601.6251470312511,1.0003153273553818,1601.6195915097237,1.0015598098597762,1601.5293142830185,1.008133750569332
1601.6265359111678,0.9987772783353168,1601.6265359111678,1.000425395527834,1601.6209803901056,0.992348966816255,1601.5307031634004,0.9927366766127876
1601.6279247915506,0.9977981525909271,1601.6279247915506,1.0003754429993752,1601.6223692704868,0.985650931787949,1601.5320920437823,1.006096999894119
1601.6293136719337,1.0059534152762328,1601.6293136719337,1.0003212892016828,1601.6237581508692,0.9951770396423584,1601.533480924165,1.0103715258857622
1601.6307025523154,0.9989332916522533,1601.6307025523154,1.0003251396907726,1601.6251470312511,1.0003707198843272,1601.5348698045466,0.9983619006247804
1601.6320914326968,1.005478621745958,1601.6320914326968,1.0002143390672658,1601.6265359111678,0.9992021537228228,1601.5362586853946,1.0046529932759365
1601.6334803130785,1.0039169097850726,1601.6334803130785,1.000229090658639,1601.6279247915506,0.9981727689221068,1601.5376475657763,1.0000733284610797
1601.6348691934606,1.0069503914698286,1601.6348691934606,1.0002430788961283,1601.6293136719337,1.006276617245957,1601.539036446159,1.001378697395664
1601.6362580738437,1.0085023048313557,1601.6362580738437,1.0003427197794164,1601.6307025523154,0.9992580845138036,1601.5404253265408,0.9970121540395148
1601.6376469537606,1.005081311017489,1601.6376469537606,1.0002848306526835,1601.6320914326968,1.0056941350958986,1601.5418142069232,1.0050548386794245
1601.6390358341423,0.995736632052711,1601.6390358341423,1.0003140084157,1601.6334803130785,1.0041468977711543,1601.5432030877716,1.0069346705255062
1601.6404247145244,1.019109129819883,1601.6404247145244,1.0003419311867254,1601.6348691934606,1.007195159859443,1601.5445919681545,1.0019522768317266
1601.641813594906,1.0155271814828195,1601.641813594906,1.0004147413802933,1601.6362580738437,1.0088479385188085,1601.5459808485357,0.9987884833404396
1601.6432024752885,1.0043152207074502,1601.6432024752885,1.0005015656643699,1601.6376469537606,1.005367588983306,1601.547369728917,0.9921625534995344
1601.644591355671,1.0056140595339729,1601.644591355671,1.0004428047822886,1601.6390358341423,0.9960493017349964,1601.5487586092993,1.0044170373752244
1601.645980236053,0.9969097132042353,1601.645980236053,1.000407138843063,1601.6404247145244,1.0194575950140452,1601.5501474896812,1.0119357531227118
1601.6473691159697,0.9976847063472535,1601.6473691159697,1.0004179444463086,1601.641813594906,1.015948362627793,1601.551536370064,1.0003106435547682
1601.6487579963516,0.9960665939290236,1601.6487579963516,1.0003951461128733,1601.6432024752885,1.0048189507383611,1601.5529252509125,1.003055397851415
1601.650146876734,1.0037289693290807,1601.650146876734,1.0004317453173104,1601.644591355671,1.0060593502486712,1601.5543141312949,1.0012440693313465
1601.6515357571168,0.9954800343337781,1601.6515357571168,1.0004937533109783,1601.645980236053,0.9973155938715076,1601.5557030116768,0.9977806417484006
1601.6529246374987,0.9975994373351209,1601.6529246374987,1.000476954449971,1601.6473691159697,0.9981016831294384,1601.5570918920582,1.005727299404524
1601.6543135174145,1.0076069487199706,1601.6543135174145,1.0004845825339923,1601.6487579963516,0.9964601857717776,1601.5584807724406,1.007563705035008
1601.6557023977969,1.0037156246819712,1601.6557023977969,1.0004401713233178,1601.650146876734,1.0041623246114373,1601.5598696528234,0.9913577073785286
1601.6570912781788,0.990879093032938,1601.6570912781788,1.0005614128182805,1601.6515357571168,0.9959715558967432,1601.561258533205,1.002648931191807
1601.6584801585616,1.0027680814758868,1601.6584801585616,1.0005736734327868,1601.6529246374987,0.9980752468260464,1601.5626474135877,0.9882515436694432
1601.6598690389444,0.9999198501270883,1601.6598690389444,1.0005686214439362,1601.6543135174145,1.0080952174484497,1601.5640362944353,0.9944379105017638
1601.6612579188609,1.0091586629186309,1601.6612579188609,1.000563041035348,1601.6557023977969,1.004157431516722,1601.5654251748174,0.9914132304116168
1601.662646799242,1.0153930357056005,1601.662646799242,1.0004576245200858,1601.6570912781788,0.9914353852571328,1601.5668140552,1.0042989914652196
1601.6640356796236,1.009595903869712,1601.6640356796236,1.000413237441397,1601.6584801585616,1.0033433428834762,1601.5682029355823,1.0072559837451394
1601.665424560006,0.9955991869183884,1601.665424560006,1.0003769501303186,1601.6598690389444,1.000488425996088,1601.5695918159638,0.9910289865571738
1601.666813439923,1.0061472505067661,1601.666813439923,1.000358632698046,1601.6612579188609,1.009726860657031,1601.5709806963455,0.9965153690066216
1601.668202320306,1.0015026005480177,1601.668202320306,1.0003103005038085,1601.662646799242,1.0158577044562638,1601.572369576728,1.0102653729143014
1601.6695912006878,0.9896547308845182,1601.6695912006878,1.0002083890289266,1601.6640356796236,1.010013106697872,1601.573758457111,1.0086804179844608
1601.6709800810702,0.9893933457086341,1601.6709800810702,1.000233046957646,1601.665424560006,0.9959744781616424,1601.5751473374935,1.0020849340662283
1601.6723689609864,0.9977115064973446,1601.6723689609864,1.0001794366427934,1601.666813439923,1.006508087809847,1601.5765362178756,1.0047369234422323
1601.6751467217507,0.9969868282624664,1601.6751467217507,1.0001276498812968,1601.668202320306,1.0018133673095333,1601.577925098257,1.0044911813520898
1601.6765356021328,0.996438594167813,1601.6765356021328,1.0000060503922865,1601.6695912006878,0.9898609640728598,1601.5793139786383,1.0041092481257068
1601.677924482049,0.9978283803703781,1601.677924482049,0.999964348734173,1601.6709800810702,0.9896239208177666,1601.580702859021,1.0012429819769653
1601.6793133624312,0.9943307357298617,1601.6793133624312,0.9999477168674642,1601.6723689609864,0.9978905325005468,1601.5820917398694,1.0043655239614169
1601.6807022428136,1.0010894259291885,1601.6807022428136,0.9999081858209767,1601.6751467217507,0.9971140935127486,1601.5834806202522,0.9938044586150884
1601.6820911231964,1.0066034275054148,1601.6820911231964,0.9999948090766567,1601.6765356021328,0.9964446230121972,1601.584869500634,1.0091050298703044
1601.6834800031136,1.000581456493998,1601.6834800031136,0.9999489982203782,1601.677924482049,0.9977928065255398,1601.586258381016,1.011785562298814
1601.684868883495,1.004850170407916,1601.684868883495,0.9999366031040567,1601.6793133624312,0.9942787490042212,1601.5876472613984,1.0119714998979925
1601.6862577638765,0.9958409109240205,1601.6862577638765,1.000064243752718,1601.6807022428136,1.000997511725418,1601.5890361417803,1.0039475041615091
1601.6876466437927,0.993021402229145,1601.6876466437927,1.0000156976191599,1601.6820911231964,1.0065982023041855,1601.590425022163,0.9985900411658776
1601.6890355241756,1.008719335509689,1601.6890355241756,1.0000890218383653,1601.6834800031136,1.0005304250590603,1601.5918139025446,1.0072325376662956
1601.6904244045584,0.9947757941841375,1601.6904244045584,1.0001628100881257,1601.684868883495,1.004786466026224,1601.593202782927,0.9947706409423992
1601.691813284475,1.0020248950341246,1601.691813284475,1.0002519905032508,1601.6862577638765,0.9959048874812484,1601.5945916633088,1.0084479959854875
1601.693202164857,0.9879823689298252,1601.693202164857,1.0001679625449553,1601.6876466437927,0.9930369903009348,1601.5959805436912,0.9921305445049392
1601.6945910452384,0.9887618535487657,1601.6945910452384,1.0000777350847718,1601.6890355241756,1.0088091335593308,1601.597369424074,0.9984215012367976
1601.6959799251542,0.9961375940863937,1601.6959799251542,1.0002058164395542,1601.6904244045584,0.994937753718854,1601.5987583044569,1.0128291506661338
1601.697368805537,0.9992732281897219,1601.697368805537,1.0001919329462015,1601.691813284475,1.002277395791694,1601.6001471848383,0.9978585235059512
1601.69875768592,0.9973905781064588,1601.69875768592,1.000072541575271,1601.693202164857,0.9881483129628816,1601.6015360652195,0.9963145482443508
1601.700146565836,0.9910500133584275,1601.700146565836,1.000070465918249,1601.6945910452384,0.9888387150352704,1601.6029249456017,1.0033837109148769
1601.7015354462185,0.984811576917828,1601.7015354462185,0.9999951544762306,1601.6959799251542,0.9963426155793146,1601.6043138259845,1.0139179321999203
1601.7029243266004,1.0118198731415924,1601.7029243266004,0.9999874486805508,1601.697368805537,0.9994650216444686,1601.6057027063673,1.006015788113776
1601.7043132065176,0.9996930079275922,1601.7043132065176,0.9999077008004524,1601.69875768592,0.997462930390155,1601.6070915867492,1.0058629468635738
1601.7057020869,1.0037244267715864,1601.7057020869,0.9998598792190125,1601.700146565836,0.9911198486076496,1601.608480466666,1.0047851068332476
1601.7070909672814,1.0037822589038732,1601.7070909672814,0.9998950946747737,1601.7015354462185,0.9848068049899236,1601.6098693470474,1.0065663292288878
1601.7084798471976,0.9926757124736356,1601.7084798471976,0.9998639722052678,1601.7029243266004,1.0118071734671394,1601.6112582274288,0.9942856129287524
1601.70986872758,0.9847623010189642,1601.70986872758,0.9998464402856474,1601.7043132065176,0.9996007370631672,1601.6126471078117,0.9873781262627752
1601.7112576074962,0.9955396055823005,1601.7112576074962,0.9998460631594069,1601.7057020869,1.003583784121011,1601.6140359881945,1.005608777776977
1601.712646487879,0.9997779619355117,1601.712646487879,0.9997930987808226,1601.7070909672814,1.0036769567995465,1601.6154248685764,1.0174971630244598
1601.714035368262,0.9842487591617702,1601.714035368262,0.9997420001258673,1601.7084798471976,0.9925406809855836,1601.6168137489587,1.005570244656095
1601.7154242481777,1.0025413784956185,1601.7154242481777,0.9997429907013206,1601.70986872758,0.9846110812013146,1601.6182026293409,1.0116479440099482
1601.7168131285591,0.9954099059270856,1601.7168131285591,0.9997822406159858,1601.7112576074962,0.9953863553607318,1601.6195915097237,1.0015598098597762
1601.7182020084754,1.004790344853309,1601.7182020084754,0.9997842371715087,1601.712646487879,0.9995711066562806,1601.6209803901056,0.992348966816255
1601.7195908888582,0.9932687380538703,1601.7195908888582,0.9998146442830048,1601.714035368262,0.9839948231057912,1601.6223692704868,0.985650931787949
1601.720979769241,0.9968574701774408,1601.720979769241,0.9996933615805719,1601.7154242481777,1.0022837160390343,1601.6237581508692,0.9951770396423584
1601.7223686491575,0.992021835805129,1601.7223686491575,0.9996962850507297,1601.7168131285591,0.9951931460791292,1601.6251470312511,1.0003707198843272
1601.7237575295396,1.005587050642648,1601.7237575295396,0.9997582391131856,1601.7182020084754,1.0045735484464628,1601.6265359111678,0.9992021537228228
1601.7251464094563,0.9985831372639461,1601.7251464094563,0.9997535409306938,1601.7195908888582,0.9930846300147594,1601.6279247915506,0.9981727689221068
1601.7265352898378,0.9943360416056669,1601.7265352898378,0.9997313945927881,1601.720979769241,0.9965517953783904,1601.6293136719337,1.006276617245957
1601.727924169754,0.9902827805612515,1601.727924169754,0.9997664731351159,1601.7223686491575,0.9917205439435924,1601.6307025523154,0.9992580845138036
1601.7293130501369,0.986047977052025,1601.7293130501369,0.9996813517602859,1601.7237575295396,1.0053439390255157,1601.6320914326968,1.0056941350958986
1601.7307019300536,1.0025712131056475,1601.7307019300536,0.9996852449008592,1601.7251464094563,0.9983370273933112,1601.6334803130785,1.0041468977711543
1601.7320908104357,1.0077310969770668,1601.7320908104357,0.9996985436311762,1601.7265352898378,0.994068957568306,1601.6348691934606,1.007195159859443
1601.7334796908174,0.9880260057960243,1601.7334796908174,0.9995872112158839,1601.727924169754,0.9900515229281583,1601.6362580738437,1.0088479385188085
1601.7348685707343,1.0002707542750495,1601.7348685707343,0.9995973770988088,1601.7293130501369,0.9857337745998638,1601.6376469537606,1.005367588983306
1601.7362574511174,0.989403318306027,1601.7362574511174,0.999559924683606,1601.7307019300536,1.0022556487040706,1601.6390358341423,0.9960493017349964
1601.7376463310331,0.9972712922226898,1601.7376463310331,0.9995876429207907,1601.7320908104357,1.0074273100198212,1601.6404247145244,1.0194575950140452
1601.7404240913313,0.9968697199334613,1601.7404240913313,0.9997408648914821,1601.7334796908174,0.9876181597424166,1601.641813594906,1.015948362627793
1601.7418129717132,0.9912757821814122,1601.7418129717132,0.9996778126380953,1601.7348685707343,0.9998680223619866,1601.6432024752885,1.0048189507383611
1601.7432018516304,0.9969788580824919,1601.7432018516304,0.999585276286468,1601.7362574511174,0.9889679063276822,1601.644591355671,1.0060593502486712
1601.7445907320132,1.008060099582965,1601.7445907320132,0.9995747884692012,1601.7376463310331,0.9968600603454496,1601.645980236053,0.9973155938715076
1601.74597961193,0.9881743065332713,1601.74597961193,0.9995835464902909,1601.7404240913313,0.996611395990408,1601.6473691159697,0.9981016831294384
1601.7473684923114,1.0087327486518978,1601.7473684923114,0.9995998126833999,1601.7418129717132,0.9909564056522312,1601.6487579963516,0.9964601857717776
1601.7487573722271,1.015384977600376,1601.7487573722271,0.9997237797109467,1601.7432018516304,0.996565387308155,1601.650146876734,1.0041623246114373
1601.7501462526095,0.9996632970241479,1601.7501462526095,0.9998301425216589,1601.7445907320132,1.0076314608048842,1601.6515357571168,0.9959715558967432
1601.751535132527,1.005531424728811,1601.751535132527,0.9998646405219785,1601.74597961193,0.9877627778751112,1601.6529246374987,0.9980752468260464
1601.752924012909,1.0018449524687578,1601.752924012909,0.9998191692778042,1601.7473684923114,1.0083290666000482,1601.6543135174145,1.0080952174484497
1601.7543128928253,0.9933210592368905,1601.7543128928253,0.9998275241655599,1601.7487573722271,1.015104507668363,1601.6557023977969,1.004157431516722
1601.7557017732076,0.9982186229914614,1601.7557017732076,0.9998420028962757,1601.7501462526095,0.9994934967373252,1601.6570912781788,0.9914353852571328
1601.757090653124,0.9926245658693971,1601.757090653124,0.9997965688128607,1601.751535132527,1.0053953165200256,1601.6584801585616,1.0033433428834762
1601.7584795330406,0.9994043003564519,1601.7584795330406,0.9997951488699707,1601.752924012909,1.0016637881224748,1601.6598690389444,1.000488425996088
1601.7598684134225,0.998713958890672,1601.7598684134225,0.9997528253937809,1601.7543128928253,0.9931497353583316,1601.6612579188609,1.009726860657031
1601.7612572933392,1.0062737575339114,1601.7612572933392,0.9996885295962177,1601.7557017732076,0.998060907340145,1601.662646799242,1.0158577044562638
1601.7626461737211,0.9905812934790567,1601.7626461737211,0.9995593880523101,1601.757090653124,0.9924226350755786,1601.6640356796236,1.010013106697872
1601.7640350536378,1.0073115929807228,1601.7640350536378,0.9994677397578424,1601.7584795330406,0.9991995712561677,1601.665424560006,0.9959744781616424
1601.7654239340206,0.998918217487206,1601.7654239340206,0.9995013851638048,1601.7598684134225,0.9984671021611576,1601.666813439923,1.006508087809847
1601.7668128139378,1.0055004456083525,1601.7668128139378,0.9995080998343766,1601.7612572933392,1.0059603330403366,1601.668202320306,1.0018133673095333
1601.768201694319,1.0034540932280158,1601.768201694319,0.9995032556601878,1601.7626461737211,0.9901448315259918,1601.6695912006878,0.9898609640728598
1601.7695905742346,0.9988598494179651,1601.7695905742346,0.9995237990308167,1601.7640350536378,1.0067754410683147,1601.6709800810702,0.9896239208177666
1601.7709794541513,0.998143574826988,1601.7709794541513,0.9994568490082937,1601.7654239340206,0.9984201420438212,1601.6723689609864,0.9978905325005468
1601.7723683345332,0.9995854216728379,1601.7723683345332,0.9995352596387113,1601.7668128139378,1.0050058397726234,1601.6737578413688,1.0237732365932264
1601.7737572144504,0.9962950143204777,1601.7737572144504,0.9994847533359433,1601.768201694319,1.0029556330869434,1601.6751467217507,0.9971140935127486
1601.7751460948332,1.009327186371877,1601.7751460948332,0.9994912457298206,1601.7695905742346,0.998384191389594,1601.6765356021328,0.9964446230121972
1601.77653497475,1.0013244511261465,1601.77653497475,0.9994688657194674,1601.7709794541513,0.9976014321544554,1601.677924482049,0.9977928065255398
1601.777923854666,0.999355800249987,1601.777923854666,0.9995448631101833,1601.7723683345332,0.9991208739828308,1601.6793133624312,0.9942787490042212
1601.7793127350476,0.9972371154889168,1601.7793127350476,0.9995495271048989,1601.7737572144504,0.9957816766379328,1601.6807022428136,1.000997511725418
1601.7807016149634,1.0021345537088107,1601.7807016149634,0.9994649314045025,1601.7751460948332,1.008813686855802,1601.6820911231964,1.0065982023041855
1601.7820904953462,1.0102236550179036,1601.7820904953462,0.9993932656420528,1601.77653497475,1.000792613384218,1601.6834800031136,1.0005304250590603
1601.7834793752634,1.008866976162754,1601.7834793752634,0.9994400752957173,1601.777923854666,0.998900956559241,1601.684868883495,1.004786466026224
1601.78486825518,1.009210755640173,1601.78486825518,0.999414435826056,1601.7793127350476,0.9967878871984002,1601.6862577638765,0.9959048874812484
1601.786257135562,0.9983246338668513,1601.786257135562,0.9993985257237454,1601.7807016149634,1.0015983429806583,1601.6876466437927,0.9930369903009348
1601.7876460154785,0.9891281219692774,1601.7876460154785,0.999385040630458,1601.7820904953462,1.0096107176171931,1601.6890355241756,1.0088091335593308
1601.7890348953954,0.9954822268970708,1601.7890348953954,0.9993406866115284,1601.7834793752634,1.0083020866194654,1601.6904244045584,0.994937753718854
1601.7904237757778,0.9980984680655063,1601.7904237757778,0.9992558749809684,1601.78486825518,1.0086197979777112,1601.691813284475,1.002277395791694
1601.7918126556935,0.9953813122936409,1601.7918126556935,0.9993415018428412,1601.786257135562,0.9977241672802292,1601.693202164857,0.9881483129628816
1601.7932015356098,1.0002727215821392,1601.7932015356098,0.9992951793115136,1601.7876460154785,0.9885198483629948,1601.6945910452384,0.9888387150352704
1601.7945904159922,0.9949521753595008,1601.7945904159922,0.9992411234306384,1601.7890348953954,0.994825892136892,1601.6959799251542,0.9963426155793146
1601.7959792959084,1.0057148043460529,1601.7959792959084,0.9992410052142128,1601.7904237757778,0.9973557580239616,1601.697368805537,0.9994650216444686
1601.7973681758256,0.9904984362383946,1601.7973681758256,0.9993734284175312,1601.7918126556935,0.9947258555338252,1601.69875768592,0.997462930390155
1601.7987570562084,0.9940984147970389,1601.7987570562084,0.9994385029809278,1601.7932015356098,0.9995677086738396,1601.700146565836,0.9911198486076496
1601.8001459361242,0.9981606891310814,1601.8001459361242,0.9994886655077883,1601.7945904159922,0.9941971294659852,1601.7015354462185,0.9848068049899236
1601.80153481604,0.9934030574730724,1601.80153481604,0.9995761574067367,1601.7959792959084,1.0049514720535653,1601.7029243266004,1.0118071734671394
1601.8029236964223,0.9956943309864225,1601.8029236964223,0.9995876297748868,1601.7973681758256,0.9898778180657678,1601.7043132065176,0.9996007370631672
1601.8043125763395,1.0014760475104907,1601.8043125763395,0.9996342055251571,1601.7987570562084,0.993540231500466,1601.7057020869,1.003583784121011
1601.8057014562564,0.9971492370295536,1601.8057014562564,0.9997290115340334,1601.8001459361242,0.9976502951419588,1601.7070909672814,1.0036769567995465
1601.807090336173,1.013689119208705,1601.807090336173,0.9997283391543016,1601.80153481604,0.9929820109450374,1601.7084798471976,0.9925406809855836
1601.8084792165548,1.0003802960994301,1601.8084792165548,0.9997402951226843,1601.8029236964223,0.9952837362910096,1601.70986872758,0.9846110812013146
1601.8098680964715,1.0056273868557721,1601.8098680964715,0.9997999093324117,1601.8043125763395,1.001109713105624,1601.7112576074962,0.9953863553607318
1601.8112569763873,1.0133126817855673,1601.8112569763873,0.999798130661252,1601.8057014562564,0.9968790210874712,1601.712646487879,0.9995711066562806
1601.8126458567692,0.9972192917183101,1601.8126458567692,0.999801961905167,1601.807090336173,1.0134137395653056,1601.714035368262,0.9839948231057912
1601.8140347366864,1.0011295619757739,1601.8140347366864,0.9998512637635332,1601.8084792165548,1.0001204924573626,1601.7154242481777,1.0022837160390343
1601.815423616603,1.0034451561121334,1601.815423616603,0.9997643027611595,1601.8098680964715,1.005426170200591,1601.7168131285591,0.9951931460791292
1601.816812496519,1.0037156526646738,1601.816812496519,0.9997762658138679,1601.8112569763873,1.0131081250245504,1601.7182020084754,1.0045735484464628
1601.8182013769017,0.9940253540653947,1601.8182013769017,0.9998017056884796,1601.8126458567692,0.9970218043096476,1601.7195908888582,0.9930846300147594
1601.8195902568189,0.996173450357613,1601.8195902568189,0.999870871925574,1601.8140347366864,1.00098065773251,1601.720979769241,0.9965517953783904
1601.820979136735,1.0123265686118685,1601.820979136735,0.99987199921142,1601.815423616603,1.0032086468595098,1601.7223686491575,0.9917205439435924
1601.822368016651,0.9943122125488397,1601.822368016651,0.9999129649326874,1601.816812496519,1.003491087160017,1601.7237575295396,1.0053439390255157
1601.823756897033,0.9933236532954631,1601.823756897033,0.9999518255823198,1601.8182013769017,0.9938282444921764,1601.7251464094563,0.9983370273933112
1601.8251457769495,1.008246274116083,1601.8251457769495,0.9999066631989267,1601.8195902568189,0.996044816398174,1601.7265352898378,0.994068957568306
1601.8265346568658,0.9920584179447915,1601.8265346568658,1.0000305741835087,1601.820979136735,1.0121969900127858,1601.727924169754,0.9900515229281583
1601.827923536783,1.004101232130365,1601.827923536783,1.0001256146899928,1601.822368016651,0.9942256725184908,1601.7293130501369,0.9857337745998638
1601.8293124167,0.9808422057397364,1601.8293124167,0.9999922777957555,1601.823756897033,0.9932758005068976,1601.7307019300536,1.0022556487040706
1601.8307012970824,0.9985391637281056,1601.8307012970824,1.0000288326717175,1601.8251457769495,1.008152167634163,1601.7320908104357,1.0074273100198212
1601.8320901769982,1.0053644057002138,1601.8320901769982,0.9999341497292122,1601.8265346568658,0.9920887493209132,1601.7334796908174,0.9876181597424166
1601.833479056914,1.0010511030589364,1601.833479056914,0.9998998256812732,1601.827923536783,1.0042273619953606,1601.7348685707343,0.9998680223619866
1601.8348679368312,0.9873905056983625,1601.8348679368312,0.9999792031690323,1601.8293124167,0.980834631475892,1601.7362574511174,0.9889679063276822
1601.8362568167483,1.0089841972463969,1601.8362568167483,0.9999918504677984,1601.8307012970824,0.9985679542800104,1601.7376463310331,0.9968600603454496
1601.8376456971305,1.0020213893517422,1601.8376456971305,1.0000889856274924,1601.8320901769982,1.0052982021818582,1601.7390352114146,1.019956418836403
1601.839034577047,1.0015990757597257,1601.839034577047,1.0000265445530083,1601.833479056914,1.0009508234466769,1601.7404240913313,0.996611395990408
1601.8404234569632,1.004036528027799,1601.8404234569632,1.0000377046023776,1601.8348679368312,0.9873699711049164,1601.7418129717132,0.9909564056522312
1601.841812336879,1.002746937496308,1601.841812336879,0.9999756608532886,1601.8362568167483,1.0089759744971905,1601.7432018516304,0.996565387308155
1601.8432012167953,1.007686472120125,1601.8432012167953,0.9999852660890093,1601.8376456971305,1.0021105548538345,1601.7445907320132,1.0076314608048842
1601.844590097178,0.9985212339328723,1601.844590097178,0.9998809946615498,1601.839034577047,1.0016256627594853,1601.74597961193,0.9877627778751112
1601.8459789770948,0.9925234346544586,1601.8459789770948,0.9999999159925881,1601.8404234569632,1.0040743848258609,1601.7473684923114,1.0083290666000482
1601.847367857011,0.9842865124723875,1601.847367857011,0.9999848035339292,1601.841812336879,1.0027225314914818,1601.7487573722271,1.015104507668363
1601.8487567369275,1.0054109565715508,1601.8487567369275,1.0000177679139337,1601.8432012167953,1.0076716249573383,1601.7501462526095,0.9994934967373252
1601.8501456168449,1.0078816596612008,1601.8501456168449,0.9999675953817371,1601.844590097178,0.9984024045754784,1601.751535132527,1.0053953165200256
1601.851534496762,0.9952179857288086,1601.851534496762,1.0000094572379743,1601.8459789770948,0.9925233512751336,1601.752924012909,1.0016637881224748
1601.8529233766778,1.0001461151038777,1601.8529233766778,1.0000056379681508,1601.847367857011,0.9842715547957968,1601.7543128928253,0.9931497353583316
1601.8543122570593,0.9930521817491474,1601.8543122570593,1.0000464991825433,1601.8487567369275,1.005428820626895,1601.7557017732076,0.998060907340145
1601.8557011369755,1.0103190877682324,1601.8557011369755,1.0001577784748465,1601.8501456168449,1.0078489996407654,1601.757090653124,0.9924226350755786
1601.8570900168922,1.0088450721158033,1601.8570900168922,1.0001186396629569,1601.851534496762,0.995227397742136,1601.7584795330406,0.9991995712561677
1601.8584788968094,0.9844176474596675,1601.8584788968094,1.0001248368784188,1601.8529233766778,1.000151753895821,1601.7598684134225,0.9984671021611576
1601.8598677767266,1.0062402251684313,1601.8598677767266,1.0001310575554654,1601.8543122570593,0.9930983578638216,1601.7612572933392,1.0059603330403366
1601.8612566566428,1.0014487805507657,1601.8612566566428,1.0001655649187273,1601.8557011369755,1.010478494373009,1601.7626461737211,0.9901448315259918
1601.8626455365586,0.9974270282610057,1601.8626455365586,1.000212123609408,1601.8570900168922,1.008964761155135,1601.7640350536378,1.0067754410683147
1601.8640344164744,1.0110403236349088,1601.8640344164744,1.0002821052675719,1601.8584788968094,0.9845405390858368,1601.7654239340206,0.9984201420438212
1601.8654232963916,1.0095058159469787,1601.8654232963916,1.000218020809283,1601.8598677767266,1.0063721005525528,1601.7668128139378,1.0050058397726234
1601.8668121767744,0.9971159015723563,1601.8668121767744,1.0003043444422306,1601.8612566566428,1.001614585336727,1601.768201694319,1.0029556330869434
1601.8682010566906,0.9944001575496965,1601.8682010566906,1.000321312958028,1601.8626455365586,0.9976386060823614,1601.7695905742346,0.998384191389594
1601.869589936607,1.0062205416439522,1601.869589936607,1.0003674913457496,1601.8640344164744,1.0113255434359338,1601.7709794541513,0.9976014321544554
1601.8709788165236,1.002280458601396,1601.8709788165236,1.000268910103367,1601.8654232963916,1.0097259092219475,1601.7723683345332,0.9991208739828308
1601.8723676964405,0.9946389930772173,1601.8723676964405,1.0002804880823808,1601.8668121767744,0.9974193682552596,1601.7737572144504,0.9957816766379328
1601.8737565763563,1.0130265035387758,1601.8737565763563,1.0001638924243663,1601.8682010566906,0.9947196712057822,1601.7751460948332,1.008813686855802
1601.8751454562732,1.0124051331523491,1601.8751454562732,1.0000531815820415,1601.869589936607,1.006590318984922,1601.77653497475,1.000792613384218
1601.8765343361897,1.0042790503707397,1601.8765343361897,1.0000228336128485,1601.8709788165236,1.0025499819431214,1601.777923854666,0.998900956559241
1601.8779232161062,0.9937504088410012,1601.8779232161062,0.9999154956094363,1601.8723676964405,0.9949179774610466,1601.7793127350476,0.9967878871984002
1601.8793120960224,0.9991755351850667,1601.8793120960224,0.9999006073627553,1601.8737565763563,1.013192530908388,1601.7807016149634,1.0015983429806583
1601.8807009759396,1.0101420251932591,1601.8807009759396,0.999899892295839,1601.8751454562732,1.0124589744589971,1601.7820904953462,1.0096107176171931
1601.8820898558567,0.9937668926221249,1601.8820898558567,0.9998699826023522,1601.8765343361897,1.0043019816897678,1601.7834793752634,1.0083020866194654
1601.883478735773,1.0055855295256761,1601.883478735773,0.9998932937766739,1601.8779232161062,0.9936664325683296,1601.78486825518,1.0086197979777112
1601.8848676156888,0.9994273131987187,1601.8848676156888,0.9999608916457421,1601.8793120960224,0.9990762244935544,1601.786257135562,0.9977241672802292
1601.8862564956046,0.9992862410513542,1601.8862564956046,1.0000173208304095,1601.8807009759396,1.0100409021942405,1601.7876460154785,0.9885198483629948
1601.8876453755213,0.9904472115385302,1601.8876453755213,0.9999712910816413,1601.8820898558567,0.9936376856368776,1601.7890348953954,0.994825892136892
1601.8890342554384,0.9944156578729663,1601.8890342554384,0.9999716683557768,1601.883478735773,1.0054782272915892,1601.7904237757778,0.9973557580239616
1601.8904231353556,1.0001436303431683,1601.8904231353556,0.9998573415819928,1601.8848676156888,0.999388227241299,1601.7918126556935,0.9947258555338252
1601.891812015272,1.0032707135044616,1601.891812015272,0.9998958671229898,1601.8862564956046,0.999303549518866,1601.7932015356098,0.9995677086738396
1601.8932008951886,1.0049549051384876,1601.8932008951886,0.9999053582895135,1601.8876453755213,0.9904187768703956,1601.7945904159922,0.9941971294659852
1601.8945897751044,1.0122590781281808,1601.8945897751044,0.9998186235406955,1601.8890342554384,0.9943874844423374,1601.7959792959084,1.0049514720535653
1601.8959786550206,0.9981767842876038,1601.8959786550206,0.9997705519038775,1601.8904231353556,1.0000009514350836,1601.7973681758256,0.9898778180657678
1601.8973675349378,1.0073786575479728,1601.8973675349378,0.9998270211752214,1601.891812015272,1.0031662400386443,1601.7987570562084,0.993540231500466
1601.8987564148542,0.9861644055248241,1601.8987564148542,0.9997897759057538,1601.8932008951886,1.0048597944873037,1601.8001459361242,0.9976502951419588
1601.9001452947707,0.9973591202268732,1601.9001452947707,0.9998470624783155,1601.8945897751044,1.012075478160691,1601.80153481604,0.9929820109450374
1601.901534174687,1.0017409295541495,1601.901534174687,0.9997192644836681,1601.8959786550206,0.9979477545248554,1601.8029236964223,0.9952837362910096
1601.9029230546037,1.0050217377866313,1601.9029230546037,0.9996466219907714,1601.8973675349378,1.007204402371683,1601.8043125763395,1.001109713105624
1601.9043119345208,0.9988942640362573,1601.9043119345208,0.999687412251544,1601.8987564148542,0.9859570900058948,1601.8057014562564,0.9968790210874712
1601.905700814437,0.997379542439042,1601.905700814437,0.9997132077732542,1601.9001452947707,0.9972065865947962,1601.807090336173,1.0134137395653056
1601.9070896943529,0.9962995254356164,1601.9070896943529,0.9996755871550634,1601.901534174687,1.0014597052970604,1601.8084792165548,1.0001204924573626
1601.9084785742696,0.9984310308276347,1601.9084785742696,0.9995455050963168,1601.9029230546037,1.0046665852057008,1601.8098680964715,1.005426170200591
1601.9098674541858,1.0009140374718388,1601.9098674541858,0.9995413715805895,1601.9043119345208,0.9985820219273166,1601.8112569763873,1.0131081250245504
1601.911256334103,0.9993929671513349,1601.911256334103,0.9995005504625044,1601.905700814437,0.9970935017391552,1601.8126458567692,0.9970218043096476
1601.91264521402,1.0148987358207247,1601.91264521402,0.999583687425342,1601.9070896943529,0.9959763130721608,1601.8140347366864,1.00098065773251
1601.9154229738524,0.99765582509678,1601.9154229738524,0.9997754533977047,1601.9084785742696,0.9979772490124444,1601.815423616603,1.0032086468595098
1601.916811853768,1.014355335031327,1601.916811853768,0.999769512994648,1601.9098674541858,1.0004549898488673,1601.816812496519,1.003491087160017
1601.918200733219,1.0008777653031449,1601.918200733219,0.999817214589109,1601.911256334103,0.9988938207961148,1601.8182013769017,0.9938282444921764
1601.9195896131362,0.9963659291998258,1601.9195896131362,0.9997659765260514,1601.91264521402,1.014476220714998,1601.8195902568189,0.996044816398174
1601.920978493053,0.9899766903296879,1601.920978493053,0.999811845698868,1601.9154229738524,0.9974318048709944,1601.820979136735,1.0121969900127858
1601.9223673729696,1.010148499327961,1601.9223673729696,0.9997448019199255,1601.916811853768,1.014121539307793,1601.822368016651,0.9942256725184908
1601.9237562528865,1.0050299132438334,1601.9237562528865,0.9997638569299402,1601.918200733219,1.0006948194495622,1601.823756897033,0.9932758005068976
1601.9251451328023,1.00528515445083,1601.9251451328023,0.9998756111389633,1601.9195896131362,0.9961327561837504,1601.8251457769495,1.008152167634163
1601.9265340127192,1.0124495094925394,1601.9265340127192,0.9998439550745395,1601.920978493053,0.989790421957382,1601.8265346568658,0.9920887493209132
1601.9279228926357,0.9978999911710881,1601.9279228926357,0.9998389248920307,1601.9223673729696,1.0098907113703424,1601.827923536783,1.0042273619953606
1601.9293117725522,1.0030607861880987,1601.9293117725522,0.9998198272396503,1601.9237562528865,1.004792582394618,1601.8293124167,0.980834631475892
1601.9307006520028,1.0060466597665871,1601.9307006520028,0.999741666386126,1601.9251451328023,1.0051601081754509,1601.8307012970824,0.9985679542800104
1601.9320895319197,1.0011709504810962,1601.9320895319197,0.9997527747156708,1601.9265340127192,1.012291521884298,1601.8320901769982,1.0052982021818582
1601.9334784118355,1.0104564563019849,1601.9334784118355,0.9996207601896004,1601.9279228926357,0.9977392543222676,1601.833479056914,1.0009508234466769
1601.9348672917529,1.0123511540617742,1601.9348672917529,0.9995847666180457,1601.9293117725522,1.0028800619574527,1601.8348679368312,0.9873699711049164
1601.9362561716694,1.0050756100840257,1601.9362561716694,0.9994705196736922,1601.9307006520028,1.0057867640972438,1601.8362568167483,1.0089759744971905
1601.937645051585,0.9969975499051327,1601.937645051585,0.9993751305698487,1601.9320895319197,1.0009234357082013,1601.8376456971305,1.0021105548538345
1601.9390339315016,1.000043167630728,1601.9390339315016,0.999328438486329,1601.9334784118355,1.01007325098708,1601.839034577047,1.0016256627594853
1601.9404228109522,0.9976837525488782,1601.9404228109522,0.9993175102034962,1601.9348672917529,1.0119307920683478,1601.8404234569632,1.0040743848258609
1601.941811690869,0.9972046250249058,1601.941811690869,0.9992419565505323,1601.9362561716694,1.0045434423220343,1601.841812336879,1.0027225314914818
1601.943200570786,1.0065754518539773,1601.943200570786,0.9991367282995105,1601.937645051585,0.9963745566142612,1601.8432012167953,1.0076716249573383
1601.9445894507032,1.0007382359376191,1601.9445894507032,0.999190188747101,1601.9390339315016,0.9993715771273376,1601.844590097178,0.9984024045754784
1601.9459783306197,0.9907923052147416,1601.9459783306197,0.9992277777725618,1601.9404228109522,0.997002843567626,1601.8459789770948,0.9925233512751336
1601.9473672100696,1.0017634199264323,1601.9473672100696,0.9991495545759831,1601.941811690869,0.9964487005911268,1601.847367857011,0.9842715547957968
1601.9487560899854,1.0046549230697837,1601.9487560899854,0.9991817420917758,1601.943200570786,1.0057065037519843,1601.8487567369275,1.005428820626895
1601.9501449699026,0.9916834715185935,1601.9501449699026,0.9991832306767344,1601.9445894507032,0.9999278268529505,1601.8501456168449,1.0078489996407654
1601.9515338498195,1.0087165828102758,1601.9515338498195,0.9990977387254429,1601.9459783306197,0.99002719337388,1601.851534496762,0.995227397742136
1601.9529227297364,1.005011157875968,1601.9529227297364,0.9990907536880124,1601.9473672100696,1.0009114748100083,1601.8529233766778,1.000151753895821
1601.954311609187,0.9907661152450995,1601.954311609187,0.9990447769009128,1601.9487560899854,1.0038328562339454,1601.8543122570593,0.9930983578638216
1601.9557004891033,1.004741733727258,1601.9557004891033,0.9990352808203556,1601.9501449699026,0.9908734948806676,1601.8557011369755,1.010478494373009
1601.957089369019,0.9926707849244698,1601.957089369019,0.9989751716584034,1601.9515338498195,1.0078064569006024,1601.8570900168922,1.008964761155135
1601.9584782489358,1.0007790613085468,1601.9584782489358,0.9989177982837548,1601.9529227297364,1.0040973551871628,1601.8584788968094,0.9845405390858368
1601.959867128853,1.003438971432748,1601.959867128853,0.99883969622453,1601.954311609187,0.9898197125660244,1601.8598677767266,1.0063721005525528
1601.9612560083035,0.9959084523541901,1601.9612560083035,0.9988498030623195,1601.9557004891033,1.003772440106142,1601.8612566566428,1.001614585336727
1601.9626448882202,1.008953759701303,1601.9626448882202,0.998822195351211,1601.957089369019,0.9916534677702044,1601.8626455365586,0.9976386060823614
1601.9640337681365,0.991010155254471,1601.9640337681365,0.9987932722444756,1601.9584782489358,0.9996960164908164,1601.8640344164744,1.0113255434359338
1601.9654226480536,0.9963967742891796,1601.9654226480536,0.9987330214841547,1601.959867128853,1.002274677405741,1601.8654232963916,1.0097259092219475
1601.9668115275051,0.9964750839293244,1601.9668115275051,0.998624799179213,1601.9612560083035,0.9947629615020822,1601.8668121767744,0.9974193682552596
1601.968200407421,0.9978128115507665,1601.968200407421,0.9986384157305279,1601.9626448882202,1.0077654092727135,1601.8682010566906,0.9947196712057822
1601.9695892873367,0.9913608161144545,1601.9695892873367,0.9985979944867629,1601.9640337681365,0.9898142757941188,1601.869589936607,1.006590318984922
1601.9709781672532,1.0137426812450583,1601.9709781672532,0.9986659868856356,1601.9654226480536,0.9951343609828976,1601.8709788165236,1.0025499819431214
1601.972367046704,0.9958583058787289,1601.972367046704,0.9986700554235383,1601.9668115275051,0.995104730576011,1601.8723676964405,0.9949179774610466
1601.9737559266212,0.9984673054342356,1601.9737559266212,0.9986984813705522,1601.968200407421,0.9964542053226813,1601.8737565763563,1.013192530908388
1601.9751448065383,1.0011485165028011,1601.9751448065383,0.9985756401518477,1601.9695892873367,0.9899709227846548,1601.8751454562732,1.0124589744589971
1601.976533685989,1.004469044034139,1601.976533685989,0.9985657834137718,1601.9709781672532,1.0123903352136865,1601.8765343361897,1.0043019816897678
1601.9779225659047,0.9948252359899863,1601.9779225659047,0.9985876019845925,1601.972367046704,0.9945338695259012,1601.8779232161062,0.9936664325683296
1601.9793114458205,0.9990475277371953,1601.9793114458205,0.9985079017053935,1601.9737559266212,0.9971677816353184,1601.8793120960224,0.9990762244935544
1601.9807003257376,1.008151110208019,1601.9807003257376,0.9985128343105203,1601.9751448065383,0.9997225207538574,1601.8807009759396,1.0100409021942405
1601.9820892051891,0.9817002487411701,1601.9820892051891,0.9984673103168851,1601.976533685989,1.0030284178708324,1601.8820898558567,0.9936376856368776
1601.9834780851058,1.0142679912132728,1601.9834780851058,0.9983316104494971,1601.9779225659047,0.9934201468009968,1601.883478735773,1.0054782272915892
1601.984866965022,0.9944613974590142,1601.984866965022,0.9983802764800457,1601.9793114458205,0.9975568506248278,1601.8848676156888,0.999388227241299
1601.9862558444731,1.0052808285914443,1601.9862558444731,0.9983544599234092,1601.9807003257376,1.0066518224671066,1601.8862564956046,0.999303549518866
1601.9876447243894,1.0000869401305568,1601.9876447243894,0.9982564911313347,1601.9820892051891,0.9801956068980132,1601.8876453755213,0.9904187768703956
1601.989033604306,1.0062128227141462,1601.989033604306,0.9982037533232828,1601.9834780851058,1.012575797095323,1601.8890342554384,0.9943874844423374
1601.990422483757,0.9925127699842813,1601.990422483757,0.9980711142671477,1601.984866965022,0.9928506449438632,1601.8904231353556,1.0000009514350836
1601.991811363673,1.008773600158457,1601.991811363673,0.9980702175040287,1601.9862558444731,1.0036265986997688,1601.891812015272,1.0031662400386443
1601.9932002435896,0.9966307976814814,1601.9932002435896,0.9981235309887976,1601.9876447243894,0.9983432796810028,1601.8932008951886,1.0048597944873037
1601.9945891230402,1.0035775381978154,1601.9945891230402,0.998212457786084,1601.989033604306,1.0044054162752758,1601.8945897751044,1.012075478160691
1601.9959780029574,0.9970986362872067,1601.9959780029574,0.9981779105895391,1601.990422483757,0.9905983262625848,1601.8959786550206,0.9979477545248554
1601.9973668828743,0.9958127682419594,1601.9973668828743,0.9980976250597903,1601.991811363673,1.0068268865224734,1601.8973675349378,1.007204402371683
1601.998755762325,0.9950516760569865,1601.998755762325,0.9981124369453267,1601.9932002435896,0.9947606508740222,1601.8987564148542,0.9859570900058948
1602.0001446422405,0.9939486744987776,1602.0001446422405,0.9980086192258935,1601.9945891230402,1.001783600983349,1601.9001452947707,0.9972065865947962
1602.0015335216915,0.997825928805427,1602.0015335216915,0.9980146339788337,1601.9959780029574,0.9952818334208428,1601.901534174687,1.0014597052970604
1602.0029224016075,0.9896153937958809,1602.0029224016075,0.997915126537637,1601.9973668828743,0.993918358986515,1601.9029230546037,1.0046665852057008
1602.004311281525,1.0020334175967796,1602.004311281525,0.9980061795691033,1601.998755762325,0.9931734532757706,1601.9043119345208,0.9985820219273166
1602.0057001609764,0.9950456917169438,1602.0057001609764,0.9979550025714953,1602.0001446422405,0.991969344217932,1601.905700814437,0.9970935017391552
1602.007089040893,0.9958432526165849,1602.007089040893,0.99782760586859,1602.0015335216915,0.995844879111338,1601.9070896943529,0.9959763130721608
1602.0084779208094,0.9987446561905499,1602.0084779208094,0.9977994156435275,1602.0029224016075,0.98755217092341,1601.9084785742696,0.9979772490124444
1602.0098668002595,1.0103809682074707,1602.0098668002595,0.9976824448757109,1602.004311281525,1.000035542896334,1601.9098674541858,1.0004549898488673
1602.0112556801755,1.0071216963389977,1602.0112556801755,0.9976918096233974,1602.0057001609764,0.993010825836138,1601.911256334103,0.9988938207961148
1602.0126445596272,1.00286574887009,1602.0126445596272,0.997610767204108,1602.007089040893,0.9936798885787964,1601.91264521402,1.014476220714998
1602.014033439544,0.9926427290754668,1602.014033439544,0.9977197186315018,1602.0084779208094,0.9965468343240264,1601.9140340939368,1.0245818204949175
1602.0154223189943,0.9935049321510586,1602.0154223189943,0.9977518646820415,1602.0098668002595,1.0080393546171174,1601.9154229738524,0.9974318048709944
1602.0168111989112,1.0050640653386274,1602.0168111989112,0.9976639756852768,1602.0112556801755,1.0047970677314404,1601.916811853768,1.014121539307793
1602.0182000788277,1.0089802527574252,1602.0182000788277,0.9975853340974803,1602.0126445596272,1.0004696691330128,1601.918200733219,1.0006948194495622
1602.0195889582783,0.9931432270479394,1602.0195889582783,0.9974796811038827,1602.014033439544,0.9903792243547808,1601.9195896131362,0.9961327561837504
1602.0209778381948,0.9930188635400573,1602.0209778381948,0.9973444726421695,1602.0154223189943,0.9912713986245238,1601.920978493053,0.989790421957382
1602.0223667176458,1.0067586228142178,1602.0223667176458,0.9973327019189249,1602.0168111989112,1.0027162112441417,1601.9223673729696,1.0098907113703424
1602.023755597562,0.9969532732506706,1602.023755597562,0.9972287529371748,1602.0182000788277,1.0065439025447762,1601.9237562528865,1.004792582394618
1602.025144477013,1.0050645870140282,1602.025144477013,0.9973523511339453,1602.0195889582783,0.9906401894062596,1601.9251451328023,1.0051601081754509
1602.0265333569305,0.9909669827773145,1602.0265333569305,0.9974224783819683,1602.0209778381948,0.990381874781085,1601.9265340127192,1.012291521884298
1602.0279222363815,0.991999583801821,1602.0279222363815,0.9973846510260911,1602.0223667176458,1.0040732974714797,1601.9279228926357,0.9977392543222676
1602.029311116298,1.0063152934696735,1602.029311116298,0.997384231086953,1602.023755597562,0.9941904694204008,1601.9293117725522,1.0028800619574527
1602.030699995748,1.002405262975891,1602.030699995748,0.9973493898992092,1602.025144477013,1.0024035288999087,1601.9307006520028,1.0057867640972438
1602.032088875664,0.9999967271777755,1602.032088875664,0.9973751286922201,1602.0265333569305,0.9884127439564504,1601.9320895319197,1.0009234357082013
1602.0334777555802,0.9917277229508863,1602.0334777555802,0.9973710735400327,1602.0279222363815,0.9894051587082068,1601.9334784118355,1.01007325098708
1602.0348666350317,1.0099591338651321,1602.0348666350317,0.9973224288154859,1602.029311116298,1.0036830052082917,1601.9348672917529,1.0119307920683478
1602.0362555149488,1.0049614921381569,1602.0362555149488,0.997317997048042,1602.030699995748,0.9997482774607612,1601.9362561716694,1.0045434423220343
1602.0376443944,1.0124884347974437,1602.0376443944,0.9972556407394196,1602.032088875664,0.9973718644607328,1601.937645051585,0.9963745566142612
1602.039033274316,1.0104644053239726,1602.039033274316,0.9971425888700941,1602.0334777555802,0.9891205436989376,1601.9390339315016,0.9993715771273376
1602.0404221537665,1.005683441373042,1602.0404221537665,0.9970862321889389,1602.0348666350317,1.0072548963907582,1601.9404228109522,0.997002843567626
1602.041811033683,0.9996144642588509,1602.041811033683,0.9970352732794096,1602.0362555149488,1.0022661824496382,1601.941811690869,0.9964487005911268
1602.0431999131345,1.0034919430505662,1602.0431999131345,0.9969094132043006,1602.0376443944,1.0097098027851767,1601.943200570786,1.0057065037519843
1602.044588792585,0.9960248963692031,1602.044588792585,0.9969307102644588,1602.039033274316,1.007577093085826,1601.9445894507032,0.9999278268529505
1602.0459776725015,1.0029025236333653,1602.0459776725015,0.9969090929771364,1602.0404221537665,1.002753113333452,1601.9459783306197,0.99002719337388
1602.0473665519523,1.00013492422184,1602.0473665519523,0.9970142315642908,1602.041811033683,0.996650880546374,1601.9473672100696,1.0009114748100083
1602.0487554318686,0.9972622589912278,1602.0487554318686,0.9969810410256768,1602.0431999131345,1.0003905641017834,1601.9487560899854,1.0038328562339454
1602.05014431132,1.0115412230185454,1602.05014431132,0.9969941330753216,1602.044588792585,0.9929678073784336,1601.9501449699026,0.9908734948806676
1602.0515331912368,0.9963672759209417,1602.0515331912368,0.9969880372489277,1602.0459776725015,0.9998026451798192,1601.9515338498195,1.0078064569006024
1602.052922070687,0.9882380067294181,1602.052922070687,0.9969377516635127,1602.0473665519523,0.997148752933648,1601.9529227297364,1.0040973551871628
1602.0543109506032,0.9877443566416902,1602.0543109506032,0.9969122001149276,1602.0487554318686,0.9942515651446924,1601.954311609187,0.9898197125660244
1602.0556998300542,0.9939648162615957,1602.0556998300542,0.9968512099312196,1602.05014431132,1.0085006647133252,1601.9557004891033,1.003772440106142
1602.0570887099714,1.0013003564903515,1602.0570887099714,0.9968476287873722,1602.0515331912368,0.9933662547994804,1601.957089369019,0.9916534677702044
1602.0584775894229,0.9908229339282434,1602.0584775894229,0.9968752169521506,1602.052922070687,0.9852117765372574,1601.9584782489358,0.9996960164908164
1602.0598664688737,0.9996361959849087,1602.0598664688737,0.996761851930606,1602.0543109506032,0.9846943997307712,1601.959867128853,1.002274677405741
1602.0612553487892,0.9905066551436637,1602.0612553487892,0.9967635441667114,1602.0556998300542,0.990835029719434,1601.9612560083035,0.9947629615020822
1602.0626442282394,0.9992371625097831,1602.0626442282394,0.9966438254259461,1602.0570887099714,0.9981438860713574,1601.9626448882202,1.0077654092727135
1602.064033108156,0.9902290574263481,1602.064033108156,0.9965780725577105,1602.0584775894229,0.987726827220884,1601.9640337681365,0.9898142757941188
1602.0654219876071,1.0032844656896152,1602.0654219876071,0.9965158950642624,1602.0598664688737,0.9963992259667838,1601.9654226480536,0.9951343609828976
1602.0668108670586,0.9982064274737752,1602.0668108670586,0.9964574833066983,1602.0612553487892,0.9873009241017128,1601.9668115275051,0.995104730576011
1602.068199746975,0.9917379698423483,1602.068199746975,0.9964893257056187,1602.0626442282394,0.995883548151518,1601.968200407421,0.9964542053226813
1602.069588626426,1.003614080958791,1602.069588626426,0.996474029434834,1602.064033108156,0.9868405654405884,1601.9695892873367,0.9899709227846548
1602.0709775063426,1.003613408667061,1602.0709775063426,0.9964814007258299,1602.0654219876071,0.999788917330757,1601.9709781672532,1.0123903352136865
1602.0723663857932,1.0014082218212226,1602.0723663857932,0.9965006266240907,1602.0668108670586,0.9946702645410882,1601.972367046704,0.9945338695259012
1602.0737552652442,1.0016035725564254,1602.0737552652442,0.9965052776857317,1602.068199746975,0.9882563008448608,1601.9737559266212,0.9971677816353184
1602.0751441451605,0.9970349356211097,1602.0751441451605,0.9964652526787481,1602.069588626426,1.0000753672505442,1601.9751448065383,0.9997225207538574
1602.0765330246115,1.000174540698969,1602.0765330246115,0.9965657625226257,1602.0709775063426,1.0000820952557776,1601.976533685989,1.0030284178708324
1602.077921904062,0.9939942641303777,1602.077921904062,0.9965258392970504,1602.0723663857932,0.9979039205513648,1601.9779225659047,0.9934201468009968
1602.0793107839788,1.0022894696600346,1602.0793107839788,0.9965108078203722,1602.0737552652442,0.9981032462013616,1601.9793114458205,0.9975568506248278
1602.0806996634303,0.9959520467520206,1602.0806996634303,0.9964947966257592,1602.0751441451605,0.9935106690532284,1601.9807003257376,1.0066518224671066
1602.0820885433466,0.9925783210010443,1602.0820885433466,0.9964967865123601,1602.0765330246115,0.996739703807385,1601.9820892051891,0.9801956068980132
1602.0834774227967,1.0019561419829601,1602.0834774227967,0.9965752891810116,1602.077921904062,0.9905409683189786,1601.9834780851058,1.012575797095323
1602.0848663022473,0.9938329513593342,1602.0848663022473,0.9965058315060129,1602.0793107839788,0.9987922890807736,1601.984866965022,0.9928506449438632
1602.086255182164,0.9948480596127689,1602.086255182164,0.9965145252496288,1602.0806996634303,0.9924610322771634,1601.9862558444731,1.0036265986997688
1602.0876440616146,1.0069573715264806,1602.0876440616146,0.9965293868855413,1602.0820885433466,0.9891011072393744,1601.9876447243894,0.9983432796810028
1602.089032941066,1.002270953227123,1602.089032941066,0.9965302349225829,1602.0834774227967,0.9985247319433592,1601.989033604306,1.0044054162752758
1602.0904218205176,0.9980387246904248,1602.0904218205176,0.9966356791156935,1602.0848663022473,0.9903603315724082,1601.990422483757,0.9905983262625848
1602.0918107004345,0.9886823005053306,1602.0918107004345,0.9966859251665993,1602.086255182164,0.9913805418205328,1601.991811363673,1.0068268865224734
1602.0931995798844,1.0072516202763195,1602.0931995798844,0.9966399215929878,1602.0876440616146,1.00346261206716,1601.9932002435896,0.9947606508740222
1602.0945884593343,1.0052152731818962,1602.0945884593343,0.9965770727094128,1602.089032941066,0.998793308475506,1601.9945891230402,1.001783600983349
1602.0959773392517,1.010673190188931,1602.0959773392517,0.9966007927956585,1602.0904218205176,0.9946810021656022,1601.9959780029574,0.9952818334208428
1602.0973662187032,0.9841739703221327,1602.0973662187032,0.996546472878675,1602.0918107004345,0.9854057333749972,1601.9973668828743,0.993918358986515
1602.0987550981538,0.9826602836212222,1602.0987550981538,0.9964944235195564,1602.0931995798844,1.003867175856601,1601.998755762325,0.9931734532757706
1602.1001439780705,0.9903200144752193,1602.1001439780705,0.996498893037439,1602.0945884593343,1.0017744943904068,1602.0001446422405,0.991969344217932
1602.101532857521,1.0090129812738107,1602.101532857521,0.9965298228870376,1602.0959773392517,1.007237702599606,1602.0015335216915,0.995844879111338
1602.1029217369712,0.9786137179797619,1602.1029217369712,0.9965203900898438,1602.0973662187032,0.9807750988235232,1602.0029224016075,0.98755217092341
1602.1043106164218,0.9929498562052187,1602.1043106164218,0.9965462123679485,1602.0987550981538,0.9792154928426936,1602.004311281525,1.000035542896334
1602.105699496339,0.9971594629897921,1602.105699496339,0.9966079727077575,1602.1001439780705,0.9868527981773766,1602.0057001609764,0.993010825836138
1602.10708837579,1.004401669785517,1602.10708837579,0.9966103542831437,1602.101532857521,1.0055115275195123,1602.007089040893,0.9936798885787964
1602.1084772552406,0.9917231890023724,1602.1084772552406,0.996726958313383,1602.1029217369712,0.9752085239884648,1602.0084779208094,0.9965468343240264
1602.1098661346916,1.0000105359915834,1602.1098661346916,0.9966979411678071,1602.1043106164218,0.9895204182726098,1602.0098668002595,1.0080393546171174
1602.1112550146088,1.0056252678681126,1602.1112550146088,0.9967683724673535,1602.105699496339,0.9937770708766128,1602.0112556801755,1.0047970677314404
1602.1126438940605,0.990303478725154,1602.1126438940605,0.9967495437363946,1602.10708837579,1.0009971039675252,1602.0126445596272,1.0004696691330128
1602.1140327735104,0.9937752777303597,1602.1140327735104,0.9967766155152966,1602.1084772552406,0.988477237663183,1602.014033439544,0.9903792243547808
1602.1154216529603,0.9919935825113492,1602.1154216529603,0.9967023150026532,1602.1098661346916,0.9967084423689264,1602.0154223189943,0.9912713986245238
1602.1168105328768,1.013914668727839,1602.1168105328768,0.9967782150394211,1602.1112550146088,1.002375461564945,1602.0168111989112,1.0027162112441417
1602.1181994123278,1.0067877150079396,1602.1181994123278,0.9966460136297371,1602.1126438940605,0.9870845405798616,1602.0182000788277,1.0065439025447762
1602.119588291779,1.0088753995982707,1602.119588291779,0.9967176569169643,1602.1140327735104,0.9905719579188418,1602.0195889582783,0.9906401894062596
1602.1209771712304,1.0045554162283095,1602.1209771712304,0.9967266031093054,1602.1154216529603,0.9887223001568372,1602.0209778381948,0.990381874781085
1602.1223660506814,0.9965587445675581,1602.1223660506814,0.9967486137077073,1602.1168105328768,1.0106480536968214,1602.0223667176458,1.0040732974714797
1602.1237549305972,0.9998836868867793,1602.1237549305972,0.9967191723424912,1602.1181994123278,1.0034109627340548,1602.023755597562,0.9941904694204008
1602.1251438100471,0.996166971602943,1602.1251438100471,0.9968166332155223,1602.119588291779,1.0055639244087544,1602.025144477013,1.0024035288999087
1602.1265326894988,1.0125094607176859,1602.1265326894988,0.9968524146244617,1602.1209771712304,1.0012671076522972,1602.0265333569305,0.9884127439564504
1602.1279215689503,0.995200587041592,1602.1279215689503,0.9969152202912882,1602.1223660506814,0.9933185471260068,1602.0279222363815,0.9894051587082068
1602.129310448401,1.0077544534675904,1602.129310448401,0.996979860956819,1602.1237549305972,0.9966032408325493,1602.029311116298,1.0036830052082917
1602.1306993283176,0.9961806543101374,1602.1306993283176,0.9968939475270151,1602.1251438100471,0.9929958067537484,1602.030699995748,0.9997482774607612
1602.1320882077682,0.9927293691938651,1602.1320882077682,0.9969244514155623,1602.1265326894988,1.0093225007465367,1602.032088875664,0.9973718644607328
1602.1334770872193,0.9913960983580158,1602.1334770872193,0.997021121747374,1602.1279215689503,0.992130612464588,1602.0334777555802,0.9891205436989376
1602.1348659666698,0.9922117824387976,1602.1348659666698,0.9970976475348381,1602.129310448401,1.0047108948967334,1602.0348666350317,1.0072548963907582
1602.136254846121,1.0035001426172419,1602.136254846121,0.9970220846265503,1602.1306993283176,0.9930864649252776,1602.0362555149488,1.0022661824496382
1602.1376437255717,0.9893846753655506,1602.1376437255717,0.9969354768480326,1602.1320882077682,0.9896761817877112,1602.0376443944,1.0097098027851767
1602.1390326054875,1.0081129385602134,1602.1390326054875,0.9968646499918213,1602.1334770872193,0.9884428500808788,1602.039033274316,1.007577093085826
1602.1404214849388,1.0012498487463293,1602.1404214849388,0.9969217385230126,1602.1348659666698,0.9893320341260736,1602.0404221537665,1.002753113333452
1602.1418103643905,0.9896599602821101,1602.1418103643905,0.9968968640297055,1602.136254846121,1.000511804115283,1602.041811033683,0.996650880546374
1602.1431992438418,0.9965706737160714,1602.1431992438418,0.9969124852892506,1602.1376437255717,0.9863526831216912,1602.0431999131345,1.0003905641017834
1602.144588123292,0.9938942009077129,1602.144588123292,0.9968800518105206,1602.1390326054875,1.0049521516500537,1602.044588792585,0.9929678073784336
1602.145977002742,0.9882415528462989,1602.145977002742,0.9970001231001855,1602.1404214849388,0.998167739908094,1602.0459776725015,0.9998026451798192
1602.1473658821926,0.9994242298034951,1602.1473658821926,0.9971019751821909,1602.1418103643905,0.9865889108609984,1602.0473665519523,0.997148752933648
1602.1487547616437,0.9955156832857536,1602.1487547616437,0.996991526615594,1602.1431992438418,0.9934937471006716,1602.0487554318686,0.9942515651446924
1602.1501436415608,1.017631424089781,1602.1501436415608,0.9969806706346916,1602.144588123292,0.9907933024950568,1602.05014431132,1.0085006647133252
1602.1515325210123,1.0105210178012047,1602.1515325210123,0.9969336601401511,1602.145977002742,0.9852769498404784,1602.0515331912368,0.9933662547994804
1602.152921400463,0.9997414192900921,1602.152921400463,0.9970189889343631,1602.1473658821926,0.9965278735820048,1602.052922070687,0.9852117765372574
1602.154310279914,1.007511362436046,1602.154310279914,0.9970989955883709,1602.1487547616437,0.9925207008488296,1602.0543109506032,0.9846943997307712
1602.1556991593638,0.9973785343625755,1602.1556991593638,0.9970520559630874,1602.1501436415608,1.0145588596479662,1602.0556998300542,0.990835029719434
1602.157088038815,1.0031029799490925,1602.157088038815,0.9970684721241638,1602.1515325210123,1.0074224169251058,1602.0570887099714,0.9981438860713574
1602.1584769182662,0.9984220500580274,1602.1584769182662,0.997064739225215,1602.152921400463,0.9967611790564128,1602.0584775894229,0.987726827220884
1602.1598657977167,0.9940016193691548,1602.1598657977167,0.9970976255885469,1602.154310279914,1.0045885675288526,1602.0598664688737,0.9963992259667838
1602.1612546771678,1.0028395200381417,1602.1612546771678,0.9970648361557108,1602.1556991593638,0.9944383182596568,1602.0612553487892,0.9873009241017128
1602.1626435566184,0.9941070296773092,1602.1626435566184,0.9970264896006121,1602.157088038815,1.0001623556010373,1602.0626442282394,0.995883548151518
1602.1640324360694,0.9930943791172522,1602.1640324360694,0.9969130600918572,1602.1584769182662,0.9954914209778116,1602.064033108156,0.9868405654405884
1602.16542131552,0.991849259663839,1602.16542131552,0.9967830054958879,1602.1598657977167,0.9911166545041548,1602.0654219876071,0.999788917330757
1602.166810194971,0.9940260301384566,1602.166810194971,0.9967948813125488,1602.1612546771678,0.9998960217373014,1602.0668108670586,0.9946702645410882
1602.1681990748873,0.9903952078698577,1602.1681990748873,0.9967654377784269,1602.1626435566184,0.9911510420864592,1602.068199746975,0.9882563008448608
1602.1695879543383,1.0070983133842364,1602.1695879543383,0.9966660549526574,1602.1640324360694,0.9900287564458028,1602.069588626426,1.0000753672505442
1602.170976833789,0.9967226202810372,1602.170976833789,0.9966911675564378,1602.16542131552,0.9886584860465928,1602.0709775063426,1.0000820952557776
1602.1723657132404,1.0074136437228094,1602.1723657132404,0.9967128384841092,1602.166810194971,0.9908400587334468,1602.0723663857932,0.9979039205513648
1602.173754592692,1.0048020638628303,1602.173754592692,0.9967346215931143,1602.1681990748873,0.9871917129460548,1602.0737552652442,0.9981032462013616
1602.1751434721427,1.0129881673304013,1602.1751434721427,0.99672724051331,1602.1695879543383,1.003740702950142,1602.0751441451605,0.9935106690532284
1602.1765323515926,1.0073070627338316,1602.1765323515926,0.9966763486564985,1602.170976833789,0.993424632137819,1602.0765330246115,0.996739703807385
1602.1779212310428,1.0021555862935838,1602.1779212310428,0.9967635600333451,1602.1723657132404,1.0041021123625804,1602.077921904062,0.9905409683189786
1602.1793101104938,0.997722995256292,1602.1793101104938,0.9968952103765748,1602.173754592692,1.0015210049002985,1602.0793107839788,0.9987922890807736
1602.1806989899453,0.9980854460573253,1602.1806989899453,0.9970288870837227,1602.1751434721427,1.009672900695866,1602.0806996634303,0.9924610322771634
1602.1820878693968,1.007937071556272,1602.1820878693968,0.9970182902828707,1602.1765323515926,1.0039591252614577,1602.0820885433466,0.9891011072393744
1602.1834767488474,1.0087357931331604,1602.1834767488474,0.9969403529574372,1602.1779212310428,0.9989121699012968,1602.0834774227967,0.9985247319433592
1602.1848656282984,0.9935790352549739,1602.1848656282984,0.9970503014390273,1602.1793101104938,0.9946252752535676,1602.0848663022473,0.9903603315724082
1602.1862545077486,1.0140474257880945,1602.1862545077486,0.9970420540091902,1602.1806989899453,0.995120021496996,1602.086255182164,0.9913805418205328
1602.1876433871992,0.985123450558351,1602.1876433871992,0.9971706585198595,1602.1820878693968,1.004931695795758,1602.0876440616146,1.00346261206716
1602.1890322666509,0.9871417398763142,1602.1890322666509,0.997230531427714,1602.1834767488474,1.0056494176469732,1602.089032941066,0.998793308475506
1602.1904211461017,0.9941421056996983,1602.1904211461017,0.9973407002550745,1602.1848656282984,0.9906482766044696,1602.0904218205176,0.9946810021656022
1602.1918100255525,0.9915922566486925,1602.1918100255525,0.9973857466621135,1602.1862545077486,1.0110479282704936,1602.0918107004345,0.9854057333749972
1602.193198905003,1.0030955031409927,1602.193198905003,0.997368380450593,1602.1876433871992,0.9823361999166272,1602.0931995798844,1.003867175856601
1602.1945877839885,1.005200296222908,1602.1945877839885,0.9974287062302546,1602.1890322666509,0.984407881851335,1602.0945884593343,1.0017744943904068
1602.1959766634398,1.0034871210834402,1602.1959766634398,0.997455246516312,1602.1904211461017,0.9914983838515914,1602.0959773392517,1.007237702599606
1602.1973655428903,0.9955630961665664,1602.1973655428903,0.9974504171031003,1602.1918100255525,0.9889999832819264,1602.0973662187032,0.9807750988235232
1602.1987544223405,1.0040719604280037,1602.1987544223405,0.997516176648056,1602.193198905003,1.0004557374050045,1602.0987550981538,0.9792154928426936
1602.2001433017915,1.0005735209655044,1602.2001433017915,0.997574882105655,1602.1945877839885,1.0026156309638838,1602.1001439780705,0.9868527981773766
1602.201532181242,1.006671275944884,1602.201532181242,0.997645192044871,1602.1959766634398,1.000933493736227,1602.101532857521,1.0055115275195123
1602.2029210606936,1.002250652071486,1602.2029210606936,0.9976969694264922,1602.1973655428903,0.9930248255237956,1602.1029217369712,0.9752085239884648
1602.204309940145,1.0043504947335666,1602.204309940145,0.997757921333156,1602.1987544223405,1.0015780230456606,1602.1043106164218,0.9895204182726098
1602.205698819596,0.9880120934108616,1602.205698819596,0.9976893601987843,1602.2001433017915,0.9981470122152032,1602.105699496339,0.9937770708766128
1602.2070876990465,1.0064391888217832,1602.2070876990465,0.9977408768139159,1602.201532181242,1.004300758416089,1602.10708837579,1.0009971039675252
1602.2084765784964,1.0036323972562602,1602.2084765784964,0.9978611736130477,1602.2029210606936,0.9999424381774472,1602.1084772552406,0.988477237663183
1602.209865457947,0.9931459468732848,1602.209865457947,0.997892653534944,1602.204309940145,1.0020986619152903,1602.1098661346916,0.9967084423689264
1602.2112543373985,1.005788212287034,1602.2112543373985,0.9979916391398884,1602.205698819596,0.985729153343744,1602.1112550146088,1.002375461564945
1602.2126432163843,0.9983570196275865,1602.2126432163843,0.9981192407145679,1602.2070876990465,1.004165518714932,1602.1126438940605,0.9870845405798616
1602.214032095835,1.010413611641103,1602.214032095835,0.9980999080081279,1602.2084765784964,1.0014858018022084,1602.1140327735104,0.9905719579188418
1602.215420975286,1.0059219089314566,1602.215420975286,0.9981604472931098,1602.209865457947,0.9910530442728568,1602.1154216529603,0.9887223001568372
1602.2168098547363,1.0032117424995863,1602.2168098547363,0.9982392105542196,1602.2112543373985,1.003768226607915,1602.1168105328768,1.0106480536968214
1602.2181987341876,0.9898271001213995,1602.2181987341876,0.9983054010082296,1602.2126432163843,0.9964793503927456,1602.1181994123278,1.0034109627340548
1602.2195876136382,0.9882841551078431,1602.2195876136382,0.9982955927665378,1602.214032095835,1.0084937328291452,1602.119588291779,1.0055639244087544
1602.2209764930892,0.9951765741238587,1602.2209764930892,0.998309153222009,1602.215420975286,1.0040714625609617,1602.1209771712304,1.0012671076522972
1602.222365372074,0.999402237008482,1602.222365372074,0.9982926384602953,1602.2168098547363,1.00144529785151,1602.1223660506814,0.9933185471260068
1602.2237542515252,0.9857887512945033,1602.2237542515252,0.9983286367767605,1602.2181987341876,0.9881497401155068,1602.1237549305972,0.9966032408325493
1602.2251431309758,0.9993366918625419,1602.2251431309758,0.9983711720415115,1602.2195876136382,0.9865997164451612,1602.1251438100471,0.9929958067537484
1602.2265320104273,1.0160943704394574,1602.2265320104273,0.9983787210899114,1602.2209764930892,0.9934938830199692,1602.1265326894988,1.0093225007465367
1602.2279208898783,1.0034129052487646,1602.2279208898783,0.998305461201923,1602.222365372074,0.9976958960663188,1602.1279215689503,0.992130612464588
1602.2293097693282,0.9981757182252399,1602.2293097693282,0.9983609222363196,1602.2237542515252,0.9841411402297064,1602.129310448401,1.0047108948967334
1602.230698648779,1.0116040296171822,1602.230698648779,0.9984359254827605,1602.2251431309758,0.9977089443188928,1602.1306993283176,0.9930864649252776
1602.232087527764,1.0091297150708323,1602.232087527764,0.9984705836626188,1602.2265320104273,1.0144469980660042,1602.1320882077682,0.9896761817877112
1602.233476407215,1.005328274717086,1602.233476407215,0.9985033137600713,1602.2279208898783,1.0017125831503293,1602.1334770872193,0.9884428500808788
1602.2348652866665,1.00262111382132,1602.2348652866665,0.9986391629136032,1602.2293097693282,0.9965396306012512,1602.1348659666698,0.9893320341260736
1602.236254166118,1.019329125785931,1602.236254166118,0.9985970013788427,1602.230698648779,1.010021805532921,1602.136254846121,1.000511804115283
1602.2376430455686,1.0021959284832034,1602.2376430455686,0.9986137965519557,1602.232087527764,1.007586335598066,1602.1376437255717,0.9863526831216912
1602.239031924553,1.0031458334317565,1602.239031924553,0.9987305841833184,1602.233476407215,1.0038236137217056,1602.1390326054875,1.0049521516500537
1602.2404208040032,0.9958584069328238,1602.2404208040032,0.9987882179563763,1602.2348652866665,1.0012567098260274,1602.1404214849388,0.998167739908094
1602.241809683455,1.0014759462987677,1602.241809683455,0.9989112636650157,1602.236254166118,1.0178990084279478,1602.1418103643905,0.9865889108609984
1602.2431985629062,0.9869340705730743,1602.2431985629062,0.9988548762786463,1602.2376430455686,1.000806681031524,1602.1431992438418,0.9934937471006716
1602.2445874418916,1.005606437943347,1602.2445874418916,0.9987447163983049,1602.239031924553,1.00187242424436,1602.144588123292,0.9907933024950568
1602.245976321342,1.004307352230941,1602.245976321342,0.9986797921228997,1602.2404208040032,0.9946516435973108,1602.145977002742,0.9852769498404784
1602.2473652007932,0.9991477096865553,1602.2473652007932,0.9986391798497345,1602.241809683455,1.0003856030474194,1602.1473658821926,0.9965278735820048
1602.248754080243,0.9908510448267467,1602.248754080243,0.9987592134625493,1602.2431985629062,0.9858039089574488,1602.1487547616437,0.9925207008488296
1602.250142959694,1.013501187328977,1602.250142959694,0.9987789566345182,1602.2445874418916,1.0043441166720375,1602.1501436415608,1.0145588596479662
1602.2515318386795,0.9976571158015223,1602.2515318386795,0.998813133653474,1602.245976321342,1.002981457753496,1602.1515325210123,1.0074224169251058
1602.2529207181303,1.0053341265900286,1602.2529207181303,0.9987928419711228,1602.2473652007932,0.9977880493501222,1602.152921400463,0.9967611790564128
1602.2543095975814,0.9981976743453427,1602.2543095975814,0.9988548225323082,1602.248754080243,0.9896216101897066,1602.154310279914,1.0045885675288526
1602.255698477032,0.9800790192668511,1602.255698477032,0.998761468830599,1602.250142959694,1.012263658428281,1602.1556991593638,0.9944383182596568
1602.2570873560178,0.998110357625751,1602.2570873560178,0.9987774987539701,1602.2515318386795,0.9964730301454052,1602.157088038815,1.0001623556010373
1602.2584762354688,1.0131137064177749,1602.2584762354688,0.9989188633465758,1602.2529207181303,1.0041205294274114,1602.1584769182662,0.9954914209778116
1602.259865114919,1.0130145604436258,1602.259865114919,0.9989573252362312,1602.2543095975814,0.99705456086038,1602.1598657977167,0.9911166545041548
1602.261253993904,0.9972480684903263,1602.261253993904,0.9990029800974918,1602.255698477032,0.9788651608530132,1602.1612546771678,0.9998960217373014
1602.262642873355,0.9944664835737925,1602.262642873355,0.9989212576854951,1602.2570873560178,0.9968901664698782,1602.1626435566184,0.9911510420864592
1602.2640317528055,0.99279862095859,1602.2640317528055,0.9990392343856914,1602.2584762354688,1.0120183920556802,1602.1640324360694,0.9900287564458028
1602.265420632257,0.9988981810836244,1602.265420632257,0.9989559980176994,1602.259865114919,1.011958315726121,1602.16542131552,0.9886584860465928
1602.2668095112429,0.9861168841331583,1602.2668095112429,0.9989001415086867,1602.261253993904,0.9962537923183036,1602.166810194971,0.9908400587334468
1602.2681983906937,1.016525179963993,1602.2681983906937,0.9989518064167177,1602.262642873355,0.9933937104976046,1602.1681990748873,0.9871917129460548
1602.2695872701436,1.0019460963043865,1602.2695872701436,0.9990498664899031,1602.2640317528055,0.99184477418164,1602.1695879543383,1.003740702950142
1602.270976149128,1.012991199995942,1602.270976149128,0.999078847372659,1602.265420632257,0.9978553294024566,1602.170976833789,0.993424632137819
1602.2723650285795,1.004067913203514,1602.2723650285795,0.9991641817883377,1602.2668095112429,0.985032295104717,1602.1723657132404,1.0041021123625804
1602.273753908031,0.9905868514305558,1602.273753908031,0.9992147316634357,1602.2681983906937,1.0154596647931098,1602.173754592692,1.0015210049002985
1602.2751427870164,0.9935954499575556,1602.2751427870164,0.9992097658608177,1602.2695872701436,1.000994113742977,1602.1751434721427,1.009672900695866
1602.276531666467,0.9972300398533356,1602.276531666467,0.9992048370682113,1602.270976149128,1.0120580804905923,1602.1765323515926,1.0039591252614577
1602.277920545918,1.0010620584257877,1602.277920545918,0.9990890319397655,1602.2723650285795,1.0032286949559126,1602.1779212310428,0.9989121699012968
1602.2793094249023,1.000494607099172,1602.2793094249023,0.9990572575460603,1602.273753908031,0.9898089749415104,1602.1793101104938,0.9946252752535676
1602.280698304353,0.9989837671979582,1602.280698304353,0.9990670174621371,1602.2751427870164,0.9928102769124628,1602.1806989899453,0.995120021496996
1602.2820871838046,1.0027636294181541,1602.2820871838046,0.9990745183847619,1602.276531666467,0.996437079491178,1602.1820878693968,1.004931695795758
1602.28347606279,0.9977321966589261,1602.28347606279,0.9990471414366512,1602.277920545918,1.000150122864249,1602.1834767488474,1.0056494176469732
1602.2848649422406,0.9955535839591051,1602.2848649422406,0.9990001011953414,1602.2793094249023,0.999551398358122,1602.1848656282984,0.9906482766044696
1602.2862538216912,1.002351514978755,1602.2862538216912,0.9990447874940581,1602.280698304353,0.998051732787554,1602.1862545077486,1.0110479282704936
1602.287642700677,0.998528979197935,1602.287642700677,0.9990333133352308,1602.2820871838046,1.0018355901146982,1602.1876433871992,0.9823361999166272
1602.2890315801285,0.993633679745086,1602.2890315801285,0.999151828938856,1602.28347606279,0.9967814989914108,1602.1890322666509,0.984407881851335
1602.290420459113,0.988905338738017,1602.290420459113,0.9992284335068861,1602.2848649422406,0.9945581311205308,1602.1904211461017,0.9914983838515914
1602.291809338563,1.0056382556175538,1602.291809338563,0.9992283362545551,1602.2862538216912,1.0013940562762975,1602.1918100255525,0.9889999832819264
1602.293198218014,0.9938620946972734,1602.293198218014,0.999295344409615,1602.287642700677,0.9975637145493588,1602.193198905003,1.0004557374050045
1602.294587096999,0.982221512303892,1602.294587096999,0.9993940766805027,1602.2890315801285,0.9927909084125482,1602.1945877839885,1.0026156309638838
1602.2959759764506,0.9964934765134161,1602.2959759764506,0.9993930402932965,1602.290420459113,0.9881423325137852,1602.1959766634398,1.000933493736227
1602.2973648554364,1.0030377757076852,1602.2973648554364,0.9994159825358994,1602.291809338563,1.0048622410346613,1602.1973655428903,0.9930248255237956
1602.2987537348874,1.0003306990029581,1602.2987537348874,0.9993245611865604,1602.293198218014,0.9931617642161732,1602.1987544223405,1.0015780230456606
1602.3001426143376,0.994017568265999,1602.3001426143376,0.9993455870685791,1602.294587096999,0.9816263613846752,1602.2001433017915,0.9981470122152032
1602.301531493322,0.9998844446891809,1602.301531493322,0.9993268737625701,1602.2959759764506,0.9958886451251796,1602.201532181242,1.004300758416089
1602.3029203727735,1.004682502001937,1602.3029203727735,0.9993314709409323,1602.2973648554364,1.0024519841295192,1602.2029210606936,0.9999424381774472
1602.3043092517592,1.0053988076045433,1602.3043092517592,0.9993068587547713,1602.2987537348874,0.9996550368225764,1602.204309940145,1.0020986619152903
1602.30569813121,1.0146463135521508,1602.30569813121,0.9992895004089296,1602.3001426143376,0.9933670703152662,1602.205698819596,0.985729153343744
1602.307087010195,0.9895722581110461,1602.307087010195,0.9993857086431838,1602.301531493322,0.9992113962350626,1602.2070876990465,1.004165518714932
1602.308475889646,0.9874313280567527,1602.308475889646,0.9993086667984135,1602.3029203727735,1.0040108425542118,1602.2084765784964,1.0014858018022084
1602.3098647686309,1.0031370461998899,1602.3098647686309,0.9993098313381832,1602.3043092517592,1.0047019242230888,1602.209865457947,0.9910530442728568
1602.311253648082,0.996134049109938,1602.311253648082,0.9993402098269701,1602.30569813121,1.013925407761291,1602.2112543373985,1.003768226607915
1602.3126425275325,1.0058445926221686,1602.3126425275325,0.9992091595867989,1602.307087010195,0.9889643724259434,1602.2126432163843,0.9964793503927456
1602.314031406518,1.0039020044900322,1602.314031406518,0.9992408294916016,1602.308475889646,0.9867486839953804,1602.214032095835,1.0084937328291452
1602.3154202859685,1.0027880883341227,1602.3154202859685,0.999253326599144,1602.3098647686309,1.0024447124470952,1602.215420975286,1.0040714625609617
1602.3168091649538,1.007699687158137,1602.3168091649538,0.9993042227047673,1602.311253648082,0.9954768096533148,1602.2168098547363,1.00144529785151
1602.318198044405,0.9930758316524869,1602.318198044405,0.9994042497901792,1602.3126425275325,1.0050491300689233,1602.2181987341876,0.9881497401155068
1602.3195869233912,0.9972670245981156,1602.3195869233912,0.9994081310110717,1602.314031406518,1.0031398716949014,1602.2195876136382,0.9865997164451612
1602.3209758028413,1.004412715557256,1602.3209758028413,0.9993754607558502,1602.3154202859685,1.0020393331418684,1602.2209764930892,0.9934938830199692
1602.3223646818255,1.0001718912049544,1602.3223646818255,0.9993436013684432,1602.3168091649538,1.0069985525953993,1602.222365372074,0.9976958960663188
1602.3237535612764,1.0086527901698985,1602.3237535612764,0.9994136568774444,1602.318198044405,0.992484206517412,1602.2237542515252,0.9841411402297064
1602.3251424402613,1.0074604282299446,1602.3251424402613,0.9993147562380191,1602.3195869233912,0.9966767731725752,1602.2251431309758,0.9977089443188928
1602.3265313197128,1.0028461240159807,1602.3265313197128,0.9993458055455242,1602.3209758028413,1.0037854203990673,1602.2265320104273,1.0144469980660042
1602.3279201986986,1.0035488749340813,1602.3279201986986,0.9992295352856921,1602.3223646818255,0.999515379744246,1602.2279208898783,1.0017125831503293
1602.3293090781497,0.998381229144806,1602.3293090781497,0.9991608070083982,1602.3237535612764,1.008061373543336,1602.2293097693282,0.9965396306012512
1602.330697957134,0.9922598170950785,1602.330697957134,0.9991522886475253,1602.3251424402613,1.0067700722560575,1602.230698648779,1.010021805532921
1602.3320868361186,0.9992568409806705,1602.3320868361186,0.9992066133838706,1602.3265313197128,1.002190067642957,1602.232087527764,1.007586335598066
1602.33347571557,1.0043610666193885,1602.33347571557,0.9991370460036391,1602.3279201986986,1.0027756759368611,1602.233476407215,1.0038236137217056
1602.334864594556,1.0031388910367516,1602.334864594556,0.9991002812461854,1602.3293090781497,0.9975433946143608,1602.2348652866665,1.0012567098260274
1602.3362534740063,1.002786416973318,1602.3362534740063,0.999210669960839,1602.330697957134,0.9914186671835225,1602.236254166118,1.0178990084279478
1602.337642352992,1.009906261694345,1602.337642352992,0.9991067646799419,1602.3320868361186,0.9984640439769606,1602.2376430455686,1.000806681031524
1602.3390312324425,1.0019151841804597,1602.3390312324425,0.9991380741721314,1602.33347571557,1.00349434922316,1602.239031924553,1.00187242424436
1602.3404201114276,1.0085770261806606,1602.3404201114276,0.9990733242498541,1602.334864594556,1.002236348163805,1602.2404208040032,0.9946516435973108
1602.3418089908785,1.0026733026077082,1602.3418089908785,0.9990539743326439,1602.3362534740063,1.0019948875315383,1602.241809683455,1.0003856030474194
1602.3431978698634,0.9981841294324749,1602.3431978698634,0.9989810543733331,1602.337642352992,1.0090041777514518,1602.2431985629062,0.9858039089574488
1602.3445867488488,1.003567465445047,1602.3445867488488,0.9990437615070032,1602.3390312324425,1.0010516076058809,1602.2445874418916,1.0043441166720375
1602.3459756282994,1.0043995990363233,1602.3459756282994,0.9990444505827764,1602.3404201114276,1.0076424023083446,1602.245976321342,1.002981457753496
1602.3473645072847,1.00473652070764,1602.3473645072847,0.9991497016869185,1602.3418089908785,1.0017247479274685,1602.2473652007932,0.9977880493501222
1602.3487533867362,0.9966113366034662,1602.3487533867362,0.999182657377478,1602.3431978698634,0.9971670340791814,1602.248754080243,0.9896216101897066
1602.350142265722,0.9990093980030579,1602.350142265722,0.9991685277100345,1602.3445867488488,1.0026078156042693,1602.250142959694,1.012263658428281
1602.3515311447063,0.9907688561599568,1602.3515311447063,0.9991977874289097,1602.3459756282994,1.0034398455848044,1602.2515318386795,0.9964730301454052
1602.352920024157,0.9971118871361654,1602.352920024157,0.9991908097245062,1602.3473645072847,1.003882194938991,1602.2529207181303,1.0041205294274114
1602.3543089031416,1.0041710836318205,1602.3543089031416,0.9991086292217356,1602.3487533867362,0.9957967636799716,1602.2543095975814,0.99705456086038
1602.3556977825926,0.9999277243488276,1602.3556977825926,0.9990886297838872,1602.350142265722,0.9981787493712032,1602.255698477032,0.9788651608530132
1602.3570866615785,0.9988232029688525,1602.3570866615785,0.9989815892658304,1602.3515311447063,0.9899740489285006,1602.2570873560178,0.9968901664698782
1602.3584755405643,1.0068509685111104,1602.3584755405643,0.998889174020182,1602.352920024157,0.9963050338935155,1602.2584762354688,1.0120183920556802
1602.359864420015,1.00798692306272,1602.359864420015,0.9988338505652855,1602.3543089031416,1.003275994871493,1602.259865114919,1.011958315726121
1602.3612532989998,0.9923100431873697,1602.3612532989998,0.998861123841364,1602.3556977825926,0.9990164200025906,1602.261253993904,0.9962537923183036
1602.3626421779843,1.0063060184299,1602.3626421779843,0.9988072435705193,1602.3570866615785,0.9978059906974114,1602.262642873355,0.9933937104976046
1602.364031057435,1.0031375978700876,1602.364031057435,0.998838778262784,1602.3584755405643,1.0057325322974833,1602.2640317528055,0.99184477418164
1602.3654199364212,0.9991772534833019,1602.3654199364212,0.9988350556891445,1602.359864420015,1.0068114596821909,1602.265420632257,0.9978553294024566
1602.3668088158718,1.004843997530087,1602.3668088158718,0.9988427107144782,1602.3612532989998,0.9911799249372086,1602.2668095112429,0.985032295104717
1602.3681976948571,1.0006188059449075,1602.3681976948571,0.9988073332535704,1602.3626421779843,1.0051057404563926,1602.2681983906937,1.0154596647931098
1602.369586573842,0.9934234840567362,1602.369586573842,0.9987981738275533,1602.364031057435,1.0019727326860222,1602.2695872701436,1.000994113742977
1602.370975453293,1.000189137429597,1602.370975453293,0.9986963670165575,1602.3654199364212,0.9980132676263204,1602.270976149128,1.0120580804905923
1602.372364332278,0.9989834732255652,1602.372364332278,0.9986060081532873,1602.3668088158718,1.0036811023381245,1602.2723650285795,1.0032286949559126
1602.3737532112634,1.0115956566642512,1602.3737532112634,0.9985644428676905,1602.3681976948571,0.999425401169205,1602.273753908031,0.9898089749415104
1602.3751420902483,1.0001381674664538,1602.3751420902483,0.9985875803896154,1602.369586573842,0.9922295617132736,1602.2751427870164,0.9928102769124628
1602.3765309696994,0.9981290956779307,1602.3765309696994,0.9986049399213265,1602.370975453293,0.998885257880363,1602.276531666467,0.996437079491178
1602.3779198486843,1.0056647884118706,1602.3779198486843,0.9985749277739978,1602.372364332278,0.997590898408888,1602.277920545918,1.000150122864249
1602.37930872767,1.0002197241686068,1602.37930872767,0.9985815754093802,1602.3737532112634,1.0101434533043137,1602.2793094249023,0.999551398358122
1602.3806976071216,0.9958630119555537,1602.3806976071216,0.9985392931722896,1602.3751420902483,0.99872555270563,1602.280698304353,0.998051732787554
1602.382086486106,0.996219438998806,1602.382086486106,0.9985879987690759,1602.3765309696994,0.996736645623188,1602.2820871838046,1.0018355901146982
1602.3834753650906,1.011743425347896,1602.3834753650906,0.9986260225535537,1602.3779198486843,1.0042316434532363,1602.28347606279,0.9967814989914108
1602.3848642445412,0.9972484956214192,1602.3848642445412,0.9985315190725207,1602.37930872767,0.9988009879158232,1602.2848649422406,0.9945581311205308
1602.3862531235266,0.9980920628248197,1602.3862531235266,0.9984951226243689,1602.3806976071216,0.994408348054526,1602.2862538216912,1.0013940562762975
1602.3876420025124,0.9937698338921052,1602.3876420025124,0.9985512139641187,1602.382086486106,0.9948127759246692,1602.287642700677,0.9975637145493588
1602.3890308814982,1.0057633427656318,1602.3890308814982,0.9985371477344298,1602.3834753650906,1.0103533126998778,1602.2890315801285,0.9927909084125482
1602.3904197609488,0.9974428305559001,1602.3904197609488,0.9986235431192129,1602.3848642445412,0.9957840552256416,1602.290420459113,0.9881423325137852
1602.3918086399342,0.9917831813296238,1602.3918086399342,0.9985680344679697,1602.3862531235266,0.9965900566606776,1602.291809338563,1.0048622410346613
1602.393197518919,0.9989590034139862,1602.393197518919,0.9985737319075686,1602.3876420025124,0.9923300740338822,1602.293198218014,0.9931617642161732
1602.394586397903,1.0049317407231593,1602.394586397903,0.9985604653991745,1602.3890308814982,1.0042920595810396,1602.294587096999,0.9816263613846752
1602.3959752773542,0.9830254606867116,1602.3959752773542,0.9985567620603081,1602.3904197609488,0.9960698935085897,1602.2959759764506,0.9958886451251796
1602.39736415634,1.0025781082648757,1602.39736415634,0.9984583093654041,1602.3918086399342,0.9903629819987124,1602.2973648554364,1.0024519841295192
1602.3987530353254,1.0019056183169188,1602.3987530353254,0.9983641047773132,1602.393197518919,0.9975342200617698,1602.2987537348874,0.9996550368225764
1602.4001419143103,0.9929696773634745,1602.4001419143103,0.9983646399678572,1602.394586397903,1.0034851067109205,1602.3001426143376,0.9933670703152662
1602.4015307932957,1.0037358130544816,1602.4015307932957,0.9984111911744259,1602.3959752773542,0.9816067210461654,1602.301531493322,0.9992113962350626
1602.4029196727463,0.9974252126326213,1602.4029196727463,0.9984338471540379,1602.39736415634,1.001032442984913,1602.3029203727735,1.0040108425542118
1602.4043085517317,0.9941810830614278,1602.4043085517317,0.9984389980462125,1602.3987530353254,1.000266605702331,1602.3043092517592,1.0047019242230888
1602.4056974307166,1.0079558143556928,1602.4056974307166,0.9984513058427754,1602.4001419143103,0.9913458144399846,1602.30569813121,1.013925407761291
1602.407086309702,0.9968532136956648,1602.407086309702,0.9984861750394953,1602.4015307932957,1.0021410687361558,1602.307087010195,0.9889643724259434
1602.408475188687,0.9978319563999811,1602.408475188687,0.9984920990633734,1602.4029196727463,0.9958630922972224,1602.308475889646,0.9867486839953804
1602.409864068138,0.9900114994443157,1602.409864068138,0.9985098427576017,1602.4043085517317,0.9926291644483504,1602.3098647686309,1.0024447124470952
1602.4112529471238,0.9809053726954469,1602.4112529471238,0.9985698046979596,1602.4056974307166,1.0063947990752595,1602.311253648082,0.9954768096533148
1602.4126418261096,0.9997610120387058,1602.4126418261096,0.998556845635362,1602.407086309702,0.995344152418813,1602.3126425275325,1.0050491300689233
1602.414030705094,1.0086749557182828,1602.414030705094,0.998535828033037,1602.408475188687,0.9963273246583296,1602.314031406518,1.0031398716949014
1602.415419584078,0.9995648613235363,1602.415419584078,0.9985426438205014,1602.409864068138,0.988536226638361,1602.3154202859685,1.0020393331418684
1602.4168084635292,0.9902066867917734,1602.4168084635292,0.9985603676504403,1602.4112529471238,0.9795024864396716,1602.3168091649538,1.0069985525953993
1602.418197342515,1.0021451215658432,1602.418197342515,0.9985613468852926,1602.4126418261096,0.9983182025705872,1602.318198044405,0.992484206517412
1602.4195862215008,1.0008432555886355,1602.4195862215008,0.9985730190236316,1602.414030705094,1.0071980821243425,1602.3195869233912,0.9966767731725752
1602.4209751004855,1.0044091660229242,1602.4209751004855,0.9985328200479616,1602.415419584078,0.9981081392960768,1602.3209758028413,1.0037854203990673
1602.4223639794711,0.997337159442223,1602.4223639794711,0.9985955214135365,1602.4168084635292,0.9887811532127176,1602.3223646818255,0.999515379744246
1602.4237528584556,0.9960292277774953,1602.4237528584556,0.9985044799490795,1602.418197342515,1.0007033823653138,1602.3237535612764,1.008061373543336
1602.42514173744,1.0120173415222473,1602.42514173744,0.9984788888853293,1602.4195862215008,0.999415071302584,1602.3251424402613,1.0067700722560575
1602.4265306168916,1.0057929816408102,1602.4265306168916,0.9984830602724016,1602.4209751004855,1.0029355170308918,1602.3265313197128,1.002190067642957
1602.4279194958774,1.0036613158257581,1602.4279194958774,0.9985300561668885,1602.4223639794711,0.995936420758302,1602.3279201986986,1.0027756759368611
1602.4293083748623,0.9979343720887197,1602.4293083748623,0.9985087335938888,1602.4237528584556,0.9945396460960512,1602.3293090781497,0.9975433946143608
1602.4306972538477,0.9897100674966193,1602.4306972538477,0.9984062834711707,1602.42514173744,1.0104779506958184,1602.330697957134,0.9914186671835225
1602.4320861328326,1.0067552801244954,1602.4320861328326,0.9983258867413412,1602.4265306168916,1.0042672543092197,1602.3320868361186,0.9984640439769606
1602.4334750118178,0.998807446355164,1602.4334750118178,0.9983487157649884,1602.4279194958774,1.0021859900640275,1602.33347571557,1.00349434922316
1602.434863890803,1.0074955804735215,1602.434863890803,0.9983929362359377,1602.4293083748623,0.9964461860841202,1602.334864594556,1.002236348163805
1602.436252769788,0.9975179708359413,1602.436252769788,0.9983057130936772,1602.4306972538477,0.9881327502033012,1602.3362534740063,1.0019948875315383
1602.4376416487733,0.9942811024359826,1602.4376416487733,0.9982908517336327,1602.4320861328326,1.0050698577618142,1602.337642352992,1.0090041777514518
1602.4390305277582,0.9999366686107117,1602.4390305277582,0.9982712618857478,1602.4334750118178,0.9971581313651856,1602.3390312324425,1.0010516076058809
1602.4404194072092,0.9976715291704357,1602.4404194072092,0.9982351614251196,1602.434863890803,1.0058764708336896,1602.3404201114276,1.0076424023083446
1602.441808286195,1.00030427158388,1602.441808286195,0.9981684848289613,1602.436252769788,0.9958278891991322,1602.3418089908785,1.0017247479274685
1602.443197165181,1.002871270799376,1602.443197165181,0.998065331347103,1602.4376416487733,0.9925817286134724,1602.3431978698634,0.9971670340791814
1602.4445860441654,1.002751201875863,1602.4445860441654,0.9980890078946365,1602.4390305277582,0.998208039979846,1602.3445867488488,1.0026078156042693
1602.4459749231498,1.0012692835975008,1602.4459749231498,0.9980596312013077,1602.4404194072092,0.9959107999706958,1602.3459756282994,1.0034398455848044
1602.4473638021348,1.0010047752264855,1602.4473638021348,0.9980543754807156,1602.441808286195,0.9984721991348192,1602.3473645072847,1.003882194938991
1602.4487526811206,1.0012074354449507,1602.4487526811206,0.9980843594389222,1602.443197165181,1.0009310471888695,1602.3487533867362,0.9957967636799716
1602.4501415601064,0.991195938665637,1602.4501415601064,0.998077099100355,1602.4445860441654,1.0008349522454345,1602.350142265722,0.9981787493712032
1602.4515304390916,1.001843687162778,1602.4515304390916,0.9979681409014834,1602.4459749231498,0.9993264519205192,1602.3515311447063,0.9899740489285006
1602.4529193180767,0.9939166848039266,1602.4529193180767,0.9979284678878616,1602.4473638021348,0.999057195791884,1602.352920024157,0.9963050338935155
1602.4543081970612,0.9952656414251599,1602.4543081970612,0.9978499932338166,1602.4487526811206,0.9992894818715596,1602.3543089031416,1.003275994871493
1602.4556970760457,1.0032921827812644,1602.4556970760457,0.9978833517730866,1602.4501415601064,0.9892899671034524,1602.3556977825926,0.9990164200025906
1602.4570859550315,1.001381735802021,1602.4570859550315,0.9979248169908023,1602.4515304390916,0.999808081951725,1602.3570866615785,0.9978059906974114
1602.4584748340174,0.9982475876243749,1602.4584748340174,0.9979359872365722,1602.4529193180767,0.9918577544745651,1602.3584755405643,1.0057325322974833
1602.4598637130025,1.0002153812539083,1602.4598637130025,0.9979021805467974,1602.4543081970612,0.993125813561946,1602.359864420015,1.0068114596821909
1602.4612525919877,1.00713043146424,1602.4612525919877,0.9978111630727132,1602.4556970760457,1.0011685661615044,1602.3612532989998,0.9911799249372086
1602.4626414709726,0.9917771811666329,1602.4626414709726,0.9977302137154205,1602.4570859550315,0.9993036854381636,1602.3626421779843,1.0051057404563926
1602.4640303499584,1.0015552533058454,1602.4640303499584,0.9977206477044038,1602.4584748340174,0.9961871918624572,1602.364031057435,1.0019727326860222
1602.4654192289438,1.0011259976469762,1602.4654192289438,0.9976646395862526,1602.4598637130025,0.9981171099697213,1602.3654199364212,0.9980132676263204
1602.4668081079285,1.0035070881652457,1602.4668081079285,0.997562920641889,1602.4612525919877,1.0049259871852567,1602.3668088158718,1.0036811023381245
1602.4681969869132,0.9886843792389912,1602.4681969869132,0.9975325997137625,1602.4626414709726,0.989526058923462,1602.3681976948571,0.999425401169205
1602.4695858658984,1.0018266636279067,1602.4695858658984,0.9975510179973521,1602.4640303499584,0.9992723560400564,1602.369586573842,0.9922295617132736
1602.4709747448835,0.9966645945915523,1602.4709747448835,0.997501843786224,1602.4654192289438,0.998788007622898,1602.370975453293,0.998885257880363
1602.4723636238691,1.0083304415742835,1602.4723636238691,0.997411017595179,1602.4668081079285,1.00106146175496,1602.372364332278,0.997590898408888
1602.4737525028552,1.0174217023851395,1602.4737525028552,0.9972992643608104,1602.4681969869132,0.9862448991186584,1602.3737532112634,1.0101434533043137
1602.4751413818396,0.9977313639492129,1602.4751413818396,0.997370799911133,1602.4695858658984,0.9993732081589092,1602.3751420902483,0.99872555270563
1602.476530260824,1.003528755543324,1602.476530260824,0.9973691006656412,1602.4709747448835,0.9941747707415228,1602.3765309696994,0.996736645623188
1602.477919139809,1.0029144709059246,1602.477919139809,0.9974299633300394,1602.4723636238691,1.0057198918028023,1602.3779198486843,1.0042316434532363
1602.4793080187949,0.9937077544034169,1602.4793080187949,0.9974022727929398,1602.4737525028552,1.014673915333423,1602.37930872767,0.9988009879158232
1602.4806968977807,0.989335804427211,1602.4806968977807,0.9973116980450696,1602.4751413818396,0.9951081285584522,1602.3806976071216,0.994408348054526
1602.482085776766,0.9946161560768317,1602.482085776766,0.9973299784072261,1602.476530260824,1.0008885724083554,1602.382086486106,0.9948127759246692
1602.483474655751,0.9979805675298545,1602.483474655751,0.9972800064090854,1602.477919139809,1.0003369439388623,1602.3834753650906,1.0103533126998778
1602.4848635342698,1.000388540304924,1602.4848635342698,0.9972804809884749,1602.4793080187949,0.9911263727339364,1602.3848642445412,0.9957840552256416
1602.4862524132543,1.012858882239357,1602.4862524132543,0.997259261847014,1602.4806968977807,0.9866761710500866,1602.3862531235266,0.9965900566606776
1602.48764129224,0.9949006006777995,1602.48764129224,0.9973415007915606,1602.482085776766,0.9919605094635848,1602.3876420025124,0.9923300740338822
1602.489030171226,1.0078507377809973,1602.489030171226,0.9972345108635231,1602.483474655751,0.995266066782316,1602.3890308814982,1.0042920595810396
1602.490419050211,1.0043346813926184,1602.490419050211,0.9971293122632998,1602.4848635342698,0.9976679646506528,1602.3904197609488,0.9960698935085897
1602.4918079291965,0.9984439313853897,1602.4918079291965,0.9971572382701372,1602.4862524132543,1.0100829012572128,1602.3918086399342,0.9903629819987124
1602.4931968081812,0.9997736284837274,1602.4931968081812,0.9971241780591338,1602.48764129224,0.9922556582184217,1602.393197518919,0.9975342200617698
1602.494585687167,0.9902722384295267,1602.494585687167,0.9970610561319626,1602.489030171226,1.0050635375144736,1602.394586397903,1.0034851067109205
1602.4959745661524,0.9943085640312397,1602.4959745661524,0.9971774251372899,1602.490419050211,1.0014515501392018,1602.3959752773542,0.9816067210461654
1602.4973634446712,0.9897485352180386,1602.4973634446712,0.99713441921117,1602.4918079291965,0.9956055931878336,1602.39736415634,1.001032442984913
1602.4987523236562,0.9956564156346255,1602.4987523236562,0.9971490895886154,1602.4931968081812,0.9968984575470344,1602.3987530353254,1.000266605702331
1602.5001412026415,0.9977402689877937,1602.5001412026415,0.9971299033603841,1602.494585687167,0.9873618839067066,1602.4001419143103,0.9913458144399846
1602.5015300816265,1.009018699300014,1602.5015300816265,0.9971371481831098,1602.4959745661524,0.9915020536726278,1602.4015307932957,1.0021410687361558
1602.5029189606123,0.9953606317210657,1602.5029189606123,0.997111533328673,1602.4973634446712,0.9869123308297452,1602.4029196727463,0.9958630922972224
1602.504307839598,1.0125363396316132,1602.504307839598,0.9970232796596371,1602.4987523236562,0.9928178883931308,1602.4043085517317,0.9926291644483504
1602.5056967185826,0.9917246509705236,1602.5056967185826,0.9969501195966642,1602.5001412026415,0.9948766579945624,1602.4056974307166,1.0063947990752595
1602.5070855971014,1.007136764028998,1602.5070855971014,0.997012966471119,1602.5015300816265,1.0061300282834469,1602.407086309702,0.995344152418813
1602.5084744760863,1.0184523233878924,1602.5084744760863,0.9970763761009066,1602.5029189606123,0.9924855657103884,1602.408475188687,0.9963273246583296
1602.5098633550722,0.9885137952123912,1602.5098633550722,0.9969623162004301,1602.504307839598,1.0095223021140751,1602.409864068138,0.988536226638361
1602.511252234058,1.0021408029773249,1602.511252234058,0.9969678732879728,1602.5056967185826,0.9887000093920236,1602.4112529471238,0.9795024864396716
1602.5126411130434,1.0161523557898913,1602.5126411130434,0.9970239554215878,1602.5070855971014,1.0041284127466747,1602.4126418261096,0.9983182025705872
1602.5140299920283,0.9914479950685873,1602.5140299920283,0.9971020493621593,1602.5084744760863,1.0154747518351483,1602.414030705094,1.0071980821243425
1602.515418870548,1.0047636359437524,1602.515418870548,0.9970712941349761,1602.5098633550722,0.9855110028710232,1602.415419584078,0.9981081392960768
1602.5168077495323,0.9913783847425043,1602.5168077495323,0.9971403911715259,1602.511252234058,0.9991021850794048,1602.4168084635292,0.9887811532127176
1602.5181966285174,0.9967643719319231,1602.5181966285174,0.9972489279520573,1602.5126411130434,1.013128241080602,1602.418197342515,1.0007033823653138
1602.5195855075033,1.001846039106465,1602.5195855075033,0.9971912646103729,1602.5140299920283,0.9885748277188924,1602.4195862215008,0.999415071302584
1602.520974386489,1.003462987439505,1602.520974386489,0.9971373592783286,1602.515418870548,1.0018209787902013,1602.4209751004855,1.0029355170308918
1602.522363265008,0.9944568262082372,1602.522363265008,0.9971178023644102,1602.5168077495323,0.9885434303611362,1602.4223639794711,0.995936420758302
1602.5237521439933,0.9930086831590577,1602.5237521439933,0.9970699948888475,1602.5181966285174,0.994022201329916,1602.4237528584556,0.9945396460960512
1602.5251410229791,0.9912868603581718,1602.5251410229791,0.9970240427393637,1602.5195855075033,0.9990321186814688,1602.42514173744,1.0104779506958184
1602.526529901964,1.0006371979576332,1602.526529901964,0.997113342128321,1602.520974386489,1.0005904334289706,1602.4265306168916,1.0042672543092197
1602.5279187804829,1.0021439515394999,1602.5279187804829,0.9970242140926993,1602.522363265008,0.9915906050950436,1602.4279194958774,1.0021859900640275
1602.5293076594678,1.0037177512529911,1602.5293076594678,0.9969886036174896,1602.5237521439933,0.9900991626419828,1602.4293083748623,0.9964461860841202
1602.5306965384532,1.0038775024732471,1602.5306965384532,0.9969721803748205,1602.5251410229791,0.9883368330287156,1602.4306972538477,0.9881327502033012
1602.532085417438,1.00422527770222,1602.532085417438,0.9968815054720266,1602.526529901964,0.997748700713454,1602.4320861328326,1.0050698577618142
1602.5334742959585,1.0059693798255678,1602.5334742959585,0.9968463925619934,1602.5279187804829,0.999161785691422,1602.4334750118178,0.9971581313651856
1602.534863174944,1.0017436624977407,1602.534863174944,0.9968156406636198,1602.5293076594678,1.0006951592478064,1602.434863890803,1.0058764708336896
1602.5362520539286,1.0177585243307776,1602.5362520539286,0.9968505561813691,1602.5306965384532,1.0008379424699825,1602.436252769788,0.9958278891991322
1602.537640932913,1.0030956597388545,1602.537640932913,0.9969593539909358,1602.532085417438,1.0010936066688532,1602.4376416487733,0.9925817286134724
1602.5390298114328,0.9984961013805678,1602.5390298114328,0.9968793084888169,1602.5334742959585,1.002796947306943,1602.4390305277582,0.998208039979846
1602.5404186904177,0.9970237017362176,1602.5404186904177,0.9968314025172434,1602.534863174944,0.9985537507134064,1602.4404194072092,0.9959107999706958
1602.5418075694035,0.9976168439983427,1602.5418075694035,0.9967775040983946,1602.5362520539286,1.0145531510374652,1602.441808286195,0.9984721991348192
1602.5431964479235,1.0131817559074607,1602.5431964479235,0.9967806152557462,1602.537640932913,1.00004560092436,1602.443197165181,1.0009310471888695
1602.5445853269086,0.9981334343597139,1602.5445853269086,0.996651820598245,1602.5390298114328,0.99538010307304,1602.4445860441654,1.0008349522454345
1602.545974205894,0.9951975030411839,1602.545974205894,0.9966603190626071,1602.5404186904177,0.9938645349446475,1602.4459749231498,0.9993264519205192
1602.5473630848785,1.0058831449777266,1602.5473630848785,0.9965326278175644,1602.5418075694035,0.9944020278071856,1602.4473638021348,0.999057195791884
1602.5487519633978,0.9907615767552718,1602.5487519633978,0.996512016977726,1602.5431964479235,1.009919934019336,1602.4487526811206,0.9992894818715596
1602.5501408423836,1.000666549348216,1602.5501408423836,0.9965206772589109,1602.5445853269086,0.9947915045545878,1602.4501415601064,0.9892899671034524
1602.551529721369,0.9885897250976264,1602.551529721369,0.9964070097727823,1602.545974205894,0.9918738609113362,1602.4515304390916,0.999808081951725
1602.5529185998882,1.0097053519521078,1602.5529185998882,0.9963448235808815,1602.5473630848785,1.00239537374205,1602.4529193180767,0.9918577544745651
1602.5543074788736,1.0045816181008917,1602.5543074788736,0.9963262326537932,1602.5487519633978,0.987305817196428,1602.4543081970612,0.993125813561946
1602.5556963578586,0.9967521449727246,1602.5556963578586,0.9963110575004059,1602.5501408423836,0.9971849074668218,1602.4556970760457,1.0011685661615044
1602.5570852363785,0.9960670281005467,1602.5570852363785,0.9963243647717072,1602.551529721369,0.9850377318766228,1602.4570859550315,0.9993036854381636
1602.5584741153632,0.9981897865232441,1602.5584741153632,0.9962211674288216,1602.5529185998882,1.0060147007593947,1602.4584748340174,0.9961871918624572
1602.5598629943486,1.0012273923001063,1602.5598629943486,0.9961526602978429,1602.5543074788736,1.000891018955713,1602.4598637130025,0.9981171099697213
1602.5612518728678,0.9899135397696203,1602.5612518728678,0.9960937891729127,1602.5556963578586,0.9930751836235732,1602.4612525919877,1.0049259871852567
1602.5626407518528,0.9974992967833604,1602.5626407518528,0.996130547411501,1602.5570852363785,0.9924058490423194,1602.4626414709726,0.989526058923462
1602.564029630373,1.0058121810414025,1602.564029630373,0.9961148334886928,1602.5584741153632,0.9944177944457124,1602.4640303499584,0.9992723560400564
1602.5654185093588,1.00294374725064,1602.5654185093588,0.9960559438827432,1602.5598629943486,0.9973753304028228,1602.4654192289438,0.998788007622898
1602.5668073883432,0.9989655260477863,1602.5668073883432,0.9959997587220142,1602.5612518728678,0.9860467287826918,1602.4668081079285,1.00106146175496
1602.568196266862,0.9974155044538705,1602.568196266862,0.9959360335441779,1602.5626407518528,0.993639520547396,1602.4681969869132,0.9862448991186584
1602.5695851458474,0.9996781500598786,1602.5695851458474,0.9959077769410264,1602.564029630373,1.0019044332389555,1602.4695858658984,0.9993732081589092
1602.5709740248324,0.9894356339535483,1602.5709740248324,0.995843962343265,1602.5654185093588,0.9989880808290316,1602.4709747448835,0.9941747707415228
1602.5723629033523,1.0072038472484104,1602.5723629033523,0.9957559232160034,1602.5668073883432,0.9949694229152052,1602.4723636238691,1.0057198918028023
1602.5737517823384,1.0151413755555307,1602.5737517823384,0.9956847618402751,1602.568196266862,0.9933620413012532,1602.4737525028552,1.014673915333423
1602.575140660858,1.0082322030423705,1602.575140660858,0.9956085334221871,1602.5695851458474,0.9955872440826514,1602.4751413818396,0.9951081285584522
1602.576529539843,0.9964981540353799,1602.576529539843,0.9956099493850513,1602.5709740248324,0.9853235021999218,1602.476530260824,1.0008885724083554
1602.5779184188275,1.0024224673857802,1602.5779184188275,0.9955603037530657,1602.5723629033523,1.0029291967835514,1602.477919139809,1.0003369439388623
1602.5793072973472,0.9877980092801149,1602.5793072973472,0.995597996273855,1602.5737517823384,1.010760798754218,1602.4793080187949,0.9911263727339364
1602.5806961763328,1.0053330163370848,1602.5806961763328,0.9956524100985654,1602.575140660858,1.0038045850200352,1602.4806968977807,0.9866761710500866
1602.5820850548523,1.0010163253247348,1602.5820850548523,0.995659761968006,1602.576529539843,0.9921234767014616,1602.482085776766,0.9919605094635848
1602.5834739338372,1.0040050901328104,1602.5834739338372,0.9955797105618027,1602.5779184188275,0.997972016119485,1602.483474655751,0.995266066782316
1602.584862812357,1.0037427718834162,1602.584862812357,0.9956392818872664,1602.5793072973472,0.9834497187625852,1602.4848635342698,0.9976679646506528
1602.586251691342,0.9900712384190689,1602.586251691342,0.9955843748689829,1602.5806961763328,1.000962240667679,1602.4862524132543,1.0100829012572128
1602.5876405698616,0.9981058887629504,1602.5876405698616,0.9954715021024185,1602.5820850548523,0.9966716761989136,1602.48764129224,0.9922556582184217
1602.5890294488463,1.015325353174227,1602.5890294488463,0.9955285062343902,1602.5834739338372,0.999567097037,1602.489030171226,1.0050635375144736
1602.590418327832,1.0000367081633992,1602.590418327832,0.9954983722361463,1602.584862812357,0.9993657325975388,1602.490419050211,1.0014515501392018
1602.5918072063512,0.9974701554577694,1602.5918072063512,0.9954516217291176,1602.586251691342,0.9856994549772083,1602.4918079291965,0.9956055931878336
1602.5931960853366,1.0030665403211882,1602.5931960853366,0.9953867770584641,1602.5876405698616,0.9935859683441236,1602.4931968081812,0.9968984575470344
1602.5945849638567,1.003610518793585,1602.5945849638567,0.995400962910174,1602.5890294488463,1.010785332187443,1602.494585687167,0.9873618839067066
1602.5959738428426,0.9834159943407161,1602.5959738428426,0.9953844471363813,1602.590418327832,0.995534915153058,1602.4959745661524,0.9915020536726278
1602.5973627213614,0.9975209328280685,1602.5973627213614,0.9953852120004499,1602.5918072063512,0.9929332838768316,1602.4973634446712,0.9869123308297452
1602.5987516003456,0.9940223625251406,1602.5987516003456,0.9952968487889893,1602.5931960853366,0.9984391707454916,1602.4987523236562,0.9928178883931308
1602.6001404788651,1.0143069590181757,1602.6001404788651,0.9952684932048638,1602.5945849638567,0.998994876793914,1602.5001412026415,0.9948766579945624
1602.60152935785,1.0027239328920985,1602.60152935785,0.9952994881866559,1602.5959738428426,0.9788769858319084,1602.5015300816265,1.0061300282834469
1602.6029182363702,1.0033333787841239,1602.6029182363702,0.9952602968306025,1602.5973627213614,0.9929175851979536,1602.5029189606123,0.9924855657103884
1602.604307115356,0.9972664155227153,1602.604307115356,0.9952649235928905,1602.5987516003456,0.9893473250470588,1602.504307839598,1.0095223021140751
1602.6056959938758,0.9973600514907192,1602.6056959938758,0.9952605426940133,1602.6001404788651,1.0095077587492272,1602.5056967185826,0.9887000093920236
1602.6070848728607,1.0056745194380012,1602.6070848728607,0.9953806025060441,1602.60152935785,0.9980106172000164,1602.5070855971014,1.0041284127466747
1602.6084737513795,0.9969957473255724,1602.6084737513795,0.9953717317559205,1602.6029182363702,0.9985778763887384,1602.5084744760863,1.0154747518351483
1602.6098626298992,1.0108594665244541,1602.6098626298992,0.9953426137382217,1602.604307115356,0.992544282846971,1602.5098633550722,0.9855110028710232
1602.611251508885,1.0164756821184022,1602.611251508885,0.9953234551350193,1602.6056959938758,0.9926331061079822,1602.511252234058,0.9991021850794048
1602.6126403874043,1.0056830683788378,1602.6126403874043,0.9952517214020877,1602.6070848728607,1.001028909083174,1602.5126411130434,1.013128241080602
1602.6140292663897,0.9958514655850786,1602.6140292663897,0.9952935074655948,1602.6084737513795,0.9923813835687432,1602.5140299920283,0.9885748277188924
1602.615418144909,0.9930093577574741,1602.615418144909,0.9952048590567987,1602.6098626298992,1.0061515035324746,1602.515418870548,1.0018209787902013
1602.616807023894,1.0058840031006973,1602.616807023894,0.995123242737553,1602.611251508885,1.0117220879868136,1602.5168077495323,0.9885434303611362
1602.6181959024136,1.0050474362893507,1602.6181959024136,0.9950837350949465,1602.6126403874043,1.000907804988972,1602.5181966285174,0.994022201329916
1602.6195847813983,0.9990478649027368,1602.6195847813983,0.995052536545145,1602.6140292663897,0.991164498096926,1602.5195855075033,0.9990321186814688
1602.6209736599185,1.011140443934058,1602.6209736599185,0.9951631459918601,1602.615418144909,0.9882477379291092,1602.520974386489,1.0005904334289706
1602.6223625384375,0.9973953451906808,1602.6223625384375,0.9952144225962898,1602.616807023894,1.0009785509833966,1602.522363265008,0.9915906050950436
1602.623751417423,1.0048142743266473,1602.623751417423,0.995210550348717,1602.6181959024136,1.0001063568504074,1602.5237521439933,0.9900991626419828
1602.625140295943,1.017631155527586,1602.625140295943,0.9951976486219153,1602.6195847813983,0.9941051121014796,1602.5251410229791,0.9883368330287156
1602.626529174929,1.0203067916754869,1602.626529174929,0.9951673503986181,1602.6209736599185,1.0062497052250232,1602.526529901964,0.997748700713454
1602.6279180534475,0.99897853641996,1602.6279180534475,0.9951664237680112,1602.6223625384375,0.9926222325641706,1602.5279187804829,0.999161785691422
1602.6293069319663,0.9978236218540547,1602.6293069319663,0.9951467392058725,1602.623751417423,1.0000017669508694,1602.5293076594678,1.0006951592478064
1602.6306958109517,0.994834196246207,1602.6306958109517,0.9950797763516018,1602.625140295943,1.0127441331454563,1602.5306965384532,1.0008379424699825
1602.6320846894712,1.0204265573530737,1602.6320846894712,0.9950663999726705,1602.626529174929,1.0153760064654092,1602.532085417438,1.0010936066688532
1602.633473568457,1.004870819245514,1602.633473568457,0.995066832607509,1602.6279180534475,0.9941498975100536,1602.5334742959585,1.002796947306943
1602.6348624469772,0.9966667673020021,1602.6348624469772,0.9951127175230805,1602.6293069319663,0.9929809235906562,1602.534863174944,0.9985537507134064
1602.6362513254965,1.0011917088850635,1602.6362513254965,0.9951582397349015,1602.6306958109517,0.9899393895076012,1602.5362520539286,1.0145531510374652
1602.6376402044814,1.0062120290646168,1602.6376402044814,0.9951450422174967,1602.6320846894712,1.015392180861829,1602.537640932913,1.00004560092436
1602.6390290830002,1.00760903688039,1602.6390290830002,0.9950826791990015,1602.633473568457,0.9999136232863464,1602.5390298114328,0.99538010307304
1602.64041796152,1.0048967972292964,1602.64041796152,0.9950945352458366,1602.6348624469772,0.991795775274839,1602.5404186904177,0.9938645349446475
1602.6418068405058,1.0094929148223586,1602.6418068405058,0.9950572841279857,1602.6362513254965,0.9963441786512376,1602.5418075694035,0.9944020278071856
1602.643195719025,1.0159056739554586,1602.643195719025,0.995050736762116,1602.6376402044814,1.001326912143261,1602.5431964479235,1.009919934019336
1602.6445845975447,0.9942004591795427,1602.6445845975447,0.9950433640412362,1602.6390290830002,1.002654300004064,1602.5445853269086,0.9947915045545878
1602.6459734765297,1.002965486286411,1602.6459734765297,0.9949681712874398,1602.64041796152,0.9999673114089164,1602.545974205894,0.9918738609113362
1602.6473623550494,0.9898567017693904,1602.6473623550494,0.994909272032713,1602.6418068405058,1.0045032781695802,1602.5473630848785,1.00239537374205
1602.6487512335686,1.0023179636658084,1602.6487512335686,0.9949008503305411,1602.643195719025,1.010877689350193,1602.5487519633978,0.987305817196428
1602.650140112554,0.9982121610324829,1602.650140112554,0.9949598247425787,1602.6445845975447,0.9892725694333538,1602.5501408423836,0.9971849074668218
1602.6515289910733,1.0192532250212571,1602.6515289910733,0.9949706502210943,1602.6459734765297,0.9979187357548082,1602.551529721369,0.9850377318766228
1602.6529178695928,0.9913995196305714,1602.6529178695928,0.9949753946129403,1602.6473623550494,0.9848176105740865,1602.5529185998882,1.0060147007593947
1602.654306748578,0.9889379695407422,1602.654306748578,0.9949413621062172,1602.6487512335686,0.9972069943526892,1602.5543074788736,1.000891018955713
1602.655695627098,0.9881686234192255,1602.655695627098,0.9948821733171117,1602.650140112554,0.99318099679679,1602.5556963578586,0.9930751836235732
1602.6570845056185,1.0019776305185917,1602.6570845056185,0.9947532847320616,1602.6515289910733,1.0141270440393475,1602.5570852363785,0.9924058490423194
1602.6584733846028,0.9956788961478245,1602.6584733846028,0.9947547973429632,1602.6529178695928,0.9864181282635072,1602.5584741153632,0.9944177944457124
1602.6598622631216,0.9984054895039608,1602.6598622631216,0.9947378941608436,1602.654306748578,0.9839352904534228,1602.5598629943486,0.9973753304028228
1602.6612511416408,0.9844627340640935,1602.6612511416408,0.9947184739367301,1602.655695627098,0.9831113476710976,1602.5612518728678,0.9860467287826918
1602.6626400201606,1.0095036762099756,1602.6626400201606,0.9947539026573855,1602.6570845056185,0.996720539186417,1602.5626407518528,0.993639520547396
1602.6640288991464,0.9887869082795678,1602.6640288991464,0.9946363069267944,1602.6584733846028,0.9904563585561944,1602.564029630373,1.0019044332389555
1602.6654177776666,1.005308577960616,1602.6654177776666,0.9945870918916763,1602.6598622631216,0.9931517741477962,1602.5654185093588,0.9989880808290316
1602.6668066561858,1.000273416499573,1602.6668066561858,0.9945620496608755,1602.6612511416408,0.979263268475816,1602.5668073883432,0.9949694229152052
1602.6681955347055,0.9949719780386809,1602.6681955347055,0.9945848911385977,1602.6626400201606,1.0042077216568508,1602.568196266862,0.9933620413012532
1602.66958441369,0.9961681635784851,1602.66958441369,0.9945895919143707,1602.6640288991464,0.9834833587887524,1602.5695851458474,0.9955872440826514
1602.6709732922093,1.005747082341879,1602.6709732922093,0.9945878016379949,1602.6654177776666,0.9998669350076054,1602.5709740248324,0.9853235021999218
1602.6723621707297,0.9901656267276662,1602.6723621707297,0.9946580301380737,1602.6668066561858,0.994833979335102,1602.5723629033523,1.0029291967835514
1602.6737510492487,0.9967688975179362,1602.6737510492487,0.9946009273507925,1602.6681955347055,0.9895840964635566,1602.5737517823384,1.010760798754218
1602.675139928234,0.9956183477479771,1602.675139928234,0.9946016433859879,1602.66958441369,0.9907784872916136,1602.575140660858,1.0038045850200352
1602.6765288067534,0.9963305312410896,1602.6765288067534,0.9945684297074914,1602.6709732922093,1.000303779630237,1602.576529539843,0.9921234767014616
1602.677917685273,1.0063218274863392,1602.677917685273,0.9946575371955801,1602.6723621707297,0.9848761917913716,1602.5779184188275,0.997972016119485
1602.6793065637924,1.0064406415051992,1602.6793065637924,0.9946578773727837,1602.6737510492487,0.9913872698257664,1602.5793072973472,0.9834497187625852
1602.680695442312,1.0003897034189304,1602.680695442312,0.9946629431862564,1602.675139928234,0.99024364485538,1602.5806961763328,1.000962240667679
1602.682084321297,0.9878674867901651,1602.682084321297,0.9946159002874446,1602.6765288067534,0.9909188919260812,1602.5820850548523,0.9966716761989136
1602.6834731998167,0.9988079868477029,1602.6834731998167,0.9946143710881978,1602.677917685273,1.0009455905537177,1602.5834739338372,0.999567097037
1602.684862078336,0.9922951331533446,1602.684862078336,0.9946937479843305,1602.6793065637924,1.0010641121812642,1602.584862812357,0.9993657325975388
1602.6862509568562,1.0032864063331082,1602.6862509568562,0.994668878355306,1602.680695442312,0.9950505667358994,1602.586251691342,0.9856994549772083
1602.6876398353763,1.0044333281460043,1602.6876398353763,0.9947369750585805,1602.682084321297,0.9825487097384954,1602.5876405698616,0.9935859683441236
1602.6890287143608,0.9959093655486482,1602.6890287143608,0.9947203722127012,1602.6834731998167,0.993428777676397,1602.5890294488463,1.010785332187443
1602.6904175928796,0.9967826786404606,1602.6904175928796,0.9946274020038217,1602.684862078336,0.9870297651029106,1602.590418327832,0.995534915153058
1602.6918064713989,0.9940183387914098,1602.6918064713989,0.9945761020988056,1602.6862509568562,0.9979377644564784,1602.5918072063512,0.9929332838768316
1602.6931953499186,0.9962871433966259,1602.6931953499186,0.9945721792128867,1602.6876398353763,0.9991469704879788,1602.5931960853366,0.9984391707454916
1602.6945842284388,0.9992827388966402,1602.6945842284388,0.9945473031987132,1602.6890287143608,0.9906513347886664,1602.5945849638567,0.998994876793914
1602.695973106959,0.9942229173898689,1602.695973106959,0.9945391245097526,1602.6904175928796,0.9914273660185716,1602.5959738428426,0.9788769858319084
1602.697361985944,0.9937392323610875,1602.697361985944,0.9946543150301486,1602.6918064713989,0.9886268848098904,1602.5973627213614,0.9929175851979536
1602.6987508644636,0.9847213848868733,1602.6987508644636,0.9945431197791134,1602.6931953499186,0.990879475329764,1602.5987516003456,0.9893473250470588
1602.7001397429824,0.9947562065814661,1602.7001397429824,0.9944557567083504,1602.6945842284388,0.9938339531026774,1602.6001404788651,1.0095077587492272
1602.7015286215012,0.995097265704582,1602.7015286215012,0.9943923296273823,1602.695973106959,0.9887935898284522,1602.60152935785,0.9980106172000164
1602.7029175000214,0.9962476869280048,1602.7029175000214,0.9943754750787986,1602.697361985944,0.9884270154827032,1602.6029182363702,0.9985778763887384
1602.7043063785416,1.0027004213245603,1602.7043063785416,0.9943398618463519,1602.6987508644636,0.9793478782386,1602.604307115356,0.992544282846971
1602.7056952570608,1.0028627591544412,1602.7056952570608,0.9944076804969779,1602.7001397429824,0.9892410361563,1602.6056959938758,0.9926331061079822
1602.7070841355803,1.0168359000181313,1602.7070841355803,0.9943404089110556,1602.7015286215012,0.9895170882498175,1602.6070848728607,1.001028909083174
1602.7084730145657,0.9982910499328069,1602.7084730145657,0.9943218187012959,1602.7029175000214,0.990644266985189,1602.6084737513795,0.9923813835687432
1602.7098618930847,1.0092047375666453,1602.7098618930847,0.9943179239196338,1602.7043063785416,0.9970249984131422,1602.6098626298992,1.0061515035324746
1602.7112507716045,0.9955027340362682,1602.7112507716045,0.9943338351406056,1602.7056952570608,0.9972544301875672,1602.611251508885,1.0117220879868136
1602.7126396501235,0.9888571233961706,1602.7126396501235,0.9943721505899765,1602.7070841355803,1.01108102461947,1602.6126403874043,1.000907804988972
1602.7140285286434,1.0054242728014344,1602.7140285286434,0.9943279950598173,1602.7084730145657,0.9926225723624148,1602.6140292663897,0.991164498096926
1602.7154174071627,1.0018719436386874,1602.7154174071627,0.9942607505124692,1602.7098618930847,1.0034703594671257,1602.615418144909,0.9882477379291092
1602.7168062856824,0.99605988387531,1602.7168062856824,0.9943109927776872,1602.7112507716045,0.9898620514272408,1602.616807023894,1.0009785509833966
1602.7181951642026,1.004683063240161,1602.7181951642026,0.9943528030988188,1602.7126396501235,0.983291984417668,1602.6181959024136,1.0001063568504074
1602.719584042722,0.9964565328855007,1602.719584042722,0.9943540733011716,1602.7140285286434,0.999721501359125,1602.6195847813983,0.9941051121014796
1602.720972921241,1.003319488520763,1602.720972921241,0.9942608305882193,1602.7154174071627,0.9961219505995876,1602.6209736599185,1.0062497052250232
1602.7223617997604,0.9999105676037604,1602.7223617997604,0.9943404913975161,1602.7168062856824,0.9903932920020873,1602.6223625384375,0.9926222325641706
1602.7237506782797,0.9982315836153627,1602.7237506782797,0.9943398636817098,1602.7181951642026,0.999009420158762,1602.623751417423,1.0000017669508694
1602.7251395567998,1.000739087064344,1602.7251395567998,0.9944136742259232,1602.719584042722,0.9908306123422606,1602.625140295943,1.0127441331454563
1602.72652843532,1.005517087167317,1602.72652843532,0.9943382695220947,1602.720972921241,0.9975612680020012,1602.626529174929,1.0153760064654092
1602.7279173138395,1.0038306967233277,1602.7279173138395,0.9943132942650804,1602.7223617997604,0.9942515651446924,1602.6279180534475,0.9941498975100536
1602.7293061928249,1.0066997165722984,1602.7293061928249,0.994335204003545,1602.7237506782797,0.992581456774877,1602.6293069319663,0.9929809235906562
1602.7306950713437,0.9961278106507961,1602.7306950713437,0.9944275988898303,1602.7251395567998,0.9951486325091504,1602.6306958109517,0.9899393895076012
1602.7320839498625,1.0091092308596377,1602.7320839498625,0.9944430099511857,1602.72652843532,0.9998241204288472,1602.6320846894712,1.015392180861829
1602.7334728283824,0.9964794531061697,1602.7334728283824,0.9944045848969633,1602.7279173138395,0.9981222069433828,1602.633473568457,0.9999136232863464
1602.7348617069026,0.9967929041330946,1602.7348617069026,0.9943958237753426,1602.7293061928249,1.0009969680482274,1602.6348624469772,0.991795775274839
1602.736250585422,1.0013179998169857,1602.736250585422,0.9943998361239448,1602.7306950713437,0.9905769869328548,1602.6362513254965,0.9963441786512376
1602.7376394639416,0.9978790227235427,1602.7376394639416,0.9944269983637193,1602.7320839498625,1.003501620905584,1602.6376402044814,1.001326912143261
1602.7390283424609,1.0037991807846873,1602.7390283424609,0.9944186465449552,1602.7334728283824,0.9909037369243936,1602.6390290830002,1.002654300004064
1602.7404172209806,0.9978500984916701,1602.7404172209806,0.9945246786086659,1602.7348617069026,0.9912067010388448,1602.64041796152,0.9999673114089164
1602.7418060995,0.9991537015580619,1602.7418060995,0.994549233622713,1602.736250585422,0.9957104549259668,1602.6418068405058,1.0045032781695802
1602.743194977554,0.9947153248853454,1602.743194977554,0.9945509426942264,1602.7376394639416,0.9923178412970942,1602.643195719025,1.010877689350193
1602.7445838560732,0.995071340676177,1602.7445838560732,0.9945000558820727,1602.7390283424609,0.9981966227588436,1602.6445845975447,0.9892725694333538
1602.745972734593,1.0093517017702915,1602.745972734593,0.9944465757976467,1602.7404172209806,0.9923865485020538,1602.6459734765297,0.9979187357548082
1602.7473616131122,1.0022468441017347,1602.7473616131122,0.994446755762426,1602.7418060995,0.9937075481558674,1602.6473623550494,0.9848176105740865
1602.7487504916323,0.9968408273078703,1602.7487504916323,0.9944541666589451,1602.743194977554,0.989295064077114,1602.6487512335686,0.9972069943526892
1602.7501393701516,0.9909605659364346,1602.7501393701516,0.9944677398425896,1602.7445838560732,0.989598503909107,1602.650140112554,0.99318099679679
1602.7515282486704,0.997070853164403,1602.7515282486704,0.9945008577900362,1602.745972734593,1.003746343600994,1602.6515289910733,1.0141270440393475
1602.75291712719,1.010393688076652,1602.75291712719,0.9945364171566223,1602.7473616131122,0.9966811225901,1602.6529178695928,0.9864181282635072
1602.7543060057094,0.9947766253508459,1602.7543060057094,0.994607980299015,1602.7487504916323,0.9913125142120616,1602.654306748578,0.9839352904534228
1602.7556948842296,0.9989691633053817,1602.7556948842296,0.9947310505538876,1602.7501393701516,0.9854783142799396,1602.655695627098,0.9831113476710976
1602.7570837627495,0.9883783292708836,1602.7570837627495,0.9948426405911449,1602.7515282486704,0.991587818749442,1602.6570845056185,0.996720539186417
1602.7584726412697,1.0129485027700444,1602.7584726412697,0.994801981879624,1602.75291712719,1.0048733184574192,1602.6584733846028,0.9904563585561944
1602.7598615197887,1.0092443721323878,1602.7598615197887,0.9947730629486623,1602.7543060057094,0.9894127701888747,1602.6598622631216,0.9931517741477962
1602.7612503983075,1.0016770402226696,1602.7612503983075,0.9948791974090602,1602.7556948842296,0.9937056452857004,1602.6612511416408,0.979263268475816
1602.7626392768263,1.0026349803581642,1602.7626392768263,0.994951822229894,1602.7570837627495,0.98328090699491,1602.6626400201606,1.0042077216568508
1602.7640281553463,0.9972871763752945,1602.7640281553463,0.9949384404089731,1602.7584726412697,1.007683178097638,1602.6640288991464,0.9834833587887524
1602.765417033401,0.9991523757481088,1602.765417033401,0.9948886673325271,1602.7598615197887,1.003969115329835,1602.6654177776666,0.9998669350076054
1602.7668059119203,1.0034677787736381,1602.7668059119203,0.9949019466233493,1602.7612503983075,0.9965476498398124,1602.6668066561858,0.994833979335102
1602.76819479044,0.9920777665095432,1602.76819479044,0.9948977133185821,1602.7626392768263,0.9975735007387894,1602.6681955347055,0.9895840964635566
1602.7695836689593,0.998444526627609,1602.7695836689593,0.9948060690264576,1602.7640281553463,0.992239347902704,1602.66958441369,0.9907784872916136
1602.770972547479,0.9955247589088789,1602.770972547479,0.994890998164022,1602.765417033401,0.9940453755701644,1602.6709732922093,1.000303779630237
1602.7723614259985,0.9984162256636475,1602.7723614259985,0.9949362327009894,1602.7668059119203,0.998352046475701,1602.6723621707297,0.9848761917913716
1602.773750304518,0.9955227672187031,1602.773750304518,0.9950147738647732,1602.76819479044,0.9870159013345507,1602.6737510492487,0.9913872698257664
1602.7751391830373,1.0067052555810878,1602.7751391830373,0.9950657618461721,1602.7695836689593,0.993258674675394,1602.675139928234,0.99024364485538
1602.7765280610913,0.9957608255754009,1602.7765280610913,0.9951229161362994,1602.770972547479,0.990438621087852,1602.6765288067534,0.9909188919260812
1602.7779169396106,1.0031204624014614,1602.7779169396106,0.9951689812081363,1602.7723614259985,0.9933604782293304,1602.677917685273,1.0009455905537177
1602.7793058181308,0.9955083196450314,1602.7793058181308,0.9952918346515369,1602.773750304518,0.9905598611013512,1602.6793065637924,1.0010641121812642
1602.7806946966505,1.0005472584233648,1602.7806946966505,0.9953529005397832,1602.7751391830373,1.0017379320993405,1602.680695442312,0.9950505667358994
1602.782083575169,0.9989093944936729,1602.782083575169,0.9954638323073126,1602.7765280610913,0.990904416520882,1602.682084321297,0.9825487097384954
1602.7834724536883,1.0060023066152075,1602.7834724536883,0.9954281619087536,1602.7779169396106,0.9982743685970968,1602.6834731998167,0.993428777676397
1602.784861331742,1.0039325063343483,1602.784861331742,0.9955074357284661,1602.7793058181308,0.990821301870372,1602.684862078336,0.9870297651029106
1602.7862502102623,0.9842800632472928,1602.7862502102623,0.9955419556843966,1602.7806946966505,0.9958976157988242,1602.6862509568562,0.9979377644564784
1602.7876390887825,1.0039400011918096,1602.7876390887825,0.9956057401938835,1602.782083575169,0.9943781739704488,1602.6876398353763,0.9991469704879788
1602.7890279673022,0.993703779688757,1602.7890279673022,0.9955874920220371,1602.7834724536883,1.0014030269499423,1602.6890287143608,0.9906513347886664
1602.790416845821,0.9898497586089402,1602.790416845821,0.9957036037588848,1602.784861331742,0.9994222750253592,1602.6904175928796,0.9914273660185716
1602.7918057238742,0.9955382636334624,1602.7918057238742,0.9956609024750526,1602.7862502102623,0.9798920991063714,1602.6918064713989,0.9886268848098904
1602.7931946023934,1.0011014973211725,1602.7931946023934,0.9956193138827966,1602.7876390887825,0.99952842799682,1602.6931953499186,0.990879475329764
1602.7945834809136,1.004058870050808,1602.7945834809136,0.9957149550085937,1602.7890279673022,0.9893190538331484,1602.6945842284388,0.9938339531026774
1602.7959723594338,0.9980442124903914,1602.7959723594338,0.9957281053293698,1602.790416845821,0.985596971826784,1602.695973106959,0.9887935898284522
1602.7973612379535,1.016325592092807,1602.7973612379535,0.9957484806839397,1602.7918057238742,0.99121852601774,1602.697361985944,0.9884270154827032
1602.798750116007,1.001887977781817,1602.798750116007,0.9957881426408962,1602.7931946023934,0.996715985889946,1602.6987508644636,0.9793478782386
1602.8001389945268,0.9957553996781948,1602.8001389945268,0.995812265223157,1602.7945834809136,0.9997564326186198,1602.7001397429824,0.9892410361563
1602.801527873046,0.9970209117291241,1602.801527873046,0.9959219022625447,1602.7959723594338,0.9937806727380004,1602.7015286215012,0.9895170882498175
1602.8029167515654,1.0024162757789288,1602.8029167515654,0.9959381097823511,1602.7973612379535,1.012004664206618,1602.7029175000214,0.990644266985189
1602.8043056296194,1.0099828756736386,1602.8043056296194,0.9959532261805862,1602.798750116007,0.9976681685295992,1602.7043063785416,0.9970249984131422
1602.805694508139,1.0105828089946856,1602.805694508139,0.9959575930498743,1602.8001389945268,0.9915854401617332,1602.7056952570608,0.9972544301875672
1602.8070833866584,0.9891569251678258,1602.8070833866584,0.9959962837730889,1602.801527873046,0.992954963004806,1602.7070841355803,1.01108102461947
1602.8084722651777,0.9960804149718429,1602.8084722651777,0.9961520737743451,1602.8029167515654,0.9983445709143304,1602.7084730145657,0.9926225723624148
1602.8098611432322,1.0035711142050665,1602.8098611432322,0.9962070187406667,1602.8043056296194,1.0058957034143063,1602.7098618930847,1.0034703594671257
1602.811250021752,0.998525396412978,1602.811250021752,0.9963034718066345,1602.805694508139,1.006497622023928,1602.7112507716045,0.9898620514272408
1602.8126389002707,1.0012367858066218,1602.8126389002707,0.9962532731259126,1602.8070833866584,0.98519662153557,1602.7126396501235,0.983291984417668
1602.81402777879,0.9956437541735431,1602.81402777879,0.996272449830208,1602.8084722651777,0.9922475710202115,1602.7140285286434,0.999721501359125
1602.815416656844,0.9956839852240075,1602.815416656844,0.9963281604571362,1602.8098611432322,0.9997645877764786,1602.7154174071627,0.9961219505995876
1602.8168055353642,0.9988015311661179,1602.8168055353642,0.9964344377343948,1602.811250021752,0.994834319133346,1602.7168062856824,0.9903932920020873
1602.8181944138844,0.9973874049610715,1602.8181944138844,0.9965314744833704,1602.8126389002707,0.9974854250339152,1602.7181951642026,0.999009420158762
1602.819583291938,0.9828072639133517,1602.819583291938,0.9965497301120007,1602.81402777879,0.9919324421286212,1602.719584042722,0.9908306123422606
1602.8209721704568,0.9971327308680296,1602.8209721704568,0.996542272489422,1602.815416656844,0.9920279933948658,1602.720972921241,0.9975612680020012
1602.8223610489756,1.0084700046495347,1602.8223610489756,0.9966548269261072,1602.8168055353642,0.9952402421157632,1602.7223617997604,0.9942515651446924
1602.8237499270292,0.9901590774521376,1602.8237499270292,0.9967621658922238,1602.8181944138844,0.993927941296999,1602.7237506782797,0.992581456774877
1602.8251388055494,0.9874169726176151,1602.8251388055494,0.9968182843436402,1602.819583291938,0.9794163136049644,1602.7251395567998,0.9951486325091504
1602.8279165621236,0.9931900622344094,1602.8279165621236,0.997013741970425,1602.8209721704568,0.9936849175928094,1602.72652843532,0.9998241204288472
1602.8293054406429,0.997192488068643,1602.8293054406429,0.9970880757418572,1602.8223610489756,1.0050964979441526,1602.7279173138395,0.9981222069433828
1602.8306943191626,0.99882162440172,1602.8306943191626,0.9970515854855494,1602.8237499270292,0.9869531066190388,1602.7293061928249,1.0009969680482274
1602.8320831972162,0.997385804088255,1602.8320831972162,0.9970225757555982,1602.8251388055494,0.9842752925764822,1602.7306950713437,0.9905769869328548
1602.833472075736,0.9959732218401066,1602.833472075736,0.9969363762421333,1602.8265276840696,1.0182258263791355,1602.7320839498625,1.003501620905584
1602.8348609542552,1.0120884282548643,1602.8348609542552,0.9970161098661767,1602.8279165621236,0.9902241404361678,1602.7334728283824,0.9909037369243936
1602.8362498323092,1.0082933010993134,1602.8362498323092,0.9970110008490629,1602.8293054406429,0.9942887390725982,1602.7348617069026,0.9912067010388448
1602.8376387108283,0.998236248939383,1602.8376387108283,0.9971289361426543,1602.8306943191626,0.9958766842269868,1602.736250585422,0.9957104549259668
1602.8390275893478,0.9866418526570976,1602.8390275893478,0.9971236490756943,1602.8320831972162,0.9944161634141404,1602.7376394639416,0.9923178412970942
1602.8404164674023,0.989356026646083,1602.8404164674023,0.9970328984553534,1602.833472075736,0.9929219346154782,1602.7390283424609,0.9981966227588436
1602.841805345922,1.0092683731037229,1602.841805345922,0.9969822537789781,1602.8348609542552,1.0090684675792378,1602.7404172209806,0.9923865485020538
1602.8431942239752,1.0130140627143807,1602.8431942239752,0.9971047505498805,1602.8362498323092,1.005279513278432,1602.7418060995,0.9937075481558674
1602.8445831024944,1.0014404840928106,1602.8445831024944,0.9971558966271451,1602.8376387108283,0.9953702489239608,1602.743194977554,0.989295064077114
1602.845971981014,0.9901466402107743,1602.845971981014,0.997242165642229,1602.8390275893478,0.9838039244522486,1602.7445838560732,0.989598503909107
1602.8473608590675,1.0027276502370646,1602.8473608590675,0.9973026097018747,1602.8404164674023,0.986420506851216,1602.745972734593,1.003746343600994
1602.848749737588,0.9971193302867764,1602.848749737588,0.9973544534443962,1602.841805345922,1.006222657284792,1602.7473616131122,0.9966811225901
1602.8501386156424,1.000518743591402,1602.8501386156424,0.9974475288026813,1602.8431942239752,1.0100811343063434,1602.7487504916323,0.9913125142120616
1602.8515274941612,0.9921081536147428,1602.8515274941612,0.9974384658641018,1602.8445831024944,0.9985922838342888,1602.7501393701516,0.9854783142799396
1602.8529163722144,0.9979467089591197,1602.8529163722144,0.9974469087375798,1602.845971981014,0.9874159797871694,1602.7515282486704,0.991587818749442
1602.854305250734,1.0056147832102857,1602.854305250734,0.9974151676409525,1602.8473608590675,1.0000229024016531,1602.75291712719,1.0048733184574192
1602.8556941292543,1.0051174971363244,1602.8556941292543,0.9973769293199355,1602.848749737588,0.9944814046770102,1602.7543060057094,0.9894127701888747
1602.8570830073086,0.9966397154981032,1602.8570830073086,0.9974819443708375,1602.8501386156424,0.9979649483160076,1602.7556948842296,0.9937056452857004
1602.858471885828,1.0007364256395899,1602.858471885828,0.9974406066730934,1602.8515274941612,0.9895668347127556,1602.7570837627495,0.98328090699491
1602.8598607638817,0.9916320777120502,1602.8598607638817,0.9975344347846155,1602.8529163722144,0.9953988599361152,1602.7584726412697,1.007683178097638
1602.8612496424005,1.0062293894486658,1602.8612496424005,0.9975869652414898,1602.854305250734,1.0030154375779072,1602.7598615197887,1.003969115329835
1602.8626385204536,1.010644634111481,1602.8626385204536,0.9976343150484045,1602.8556941292543,1.0024810028995663,1602.7612503983075,0.9965476498398124
1602.8640273989738,1.0018345677134584,1602.8640273989738,0.997705952188673,1602.8570830073086,0.9941301212522462,1602.7626392768263,0.9975735007387894
1602.8654162770283,1.0023697991986047,1602.8654162770283,0.9977640791404288,1602.858471885828,0.9981751475098156,1602.7640281553463,0.992239347902704
1602.866805155548,0.9947908808746083,1602.866805155548,0.997859550469645,1602.8598607638817,0.9891871441547838,1602.765417033401,0.9940453755701644
1602.8681940336016,1.0034304663062084,1602.8681940336016,0.9978968646072728,1602.8612496424005,1.0038013229568916,1602.7668059119203,0.998352046475701
1602.8695829121214,0.9971360798070827,1602.8695829121214,0.997895547611851,1602.8626385204536,1.0082537673091527,1602.76819479044,0.9870159013345507
1602.870971790176,0.9873251464567211,1602.870971790176,0.9979780972340202,1602.8640273989738,0.9995363113160834,1602.7695836689593,0.993258674675394
1602.8723606686951,1.0082345311542664,1602.8723606686951,0.9979794831501116,1602.8654162770283,1.0001285796555723,1602.770972547479,0.990438621087852
1602.8737495467485,0.9953426177779605,1602.8737495467485,0.9980094050054168,1602.866805155548,0.9926615812008388,1602.7723614259985,0.9933604782293304
1602.8751384252676,1.0068958864725477,1602.8751384252676,0.9981128409469864,1602.8681940336016,1.001320116178379,1602.773750304518,0.9905598611013512
1602.8765273033216,1.0103199864681573,1602.8765273033216,0.9982240155316159,1602.8695829121214,0.9950376544026232,1602.7751391830373,1.0017379320993405
1602.8779161818409,1.0119551000655216,1602.8779161818409,0.9983193556569661,1602.870971790176,0.9853288710121788,1602.7765280610913,0.990904416520882
1602.8793050598954,1.0012968707262122,1602.8793050598954,0.998312782445244,1602.8723606686951,1.00619737629543,1602.7779169396106,0.9982743685970968
1602.8806939384156,1.0046372999096593,1602.8806939384156,0.9984055119244106,1602.8737495467485,0.9933612937451164,1602.7793058181308,0.990821301870372
1602.8820828164687,1.0020510604748754,1602.8820828164687,0.998452500434599,1602.8751384252676,1.0049957137849488,1602.7806946966505,0.9958976157988242
1602.8834716949875,0.9948414728627073,1602.8834716949875,0.9985631748384923,1602.8765273033216,1.0085256738640918,1602.782083575169,0.9943781739704488
1602.8848605730416,1.00006532015146,1602.8848605730416,0.9985024601094875,1602.8779161818409,1.010254363451192,1602.7834724536883,1.0014030269499423
1602.8862494515618,1.0073231752088228,1602.8862494515618,0.9984381921512777,1602.8793050598954,0.9996074650684008,1602.784861331742,0.9994222750253592
1602.8876383296165,1.0065571554188408,1602.8876383296165,0.9984993679801057,1602.8806939384156,1.003035417714661,1602.7862502102623,0.9798920991063714
1602.88902720767,1.0009051194565934,1602.88902720767,0.9984436047996923,1602.8820828164687,1.0005003868942808,1602.7876390887825,0.99952842799682
1602.8904160861896,0.9997601307879361,1602.8904160861896,0.9985337303136623,1602.8834716949875,0.9934120596027868,1602.7890279673022,0.9893190538331484
1602.8918049642425,1.0036388231376479,1602.8918049642425,0.9986229915705863,1602.8848605730416,0.998567682441415,1602.790416845821,0.985596971826784
1602.893193842761,1.0040769176195403,1602.893193842761,0.998649082661178,1602.8862494515618,1.0057499299675818,1602.7918057238742,0.99121852601774
1602.8945827208156,0.9894290141620011,1602.8945827208156,0.9987522534917631,1602.8876383296165,1.0050466835215657,1602.7931946023934,0.996715985889946
1602.8959715993358,1.0122081280875788,1602.8959715993358,0.9987343511706814,1602.88902720767,0.9993473155327078,1602.7945834809136,0.9997564326186198
1602.8973604773898,1.0024021486420718,1602.8973604773898,0.9987655092497292,1602.8904160861896,0.9982942128145528,1602.7959723594338,0.9937806727380004
1602.8987493554434,0.9992876000444768,1602.8987493554434,0.9988479897734759,1602.8918049642425,1.0022568040181006,1602.7973612379535,1.012004664206618
1602.9001382339632,1.006756856099574,1602.9001382339632,0.9988505140360591,1602.893193842761,1.0027204927020172,1602.798750116007,0.9976681685295992
1602.9015271120177,1.011813451057689,1602.9015271120177,0.9987786922617926,1602.8945827208156,0.9881944575644322,1602.8001389945268,0.9915854401617332
1602.902915990537,1.0057608201732735,1602.902915990537,0.9988902073815622,1602.8959715993358,1.010927028055238,1602.801527873046,0.992954963004806
1602.90430486859,1.0099890277480776,1602.90430486859,0.9988969095524033,1602.8973604773898,1.0011646924615216,1602.8029167515654,0.9983445709143304
1602.905693746644,0.9963746299456527,1602.905693746644,0.9989513813566308,1602.8987493554434,0.9981364105099868,1602.8043056296194,1.0058957034143063
1602.9070826251634,1.0015285227332484,1602.9070826251634,0.9990427820515239,1602.9001382339632,1.0055996032243864,1602.805694508139,1.006497622023928
1602.9084715032177,0.9942441380396084,1602.9084715032177,0.9990203832778097,1602.9015271120177,1.01057771546029,1602.8070833866584,0.98519662153557
1602.909860381272,1.0004223056992592,1602.909860381272,0.9990301452274821,1602.902915990537,1.0046446342391313,1602.8084722651777,0.9922475710202115
1602.9112492597922,0.9974568295803815,1602.9112492597922,0.9989961139222497,1602.90430486859,1.0088749184993913,1602.8098611432322,0.9997645877764786
1602.912638137845,0.9999619471173655,1602.912638137845,0.999008970168621,1602.905693746644,0.9953298129329116,1602.811250021752,0.994834319133346
1602.914027015898,1.001452749410864,1602.914027015898,0.9990413507202761,1602.9070826251634,1.0005698416553774,1602.8126389002707,0.9974854250339152
1602.9154158944175,1.0039477972270072,1602.9154158944175,0.9990521496911042,1602.9084715032177,0.9932701598560452,1602.81402777879,0.9919324421286212
1602.9168047724722,0.9960010469921735,1602.9168047724722,0.9990888947342877,1602.909860381272,0.9994520413515434,1602.815416656844,0.9920279933948658
1602.9181936505267,0.9905571563759419,1602.9181936505267,0.9991511742352629,1602.9112492597922,0.9964554965560088,1602.8168055353642,0.9952402421157632
1602.919582529046,1.00175199158104,1602.919582529046,0.9992119016668791,1602.912638137845,0.9989709549975284,1602.8181944138844,0.993927941296999
1602.9209714071,0.9933286411472062,1602.9209714071,0.9992161207706295,1602.914027015898,1.0004927074539638,1602.819583291938,0.9794163136049644
1602.9223602851532,1.0049735257509753,1602.9223602851532,0.9993286010552387,1602.9154158944175,1.0029962049972905,1602.8209721704568,0.9936849175928094
1602.923749163672,0.9941172632726981,1602.923749163672,0.9993090809403429,1602.9168047724722,0.995093585193604,1602.8223610489756,1.0050964979441526
1602.9251380417263,0.9948942886080065,1602.9251380417263,0.9992657919757824,1602.9181936505267,0.9897163459401652,1602.8237499270292,0.9869531066190388
1602.926526919781,1.0052273429683523,1602.926526919781,0.999271993341748,1602.919582529046,1.0009625125062744,1602.8251388055494,0.9842752925764822
1602.9279157983003,0.9936069412729049,1602.9279157983003,0.9993371238803546,1602.9209714071,0.992549991457472,1602.8265276840696,1.0182258263791355
1602.929304676354,1.0044708581734643,1602.929304676354,0.9993389250871596,1602.9223602851532,1.004298787586273,1602.8279165621236,0.9902241404361678
1602.930693554408,1.0110039469416734,1602.930693554408,0.9992856647551274,1602.923749163672,0.9934304087079688,1602.8293054406429,0.9942887390725982
1602.9320824324616,0.9992898415176685,1602.9320824324616,0.9992752194655887,1602.9251380417263,0.9941638292380622,1602.8306943191626,0.9958766842269868
1602.9334713109813,1.0054896568030458,1602.9334713109813,0.9993386332224462,1602.926526919781,1.0044955307696144,1602.8320831972162,0.9944161634141404
1602.934860189035,1.0019699552811263,1602.934860189035,0.9994259793463268,1602.9279157983003,0.9929483029592212,1602.833472075736,0.9929219346154782
1602.936249067089,1.0005556460105647,1602.936249067089,0.9994185126257783,1602.929304676354,1.0038068276884464,1602.8348609542552,1.0090684675792378
1602.9376379456082,0.9931740968798152,1602.9376379456082,0.9994734926062924,1602.930693554408,1.0102817511896676,1602.8362498323092,1.005279513278432
1602.9390268236623,1.0018730753961584,1602.9390268236623,0.9995306946787369,1602.9320824324616,0.9985655756923016,1602.8376387108283,0.9953702489239608
1602.9404157017168,0.9975249060163169,1602.9404157017168,0.9996028157525875,1602.9334713109813,1.0048246593488623,1602.8390275893478,0.9838039244522486
1602.941804579771,1.002359160389169,1602.941804579771,0.9995997692615635,1602.934860189035,1.001394803832435,1602.8404164674023,0.986420506851216
1602.9431934578245,1.0143472480649383,1602.9431934578245,0.999686901893844,1602.936249067089,0.9999738355352032,1602.841805345922,1.006222657284792
1602.9445823363433,0.9955882321361206,1602.9445823363433,0.9997350430560029,1602.9376379456082,0.992651183374569,1602.8431942239752,1.0100811343063434
1602.9459712143969,0.9907466243611704,1602.9459712143969,0.9997474938536057,1602.9390268236623,1.0014028910306447,1602.8445831024944,0.9985922838342888
1602.9473600924514,1.0077114034580041,1602.9473600924514,0.9997961081676854,1602.9404157017168,0.9971287048372456,1602.845971981014,0.9874159797871694
1602.948748970506,1.0034541959449899,1602.948748970506,0.9997522485125064,1602.941804579771,1.0019579854422278,1602.8473608590675,1.0000229024016531
1602.9501378490252,0.999864002482189,1602.9501378490252,0.9998205723859153,1602.9431934578245,1.0140296578625847,1602.848749737588,0.9944814046770102
1602.9515267270792,0.9999549402466138,1602.9515267270792,0.9998722326092633,1602.9445823363433,0.9953244441206544,1602.8501386156424,0.9979649483160076
1602.9529156051324,1.0093757486107375,1602.9529156051324,0.9998531216413127,1602.9459712143969,0.9904964547489998,1602.8515274941612,0.9895668347127556
1602.9543044831855,0.9988502273251434,1602.9543044831855,0.9998684461181945,1602.9473600924514,1.0075059393335088,1602.8529163722144,0.9953988599361152
1602.95569336124,0.9930245810504285,1602.95569336124,0.9998832873136453,1602.948748970506,1.0032055886753128,1602.854305250734,1.0030154375779072
1602.9570822397602,0.9952788291018064,1602.9570822397602,0.9999701066366266,1602.9501378490252,0.9996845992698143,1602.8556941292543,1.0024810028995663
1602.9584711178138,0.9945837274375021,1602.9584711178138,1.0000732057568562,1602.9515267270792,0.9998271786130442,1602.8570830073086,0.9941301212522462
1602.959859995868,1.0002874644310946,1602.959859995868,1.0001891501718005,1602.9529156051324,1.0092274931574827,1602.858471885828,0.9981751475098156
1602.9612488739217,1.0024570141331925,1602.9612488739217,1.0001301617268763,1602.9543044831855,0.9987188247003964,1602.8598607638817,0.9891871441547838
1602.9626377519755,1.0024390734257558,1602.9626377519755,1.0001392478534297,1602.95569336124,0.9929086824839578,1602.8612496424005,1.0038013229568916
1602.9640266300291,0.9847868637459555,1602.9640266300291,1.0002368011095175,1602.9570822397602,0.9952490768701102,1602.8626385204536,1.0082537673091527
1602.9654155085489,0.9904540967298326,1602.9654155085489,1.0002009916158754,1602.9584711178138,0.994656536692026,1602.8640273989738,0.9995363113160834
1602.9668043866025,0.9873562343097173,1602.9668043866025,1.0003001763338837,1602.959859995868,1.0004766689768416,1602.8654162770283,1.0001285796555723
1602.968193264656,1.0033370602878915,1602.968193264656,1.0002990741290456,1602.9612488739217,1.0025874956692713,1602.866805155548,0.9926615812008388
1602.96958214271,1.0076145017023468,1602.96958214271,1.0003018580796006,1602.9626377519755,1.0025786609149243,1602.8681940336016,1.001320116178379
1602.9709710207646,1.0011248828511854,1602.9709710207646,1.0002967031248726,1602.9640266300291,0.9850200623679288,1602.8695829121214,0.9950376544026232
1602.9723598988182,1.0065704191355014,1602.9723598988182,1.0003543794474825,1602.9654155085489,0.9906531696991848,1602.870971790176,0.9853288710121788
1602.9737487768714,0.9998271229167491,1602.9737487768714,1.00033066859319,1602.9668043866025,0.9876526152843697,1602.8723606686951,1.00619737629543
1602.9751376549254,1.003265513785826,1602.9751376549254,1.000323195385295,1602.968193264656,1.0036371324453364,1602.8737495467485,0.9933612937451164
1602.9765265334447,0.9937157151248643,1602.9765265334447,1.0003285993131479,1602.96958214271,1.0079186582808084,1602.8751384252676,1.0049957137849488
1602.9779154114992,1.0005315262506527,1602.9779154114992,1.0003251361832861,1602.9709710207646,1.001421919732315,1602.8765273033216,1.0085256738640918
1602.9793042895535,0.9946124437134641,1602.9793042895535,1.0003508501883178,1602.9723598988182,1.0069271270044868,1602.8779161818409,1.010254363451192
1602.9806931676078,0.9963356750733637,1602.9806931676078,1.0002555899906829,1602.9737487768714,1.0001577343449173,1602.8793050598954,0.9996074650684008
1602.9820820456614,1.0040129961928066,1602.9820820456614,1.0001389844849913,1602.9751376549254,1.003589764570107,1602.8806939384156,1.003035417714661
1602.9834709237143,0.9980403880911523,1602.9834709237143,1.0002575915660445,1602.9765265334447,0.9940422494263186,1602.8820828164687,1.0005003868942808
1602.9848598017677,1.002082312970552,1602.9848598017677,1.000215158607527,1602.9779154114992,1.0008568352523552,1602.8834716949875,0.9934120596027868
1602.9862486798222,0.9978501515314403,1602.9862486798222,1.0002828574599432,1602.9793042895535,0.9949614036766442,1602.8848605730416,0.998567682441415
1602.9876375578767,1.0007929453722115,1602.9876375578767,1.0002799834307803,1602.9806931676078,0.9965903284992728,1602.8862494515618,1.0057499299675818
1602.9890264359303,1.0004814230207304,1602.9890264359303,1.0002736808003976,1602.9820820456614,1.004152538422007,1602.8876383296165,1.0050466835215657
1602.9904153139844,1.0096256321715105,1602.9904153139844,1.0002121354837272,1602.9834709237143,0.9982974748776964,1602.88902720767,0.9993473155327078
1602.991804192038,1.0040628198331367,1602.991804192038,1.000210443406966,1602.9848598017677,1.0022979196056383,1602.8904160861896,0.9982942128145528
1602.993193070092,0.9978196020023764,1602.993193070092,1.0002267126194715,1602.9862486798222,0.9981324008907064,1602.8918049642425,1.0022568040181006
1602.9945819481457,0.9885780418935104,1602.9945819481457,1.0002480111143868,1602.9876375578767,1.0010731508145576,1602.893193842761,1.0027204927020172
1602.9959708266654,1.0001382617505483,1602.9959708266654,1.0003008519038323,1602.9890264359303,1.0007552355773657,1602.8945827208156,0.9881944575644322
1602.997359704719,1.003581491463841,1602.997359704719,1.000390980747203,1602.9904153139844,1.0098398095933745,1602.8959715993358,1.010927028055238
1602.998748582773,0.9996305371353308,1602.998748582773,1.0003846920361295,1602.991804192038,1.0042741182337505,1602.8973604773898,1.0011646924615216
1603.0001374608266,1.0044164808944556,1603.0001374608266,1.0004136233770884,1602.993193070092,0.9980458202981064,1602.8987493554434,0.9981364105099868
1603.0015263388811,1.0041562829622477,1603.0015263388811,1.0003615310590734,1602.9945819481457,0.9888232202353388,1602.9001382339632,1.0055996032243864
1603.002915216935,1.0044395746656785,1603.002915216935,1.0003608520903275,1602.9959708266654,1.0004391552506915,1602.9015271120177,1.01057771546029
1603.004304094988,1.003498457659781,1603.004304094988,1.0002635460906864,1602.997359704719,1.0039738725052525,1602.902915990537,1.0046446342391313
1603.005692973042,1.000667244474961,1603.005692973042,1.0002947994893876,1602.998748582773,1.0000150870420386,1602.90430486859,1.0088749184993913
1603.0070818510956,0.9993406686337518,1603.0070818510956,1.0001916914916154,1603.0001374608266,1.0048319310312863,1602.905693746644,0.9953298129329116
1603.0084707291496,1.0112481650609708,1603.0084707291496,1.000222484193276,1603.0015263388811,1.0045193166467024,1602.9070826251634,1.0005698416553774
1603.009859607204,0.9974995011725288,1603.009859607204,1.0002988778317452,1603.002915216935,1.0048020287858044,1602.9084715032177,0.9932701598560452
1603.0112484852586,0.9948539360068038,1603.0112484852586,1.0003475908831896,1603.004304094988,1.003762925755307,1602.909860381272,0.9994520413515434
1603.0126373633118,1.0051049765046902,1603.0126373633118,1.0003178043612344,1603.005692973042,1.000962240667679,1602.9112492597922,0.9964554965560088
1603.014026241365,0.9846983236255061,1603.014026241365,1.0003181114243869,1603.0070818510956,0.999532233737154,1602.912638137845,0.9989709549975284
1603.015415118953,1.0028279688037434,1603.015415118953,1.00024352639588,1603.0084707291496,1.0114731517931763,1602.914027015898,1.0004927074539638
1603.0168039970074,1.0044181119836215,1603.0168039970074,1.0002057012671708,1603.009859607204,0.9977976316606062,1602.9154158944175,1.0029962049972905
1603.018192875062,1.0023259711785961,1603.018192875062,1.0000834121158806,1603.0112484852586,0.995199738165065,1602.9168047724722,0.995093585193604
1603.019581753116,1.002844362616711,1603.019581753116,1.0000620271760021,1603.0126373633118,1.0054244032497217,1602.9181936505267,0.9897163459401652
1603.0209706311696,0.9869372353197309,1603.0209706311696,1.000178520076632,1603.014026241365,0.985011567411826,1602.919582529046,1.0009625125062744
1603.0223595092234,0.9950988248841895,1603.0223595092234,1.0001809732533598,1603.015415118953,1.003072183884674,1602.9209714071,0.992549991457472
1603.0237483872763,1.0022039942526628,1603.0237483872763,1.0002104879540072,1603.0168039970074,1.004624722062026,1602.9223602851532,1.004298787586273
1603.0251372653304,0.9909906526395467,1603.0251372653304,1.0002634108466344,1603.018192875062,1.002409577308654,1602.923749163672,0.9934304087079688
1603.026526143385,0.993953268808246,1603.026526143385,1.0001643220853635,1603.019581753116,1.0029065662204937,1602.9251380417263,0.9941638292380622
1603.0279150214385,1.0053863700357029,1603.0279150214385,1.0000330977618086,1603.0209706311696,0.9871134234306111,1602.926526919781,1.0044955307696144
1603.0293038994926,0.9991079316680432,1603.0293038994926,0.9999083386066723,1603.0223595092234,0.9952789111559434,1602.9279157983003,0.9929483029592212
1603.0306927775462,0.9984207468898885,1603.0306927775462,0.9997771549718231,1603.0237483872763,1.0024149461209109,1602.929304676354,1.0038068276884464
1603.032081655601,1.0082503036627086,1603.032081655601,0.99990084710245,1603.0251372653304,0.9912516903263652,1602.930693554408,1.0102817511896676
1603.0334705336547,0.9894433135239258,1603.0334705336547,0.9999225625400613,1603.026526143385,0.9941165972821304,1602.9320824324616,0.9985655756923016
1603.0348594112422,1.0025858487043178,1603.0348594112422,0.99998679794039,1603.0279150214385,1.005419646074304,1602.9334713109813,1.0048246593488623
1603.0362482892958,0.9785291190148321,1603.0362482892958,0.9999031665242618,1603.0293038994926,0.9990163520429418,1602.934860189035,1.001394803832435
1603.03763716735,0.9959380279496358,1603.03763716735,0.999982009415698,1603.0306927775462,0.9981982537904154,1602.936249067089,0.9999738355352032
1603.0390260454035,1.0057677588154124,1603.0390260454035,0.9999561238352116,1603.032081655601,1.0081503327236447,1602.9376379456082,0.992651183374569
1603.040414923458,0.9925865661782611,1603.040414923458,0.9998398426356601,1603.0334705336547,0.9893666935469732,1602.9390268236623,1.0014028910306447
1603.0418038015123,0.9951379292374746,1603.0418038015123,0.9997878514968846,1603.0348594112422,1.0025726125061791,1602.9404157017168,0.9971287048372456
1603.0431926795657,0.9995794637541299,1603.0431926795657,0.9997814197470724,1603.0362482892958,0.9784343646391268,1602.941804579771,1.0019579854422278
1603.0445815576188,1.0039017932885475,1603.0445815576188,0.9997964814124026,1603.03763716735,0.9959201104425844,1602.9431934578245,1.0140296578625847
1603.0459704352068,1.0004607801584804,1603.0459704352068,0.9997616936193191,1603.0390260454035,1.0057236295834877,1602.9445823363433,0.9953244441206544
1603.0473593132613,1.0114796596332845,1603.0473593132613,0.9998784723772046,1603.040414923458,0.9924275961299428,1602.9459712143969,0.9904964547489998
1603.0487481913158,1.0037617275501383,1603.0487481913158,0.9998952354504537,1603.0418038015123,0.9949268122153936,1602.9473600924514,1.0075059393335088
1603.0501370693698,0.9917142325596214,1603.0501370693698,0.999904395267947,1603.0431926795657,0.9993609754221212,1602.948748970506,1.0032055886753128
1603.0515259474234,0.9929242683427566,1603.0515259474234,0.999999976736173,1603.0445815576188,1.0036974806134908,1602.9501378490252,0.9996845992698143
1603.0529148254766,1.00164689254758,1603.0529148254766,0.9999100751841569,1603.0459704352068,1.0002223639709475,1602.9515267270792,0.9998271786130442
1603.054303703064,0.9985131739215457,1603.054303703064,1.0000305642074958,1603.0473593132613,1.0113567369147434,1602.9529156051324,1.0092274931574827
1603.0556925811186,0.9980761594921329,1603.0556925811186,0.9999828119107026,1603.0487481913158,1.0036565689048995,1602.9543044831855,0.9987188247003964
1603.057081459173,1.0042137707358814,1603.057081459173,0.9998578152415126,1603.0501370693698,0.9916194199861444,1602.95569336124,0.9929086824839578
1603.058470337227,0.9997206082753696,1603.058470337227,0.9999024602604644,1603.0515259474234,0.9929242452435382,1602.9570822397602,0.9952490768701102
1603.0598592152808,1.0035923466154815,1603.0598592152808,0.9998054512368044,1603.0529148254766,1.001556819635228,1602.9584711178138,0.994656536692026
1603.0612480928687,0.9981755821529459,1603.0612480928687,0.9997042167680702,1603.054303703064,0.9985436926853808,1602.959859995868,1.0004766689768416
1603.0626369709228,1.000684589420709,1603.0626369709228,0.9996333050133961,1603.0556925811186,0.998059004469978,1602.9612488739217,1.0025874956692713
1603.0640258489764,1.0077041228795127,1603.0640258489764,0.9997482330643175,1603.057081459173,1.0040709868434197,1602.9626377519755,1.0025786609149243
1603.0654147270304,1.003095281216293,1603.0654147270304,0.9996708119449552,1603.058470337227,0.99962309578763,1602.9640266300291,0.9850200623679288
1603.0668036046184,0.9877155612454805,1603.0668036046184,0.9996213512387108,1603.0598592152808,1.0033970989656948,1602.9654155085489,0.9906531696991848
1603.0681924826724,1.0063492537013619,1603.0681924826724,0.9995460697680068,1603.0612480928687,0.9978803385532232,1602.9668043866025,0.9876526152843697
1603.079303506173,0.9951597984438812,1603.079303506173,0.9992893516608311,1603.0626369709228,1.0003176433985967,1602.968193264656,1.0036371324453364
1603.0806923842267,0.9838960391915925,1603.0806923842267,0.9992374845017588,1603.0640258489764,1.0074504163004208,1602.96958214271,1.0079186582808084
1603.0820812622803,1.0045616630687448,1603.0820812622803,0.9993134696430972,1603.0654147270304,1.0027650742316447,1602.9709710207646,1.001421919732315
1603.0834701398678,1.003684303658756,1603.0834701398678,0.9992960777370723,1603.0668036046184,0.9873415639717088,1602.9723598988182,1.0069271270044868
1603.084859017921,1.0081311666529846,1603.084859017921,0.9992748557758414,1603.0681924826724,1.005892441351163,1602.9737487768714,1.0001577343449173
1603.0876367735643,1.0133714854386204,1603.0876367735643,0.9992176274451776,1603.079303506173,0.9944525897859094,1602.9751376549254,1.003589764570107
1603.0890256516184,1.0030125116296627,1603.0890256516184,0.9992364665541487,1603.0806923842267,0.9831458032130508,1602.9765265334447,0.9940422494263186
1603.090414529672,0.9921158755482543,1603.090414529672,0.9993285554423249,1603.0820812622803,1.0038720009916673,1602.9779154114992,1.0008568352523552
1603.0918034072604,1.0013089624163536,1603.0918034072604,0.9994523588149977,1603.0834701398678,1.0029777879324595,1602.9793042895535,0.9949614036766442
1603.093192285314,1.006551583097689,1603.093192285314,0.9994723511670313,1603.084859017921,1.007400126160292,1602.9806931676078,0.9965903284992728
1603.0945811633678,1.003218710784378,1603.0945811633678,0.9994872578897795,1603.0876367735643,1.0125786514005737,1602.9820820456614,1.004152538422007
1603.0987477970637,0.99840247561047,1603.0987477970637,0.9992840535965,1603.0890256516184,1.002246678030426,1602.9834709237143,0.9982974748776964
1603.1001366746516,0.9928167751377368,1603.1001366746516,0.9993091466102006,1603.090414529672,0.9914497247430344,1602.9848598017677,1.0022979196056383
1603.1029144307602,0.9922811683072053,1603.1029144307602,0.999357280390482,1603.0918034072604,1.0007606043896224,1602.9862486798222,0.9981324008907064
1603.1043033083477,0.9850079964550179,1603.1043033083477,0.999342593724222,1603.093192285314,1.0060204773295447,1602.9876375578767,1.0010731508145576
1603.1056921864013,0.9878257273636158,1603.1056921864013,0.999448571317876,1603.0945811633678,1.0027043183055977,1602.9890264359303,1.0007552355773657
1603.107081064455,0.9898235789532422,1603.107081064455,0.9994195697388937,1603.0987477970637,0.9976876729488112,1602.9904153139844,1.0098398095933745
1603.1084699420442,1.0037007497489772,1603.1084699420442,0.999377204886646,1603.1001366746516,0.9921308843031832,1602.991804192038,1.0042741182337505
1603.109858820099,0.9947196779216441,1603.109858820099,0.9994293812463688,1603.1029144307602,0.9916434097421788,1602.993193070092,0.9980458202981064
1603.1126365757398,1.0040519590130175,1603.1126365757398,0.9994325248191771,1603.1043033083477,0.9843604460164568,1602.9945819481457,0.9888232202353388
1603.114025453793,1.0070460284332374,1603.114025453793,0.9994361976581079,1603.1056921864013,0.9872810119246076,1602.9959708266654,1.0004391552506915
1603.1154143313809,0.9921454181645001,1603.1154143313809,0.9994213412679119,1603.107081064455,0.9892490553948612,1602.997359704719,1.0039738725052525
1603.1168032094354,1.000570359961282,1603.1168032094354,0.9994015063027034,1603.1084699420442,1.003075649826764,1602.998748582773,1.0000150870420386
1603.1181920870242,0.9963708376467909,1603.1181920870242,0.9993275947006935,1603.109858820099,0.994152072218816,1603.0001374608266,1.0048319310312863
1603.1195809650785,1.004124859948352,1603.1195809650785,0.9993374946361006,1603.1126365757398,1.0034821844460209,1603.0015263388811,1.0045193166467024
1603.1223587207205,1.0077828549767265,1603.1223587207205,0.9994334999040667,1603.114025453793,1.0064782535240135,1603.002915216935,1.0048020287858044
1603.123747598774,1.0058546295476765,1603.123747598774,0.9993730989308393,1603.1154143313809,0.991571304554778,1603.004304094988,1.003762925755307
1603.1251364763625,0.9975403683700047,1603.1251364763625,0.9992962819603217,1603.1168032094354,0.9999715249071434,1603.005692973042,1.000962240667679
1603.126525354416,0.9986872806644214,1603.126525354416,0.9991872337794513,1603.1181920870242,0.9957008726154828,1603.0070818510956,0.999532233737154
1603.1279142320043,1.0089803010924834,1603.1279142320043,0.9991550568714526,1603.1195809650785,1.0034596218426115,1603.0084707291496,1.0114731517931763
1603.129303110058,0.996785909148887,1603.129303110058,0.999103251728318,1603.1223587207205,1.0072119458927022,1603.009859607204,0.9977976316606062
1603.1306919876463,1.0040551001991542,1603.1306919876463,0.9991010572931777,1603.123747598774,1.0052240582049927,1603.0112484852586,0.995199738165065
1603.1320808657006,0.9950028625228515,1603.1320808657006,0.999099858195395,1603.1251364763625,0.9968383812174754,1603.0126373633118,1.0054244032497217
1603.1334697432887,1.0044596349396122,1603.1334697432887,0.9991350742380241,1603.126525354416,0.9978755813778056,1603.014026241365,0.985011567411826
1603.134858621342,1.0005391234216932,1603.134858621342,0.9990565495864857,1603.1279142320043,1.0081277701202356,1603.015415118953,1.003072183884674
1603.1362474989298,1.0082146897906896,1603.1362474989298,0.9991121298043306,1603.129303110058,0.9958920431076208,1603.0168039970074,1.004624722062026
1603.137636376984,1.0004910786970025,1603.137636376984,0.9991518700487421,1603.1306919876463,1.0031525121895823,1603.018192875062,1.002409577308654
1603.1390252545727,1.005945405423331,1603.1390252545727,0.9991488810854083,1603.1320808657006,0.994107218850593,1603.019581753116,1.0029065662204937
1603.1404141326273,0.9939624573470182,1603.1404141326273,0.9992616534048869,1603.1334697432887,1.003590851924488,1603.0209706311696,0.9871134234306111
1603.1418030102152,0.9957176199524833,1603.1418030102152,0.9991498928285352,1603.134858621342,0.9995951643719638,1603.0223595092234,0.9952789111559434
1603.1431918882683,0.9927002279039424,1603.1431918882683,0.9990994392687182,1603.1362474989298,1.0073195260167884,1603.0237483872763,1.0024149461209109
1603.1445807658558,1.0014318124975434,1603.1445807658558,0.9991299644137709,1603.137636376984,0.9996425322471932,1603.0251372653304,0.9912516903263652
1603.14596964391,1.0033523022658943,1603.14596964391,0.9991380463295524,1603.1390252545727,1.0050892262617286,1603.026526143385,0.9941165972821304
1603.1473585214987,1.0095777812880207,1603.1473585214987,0.9992344035289885,1603.1404141326273,0.9932285685509658,1603.0279150214385,1.005419646074304
1603.1487473995533,1.0050564639234731,1603.1487473995533,0.9992491783495852,1603.1418030102152,0.9948711532630078,1603.0293038994926,0.9990163520429418
1603.1501362771412,1.003598400169963,1603.1501362771412,0.9991985089575836,1603.1431918882683,0.9918062410607577,1603.0306927775462,0.9981982537904154
1603.1515251551948,0.996101749165909,1603.1515251551948,0.9993106659291582,1603.1445807658558,1.0005605311834886,1603.032081655601,1.0081503327236447
1603.1529140327823,0.9878830902366846,1603.1529140327823,0.999414476915332,1603.14596964391,1.0024874590662043,1603.0334705336547,0.9893666935469732
1603.1543029103698,0.9943222354765383,1603.1543029103698,0.9994213760253214,1603.1473585214987,1.008804852101455,1603.0348594112422,1.0025726125061791
1603.1556917884243,0.9890705872241751,1603.1556917884243,0.9994641321103512,1603.1487473995533,1.00430184577047,1603.0362482892958,0.9784343646391268
1603.1570806660131,1.0046921259462955,1603.1570806660131,0.9994124036939147,1603.1501362771412,1.0027940250420433,1603.03763716735,0.9959201104425844
1603.1584695440672,1.0083973740028715,1603.1584695440672,0.9993121718188468,1603.1515251551948,0.9954151022921838,1603.0390260454035,1.0057236295834877
1603.1598584216551,0.9983756851113491,1603.1598584216551,0.999320534441572,1603.1529140327823,0.987304661882398,1603.040414923458,0.9924275961299428
1603.1612472997092,0.9935642650860836,1603.1612472997092,0.9992410595270307,1603.1543029103698,0.9937468967925356,1603.0418038015123,0.9949268122153936
1603.162636177298,1.0019710892274152,1603.162636177298,0.9992513494803059,1603.1556917884243,0.9885405760558856,1603.0431926795657,0.9993609754221212
1603.164025054886,0.9969898516911603,1603.164025054886,0.9992811452677008,1603.1570806660131,1.0041017725643364,1603.0445815576188,1.0036974806134908
1603.1654139329391,0.9919249650401504,1603.1654139329391,0.9992116236817676,1603.1584695440672,1.0077037698712314,1603.0459704352068,1.0002223639709475
1603.1668028105275,0.9984848046237393,1603.1668028105275,0.9992697214592263,1603.1598584216551,0.997697323218944,1603.0473593132613,1.0113567369147434
1603.1681916885811,0.9948797295601378,1603.1681916885811,0.9992631329280859,1603.1612472997092,0.9928102089528138,1603.0487481913158,1.0036565689048995
1603.169580566169,0.9952568890841305,1603.169580566169,0.9992721690659461,1603.162636177298,1.0012209630507467,1603.0501370693698,0.9916194199861444
1603.170969443758,0.9982027579093624,1603.170969443758,0.9992218038249125,1603.164025054886,0.9962731608182178,1603.0515259474234,0.9929242452435382
1603.1723583218125,1.0085378038022577,1603.1723583218125,0.9991437144200164,1603.1654139329391,0.9911429548882492,1603.0529148254766,1.001556819635228
1603.1737471994,1.009442719715209,1603.1737471994,0.9990792122735663,1603.1668028105275,0.997755632597634,1603.054303703064,0.9985436926853808
1603.1751360769874,0.9959429101741062,1603.1751360769874,0.9989901347940559,1603.1681916885811,0.9941466354469102,1603.0556925811186,0.998059004469978
1603.1765249550415,1.0073278585360113,1603.1765249550415,0.9990824311486858,1603.169580566169,0.9945325103329248,1603.057081459173,1.0040709868434197
1603.1779138326303,0.9962463321247027,1603.1779138326303,0.9992047940669401,1603.170969443758,0.9974259603411956,1603.058470337227,0.99962309578763
1603.1793027102192,1.0089088323466768,1603.1793027102192,0.9992357365369964,1603.1723583218125,1.0076742074239935,1603.0598592152808,1.0033970989656948
1603.1806915882728,0.9998753988051378,1603.1806915882728,0.9992966291120524,1603.1737471994,1.0085132372483574,1603.0612480928687,0.9978803385532232
1603.1820804658612,0.9934146533622642,1603.1820804658612,0.9993551545264048,1603.1751360769874,0.9949371420820146,1603.0626369709228,1.0003176433985967
1603.183469343449,1.003165860199925,1603.183469343449,0.999357138183787,1603.1765249550415,1.0064035658699575,1603.0640258489764,1.0074504163004208
1603.1848582215018,0.9952043661268437,1603.1848582215018,0.9993518118345949,1603.1779138326303,0.995454111130608,1603.0654147270304,1.0027650742316447
1603.186247099091,0.987959897307906,1603.186247099091,0.9993663581100607,1603.1793027102192,1.0081377601886126,1603.0668036046184,0.9873415639717088
1603.1876359766793,0.9913117849738555,1603.1876359766793,0.9994102005185309,1603.1806915882728,0.9991721155580432,1603.0681924826724,1.005892441351163
1603.1890248547331,1.004986380998266,1603.1890248547331,0.9993745144723349,1603.1820804658612,0.9927740544196404,1603.079303506173,0.9944525897859094
1603.190413732321,0.9954523949351972,1603.190413732321,0.9992602423237935,1603.183469343449,1.002520963173074,1603.0806923842267,0.9831458032130508
1603.1918026099097,0.9910062087369638,1603.1918026099097,0.9991906040647102,1603.1848582215018,0.9945592864345608,1603.0820812622803,1.0038720009916673
1603.193191487963,0.9945881503753427,1603.193191487963,0.9992289213110919,1603.186247099091,0.9873338845313916,1603.0834701398678,1.0029777879324595
1603.1945803655517,1.0051093439570435,1603.1945803655517,0.9992102646918132,1603.1876359766793,0.9907271097971038,1603.084859017921,1.007400126160292
1603.1959692431394,0.9936179651799875,1603.1959692431394,0.999271046011846,1603.1890248547331,1.004357776561451,1603.0876367735643,1.0125786514005737
1603.1973581207278,0.9941912167014063,1603.1973581207278,0.9992581931709895,1603.190413732321,0.9947160013847458,1603.0890256516184,1.002246678030426
1603.1987469987814,0.9989647327263341,1603.1987469987814,0.9992982396964212,1603.1918026099097,0.990204092339765,1603.090414529672,0.9914497247430344
1603.2001358763698,0.9993068481929683,1603.2001358763698,0.9993056820664811,1603.193191487963,0.9938212446483476,1603.0918034072604,1.0007606043896224
1603.201524753959,1.0004797099461333,1603.201524753959,0.9992458909472901,1603.1945803655517,1.0043155736195322,1603.093192285314,1.0060204773295447
1603.2029136315466,0.9882974550193395,1603.2029136315466,0.999221823380085,1603.1959692431394,0.992893663401568,1603.0945811633678,1.0027043183055977
1603.2043025095998,1.0007741815266409,1603.2043025095998,0.9992020387263087,1603.1973581207278,0.993453718867515,1603.0987477970637,0.9976876729488112
1603.2056913871877,0.993247071296759,1603.2056913871877,0.999240569758126,1603.1987469987814,0.9982636989322315,1603.1001366746516,0.9921308843031832
1603.207080264776,1.0009961310654587,1603.207080264776,0.9993442524295314,1603.2001358763698,0.9986130115271796,1603.1029144307602,0.9916434097421788
1603.208469142365,0.9852220480752474,1603.208469142365,0.9992606731157497,1603.201524753959,0.9997252391398104,1603.1043033083477,0.9843604460164568
1603.2098580204197,0.9911339787190789,1603.2098580204197,0.9992866971102238,1603.2029136315466,0.987528385046322,1603.1056921864013,0.9872810119246076
1603.2112468980074,1.0032008321990507,1603.2112468980074,0.9992255634369919,1603.2043025095998,0.9999756024860726,1603.107081064455,0.9892490553948612
1603.212635775595,0.9964992884992058,1603.212635775595,0.9991795473272015,1603.2056913871877,0.9924927694331636,1603.1084699420442,1.003075649826764
1603.2140246531824,1.0148899380287162,1603.2140246531824,0.9991562922098586,1603.207080264776,1.000339730284464,1603.109858820099,0.994152072218816
1603.2154135312364,1.0177405272692803,1603.2154135312364,0.9991049468397913,1603.208469142365,0.9844936469281492,1603.1126365757398,1.0034821844460209
1603.2168024088253,1.0063026125539254,1603.2168024088253,0.9992201503034153,1603.2098580204197,0.9904269999879032,1603.114025453793,1.0064782535240135
1603.218191286414,0.99546686465204,1603.218191286414,0.9991895319804972,1603.2112468980074,1.0024239167945554,1603.1154143313809,0.991571304554778
1603.219580164002,1.0085990096870834,1603.219580164002,0.9990796459283974,1603.212635775595,0.9956817079945148,1603.1168032094354,0.9999715249071434
1603.2223579191784,1.000471423930721,1603.2223579191784,0.9990914122205325,1603.2140246531824,1.0140336674818653,1603.1181920870242,0.9957008726154828
1603.2237467972325,0.9925603821177676,1603.2237467972325,0.9991295604125727,1603.2154135312364,1.0168295953940756,1603.1195809650785,1.0034596218426115
1603.2251356748204,1.003810619979606,1603.2251356748204,0.999088884410589,1603.2168024088253,1.0055178477668527,1603.1223587207205,1.0072119458927022
1603.2265245524084,1.001512975294079,1603.2265245524084,0.9991889158355841,1603.218191286414,0.9946600705937648,1603.123747598774,1.0052240582049927
1603.2279134299968,1.0027820606938704,1603.2279134299968,0.999216705003111,1603.219580164002,1.0076707414819035,1603.1251364763625,0.9968383812174754
1603.2293023075847,1.0001466286940561,1603.2293023075847,0.9992801692563182,1603.2223579191784,0.9995624078212312,1603.126525354416,0.9978755813778056
1603.230691185173,1.0116720145320233,1603.230691185173,0.9993331354128978,1603.2237467972325,0.9916964182682604,1603.1279142320043,1.0081277701202356
1603.2320800632276,0.9941828666555658,1603.2320800632276,0.999331798700868,1603.2251356748204,1.002896032474926,1603.129303110058,0.9958920431076208
1603.234857818403,1.0047720643666735,1603.234857818403,0.9993164559193493,1603.2265245524084,1.000700663979361,1603.1306919876463,1.0031525121895823
1603.2376355735794,1.0031383823729045,1603.2376355735794,0.9994055140156388,1603.2279134299968,1.001996586522759,1603.1320808657006,0.994107218850593
1603.2390244511682,1.0020314849697876,1603.2390244511682,0.9994301933966094,1603.2293023075847,0.9994266924025326,1603.1334697432887,1.003590851924488
1603.240413328757,0.9988017940729395,1603.240413328757,0.9993249048200058,1603.230691185173,1.0109973662917695,1603.134858621342,0.9995951643719638
1603.2418022063457,1.0052831454686058,1603.2418022063457,0.9993948598977916,1603.2320800632276,0.9935185523724918,1603.1362474989298,1.0073195260167884
1603.2431910843984,0.996595788036699,1603.2431910843984,0.9993735673910137,1603.234857818403,1.0040852583696724,1603.137636376984,0.9996425322471932
1603.245968839574,1.0044182195489981,1603.245968839574,0.9994356152850079,1603.2376355735794,1.002542030664209,1603.1390252545727,1.0050892262617286
1603.247357717163,0.9995558600900043,1603.247357717163,0.9993791403433401,1603.2390244511682,1.0014605208128464,1603.1404141326273,0.9932285685509658
1603.2487465947518,0.9982545268064258,1603.2487465947518,0.9992823142540962,1603.240413328757,0.9981275077959912,1603.1418030102152,0.9948711532630078
1603.2501354723397,0.9881127831580924,1603.2501354723397,0.9992785825057673,1603.2418022063457,1.0046748083232084,1603.1431918882683,0.9918062410607577
1603.251524349928,0.993484751264255,1603.251524349928,0.9993019489704498,1603.2431910843984,0.9959714879370944,1603.1445807658558,1.0005605311834886
1603.2529132275156,1.0008012365365686,1603.2529132275156,0.9993731065350685,1603.245968839574,1.0038513412584251,1603.14596964391,1.0024874590662043
1603.2543021051035,0.9984879378252431,1603.2543021051035,0.9992858475100405,1603.247357717163,0.9989352761818964,1603.1473585214987,1.008804852101455
1603.2556909826924,1.005427360073328,1603.2556909826924,0.9993201848546616,1603.2487465947518,0.9975380937617528,1603.1487473995533,1.00430184577047
1603.2570798602808,1.0015009289891292,1603.2570798602808,0.9993382785164061,1603.2501354723397,0.9873999413100472,1603.1501362771412,1.0027940250420433
1603.2584687378687,1.005614119298298,1603.2584687378687,0.9993244274266784,1603.251524349928,0.9927912482107925,1603.1515251551948,0.9954151022921838
1603.259857615457,0.9972039941647906,1603.259857615457,0.9993097166441354,1603.2529132275156,1.0001738407816885,1603.1529140327823,0.987304661882398
1603.261246493045,1.004472851167294,1603.261246493045,0.9993119091789204,1603.2543021051035,0.9977748651782506,1603.1543029103698,0.9937468967925356
1603.262635370633,1.0001815504034708,1603.262635370633,0.9992377368672216,1603.2556909826924,1.0047438553264123,1603.1556917884243,0.9885405760558856
1603.2640242482214,1.0056726508681242,1603.2640242482214,0.9992748475240533,1603.2570798602808,1.000838214308578,1603.1570806660131,1.0041017725643364
1603.2654131258091,1.0070798386708837,1603.2654131258091,0.9992810416749042,1603.2584687378687,1.004934753979955,1603.1584695440672,1.0077037698712314
1603.2668020033975,0.9886448783493361,1603.2668020033975,0.9993805979867406,1603.259857615457,0.9965156408452168,1603.1598584216551,0.997697323218944
1603.2681908809857,0.9982466189460844,1603.2681908809857,0.9994240055879156,1603.261246493045,1.003781682618382,1603.1612472997092,0.9928102089528138
1603.2695797585743,1.0099530812382067,1603.2695797585743,0.9994179592265419,1603.262635370633,0.9994191488815132,1603.162636177298,1.0012209630507467
1603.2709686361634,1.0045075585329382,1603.2709686361634,0.999410864037406,1603.2640242482214,1.0049433848553553,1603.164025054886,0.9962731608182178
1603.2723575137509,1.0027331868285299,1603.2723575137509,0.9993251845013231,1603.2654131258091,1.0063557902368352,1603.1654139329391,0.9911429548882492
1603.2737463913384,0.997670689445312,1603.2737463913384,0.9992851599520807,1603.2668020033975,0.988032509721288,1603.1668028105275,0.997755632597634
1603.2751352689268,0.9977579566343587,1603.2751352689268,0.9992726146721099,1603.2681908809857,0.9976716344716892,1603.1681916885811,0.9941466354469102
1603.2765241465147,1.0044611129743026,1603.2765241465147,0.9993036957990304,1603.2695797585743,1.0093652473656465,1603.169580566169,0.9945325103329248
1603.2779130241036,1.0091804305983423,1603.2779130241036,0.999357529627406,1603.2709686361634,1.003915767005509,1603.170969443758,0.9974259603411956
1603.2793019016924,1.0072857551962286,1603.2793019016924,0.9994091093552917,1603.2723575137509,1.0020565269330204,1603.1723583218125,1.0076742074239935
1603.2806907792803,1.0042736571376898,1603.2806907792803,0.9994410952063538,1603.2737463913384,0.9969575144818612,1603.1737471994,1.0085132372483574
1603.2820796568687,0.9917856555240139,1603.2820796568687,0.9995374667259536,1603.2751352689268,0.9970322021359174,1603.1751360769874,0.9949371420820146
1603.2834685344562,0.995768750394115,1603.2834685344562,0.9995418622930031,1603.2765241465147,1.003761702481628,1603.1765249550415,1.0064035658699575
1603.2848574120442,0.9928059442342394,1603.2848574120442,0.9994469586475306,1603.2779130241036,1.0085320620710811,1603.1779138326303,0.995454111130608
1603.286246289633,0.9946805180148962,1603.286246289633,0.9994765852682982,1603.2793019016924,1.0066905594669353,1603.1793027102192,1.0081377601886126
1603.2904129223978,0.9973055279123763,1603.2904129223978,0.9996637209697053,1603.2806907792803,1.003712363776583,1603.1806915882728,0.9991721155580432
1603.2918017999857,0.9999467034327183,1603.2918017999857,0.999670326375694,1603.2820796568687,0.991326921657612,1603.1820804658612,0.9927740544196404
1603.293190677574,0.9946235301337296,1603.293190677574,0.9997220237868246,1603.2834685344562,0.9953125511821104,1603.183469343449,1.002520963173074
1603.294579555162,1.000531752280606,1603.294579555162,0.9998093706048014,1603.2848574120442,0.9922568814921005,1603.1848582215018,0.9945592864345608
1603.2959684322848,0.9983475079745984,1603.2959684322848,0.9998615264524934,1603.286246289633,0.9941598875784304,1603.186247099091,0.9873338845313916
1603.2973573098727,0.9892569405551803,1603.2973573098727,0.9998751057712613,1603.2904129223978,0.9969701549765424,1603.1876359766793,0.9907271097971038
1603.298746187461,0.9990004826563518,1603.298746187461,0.9998269044701766,1603.2918017999857,0.9996170473788848,1603.1890248547331,1.004357776561451
1603.3001350650495,0.9946088441647863,1603.3001350650495,0.9997144419936244,1603.293190677574,0.994347048451288,1603.190413732321,0.9947160013847458
1603.3015239426384,1.0022811767969637,1603.3015239426384,0.9998136288060941,1603.294579555162,1.0003410215177917,1603.1918026099097,0.990204092339765
1603.302912820226,1.0090567007251918,1603.302912820226,0.9998215330868416,1603.2959684322848,0.9982092632535248,1603.193191487963,0.9938212446483476
1603.3043016978131,1.0070543329770556,1603.3043016978131,0.9999122857123496,1603.2973573098727,0.9891333880725652,1603.1945803655517,1.0043155736195322
1603.3056905754015,1.006225655146794,1603.3056905754015,0.9998530271688707,1603.298746187461,0.9988275601385126,1603.1959692431394,0.992893663401568
1603.307079452524,1.00480848231667,1603.307079452524,0.9998829274250669,1603.3001350650495,0.994324825646123,1603.1973581207278,0.993453718867515
1603.3084683301129,1.0054762656978298,1603.3084683301129,0.9998771806732989,1603.3015239426384,1.0020943804574147,1603.1987469987814,0.9982636989322315
1603.3098572077015,0.9991715942677036,1603.3098572077015,0.9999040070275317,1603.302912820226,1.0088766174906116,1603.2001358763698,0.9986130115271796
1603.31124608529,1.0065825867677662,1603.31124608529,0.9999101896685554,1603.3043016978131,1.0069659999236134,1603.201524753959,0.9997252391398104
1603.3126349628776,1.002860747523678,1603.3126349628776,1.0000054351169176,1603.3056905754015,1.0060777673135022,1603.2029136315466,0.987528385046322
1603.3140238404649,0.9961390758251284,1603.3140238404649,1.0000911466069278,1603.307079452524,1.0046908468003306,1603.2043025095998,0.9999756024860726
1603.3154127175874,0.9923809421679854,1603.3154127175874,1.0000932371037985,1603.3084683301129,1.0053527737798629,1603.2056913871877,0.9924927694331636
1603.3168015951762,0.9953810301859247,1603.3168015951762,1.0000827737460063,1603.3098572077015,0.999075680816364,1603.207080264776,1.000339730284464
1603.318190472765,0.9960471935853412,1603.318190472765,1.0000876761159923,1603.31124608529,1.0064921852520223,1603.208469142365,0.9844936469281492
1603.319579350353,1.002681610181125,1603.319579350353,1.0001075053174446,1603.3126349628776,1.0028661981890927,1603.2098580204197,0.9904269999879032
1603.3209682279414,1.011913262395109,1603.3209682279414,1.000123502559628,1603.3140238404649,0.996229870521918,1603.2112468980074,1.0024239167945554
1603.322357105529,0.9975344177698113,1603.322357105529,1.000119570164662,1603.3154127175874,0.992473468892898,1603.212635775595,0.9956817079945148
1603.3237459826512,1.0033246465450405,1603.3237459826512,1.0001862094290879,1603.3168015951762,0.9954634216024968,1603.2140246531824,1.0140336674818653
1603.32513486024,1.0000669652089729,1603.32513486024,1.0001560679073427,1603.318190472765,0.9961345231346198,1603.2154135312364,1.0168295953940756
1603.3265237378284,0.9862932533105419,1603.3265237378284,1.000106972700763,1603.319579350353,1.0027894037859233,1603.2168024088253,1.0055178477668527
1603.3279126154164,0.9963355317833857,1603.3279126154164,1.0000768882713007,1603.3209682279414,1.0120382362731364,1603.218191286414,0.9946600705937648
1603.3293014925391,0.9967475473212016,1603.3293014925391,1.0001351754812693,1603.322357105529,0.9976536931244,1603.219580164002,1.0076707414819035
1603.330690370127,0.9986302268614533,1603.330690370127,1.0001650746797845,1603.3237459826512,1.0035114750546634,1603.2209690415905,1.0197249482725133
1603.3320792477157,1.011001128235473,1603.3320792477157,1.0002324233831672,1603.32513486024,1.0002230435674355,1603.2223579191784,0.9995624078212312
1603.3334681253034,0.9939576116038938,1603.3334681253034,1.0002919800167784,1603.3265237378284,0.9863987597635928,1603.2237467972325,0.9916964182682604
1603.3348570024257,1.0072717988563835,1603.3348570024257,1.000377238679699,1603.3279126154164,0.99641213830006,1603.2251356748204,1.002896032474926
1603.336245880014,0.9985353309289532,1603.336245880014,1.0004608324688642,1603.3293014925391,0.9968822831506148,1603.2265245524084,1.000700663979361
1603.337634757602,0.9932954087536747,1603.337634757602,1.000450019901531,1603.330690370127,0.9987950754263756,1603.2279134299968,1.001996586522759
1603.3390236351909,1.0023773435774228,1603.3390236351909,1.0005166451387149,1603.3320792477157,1.0112361085380832,1603.2293023075847,0.9994266924025326
1603.340412512314,0.9961064244499778,1603.340412512314,1.0004527062656636,1603.3334681253034,0.994247827364007,1603.230691185173,1.0109973662917695
1603.3418013899025,1.006949033178874,1603.3418013899025,1.000366586225097,1603.3348570024257,1.0076517807398822,1603.2320800632276,0.9935185523724918
1603.34319026749,0.9971836913889784,1603.34319026749,1.0002760067019474,1603.336245880014,0.9989954884307533,1603.234857818403,1.0040852583696724
1603.3445791450774,0.9909786893678719,1603.3445791450774,1.0003175932905997,1603.337634757602,0.9937424114557132,1603.2376355735794,1.002542030664209
1603.3459680221997,0.9978308564262467,1603.3459680221997,1.0002705300462686,1603.3390236351909,1.00289521695914,1603.2390244511682,1.0014605208128464
1603.3473568997886,1.0056410035422578,1603.3473568997886,1.0002689493662476,1603.340412512314,0.996557368069594,1603.240413328757,0.9981275077959912
1603.3487457773774,1.0033049581509552,1603.3487457773774,1.0003222744365083,1603.3418013899025,1.007318166823812,1603.2418022063457,1.0046748083232084
1603.3501346545002,0.9916688479592067,1603.3501346545002,1.0003339965964189,1603.34319026749,0.9974589207708744,1603.2431910843984,0.9959714879370944
1603.351523532088,1.0142464630146508,1603.351523532088,1.0003052613925747,1603.3445791450774,0.9912934175507424,1603.245968839574,1.0038513412584251
1603.3529124096756,1.0020423496443773,1603.3529124096756,1.0003135787008466,1603.3459680221997,0.998100799654004,1603.247357717163,0.9989352761818964
1603.354301286798,0.9997693324142131,1603.354301286798,1.0003048139136934,1603.3473568997886,1.005911470052833,1603.2487465947518,0.9975380937617528
1603.3556901643867,0.9996581237031065,1603.3556901643867,1.0002500123653382,1603.3487457773774,1.0036282976909894,1603.2501354723397,0.9873999413100472
1603.357079041975,0.9878935093011093,1603.357079041975,1.0001876203243878,1603.3501346545002,0.9920000619791998,1603.251524349928,0.9927912482107925
1603.3584679190974,0.9939881911063705,1603.3584679190974,1.00018545186793,1603.351523532088,1.0145560733023646,1603.2529132275156,1.0001738407816885
1603.3626345513965,1.0048223140957582,1603.3626345513965,1.0001229921597778,1603.3529124096756,1.0023565687825722,1603.2543021051035,0.9977748651782506
1603.3640234289844,1.0084361965519053,1603.3640234289844,1.0000889983432653,1603.354301286798,1.0000740760172169,1603.2556909826924,1.0047438553264123
1603.3654123065728,0.9923992975392617,1603.3654123065728,1.0001076783760174,1603.3556901643867,0.999908050595143,1603.2570798602808,1.000838214308578
1603.366801183695,1.0008985480410975,1603.366801183695,1.0000573208736827,1603.357079041975,0.988078858201785,1603.2584687378687,1.004934753979955
1603.3681900612837,0.9977328777710638,1603.3681900612837,1.0000211036799713,1603.3584679190974,0.9941725280731116,1603.259857615457,0.9965156408452168
1603.369578938407,1.007524265994652,1603.369578938407,1.0000350973794083,1603.3626345513965,1.004945899362362,1603.261246493045,1.003781682618382
1603.3709678159953,1.0000235229586218,1603.3709678159953,1.000072434361645,1603.3640234289844,1.0085259457026872,1603.262635370633,0.9994191488815132
1603.3723566935826,0.9910974951575569,1603.3723566935826,1.000065067697858,1603.3654123065728,0.9925061574839816,1603.2640242482214,1.0049433848553553
1603.3737455707044,0.9946252159791468,1603.3737455707044,1.00007241777241,1603.366801183695,1.0009559204203389,1603.2654131258091,1.0063557902368352
1603.3751344482928,1.0045856694658535,1603.3751344482928,1.0000170235651602,1603.3681900612837,0.9977539336064132,1603.2668020033975,0.988032509721288
1603.377912203004,1.00696139779789,1603.377912203004,1.0002197278730383,1603.369578938407,1.0075596274560787,1603.2681908809857,0.9976716344716892
1603.3793010805928,0.996033239314172,1603.3793010805928,1.000242719223638,1603.3709678159953,1.0000959590241374,1603.2695797585743,1.0093652473656465
1603.3806899577155,0.9995318599490657,1603.3806899577155,1.0002140031881526,1603.3723566935826,0.9911619835899196,1603.2709686361634,1.003915767005509
1603.382078835303,1.0056734391423094,1603.382078835303,1.000165665426894,1603.3737455707044,0.9946972445216709,1603.2723575137509,1.0020565269330204
1603.3834677124248,0.9859198133294946,1603.3834677124248,1.0001579543713317,1603.3751344482928,1.0046027710954566,1603.2737463913384,0.9969575144818612
1603.3848565900137,1.0016672095157666,1603.3848565900137,1.0000739293506489,1603.377912203004,1.0071826552840597,1603.2751352689268,0.9970322021359174
1603.3862454671369,0.9996939840564179,1603.3862454671369,1.0001443161424248,1603.3793010805928,0.996274995728736,1603.2765241465147,1.003761702481628
1603.3876343447248,0.9973237198650109,1603.3876343447248,1.0001106237344974,1603.3806899577155,0.9997457629537548,1603.2779130241036,1.0085320620710811
1603.389023222313,1.0038686475689098,1603.389023222313,1.0001789484632657,1603.382078835303,1.0058400444619209,1603.2793019016924,1.0066905594669353
1603.3904120994357,1.0061339868703227,1603.3904120994357,1.0000824560198252,1603.3834677124248,0.9860755436737926,1603.2806907792803,1.003712363776583
1603.391800977023,1.013699136980832,1603.391800977023,1.0000696214709393,1603.3848565900137,1.0017412621221324,1603.2820796568687,0.991326921657612
1603.3931898541452,0.9996893672459362,1603.3931898541452,1.0001102539981892,1603.3862454671369,0.9998382560358022,1603.2834685344562,0.9953125511821104
1603.394578731734,0.9877496567475944,1603.394578731734,1.0000807791148967,1603.3876343447248,0.9974340475394052,1603.2848574120442,0.9922568814921005
1603.3959676088568,0.999755897233773,1603.3959676088568,1.0000170537423765,1603.389023222313,1.004048288320713,1603.286246289633,0.9941598875784304
1603.3973564864448,0.9914178335684617,1603.3973564864448,0.9999302364544145,1603.3904120994357,1.006216948674291,1603.2904129223978,0.9969701549765424
1603.3987453635675,1.0017744994304618,1603.3987453635675,0.9999531180346296,1603.391800977023,1.0137697122058384,1603.2918017999857,0.9996170473788848
1603.4001342411564,1.002677321177801,1603.4001342411564,0.9999909348246572,1603.3931898541452,0.9997995869956222,1603.293190677574,0.994347048451288
1603.4015231182786,1.0107049027725157,1603.4015231182786,1.0000364767994407,1603.394578731734,0.987829446290606,1603.294579555162,1.0003410215177917
1603.402911995866,1.0014024121964362,1603.402911995866,0.999943200546848,1603.3959676088568,0.9997729468132838,1603.2959684322848,0.9982092632535248
1603.4043008729889,0.9987332256826393,1603.4043008729889,0.9998835800263395,1603.3973564864448,0.9913486687452352,1603.2973573098727,0.9891333880725652
1603.4056897505768,0.9981659487199871,1603.4056897505768,0.9998869358951771,1603.3987453635675,1.0017275342730705,1603.298746187461,0.9988275601385126
1603.407078627699,1.0039585224821437,1603.407078627699,0.9998030760519256,1603.4001342411564,1.0026682317320723,1603.3001350650495,0.994324825646123
1603.408467505288,1.0047615977856945,1603.408467505288,0.999819064490581,1603.4015231182786,1.0107417700525478,1603.3015239426384,1.0020943804574147
1603.4098563824111,0.9954360999155478,1603.4098563824111,0.9998455041190726,1603.402911995866,1.0013455330870384,1603.302912820226,1.0088766174906116
1603.411245259534,1.0011491051934998,1603.411245259534,0.999952167920113,1603.4043008729889,0.9986169531868114,1603.3043016978131,1.0069659999236134
1603.4126341371214,1.0079375994598023,1603.4126341371214,0.9999665768765781,1603.4056897505768,0.9980530919805304,1603.3056905754015,1.0060777673135022
1603.4140230142432,1.0000990245110954,1603.4140230142432,1.0000214658206248,1603.407078627699,1.0037608190061935,1603.307079452524,1.0046908468003306
1603.415411891832,1.0069442679475564,1603.415411891832,1.000061536760407,1603.408467505288,1.0045798007341544,1603.3084683301129,1.0053527737798629
1603.4168007689552,0.992926642084657,1603.4168007689552,1.0000531624306246,1603.4098563824111,0.9952823091383844,1603.3098572077015,0.999075680816364
1603.4181896465432,1.0034343975115847,1603.4181896465432,1.0000299466175047,1603.411245259534,1.0011012181495214,1603.31124608529,1.0064921852520223
1603.419578523666,1.0044715338010528,1603.419578523666,1.0000795719508748,1603.4126341371214,1.007903911037014,1603.3126349628776,1.0028661981890927
1603.4209674007882,1.0005833927318875,1603.4209674007882,1.0000277521995427,1603.4140230142432,1.0001204924573626,1603.3140238404649,0.996229870521918
1603.4223562783757,0.9988744134246308,1603.4223562783757,1.0000561688047005,1603.415411891832,1.0070062320357165,1603.3154127175874,0.992473468892898
1603.4237451554984,1.000402467065486,1603.4237451554984,1.0001073230259978,1603.4168007689552,0.992979428478382,1603.3168015951762,0.9954634216024968
1603.425134033087,0.9926099558137987,1603.425134033087,1.0000546799002228,1603.4181896465432,1.003464446977678,1603.318190472765,0.9961345231346198
1603.4265229102095,1.0079577144023326,1603.4265229102095,1.0000846365225464,1603.419578523666,1.0045514615605955,1603.319579350353,1.0027894037859233
1603.4279117873318,1.0097483057559122,1603.4279117873318,1.000065650823449,1603.4209674007882,1.0006111611218615,1603.3209682279414,1.0120382362731364
1603.4293006649202,1.0065891963437117,1603.4293006649202,1.0000024655879436,1603.4223562783757,0.9989305190064788,1603.322357105529,0.9976536931244
1603.4320784196314,1.0023426747567663,1603.4320784196314,0.9998158831770771,1603.4237451554984,1.0005098332854672,1603.3237459826512,1.0035114750546634
1603.4334672967532,0.9894806378254253,1603.4334672967532,0.9998350498053128,1603.425134033087,0.9926642316271428,1603.32513486024,1.0002230435674355
1603.434856173876,1.0064177562308354,1603.434856173876,0.9998056724830475,1603.4265229102095,1.0080430244381535,1603.3265237378284,0.9863987597635928
1603.436245051464,0.9956310859864274,1603.436245051464,0.9998568552992446,1603.4279117873318,1.0098145965636611,1603.3279126154164,0.99641213830006
1603.4376339285866,1.0048618248507775,1603.4376339285866,0.9998504089681912,1603.4293006649202,1.0065916781778983,1603.3293014925391,0.9968822831506148
1603.4390228057098,1.0024285889342306,1603.4390228057098,0.999774869830991,1603.4320784196314,1.0021581266080102,1603.330690370127,0.9987950754263756
1603.4404116832986,1.0150445520766858,1603.4404116832986,0.9998367181009704,1603.4334672967532,0.9893174228015768,1603.3320792477157,1.0112361085380832
1603.4418005604205,0.9927871878937101,1603.4418005604205,0.9999376215742107,1603.434856173876,1.00622218156725,1603.3334681253034,0.994247827364007
1603.443189437542,0.9926764033679548,1603.443189437542,0.9999833569547132,1603.436245051464,0.995488566672561,1603.3348570024257,1.0076517807398822
1603.4445783151302,0.9964067436074409,1603.4445783151302,1.0000184412496826,1603.4376339285866,1.0047115065335728,1603.336245880014,0.9989954884307533
1603.4459671922534,1.007347770279932,1603.4459671922534,1.0000367946010984,1603.4390228057098,1.0022029120165843,1603.337634757602,0.9937424114557132
1603.4473560693766,0.9916965475227187,1603.4473560693766,0.9999768440290328,1603.4404116832986,1.014878813674623,1603.3390236351909,1.00289521695914
1603.4487449469646,1.0013283573129768,1603.4487449469646,1.0000092122579796,1603.4418005604205,0.9927252593917856,1603.340412512314,0.996557368069594
1603.4501338240873,0.9858177895235878,1603.4501338240873,0.999912846172179,1603.443189437542,0.9926598822096184,1603.3418013899025,1.007318166823812
1603.4515227012091,0.9908591268808908,1603.4515227012091,0.9999488631806764,1603.4445783151302,0.9964251185929852,1603.34319026749,0.9974589207708744
1603.4529115787966,0.9963280777678188,1603.4529115787966,1.000066772124895,1603.4459671922534,1.0073848352393069,1603.3445791450774,0.9912934175507424
1603.455689333043,1.002935283790059,1603.455689333043,1.0001194914813523,1603.4473560693766,0.991673583826256,1603.3459680221997,0.998100799654004
1603.4570782101653,1.000494684576842,1603.4570782101653,1.0001650540039062,1603.4487449469646,1.0013375818081265,1603.3473568997886,1.005911470052833
1603.4584670877537,1.010840570771075,1603.4584670877537,1.0000421662049437,1603.4501338240873,0.9857318717296968,1603.3487457773774,1.0036282976909894
1603.459855964876,1.0054162836890346,1603.459855964876,1.0001164282692145,1603.4515227012091,0.9908084574967444,1603.3501346545002,0.9920000619791998
1603.4612448419978,1.0021513062537215,1603.4612448419978,1.0000489180584824,1603.4529115787966,0.996394604710664,1603.351523532088,1.0145560733023646
1603.46263371912,1.0013253990023216,1603.46263371912,0.9999918736414741,1603.455689333043,1.0030551260128195,1603.3529124096756,1.0023565687825722
1603.464022596709,1.0022458712580888,1603.464022596709,1.0000018220749238,1603.4570782101653,1.0006598202304184,1603.354301286798,1.0000740760172169
1603.4654114738316,0.9988291788818121,1603.4654114738316,1.0000190633096682,1603.4584670877537,1.0108831940817475,1603.3556901643867,0.999908050595143
1603.466800350954,0.9924682346712519,1603.466800350954,1.0001301730539933,1603.459855964876,1.0055333425667845,1603.357079041975,0.988078858201785
1603.4681892280769,0.9941537275669186,1603.4681892280769,1.0000444774420962,1603.4612448419978,1.002200329549929,1603.3584679190974,0.9941725280731116
1603.4695781056655,0.9981453921445815,1603.4695781056655,1.0001347991432687,1603.46263371912,1.0013172618731283,1603.3626345513965,1.004945899362362
1603.4709669827878,1.0004044156345617,1603.4709669827878,1.0001394769879397,1603.464022596709,1.0022476974251584,1603.3640234289844,1.0085259457026872
1603.4723558599096,0.9996708168039988,1603.4723558599096,1.0001019596937561,1603.4654114738316,0.9988482198717548,1603.3654123065728,0.9925061574839816
1603.4737447370323,1.0114746036749385,1603.4737447370323,1.0000371308943654,1603.466800350954,0.9925974272923505,1603.366801183695,1.0009559204203389
1603.4751336146203,0.9877741568067241,1603.4751336146203,0.9999826321617703,1603.4681892280769,0.9941979449817712,1603.3681900612837,0.9977539336064132
1603.4779113688662,1.001552312388855,1603.4779113688662,0.9999501489520654,1603.4695781056655,0.9982799412883002,1603.369578938407,1.0075596274560787
1603.4793002459894,1.0011831073553408,1603.4793002459894,0.9999562199939684,1603.4709669827878,1.000543949029176,1603.3709678159953,1.0000959590241374
1603.480689123111,0.994416773814547,1603.480689123111,0.9999789521496866,1603.4723558599096,0.9997727429343372,1603.3723566935826,0.9911619835899196
1603.4820780006985,0.9981355464004533,1603.4820780006985,1.000010738279637,1603.4737447370323,1.0115121606316009,1603.3737455707044,0.9946972445216709
1603.483466877821,0.9928918566322654,1603.483466877821,1.0001205738159802,1603.4751336146203,0.9877570013049612,1603.3751344482928,1.0046027710954566
1603.4862446320674,1.0058913894064048,1603.4862446320674,1.0001640044039104,1603.4779113688662,1.0015023839565211,1603.377912203004,1.0071826552840597
1603.4876335091897,0.9914832794150609,1603.4876335091897,1.0001621227178457,1603.4793002459894,1.001139275552862,1603.3793010805928,0.996274995728736
1603.490411263435,1.0034854363556402,1603.490411263435,1.0000280476896992,1603.480689123111,0.9943958434791426,1603.3806899577155,0.9997457629537548
1603.4918001410222,0.9920349355466264,1603.4918001410222,1.0001212440273275,1603.4820780006985,0.9981462646590662,1603.382078835303,1.0058400444619209
1603.493189018145,0.999313891031321,1603.493189018145,1.0001632714930249,1603.483466877821,0.9930115733922752,1603.3834677124248,0.9860755436737926
1603.494577895268,0.9968126421302441,1603.494577895268,1.0002467147175127,1603.4862446320674,1.006056360024123,1603.3848565900137,1.0017412621221324
1603.4959667723904,1.001471143706051,1603.4959667723904,1.0002043726127823,1603.4876335091897,0.9916440213790182,1603.3862454671369,0.9998382560358022
1603.497355649513,1.0027456547195628,1603.497355649513,1.0002632834028768,1603.490411263435,1.0035135818037768,1603.3876343447248,0.9974340475394052
1603.4987445266354,0.999259385801423,1603.4987445266354,1.000381186089189,1603.4918001410222,0.9921552138574616,1603.389023222313,1.004048288320713
1603.5001334037586,0.9946906385850117,1603.5001334037586,1.0004972643309058,1603.493189018145,0.9994770505023102,1603.3904120994357,1.006216948674291
1603.5015222808809,1.0005226936504281,1603.5015222808809,1.0004967812157677,1603.494577895268,0.9970585704796604,1603.391800977023,1.0137697122058384
1603.5029111584684,1.0082851924170748,1603.5029111584684,1.0005676255255178,1603.4959667723904,1.0016758169803164,1603.3931898541452,0.9997995869956222
1603.504300035591,1.0047535259979394,1603.504300035591,1.0004012767157695,1603.497355649513,1.0030096610077572,1603.394578731734,0.987829446290606
1603.5056889127134,0.9934913042765285,1603.5056889127134,1.0005431993674856,1603.4987445266354,0.999640289578782,1603.3959676088568,0.9997729468132838
1603.507077789836,0.9992480670047107,1603.507077789836,1.0005205140248252,1603.5001334037586,0.995185262759866,1603.3973564864448,0.9913486687452352
1603.5098555440825,0.9945881701204133,1603.5098555440825,1.000538435116873,1603.5015222808809,1.001019734530583,1603.3987453635675,1.0017275342730705
1603.5112444212043,1.0041622336876153,1603.5112444212043,1.0004495398616966,1603.5029111584684,1.0088575208292925,1603.4001342411564,1.0026682317320723
1603.5140221754484,1.0098007059855791,1603.5140221754484,1.0006341950216329,1603.504300035591,1.0051567101930097,1603.4015231182786,1.0107417700525478
1603.5154110525716,0.9924932422192129,1603.5154110525716,1.000596545514719,1603.5056889127134,0.994030968124614,1603.402911995866,1.0013455330870384
1603.5167999296948,1.0037499802816956,1603.5167999296948,1.0006050516305298,1603.507077789836,0.9997681896378662,1603.4043008729889,0.9986169531868114
1603.518188806817,0.9976408370857303,1603.518188806817,1.0005959966858695,1603.5098555440825,0.9951236913180326,1603.4056897505768,0.9980530919805304
1603.5195776839398,0.9928743796269094,1603.5195776839398,1.0005993768107464,1603.5112444212043,1.0046136446392682,1603.407078627699,1.0037608190061935
1603.5209665610616,0.9990362602807183,1603.5209665610616,1.000632842447728,1603.5140221754484,1.0104411165661566,1603.408467505288,1.0045798007341544
1603.5223554381837,0.9927087748059762,1603.5223554381837,1.0006174685255957,1603.5154110525716,0.9930853096112476,1603.4098563824111,0.9952823091383844
1603.5237443153069,1.00429944901754,1603.5237443153069,1.0006855021263505,1603.5167999296948,1.0043573008439093,1603.411245259534,1.0011012181495214
1603.5251331924298,1.000430730429301,1603.5251331924298,1.000652944726257,1603.518188806817,0.9982354277183214,1603.4126341371214,1.007903911037014
1603.526522069552,1.001343317043564,1603.526522069552,1.000640923335304,1603.5195776839398,0.993469485506042,1603.4140230142432,1.0001204924573626
1603.5279109466749,0.9875661078030441,1603.5279109466749,1.0004878263794912,1603.5209665610616,0.9996684928330434,1603.415411891832,1.0070062320357165
1603.53068870092,1.0070492101931288,1603.53068870092,1.0004203974825887,1603.5223554381837,0.9933217412295016,1603.4168007689552,0.992979428478382
1603.5320775780422,0.9845334893282981,1603.5320775780422,1.0005044328842438,1603.5237443153069,1.0049878984253342,1603.4181896465432,1.003464446977678
1603.533466455165,0.9941442803161453,1603.533466455165,1.0005078907999625,1603.5251331924298,1.0010839563987204,1603.419578523666,1.0045514615605955
1603.5348553322872,0.9979791050502037,1603.5348553322872,1.0005245320718543,1603.526522069552,1.001985101342108,1603.4209674007882,1.0006111611218615
1603.5362442094097,1.0051084735835296,1603.5362442094097,1.0005534079147156,1603.5279109466749,0.9880478686019218,1603.4223562783757,0.9989305190064788
1603.5376330865322,0.9954941192404891,1603.5376330865322,1.0006004307038259,1603.53068870092,1.007472571145937,1603.4237451554984,1.0005098332854672
1603.5390219636554,1.0062064703471791,1603.5390219636554,1.000571404763511,1603.5320775780422,0.9850301203959546,1603.425134033087,0.9926642316271428
1603.5404108407777,1.0043301401056757,1603.5404108407777,1.0005497684509697,1603.533466455165,0.9946491970499532,1603.4265229102095,1.0080430244381535
1603.5417997178995,0.99546600667387,1603.5417997178995,1.000446614364427,1603.5348553322872,0.998502577097843,1603.4279117873318,1.0098145965636611
1603.5431885950222,0.9964654280412617,1603.5431885950222,1.0005493473023115,1603.5362442094097,1.0056647085679584,1603.4293006649202,1.0065916781778983
1603.5459663492677,0.9941773454314532,1603.5459663492677,1.0004747518538484,1603.5376330865322,0.9960918444751592,1603.4320784196314,1.0021581266080102
1603.547355226391,1.0008246448309834,1603.547355226391,1.0004997484481897,1603.5390219636554,1.0067814215174111,1603.4334672967532,0.9893174228015768
1603.5487441035136,0.9980835196630402,1603.5487441035136,1.0005860020393156,1603.5404108407777,1.0048822891310638,1603.434856173876,1.00622218156725
1603.5501329806357,0.989758339617729,1603.5501329806357,1.0006401493839663,1603.5417997178995,0.9959105960917494,1603.436245051464,0.995488566672561
1603.5515218577573,0.9970082338030781,1603.5515218577573,1.0007365541397595,1603.5431885950222,0.9970128336360028,1603.4376339285866,1.0047115065335728
1603.5529107348796,0.9993532014183663,1603.5529107348796,1.0007388860987272,1603.5459663492677,0.9946493329692508,1603.4390228057098,1.0022029120165843
1603.554299611537,0.999051212984132,1603.554299611537,1.0006641225209356,1603.547355226391,1.0013248053941477,1603.4404116832986,1.014878813674623
1603.5556884886605,0.9937398707745064,1603.5556884886605,1.0006305615330262,1603.5487441035136,0.99866839864097,1603.4418005604205,0.9927252593917856
1603.5570773657826,0.9949505796193487,1603.5570773657826,1.0006414665695957,1603.5501329806357,0.9903919328091108,1603.443189437542,0.9926598822096184
1603.5584662429053,1.0098323640253721,1603.5584662429053,1.0005720701790244,1603.5515218577573,0.99774258434506,1603.4445783151302,0.9964251185929852
1603.5598551200271,1.0007967778247302,1603.5598551200271,1.000699340302445,1603.5529107348796,1.0000916096066128,1603.4459671922534,1.0073848352393069
1603.5612439971494,1.013945683527605,1603.5612439971494,1.0006564188007465,1603.554299611537,0.9997147053942428,1603.4473560693766,0.991673583826256
1603.5626328742726,1.0046607125325218,1603.5626328742726,1.0006768100129413,1603.5556884886605,0.9943664849108512,1603.4487449469646,1.0013375818081265
1603.564021751395,0.9845445621356046,1603.564021751395,1.0006948069400505,1603.5570773657826,0.9955888071545744,1603.4501338240873,0.9857318717296968
1603.565410628052,1.0023593710597263,1603.565410628052,1.0007166945677295,1603.5584662429053,1.0104100590066447,1603.4515227012091,0.9908084574967444
1603.566799505175,1.0040714830507982,1603.566799505175,1.000635803786861,1603.5598551200271,1.00149667534602,1603.4529115787966,0.996394604710664
1603.568188382297,0.9997675695796361,1603.568188382297,1.0007034863386812,1603.5612439971494,1.0146112565372083,1603.455689333043,1.0030551260128195
1603.570966136542,1.0044126875489519,1603.570966136542,1.000687436996112,1603.5626328742726,1.0053406769623725,1603.4570782101653,1.0006598202304184
1603.573743890321,1.0003268649346697,1603.573743890321,1.0006936622567772,1603.564021751395,0.9852286305301654,1603.4584670877537,1.0108831940817475
1603.5751327674436,0.9886206488544022,1603.5751327674436,1.000725622837839,1603.565410628052,1.0030777565758775,1603.459855964876,1.0055333425667845
1603.5765216445668,1.0040957738066754,1603.5765216445668,1.0007921057925782,1603.566799505175,1.004709875502001,1603.4612448419978,1.002200329549929
1603.57791052169,1.0087093805601466,1603.57791052169,1.0008670772096655,1603.568188382297,1.0004708924066918,1603.46263371912,1.0013172618731283
1603.5792993988118,0.9980495044145115,1603.5792993988118,1.0009618598072072,1603.570966136542,1.0051031579897374,1603.464022596709,1.0022476974251584
1603.5820771525907,1.0018409538578934,1603.5820771525907,1.0009960907951807,1603.573743890321,1.0010207539253153,1603.4654114738316,0.9988482198717548
1603.583466029713,0.992551214734989,1603.583466029713,1.0009873325604115,1603.5751327674436,0.98933801457517,1603.466800350954,0.9925974272923505
1603.5848549068362,1.000370406932072,1603.5848549068362,1.0008691949048785,1603.5765216445668,1.0048911238854108,1603.4681892280769,0.9941979449817712
1603.5876326606165,0.9881385980295675,1603.5876326606165,1.0008842422613455,1603.57791052169,1.009584009475206,1603.4695781056655,0.9982799412883002
1603.589021537738,0.9833755059016003,1603.589021537738,1.0007982737248482,1603.5792993988118,0.9990094881184108,1603.4709669827878,1.000543949029176
1603.5904104148597,1.004288237321961,1603.5904104148597,1.0007565610791251,1603.5820771525907,1.0028388784102662,1603.4723558599096,0.9997727429343372
1603.5917992919829,1.0081336215843277,1603.5917992919829,1.0007940988294572,1603.583466029713,0.9935311928671728,1603.4737447370323,1.0115121606316009
1603.5931881686404,0.9979438843609917,1603.5931881686404,1.0008101782260441,1603.5848549068362,1.0012399237927685,1603.4751336146203,0.9877570013049612
1603.5945770457631,1.0039231215853226,1603.5945770457631,1.0008728325459764,1603.5876326606165,0.989012351938012,1603.4779113688662,1.0015023839565211
1603.5959659228854,0.9920458279137688,1603.5959659228854,1.0008277111023578,1603.589021537738,0.9841605087296208,1603.4793002459894,1.001139275552862
1603.597354800008,0.993563153995432,1603.597354800008,1.000887058450913,1603.5904104148597,1.005048042714542,1603.480689123111,0.9943958434791426
1603.6001325537875,0.9977972991037786,1603.6001325537875,1.000776034368868,1603.5917992919829,1.0089341793131643,1603.4820780006985,0.9981462646590662
1603.6015214309098,1.0009392910569352,1603.6015214309098,1.0007684926761666,1603.5931881686404,0.9987523967669149,1603.483466877821,0.9930115733922752
1603.6029103080325,0.9906490835331212,1603.6029103080325,1.0007053655102933,1603.5945770457631,1.0047993783595004,1603.4862446320674,1.006056360024123
1603.6042991846891,1.0023816358604034,1603.6042991846891,1.0006532454561858,1603.5959659228854,0.9928669552595808,1603.4876335091897,0.9916440213790182
1603.605688061812,1.0179812495496496,1603.605688061812,1.0006177134246896,1603.597354800008,0.9944445025876996,1603.490411263435,1.0035135818037768
1603.607076938935,1.000732833005626,1603.607076938935,1.0006711971811426,1603.6001325537875,0.9985716241010468,1603.4918001410222,0.9921552138574616
1603.6084658155926,1.0041277592198763,1603.6084658155926,1.000629603690867,1603.6015214309098,1.0017085055714,1603.493189018145,0.9994770505023102
1603.6098546927142,0.9993868481242629,1603.6098546927142,1.0007587789323478,1603.6029103080325,0.9913478532294492,1603.494577895268,0.9970585704796604
1603.6112435698358,0.9982394013325462,1603.6112435698358,1.0007915284461948,1603.6042991846891,1.0030364371093934,1603.4959667723904,1.0016758169803164
1603.6126324464929,0.9989160416417772,1603.6126324464929,1.0008028640464517,1603.605688061812,1.0186100702335787,1603.497355649513,1.0030096610077572
1603.6140213236151,1.0040888399407482,1603.6140213236151,1.0008250748106196,1603.607076938935,1.0014045220622163,1603.4987445266354,0.999640289578782
1603.6154102007383,0.9898965404333975,1603.6154102007383,1.0008824355132908,1603.6084658155926,1.0047599617631833,1603.5001334037586,0.995185262759866
1603.616799077396,1.0009948414098093,1603.616799077396,1.0007951043339494,1603.6098546927142,1.000145161809885,1603.5015222808809,1.001019734530583
1603.6181879545186,1.0065017971018313,1603.6181879545186,1.0009028566936962,1603.6112435698358,0.9990295362148134,1603.5029111584684,1.0088575208292925
1603.6195768316404,1.0070548139317341,1603.6195768316404,1.0008997000743738,1603.6126324464929,0.9997180354170352,1603.504300035591,1.0051567101930097
1603.6209657082966,1.0002057547500056,1603.6209657082966,1.0010054191204973,1603.6140213236151,1.0049172883502075,1603.5056889127134,0.994030968124614
1603.6223545854189,1.0060661926952585,1603.6223545854189,1.000947543490577,1603.6154102007383,0.9907700602951596,1603.507077789836,0.9997681896378662
1603.6237434620764,1.0046642660625424,1603.6237434620764,1.0008967668204927,1603.616799077396,1.0017907367464751,1603.5098555440825,0.9951236913180326
1603.6251323391996,1.0046951390091006,1603.6251323391996,1.0008521439705753,1603.6181879545186,1.0074105239865618,1603.5112444212043,1.0046136446392682
1603.6265212163223,1.0051337351440957,1603.6265212163223,1.000957601123345,1603.6195768316404,1.007960861222727,1603.5140221754484,1.0104411165661566
1603.627910092979,1.002196759854524,1603.627910092979,1.0008756072803418,1603.6209657082966,1.0012113807402627,1603.5154110525716,0.9930853096112476
1603.6292989701008,0.992190692263776,1603.6292989701008,1.0007509706812125,1603.6223545854189,1.0070194841672366,1603.5167999296948,1.0043573008439093
1603.630687847223,1.005410006858697,1603.630687847223,1.0006788351955354,1603.6237434620764,1.005565215642082,1603.518188806817,0.9982354277183214
1603.6320767238806,0.9968136681146689,1603.6320767238806,1.0007420810846908,1603.6251323391996,1.0055512839140734,1603.5195776839398,0.993469485506042
1603.6334656010033,1.0035511745042431,1603.6334656010033,1.000803002897654,1603.6265212163223,1.0060962523379815,1603.5209665610616,0.9996684928330434
1603.63485447766,0.9978707415177499,1603.63485447766,1.0007679629166673,1603.627910092979,1.0030742906337875,1603.5223554381837,0.9933217412295016
1603.636243354783,0.9969635999256569,1603.636243354783,1.0008478875625118,1603.6292989701008,0.992935798383838,1603.5237443153069,1.0049878984253342
1603.6376322314393,1.0041156438734693,1603.6376322314393,1.000737445728802,1603.630687847223,1.0060925145572963,1603.5251331924298,1.0010839563987204
1603.639021108562,1.0088473115800192,1603.639021108562,1.0007590015421013,1603.6320767238806,0.997553384682738,1603.526522069552,1.001985101342108
1603.6417988623414,1.0072861606580281,1603.6417988623414,1.0007577985051093,1603.6334656010033,1.004357029005314,1603.5279109466749,0.9880478686019218
1603.6431877394637,1.0027645127130234,1603.6431877394637,1.0007665224086708,1603.63485447766,0.9986370692428628,1603.53068870092,1.007472571145937
1603.6445766161205,0.9993929218289553,1603.6445766161205,1.0007169284372535,1603.636243354783,0.9978089129623108,1603.5320775780422,0.9850301203959546
1603.6459654932437,0.983073698073024,1603.6459654932437,1.000717013822662,1603.6376322314393,1.004856124666267,1603.533466455165,0.9946491970499532
1603.647354369901,0.9975813516145586,1603.647354369901,1.0007368662254659,1603.639021108562,1.0096130282452531,1603.5348553322872,0.998502577097843
1603.650132123679,0.9980632386133104,1603.650132123679,1.000733052682248,1603.6417988623414,1.008049480604792,1603.5362442094097,1.0056647085679584
1603.6515210008015,1.0163301841678738,1603.6515210008015,1.0007605292303166,1603.6431877394637,1.0035331541826378,1603.5376330865322,0.9960918444751592
1603.6529098774583,0.9949787180925139,1603.6529098774583,1.0007954676319966,1603.6445766161205,1.0001094150346044,1603.5390219636554,1.0067814215174111
1603.6542987545815,0.995756533156881,1603.6542987545815,1.0007900518646498,1603.6459654932437,0.9837785755032378,1603.5404108407777,1.0048822891310638
1603.655687631239,0.9960181166002876,1603.655687631239,1.0007785794210857,1603.647354369901,0.998316435619718,1603.5417997178995,0.9959105960917494
1603.6570765083618,1.006649796864403,1603.6570765083618,1.000656866169687,1603.650132123679,0.998794871547429,1603.5431885950222,0.9970128336360028
1603.658465385018,1.0046428473402458,1603.658465385018,1.0006402852773253,1603.6515210008015,1.0171031329805864,1603.5459663492677,0.9946493329692508
1603.6598542621398,1.009093243154287,1603.6598542621398,1.0007454287252868,1603.6529098774583,0.995770191457282,1603.547355226391,1.0013248053941477
1603.661243138797,0.9969835478586087,1603.661243138797,1.0008070037393202,1603.6542987545815,0.9965432324626388,1603.5487441035136,0.99866839864097
1603.6626320159205,1.01170385774858,1603.6626320159205,1.0008133531111807,1603.655687631239,0.9967935958089011,1603.5501329806357,0.9903919328091108
1603.6640208925771,1.0020431054484236,1603.6640208925771,1.0008179556289774,1603.6570765083618,1.0073110310606856,1603.5515218577573,0.99774258434506
1603.6654097696994,0.9972700270039693,1603.6654097696994,1.000707386202837,1603.658465385018,1.0052861053643678,1603.5529107348796,1.0000916096066128
1603.6667986463565,0.9956379423141912,1603.6667986463565,1.0005750681884236,1603.6598542621398,1.009845450244227,1603.554299611537,0.9997147053942428
1603.6681875234783,1.0028020511065943,1603.6681875234783,1.0005683781241332,1603.661243138797,0.9977881173097712,1603.5556884886605,0.9943664849108512
1603.669576400135,0.9966724472197522,1603.669576400135,1.0005896536820653,1603.6626320159205,1.0125267302288732,1603.5570773657826,0.9955888071545744
1603.670965277258,1.0031570201696478,1603.670965277258,1.000543027552782,1603.6640208925771,1.002862732247003,1603.5584662429053,1.0104100590066447
1603.6723541539152,1.0019222483850705,1603.6723541539152,1.0006905600386204,1603.6654097696994,0.9979754820615748,1603.5598551200271,1.00149667534602
1603.6737430305718,1.0089244971815028,1603.6737430305718,1.0005893511662554,1603.6667986463565,0.9962105020220036,1603.5612439971494,1.0146112565372083
1603.6751319076943,1.006686730031167,1603.6751319076943,1.0005704006531588,1603.6681875234783,1.0033720218552793,1603.5626328742726,1.0053406769623725
1603.676520784352,1.0023955628775905,1603.676520784352,1.000584291290434,1603.669576400135,0.9972601387980684,1603.564021751395,0.9852286305301654
1603.6779096614744,1.0109360305016508,1603.6779096614744,1.0005410584093373,1603.670965277258,1.0037017620713666,1603.565410628052,1.0030777565758775
1603.6792985381303,0.9984384193561672,1603.6792985381303,1.0004722453258785,1603.6723541539152,1.00261413585161,1603.566799505175,1.004709875502001
1603.6806874152533,1.0014530735049343,1603.6806874152533,1.0004711988613848,1603.6737430305718,1.0095191080105803,1603.568188382297,1.0004708924066918
1603.68207629191,1.0005524682991551,1603.68207629191,1.0005833588226045,1603.6751319076943,1.0072609447995031,1603.570966136542,1.0051031579897374
1603.6834651685665,0.9955546533784941,1603.6834651685665,1.000643827516894,1603.676520784352,1.0029812538745495,1603.573743890321,1.0010207539253153
1603.6848540456897,1.0095492872056904,1603.6848540456897,1.0005268163797383,1603.6779096614744,1.0114830059422557,1603.5751327674436,0.98933801457517
1603.6862429223472,1.0006801584910268,1603.6862429223472,1.0005057332004412,1603.6792985381303,0.9989099272328856,1603.5765216445668,1.0048911238854108
1603.6876317990034,0.9970890827545588,1603.6876317990034,1.0004888993138716,1603.6806874152533,1.0019249570529,1603.57791052169,1.009584009475206
1603.6890206761252,1.0080658788252965,1603.6890206761252,1.0003938912042087,1603.68207629191,1.001136149409016,1603.5792993988118,0.9990094881184108
1603.6904095527825,1.0040117483323456,1603.6904095527825,1.0003739545455212,1603.6834651685665,0.9961956188589112,1603.5820771525907,1.0028388784102662
1603.6917984299057,0.9860177853990185,1603.6917984299057,1.0002740317071301,1603.6848540456897,1.0100811343063434,1603.583466029713,0.9935311928671728
1603.693187306563,1.0003827928548987,1603.693187306563,1.0001463529076355,1603.6862429223472,1.0011862356701984,1603.5848549068362,1.0012399237927685
1603.6945761832196,0.9930565637473223,1603.6945761832196,1.0002026344318977,1603.6876317990034,0.9975765589229864,1603.5876326606165,0.989012351938012
1603.6959650603424,0.9931756583614675,1603.6959650603424,1.0002661489483355,1603.6890206761252,1.0084629471082287,1603.589021537738,0.9841605087296208
1603.6973539369983,1.0019149477109353,1603.6973539369983,1.0002402722409396,1603.6904095527825,1.0043872030893912,1603.5904104148597,1.005048042714542
1603.6987428136545,0.9841364385529049,1603.6987428136545,1.000255654674614,1603.6917984299057,0.986287985536012,1603.5917992919829,1.0089341793131643
1603.7001316907774,1.0041310462768875,1603.7001316907774,1.0002986889285592,1603.693187306563,1.0005292017853815,1603.5931881686404,0.9987523967669149
1603.701520567435,1.0033433293197098,1603.701520567435,1.0003511423985862,1603.6945761832196,0.9932577911999596,1603.5945770457631,1.0047993783595004
1603.702909444092,1.0007683833045546,1603.702909444092,1.0002370334864996,1603.6959650603424,0.9934399910184528,1603.5959659228854,0.9928669552595808
1603.7042983212143,1.0139714436750904,1603.7042983212143,1.0001147169261653,1603.6973539369983,1.0021556800606526,1603.597354800008,0.9944445025876996
1603.7056871978714,1.0035854978795389,1603.7056871978714,1.0000542264824612,1603.6987428136545,0.9843880376338788,1603.6001325537875,0.9985716241010468
1603.707076074528,1.0032594927166278,1603.707076074528,1.0001003769817156,1603.7001316907774,1.004430969103233,1603.6015214309098,1.0017085055714
1603.708464951185,0.9998220246810966,1603.708464951185,1.0000492005408665,1603.701520567435,1.0036956457029726,1603.6029103080325,0.9913478532294492
1603.7098538283074,0.9921810890206998,1603.7098538283074,1.0000365940409834,1603.702909444092,1.001005598923628,1603.6042991846891,1.0030364371093934
1603.7112427049644,1.003530912190865,1603.7112427049644,1.0000779456598756,1603.7042983212143,1.0140877633623282,1603.605688061812,1.0186100702335787
1603.712631581621,1.0133592997773955,1603.712631581621,1.000005100898087,1603.7056871978714,1.003639918790938,1603.607076938935,1.0014045220622163
1603.7140204587438,0.9938576883850012,1603.7140204587438,1.0000072307715424,1603.707076074528,1.0033601968763843,1603.6084658155926,1.0047599617631833
1603.715409335401,0.9984110609071252,1603.715409335401,0.9999971156554553,1603.708464951185,0.9998712164654812,1603.6098546927142,1.000145161809885
1603.716798212058,1.0023757176787937,1603.716798212058,0.9999071994334546,1603.7098538283074,0.9922173969361344,1603.6112435698358,0.9990295362148134
1603.718187088714,0.9962394631301097,1603.718187088714,0.9998668998996043,1603.7112427049644,1.0036091330700214,1603.6126324464929,0.9997180354170352
1603.7195759658364,1.0004443125264744,1603.7195759658364,0.9999390749223089,1603.712631581621,1.0133644688199093,1603.6140213236151,1.0049172883502075
1603.7209648424937,0.99223278178449,1603.7209648424937,0.9999573720299654,1603.7140204587438,0.9938648747428916,1603.6154102007383,0.9907700602951596
1603.722353719151,1.007042296859422,1603.722353719151,0.9999886842179138,1603.715409335401,0.9984081811456283,1603.616799077396,1.0017907367464751
1603.7237425958083,0.9920695616429744,1603.7237425958083,1.0001038051452427,1603.716798212058,1.002282696644302,1603.6181879545186,1.0074105239865618
1603.7251314729308,1.000788393134105,1603.7251314729308,1.0001333743507508,1603.718187088714,0.996106863557549,1603.6195768316404,1.007960861222727
1603.726520349587,0.9946683981960777,1603.726520349587,1.00020862454535,1603.7195759658364,1.0003833603790082,1603.6209657082966,1.0012113807402627
1603.7279092262431,0.9902093735329816,1603.7279092262431,1.0001337828326895,1603.7209648424937,0.9921904849152008,1603.6223545854189,1.0070194841672366
1603.7292981029002,0.9966176295766367,1603.7292981029002,1.0002674610966478,1603.722353719151,1.007030901388239,1603.6237434620764,1.005565215642082
1603.7306869795575,0.9839008229609221,1603.7306869795575,1.0002427989799216,1603.7237425958083,0.9921725435679116,1603.6251323391996,1.0055512839140734
1603.732075856681,0.9997186346358043,1603.732075856681,1.0001934800171948,1603.7251314729308,1.0009218726362783,1603.6265212163223,1.0060962523379815
1603.7334647333375,0.9901465572739899,1603.7334647333375,1.0002443169561654,1603.726520349587,0.9948759104384254,1603.627910092979,1.0030742906337875
1603.7348536099946,1.0108345306370448,1603.7348536099946,1.000271752921335,1603.7279092262431,0.9903418465479285,1603.6292989701008,0.992935798383838
1603.7362424866506,1.0028733952153956,1603.7362424866506,1.0003241941186103,1603.7292981029002,0.9968841860207818,1603.630687847223,1.0060925145572963
1603.7376313633074,1.0081143414883316,1603.7376313633074,1.0002640955639328,1603.7306869795575,0.984139713077081,1603.6320767238806,0.997553384682738
1603.7390202404306,0.9865310946273262,1603.7390202404306,1.0003371865877544,1603.732075856681,0.9999120602144236,1603.6334656010033,1.004357029005314
1603.7404091170872,1.0107785380383125,1603.7404091170872,1.0003383917286532,1603.7334647333375,0.9903884668670208,1603.63485447766,0.9986370692428628
1603.7417979937445,0.9955495803258825,1603.7417979937445,1.00047485473137,1603.7348536099946,1.0111092278737317,1603.636243354783,0.9978089129623108
1603.743186870401,1.0047157568145457,1603.743186870401,1.0004379367402134,1603.7362424866506,1.0031985208718353,1603.6376322314393,1.004856124666267
1603.744575747058,0.9987357504631758,1603.744575747058,1.0004431776697227,1603.7376313633074,1.0083805800138557,1603.639021108562,1.0096130282452531
1603.7459646237155,1.0102269694979522,1603.7459646237155,1.000338180804622,1603.7390202404306,0.9868637396808372,1603.6417988623414,1.008049480604792
1603.747353500372,0.9963335712960985,1603.747353500372,1.000325843574583,1603.7404091170872,1.0111205771350849,1603.6431877394637,1.0035331541826378
1603.748742377494,0.9981084839651088,1603.748742377494,1.000323551383046,1603.7417979937445,0.9960223217544136,1603.6445766161205,1.0001094150346044
1603.750131254151,0.9871558600337506,1603.750131254151,1.0003212642619275,1603.743186870401,1.005155758757926,1603.6459654932437,0.9837785755032378
1603.7515201308076,1.0058141499296995,1603.7515201308076,1.0003337143463114,1603.744575747058,0.9991783678457348,1603.647354369901,0.998316435619718
1603.7529090074652,0.990400353428076,1603.7529090074652,1.0002433271468245,1603.7459646237155,1.0105686088673478,1603.650132123679,0.998794871547429
1603.7542978841227,0.987984885802804,1603.7542978841227,1.0002345446883594,1603.747353500372,0.9966582201884466,1603.6515210008015,1.0171031329805864
1603.7556867607796,0.9999126237052367,1603.7556867607796,1.0003303609050158,1603.748742377494,0.9984314233455256,1603.6529098774583,0.995770191457282
1603.7570756374355,0.999641821078208,1603.7570756374355,1.0003389998041108,1603.750131254151,0.9874729979325316,1603.6542987545815,0.9965432324626388
1603.7584645140917,1.0025547249795883,1603.7584645140917,1.0003554185810002,1603.7515201308076,1.006149804541254,1603.655687631239,0.9967935958089011
1603.7598533907487,0.9971701811620981,1603.7598533907487,1.00032963268306,1603.7529090074652,0.9906413447202896,1603.6570765083618,1.0073110310606856
1603.761242267872,1.0014699947394226,1603.761242267872,1.0002874948807092,1603.7542978841227,0.9882166124099484,1603.658465385018,1.0052861053643678
1603.7626311445297,0.9876398922607114,1603.7626311445297,1.0002675486136408,1603.7556867607796,1.0002429557445407,1603.6598542621398,1.009845450244227
1603.764020021186,1.0018480563161956,1603.764020021186,1.0002011669647652,1603.7570756374355,0.9999806994597344,1603.661243138797,0.9977881173097712
1603.7654088978431,0.9869030938421832,1603.7654088978431,1.0001404719062947,1603.7584645140917,1.0029110515573156,1603.6626320159205,1.0125267302288732
1603.7667977744993,1.0056006666463302,1603.7667977744993,1.0001995233519787,1603.7598533907487,0.997498881044382,1603.6640208925771,1.002862732247003
1603.7681866511557,1.0063989313743067,1603.7681866511557,1.0000732805413484,1603.761242267872,1.001757912236094,1603.6654097696994,0.9979754820615748
1603.769575527813,0.9945727496462997,1603.769575527813,1.000110278179215,1603.7626311445297,0.987904133944662,1603.6667986463565,0.9962105020220036
1603.7709644044703,0.993440275584203,1603.7709644044703,1.0000504725798909,1603.764020021186,1.0020495950488406,1603.6681875234783,1.0033720218552793
1603.7723532811272,1.0012662707830018,1603.7723532811272,1.0001689589716198,1603.7654088978431,0.9870417260011034,1603.669576400135,0.9972601387980684
1603.773742157784,0.9903418439015471,1603.773742157784,1.0001216702136597,1603.7667977744993,1.0058013074620915,1603.670965277258,1.0037017620713666
1603.7751310344408,1.00476627042244,1603.7751310344408,1.0001745833303313,1603.7681866511557,1.0064726808328102,1603.6723541539152,1.00261413585161
1603.7765199110977,1.0033956386601388,1603.7765199110977,1.0002376964294641,1603.769575527813,0.9946824293182276,1603.6737430305718,1.0095191080105803
1603.7779087877543,1.00836144845686,1603.7779087877543,1.0002508155675056,1603.7709644044703,0.9934904170778792,1603.6751319076943,1.0072609447995031
1603.7792976644112,0.9890042577226096,1603.7792976644112,1.000267446745901,1603.7723532811272,1.0014354437024309,1603.676520784352,1.0029812538745495
1603.7806865410682,0.9988718547367603,1603.7806865410682,1.0003169286785878,1603.773742157784,0.9904623390052908,1603.6779096614744,1.0114830059422557
1603.7820754177249,0.9919567450098455,1603.7820754177249,1.0002876347988425,1603.7751310344408,1.004941685864135,1603.6792985381303,0.9989099272328856
1603.783464294382,0.9947511411018877,1603.783464294382,1.0002820814168427,1603.7765199110977,1.0036341422207882,1603.6806874152533,1.0019249570529
1603.7848531710397,1.0039529752928604,1603.7848531710397,1.0002119096274962,1603.7779087877543,1.0086143612058054,1603.68207629191,1.001136149409016
1603.786242047696,1.0061443710254991,1603.786242047696,1.0000752414810614,1603.7792976644112,0.9892687636930196,1603.6834651685665,0.9961956188589112
1603.7876309243522,1.006423983712269,1603.7876309243522,1.0001434627040096,1603.7806865410682,0.9991884258737606,1603.6848540456897,1.0100811343063434
1603.789019801009,0.9857433903114906,1603.789019801009,1.000107723298995,1603.7820754177249,0.992242066288657,1603.6862429223472,1.0011862356701984
1603.790408677666,0.9864099437272028,1603.790408677666,1.0001071629833387,1603.783464294382,0.9950317419131756,1603.6876317990034,0.9975765589229864
1603.7917975543237,0.993286336136445,1603.7917975543237,1.0001128894383198,1603.7848531710397,1.0041657225938785,1603.6890206761252,1.0084629471082287
1603.793186430981,0.9949139887707923,1603.793186430981,1.000106401362363,1603.786242047696,1.0062200748181367,1603.6904095527825,1.0043872030893912
1603.7945753076376,0.9991348814459527,1603.7945753076376,0.9999957070527515,1603.7876309243522,1.0065683680183524,1603.6917984299057,0.986287985536012
1603.7959641842938,0.9971625549608435,1603.7959641842938,0.9999586248750372,1603.789019801009,0.9858495778414574,1603.693187306563,1.0005292017853815
1603.79735306095,1.0119327550973571,1603.79735306095,0.9999452737222854,1603.790408677666,0.9865156503595676,1603.6945761832196,0.9932577911999596
1603.798741937607,0.9956442572255043,1603.798741937607,0.9998935924259732,1603.7917975543237,0.9933984676730222,1603.6959650603424,0.9934399910184528
1603.8001308142643,0.9968275680339307,1603.8001308142643,0.9998573153972011,1603.793186430981,0.9950198489746316,1603.6973539369983,1.0021556800606526
1603.801519690922,0.9949220553379523,1603.801519690922,0.9997825117870626,1603.7945753076376,0.9991305922126126,1603.6987428136545,0.9843880376338788
1603.8029085675787,0.9937102053002962,1603.8029085675787,0.999816708557487,1603.7959641842938,0.9971212972355238,1603.7001316907774,1.004430969103233
1603.8042974442358,0.9898951902112,1603.8042974442358,0.9998128080230058,1603.79735306095,1.011877375784373,1603.701520567435,1.0036956457029726
1603.8056863204265,0.999732294566044,1603.8056863204265,0.9998826146390283,1603.798741937607,0.9955383131354992,1603.702909444092,1.001005598923628
1603.807075197083,1.0162865255130153,1603.807075197083,0.9997941098045158,1603.8001308142643,0.9966853360883268,1603.7042983212143,1.0140877633623282
1603.8084640737404,0.9994451765661971,1603.8084640737404,0.999837079149931,1603.801519690922,0.9947056715181248,1603.7056871978714,1.003639918790938
1603.8098529503973,0.9979412887000951,1603.8098529503973,0.9998412008354332,1603.8029085675787,0.9935280667233268,1603.707076074528,1.0033601968763843
1603.811241827054,0.9995776161966439,1603.811241827054,0.9997575000905394,1603.8042974442358,0.9897098897735273,1603.708464951185,0.9998712164654812
1603.8126307037107,1.003547331610598,1603.8126307037107,0.9997772291361445,1603.8056863204265,0.9996149406297712,1603.7098538283074,0.9922173969361344
1603.8140195803678,0.9962508374718413,1603.8140195803678,0.9998175565106686,1603.807075197083,1.0160772820816095,1603.7112427049644,1.0036091330700214
1603.8154084570244,0.9892325186587678,1603.8154084570244,0.9997247444192677,1603.8084640737404,0.9992823461084336,1603.712631581621,1.0133644688199093
1603.8167973336815,0.9951653624385822,1603.8167973336815,0.9996816210143649,1603.8098529503973,0.9977828164571628,1603.7140204587438,0.9938648747428916
1603.8181862098725,0.9912905909760783,1603.8181862098725,0.999800403362939,1603.811241827054,0.9993352187152174,1603.715409335401,0.9984081811456283
1603.8195750865295,1.008491861022923,1603.8195750865295,0.999865733488159,1603.8126307037107,1.0033237705046154,1603.716798212058,1.002282696644302
1603.8209639631862,1.0137404254625852,1603.8209639631862,0.9999422760288967,1603.8140195803678,0.9960690779928036,1603.718187088714,0.996106863557549
1603.8223528398437,1.0017788497237659,1603.8223528398437,1.0000286221414803,1603.8154084570244,0.9889602268873652,1603.7195759658364,1.0003833603790082
1603.8237417165012,1.0006215899203699,1603.8237417165012,1.0000449983044386,1603.8167973336815,0.9948485226999498,1603.7209648424937,0.9921904849152008
1603.8251305931574,1.0061711993424902,1603.8251305931574,1.000181567534727,1603.8181862098725,0.9910927327077692,1603.722353719151,1.007030901388239
1603.826519469348,0.9983538256798133,1603.826519469348,1.0002079467905765,1603.8195750865295,1.0083564543385235,1603.7237425958083,0.9921725435679116
1603.8279083460047,0.9932217625060121,1603.8279083460047,1.0001311778817004,1603.8209639631862,1.0136819083395596,1603.7251314729308,1.0009218726362783
1603.8292972226616,0.9943500973260029,1603.8292972226616,1.0001843379739688,1603.8223528398437,1.0018075227797345,1603.726520349587,0.9948759104384254
1603.830686099319,0.9898611037517483,1603.830686099319,1.0001366897847608,1603.8237417165012,1.0006666161953008,1603.7279092262431,0.9903418465479285
1603.8320749759766,1.0050322629384105,1603.8320749759766,1.0001194288798994,1603.8251305931574,1.0063538873666682,1603.7292981029002,0.9968841860207818
1603.8334638521676,0.9977478245269129,1603.8334638521676,1.0000752576164134,1603.826519469348,0.9985614301537232,1603.7306869795575,0.984139713077081
1603.8348527288238,0.9887013653637449,1603.8348527288238,1.0000986398125178,1603.8279083460047,0.9933520512328764,1603.732075856681,0.9999120602144236
1603.83624160548,1.0138320759865689,1603.83624160548,1.00022625738236,1603.8292972226616,0.9945333938083596,1603.7334647333375,0.9903884668670208
1603.8376304821377,0.9883649629290444,1603.8376304821377,1.000260879646272,1603.830686099319,0.9899964076529632,1603.7348536099946,1.0111092278737317
1603.839019358795,0.9904924382194324,1603.839019358795,1.0001137656419037,1603.8320749759766,1.005152292815836,1603.7362424866506,1.0031985208718353
1603.8404082349864,0.9910617604389325,1603.8404082349864,1.0000966012593628,1603.8334638521676,0.9978229126499684,1603.7376313633074,1.0083805800138557
1603.841797111643,0.9944254466956529,1603.841797111643,1.0001164797545707,1603.8348527288238,0.9887988906810604,1603.7390202404306,0.9868637396808372
1603.8431859883,1.0023027037597485,1603.8431859883,1.0001192394704095,1603.83624160548,1.014061462978234,1603.7404091170872,1.0111205771350849
1603.8445748649565,1.0083120859671757,1603.8445748649565,1.0002306990085943,1603.8376304821377,0.988622807230961,1603.7417979937445,0.9960223217544136
1603.8459637411472,1.0140287417153917,1603.8459637411472,1.0003022899404506,1603.839019358795,0.9906051222274672,1603.743186870401,1.005155758757926
1603.8473526178047,0.9967335923048862,1603.8473526178047,1.0004166575213937,1603.8404082349864,0.9911574982530972,1603.744575747058,0.9991783678457348
1603.8487414944614,1.0096691543224041,1603.8487414944614,1.0003892554707006,1603.841797111643,0.994541277127623,1603.7459646237155,1.0105686088673478
1603.8501303711184,1.002733771671093,1603.8501303711184,1.0005242079811587,1603.8431859883,1.0024222178033348,1603.747353500372,0.9966582201884466
1603.8515192473094,1.0065488145701156,1603.8515192473094,1.000520541035083,1603.8445748649565,1.008544702565762,1603.748742377494,0.9984314233455256
1603.852908123967,0.9932327947192198,1603.852908123967,1.0006158597785708,1603.8459637411472,1.01433527240334,1603.750131254151,0.9874729979325316
1603.854297000624,1.0099105941802045,1603.854297000624,1.0006261207116078,1603.8473526178047,0.9971488888529458,1603.7515201308076,1.006149804541254
1603.8556858768145,0.9997002757486945,1603.8556858768145,1.000634887651578,1603.8487414944614,1.0100621735643218,1603.7529090074652,0.9906413447202896
1603.8570747534711,0.998121710481067,1603.8570747534711,1.0007101057064507,1603.8501303711184,1.0032594127171803,1603.7542978841227,0.9882166124099484
1603.8584636301282,1.0108605638892048,1603.8584636301282,1.0007438268055142,1603.8515192473094,1.0070727645319135,1603.7556867607796,1.0002429557445407
1603.8598525067848,1.009827499635728,1603.8598525067848,1.0008816838724988,1603.852908123967,0.9938444868482448,1603.7570756374355,0.9999806994597344
1603.8612413829767,1.0158273739090302,1603.8612413829767,1.000777741850351,1603.854297000624,1.0105429201200928,1603.7584645140917,1.0029110515573156
1603.8626302596342,0.9883733742157377,1603.8626302596342,1.0007883442615133,1603.8556858768145,1.0003349731090465,1603.7598533907487,0.997498881044382
1603.8640191362904,1.0133329498558226,1603.8640191362904,1.000678420152646,1603.8570747534711,0.998830482403412,1603.761242267872,1.001757912236094
1603.8654080124809,1.0043924926573304,1603.8654080124809,1.0006957841268436,1603.8584636301282,1.0116124690732629,1603.7626311445297,0.987904133944662
1603.8667968891375,1.0113143744044457,1603.8667968891375,1.000627530732133,1603.8598525067848,1.0107178482561625,1603.764020021186,1.0020495950488406
1603.868185765795,0.9968931726148132,1603.868185765795,1.000686129631341,1603.8612413829767,1.0166174253704514,1603.7654088978431,0.9870417260011034
1603.869574641987,1.00773181668573,1603.869574641987,1.000690587825933,1603.8626302596342,0.9891525526935332,1603.7667977744993,1.0058013074620915
1603.870963518644,0.9943672529509185,1603.870963518644,1.0006850658384474,1603.8640191362904,1.014020415350345,1603.7681866511557,1.0064726808328102
1603.8723523953006,0.9991391307188486,1603.8723523953006,1.0006805465576116,1603.8654080124809,1.0050913330108422,1603.769575527813,0.9946824293182276
1603.873741271491,1.0059588003870732,1603.873741271491,1.0006814181244303,1603.8667968891375,1.0119490052542324,1603.7709644044703,0.9934904170778792
1603.8751301481473,1.0045223905518978,1603.8751301481473,1.0006771978107347,1603.868185765795,0.9975771705598258,1603.7723532811272,1.0014354437024309
1603.8765190243391,1.0156252916776212,1603.8765190243391,1.000695562955126,1603.869574641987,1.0084277440101386,1603.773742157784,0.9904623390052908
1603.877907900997,0.9953426783079917,1603.877907900997,1.0006181646506236,1603.870963518644,0.995048459986786,1603.7751310344408,1.004941685864135
1603.8792967776535,1.0013847903546134,1603.8792967776535,1.0007311402302717,1603.8723523953006,0.9998190914148344,1603.7765199110977,1.0036341422207882
1603.8806856538447,1.0035668880956616,1603.8806856538447,1.000794510701664,1603.873741271491,1.0066442789460872,1603.7779087877543,1.0086143612058054
1603.8820745305018,1.006670147740097,1603.8820745305018,1.0008058828028308,1603.8751301481473,1.0052026509156136,1603.7792976644112,0.9892687636930196
1603.8834634071584,0.9984424284108714,1603.8834634071584,1.000847421945952,1603.8765190243391,1.0163317230068012,1603.7806865410682,0.9991884258737606
1603.8848522833491,1.0007535949667539,1603.8848522833491,1.0007820435507973,1603.877907900997,0.9959579639669788,1603.7820754177249,0.992242066288657
1603.8862411600064,0.9926078629426353,1603.8862411600064,1.0007483610849732,1603.8792967776535,1.0021169430608237,1603.783464294382,0.9950317419131756
1603.8876300361974,0.9947090705157527,1603.8876300361974,1.0007926607425466,1603.8806856538447,1.0043642327280893,1603.7848531710397,1.0041657225938785
1603.8890189128545,0.9966068759649003,1603.8890189128545,1.0007935056253945,1603.8820745305018,1.007481405900284,1603.786242047696,1.0062200748181367
1603.8904077890454,1.0003631619541624,1603.8904077890454,1.0008002205029851,1603.8834634071584,0.9992885304364764,1603.7876309243522,1.0065683680183524
1603.891796665703,1.006481350418583,1603.891796665703,1.0008641082866538,1603.8848522833491,1.0015362278616349,1603.789019801009,0.9858495778414574
1603.89318554236,0.98476344333625,1603.89318554236,1.000843043548539,1603.8862411600064,0.9933506920399,1603.790408677666,0.9865156503595676
1603.8945744185503,1.0084788006789678,1603.8945744185503,1.0007460368022063,1603.8876300361974,0.9954975373462056,1603.7917975543237,0.9933984676730222
1603.8959632952071,0.991724547096954,1603.8959632952071,1.0008558369585072,1603.8890189128545,0.9973976891272852,1603.793186430981,0.9950198489746316
1603.8973521713986,1.0149932689187027,1603.8973521713986,1.0009776770221366,1603.8904077890454,1.0011636730667892,1603.7945753076376,0.9991305922126126
1603.898741048056,0.9904138847492453,1603.898741048056,1.000943900292629,1603.891796665703,1.0073510592938422,1603.7959641842938,0.9971212972355238
1603.900129924248,1.0049967086320013,1603.900129924248,1.0010630385333552,1603.89318554236,0.9855936418039916,1603.79735306095,1.011877375784373
1603.9015188009046,1.0039956209489562,1603.9015188009046,1.0010409906789972,1603.8945744185503,1.0092311629785191,1603.798741937607,0.9955383131354992
1603.902907677095,1.011393120685168,1603.902907677095,1.0010968513888288,1603.8959632952071,0.9925733016170184,1603.8001308142643,0.9966853360883268
1603.9042965537512,0.9966892670227153,1603.9042965537512,1.0010889314782951,1603.8973521713986,1.0159856045153477,1603.801519690922,0.9947056715181248
1603.9056854299422,1.0006637279838686,1603.9056854299422,1.001185211080024,1603.898741048056,0.991348736704884,1603.8029085675787,0.9935280667233268
1603.9070743065995,0.9911625700637555,1603.9070743065995,1.0011412311079644,1603.900129924248,1.0060650588591722,1603.8042974442358,0.9897098897735273
1603.9084631827916,1.005219916364622,1603.9084631827916,1.001167902879848,1603.9015188009046,1.005040771032118,1603.8056863204265,0.9996149406297712
1603.909852059449,0.9956967748296093,1603.909852059449,1.0012386822423802,1603.902907677095,1.0125024686342434,1603.807075197083,1.0160772820816095
1603.9112409356396,0.9919486365760994,1603.9112409356396,1.0011602179380221,1603.9042965537512,0.9977745933396552,1603.8084640737404,0.9992823461084336
1603.9126298122958,1.002836555375428,1603.9126298122958,1.0011283399608932,1603.9056854299422,1.0018497257216532,1603.8098529503973,0.9977828164571628
1603.9140186884872,1.00373122435406,1603.9140186884872,1.0011201770033014,1603.9070743065995,0.9922937156217622,1603.811241827054,0.9993352187152174
1603.9154075651447,1.00153731979663,1603.9154075651447,1.0012580333090462,1603.9084631827916,1.0063939155998247,1603.8126307037107,1.0033237705046154
1603.9167964413357,0.9973558742954729,1603.9167964413357,1.0012690556902293,1603.909852059449,0.996930126743386,1603.8140195803678,0.9960690779928036
1603.9181853179928,0.9934237013554372,1603.9181853179928,1.0012804003896576,1603.9112409356396,0.9930995131778516,1603.8154084570244,0.9889602268873652
1603.9195741941835,0.9871694694291172,1603.9195741941835,1.0013094137049496,1603.9126298122958,1.0039680959351025,1603.8167973336815,0.9948485226999498
1603.9209630708403,0.990504358094249,1603.9209630708403,1.0012887717323666,1603.9140186884872,1.004855580989077,1603.8181862098725,0.9910927327077692
1603.9223519470318,1.0007749691089032,1603.9223519470318,1.001379030608788,1603.9154075651447,1.002797287105187,1603.8195750865295,1.0083564543385235
1603.9237408236884,0.9957210397049742,1603.9237408236884,1.0013698285199262,1603.9167964413357,0.9986215744429312,1603.8209639631862,1.0136819083395596
1603.9251296998798,1.0023310392275804,1603.9251296998798,1.00143486205533,1603.9181853179928,0.9946956814497478,1603.8223528398437,1.0018075227797345
1603.9265185760707,0.9964127630974289,1603.9265185760707,1.0014702671858449,1603.9195741941835,0.9884620826614956,1603.8237417165012,1.0006666161953008
1603.9279074527278,1.013633652095165,1603.9279074527278,1.0015858337615455,1603.9209630708403,0.9917808921117468,1603.8251305931574,1.0063538873666682
1603.9292963289188,1.0074171375409187,1603.9292963289188,1.0017162105872994,1603.9223519470318,1.0021550684238132,1603.826519469348,0.9985614301537232
1603.9306852055763,1.0055671287173804,1603.9306852055763,1.0018055480543888,1603.9237408236884,0.9970850067830526,1603.8279083460047,0.9933520512328764
1603.9320740817675,0.9860924791088188,1603.9320740817675,1.0018050899659032,1603.9251296998798,1.0037692460026475,1603.8292972226616,0.9945333938083596
1603.9334629579582,1.0046449148928873,1603.9334629579582,1.0016905860996614,1603.9265185760707,0.997877756086568,1603.830686099319,0.9899964076529632
1603.9348518346148,0.9950192877324959,1603.9348518346148,1.0016689240142365,1603.9279074527278,1.0152411065624962,1603.8320749759766,1.005152292815836
1603.9362407108065,0.9967767726399714,1603.9362407108065,1.0016693418457534,1603.9292963289188,1.0091460774981933,1603.8334638521676,0.9978229126499684
1603.9376295874638,1.0016110640167708,1603.9376295874638,1.0017589395900133,1603.9306852055763,1.0073827284901935,1603.8348527288238,0.9887988906810604
1603.9390184636554,1.0001975720944776,1603.9390184636554,1.0017686947784188,1603.9320740817675,0.9878724647483108,1603.83624160548,1.014061462978234
1603.9404073398466,0.9950107953505292,1603.9404073398466,1.0017792408393056,1603.9334629579582,1.0063433536211008,1603.8376304821377,0.988622807230961
1603.9417962165028,0.9957525408885773,1603.9417962165028,1.0018241545757143,1603.9348518346148,0.9966798993164212,1603.839019358795,0.9906051222274672
1603.9431850926933,1.012726630565988,1603.9431850926933,1.0018116869188671,1603.9362407108065,0.9984407338174144,1603.8404082349864,0.9911574982530972
1603.9445739688842,1.0091558993203646,1603.9445739688842,1.001856814953474,1603.9376295874638,1.0033728373710653,1603.841797111643,0.994541277127623
1603.9459628455418,1.000396957911056,1603.9459628455418,1.0018435515350979,1603.9390184636554,1.0019666163176282,1603.8431859883,1.0024222178033348
1603.9473517217336,1.0025114718528298,1603.9473517217336,1.0017625013662246,1603.9404073398466,0.9967811591931668,1603.8445748649565,1.008544702565762
1603.948740597925,1.0021791649679967,1603.948740597925,1.0018291187872568,1603.9417962165028,0.9975689474423184,1603.8459637411472,1.01433527240334
1603.9501294745817,1.0086089276445933,1603.9501294745817,1.0017848145873265,1603.9431850926933,1.0145613741549728,1603.8473526178047,0.9971488888529458
1603.9515183507722,1.0065488650486651,1603.9515183507722,1.0018087920076733,1603.9445739688842,1.011029715084609,1603.8487414944614,1.0100621735643218
1603.9529072269636,0.9934537817002345,1603.9529072269636,1.001799668591622,1603.9459628455418,1.0022412412585202,1603.8501303711184,1.0032594127171803
1603.9542961036211,1.0047482987207856,1603.9542961036211,1.0018465046400367,1603.9473517217336,1.0042783996916262,1603.8515192473094,1.0070727645319135
1603.955684979812,1.0013336586754522,1603.955684979812,1.0018802958707718,1603.948740597925,1.004012269706837,1603.852908123967,0.9938444868482448
1603.9570738560033,0.99979543843021,1603.9570738560033,1.0019048259199699,1603.9501294745817,1.010409107571561,1603.854297000624,1.0105429201200928
1603.95846273266,0.9962671435041537,1603.95846273266,1.0019364358532483,1603.9515183507722,1.0083695025910977,1603.8556858768145,1.0003349731090465
1603.959851608851,1.0007670259661359,1603.959851608851,1.0019997764481903,1603.9529072269636,0.9952416692683884,1603.8570747534711,0.998830482403412
1603.9612404850425,1.0132334837337462,1603.9612404850425,1.0021186313961226,1603.9542961036211,1.0066035711164425,1603.8584636301282,1.0116124690732629
1603.962629361699,1.0046774545204842,1603.962629361699,1.0020500682051015,1603.955684979812,1.0032164622191244,1603.8598525067848,1.0107178482561625
1603.9640182378903,0.9875078661186361,1603.9640182378903,1.0021265817661407,1603.9570738560033,1.0016998746959995,1603.8612413829767,1.0166174253704514
1603.9654071140817,0.9879831556548886,1603.9654071140817,1.0021584590481654,1603.95846273266,0.9981963509202484,1603.8626302596342,0.9891525526935332
1603.9667959902729,0.9977778968568497,1603.9667959902729,1.0022441477427577,1603.959851608851,1.0027683362947883,1603.8640191362904,1.014020415350345
1603.9681848669304,1.0002329249030215,1603.9681848669304,1.0023616321639752,1603.9612404850425,1.0153801520039871,1603.8654080124809,1.0050913330108422
1603.9695737431225,1.0104097056198718,1603.9695737431225,1.0023230219647616,1603.962629361699,1.0067371118263788,1603.8667968891375,1.0119490052542324
1603.9709626193128,1.0052306554251487,1603.9709626193128,1.002207466820833,1603.9640182378903,0.9896078823406445,1603.868185765795,0.9975771705598258
1603.9723514955033,1.0055723325732084,1603.9723514955033,1.002085564177815,1603.9654071140817,0.9901156768366468,1603.869574641987,1.0084277440101386
1603.97374037216,1.0012460268639902,1603.97374037216,1.0020879184521225,1603.9667959902729,1.0000170578718546,1603.870963518644,0.995048459986786
1603.9751292483509,1.0119798249298197,1603.9751292483509,1.0019713727952073,1603.9681848669304,1.0025951071499395,1603.8723523953006,0.9998190914148344
1603.9765181245427,0.9985936058450828,1603.9765181245427,1.0019173609336713,1603.9695737431225,1.012756909559435,1603.873741271491,1.0066442789460872
1603.9779070007346,1.0045183281102574,1603.9779070007346,1.0018107953346358,1603.9709626193128,1.0074496687442838,1603.8751301481473,1.0052026509156136
1603.9792958773917,0.9909833720118773,1603.9792958773917,1.001893040609982,1603.9723514955033,1.007669518208225,1603.8765190243391,1.0163317230068012
1603.9806847535822,0.996139526611315,1603.9806847535822,1.0018357024887947,1603.97374037216,1.003336546918594,1603.877907900997,0.9959579639669788
1603.982073629773,1.000308024632415,1603.982073629773,1.0018801046990065,1603.9751292483509,1.013974814425985,1603.8792967776535,1.0021169430608237
1603.9834625059646,1.002387207254706,1603.9834625059646,1.0018532642042974,1603.9765181245427,1.0005082702135442,1603.8806856538447,1.0043642327280893
1603.9848513821564,1.0089909976018545,1603.9848513821564,1.0017820499593628,1603.9779070007346,1.0063373052123556,1603.8820745305018,1.007481405900284
1603.986240258813,0.9952448898815478,1603.986240258813,1.0016568247937077,1603.9792958773917,0.9928593437789126,1603.8834634071584,0.9992885304364764
1603.9876291350045,1.002841820063957,1603.9876291350045,1.0015999611183024,1603.9806847535822,0.9979681424195022,1603.8848522833491,1.0015362278616349
1603.9890180111954,0.9918047776261744,1603.9890180111954,1.001616314535429,1603.982073629773,1.0021887084499803,1603.8862411600064,0.9933506920399
1603.990406887386,0.992287761512909,1603.990406887386,1.0015774539521691,1603.9834625059646,1.0042448955847567,1603.8876300361974,0.9954975373462056
1603.991795763577,0.9991136812735032,1603.991795763577,1.0016049873905504,1603.9848513821564,1.0107890699681283,1603.8890189128545,0.9973976891272852
1603.993184639769,1.0015369939423624,1603.993184639769,1.0015386695463384,1603.986240258813,0.9968938362909144,1603.8904077890454,1.0011636730667892
1603.9945735164258,1.0042524703699738,1603.9945735164258,1.001514533128846,1603.9876291350045,1.004446327983867,1603.891796665703,1.0073510592938422
1603.9959623926168,0.9970379622366122,1603.9959623926168,1.0014919364349448,1603.9890180111954,0.9934078461045596,1603.89318554236,0.9855936418039916
1603.9973512688082,1.0077080433626155,1603.9973512688082,1.0015813367994626,1603.990406887386,0.9938530497639966,1603.8945744185503,1.0092311629785191
1603.998740145,0.995244953073785,1603.998740145,1.0015343956497573,1603.991795763577,1.0007172461336735,1603.8959632952071,0.9925733016170184
1604.000129021191,0.9964674057987043,1604.000129021191,1.0014583165070585,1603.993184639769,1.003078028414473,1603.8973521713986,1.0159856045153477
1604.0015178973815,0.9926401920500836,1604.0015178973815,1.0014251869733324,1603.9945735164258,1.0057734440060746,1603.898741048056,0.991348736704884
1604.002906773573,0.9952037669904713,1604.002906773573,1.0013479694371425,1603.9959623926168,0.9985254794994962,1603.900129924248,1.0060650588591722
1604.004295649764,1.005350373088862,1604.004295649764,1.001430733114668,1603.9973512688082,1.0093015691746994,1603.9015188009046,1.005040771032118
1604.005684526421,0.9987029507684132,1604.005684526421,1.0014134625299902,1603.998740145,0.9967720526002244,1603.902907677095,1.0125024686342434
1604.0070734026128,1.0020007392238788,1604.0070734026128,1.0013823127926877,1604.000129021191,0.9979205706653264,1603.9042965537512,0.9977745933396552
1604.0084622788047,1.0043414877867576,1604.0084622788047,1.0012666161268406,1604.0015178973815,0.9940548899209996,1603.9056854299422,1.0018497257216532
1604.0098511549952,0.9918915818134583,1604.0098511549952,1.0012689181816765,1604.002906773573,0.9965452712521036,1603.9070743065995,0.9922937156217622
1604.0112400311857,0.9842317660021266,1604.0112400311857,1.001252226023463,1604.004295649764,1.006788761159484,1603.9084631827916,1.0063939155998247
1604.012628907377,1.0059250946786087,1604.012628907377,1.0013059573544074,1604.005684526421,1.000114579967915,1603.909852059449,0.996930126743386
1604.0140177835683,0.9858818145239666,1604.0140177835683,1.0013149390047311,1604.0070734026128,1.0033858176639905,1603.9112409356396,0.9930995131778516
1604.0154066597604,1.0014173792197214,1604.0154066597604,1.001395938618014,1604.0084622788047,1.0056136029120435,1603.9126298122958,1.0039680959351025
1604.0167955359514,0.9990643352334959,1604.0167955359514,1.0013963785347406,1604.0098511549952,0.9931502110758732,1603.9140186884872,1.004855580989077
1604.0181844121428,1.0018418476305608,1604.0181844121428,1.0013094759774739,1604.0112400311857,0.9854642466326334,1603.9154075651447,1.002797287105187
1604.0195732883333,0.9912051257748271,1604.0195732883333,1.001305170880821,1604.012628907377,1.0072387899539872,1603.9167964413357,0.9986215744429312
1604.0209621645238,1.013099470318055,1604.0209621645238,1.0012212317488647,1604.0140177835683,0.9871781889759392,1603.9181853179928,0.9946956814497478
1604.0223510407156,1.012834036441135,1604.0223510407156,1.0013420444089642,1604.0154066597604,1.0028152964121246,1603.9195741941835,0.9884620826614956
1604.0237399173732,0.995613046553492,1604.0237399173732,1.0013285491239041,1604.0167955359514,1.0004594072260409,1603.9209630708403,0.9917808921117468
1604.025128793564,1.00735974052819,1604.025128793564,1.0013285015784077,1604.0181844121428,1.0031537354632611,1603.9223519470318,1.0021550684238132
1604.0265176697555,1.0012091443187723,1604.0265176697555,1.0012272203173171,1604.0195732883333,0.9924988178419089,1603.9237408236884,0.9970850067830526
1604.0279065459465,1.0107429648258839,1604.0279065459465,1.0011264550302992,1604.0209621645238,1.0143366995559653,1603.9251296998798,1.0037692460026475
1604.0292954221377,1.006235113517755,1604.0292954221377,1.0010137339652485,1604.0223510407156,1.0141933046969496,1603.9265185760707,0.997877756086568
1604.0306842983289,1.0044649194926552,1604.0306842983289,1.0009991285406556,1604.0237399173732,0.9969357673942382,1603.9279074527278,1.0152411065624962
1604.0320731745198,0.9889474484965566,1604.0320731745198,1.000938156121406,1604.025128793564,1.008698019533506,1603.9292963289188,1.0091460774981933
1604.0334620507113,0.9967826441983073,1604.0334620507113,1.0009693792319891,1604.0265176697555,1.002437848522564,1603.9306852055763,1.0073827284901935
1604.0348509269022,1.0023049439382679,1604.0348509269022,1.000854297977419,1604.0279065459465,1.0118815213229515,1603.9320740817675,0.9878724647483108
1604.0362398030936,0.9944036003144772,1604.0362398030936,1.0008512599412327,1604.0292954221377,1.0072551682293536,1603.9334629579582,1.0063433536211008
1604.0376286792855,1.001677314755151,1604.0376286792855,1.000850648608914,1604.0306842983289,1.0054685090618076,1603.9348518346148,0.9966798993164212
1604.0390175554764,1.0046900018767209,1604.0390175554764,1.0007973979502613,1604.0320731745198,0.9898752355991124,1603.9362407108065,0.9984407338174144
1604.040406431667,1.0123791362112775,1604.040406431667,1.0007647154628623,1604.0334620507113,0.9977489045924004,1603.9376295874638,1.0033728373710653
1604.0417953073927,0.993980422216036,1604.0417953073927,1.000710907722645,1604.0348509269022,1.0031612110246315,1603.9390184636554,1.0019666163176282
1604.0431841835837,0.9961402026327704,1604.0431841835837,1.000674004001941,1604.0362398030936,0.9952500962648424,1603.9404073398466,0.9967811591931668
1604.0445730597755,0.9981147570716331,1604.0445730597755,1.000690386696077,1604.0376286792855,1.002529390169528,1603.9417962165028,0.9975689474423184
1604.0459619359674,0.9959806141632503,1604.0459619359674,1.0007148669335282,1604.0390175554764,1.0054911396248654,1603.9431850926933,1.0145613741549728
1604.0473508121588,1.0063679190043073,1604.0473508121588,1.0007156472246777,1604.040406431667,1.0131533181910175,1603.9445739688842,1.011029715084609
1604.048739688349,1.0082692895567988,1604.048739688349,1.0006977885807222,1604.0417953073927,0.9946870505743474,1603.9459628455418,1.0022412412585202
1604.0501285645394,1.0021689124184094,1604.0501285645394,1.000804141177715,1604.0431841835837,0.9968116051158392,1603.9473517217336,1.0042783996916262
1604.0515174407308,1.000040149683893,1604.0515174407308,1.0008061874143734,1604.0445730597755,0.9988038422210735,1603.948740597925,1.004012269706837
1604.0529063169226,1.0084366328551138,1604.0529063169226,1.0008591154307416,1604.0459619359674,0.9966926077707507,1603.9501294745817,1.010409107571561
1604.0542951931145,1.012114533306802,1604.0542951931145,1.0008224280981535,1604.0473508121588,1.0070881234125475,1603.9515183507722,1.0083695025910977
1604.0556840693057,1.0033179780526715,1604.0556840693057,1.0006991077929783,1604.048739688349,1.0089728483533444,1603.9529072269636,0.9952416692683884
1604.0570729454969,0.9989631659175989,1604.0570729454969,1.0006005441647787,1604.0501285645394,1.002974797707911,1603.9542961036211,1.0066035711164425
1604.0584618216874,0.9949045117034303,1604.0584618216874,1.0006365010384706,1604.0515174407308,1.0008463694664365,1603.955684979812,1.0032164622191244
1604.0598506978783,0.9960301844964419,1604.0598506978783,1.0005255320577775,1604.0529063169226,1.0093029963273246,1603.9570738560033,1.0016998746959995
1604.0612395736046,0.9973348387904781,1604.0612395736046,1.0005019842635092,1604.0542951931145,1.012946924737543,1603.95846273266,0.9981963509202484
1604.062628449796,1.0124157279512545,1604.062628449796,1.0005311937155628,1604.0556840693057,1.0040194054699634,1603.959851608851,1.0027683362947883
1604.064017325987,1.0039844888602258,1604.064017325987,1.0004512742317935,1604.0570729454969,0.9995630874177196,1603.9612404850425,1.0153801520039871
1604.0654062021783,0.9970712629988864,1604.0654062021783,1.0004592731391069,1604.0584618216874,0.9955377694583086,1603.962629361699,1.0067371118263788
1604.0667950783693,0.9988495590658297,1604.0667950783693,1.0004335576636827,1604.0598506978783,0.9965536302889088,1603.9640182378903,0.9896078823406445
1604.0681839545605,0.9908106452649715,1604.0681839545605,1.000398014277034,1604.0612395736046,0.9978354851850004,1603.9654071140817,0.9901156768366468
1604.0695728307517,0.9990659645891183,1604.0695728307517,1.0002752878248256,1604.062628449796,1.0129535168234791,1603.9667959902729,1.0000170578718546
1604.070961706477,1.0061202046895497,1604.070961706477,1.0002611709869158,1604.064017325987,1.0044375611891687,1603.9681848669304,1.0025951071499395
1604.0723505826684,1.0000911588082888,1604.0723505826684,1.0002141643709024,1604.0654062021783,0.9975291910477572,1603.9695737431225,1.012756909559435
1604.073739458859,1.0141228256359032,1604.073739458859,1.000184425253085,1604.0667950783693,0.9992826179470288,1603.9709626193128,1.0074496687442838
1604.0751283350507,0.994665017174927,1604.0751283350507,1.000167272087232,1604.0681839545605,0.9912050020476242,1603.9723514955033,1.007669518208225
1604.0765172112426,1.0104754203785846,1604.0765172112426,1.0000377457704044,1604.0695728307517,0.9993409952853674,1603.97374037216,1.003336546918594
1604.0779060874336,0.9975105585984666,1604.0779060874336,0.999910217179294,1604.070961706477,1.0063829740963643,1603.9751292483509,1.013974814425985
1604.0792949631584,1.0001937286644627,1604.0792949631584,0.9999968308048,1604.0723505826684,1.00030534270216,1603.9765181245427,1.0005082702135442
1604.0806838393498,0.9993486042644996,1604.0806838393498,0.9999861977020668,1604.073739458859,1.0143098554946803,1603.9779070007346,1.0063373052123556
1604.0820727155408,0.996939877736031,1604.0820727155408,0.9999440691699236,1604.0751283350507,0.9948313968684466,1603.9792958773917,0.9928593437789126
1604.0834615917329,1.0100235696558202,1604.0834615917329,0.9998607896987082,1604.0765172112426,1.0105135615518015,1603.9806847535822,0.9979681424195022
1604.0848504679243,1.0051129331118989,1604.0848504679243,0.9999450408751057,1604.0779060874336,0.9974209992868316,1603.982073629773,1.0021887084499803
1604.0862393436498,1.0088182860146593,1604.0862393436498,0.999933801519604,1604.0792949631584,1.0001905588552986,1603.9834625059646,1.0042448955847567
1604.0876282198403,1.0019901044822968,1604.0876282198403,0.9998770596945616,1604.0806838393498,0.9993348109573243,1603.9848513821564,1.0107890699681283
1604.0890170960308,1.003797122524972,1604.0890170960308,0.9997827294236208,1604.0820727155408,0.996884118061133,1603.986240258813,0.9968938362909144
1604.0904059722222,0.9985334374701653,1604.0904059722222,0.9998135784312305,1604.0834615917329,1.0098829639703766,1603.9876291350045,1.004446327983867
1604.0917948479484,1.0047014238562548,1604.0917948479484,0.9998477632094712,1604.0848504679243,1.005057692984675,1603.9890180111954,0.9934078461045596
1604.0931837241403,1.016345885163637,1604.0931837241403,0.9999020810954128,1604.0862393436498,1.0087515037771293,1603.990406887386,0.9938530497639966
1604.0945726003313,0.9980673604021517,1604.0945726003313,0.9999110078538749,1604.0876282198403,1.0018669195128054,1603.991795763577,1.0007172461336735
1604.0959614765227,0.992732663786679,1604.0959614765227,0.9998648688163077,1604.0890170960308,1.003579026945593,1603.993184639769,1.003078028414473
1604.0973503522475,0.9880275382965527,1604.0973503522475,0.9998649891677134,1604.0904059722222,0.9983472893002834,1603.9945735164258,1.0057734440060746
1604.0987392284385,0.9979250598340587,1604.0987392284385,0.9998142167569889,1604.0917948479484,1.0045484713360473,1603.9959623926168,0.9985254794994962
1604.1001281046304,0.994857956816308,1604.1001281046304,0.9997228749907904,1604.0931837241403,1.0162463656878802,1603.9973512688082,1.0093015691746994
1604.1015169808218,0.996600469944951,1604.1015169808218,0.9996318187547947,1604.0945726003313,0.997978540245772,1603.998740145,0.9967720526002244
1604.102905856547,0.9916620121175207,1604.102905856547,0.9996129552978488,1604.0959614765227,0.9925985146467314,1604.000129021191,0.9979205706653264
1604.104294732738,1.0051728830233906,1604.104294732738,0.9995691235973209,1604.0973503522475,0.9878941438762852,1604.0015178973815,0.9940548899209996
1604.1056836089294,1.0031990400741944,1604.1056836089294,0.9996401061754043,1604.0987392284385,0.9977396620801606,1604.002906773573,0.9965452712521036
1604.1070724846547,1.0056971723357313,1604.1070724846547,0.9996954618136512,1604.1001281046304,0.994582256795863,1604.004295649764,1.006788761159484
1604.108461360846,0.9944289676368003,1604.108461360846,0.9996168558917926,1604.1015169808218,0.9962335403429544,1604.005684526421,1.000114579967915
1604.109850237037,1.0018619483235105,1604.109850237037,0.9996103075396684,1604.102905856547,0.991278194589406,1604.0070734026128,1.0033858176639905
1604.1112391132283,0.9897445057077958,1604.1112391132283,0.9995397902824413,1604.104294732738,1.004739777747483,1604.0084622788047,1.0056136029120435
1604.1126279889538,1.0027245099202426,1604.1126279889538,0.9995114024814793,1604.1056836089294,1.0028379949348314,1604.0098511549952,0.9931502110758732
1604.1140168651457,0.9967951994365869,1604.1140168651457,0.9995230531812898,1604.1070724846547,1.0053908991428522,1604.0112400311857,0.9854642466326334
1604.1154057413376,1.0045006706601287,1604.1154057413376,0.9996252830256601,1604.108461360846,0.9940479580368196,1604.012628907377,1.0072387899539872
1604.1167946170624,1.0152448424317233,1604.1167946170624,0.9997016539945,1604.109850237037,1.0014715302759556,1604.0140177835683,0.9871781889759392
1604.118183493253,1.0013129750367145,1604.118183493253,0.9997203108905587,1604.1112391132283,0.9892890156683688,1604.0154066597604,1.0028152964121246
1604.1195723694443,0.9890458352577105,1604.1195723694443,0.9997382957331531,1604.1126279889538,1.0022345812129356,1604.0167955359514,1.0004594072260409
1604.1209612451696,1.0055886241405982,1604.1209612451696,0.9997057179415214,1604.1140168651457,0.99631978113731,1604.0181844121428,1.0031537354632611
1604.1223501213617,1.0064158869778652,1604.1223501213617,0.9996648461605767,1604.1154057413376,1.0041242672080966,1604.0195732883333,0.9924988178419089
1604.1237389970877,0.9906142054519311,1604.1237389970877,0.9996376596513282,1604.1167946170624,1.0149419481883792,1604.0209621645238,1.0143366995559653
1604.1251278732782,0.9982098634592362,1604.1251278732782,0.9996284224933819,1604.118183493253,1.0010329187024545,1604.0223510407156,1.0141933046969496
1604.1265167494687,0.9789646770423336,1604.1265167494687,0.9996519047615997,1604.1195723694443,0.9887869977425164,1604.0237399173732,0.9969357673942382
1604.127905625194,0.999276114098471,1604.127905625194,0.9996923075367613,1604.1209612451696,1.0052926974503036,1604.025128793564,1.008698019533506
1604.129294501386,1.0057384064068948,1604.129294501386,0.9997854298262354,1604.1223501213617,1.006078582829288,1604.0265176697555,1.002437848522564
1604.1306833775775,1.0005187744368493,1604.1306833775775,0.999765622363302,1604.1237389970877,0.9902552659553284,1604.0279065459465,1.0118815213229515
1604.1320722533037,1.0012538261016632,1604.1320722533037,0.999815749990032,1604.1251278732782,0.9978389511270904,1604.0292954221377,1.0072551682293536
1604.1334611294944,0.9897962221014404,1604.1334611294944,0.9997366641523547,1604.1265167494687,0.978623904099693,1604.0306842983289,1.0054685090618076
1604.1348500052193,0.999856402315216,1604.1348500052193,0.9996777559782585,1604.127905625194,0.9989686443694684,1604.0320731745198,0.9898752355991124
1604.1362388814098,1.0002141552954367,1604.1362388814098,0.9997414544631291,1604.129294501386,1.0055226049422703,1604.0334620507113,0.9977489045924004
1604.137627757136,1.0008388609685221,1604.137627757136,0.9997883123280406,1604.1306833775775,1.0002842752110248,1604.0348509269022,1.0031612110246315
1604.139016633328,0.9970466357536077,1604.139016633328,0.9997434840844068,1604.1320722533037,1.0010693450742234,1604.0362398030936,0.9952500962648424
1604.1404055095188,1.0064741596036229,1604.1404055095188,0.9997711824926641,1604.1334611294944,0.9895355732742972,1604.0376286792855,1.002529390169528
1604.1417943852446,1.001460099572289,1604.1417943852446,0.9997497436969275,1604.1348500052193,0.99953420456697,1604.0390175554764,1.0054911396248654
1604.1431832614355,0.9978764185814377,1604.1431832614355,0.9996905124458849,1604.1362388814098,0.99995555438967,1604.040406431667,1.0131533181910175
1604.1445721371613,0.9865124147728347,1604.1445721371613,0.9997187002227265,1604.137627757136,1.000626995720037,1604.0417953073927,0.9946870505743474
1604.1459610133522,1.000000290168827,1604.1459610133522,0.9998259370596414,1604.139016633328,0.9967908774229484,1604.0431841835837,0.9968116051158392
1604.147349889078,1.0072843646876588,1604.147349889078,0.9997223944160962,1604.1404055095188,1.0062438606952244,1604.0445730597755,0.9988038422210735
1604.148738765269,1.005566423598449,1604.148738765269,0.9997395486134936,1604.1417943852446,1.0012094778700955,1604.0459619359674,0.9966926077707507
1604.1501276409947,0.9912934051045517,1604.1501276409947,0.9998228624487334,1604.1431832614355,0.9975675882493418,1604.0473508121588,1.0070881234125475
1604.1515165171857,0.9945960534136242,1604.1515165171857,0.9998178343537665,1604.1445721371613,0.9862349090502815,1604.048739688349,1.0089728483533444
1604.152905392912,0.992276747617007,1604.152905392912,0.9998375229543119,1604.1459610133522,0.9998262271779608,1604.0501285645394,1.002974797707911
1604.1542942691033,0.9955435150317631,1604.1542942691033,0.9997671148256339,1604.147349889078,1.0070047369234425,1604.0515174407308,1.0008463694664365
1604.155683144828,0.9961172669094327,1604.155683144828,0.999769941281959,1604.148738765269,1.0053045224291983,1604.0529063169226,1.0093029963273246
1604.157072021019,0.9942811152328407,1604.157072021019,0.9997716532838162,1604.1501276409947,0.9911178098181848,1604.0542951931145,1.012946924737543
1604.1584608967444,0.9979178882462589,1604.1584608967444,0.9998549078831204,1604.1515165171857,0.9944148721808128,1604.0556840693057,1.0040194054699634
1604.1598497729362,0.9906573046501186,1604.1598497729362,0.9998833897304226,1604.152905392912,0.9921155254225492,1604.0570729454969,0.9995630874177196
1604.1612386486624,0.9959002135762193,1604.1612386486624,0.9998161476399224,1604.1542942691033,0.9953116677066758,1604.0584618216874,0.9955377694583086
1604.162627524854,0.9888100798581219,1604.162627524854,0.9999160379454476,1604.155683144828,0.995888101447989,1604.0598506978783,0.9965536302889088
1604.1640164005787,0.9989231155620392,1604.1640164005787,0.9999291735764203,1604.157072021019,0.9940540744052138,1604.0612395736046,0.9978354851850004
1604.1654052767692,1.0014710267249587,1604.1654052767692,0.999877405088424,1604.1584608967444,0.9977730982273812,1604.062628449796,1.0129535168234791
1604.1667941524945,0.9962048609225914,1604.1667941524945,0.9998413241083212,1604.1598497729362,0.9905417838347644,1604.064017325987,1.0044375611891687
1604.1681830286864,0.9922356987439106,1604.1681830286864,0.9998853930020184,1604.1612386486624,0.9957171149715516,1604.0654062021783,0.9975291910477572
1604.1695719044126,0.9976008389757692,1604.1695719044126,0.9999672824156588,1604.162627524854,0.9887270573322549,1604.0667950783693,0.9992826179470288
1604.170960780604,0.9978067803333514,1604.170960780604,0.9999714882544682,1604.1640164005787,0.9988523654103328,1604.0681839545605,0.9912050020476242
1604.1723496563293,0.9963184765552073,1604.1723496563293,1.000053831694341,1604.1654052767692,1.0013482514729914,1604.0695728307517,0.9993409952853674
1604.173738532054,0.982659109587635,1604.173738532054,0.9999840594784822,1604.1667941524945,0.9960467872279898,1604.070961706477,1.0063829740963643
1604.1751274082455,1.012951317708573,1604.1751274082455,0.999961715284184,1604.1681830286864,0.9921219815891874,1604.0723505826684,1.00030534270216
1604.1765162839715,1.0040875335673065,1604.1765162839715,0.999912453494131,1604.1695719044126,0.9975681998861812,1604.073739458859,1.0143098554946803
1604.1779051601627,1.003234760587958,1604.1779051601627,0.9999304133136296,1604.170960780604,0.9977783311203406,1604.0751283350507,0.9948313968684466
1604.179294035888,1.003035700412282,1604.179294035888,0.9999011361344196,1604.1723496563293,0.9963721100669036,1604.0765172112426,1.0105135615518015
1604.1806829120794,0.9922543457981019,1604.1806829120794,0.9999016694972106,1604.173738532054,0.982643445488954,1604.0779060874336,0.9974209992868316
1604.1820717878047,0.9977957599057489,1604.1820717878047,0.9999200760450355,1604.1751274082455,1.012912537155239,1604.0792949631584,1.0001905588552986
1604.1834606635305,0.9993443763035322,1604.1834606635305,0.9999736993368438,1604.1765162839715,1.003999629212156,1604.0806838393498,0.9993348109573243
1604.1848495397214,0.9927560835773336,1604.1848495397214,1.0000718395664476,1604.1779051601627,1.003164948805317,1604.0820727155408,0.996884118061133
1604.1862384154472,0.9917823724656832,1604.1862384154472,1.0001007433131308,1604.179294035888,1.0029365364256242,1604.0834615917329,1.0098829639703766
1604.1876272911725,0.9808919337002093,1604.1876272911725,1.000152480555258,1604.1806829120794,0.9921567769293846,1604.0848504679243,1.005057692984675
1604.189016167364,0.9867621182820048,1604.189016167364,1.00003617947914,1604.1820717878047,0.9977160121223704,1604.0862393436498,1.0087515037771293
1604.19040504309,1.0027446809882814,1604.19040504309,1.0000371452843158,1604.1834606635305,0.999318092883714,1604.0876282198403,1.0018669195128054
1604.191793919282,0.9904209008641913,1604.191793919282,1.0000338793555417,1604.1848495397214,0.992827402743966,1604.0890170960308,1.003579026945593
1604.1931827950066,0.9901621981435924,1604.1931827950066,0.9999817744869248,1604.1862384154472,0.9918822879077902,1604.0904059722222,0.9983472893002834
1604.1945716707312,0.9892651613189888,1604.1945716707312,1.000078864790293,1604.1876272911725,0.981041500646908,1604.0917948479484,1.0045484713360473
1604.1959605469226,1.0061581492137064,1604.1959605469226,1.0000911307339568,1604.189016167364,0.9867978188214792,1604.0931837241403,1.0162463656878802
1604.197349422648,0.9973751197969086,1604.197349422648,1.0000171776477385,1604.19040504309,1.002781928224553,1604.0945726003313,0.997978540245772
1604.198738298374,1.0010749778180228,1604.198738298374,0.9999505864012328,1604.191793919282,0.9904544556860276,1604.0959614765227,0.9925985146467314
1604.200127174566,1.0022444431816604,1604.200127174566,0.9998506123660548,1604.1931827950066,0.9901441519295036,1604.0973503522475,0.9878941438762852
1604.2015160502915,0.9906362103865786,1604.2015160502915,0.9998857467416371,1604.1945716707312,0.9893431795084804,1604.0987392284385,0.9977396620801606
1604.2029049260166,0.9882771770247784,1604.2029049260166,0.9998865237497198,1604.1959605469226,1.0062498411443208,1604.1001281046304,0.994582256795863
1604.204293802207,1.004806101159814,1604.204293802207,0.9999307473597201,1604.197349422648,0.9973922523553796,1604.1015169808218,0.9962335403429544
1604.2056826779333,1.004947533919455,1604.2056826779333,0.999976530592029,1604.198738298374,1.001025511100733,1604.102905856547,0.991278194589406
1604.2070715536595,0.9988411406043671,1604.2070715536595,0.9999878325864494,1604.200127174566,1.0020947202556587,1604.104294732738,1.004739777747483
1604.2084604293848,0.9895017577996256,1604.2084604293848,1.0000807397419393,1604.2015160502915,0.9905230269716896,1604.1056836089294,1.0028379949348314
1604.2098493055762,1.010159441673175,1604.2098493055762,1.0000223852896257,1604.2029049260166,0.988165031036492,1604.1070724846547,1.0053908991428522
1604.2112381813015,1.001588359089794,1604.2112381813015,0.9999774670095588,1604.204293802207,1.0047365156843393,1604.108461360846,0.9940479580368196
1604.2126270570263,0.9993018802921206,1604.2126270570263,0.9999455645139812,1604.2056826779333,1.004923948395792,1604.109850237037,1.0014715302759556
1604.2140159327516,0.9955809695757319,1604.2140159327516,0.9999792708833887,1604.2070715536595,0.998828987291138,1604.1112391132283,0.9892890156683688
1604.2154048089435,0.9961387919725266,1604.2154048089435,0.9999864362774992,1604.2084604293848,0.9895816499161988,1604.1126279889538,1.0022345812129356
1604.2167936846693,0.9966048344337846,1604.2167936846693,1.0000593638749964,1604.2098493055762,1.010182054384845,1604.1140168651457,0.99631978113731
1604.2181825603946,1.0066551031520794,1604.2181825603946,1.00005729779727,1604.2112381813015,1.0015657903088726,1604.1154057413376,1.0041242672080966
1604.2195714361203,1.0035633991666724,1604.2195714361203,1.0000791598111596,1604.2126270570263,0.9992474828085874,1604.1167946170624,1.0149419481883792
1604.2209603123122,1.0012894101347598,1604.2209603123122,1.000118696659466,1604.2140159327516,0.9955603320617176,1604.118183493253,1.0010329187024545
1604.2223491880377,1.007248157514505,1604.2223491880377,1.0002296132827226,1604.2154048089435,0.99612528062238,1604.1195723694443,0.9887869977425164
1604.2237380637623,1.0004582980004504,1604.2237380637623,1.000305632260608,1604.2167936846693,0.9966639967585966,1604.1209612451696,1.0052926974503036
1604.225126939488,0.9864778319978178,1604.225126939488,1.0002620953991457,1604.2181825603946,1.0067127822721005,1604.1223501213617,1.006078582829288
1604.226515815679,0.995208434380734,1604.226515815679,1.0003008744919641,1604.2195714361203,1.0036428410558371,1604.1237389970877,0.9902552659553284
1604.2279046914048,0.9981600511944657,1604.2279046914048,1.0003699827543404,1604.2209603123122,1.0014082598429015,1604.1251278732782,0.9978389511270904
1604.229293567131,1.0002864249417618,1604.229293567131,1.000370570761995,1604.2223491880377,1.007479435070468,1604.1265167494687,0.978623904099693
1604.2306824428572,1.001054282780289,1604.2306824428572,1.000289721584593,1604.2237380637623,1.0007640703317124,1604.127905625194,0.9989686443694684
1604.2320713185818,1.0035836322521627,1604.2320713185818,1.0002538191189563,1604.225126939488,0.9867363832989436,1604.129294501386,1.0055226049422703
1604.233460194772,0.9930096738479022,1604.233460194772,1.000269300389881,1604.226515815679,0.9955078672128268,1604.1306833775775,1.0002842752110248
1604.2348490704978,1.0030826007342624,1604.2348490704978,1.0002625831365484,1604.2279046914048,0.9985293531994792,1604.1320722533037,1.0010693450742234
1604.2362379462231,0.9984466810878426,1604.2362379462231,1.000267053700563,1604.229293567131,1.0006571018444657,1604.1334611294944,0.9895355732742972
1604.237626821949,0.9926292748322753,1604.237626821949,1.0003865750510834,1604.2306824428572,1.0013443098133596,1604.1348500052193,0.99953420456697
1604.2390156976755,1.0059934144989022,1604.2390156976755,1.0004082482472814,1604.2320713185818,1.0038383609655,1604.1362388814098,0.99995555438967
1604.2404045734013,1.0051524130126788,1604.2404045734013,1.0003989898496637,1604.233460194772,0.993277091740225,1604.137627757136,1.000626995720037
1604.2417934495918,1.0015951210155147,1604.2417934495918,1.000383863286643,1604.2348490704978,1.0033459933097804,1604.139016633328,0.9967908774229484
1604.2431823253166,1.0022647128461215,1604.2431823253166,1.0003759593040984,1604.2362379462231,0.9987133199688418,1604.1404055095188,1.0062438606952244
1604.2445712010428,1.0057924877309075,1604.2445712010428,1.0004016783720457,1604.237626821949,0.9930130005449004,1604.1417943852446,1.0012094778700955
1604.245960076769,1.000852776013112,1604.245960076769,1.0004324478824838,1604.2390156976755,1.006404109547148,1604.1431832614355,0.9975675882493418
1604.2473489524943,0.9936211226907782,1604.2473489524943,1.0004198633325938,1604.2404045734013,1.0055534586228358,1604.1445721371613,0.9862349090502815
1604.24873782822,1.002704627366805,1604.24873782822,1.0004241072077589,1604.2417934495918,1.0019795966105534,1604.1459610133522,0.9998262271779608
1604.2501267039454,0.9952143628327478,1604.2501267039454,1.00049560959567,1604.2431823253166,1.0026415235900854,1604.147349889078,1.0070047369234425
1604.251515580136,0.9997027111179927,1604.251515580136,1.000552097818689,1604.2445712010428,1.0061964928199951,1604.148738765269,1.0053045224291983
1604.2529044558612,0.9801316064165577,1604.2529044558612,1.0005721532809242,1604.245960076769,1.001285592676777,1604.1501276409947,0.9911178098181848
1604.2542933315874,1.0105787949632317,1604.2542933315874,1.0006373866206082,1604.2473489524943,0.9940383077666868,1604.1515165171857,0.9944148721808128
1604.2556822073132,1.0029678277808851,1604.2556822073132,1.0006236198945129,1604.24873782822,1.0031298816265244,1604.152905392912,0.9921155254225492
1604.2570710830385,1.0053613492399194,1604.2570710830385,1.0006583170081869,1604.2501267039454,0.9957076006207164,1604.1542942691033,0.9953116677066758
1604.2584599587642,0.9955162644604267,1604.2584599587642,1.000622886442792,1604.251515580136,1.0002546448041385,1604.155683144828,0.995888101447989
1604.2598488344904,0.9976719278110928,1604.2598488344904,1.0007290478966726,1604.2529044558612,0.9806923919309064,1604.157072021019,0.9940540744052138
1604.2612377102157,0.9996290092596782,1604.2612377102157,1.0006760405700827,1604.2542933315874,1.0112229243662116,1604.1584608967444,0.9977730982273812
1604.2626265859406,0.9991416766589976,1604.2626265859406,1.000707244449249,1604.2556822073132,1.0035932984718456,1604.1598497729362,0.9905417838347644
1604.2640154616663,1.000400736207553,1604.2640154616663,1.0006440891621928,1604.2570710830385,1.0060231957154977,1604.1612386486624,0.9957171149715516
1604.2654043373916,0.9965151812254379,1604.2654043373916,1.0007372649002242,1604.2584599587642,0.996136358045138,1604.162627524854,0.9887270573322549
1604.2667932131171,0.9998771986127787,1604.2667932131171,1.0007229738685188,1604.2598488344904,0.9983992784316328,1604.1640164005787,0.9988523654103328
1604.268182088843,0.9936943752588276,1604.268182088843,1.0007463385033009,1604.2612377102157,1.0003047990249694,1604.1654052767692,1.0013482514729914
1604.2695709645689,1.0058309433883348,1604.2695709645689,1.0007983505542457,1604.2626265859406,0.999848314063828,1604.1667941524945,0.9960467872279898
1604.2709598402937,1.0044479209735535,1604.2709598402937,1.0008753385818658,1604.2640154616663,1.001045083479594,1604.1681830286864,0.9921219815891874
1604.2723487164849,0.989618331366886,1604.2723487164849,1.0008572568120861,1604.2654043373916,0.997249876891096,1604.1695719044126,0.9975681998861812
1604.2737375922104,1.006858674442231,1604.2737375922104,1.0008154448426163,1604.2667932131171,1.0006000836991036,1604.170960780604,0.9977783311203406
1604.2751264679366,1.0107571490207272,1604.2751264679366,1.000820734581433,1604.268182088843,0.9944360076315968,1604.1723496563293,0.9963721100669036
1604.2765153436628,1.0059657635394788,1604.2765153436628,1.0008865517859422,1604.2695709645689,1.0066339490794662,1604.173738532054,0.982643445488954
1604.277904219388,1.0041191921207664,1604.277904219388,1.0009384409855293,1604.2709598402937,1.0053271529922565,1604.1751274082455,1.012912537155239
1604.279293095113,0.9971439657815476,1604.279293095113,1.0010483113483055,1604.2723487164849,0.9904666884228156,1604.1765162839715,1.003999629212156
1604.2806819708378,1.0090805154861033,1604.2806819708378,1.0011532498740734,1604.2737375922104,1.0076797121555483,1604.1779051601627,1.003164948805317
1604.2820708465636,1.004516056829008,1604.2820708465636,1.0012438187420303,1604.2751264679366,1.011586712366359,1604.179294035888,1.0029365364256242
1604.2834597222898,1.0007380367389003,1604.2834597222898,1.0013659373118116,1604.2765153436628,1.0068576042837414,1604.1806829120794,0.9921567769293846
1604.284848598016,0.9993248851135297,1604.284848598016,1.0014176476494543,1604.277904219388,1.005061498725009,1604.1820717878047,0.9977160121223704
1604.2862374732756,0.9829698332540298,1604.2862374732756,1.0015273297099963,1604.279293095113,0.9981892831167708,1604.1834606635305,0.999318092883714
1604.287626349001,1.0098473003716233,1604.287626349001,1.0015966052004537,1604.2806819708378,1.0102442374635177,1604.1848495397214,0.992827402743966
1604.2890152247255,1.0026118438475198,1604.2890152247255,1.001695563444377,1604.2820708465636,1.0057654927271622,1604.1862384154472,0.9918822879077902
1604.2904041004515,0.9976610507816376,1604.2904041004515,1.0017705984766037,1604.2834597222898,1.0021049821626309,1604.1876272911725,0.981041500646908
1604.2917929761777,0.9992814517716613,1604.2917929761777,1.001798972140237,1604.284848598016,1.000741575687952,1604.189016167364,0.9867978188214792
1604.293181851903,0.9971990201245688,1604.293181851903,1.001799333494329,1604.2862374732756,0.9844711522843888,1604.19040504309,1.002781928224553
1604.2945707276288,1.0069233039566883,1604.2945707276288,1.001884134428651,1604.287626349001,1.0114596278230608,1604.191793919282,0.9904544556860276
1604.295959603354,0.997258226867963,1604.295959603354,1.00197891503818,1604.2890152247255,1.004311835838847,1604.1931827950066,0.9901441519295036
1604.2973484790798,1.00900306187748,1604.2973484790798,1.0020384074233935,1604.2904041004515,0.9994275079183184,1604.1945716707312,0.9893431795084804
1604.298737354805,0.9955930998681733,1604.298737354805,1.0021338791182874,1604.2917929761777,1.001079131263654,1604.1959605469226,1.0062498411443208
1604.3001262305309,1.0007388970925957,1604.3001262305309,1.002136256368445,1604.293181851903,0.998993313721991,1604.197349422648,0.9973922523553796
1604.301515106256,0.9961429645263015,1604.301515106256,1.002083850563604,1604.2945707276288,1.0088204828206842,1604.198738298374,1.001025511100733
1604.3029039819817,1.000606078161292,1604.3029039819817,1.0021081757670685,1604.295959603354,0.9992317161700606,1604.200127174566,1.0020947202556587
1604.3042928577072,1.0008325249905838,1604.3042928577072,1.0021092552711444,1604.2973484790798,1.0110598212090376,1604.2015160502915,0.9905230269716896
1604.3056817329675,1.0035420142000508,1604.3056817329675,1.0020703717940929,1604.298737354805,0.9977175751942932,1604.2029049260166,0.988165031036492
1604.307070608694,1.0090577709902129,1604.307070608694,1.0021648452438168,1604.3001262305309,1.0028767319346603,1604.204293802207,1.0047365156843393
1604.3084594844188,1.0072548426604562,1604.3084594844188,1.0022385109545204,1604.301515106256,0.9982187776043598,1604.2056826779333,1.004923948395792
1604.3098483601436,1.0042926155182128,1604.3098483601436,1.0023279426162124,1604.3029039819817,1.002715531647653,1604.2070715536595,0.998828987291138
1604.311237235869,0.9972278863700512,1604.311237235869,1.0023696333967227,1604.3042928577072,1.002943536269453,1604.2084604293848,0.9895816499161988
1604.312626111595,1.0123242966618988,1604.312626111595,1.0023683420736318,1604.3056817329675,1.0056197192804377,1604.2098493055762,1.010182054384845
1604.314014987321,0.9887384334673953,1604.314014987321,1.0023090126685505,1604.307070608694,1.0112422249064774,1604.2112381813015,1.0015657903088726
1604.315403863047,1.0021752794449703,1604.315403863047,1.0023864856423932,1604.3084594844188,1.0095095936597454,1604.2126270570263,0.9992474828085874
1604.3167927383067,0.9947997012853786,1604.3167927383067,1.0023781367433293,1604.3098483601436,1.006630551097025,1604.2140159327516,0.9955603320617176
1604.3181816140316,0.9909764778559688,1604.3181816140316,1.0024010449999676,1604.311237235869,0.9995909508737368,1604.2154048089435,0.99612528062238
1604.3195704897564,1.0029133774841437,1604.3195704897564,1.0023997841870667,1604.312626111595,1.014721826885843,1604.2167936846693,0.9966639967585966
1604.3209593654826,0.9983657687458188,1604.3209593654826,1.0023975985602758,1604.314014987321,0.9910214430361544,1604.2181825603946,1.0067127822721005
1604.3223482412088,0.993775977682706,1604.3223482412088,1.0023147108448291,1604.315403863047,1.004566956360527,1604.2195714361203,1.0036428410558371
1604.323737116934,0.9867209597757048,1604.323737116934,1.0023561841330555,1604.3167927383067,0.9971654710072584,1604.2209603123122,1.0014082598429015
1604.3251259921942,0.9869076642735214,1604.3251259921942,1.0024124604190388,1604.3181816140316,0.9933558569732104,1604.2223491880377,1.007479435070468
1604.3265148679195,0.9956029789024924,1604.3265148679195,1.0024476231973551,1604.3195704897564,1.0053201531484277,1604.2237380637623,1.0007640703317124
1604.3279037436444,1.0066292678053794,1604.3279037436444,1.0024450100735127,1604.3209593654826,1.0007594490755924,1604.225126939488,0.9867363832989436
1604.32929261937,1.0006186144318736,1604.32929261937,1.0025192231177082,1604.3223482412088,0.9960762817155788,1604.226515815679,0.9955078672128268
1604.3306814950963,1.004458270400525,1604.3306814950963,1.0024520123802976,1604.323737116934,0.9890458560448816,1604.2279046914048,0.9985293531994792
1604.332070370356,0.9996806134895995,1604.332070370356,1.0024365640997388,1604.3251259921942,0.9892885399508272,1604.229293567131,1.0006571018444657
1604.3334592460817,1.0098772566322674,1604.3334592460817,1.0024144072876702,1604.3265148679195,0.99803983984901,1604.2306824428572,1.0013443098133596
1604.334848121807,0.9979703098756593,1604.334848121807,1.0024479212704587,1604.3279037436444,1.0090904865054564,1604.2320713185818,1.0038383609655
1604.3362369975332,0.9959908435851127,1604.3362369975332,1.0024160825097481,1604.32929261937,1.0031393959773596,1604.233460194772,0.993277091740225
1604.3376258727933,0.9995042021036493,1604.3376258727933,1.002481177966191,1604.3306814950963,1.0069212145150392,1604.2348490704978,1.0033459933097804
1604.339014748518,1.006817763189846,1604.339014748518,1.00254697350649,1604.332070370356,1.002116399383633,1604.2362379462231,0.9987133199688418
1604.3404036242434,1.005726466844047,1604.3404036242434,1.002636568400921,1604.3334592460817,1.0123155116403326,1604.237626821949,0.9930130005449004
1604.3417924999687,1.0110341693625047,1604.3417924999687,1.002718055929257,1604.334848121807,1.0004132626244902,1604.2390156976755,1.006404109547148
1604.3431813752288,1.0043521640552149,1604.3431813752288,1.0027506283538203,1604.3362369975332,0.998397239642168,1604.2404045734013,1.0055534586228358
1604.344570250955,1.0057285446383526,1604.344570250955,1.0027024074137116,1604.3376258727933,1.0019841499070243,1604.2417934495918,1.0019795966105534
1604.3459591266812,0.9998476115408678,1604.3459591266812,1.0027492057896334,1604.339014748518,1.0093821013585542,1604.2431823253166,1.0026415235900854
1604.347348002406,1.0016117321689006,1604.347348002406,1.0027005083491851,1604.3404036242434,1.008378133466498,1604.2445712010428,1.0061964928199951
1604.3487368776653,1.0160811908917344,1604.3487368776653,1.0026394785131678,1604.3417924999687,1.0137822167812218,1604.245960076769,1.001285592676777
1604.3501257533906,0.9884346710942418,1604.3501257533906,1.0026021190609096,1604.3431813752288,1.007114763594886,1604.2473489524943,0.9940383077666868
1604.3515146291168,0.9960917690869223,1604.3515146291168,1.0026263103777706,1604.344570250955,1.0084464329135647,1604.24873782822,1.0031298816265244
1604.3529035043773,1.0017364412032859,1604.3529035043773,1.0026231685871367,1604.3459591266812,1.002596398383267,1604.2501267039454,0.9957076006207164
1604.354292380103,0.9861157761620227,1604.354292380103,1.002724131068045,1604.347348002406,1.0043165930142646,1604.251515580136,1.0002546448041385
1604.3556812558284,0.9930642411360158,1604.3556812558284,1.0027693315085586,1604.3487368776653,1.0187631153627272,1604.2529044558612,0.9806923919309064
1604.3570701310875,0.9957503647841213,1604.3570701310875,1.0028296825742553,1604.3501257533906,0.99100669579236,1604.2542933315874,1.0112229243662116
1604.3584590068124,1.005596650615929,1604.3584590068124,1.0028690641652955,1604.3515146291168,0.9987078152372872,1604.2556822073132,1.0035932984718456
1604.3598478825386,0.9897851061418824,1604.3598478825386,1.0028694962056521,1604.3529035043773,1.0043641647684405,1604.2570710830385,1.0060231957154977
1604.3612367577991,0.9990400812005816,1604.3612367577991,1.0028995521254573,1604.354292380103,0.988802084784555,1604.2584599587642,0.996136358045138
1604.3626256335244,1.0057417510327886,1604.3626256335244,1.0029962865933837,1604.3556812558284,0.9958143652290166,1604.2598488344904,0.9983992784316328
1604.3640145092502,1.00823552179464,1604.3640145092502,1.0029957593197305,1604.3570701310875,0.9985680222396592,1604.2612377102157,1.0003047990249694
1604.3654033845098,0.9923552158263003,1604.3654033845098,1.0030140168906019,1604.3584590068124,1.0084817719309525,1604.2626265859406,0.999848314063828
1604.3667922602356,0.9994471735893613,1604.3667922602356,1.0029354834795825,1604.3598478825386,0.9926252907483676,1604.2640154616663,1.001045083479594
1604.3681811359609,1.0023729140268154,1604.3681811359609,1.0028802602225215,1604.3612367577991,1.0019368499914438,1604.2654043373916,0.997249876891096
1604.369570011221,1.0147890600239495,1604.369570011221,1.0029313566927605,1604.3626256335244,1.0087552415578145,1604.2667932131171,1.0006000836991036
1604.3709588869465,0.9937316348449035,1604.3709588869465,1.0029135189460765,1604.3640145092502,1.0112559527555396,1604.268182088843,0.9944360076315968
1604.3723477622063,1.0002489529112601,1604.3723477622063,1.0028647886775002,1604.3654033845098,0.9953461912082776,1604.2695709645689,1.0066339490794662
1604.3737366379316,1.0039159961590964,1604.3737366379316,1.0028649438736235,1604.3667922602356,1.0023810342561483,1604.2709598402937,1.0053271529922565
1604.3751255136574,0.996839456172243,1604.3751255136574,1.002796078605754,1604.3681811359609,1.0052600088592198,1604.2723487164849,0.9904666884228156
1604.376514388917,1.001618532014182,1604.376514388917,1.0027966293532067,1604.369570011221,1.0177637687267909,1604.2737375922104,1.0076797121555483
1604.3779032646423,0.9997140566873619,1604.3779032646423,1.0028306862628211,1604.3709588869465,0.9966268907903396,1604.2751264679366,1.011586712366359
1604.3792921399024,1.0039601396101003,1604.3792921399024,1.002778135190209,1604.3723477622063,1.0031144547862418,1604.2765153436628,1.0068576042837414
1604.3806810156275,1.0009542931869357,1604.3806810156275,1.0026694183068856,1604.3737366379316,1.006792159141925,1604.277904219388,1.005061498725009
1604.3820698913537,1.001028075065778,1604.3820698913537,1.0026958566536999,1604.3751255136574,0.9996266976490176,1604.279293095113,0.9981892831167708
1604.383458766614,0.9948891409785698,1604.383458766614,1.0026772471403798,1604.376514388917,1.0044196878015286,1604.2806819708378,1.0102442374635177
1604.3848476423393,1.0023180961613687,1604.3848476423393,1.0027792309406331,1604.3779032646423,1.002543933534376,1604.2820708465636,1.0057654927271622
1604.3862365175985,0.986692768000042,1604.3862365175985,1.0027697725277227,1604.3792921399024,1.0067492766035182,1604.2834597222898,1.0021049821626309
1604.3876253933242,1.0004189197838307,1604.3876253933242,1.0027630167653356,1604.3806810156275,1.0036262589015248,1604.284848598016,1.000741575687952
1604.389014268584,0.988565068946564,1604.389014268584,1.0027355032195584,1604.3820698913537,1.0037267032624846,1604.2862374732756,0.9844711522843888
1604.39040314431,1.0090893849110771,1604.39040314431,1.0027506881138224,1604.383458766614,0.9975527050862496,1604.287626349001,1.0114596278230608
1604.3917920195706,1.0001460919897551,1604.3917920195706,1.002847997946628,1604.3848476423393,1.0051037696265768,1604.2890152247255,1.004311835838847
1604.3931808952964,1.0008360828295908,1604.3931808952964,1.0028436613668241,1604.3862365175985,0.9894256825221512,1604.2904041004515,0.9994275079183184
1604.394569771021,0.9997537340544729,1604.394569771021,1.0028604946027055,1604.3876253933242,1.0031830940315525,1604.2917929761777,1.001079131263654
1604.39595864628,0.9999261891218993,1604.39595864628,1.0028356284678828,1604.389014268584,0.9912692918754104,1604.293181851903,0.998993313721991
1604.3973475220057,0.9951658989129297,1604.3973475220057,1.0027378004320129,1604.39040314431,1.0118650750879363,1604.2945707276288,1.0088204828206842
1604.3987363972662,0.99845826018119,1604.3987363972662,1.0027431462102099,1604.3917920195706,1.00299450600607,1604.295959603354,0.9992317161700606
1604.4001252729925,1.0044098956632614,1604.4001252729925,1.0026686340602793,1604.3931808952964,1.0036821217328569,1604.2973484790798,1.0110598212090376
1604.401514148252,0.998024761497554,1604.401514148252,1.002539290277586,1604.394569771021,1.0026135242147705,1604.298737354805,0.9977175751942932
1604.4029030239778,0.9951120571139708,1604.4029030239778,1.0025328811379848,1604.39595864628,1.002761608289555,1604.3001262305309,1.0028767319346603
1604.404291899237,1.0010751901927408,1604.404291899237,1.0024615696220722,1604.3973475220057,0.997890464540898,1604.301515106256,0.9982187776043598
1604.4056807749623,1.0129625558243807,1604.4056807749623,1.0024687771284204,1604.3987363972662,1.0011971771736587,1604.3029039819817,1.002715531647653
1604.4070696502229,1.0017500513295696,1604.4070696502229,1.0023533792703956,1604.4001252729925,1.00709029812131,1604.3042928577072,1.002943536269453
1604.408458525483,1.0078496824804426,1604.408458525483,1.002367610952059,1604.401514148252,1.0005590360712149,1604.3056817329675,1.0056197192804377
1604.4098474012085,1.0044027057354665,1604.4098474012085,1.002329992350028,1604.4029030239778,0.997632557673616,1604.307070608694,1.0112422249064774
1604.4112362764683,1.0013104629619383,1604.4112362764683,1.0023114077323867,1604.404291899237,1.0035394064703294,1604.3084594844188,1.0095095936597454
1604.4126251521936,1.0087284470982774,1604.4126251521936,1.002274281279372,1604.4056807749623,1.0154633346141462,1604.3098483601436,1.006630551097025
1604.4140140274533,1.006252031259059,1604.4140140274533,1.0022110241848599,1604.4070696502229,1.0041075491344864,1604.311237235869,0.9995909508737368
1604.415402903179,1.0051210948704143,1604.415402903179,1.0021286769339666,1604.408458525483,1.0102358784267125,1604.312626111595,1.014721826885843
1604.416791778439,1.003302829571205,1604.416791778439,1.0021768388679997,1604.4098474012085,1.0067429563561776,1604.314014987321,0.9910214430361544
1604.4181806541644,0.9938725359336833,1604.4181806541644,1.0022484446861293,1604.4112362764683,1.0036248997085482,1604.315403863047,1.004566956360527
1604.419569529424,1.0015806134159893,1604.419569529424,1.0023140982247212,1604.4126251521936,1.0110225793214829,1604.3167927383067,0.9971654710072584
1604.4209584046846,1.0038692736800778,1604.4209584046846,1.0022211029885226,1604.4140140274533,1.0084768788362373,1604.3181816140316,0.9933558569732104
1604.4223472804108,0.9994794885700329,1604.4223472804108,1.0022848458473999,1604.415402903179,1.0072606729609082,1604.3195704897564,1.0053201531484277
1604.42373615567,1.0089639607250334,1604.42373615567,1.0022180813158919,1604.416791778439,1.0054868581669896,1604.3209593654826,1.0007594490755924
1604.4251250313948,0.9990885090453532,1604.4251250313948,1.0022444585208283,1604.4181806541644,0.9961072033557932,1604.3223482412088,0.9960762817155788
1604.426513906655,0.9983114229790183,1604.426513906655,1.0022130887807699,1604.419569529424,1.0038983693354104,1604.323737116934,0.9890458560448816
1604.4279027819146,1.0048018981549016,1604.4279027819146,1.0021982633807651,1604.4209584046846,1.0060989707239347,1604.3251259921942,0.9892885399508272
1604.4292916576408,1.0011455855362896,1604.4292916576408,1.0021292613175627,1604.4223472804108,1.0017631451290534,1604.3265148679195,0.99803983984901
1604.4306805329013,0.997211188223829,1604.4306805329013,1.0020601171302583,1604.42373615567,1.0112019248347257,1604.3279037436444,1.0090904865054564
1604.4320694086268,1.0148789255036883,1604.4320694086268,1.0020880066054363,1604.4251250313948,1.0013309217625417,1604.32929261937,1.0031393959773596
1604.4334582838858,1.005984470778157,1604.4334582838858,1.0019988161699147,1604.426513906655,1.0005207747889275,1604.3306814950963,1.0069212145150392
1604.434847159145,1.0114955515044706,1604.434847159145,1.001990584620456,1604.4279027819146,1.0070107173725389,1604.332070370356,1.002116399383633
1604.4362360348712,0.9985208846079108,1604.4362360348712,1.0019373105450469,1604.4292916576408,1.0032772861048207,1604.3334592460817,1.0123155116403326
1604.4376249101315,0.9912393996579849,1604.4376249101315,1.0019166610155765,1604.4306805329013,0.9992655600751742,1604.334848121807,1.0004132626244902
1604.4390137853918,0.9919771239260236,1604.4390137853918,1.0017970346262466,1604.4320694086268,1.016997999403858,1604.3362369975332,0.998397239642168
1604.440402661117,1.0040391502772332,1604.440402661117,1.00179703367805,1604.4334582838858,1.0079952488050314,1604.3376258727933,1.0019841499070243
1604.4417915363772,1.0006251885705277,1604.4417915363772,1.0017745125384707,1604.434847159145,1.013509018992955,1604.339014748518,1.0093821013585542
1604.4431804116364,0.9975552650767125,1604.4431804116364,1.0017497758346428,1604.4362360348712,1.0004553296471113,1604.3404036242434,1.008378133466498
1604.4445692873617,0.994283959410181,1604.4445692873617,1.0018466438102136,1604.4376249101315,0.9931392695724128,1604.3417924999687,1.0137822167812218
1604.4459581626222,0.9950434213492431,1604.4459581626222,1.0017578680763037,1604.4390137853918,0.9937597411661632,1604.3431813752288,1.007114763594886
1604.4473470378823,0.9915320980105095,1604.4473470378823,1.0017530423556846,1604.440402661117,1.005843442444362,1604.344570250955,1.0084464329135647
1604.448735913142,1.0002994878644205,1604.448735913142,1.001840418052024,1604.4417915363772,1.0024008105139557,1604.3459591266812,1.002596398383267
1604.4501247888677,1.0074238029688252,1604.4501247888677,1.0018993446609732,1604.4431804116364,0.9993007631732644,1604.347348002406,1.0043165930142646
1604.451513664127,1.003624526777155,1604.451513664127,1.0018961665131785,1604.4445692873617,0.9961200477294204,1604.3487368776653,1.0187631153627272
1604.452902539387,0.9892959401563595,1604.452902539387,1.0018705713412066,1604.4459581626222,0.996792576414169,1604.3501257533906,0.99100669579236
1604.4542914151127,1.0052733983281665,1604.4542914151127,1.0017599790089553,1604.4473470378823,0.9932702957753428,1604.3515146291168,0.9987078152372872
1604.4556802903724,0.9956872635295076,1604.4556802903724,1.001812229460185,1604.448735913142,1.0021404570993164,1604.3529035043773,1.0043641647684405
1604.4570691656324,1.0185085489064938,1604.4570691656324,1.0018273783917144,1604.4501247888677,1.0093372479903313,1604.354292380103,0.988802084784555
1604.458458040892,0.9933293138647603,1604.458458040892,1.0017592889194362,1604.451513664127,1.0055275659966345,1604.3556812558284,0.9958143652290166
1604.4598469166183,0.9992486387848037,1604.4598469166183,1.0016820411930087,1604.452902539387,0.991146488789988,1604.3570701310875,0.9985680222396592
1604.4612357918784,1.003165256263594,1604.4612357918784,1.0016284240393256,1604.4542914151127,1.0070426584074852,1604.3584590068124,1.0084817719309525
1604.4626246671376,1.0103832787934324,1604.4626246671376,1.001603915990509,1604.4556802903724,0.9974916773216068,1604.3598478825386,0.9926252907483676
1604.4640135423972,1.0047234348554879,1604.4640135423972,1.0015917405495782,1604.4570691656324,1.020369749420542,1604.3612367577991,1.0019368499914438
1604.465402418123,1.0044402872652096,1604.465402418123,1.001469753632946,1604.458458040892,0.9950768671199938,1604.3626256335244,1.0087552415578145
1604.4667912933835,1.0044734017137484,1604.4667912933835,1.0013514227387856,1604.4598469166183,1.0009294161572977,1604.3640145092502,1.0112559527555396
1604.4681801686438,0.9992583091765463,1604.4681801686438,1.0012802011590922,1604.4612357918784,1.0047988346823098,1604.3654033845098,0.9953461912082776
1604.4695690439037,0.9836149588382849,1604.4695690439037,1.0012845225767917,1604.4626246671376,1.012003848690832,1604.3667922602356,1.0023810342561483
1604.4709579191629,1.01092419895122,1604.4709579191629,1.0012046518492006,1604.4640135423972,1.0063226938878589,1604.3681811359609,1.0052600088592198
1604.4723467948877,0.9932463270493284,1604.4723467948877,1.0012527810131633,1604.465402418123,1.005916567026495,1604.369570011221,1.0177637687267909
1604.473735670147,0.9999168447296595,1604.473735670147,1.0011634026717904,1604.4667912933835,1.0058308699093297,1604.3709588869465,0.9966268907903396
1604.475124545408,0.9942411347616585,1604.475124545408,1.0011815192970706,1604.4681801686438,1.0005375608221867,1604.3723477622063,1.0031144547862418
1604.4765134206684,1.0011639488502877,1604.4765134206684,1.0013122645772892,1604.4695690439037,0.9848784344597826,1604.3737366379316,1.006792159141925
1604.4779022959283,0.991482785282914,1604.4779022959283,1.0012995513489997,1604.4709579191629,1.0121420106568884,1604.3751255136574,0.9996266976490176
1604.4792911716538,1.0103186272404403,1604.4792911716538,1.0013367942579443,1604.4723467948877,0.99449064718925,1604.376514388917,1.0044196878015286
1604.480680046913,1.0039876119182984,1604.480680046913,1.0014045503473796,1604.473735670147,1.0010801506583862,1604.3779032646423,1.002543933534376
1604.482068922173,1.0063598512691165,1604.482068922173,1.0014939187965473,1604.475124545408,0.9954158498483208,1604.3792921399024,1.0067492766035182
1604.4834577974336,1.0111515482478872,1604.4834577974336,1.0014542443327938,1604.4765134206684,1.002477740836423,1604.3806810156275,1.0036262589015248
1604.4848466726933,0.9913915146586978,1604.4848466726933,1.0014465739449994,1604.4779022959283,0.9927712680740384,1604.3820698913537,1.0037267032624846
1604.4862355479531,1.0055036442700078,1604.4862355479531,1.0015364704401908,1604.4792911716538,1.0116692153800295,1604.383458766614,0.9975527050862496
1604.4876244236789,1.007363752924443,1604.4876244236789,1.0014914163586772,1604.480680046913,1.0053977630673832,1604.3848476423393,1.0051037696265768
1604.4890132989383,0.9921490431393577,1604.4890132989383,1.0014354866945492,1604.482068922173,1.007863271167018,1604.3862365175985,0.9894256825221512
1604.4904021741984,1.0077827774416035,1604.4904021741984,1.0013694281354486,1604.4834577974336,1.0126220096565224,1604.3876253933242,1.0031830940315525
1604.491791049458,0.9963529904011902,1604.491791049458,1.0014846472434142,1604.4848466726933,0.9928256357930966,1604.389014268584,0.9912692918754104
1604.493179924718,0.9924342090432672,1604.493179924718,1.0015393585430876,1604.4862355479531,1.0070485708969328,1604.39040314431,1.0118650750879363
1604.4945687999775,1.014470951044478,1604.4945687999775,1.001532705871343,1604.4876244236789,1.008866151704693,1604.3917920195706,1.00299450600607
1604.4959576752378,1.0027957259960047,1604.4959576752378,1.0014937206233803,1604.4890132989383,0.993573259889794,1604.3931808952964,1.0036821217328569
1604.4973465504984,0.993795568713506,1604.4973465504984,1.0015719969417278,1604.4904021741984,1.0091628635314525,1604.394569771021,1.0026135242147705
1604.498735425759,0.990701681252823,1604.498735425759,1.0015937372335129,1604.491791049458,0.9978322231218568,1604.39595864628,1.002761608289555
1604.500124301018,0.9928378667238242,1604.500124301018,1.0015243125553668,1604.493179924718,0.9939619211214104,1604.3973475220057,0.997890464540898
1604.501513176743,0.9885854411517803,1604.501513176743,1.0015847512935354,1604.4945687999775,1.0160258366274508,1604.3987363972662,1.0011971771736587
1604.5029020520026,1.002057748224485,1604.5029020520026,1.0015839402302693,1604.4959576752378,1.0042936226529626,1604.4001252729925,1.00709029812131
1604.5042909272624,0.987889586339212,1604.5042909272624,1.0015370408750557,1604.4973465504984,0.9953578123082264,1604.401514148252,1.0005590360712149
1604.5056798025228,0.9960485897339604,1604.5056798025228,1.0014413072224313,1604.498735425759,0.9922805994095394,1604.4029030239778,0.997632557673616
1604.5070686777833,1.0050589765345332,1604.5070686777833,1.001402328493459,1604.500124301018,0.994351261949515,1604.404291899237,1.0035394064703294
1604.5084575530434,1.0025601126811492,1604.5084575530434,1.0014472964696126,1604.501513176743,0.9901521032084158,1604.4056807749623,1.0154633346141462
1604.5098464283026,1.005540379651728,1604.5098464283026,1.0014397980893646,1604.5029020520026,1.003644947804951,1604.4070696502229,1.0041075491344864
1604.5112353035618,0.9956401596473927,1604.5112353035618,1.001395749144257,1604.5042909272624,0.9894080130134572,1604.408458525483,1.0102358784267125
1604.5126241788223,0.9981343393315097,1604.5126241788223,1.0014286951606255,1604.5056798025228,0.9974842017602364,1604.4098474012085,1.0067429563561776
1604.5140130540829,0.9957962238570125,1604.5140130540829,1.00147023138397,1604.5070686777833,1.0064683993749344,1604.4112362764683,1.0036248997085482
1604.5154019293425,1.0009828843791602,1604.5154019293425,1.0016014741542583,1604.5084575530434,1.004011114392807,1604.4126251521936,1.0110225793214829
1604.5167908046026,1.0049943326290762,1604.5167908046026,1.0016021880623323,1604.5098464283026,1.0069881547691295,1604.4140140274533,1.0084768788362373
1604.5181796798622,0.9986060433645773,1604.5181796798622,1.0015343253441222,1604.5112353035618,0.9970298235482086,1604.415402903179,1.0072606729609082
1604.5195685551214,0.9965557626425848,1604.5195685551214,1.0014516312023403,1604.5126241788223,0.9995603690317668,1604.416791778439,1.0054868581669896
1604.5209574303817,1.002452776713398,1604.5209574303817,1.0014993409766346,1604.5140130540829,0.997260274717366,1604.4181806541644,0.9961072033557932
1604.5223463056418,0.9928012111532193,1604.5223463056418,1.0014352008308987,1604.5154019293425,1.0025859325973483,1604.419569529424,1.0038983693354104
1604.5237351809017,0.9879469623191272,1604.5237351809017,1.0014041710421908,1604.5167908046026,1.006604522551526,1604.4209584046846,1.0060989707239347
1604.5251240561613,0.9972582405994542,1604.5251240561613,1.0014592842546575,1604.5181796798622,1.0001382299257051,1604.4223472804108,1.0017631451290534
1604.5265129314214,0.9921951523305637,1604.5265129314214,1.001467647964523,1604.5195685551214,0.9980023940825088,1604.42373615567,1.0112019248347257
1604.527901806681,1.0045863296133517,1604.527901806681,1.0014757666339391,1604.5209574303817,1.0039557952386655,1604.4251250313948,1.0013309217625417
1604.5292906819411,0.9964179428355406,1604.5292906819411,1.0014601504988678,1604.5223463056418,0.9942260802763836,1604.426513906655,1.0005207747889275
1604.5306795572008,0.9973517307326257,1604.5306795572008,1.0014817242404714,1604.5237351809017,0.989334208834836,1604.4279027819146,1.0070107173725389
1604.5320684324608,0.9949010317644019,1604.5320684324608,1.001395418645585,1604.5251240561613,0.9987135238477884,1604.4292916576408,1.0032772861048207
1604.5334573077205,1.006625798312801,1604.5334573077205,1.0014184971144304,1604.5265129314214,0.9936513455262912,1604.4306805329013,0.9992655600751742
1604.5348461829806,0.9967034983774011,1604.5348461829806,1.00137805817051,1604.527901806681,1.0060688645995064,1604.4320694086268,1.016997999403858
1604.5362350582411,0.9840846914382357,1604.5362350582411,1.001286192940132,1604.5292906819411,0.9978728629918528,1604.4334582838858,1.0079952488050314
1604.5376239335008,0.9917853621191056,1604.5376239335008,1.001328667442034,1604.5306795572008,0.9988295309683284,1604.434847159145,1.013509018992955
1604.53901280876,1.0008364189597516,1604.53901280876,1.001194711180259,1604.5320684324608,0.9962893352146376,1604.4362360348712,1.0004553296471113
1604.540401683554,0.9894870064050436,1604.540401683554,1.0011124129424642,1604.5334573077205,1.008053694103019,1604.4376249101315,0.9931392695724128
1604.541790558814,1.0033411165276407,1604.541790558814,1.0010937417778807,1604.5348461829806,0.998077013776916,1604.4390137853918,0.9937597411661632
1604.5431794340736,1.011580804850646,1604.5431794340736,1.0010271350465845,1604.5362350582411,0.9853504142208556,1604.440402661117,1.005843442444362
1604.5445683093342,1.0056346748978024,1604.5445683093342,1.0010056366041755,1604.5376239335008,0.9931031150392392,1604.4417915363772,1.0024008105139557
1604.5459571845947,0.9962982286075441,1604.5459571845947,1.001020667825379,1604.53901280876,1.0020321294190933,1604.4431804116364,0.9993007631732644
1604.547346059854,1.0175740661702808,1604.547346059854,1.0009811122856223,1604.540401683554,0.9905877245573688,1604.4445692873617,0.9961200477294204
1604.548734935113,1.0005745225659743,1604.548734935113,1.0009687602017316,1604.541790558814,1.0044385126242523,1604.4459581626222,0.996792576414169
1604.5501238103732,0.9996647319380423,1604.5501238103732,1.0009076566940471,1604.5431794340736,1.0126198349477602,1604.4473470378823,0.9932702957753428
1604.5515126856335,0.9987184935999702,1604.5515126856335,1.0009004552742484,1604.5445683093342,1.0066459779373078,1604.448735913142,1.0021404570993164
1604.5529015604286,0.9867839654485875,1604.5529015604286,1.000945710038711,1604.5459571845947,0.997315118153966,1604.4501247888677,1.0093372479903313
1604.5542904356882,0.9889824307376982,1604.5542904356882,1.0008624142563576,1604.547346059854,1.018572420588131,1604.451513664127,1.0055275659966345
1604.5556793109483,0.9943201453617999,1604.5556793109483,1.0008410797174996,1604.548734935113,1.0015438393423028,1604.452902539387,0.991146488789988
1604.5570681862075,1.0092808878716881,1604.5570681862075,1.0008978625653762,1604.5501238103732,1.0005720843237886,1604.4542914151127,1.0070426584074852
1604.5584570614665,0.9985540428130165,1604.5584570614665,1.0007902018194643,1604.5515126856335,0.9996177949350218,1604.4556802903724,0.9974916773216068
1604.5598459367268,1.007187354670244,1604.5598459367268,1.0007445055691138,1604.5529015604286,0.9877171769507512,1604.4570691656324,1.020369749420542
1604.561234811987,1.0003608775292896,1604.561234811987,1.0006150729004095,1604.5542904356882,0.9898353432852536,1604.458458040892,0.9950768671199938
1604.5626236867818,0.9965816657240075,1604.5626236867818,1.0006478631765823,1604.5556793109483,0.995156447868765,1604.4598469166183,1.0009294161572977
1604.5640125620414,0.9938238379007301,1604.5640125620414,1.0006976905612106,1604.5570681862075,1.0101870833988578,1604.4612357918784,1.0047988346823098
1604.5654014373015,0.9907235755403305,1604.5654014373015,1.0007973599624067,1604.5584570614665,0.9993431020344808,1604.4626246671376,1.012003848690832
1604.5667903125611,1.0014425852398716,1604.5667903125611,1.0007231969299712,1604.5598459367268,1.007937211264937,1604.4640135423972,1.0063226938878589
1604.5681791878212,0.9900044968683568,1604.5681791878212,1.0007233187371625,1604.561234811987,1.0009761723956878,1604.465402418123,1.005916567026495
1604.5695680626152,1.0045784947494936,1604.5695680626152,1.0007279954091548,1604.5626236867818,0.9972273142876872,1604.4667912933835,1.0058308699093297
1604.5709569378753,0.9944188491323391,1604.5709569378753,1.0007910807438556,1604.5640125620414,0.9945172194119396,1604.4681801686438,1.0005375608221867
1604.572345813135,0.9993871108739264,1604.572345813135,1.0008533096706356,1604.5654014373015,0.9915135388532788,1604.4695690439037,0.9848784344597826
1604.573734688395,1.0049031732903404,1604.573734688395,1.0008763039124176,1604.5667903125611,1.0021668254430596,1604.4709579191629,1.0121420106568884
1604.5751235636556,1.0008108989164448,1604.5751235636556,1.0008639456526824,1604.5681791878212,0.9907205856708168,1604.4723467948877,0.99449064718925
1604.5765124384495,0.9900366585887049,1604.5765124384495,1.0007829295249904,1604.5695680626152,1.0053098232818067,1604.473735670147,1.0010801506583862
1604.5779013137087,0.9929426611634571,1604.5779013137087,1.0008036550070796,1604.5709569378753,0.9952055147352148,1604.475124545408,0.9954158498483208
1604.5792901889683,0.9943328900864037,1604.5792901889683,1.0009363081483396,1604.572345813135,1.0002398975603437,1604.4765134206684,1.002477740836423
1604.5806790642284,1.0110244113437181,1604.5806790642284,1.0009524232468041,1604.573734688395,1.0057837738726956,1604.4779022959283,0.9927712680740384
1604.582067939023,1.0086525988746087,1604.582067939023,1.0009349420222564,1604.5751235636556,1.001675545141721,1604.4792911716538,1.0116692153800295
1604.583456814284,0.989433274004869,1604.583456814284,1.0008875046387238,1604.5765124384495,0.9908117875195368,1604.480680046913,1.0053977630673832
1604.584845689543,0.9994891133247982,1604.584845689543,1.0009816009722623,1604.5779013137087,0.993740644504844,1604.482068922173,1.007863271167018
1604.5862345643366,0.9891417777751441,1604.5862345643366,1.001032752632919,1604.5792901889683,0.9952638920735536,1604.4834577974336,1.0126220096565224
1604.5876234395962,0.993890926141717,1604.5876234395962,1.0010540825611414,1604.5806790642284,1.0119873344961683,1604.4848466726933,0.9928256357930966
1604.5890123148563,0.9996709016750583,1604.5890123148563,1.0010231671427154,1604.582067939023,1.0095956305751548,1604.4862355479531,1.0070485708969328
1604.5904011901168,0.9875847364298063,1604.5904011901168,1.001027035844776,1604.583456814284,0.990311400625256,1604.4876244236789,1.008866151704693
1604.5917900649115,0.9866568663393579,1604.5917900649115,1.001015276362313,1604.584845689543,1.0004702128102034,1604.4890132989383,0.993573259889794
1604.5931789401714,0.9994950256931476,1604.5931789401714,1.0010346305944524,1604.5862345643366,0.9901633165504716,1604.4904021741984,1.0091628635314525
1604.5945678154303,1.0068007470089344,1604.5945678154303,1.0010249042420063,1604.5876234395962,0.9949385692346396,1604.491791049458,0.9978322231218568
1604.595956690224,0.9975632698058832,1604.595956690224,1.001099108230249,1604.5890123148563,1.000693732095181,1604.493179924718,0.9939619211214104
1604.5973455654846,1.0079062196854136,1604.5973455654846,1.0010998640048083,1604.5904011901168,0.9885990213538732,1604.4945687999775,1.0160258366274508
1604.5987344407451,0.9891793065446505,1604.5987344407451,1.001160211129158,1604.5917900649115,0.987658595733466,1604.4959576752378,1.0042936226529626
1604.6001233155391,1.0097461770115976,1604.6001233155391,1.0011650786041586,1604.5931789401714,1.0005291338257327,1604.4973465504984,0.9953578123082264
1604.6015121907992,1.0119936641272267,1604.6015121907992,1.0012610798928494,1604.5945678154303,1.007832621365399,1604.498735425759,0.9922805994095394
1604.6029010660588,0.9959691747476955,1604.6029010660588,1.001187900306243,1604.595956690224,0.9986596998059208,1604.500124301018,0.994351261949515
1604.6042899408524,1.0094750706944344,1604.6042899408524,1.0013034162633239,1604.5973455654846,1.009014779456668,1604.501513176743,0.9901521032084158
1604.6056788161125,1.0003640440721517,1604.6056788161125,1.0012646921853792,1604.5987344407451,0.9903269633848364,1604.5029020520026,1.003644947804951
1604.607067691373,1.0176263031508865,1604.607067691373,1.0012225043061787,1604.6001233155391,1.0109226106780649,1604.5042909272624,0.9894080130134572
1604.608456566167,0.989579728003703,1604.608456566167,1.0011392731931983,1604.6015121907992,1.0132698689887485,1604.5056798025228,0.9974842017602364
1604.609845441427,1.0061581777979833,1604.609845441427,1.0010251641865722,1604.6029010660588,0.9971522868353868,1604.5070686777833,1.0064683993749344
1604.6112343166867,1.0033165850191719,1604.6112343166867,1.0011441614418821,1604.6042899408524,1.0107908369189975,1604.5084575530434,1.004011114392807
1604.6126231914816,0.995582942318229,1604.6126231914816,1.0011132234316558,1604.6056788161125,1.001629196661224,1604.5098464283026,1.0069881547691295
1604.6140120667417,1.0004655155839723,1604.6140120667417,1.0010679045234048,1604.607067691373,1.0188703556885692,1604.5112353035618,0.9970298235482086
1604.6154009415347,1.0003977583066002,1604.6154009415347,1.0010679104272064,1604.608456566167,0.99070712966035,1604.5126241788223,0.9995603690317668
1604.6167898167948,1.0102721009106974,1604.6167898167948,1.0010048592275627,1604.609845441427,1.0071896551278885,1604.5140130540829,0.997260274717366
1604.6181786920545,1.008861537868412,1604.6181786920545,1.0010356269735161,1604.6112343166867,1.0044645411697517,1604.5154019293425,1.0025859325973483
1604.619567566849,1.003366155061364,1604.619567566849,1.00108962130047,1604.6126231914816,0.9966912485777744,1604.5167908046026,1.006604522551526
1604.6209564421094,1.001748105713841,1604.6209564421094,1.001073401477238,1604.6140120667417,1.0015339172335749,1604.5181796798622,1.0001382299257051
1604.6223453169043,1.0045696583573347,1604.6223453169043,1.0010521170322448,1604.6154009415347,1.0014660935040498,1604.5195685551214,0.9980023940825088
1604.6237341921635,1.0045041034661066,1604.6237341921635,1.001149718042331,1604.6167898167948,1.0112872821536467,1604.5209574303817,1.0039557952386655
1604.625123066957,0.9974456411791881,1604.625123066957,1.0012480322698867,1604.6181786920545,1.0099063420895715,1604.5223463056418,0.9942260802763836
1604.626511942217,1.0050606720569544,1604.626511942217,1.0012553968405977,1604.619567566849,1.0044594441960897,1604.5237351809017,0.989334208834836
1604.6279008174772,1.0030543135502734,1604.6279008174772,1.001268734218497,1604.6209564421094,1.0028233836103346,1604.5251240561613,0.9987135238477884
1604.629289692272,0.9961813557554197,1604.629289692272,1.0012692275721466,1604.6223453169043,1.005626583204969,1604.5265129314214,0.9936513455262912
1604.6306785675322,0.9941485223575491,1604.6306785675322,1.001270275140534,1604.6237341921635,1.0056589999574572,1604.527901806681,1.0060688645995064
1604.6320674423262,0.9980395451020996,1604.6320674423262,1.0013575959324865,1604.625123066957,0.9986904855268376,1604.5292906819411,0.9978728629918528
1604.6334563175851,1.0098726707901113,1604.6334563175851,1.001337389765472,1604.626511942217,1.0063224220492637,1604.5306795572008,0.9988295309683284
1604.6348451923789,0.9952525748779378,1604.6348451923789,1.001315523879593,1604.6279008174772,1.0043269228808855,1604.5320684324608,0.9962893352146376
1604.6362340676394,0.9988960644523769,1604.6362340676394,1.001238503687562,1604.629289692272,0.9974457365990028,1604.5334573077205,1.008053694103019
1604.6376229424343,0.996625177053249,1604.6376229424343,1.001309326708734,1604.6306785675322,0.9954113645114986,1604.5348461829806,0.998077013776916
1604.639011817694,1.0071668447474742,1604.639011817694,1.0013507118464386,1604.6320674423262,0.9993944795289909,1604.5362350582411,0.9853504142208556
1604.6404006924884,1.0108542473286521,1604.6404006924884,1.0013417707028314,1604.6334563175851,1.0112232641644558,1604.5376239335008,0.9931031150392392
1604.6417895677475,1.0115558719842075,1604.6417895677475,1.0013337094740657,1604.6348451923789,0.9965618534064162,1604.53901280876,1.0020321294190933
1604.6431784425415,0.9930475114117481,1604.6431784425415,1.001267505608879,1604.6362340676394,1.0001332009116923,1604.540401683554,0.9905877245573688
1604.644567317802,0.9900228598044151,1604.644567317802,1.0013367674695641,1604.6376229424343,0.9979300850161616,1604.541790558814,1.0044385126242523
1604.6459561925965,1.0072904373250673,1604.6459561925965,1.0014010378508336,1604.639011817694,1.0085272369360148,1604.5431794340736,1.0126198349477602
1604.647345067856,0.9833325792602869,1604.647345067856,1.001309433411571,1604.6404006924884,1.0122105819425504,1604.5445683093342,1.0066459779373078
1604.6487339426506,0.9911675797470926,1604.6487339426506,1.0013670301974575,1604.6417895677475,1.0129049936342196,1604.5459571845947,0.997315118153966
1604.6501228179102,1.0066860766208745,1604.6501228179102,1.0013677153447935,1604.6431784425415,0.9943062047023457,1604.547346059854,1.018572420588131
1604.6515116927042,1.0071562887699241,1604.6515116927042,1.0013436630168386,1604.644567317802,0.9913462901575264,1604.548734935113,1.0015438393423028
1604.6542894427582,0.9941142680135667,1604.6542894427582,1.0013025201138175,1604.6459561925965,1.0087016893545424,1604.5501238103732,1.0005720843237886
1604.6556783175529,1.0049298882824627,1604.6556783175529,1.0013250416544808,1604.647345067856,0.9846201877942568,1604.5515126856335,0.9996177949350218
1604.6570671928123,0.9978951814453233,1604.6570671928123,1.0013789897635932,1604.6487339426506,0.9925225357593478,1604.5529015604286,0.9877171769507512
1604.6584560676072,1.005819553065737,1604.6584560676072,1.0014450788382734,1604.6501228179102,1.008062936615259,1604.5542904356882,0.9898353432852536
1604.6598449428675,1.0025047721602476,1604.6598449428675,1.0013792688770662,1604.6515116927042,1.0085095674273208,1604.5556793109483,0.995156447868765
1604.6612338176612,0.9932302167829344,1604.6612338176612,1.0014582790278475,1604.6542894427582,0.9954091218430874,1604.5570681862075,1.0101870833988578
1604.6626226924548,1.0087187048620585,1604.6626226924548,1.0015541176902667,1604.6556783175529,1.0062614622442696,1604.5584570614665,0.9993431020344808
1604.6640115677149,0.9890581343090797,1604.6640115677149,1.0016234001214126,1604.6570671928123,0.9992712686856754,1604.5598459367268,1.007937211264937
1604.6654004425088,0.9962773442908006,1604.6654004425088,1.001646978922305,1604.6584560676072,1.007273041616994,1604.561234811987,1.0009761723956878
1604.6667893177694,1.0031643769518122,1604.6667893177694,1.0016673748505884,1604.6598449428675,1.0038874957915986,1604.5626236867818,0.9972273142876872
1604.6681781925645,0.9960768046370001,1604.6681781925645,1.0016098444038386,1604.6612338176612,0.9946786235778934,1604.5640125620414,0.9945172194119396
1604.6695670673585,0.9838438476985544,1604.6695670673585,1.0014766677084792,1604.6626226924548,1.0102863724457876,1604.5654014373015,0.9915135388532788
1604.6709559426174,1.0043748576809788,1604.6709559426174,1.0014638118265418,1604.6640115677149,0.9906637714044012,1604.5667903125611,1.0021668254430596
1604.672344817411,0.9997566346774758,1604.672344817411,1.0014738616126686,1604.6654004425088,0.9979181920776176,1604.5681791878212,0.9907205856708168
1604.6737336922058,0.9987982413956159,1604.6737336922058,1.0014814939661898,1604.6667893177694,1.004837028004948,1604.5695680626152,1.0053098232818067
1604.6751225674664,1.000389456371014,1604.6751225674664,1.001490134930769,1604.6681781925645,0.9976803333067384,1604.5709569378753,0.9952055147352148
1604.6765114422608,0.999136184088125,1604.6765114422608,1.0014587034956306,1604.6695670673585,0.9852966581386368,1604.572345813135,1.0002398975603437
1604.6779003175204,1.0043740356796453,1604.6779003175204,1.001494471131368,1604.6709559426174,1.0058450734759334,1604.573734688395,1.0057837738726956
1604.6792891923149,0.9955039793433963,1604.6792891923149,1.0016090574477186,1604.672344817411,1.0012301376033377,1604.5751235636556,1.001675545141721
1604.6806780671084,0.9991331150879003,1604.6806780671084,1.001697600171008,1604.6737336922058,1.0002779549636844,1604.5765124384495,0.9908117875195368
1604.6820669419023,1.0042404136299374,1604.6820669419023,1.0017688930404125,1604.6751225674664,1.0018801716443255,1604.5779013137087,0.993740644504844
1604.683455817163,0.9932149167758914,1604.683455817163,1.0017486332933951,1604.6765114422608,1.0005936275324654,1604.5792901889683,0.9952638920735536
1604.684844691957,1.0001167763131313,1604.684844691957,1.001794107462154,1604.6779003175204,1.0058750436810642,1604.5806790642284,1.0119873344961683
1604.6862335667513,0.990246917835049,1604.6862335667513,1.001718184445468,1604.6792891923149,0.9971058024355922,1604.582067939023,1.0095956305751548
1604.687622442011,1.0199931165334042,1604.687622442011,1.0016778156266681,1604.6806780671084,1.0008292436349333,1604.583456814284,0.990311400625256
1604.6890113168054,0.9983529429487562,1604.6890113168054,1.0017200243871238,1604.6820669419023,1.0060168075085083,1604.584845689543,1.0004702128102034
1604.690400191599,1.0045526309092765,1604.690400191599,1.0018385550787208,1604.683455817163,0.9949516854468624,1604.5862345643366,0.9901633165504716
1604.6917890668594,0.9950829933471182,1604.6917890668594,1.0018862423482762,1604.684844691957,1.00191109328454,1604.5876234395962,0.9949385692346396
1604.6931779416534,1.000505422828625,1604.6931779416534,1.0019085586631677,1604.6862335667513,0.9919483446864458,1604.5890123148563,1.000693732095181
1604.6945668164478,0.9978570766938074,1604.6945668164478,1.0019840718628543,1604.687622442011,1.0217044769234178,1604.5904011901168,0.9885990213538732
1604.6959556912418,1.0016073073293714,1604.6959556912418,1.0019742549922037,1604.6890113168054,1.0000701343575849,1604.5917900649115,0.987658595733466
1604.6973445665024,1.0017200559663952,1604.6973445665024,1.002073690507486,1604.690400191599,1.0063995562506771,1604.5931789401714,1.0005291338257327
1604.6987334412968,0.9950266170359424,1604.6987334412968,1.002072707735733,1604.6917890668594,0.996959961029219,1604.5945678154303,1.007832621365399
1604.7001223160903,0.9987735640322846,1604.7001223160903,1.00202574729951,1604.6931779416534,1.0024149461209109,1604.595956690224,0.9986596998059208
1604.7015111908845,0.9968456451045743,1604.7015111908845,1.001960984775986,1604.6945668164478,0.9998368968428256,1604.5973455654846,1.009014779456668
1604.7029000661444,1.0068330377559827,1604.7029000661444,1.0019608622470615,1604.6959556912418,1.003584735556094,1604.5987344407451,0.9903269633848364
1604.7042889409383,1.0092007823649436,1604.7042889409383,1.0019649857965311,1604.6973445665024,1.0037973133376112,1604.6001233155391,1.0109226106780649
1604.7056778157332,1.0085142525890467,1604.7056778157332,1.0019609339478381,1604.6987334412968,0.997089016402333,1604.6015121907992,1.0132698689887485
1604.707066690528,0.9927075137871331,1604.707066690528,1.0019464311942823,1604.7001223160903,1.000796826882445,1604.6029010660588,0.9971522868353868
1604.7084555657873,0.9986735150883312,1604.7084555657873,1.0018347423358807,1604.7015111908845,0.9988004442386323,1604.6042899408524,1.0107908369189975
1604.7098444405808,1.0050259955265182,1604.7098444405808,1.001897304245818,1604.7029000661444,1.0088072986488126,1604.6056788161125,1.001629196661224
1604.7112333153748,1.0056844084041223,1604.7112333153748,1.0018428604734724,1604.7042889409383,1.0111838475681387,1604.607067691373,1.0188703556885692
1604.7126221901697,1.0060561911966421,1604.7126221901697,1.0018750333202642,1604.7056778157332,1.0104918824238271,1604.608456566167,0.99070712966035
1604.7140110649646,1.0035017995071898,1604.7140110649646,1.0019489432426705,1604.707066690528,0.9946397506587668,1604.609845441427,1.0071896551278885
1604.715399939759,1.0050245551852444,1604.715399939759,1.00188197037284,1604.7084555657873,1.0005058236661866,1604.6112343166867,1.0044645411697517
1604.7167888150186,1.0024103149046113,1604.7167888150186,1.0019211519476918,1604.7098444405808,1.006932835614988,1604.6126231914816,0.9966912485777744
1604.718177689812,1.0072101647173886,1604.718177689812,1.0019441181737072,1604.7112333153748,1.0075377444491578,1604.6140120667417,1.0015339172335749
1604.7195665646057,0.9974031486640498,1604.7195665646057,1.0019922910503898,1604.7126221901697,1.007942580077194,1604.6154009415347,1.0014660935040498
1604.7209554394003,1.0008505637533047,1604.7209554394003,1.0019982361296875,1604.7140110649646,1.005457567558347,1604.6167898167948,1.0112872821536467
1604.7223443141954,1.0109221324527553,1604.7223443141954,1.0020790153264878,1604.715399939759,1.0069159816220798,1604.6181786920545,1.0099063420895715
1604.7237331889896,1.000315279149012,1604.7237331889896,1.002003687863596,1604.7167888150186,1.0043360974334767,1604.619567566849,1.0044594441960897
1604.7251220642495,0.9995541491268999,1604.7251220642495,1.0021005174851039,1604.718177689812,1.0091683003033582,1604.6209564421094,1.0028233836103346
1604.7265109390437,1.0059199038143738,1604.7265109390437,1.0019855053534452,1604.7195665646057,0.9993902660307638,1604.6223453169043,1.005626583204969
1604.727899813838,0.9901661560632379,1604.727899813838,1.0018658462869219,1604.7209554394003,1.0028504995102148,1604.6237341921635,1.0056589999574572
1604.729288688632,1.0072029578491342,1604.729288688632,1.0018491323237215,1604.7223443141954,1.0130238550600104,1604.625123066957,0.9986904855268376
1604.7306775634263,1.0024393083515357,1604.7306775634263,1.0018491241210272,1604.7237331889896,1.0023195987336126,1604.626511942217,1.0063224220492637
1604.7320664382205,0.9985668707196763,1604.7320664382205,1.0017941196736508,1604.7251220642495,1.001653730094449,1604.6279008174772,1.0043269228808855
1604.7334553130147,0.9953646956950836,1604.7334553130147,1.0017206754616756,1604.7265109390437,1.0079171631685344,1604.629289692272,0.9974457365990028
1604.734844187809,0.9930867791104547,1604.734844187809,1.0017640849493386,1604.727899813838,0.9920136539089642,1604.6306785675322,0.9954113645114986
1604.7362330630692,1.0084515891978774,1604.7362330630692,1.0016890065380266,1604.729288688632,1.0090654093950409,1604.6320674423262,0.9993944795289909
1604.7376219378637,1.0012672363328432,1604.7376219378637,1.0016331826802902,1604.7306775634263,1.0042929430564744,1604.6334563175851,1.0112232641644558
1604.7390108126572,1.0006640428225497,1604.7390108126572,1.0016505182366429,1604.7320664382205,1.0003584191878905,1604.6348451923789,0.9965618534064162
1604.7403996874511,0.991919915066508,1604.7403996874511,1.0016680460507277,1604.7334553130147,0.9970773953023844,1604.6362340676394,1.0001332009116923
1604.7417885622451,0.99877504163245,1604.7417885622451,1.0016477149356084,1604.734844187809,0.9948386685508706,1604.6376229424343,0.9979300850161616
1604.74317743704,0.9999055804983179,1604.74317743704,1.0016043625430366,1604.7362330630692,1.0101548705253158,1604.639011817694,1.0085272369360148
1604.744566311835,0.999715485423647,1604.744566311835,1.0014836089706638,1604.7376219378637,1.002902488641564,1604.6404006924884,1.0122105819425504
1604.7459551866284,1.0045428442007311,1604.7459551866284,1.001395518497264,1604.7390108126572,1.002315657073981,1604.6417895677475,1.0129049936342196
1604.747344061422,1.0004425828923618,1604.747344061422,1.001328673023791,1604.7403996874511,0.9935744831634729,1604.6431784425415,0.9943062047023457
1604.7487329362164,1.016161657541204,1604.7487329362164,1.0013416850844108,1604.7417885622451,1.0004207381858607,1604.644567317802,0.9913462901575264
1604.7501218110103,1.0177523699320932,1604.7501218110103,1.0012682919554567,1604.74317743704,1.0015097915582427,1604.6459561925965,1.0087016893545424
1604.7515106858052,0.9840360438871028,1604.7515106858052,1.001242183126157,1604.744566311835,1.001198672285933,1604.647345067856,0.9846201877942568
1604.7528995606,0.9937104296654556,1604.7528995606,1.0011612312784706,1604.7459551866284,1.0059447023211074,1604.6487339426506,0.9925225357593478
1604.7542884353943,1.0025536930631038,1604.7542884353943,1.0011435855698032,1604.747344061422,1.0017718439641026,1604.6501228179102,1.008062936615259
1604.755677310188,0.9908803448607825,1604.755677310188,1.0012263846299059,1604.7487329362164,1.0175250264804772,1604.6515116927042,1.0085095674273208
1604.7570661849816,1.0066463475363459,1604.7570661849816,1.0012216485037764,1604.7501218110103,1.019043177075525,1604.6529005674986,1.0255731478922927
1604.7584550597765,1.0024294037010673,1604.7584550597765,1.0011774126355304,1604.7515106858052,0.9852583968563496,1604.6542894427582,0.9954091218430874
1604.759843934571,1.0005805579897027,1604.759843934571,1.0010962535834087,1604.7528995606,0.9948643572981256,1604.6556783175529,1.0062614622442696
1604.7612328093653,0.9972371296335424,1604.7612328093653,1.0010910873136798,1604.7542884353943,1.0037001989994436,1604.6570671928123,0.9992712686856754
1604.7626216841593,1.003426858309493,1604.7626216841593,1.0011327503340492,1604.755677310188,0.9920955452857956,1604.6584560676072,1.007273041616994
1604.7640105589535,1.002657792623832,1604.7640105589535,1.0011894359254803,1604.7570661849816,1.0078761155406455,1604.6598449428675,1.0038874957915986
1604.7653994337472,0.995354124543594,1604.7653994337472,1.0011613390469944,1604.7584550597765,1.003609676747212,1604.6612338176612,0.9946786235778934
1604.7667883085412,1.0006343005638467,1604.7667883085412,1.0011307777385534,1604.759843934571,1.001677448011888,1604.6626226924548,1.0102863724457876
1604.768177183336,0.9978982802478168,1604.768177183336,1.0010442196050622,1604.7612328093653,0.998325202414416,1604.6640115677149,0.9906637714044012
1604.7695660581303,1.0137965525525585,1604.7695660581303,1.001093006072892,1604.7626216841593,1.004563490418437,1604.6654004425088,0.9979181920776176
1604.7709549329245,1.0036829711366868,1604.7709549329245,1.001195052569554,1604.7640105589535,1.0038503898233415,1604.6667893177694,1.004837028004948
1604.772343807719,0.988719436187025,1604.772343807719,1.0011348249316812,1604.7653994337472,0.9965100681540134,1604.6681781925645,0.9976803333067384
1604.7751215573078,0.9908718165196359,1604.7751215573078,1.0012086651785277,1604.7667883085412,1.0017657955553574,1604.6695670673585,0.9852966581386368
1604.7765104321013,0.9842307353486025,1604.7765104321013,1.0011510827320103,1604.768177183336,0.9989403051959094,1604.6709559426174,1.0058450734759334
1604.7778993068955,1.000810526821287,1604.7778993068955,1.0011443563806388,1604.7695660581303,1.0149046383411755,1604.672344817411,1.0012301376033377
1604.779288181224,0.9912965927189047,1604.779288181224,1.001177405382793,1604.7709549329245,1.0048824250503614,1604.6737336922058,1.0002779549636844
1604.780677056018,0.999022147835688,1604.780677056018,1.0012794849592443,1604.772343807719,0.9898414596536478,1604.6751225674664,1.0018801716443255
1604.782065930813,1.003333131216324,1604.782065930813,1.0012782237652267,1604.7751215573078,0.9920694487806476,1604.6765114422608,1.0005936275324654
1604.7834548056078,1.0017358303209334,1604.7834548056078,1.0013372943108714,1604.7765104321013,0.985363666352376,1604.6779003175204,1.0058750436810642
1604.7848436804013,0.9988227998671002,1604.7848436804013,1.0013019436244226,1604.7778993068955,1.0019558107334654,1604.6792891923149,0.9971058024355922
1604.7862325551948,1.0059046392395403,1604.7862325551948,1.0012117362844306,1604.779288181224,0.9924637506631164,1604.6806780671084,1.0008292436349333
1604.7876214299893,1.004851831906809,1604.7876214299893,1.0013253183580137,1604.780677056018,1.0003003816477958,1604.6820669419023,1.0060168075085083
1604.789010304784,1.000462611784195,1604.789010304784,1.001212100786823,1604.782065930813,1.004615615469084,1604.683455817163,0.9949516854468624
1604.790399179579,1.0031825733522175,1604.790399179579,1.001282507399779,1604.7834548056078,1.0030754459478175,1604.684844691957,1.00191109328454
1604.791788053907,0.9845952738631,1604.791788053907,1.0013596549747215,1604.7848436804013,1.0001232108433151,1604.6862335667513,0.9919483446864458
1604.7931769287009,0.99749148270865,1604.7931769287009,1.0012910647374167,1604.7862325551948,1.007123530389584,1604.687622442011,1.0217044769234178
1604.7945658034944,0.9888762385226524,1604.7945658034944,1.001329595669629,1604.7876214299893,1.0061835804867187,1604.6890113168054,1.0000701343575849
1604.7959546782886,1.0030261245188095,1604.7959546782886,1.0013931531680926,1604.789010304784,1.0016752733031258,1604.690400191599,1.0063995562506771
1604.7973435530832,0.9971650168079149,1604.7973435530832,1.0013130114413853,1604.790399179579,1.0044691624258713,1604.6917890668594,0.996959961029219
1604.798732427878,1.0027220728662758,1604.798732427878,1.0013593493361552,1604.791788053907,0.9859339837252952,1604.6931779416534,1.0024149461209109
1604.800121302207,1.0022585769435803,1604.800121302207,1.0013232379374661,1604.7931769287009,0.9987793087878486,1604.6945668164478,0.9998368968428256
1604.8015101770009,0.9957982828763854,1604.8015101770009,1.0013554858287923,1604.7945658034944,0.9901910440871912,1604.6959556912418,1.003584735556094
1604.8028990517944,1.002039431559262,1604.8028990517944,1.0013565318840691,1604.7959546782886,1.0044234935418626,1604.6973445665024,1.0037973133376112
1604.8042879265888,1.0082294781257704,1604.8042879265888,1.0013729986135629,1604.7973435530832,0.9984743058839328,1604.6987334412968,0.997089016402333
1604.8056768013837,1.0026669732369526,1604.8056768013837,1.0014604667488884,1604.798732427878,1.0040851224503748,1604.7001223160903,1.000796826882445
1604.807065675712,1.001364551966005,1604.807065675712,1.0014968852594113,1604.800121302207,1.0035848035157429,1604.7015111908845,0.9988004442386323
1604.8084545505064,1.004808879206584,1604.8084545505064,1.001501429554599,1604.8015101770009,0.99714807333716,1604.7029000661444,1.0088072986488126
1604.8098434253004,1.0028378120172126,1604.8098434253004,1.0016109442535215,1604.8028990517944,1.0033987299972666,1604.7042889409383,1.0111838475681387
1604.8112323000948,0.9971956420412025,1604.8112323000948,1.0016388927268811,1604.8042879265888,1.0096137758013903,1604.7056778157332,1.0104918824238271
1604.8126211748888,0.9850209740961524,1604.8126211748888,1.0017517060815888,1604.8056768013837,1.004131335011574,1604.707066690528,0.9946397506587668
1604.8140100492174,1.0003672370886105,1604.8140100492174,1.0017982483744632,1604.807065675712,1.00286347980314,1604.7084555657873,1.0005058236661866
1604.8153989240116,1.0076517411842385,1604.8153989240116,1.001752763218738,1604.8084545505064,1.006317528954548,1604.7098444405808,1.006932835614988
1604.8167877988055,0.9972895539491095,1604.8167877988055,1.001742121726001,1604.8098434253004,1.0044533278276957,1604.7112333153748,1.0075377444491578
1604.8181766736,1.0026721090332047,1604.8181766736,1.0017652206307932,1604.8112323000948,0.9988299387262214,1604.7126221901697,1.007942580077194
1604.8195655479292,0.9999408249376865,1604.8195655479292,1.0017285702045924,1604.8126211748888,0.9867464413269692,1604.7140110649646,1.005457567558347
1604.820954422724,1.0163039449694644,1604.820954422724,1.0017658034255494,1604.8140100492174,1.0021661458465714,1604.715399939759,1.0069159816220798
1604.8223432975176,1.0026318831198513,1604.8223432975176,1.0017652852695342,1604.8153989240116,1.0094179160934835,1604.7167888150186,1.0043360974334767
1604.823732172311,0.9983613380300973,1604.823732172311,1.0017808975390585,1604.8167877988055,0.999026953748158,1604.718177689812,1.0091683003033582
1604.8251210466394,0.9996545601865986,1604.8251210466394,1.0018725283314434,1604.8181766736,1.0044420465259911,1604.7195665646057,0.9993902660307638
1604.826509921434,0.9865617637699176,1604.826509921434,1.0018154360345644,1604.8195655479292,1.0016692928540294,1604.7209554394003,1.0028504995102148
1604.8278987962287,0.9911772164682655,1604.8278987962287,1.0017948735506725,1604.820954422724,1.018098537956891,1604.7223443141954,1.0130238550600104
1604.829287670558,0.9930700896487856,1604.829287670558,1.001796112845121,1604.8223432975176,1.0044018144138882,1604.7237331889896,1.0023195987336126
1604.830676545352,0.9926955934284345,1604.830676545352,1.001669425757477,1604.823732172311,1.0001393172800863,1604.7251220642495,1.001653730094449
1604.8320654201457,1.0040653974419658,1604.8320654201457,1.001590872766103,1604.8251210466394,1.0015264416722045,1604.7265109390437,1.0079171631685344
1604.8334542944733,0.9946015758046662,1604.8334542944733,1.0016392508377499,1604.826509921434,0.9883528035461888,1604.727899813838,0.9920136539089642
1604.8348431692673,0.9985493133343648,1604.8348431692673,1.0016933805888633,1604.8278987962287,0.9929562542381336,1604.729288688632,1.0090654093950409
1604.8362320440622,0.9942668660028811,1604.8362320440622,1.0017059071725172,1604.829287670558,0.9948537555929092,1604.7306775634263,1.0042929430564744
1604.8376209183914,0.9832021224759837,1604.8376209183914,1.001715665264349,1604.830676545352,0.9943528250214378,1604.7320664382205,1.0003584191878905
1604.8390097931858,0.9999790206662004,1604.8390097931858,1.001649191199224,1604.8320654201457,1.0056627377381424,1604.7334553130147,0.9970773953023844
1604.8403986679791,0.9880277910311331,1604.8403986679791,1.0016260631402638,1604.8334542944733,0.9962319772710314,1604.734844187809,0.9948386685508706
1604.8417875423072,0.9966661805336074,1604.8417875423072,1.0016364100414963,1604.8348431692673,1.000240237358588,1604.7362330630692,1.0101548705253158
1604.843176417102,0.9967165409322152,1604.843176417102,1.0015614595410967,1604.8362320440622,0.9959629929809916,1604.7376219378637,1.002902488641564
1604.844565291897,1.0037804066886857,1604.844565291897,1.0014987415896242,1604.8376209183914,0.98488896820535,1604.7390108126572,1.002315657073981
1604.8459541662253,1.007418473662445,1604.8459541662253,1.001579491405172,1604.8390097931858,1.0016281772664917,1604.7403996874511,0.9935744831634729
1604.8473430410197,1.0078000051036144,1604.8473430410197,1.0016198871860476,1604.8403986679791,0.9896343866036852,1604.7417885622451,1.0004207381858607
1604.848731915348,0.9975186875798538,1604.848731915348,1.0015736744283932,1604.8417875423072,0.9982971350794524,1604.74317743704,1.0015097915582427
1604.8501207901415,1.0023150961446046,1604.8501207901415,1.0015539868146677,1604.843176417102,0.9982728734848226,1604.744566311835,1.001198672285933
1604.8515096649355,0.995339983020823,1604.8515096649355,1.001585093670245,1604.844565291897,1.00528481413104,1604.7459551866284,1.0059447023211074
1604.8528985392647,0.9901300576068947,1604.8528985392647,1.0015064052207618,1604.8459541662253,1.0090096824830064,1604.747344061422,1.0017718439641026
1604.8542874140592,0.9897842239602608,1604.8542874140592,1.0015963151425398,1604.8473430410197,1.0094325274179805,1604.7487329362164,1.0175250264804772
1604.8556762883877,1.0099915873460812,1604.8556762883877,1.0015952246707656,1604.848731915348,0.9990884572303426,1604.7501218110103,1.019043177075525
1604.857065163182,0.9956879369653011,1604.857065163182,1.0015568963417127,1604.8501207901415,1.0038726805881557,1604.7515106858052,0.9852583968563496
1604.8584540379768,0.9946061817682859,1604.8584540379768,1.001632699114831,1604.8515096649355,0.9969176901276512,1604.7528995606,0.9948643572981256
1604.859842912305,0.997807020571966,1604.859842912305,1.0016343333126578,1604.8528985392647,0.9916215946949068,1604.7542884353943,1.0037001989994436
1604.8612317870986,0.996432440561626,1604.8612317870986,1.0017342145776285,1604.8542874140592,0.9913642315048156,1604.755677310188,0.9920955452857956
1604.8626206614274,0.9970253391810651,1604.8626206614274,1.0017274389554098,1604.8556762883877,1.0116027508434813,1604.7570661849816,1.0078761155406455
1604.8640095362214,0.9966080299209396,1604.8640095362214,1.0016613041051088,1604.857065163182,0.9972381198718498,1604.7584550597765,1.003609676747212
1604.86539841055,1.0014673618440781,1604.86539841055,1.0017020892242845,1604.8584540379768,0.9962300744008644,1604.759843934571,1.001677448011888
1604.866787285345,0.9976930212427322,1604.866787285345,1.0017065505762162,1604.859842912305,0.9994377698252906,1604.7612328093653,0.998325202414416
1604.8695650344675,0.9893756696455418,1604.8695650344675,1.0017983524312233,1604.8612317870986,0.99816046822567,1604.7626216841593,1.004563490418437
1604.8709539092608,0.9956193973821319,1604.8709539092608,1.00174324956932,1604.8626206614274,0.9987476395914971,1604.7640105589535,1.0038503898233415
1604.8723427835896,0.994566060236939,1604.8723427835896,1.0017702723377988,1604.8640095362214,0.9982636989322315,1604.7653994337472,0.9965100681540134
1604.8737316583845,1.0071602261638726,1604.8737316583845,1.0018295602888034,1604.86539841055,1.0031719486491455,1604.7667883085412,1.0017657955553574
1604.8751205327137,0.9963152708961754,1604.8751205327137,1.0017529109617926,1604.866787285345,0.9993956348430209,1604.768177183336,0.9989403051959094
1604.8765094075077,0.9942194943549444,1604.8765094075077,1.001781250854793,1604.8695650344675,0.991154915786442,1604.7695660581303,1.0149046383411755
1604.8778982818365,0.9944726256284533,1604.8778982818365,1.0018412945560744,1604.8709539092608,0.9973550104678248,1604.7709549329245,1.0048824250503614
1604.87928715663,1.0004810551987562,1604.87928715663,1.0019487880457096,1604.8723427835896,0.99632671302149,1604.772343807719,0.9898414596536478
1604.8806760309578,1.0068169569543384,1604.8806760309578,1.0019661330658352,1604.8737316583845,1.0090028865181242,1604.7737326825138,1.022840558372785
1604.882064905287,0.9925628694391506,1604.882064905287,1.0019705684193256,1604.8751205327137,0.9980617228559308,1604.7751215573078,0.9920694487806476
1604.883453780082,0.9913571188520257,1604.883453780082,1.0019832585577502,1604.8765094075077,0.995990448679116,1604.7765104321013,0.985363666352376
1604.8848426544102,0.9958507127920214,1604.8848426544102,1.0019987062501075,1604.8778982818365,0.996303742660188,1604.7778993068955,1.0019558107334654
1604.886231529205,0.9937894967432769,1604.886231529205,1.002045249957579,1604.87928715663,1.0024307807190864,1604.779288181224,0.9924637506631164
1604.8876204035323,1.0038992067406673,1604.8876204035323,1.002118379401891,1604.8806760309578,1.0087964930646498,1604.780677056018,1.0003003816477958
1604.8890092783265,1.0019326631030068,1604.8890092783265,1.0021000134588787,1604.882064905287,0.9945187824838626,1604.782065930813,1.004615615469084
1604.8903981526555,1.0015610713073635,1604.8903981526555,1.002019967258611,1604.883453780082,0.9933232363417756,1604.7834548056078,1.0030754459478175
1604.8917870274497,1.0015414970529761,1604.8917870274497,1.0021286445455377,1604.8848426544102,0.9978411258358528,1604.7848436804013,1.0001232108433151
1604.8931759017785,0.9954025768732642,1604.8931759017785,1.0021957659745921,1604.886231529205,0.9958220446693334,1604.7862325551948,1.007123530389584
1604.8945647761068,0.9969676627276775,1604.8945647761068,1.0022915941021855,1604.8876204035323,1.0060258461418017,1604.7876214299893,1.0061835804867187
1604.8959536509012,1.0023251734920025,1604.8959536509012,1.0021672209829982,1604.8890092783265,1.0040367351804131,1604.789010304784,1.0016752733031258
1604.8973425252295,0.9963613079819935,1604.8973425252295,1.002202973179343,1604.8903981526555,1.0035841918789037,1604.790399179579,1.0044691624258713
1604.898731400024,0.9993889931044547,1604.898731400024,1.0022085245911954,1604.8917870274497,1.0036734228978077,1604.791788053907,0.9859339837252952
1604.9001202743525,0.9956403830309917,1604.9001202743525,1.0022681930804562,1604.8931759017785,0.9975882479825838,1604.7931769287009,0.9987793087878486
1604.901509148681,0.9969750051229149,1604.901509148681,1.0023279068619662,1604.8945647761068,0.9992523079436538,1604.7945658034944,0.9901910440871912
1604.902898023475,1.0021684288250332,1604.902898023475,1.0023802499207324,1604.8959536509012,1.0044974336397816,1604.7959546782886,1.0044234935418626
1604.9042868978042,1.0030654639607421,1604.9042868978042,1.0023723944920542,1604.8973425252295,0.9985562652204129,1604.7973435530832,0.9984743058839328
1604.9056757725991,1.0090387965958345,1604.9056757725991,1.0023733504497614,1604.898731400024,1.001596168271896,1604.798732427878,1.0040851224503748
1604.907064646927,1.0108201585905474,1604.907064646927,1.002409234651638,1604.9001202743525,0.9978986876584054,1604.800121302207,1.0035848035157429
1604.9084535212548,1.0044765751162685,1604.9084535212548,1.0023470762256015,1604.901509148681,0.9992958700785493,1604.8015101770009,0.99714807333716
1604.9098423960488,0.9998939825462397,1604.9098423960488,1.0023861807292658,1604.902898023475,1.0045538401483045,1604.8028990517944,1.0033987299972666
1604.9112312703776,0.9919784411544162,1604.9112312703776,1.0024701774280032,1604.9042868978042,1.0054451309426125,1604.8042879265888,1.0096137758013903
1604.9126201447068,1.0061142143108452,1604.9126201447068,1.002392684628074,1604.9056757725991,1.0114335992775618,1604.8056768013837,1.004131335011574
1604.9140090195017,0.9927143207593428,1604.9140090195017,1.0023992591740247,1604.907064646927,1.013255461543198,1604.807065675712,1.00286347980314
1604.91539789383,0.9992093735214685,1604.91539789383,1.0023878671456343,1604.9084535212548,1.0068341582048976,1604.8084545505064,1.006317528954548
1604.916786768158,1.0059983714955585,1604.916786768158,1.0023840147489531,1604.9098423960488,1.0022799102987003,1604.8098434253004,1.0044533278276957
1604.9181756429514,0.9957417162426982,1604.9181756429514,1.0024663604137183,1604.9112312703776,0.9944288039088216,1604.8112323000948,0.9988299387262214
1604.9195645172806,0.9977677194263999,1604.9195645172806,1.0025655731600505,1604.9126201447068,1.0085215283255136,1604.8126211748888,0.9867464413269692
1604.9209533916098,1.006809272593908,1604.9209533916098,1.0026902257031929,1604.9140090195017,0.9950960997006104,1604.8140100492174,1.0021661458465714
1604.9223422664045,0.9939548493750836,1604.9223422664045,1.0026650457375619,1604.91539789383,1.0015953527561103,1604.8153989240116,1.0094179160934835
1604.9237311407326,1.0092149184996668,1604.9237311407326,1.002723465645802,1604.916786768158,1.0083966864506266,1604.8167877988055,0.999026953748158
1604.9251200150604,0.9934445997536919,1604.9251200150604,1.002714924520574,1604.9181756429514,0.9981975741939272,1604.8181766736,1.0044420465259911
1604.9265088893883,1.009654902630263,1604.9265088893883,1.0026799950449765,1604.9195645172806,1.000327565507325,1604.8195655479292,1.0016692928540294
1604.9278977641832,0.9979967527616613,1604.9278977641832,1.002708385348085,1604.9209533916098,1.009517816777253,1604.820954422724,1.018098537956891
1604.9292866385124,1.0068376431076835,1604.9292866385124,1.0027642317076517,1604.9223422664045,0.9966037845097396,1604.8223432975176,1.0044018144138882
1604.9306755128407,1.0040707518964378,1604.9306755128407,1.0027082757776158,1604.9237311407326,1.0119634806594315,1604.823732172311,1.0001393172800863
1604.9320643871697,1.0017654093059811,1604.9320643871697,1.0026787041756127,1604.9251200150604,0.996141726857395,1604.8251210466394,1.0015264416722045
1604.9334532619637,1.0021113956883396,1604.9334532619637,1.0026881514495791,1604.9265088893883,1.0123607727664483,1604.826509921434,0.9883528035461888
1604.9348421362922,1.0059770341923862,1604.9348421362922,1.002729949329993,1604.9278977641832,1.0006997125442774,1604.8278987962287,0.9929562542381336
1604.9362310106203,1.0020618132744943,1604.9362310106203,1.0026656045695712,1604.9292866385124,1.0096207756452191,1604.829287670558,0.9948537555929092
1604.9376198849493,1.0066586504046158,1604.9376198849493,1.0027182633220455,1604.9306755128407,1.0067900523928115,1604.830676545352,0.9943528250214378
1604.9390087597433,1.0041266479606865,1604.9390087597433,1.002770763930942,1604.9320643871697,1.0044488424908733,1604.8320654201457,1.0056627377381424
1604.940397634072,0.9937755540443745,1604.940397634072,1.0027407682895717,1604.9334532619637,1.004805222889299,1604.8334542944733,0.9962319772710314
1604.9417865084004,1.0136757146803597,1604.9417865084004,1.0026625465969148,1604.9348421362922,1.008723300522868,1604.8348431692673,1.000240237358588
1604.9431753827296,0.9958800517735575,1604.9431753827296,1.0027386702420251,1604.9362310106203,1.0047329138229515,1604.8362320440622,0.9959629929809916
1604.9445642575236,0.9961298492003315,1604.9445642575236,1.002681175470639,1604.9376198849493,1.0093950136918304,1604.8376209183914,0.98488896820535
1604.9459531318514,1.0007173478774056,1604.9459531318514,1.002709612469185,1604.9390087597433,1.0069088458589537,1604.8390097931858,1.0016281772664917
1604.9473420061802,1.0008286176217682,1604.9473420061802,1.0027022294862504,1604.940397634072,0.9964992625698508,1604.8403986679791,0.9896343866036852
1604.9487308805085,1.0042211026821097,1604.9487308805085,1.002748518424347,1604.9417865084004,1.016374673504857,1604.8417875423072,0.9982971350794524
1604.9501197548375,1.003651417244335,1604.9501197548375,1.0027992852109378,1604.9431753827296,0.9986074388359762,1604.843176417102,0.9982728734848226
1604.951508629167,0.9937872676555065,1604.951508629167,1.0027470710383748,1604.9445642575236,0.9988006481175788,1604.844565291897,1.00528481413104
1604.9528975039614,0.9861648891359356,1604.9528975039614,1.002764814096363,1604.9459531318514,1.003428904081344,1604.8459541662253,1.0090096824830064
1604.9542863782892,1.0063302887740764,1604.9542863782892,1.002808678642104,1604.9473420061802,1.003533086222989,1604.8473430410197,1.0094325274179805
1604.955675252617,0.9899553296839461,1604.955675252617,1.0028903682314831,1604.9487308805085,1.0069812228849495,1604.848731915348,0.9990884572303426
1604.9570641269454,0.9948181511869268,1604.9570641269454,1.0029456093498943,1604.9501197548375,1.0064609238135638,1604.8501207901415,1.0038726805881557
1604.9584530012746,0.9970758140373343,1604.9584530012746,1.0028766670811828,1604.951508629167,0.9965172718767886,1604.8515096649355,0.9969176901276512
1604.9598418756038,1.010510695523498,1604.9598418756038,1.0028866352258698,1604.9528975039614,0.9888914517227568,1604.8528985392647,0.9916215946949068
1604.961230750398,1.0072852702709483,1604.961230750398,1.0028595056076883,1604.9542863782892,1.0091567471630585,1604.8542874140592,0.9913642315048156
1604.9626196247257,1.0077522636681246,1604.9626196247257,1.0028615774678182,1604.955675252617,0.992816665119452,1604.8556762883877,1.0116027508434813
1604.9640084990535,0.9967741670056096,1604.9640084990535,1.0028660575242092,1604.9570641269454,0.9977484968345076,1604.857065163182,0.9972381198718498
1604.9653973733828,1.000169602838109,1604.9653973733828,1.002842498338762,1604.9584530012746,0.999944069209019,1604.8584540379768,0.9962300744008644
1604.966786247712,1.0089880777779743,1604.966786247712,1.002850762795391,1604.9598418756038,1.0134276712933143,1604.859842912305,0.9994377698252906
1604.9681751220407,0.9940303522119041,1604.9681751220407,1.002937631089415,1604.961230750398,1.0101656081498298,1604.8612317870986,0.99816046822567
1604.969563996369,0.9980348423701383,1604.969563996369,1.00291729664713,1604.9626196247257,1.01063602483898,1604.8626206614274,0.9987476395914971
1604.9709528706978,1.0078115018203482,1604.9709528706978,1.0028672309821671,1604.9640084990535,0.9996309791068934,1604.8640095362214,0.9982636989322315
1604.9723417450257,1.0101751568610726,1604.9723417450257,1.0027889903861673,1604.9653973733828,1.0030125832726566,1604.86539841055,1.0031719486491455
1604.973730619354,0.9995803142367514,1604.973730619354,1.0026882196940996,1604.966786247712,1.011864463451097,1604.866787285345,0.9993956348430209
1604.9751194941489,0.9977209716244936,1604.9751194941489,1.0026654051041823,1604.9681751220407,0.9969504466783838,1604.8681761596742,1.0265385826634663
1604.9765083684777,1.002234172849188,1604.9765083684777,1.0026121741089762,1604.969563996369,1.0009464060695037,1604.8695650344675,0.991154915786442
1604.977897242806,0.9963285329556743,1604.977897242806,1.0027228932103702,1604.9709528706978,1.010701130182552,1604.8709539092608,0.9973550104678248
1604.9792861171345,1.0139869483339339,1604.9792861171345,1.0027228748523769,1604.9723417450257,1.0129925256619032,1604.8723427835896,0.99632671302149
1604.9806749914635,1.0095814718985414,1604.9806749914635,1.0027376433745625,1604.973730619354,1.002267405723317,1604.8737316583845,1.0090028865181242
1604.9820638657925,0.9977378553601962,1604.9820638657925,1.0027270412310596,1604.9751194941489,1.0003803021948112,1604.8751205327137,0.9980617228559308
1604.98345274012,1.0087268746614582,1604.98345274012,1.0027081678848262,1604.9765083684777,1.0048521830066357,1604.8765094075077,0.995990448679116
1604.9848416144484,0.9945556203010382,1604.9848416144484,1.0027501411110835,1604.977897242806,0.9990414291533574,1604.8778982818365,0.996303742660188
1604.9862304887772,1.0033294518537916,1604.9862304887772,1.002851024491139,1604.9792861171345,1.0167479078961907,1604.87928715663,1.0024307807190864
1604.9876193631055,1.0051678513094289,1604.9876193631055,1.0028432180498021,1604.9806749914635,1.0123453459261655,1604.8806760309578,1.0087964930646498
1604.9890082374347,0.9915108637061224,1604.9890082374347,1.0029455961965827,1604.9820638657925,1.0004587276295525,1604.882064905287,0.9945187824838626
1604.990397111764,1.003952972787018,1604.990397111764,1.003051797282306,1604.98345274012,1.0114586763879774,1604.883453780082,0.9933232363417756
1604.9917859860918,0.9918040495359317,1604.9917859860918,1.0030855971636996,1604.9848416144484,0.9972907885996872,1604.8848426544102,0.9978411258358528
1604.9931748604197,1.005985219227565,1604.9931748604197,1.003167790973387,1604.9862304887772,1.006189968693708,1604.886231529205,0.9958220446693334
1604.9945637347485,1.0167962414588816,1604.9945637347485,1.0031206741148502,1604.9876193631055,1.0080257626873528,1604.8876204035323,1.0060258461418017
1604.9959526090768,0.987795282221448,1604.9959526090768,1.0031935759982593,1604.9890082374347,0.9944314543351256,1604.8890092783265,1.0040367351804131
1604.997341483406,1.0089438800555965,1604.997341483406,1.0032192206600719,1604.990397111764,1.0070168337409326,1604.8903981526555,1.0035841918789037
1604.9987303577352,1.005824514547677,1604.9987303577352,1.00330050420524,1604.9917859860918,0.9948643572981256,1604.8917870274497,1.0036734228978077
1605.000119232063,0.9948579578864181,1605.000119232063,1.003194844043118,1604.9931748604197,1.0091719701243946,1604.8931759017785,0.9975882479825838
1605.001508106391,1.0058011279835781,1605.001508106391,1.0032222784025049,1604.9945637347485,1.0199693311696794,1604.8945647761068,0.9992523079436538
1605.0028969807192,1.001324914125386,1605.0028969807192,1.0032133193893167,1604.9959526090768,0.9909498815259442,1604.8959536509012,1.0044974336397816
1605.0042858550485,1.0049197201033284,1605.0042858550485,1.003235558191823,1604.997341483406,1.0121918930391245,1604.8973425252295,0.9985562652204129
1605.0056747293777,1.015007695936136,1605.0056747293777,1.0031772433064239,1604.9987303577352,1.009144242587675,1604.898731400024,1.001596168271896
1605.0070636037065,0.9913058975715179,1605.0070636037065,1.0030813968702497,1605.000119232063,0.99803637390692,1604.9001202743525,0.9978986876584054
1605.008452477569,1.0088711232984275,1605.008452477569,1.0032052116432215,1605.001508106391,1.0090420992354947,1604.901509148681,0.9992958700785493
1605.009841351897,1.0159698832893642,1605.009841351897,1.0032031169274813,1605.0028969807192,1.004542490886951,1604.902898023475,1.0045538401483045
1605.0112302262248,1.0031486461312598,1605.0112302262248,1.0031802088008812,1605.0042858550485,1.0081711963358333,1604.9042868978042,1.0054451309426125
1605.012619100554,1.0029584225951893,1605.012619100554,1.0031924710132523,1605.0056747293777,1.018232622344018,1604.9056757725991,1.0114335992775618
1605.0140079748833,0.9994115911124942,1605.0140079748833,1.003198242285258,1605.0070636037065,0.9943605044617548,1604.907064646927,1.013255461543198
1605.0153968492118,0.987671616032694,1605.0153968492118,1.003217693978088,1605.008452477569,1.0121047687693336,1604.9084535212548,1.0068341582048976
1605.0167857235404,1.0066306979036812,1605.0167857235404,1.0032722956869211,1605.009841351897,1.0192241536203397,1604.9098423960488,1.0022799102987003
1605.018174597869,1.0077647086772348,1605.018174597869,1.003204985490286,1605.0112302262248,1.0063388682842784,1604.9112312703776,0.9944288039088216
1605.0195634721974,1.008745195973288,1605.0195634721974,1.0032592367828508,1605.012619100554,1.0061603382868216,1604.9126201447068,1.0085215283255136
1605.0209523465255,0.9863703437004504,1605.0209523465255,1.00327655632591,1605.0140079748833,1.002607951523567,1604.9140090195017,0.9950960997006104
1605.0223412203889,1.0071167092834066,1605.0223412203889,1.003253612554256,1605.0153968492118,0.9908496410439308,1604.91539789383,1.0015953527561103
1605.0237300947172,0.99168703399746,1605.0237300947172,1.0032278058991582,1605.0167857235404,1.0099246911947537,1604.916786768158,1.0083966864506266
1605.025118969046,1.0125791747169721,1605.025118969046,1.003306996846112,1605.018174597869,1.0109945799461677,1604.9181756429514,0.9981975741939272
1605.0265078433742,0.9984484261120354,1605.0265078433742,1.0033733012675066,1605.0195634721974,1.0120329354205282,1604.9195645172806,1.000327565507325
1605.0278967177037,1.0008249988310571,1605.0278967177037,1.0033415688338272,1605.0209523465255,0.9896022416897922,1604.9209533916098,1.009517816777253
1605.0292855920322,0.9978450026216793,1605.0292855920322,1.0032921930459746,1605.0223412203889,1.010393476852332,1604.9223422664045,0.9966037845097396
1605.0306744658944,0.9900096687467109,1605.0306744658944,1.0032460278450763,1605.0237300947172,0.9948880072559158,1604.9237311407326,1.0119634806594315
1605.0320633402227,1.000787347814718,1605.0320633402227,1.0031890428186527,1605.025118969046,1.0159277708541998,1604.9251200150604,0.996141726857395
1605.033452214551,0.9830396998913581,1605.033452214551,1.00313253464501,1605.0265078433742,1.001816493453379,1604.9265088893883,1.0123607727664483
1605.0348410888805,1.0046200531908738,1605.0348410888805,1.0030405146515948,1605.0278967177037,1.004169324455266,1604.9278977641832,1.0006997125442774
1605.0362299632095,1.0082864662673134,1605.0362299632095,1.0030698416588444,1605.0292855920322,1.0011301010002709,1604.9292866385124,1.0096207756452191
1605.0376188375374,0.9951351178875243,1605.0376188375374,1.003132402593049,1605.0306744658944,0.9932232676983576,1604.9306755128407,1.0067900523928115
1605.0390077113996,1.0039211055654385,1605.0390077113996,1.0031054344461254,1605.0320633402227,1.003978901519265,1604.9320643871697,1.0044488424908733
1605.0403965857283,0.9973055177766764,1605.0403965857283,1.0031323593307673,1605.033452214551,0.986119105808688,1604.9334532619637,1.004805222889299
1605.0417854600566,1.0008986996054168,1605.0417854600566,1.003139427670814,1605.0348410888805,1.0076746151818865,1604.9348421362922,1.008723300522868
1605.043174334386,1.0035761671858285,1605.043174334386,1.0030720766233867,1605.0362299632095,1.01138174606551,1604.9362310106203,1.0047329138229515
1605.0445632082494,1.012945632034306,1605.0445632082494,1.0031177254245653,1605.0376188375374,0.9982522817112294,1604.9376198849493,1.0093950136918304
1605.0459520825782,1.0144279113210635,1605.0459520825782,1.0031883918156623,1605.0390077113996,1.0070387167478536,1604.9390087597433,1.0069088458589537
1605.047340956906,0.9988229333090499,1605.047340956906,1.0031307859981804,1605.0403965857283,1.00042943702091,1604.940397634072,0.9964992625698508
1605.048729831234,1.001698028544829,1605.048729831234,1.0031828656088573,1605.0417854600566,1.00404094867864,1604.9417865084004,1.016374673504857
1605.0501187050977,0.9999801840197755,1605.0501187050977,1.003138070731099,1605.043174334386,1.0066592300688282,1604.9431753827296,0.9986074388359762
1605.0515075794265,0.9968241849720693,1605.0515075794265,1.0031376642378034,1605.0445632082494,1.0161037183850017,1604.9445642575236,0.9988006481175788
1605.052896453755,0.9981570753478107,1605.052896453755,1.0031178169957538,1605.0459520825782,1.0176623049710989,1604.9459531318514,1.003428904081344
1605.054285328083,1.0075107033093735,1605.054285328083,1.0030691735288495,1605.047340956906,1.0019500341633154,1604.9473420061802,1.003533086222989
1605.0556742019464,0.9998573084698099,1605.0556742019464,1.0030286224183158,1605.048729831234,1.0048862987503444,1604.9487308805085,1.0069812228849495
1605.0570630762743,0.9986669582850789,1605.0570630762743,1.002928152281592,1605.0501187050977,1.003118192566927,1604.9501197548375,1.0064609238135638
1605.0584519506026,1.0009682077871114,1605.0584519506026,1.0028650006747164,1605.0515075794265,0.9999518845686336,1604.951508629167,0.9965172718767886
1605.0598408249318,1.009660065868297,1605.0598408249318,1.0028373524785745,1605.052896453755,1.001269146441762,1604.9528975039614,0.9888914517227568
1605.061229698795,0.9941631491828418,1605.061229698795,1.0027261433457928,1605.054285328083,1.010602928490003,1604.9542863782892,1.0091567471630585
1605.0626185731232,1.0013751442687508,1605.0626185731232,1.0027724263530162,1605.0556742019464,1.0028854987293585,1604.955675252617,0.992816665119452
1605.064007447452,1.0004061525237167,1605.064007447452,1.00271019173586,1605.0570630762743,1.001591207217532,1604.9570641269454,0.9977484968345076
1605.0653963213156,0.9958391765361886,1605.0653963213156,1.0027354703372167,1605.0584519506026,1.0038359823777911,1604.9584530012746,0.999944069209019
1605.066785195644,0.9991163103328139,1605.066785195644,1.0027879361502063,1605.0598408249318,1.0125248273587062,1604.9598418756038,1.0134276712933143
1605.0681740699715,1.0038972976858587,1605.0681740699715,1.002682769626154,1605.061229698795,0.996873380436619,1604.961230750398,1.0101656081498298
1605.0695629438346,0.9963349165296461,1605.0695629438346,1.0027344760539858,1605.0626185731232,1.004151383107977,1604.9626196247257,1.01063602483898
1605.0709518181632,1.0009274163560555,1605.0709518181632,1.0027717751257241,1605.064007447452,1.00311744501079,1604.9640084990535,0.9996309791068934
1605.0723406924917,1.005458296322822,1605.0723406924917,1.002786919201088,1605.0653963213156,0.9985632650642416,1604.9653973733828,1.0030125832726566
1605.073729566355,1.0076034076126237,1605.073729566355,1.002712359956357,1605.066785195644,1.0019017828126515,1604.966786247712,1.011864463451097
1605.0751184406838,1.0030400512288948,1605.0751184406838,1.0026117564114112,1605.0681740699715,1.0065905228638683,1604.9681751220407,0.9969504466783838
1605.0765073150117,0.9889616165321742,1605.0765073150117,1.0025473523824462,1605.0695629438346,0.9990593705006464,1604.969563996369,1.0009464060695037
1605.0778961888743,0.9948956161355147,1605.0778961888743,1.002531713904987,1605.0709518181632,1.0037017620713666,1604.9709528706978,1.010701130182552
1605.079285063203,0.9983703879515964,1605.079285063203,1.00255374342557,1605.0723406924917,1.0082604273547373,1604.9723417450257,1.0129925256619032
1605.0806739370666,1.0033142541067803,1605.0806739370666,1.0025655388581078,1605.073729566355,1.010336390747321,1604.973730619354,1.002267405723317
1605.082062811396,1.0001818215449512,1605.082062811396,1.0026144465203395,1605.0751184406838,1.0056597475135942,1604.9751194941489,1.0003803021948112
1605.0834516857242,0.9943522724796765,1605.0834516857242,1.0026387659771914,1605.0765073150117,0.9914808502621952,1604.9765083684777,1.0048521830066357
1605.0848405595864,0.9951917178410433,1605.0848405595864,1.0026637792690671,1605.0778961888743,0.9974144072008956,1604.977897242806,0.9990414291533574
1605.0862294339142,0.9937375468215726,1605.0862294339142,1.0025505674109023,1605.079285063203,1.0009199697661115,1604.9792861171345,1.0167479078961907
1605.087618307777,0.9939048780939278,1605.087618307777,1.002463285254872,1605.0806739370666,1.0058882958125848,1604.9806749914635,1.0123453459261655
1605.089007182106,0.9963876446933295,1605.089007182106,1.0023484301659373,1605.082062811396,1.002796743427996,1604.9820638657925,1.0004587276295525
1605.090396056435,0.9963666380153114,1605.090396056435,1.0023179981114922,1605.0834516857242,0.9969761354256388,1604.98345274012,1.0114586763879774
1605.0917849302984,0.9934299897423056,1605.0917849302984,1.0022386989908232,1605.0848405595864,0.9978426889077756,1604.9848416144484,0.9972907885996872
1605.0931738046268,1.0062784781357832,1605.0931738046268,1.002160979203039,1605.0862294339142,0.9962721414234856,1604.9862304887772,1.006189968693708
1605.094562678489,0.9916881597936973,1605.094562678489,1.0021368462919165,1605.087618307777,0.996353149324882,1604.9876193631055,1.0080257626873528
1605.0959515528175,0.9976360632030263,1605.0959515528175,1.0021096578344995,1605.089007182106,0.9987275914950946,1604.9890082374347,0.9944314543351256
1605.0973404266813,0.9981969169753204,1605.0973404266813,1.0020468751498062,1605.090396056435,0.9986762140005848,1604.990397111764,1.0070168337409326
1605.0987293010096,0.9955790550420104,1605.0987293010096,1.0019586592110123,1605.0917849302984,0.9956539804577952,1604.9917859860918,0.9948643572981256
1605.1001181748727,0.9906727144320654,1605.1001181748727,1.0020191854689078,1605.0931738046268,1.0084530249995003,1604.9931748604197,1.0091719701243946
1605.101507049201,0.996696592461757,1605.101507049201,1.002040116958787,1605.094562678489,0.99380724496069,1604.9945637347485,1.0199693311696794
1605.1028959230632,1.0085407540493538,1605.1028959230632,1.0019428936346013,1605.0959515528175,0.9997407339397418,1604.9959526090768,0.9909498815259442
1605.104284797392,0.9895999193644949,1605.104284797392,1.001901522399774,1605.0973404266813,1.0002401014392903,1604.997341483406,1.0121918930391245
1605.105673671255,0.996043850632063,1605.105673671255,1.0018724386205309,1605.0987293010096,0.9975290551284594,1604.9987303577352,1.009144242587675
1605.107062545584,1.007291865052147,1605.107062545584,1.0017627970140666,1605.1001181748727,0.99267306638149,1605.000119232063,0.99803637390692
1605.1084514194465,0.98974493590825,1605.1084514194465,1.0017319969658625,1605.101507049201,0.9987299700828034,1605.001508106391,1.0090420992354947
1605.1098402937753,1.0008984570459671,1605.1098402937753,1.001603531833237,1605.1028959230632,1.0105002414606323,1605.0028969807192,1.004542490886951
1605.1112291676388,1.0098651264805678,1605.1112291676388,1.001659478080973,1605.104284797392,0.991481665777981,1605.0042858550485,1.0081711963358333
1605.1126180419672,0.9939676347974372,1605.1126180419672,1.0015742623741801,1605.105673671255,0.9979088816057288,1605.0056747293777,1.018232622344018
1605.1140069158291,1.0142384161179179,1605.1140069158291,1.0014719255037192,1605.107062545584,1.0090675161441545,1605.0070636037065,0.9943605044617548
1605.115395790158,1.0130971337867838,1605.115395790158,1.0016048968243159,1605.1084514194465,0.9914591711342208,1605.008452477569,1.0121047687693336
1605.1167846640208,1.0057735772368548,1605.1167846640208,1.0016158604354328,1605.1098402937753,1.002503429583678,1605.009841351897,1.0192241536203397
1605.1181735383495,1.0080860913038763,1605.1181735383495,1.0016541696876644,1605.1112291676388,1.0115409755227014,1605.0112302262248,1.0063388682842784
1605.119562412213,0.9950501496938221,1605.119562412213,1.0015998149426886,1605.1126180419672,0.9955324006460516,1605.012619100554,1.0061603382868216
1605.1209512865423,1.0031200077651463,1605.1209512865423,1.0014994244441315,1605.1140069158291,1.0157312995094536,1605.0140079748833,1.002607951523567
1605.1223401604043,0.9993836758282385,1605.1223401604043,1.0015288091834724,1605.115395790158,1.0147230501595217,1605.0153968492118,0.9908496410439308
1605.1237290342665,1.0050850684937738,1605.1237290342665,1.0014318447243482,1605.1167846640208,1.0073987669673157,1605.0167857235404,1.0099246911947537
1605.125117908595,0.9933428279129897,1605.125117908595,1.0014333454373656,1605.1181735383495,1.0097536367586673,1605.018174597869,1.0109945799461677
1605.1265067824586,0.9791155745678185,1605.1265067824586,1.0014567092772222,1605.119562412213,0.9966420457920268,1605.0195634721974,1.0120329354205282
1605.1278956567878,0.9878536821046392,1605.1278956567878,1.001397188990169,1605.1209512865423,1.0046241104251867,1605.0209523465255,0.9896022416897922
1605.1292845306505,0.9983781506933509,1605.1292845306505,1.001320891559961,1605.1223401604043,1.000911542769657,1605.0223412203889,1.010393476852332
1605.1306734049792,0.9904866682020042,1605.1306734049792,1.0013267579756862,1605.1237290342665,1.0065241942466177,1605.0237300947172,0.9948880072559158
1605.1320622788414,0.9949067334669478,1605.1320622788414,1.0013229432734903,1605.125117908595,0.9947666313231186,1605.025118969046,1.0159277708541998
1605.1334511527036,1.014854703866027,1605.1334511527036,1.001338077097011,1605.1265067824586,0.9805418613087642,1605.0265078433742,1.001816493453379
1605.1348400270329,0.9904304859154391,1605.1348400270329,1.0013078059889435,1605.1278956567878,0.9892339003931736,1605.0278967177037,1.004169324455266
1605.1362289008964,0.9908197505757287,1605.1362289008964,1.0012580533449196,1605.1292845306505,0.9996968999662512,1605.0292855920322,1.0011301010002709
1605.137617774759,0.9966312986848457,1605.137617774759,1.0012581031772718,1605.1306734049792,0.991800804288852,1605.0306744658944,0.9932232676983576
1605.1390066490878,1.0055935629928774,1605.1390066490878,1.0011502311553007,1605.1320622788414,0.996222938637738,1605.0320633402227,1.003978901519265
1605.14039552295,1.0051906518938991,1605.14039552295,1.0011545919615135,1605.1334511527036,1.016212657702064,1605.033452214551,0.986119105808688
1605.141784396812,1.0100333896531628,1605.141784396812,1.0011591476697381,1605.1348400270329,0.9917257768365516,1605.0348410888805,1.0076746151818865
1605.143173271141,0.992429055721971,1605.143173271141,1.0011056145969934,1605.1362289008964,0.9920662546771528,1605.0362299632095,1.01138174606551
1605.1445621450046,1.0032938177415471,1605.1445621450046,1.000997199913138,1605.137617774759,0.9978851636882896,1605.0376188375374,0.9982522817112294
1605.1459510188677,1.0005060824589067,1605.1459510188677,1.000878286819598,1605.1390066490878,1.0067502280386016,1605.0390077113996,1.0070387167478536
1605.147339893196,1.000971518719237,1605.147339893196,1.0009036973872314,1605.14039552295,1.0063512369403642,1605.0403965857283,1.00042943702091
1605.148728767059,0.9925259756984749,1605.148728767059,1.0008358566490478,1605.141784396812,1.011204167503137,1605.0417854600566,1.00404094867864
1605.1501176409215,1.0123711402513966,1605.1501176409215,1.000930306206152,1605.143173271141,0.9935262997724577,1605.043174334386,1.0066592300688282
1605.1515065152505,1.0054912410852457,1605.1515065152505,1.0008336032912049,1605.1445621450046,1.0042943022494508,1605.0445632082494,1.0161037183850017
1605.1528953891132,0.987260224938842,1605.1528953891132,1.0008388341724488,1605.1459510188677,1.001384813764058,1605.0459520825782,1.0176623049710989
1605.1542842629765,0.9969235479402954,1605.1542842629765,1.0008584435351593,1605.147339893196,1.0018760940653966,1605.047340956906,1.0019500341633154
1605.1556731373046,0.9992318222973504,1605.1556731373046,1.0008577278106887,1605.148728767059,0.9933555851346152,1605.048729831234,1.0048862987503444
1605.1570620111677,1.0024680433766056,1605.1570620111677,1.000970494340451,1605.1501176409215,1.0133129554061018,1605.0501187050977,1.003118192566927
1605.1584508850312,1.0032748152613946,1605.1584508850312,1.0008930118975061,1605.1515065152505,1.006329421893092,1605.0515075794265,0.9999518845686336
1605.159839758894,0.9937679878190538,1605.159839758894,1.000960318529808,1605.1528953891132,0.9880883725526202,1605.052896453755,1.001269146441762
1605.1612286332218,1.0046546131850667,1605.1612286332218,1.0009289769513556,1605.1542842629765,0.9977793505150728,1605.054285328083,1.010602928490003
1605.1626175070844,1.0024687220113404,1605.1626175070844,1.0008132165335086,1605.1556731373046,1.00008889122066,1605.0556742019464,1.0028854987293585
1605.1640063809475,1.0041781280724331,1605.1640063809475,1.0007942192663006,1605.1570620111677,1.0034409329391856,1605.0570630762743,1.001591207217532
1605.165395254811,0.9819779544031715,1605.165395254811,1.0007745251622757,1605.1584508850312,1.0041707516078913,1605.0584519506026,1.0038359823777911
1605.1667841291403,1.0016227772953639,1605.1667841291403,1.0007526182518,1605.159839758894,0.9947223216320864,1605.0598408249318,1.0125248273587062
1605.1681730030025,0.9996632023714869,1605.1681730030025,1.0006564290617304,1605.1612286332218,1.0055879141647888,1605.061229698795,0.996873380436619
1605.1695618768647,1.0031108304382368,1605.1695618768647,1.0005540051190525,1605.1626175070844,1.0032839461504053,1605.0626185731232,1.004151383107977
1605.1709507507271,1.0092110119521516,1605.1709507507271,1.0004955851849398,1605.1640063809475,1.004975665688546,1605.064007447452,1.00311744501079
1605.172339625056,1.0013589760342505,1605.172339625056,1.0004168547307344,1605.165395254811,0.9827385210376568,1605.0653963213156,0.9985632650642416
1605.1737284989197,1.002779008576559,1605.1737284989197,1.0004477624471844,1605.1667841291403,1.002376616878975,1605.066785195644,1.0019017828126515
1605.1751173727832,1.004514560157003,1605.1751173727832,1.0004663398542903,1605.1681730030025,1.000319410349466,1605.0681740699715,1.0065905228638683
1605.176506246646,0.9956638472829351,1605.176506246646,1.0004033779569048,1605.1695618768647,1.0036665589732765,1605.0695629438346,0.9990593705006464
1605.177895120508,1.007419454854314,1605.177895120508,1.0003745051921409,1605.1709507507271,1.0097111619781531,1605.0709518181632,1.0037017620713666
1605.179283994836,0.9927287889535845,1605.179283994836,1.0003473573063488,1605.172339625056,1.0017763972605738,1605.0723406924917,1.0082604273547373
1605.1806728686995,1.0035066813784284,1605.1806728686995,1.00029137714325,1605.1737284989197,1.0032280153594244,1605.073729566355,1.010336390747321
1605.182061742563,0.9906355781938997,1605.182061742563,1.00022033970217,1605.1751173727832,1.004983005330619,1605.0751184406838,1.0056597475135942
1605.1834506164255,0.9969057575036679,1605.1834506164255,1.0001425163315683,1605.176506246646,0.996065476131416,1605.0765073150117,0.9914808502621952
1605.1848394902888,1.0015259891943091,1605.1848394902888,1.0000432689882937,1605.177895120508,1.0077967386708206,1605.0778961888743,0.9974144072008956
1605.1862283641517,0.993728298529602,1605.1862283641517,1.0000046275981906,1605.179283994836,0.9930736205516504,1605.079285063203,1.0009199697661115
1605.187617238479,1.0125023287642703,1605.187617238479,0.9999777199003969,1605.1806728686995,1.0037990802884806,1605.0806739370666,1.0058882958125848
1605.1890061123424,1.0017276318618353,1605.1890061123424,0.9999470533171785,1605.182061742563,0.990853854542158,1605.082062811396,1.002796743427996
1605.190394986206,1.011221963106493,1605.190394986206,0.9999127098081275,1605.1834506164255,0.9970478328551466,1605.0834516857242,0.9969761354256388
1605.1917838600689,1.0029576106444635,1605.1917838600689,0.9998980156308732,1605.1848394902888,1.0015693242106114,1605.0848405595864,0.9978426889077756
1605.1931727339318,0.9980519159434034,1605.1931727339318,0.9999199442206944,1605.1862283641517,0.9937328971048782,1605.0862294339142,0.9962721414234856
1605.1945616077944,1.0046222119791521,1605.1945616077944,0.9998355458116991,1605.187617238479,1.012479770111537,1605.087618307777,0.996353149324882
1605.195950481658,1.0031957524465769,1605.195950481658,0.9999079191843986,1605.1890061123424,1.0016745937066376,1605.089007182106,0.9987275914950946
1605.1973393555209,1.0052701368972048,1605.1973393555209,0.9998501212895718,1605.190394986206,1.0111336933473076,1605.090396056435,0.9986762140005848
1605.1987282293828,0.9899134801699089,1605.1987282293828,0.9998373113818078,1605.1917838600689,1.0028553246452812,1605.0917849302984,0.9956539804577952
1605.2001171037116,0.9874440116707035,1605.2001171037116,0.9997270807128146,1605.1931727339318,0.997972016119485,1605.0931738046268,1.0084530249995003
1605.2015059775742,0.999337118753068,1605.2015059775742,0.9996126479041827,1605.1945616077944,1.004456997648732,1605.094562678489,0.99380724496069
1605.2028948514371,0.9935241916186046,1605.2028948514371,0.9996880855076243,1605.195950481658,1.0031033773634837,1605.0959515528175,0.9997407339397418
1605.204283725301,0.9976616947646367,1605.204283725301,0.9997086729687877,1605.1973393555209,1.0051194683054547,1605.0973404266813,1.0002401014392903
1605.2056725991636,1.012006795209496,1605.2056725991636,0.9997203494751208,1605.1987282293828,0.9897524325136902,1605.0987293010096,0.9975290551284594
1605.2070614730258,0.9810633081239987,1605.2070614730258,0.9997082364937215,1605.2001171037116,0.9871745191549028,1605.1001181748727,0.99267306638149
1605.2084503468889,1.0009465171548868,1605.2084503468889,0.9997283753763411,1605.2015059775742,0.998950023425691,1605.101507049201,0.9987299700828034
1605.2098392207515,1.0032940223497826,1605.2098392207515,0.9997683907154834,1605.2028948514371,0.993214297024713,1605.1028959230632,1.0105002414606323
1605.211228094615,0.9970554950225083,1605.211228094615,0.9998056921738007,1605.204283725301,0.9973710489449468,1605.104284797392,0.991481665777981
1605.2126169684786,0.9993492825281901,1605.2126169684786,0.9997783111223458,1605.2056725991636,1.0117237869780342,1605.105673671255,0.9979088816057288
1605.2140058423415,0.9959395349275905,1605.2140058423415,0.9997784473881883,1605.2070614730258,0.9807770696533392,1605.107062545584,1.0090675161441545
1605.2153947162035,0.9864364150346149,1605.2153947162035,0.999739299023435,1605.2084503468889,1.0006746354338618,1605.1084514194465,0.9914591711342208
1605.2167835900657,0.9929025037820429,1605.2167835900657,0.9997401754431319,1605.2098392207515,1.0030616501391063,1605.1098402937753,1.002503429583678
1605.2181724639288,1.0007594452852733,1605.2181724639288,0.999821541362784,1605.211228094615,0.9968617593366704,1605.1112291676388,1.0115409755227014
1605.2195613377924,0.9896858149211814,1605.2195613377924,0.9998095325543426,1605.2126169684786,0.999127737907362,1605.1126180419672,0.9955324006460516
1605.220950211656,0.9980879219341052,1605.220950211656,0.9998332813873022,1605.2140058423415,0.9957188819224208,1605.1140069158291,1.0157312995094536
1605.2223390855186,1.0022668164637447,1605.2223390855186,0.9999017946647084,1605.2153947162035,0.986179250097896,1605.115395790158,1.0147230501595217
1605.2237279593817,1.00002903140867,1605.2237279593817,0.9999503782583259,1605.2167835900657,0.9926445233289845,1605.1167846640208,1.0073987669673157
1605.225116833244,1.0101490720616024,1605.225116833244,1.0000102477549808,1605.2181724639288,1.0005808511184866,1605.1181735383495,1.0097536367586673
1605.2265057071063,1.0025034127975327,1605.2265057071063,1.0000979732113027,1605.2195613377924,0.98949731199201,1605.119562412213,0.9966420457920268
1605.22789458097,0.9920575856218798,1605.22789458097,1.00018088834294,1605.220950211656,0.99792152210041,1605.1209512865423,1.0046241104251867
1605.2292834548332,0.9919158556459583,1605.2292834548332,1.0001317558664802,1605.2223390855186,1.0021683885149824,1605.1223401604043,1.000911542769657
1605.2306723286958,1.0050376223679542,1605.2306723286958,1.0002494689345398,1605.2237279593817,0.9999794082264069,1605.1237290342665,1.0065241942466177
1605.232061202559,0.9966932113208263,1605.232061202559,1.0003080684975647,1605.225116833244,1.010159423821787,1605.125117908595,0.9947666313231186
1605.233450076421,0.9834976106871844,1605.233450076421,1.0002317812341328,1605.2265057071063,1.0026016312762265,1605.1265067824586,0.9805418613087642
1605.2348389502838,0.9937671358291097,1605.2348389502838,1.0003291543026178,1605.22789458097,0.992237037274644,1605.1278956567878,0.9892339003931736
1605.2362278241474,1.0031230348250253,1605.2362278241474,1.0003646030389437,1605.2292834548332,0.9920465463789944,1605.1292845306505,0.9996968999662512
1605.23761669801,0.9964375382666505,1605.23761669801,1.0002421362966807,1605.2306723286958,1.0052883480327788,1605.1306734049792,0.991800804288852
1605.2390055718731,0.9838270137493791,1605.2390055718731,1.0003462303215989,1605.232061202559,0.9970002611009708,1605.1320622788414,0.996222938637738
1605.2403944457358,1.0125701081445533,1605.2403944457358,1.0003666352569567,1605.233450076421,0.9837255669771562,1605.1334511527036,1.016212657702064
1605.2417833191337,1.0083805200884437,1605.2417833191337,1.0003339334893633,1605.2348389502838,0.994094238557668,1605.1348400270329,0.9917257768365516
1605.2431721929968,0.9991930056421264,1605.2431721929968,1.000324810931471,1605.2362278241474,1.003488776531957,1605.1362289008964,0.9920662546771528
1605.244561066859,1.0020765421552644,1605.244561066859,1.0003237320347715,1605.23761669801,0.99667881196204,1605.137617774759,0.9978851636882896
1605.2459499407216,0.9925961262194578,1605.2459499407216,1.0004073859844684,1605.2390055718731,0.9841676444927472,1605.1390066490878,1.0067502280386016
1605.2473388145847,0.996689789510026,1605.2473388145847,1.000308502574856,1605.2403944457358,1.0129413520463395,1605.14039552295,1.0063512369403642
1605.2487276884474,0.9978826452630264,1605.2487276884474,1.000347129244055,1605.2417833191337,1.0087172521141228,1605.141784396812,1.011204167503137
1605.250116562311,1.0091597843819275,1605.250116562311,1.0003408427023572,1605.2431721929968,0.9995175544530084,1605.143173271141,0.9935262997724577
1605.2515054361745,1.0000362045982067,1605.2515054361745,1.0004447976924378,1605.244561066859,1.0024009464332533,1605.1445621450046,1.0042943022494508
1605.2528943100367,1.0008159704938107,1605.2528943100367,1.0005277048490164,1605.2459499407216,0.9930004959695172,1605.1459510188677,1.001384813764058
1605.2542831834332,0.9962041272005425,1605.2542831834332,1.0005410964823516,1605.2473388145847,0.9969972708764224,1605.147339893196,1.0018760940653966
1605.255672057296,1.0088077584819164,1605.255672057296,1.0006129817340077,1605.2487276884474,0.998229039511332,1605.148728767059,0.9933555851346152
1605.2570609311597,1.0045637838528996,1605.2570609311597,1.0007389293344569,1605.250116562311,1.0095037491299466,1605.1501176409215,1.0133129554061018
1605.258449805023,0.9958394877773692,1605.258449805023,1.000827203013338,1605.2515054361745,1.0004810183943662,1605.1515065152505,1.006329421893092
1605.259838678886,1.0044959059761125,1605.259838678886,1.000743836710638,1605.2528943100367,1.0013441059344133,1605.1528953891132,0.9880883725526202
1605.2612275527483,0.9975387088350013,1605.2612275527483,1.000795791897053,1605.2542831834332,0.9967431697494749,1605.1542842629765,0.9977793505150728
1605.2626164261449,1.0055141445545792,1605.2626164261449,1.000827027306114,1605.255672057296,1.0094261392109911,1605.1556731373046,1.00008889122066
1605.2640053000075,0.9888327485247248,1605.2640053000075,1.0008825111357629,1605.2570609311597,1.0053060855011215,1605.1570620111677,1.0034409329391856
1605.265394173871,1.0021516000389707,1605.265394173871,1.000894804747038,1605.258449805023,0.9966632492024596,1605.1584508850312,1.0041707516078913
1605.2667830477346,0.9876380207986367,1605.2667830477346,1.0008349268888845,1605.259838678886,1.005243086906663,1605.159839758894,0.9947223216320864
1605.2681719215975,1.0009531154543536,1605.2681719215975,1.0008283368353796,1605.2612275527483,0.9983325420564888,1605.1612286332218,1.0055879141647888
1605.2695607949947,0.9956687996801384,1605.2695607949947,1.0008757794112086,1605.2626164261449,1.0063457322088096,1605.1626175070844,1.0032839461504053
1605.270949668857,0.9932478045875993,1605.270949668857,1.0008944726874176,1605.2640053000075,0.9897054044367048,1605.1640063809475,1.004975665688546
1605.2723385427196,0.9959482474487886,1605.2723385427196,1.0008558839937454,1605.265394173871,1.0030483300479374,1605.165395254811,0.9827385210376568
1605.2737274165831,0.9990548928617363,1605.2737274165831,1.0008550532046752,1605.2667830477346,0.9884626263386862,1605.1667841291403,1.002376616878975
1605.2751162899806,1.0047339862017524,1605.2751162899806,1.0009715878876146,1605.2681719215975,1.0017822417903726,1605.1681730030025,1.000319410349466
1605.2765051638432,0.9922034763837035,1605.2765051638432,1.0008836939543158,1605.2695607949947,0.9965407859152812,1605.1695618768647,1.0036665589732765
1605.2778940377063,1.0015479268614693,1605.2778940377063,1.0007757040319951,1605.270949668857,0.9941362376206404,1605.1709507507271,1.0097111619781531
1605.279282911569,1.0064484360539232,1605.279282911569,1.0008828625101713,1605.2723385427196,0.9968006636123788,1605.172339625056,1.0017763972605738
1605.2806717849664,1.0001339708527546,1605.2806717849664,1.0009272987115576,1605.2737274165831,0.9999091379495242,1605.1737284989197,1.0032280153594244
1605.282060658829,1.0065624115946414,1605.282060658829,1.0009626950063044,1605.2751162899806,1.0057101735730207,1605.1751173727832,1.004983005330619
1605.2834495326922,0.9946784343239421,1605.2834495326922,1.000979193906614,1605.2765051638432,0.9930802805972349,1605.176506246646,0.996065476131416
1605.2848384065549,1.002334955915763,1605.2848384065549,1.0009468473474756,1605.2778940377063,1.002324831626572,1605.177895120508,1.0077967386708206
1605.2862272799523,1.002033683007353,1605.2862272799523,1.0010433788193747,1605.279282911569,1.0073369916465358,1605.179283994836,0.9930736205516504
1605.287616153816,0.9934390412576101,1605.287616153816,1.0009690727573595,1605.2806717849664,1.0010613937953112,1605.1806728686995,1.0037990802884806
1605.2890050276792,0.9952957576434924,1605.2890050276792,1.0009798378607302,1605.282060658829,1.0075314242018174,1605.182061742563,0.990853854542158
1605.2903939010755,1.0030825813079955,1605.2903939010755,1.000980286748156,1605.2834495326922,0.9956524173858724,1605.1834506164255,0.9970478328551466
1605.2917827749377,0.9971818211433461,1605.2917827749377,1.0010490875299003,1605.2848384065549,1.003284014110054,1605.1848394902888,1.0015693242106114
1605.2931716488008,0.9913222205250037,1605.2931716488008,1.0010039248526785,1605.2862272799523,1.003079183728503,1605.1862283641517,0.9937328971048782
1605.2945605221978,0.9940225360255469,1605.2945605221978,1.0010452199785804,1605.287616153816,0.9944017559685902,1605.187617238479,1.012479770111537
1605.2959493960614,0.9972171084436521,1605.2959493960614,1.0010585068720605,1605.2890050276792,0.9962709861094556,1605.1890061123424,1.0016745937066376
1605.297338269925,0.9890605082221301,1605.297338269925,1.0010399044584513,1605.2903939010755,1.004065889869758,1605.190394986206,1.0111336933473076
1605.2987271433217,1.0129539124621234,1605.2987271433217,1.001068362098004,1605.2917827749377,0.9982279521569508,1605.1917838600689,1.0028553246452812
1605.3001160171837,1.0105736526185845,1605.3001160171837,1.0010490633529396,1605.2931716488008,0.9923174335392012,1605.1931727339318,0.997972016119485
1605.3015048910468,0.9958951592882151,1605.3015048910468,1.0010023838709288,1605.2945605221978,0.99506150823936,1605.1945616077944,1.004456997648732
1605.3028937644438,0.9959563431197765,1605.3028937644438,1.0010667846765195,1605.2959493960614,0.998272669605876,1605.195950481658,1.0031033773634837
1605.3042826383073,0.9976653342012445,1605.3042826383073,1.001027754668213,1605.297338269925,0.9900890366543084,1605.1973393555209,1.0051194683054547
1605.3056715121709,1.0000075325279913,1605.3056715121709,1.00104393129515,1605.2987271433217,1.014036114029223,1605.1987282293828,0.9897524325136902
1605.307060385568,0.9941567903770779,1605.307060385568,1.001062407790935,1605.3001160171837,1.011633808402993,1605.2001171037116,0.9871745191549028
1605.30844925943,0.9902383306642925,1605.30844925943,1.001066105492585,1605.3015048910468,0.9968934285330217,1605.2015059775742,0.998950023425691
1605.3098381332925,0.9896499888590756,1605.3098381332925,1.0010376383257804,1605.3028937644438,0.9970188140850992,1605.2028948514371,0.993214297024713
1605.3112270066902,1.0011531258475415,1605.3112270066902,1.000971938957588,1605.3042826383073,0.998690689405784,1605.204283725301,0.9973710489449468
1605.3126158805535,0.9868115784759378,1605.3126158805535,1.001002891111123,1605.3056715121709,1.001051471686583,1605.2056725991636,1.0117237869780342
1605.3140047539512,0.9999552087766982,1605.3140047539512,1.0008911326450107,1605.307060385568,0.9952129902965854,1605.2070614730258,0.9807770696533392
1605.3153936278138,0.9988206743566793,1605.3153936278138,1.0008037090639035,1605.30844925943,0.9912940291875818,1605.2084503468889,1.0006746354338618
1605.3167825012113,0.9962255887249921,1605.3167825012113,1.0007958895764542,1605.3098381332925,0.990676887616624,1605.2098392207515,1.0030616501391063
1605.3181713750737,1.0037244992924101,1605.3181713750737,1.0007284938481722,1605.3112270066902,1.0021261855730637,1605.211228094615,0.9968617593366704
1605.319560248936,0.9960810133395794,1605.319560248936,1.000763554340666,1605.3126158805535,0.9878012430363446,1605.2126169684786,0.999127737907362
1605.320949122334,1.0087534483754017,1605.320949122334,1.000769390600198,1605.3140047539512,1.0008463015067877,1605.2140058423415,0.9957188819224208
1605.3223379961971,0.9969829304575771,1605.3223379961971,1.0007186677811541,1605.3153936278138,0.999623435585874,1605.2153947162035,0.986179250097896
1605.323726869594,1.0047412486807814,1605.323726869594,1.000708812681795,1605.3167825012113,0.9970184742868552,1605.2167835900657,0.9926445233289845
1605.3251157434568,0.9935427881882879,1605.3251157434568,1.000834795786276,1605.3181713750737,1.0044557064154045,1605.2181724639288,1.0005808511184866
1605.3265046168542,0.9881928214320079,1605.3265046168542,1.0008277407165294,1605.319560248936,0.99684157532097,1605.2195613377924,0.98949731199201
1605.3278934907169,1.0004956386003192,1605.3278934907169,1.00089070452601,1605.320949122334,1.009529573796499,1605.220950211656,0.99792152210041
1605.3292823641143,0.9986395786560911,1605.3292823641143,1.0008871339517926,1605.3223379961971,0.9976994299680576,1605.2223390855186,1.0021683885149824
1605.330671237977,1.0012805763344224,1605.330671237977,1.0008591882666258,1605.323726869594,1.0054534220197688,1605.2237279593817,0.9999794082264069
1605.3320601113744,1.0033551280401147,1605.3320601113744,1.000730736798233,1605.3251157434568,0.9943721935213524,1605.225116833244,1.010159423821787
1605.333448985237,1.004644684179028,1605.333448985237,1.0007261242722942,1605.3265046168542,0.9890107888660892,1605.2265057071063,1.0026016312762265
1605.334837858635,1.0003711299907627,1605.334837858635,1.0006943555259131,1605.3278934907169,1.0013867845938738,1605.22789458097,0.992237037274644
1605.336226732498,1.000980908131794,1605.336226732498,1.0006525415408416,1605.3292823641143,0.9995255057319208,1605.2292834548332,0.9920465463789944
1605.3376156058946,0.9867085608213813,1605.3376156058946,1.000641323382108,1605.330671237977,1.0021408648572092,1605.2306723286958,1.0052883480327788
1605.3390044797573,0.9957809361124493,1605.3390044797573,1.0005907440765551,1605.3320601113744,1.0040883165538694,1605.232061202559,0.9970002611009708
1605.3403933531547,0.9934723406027225,1605.3403933531547,1.0006212641398775,1605.333448985237,1.0053741810692418,1605.233450076421,0.9837255669771562
1605.3417822270185,0.9981181824254135,1605.3417822270185,1.0006386101928804,1605.334837858635,1.0010657432128358,1605.2348389502838,0.994094238557668
1605.343171100416,1.0038635448609858,1605.343171100416,1.000637948163733,1605.336226732498,1.0016340897559393,1605.2362278241474,1.003488776531957
1605.3445599742788,1.004979984628049,1605.3445599742788,1.0006931649277684,1605.3376156058946,0.9873413600927622,1605.23761669801,0.99667881196204
1605.3459488476751,0.9961292507856534,1605.3459488476751,1.0008123112881695,1605.3390044797573,0.9963691878020042,1605.2390055718731,0.9841676444927472
1605.3473377215375,1.0095387836539582,1605.3473377215375,1.0008067655244735,1605.3403933531547,0.9940895493418992,1605.2403944457358,1.0129413520463395
1605.3487265949343,1.0054127965875848,1605.3487265949343,1.0007793418939686,1605.3417822270185,0.9987555908704095,1605.2417833191337,1.0087172521141228
1605.3501154683324,1.0030942842695796,1605.3501154683324,1.000733380411994,1605.343171100416,1.0045039577660684,1605.2431721929968,0.9995175544530084
1605.351504342196,1.0028841856337827,1605.351504342196,1.0007338403675026,1605.3445599742788,1.0056766015065024,1605.244561066859,1.0024009464332533
1605.3528932155934,1.0070936870310672,1605.3528932155934,1.000747158198028,1605.3459488476751,0.9969384178205424,1605.2459499407216,0.9930004959695172
1605.3542820894556,1.0182330986743813,1605.3542820894556,1.0008245389880035,1605.3473377215375,1.010353244740229,1605.2473388145847,0.9969972708764224
1605.3556709628522,1.0133676544319925,1605.3556709628522,1.0008226723044413,1605.3487265949343,1.0061963569006975,1605.2487276884474,0.998229039511332
1605.35705983625,1.0026188710882762,1605.35705983625,1.000778160804402,1605.3501154683324,1.003829933969046,1605.250116562311,1.0095037491299466
1605.3584487101136,0.9981560521591046,1605.3584487101136,1.0007683401054335,1605.351504342196,1.0036201425331306,1605.2515054361745,1.0004810183943662
1605.3598375835106,1.0028087252577877,1605.3598375835106,1.000746322466123,1605.3528932155934,1.0078461453355148,1605.2528943100367,1.0013441059344133
1605.3612264573735,1.0120764498284478,1605.3612264573735,1.0008605581394416,1605.3542820894556,1.019072671563114,1605.2542831834332,0.9967431697494749
1605.3626153307707,0.986876100680332,1605.3626153307707,1.000772655164974,1605.3556709628522,1.0142013239355103,1605.255672057296,1.0094261392109911
1605.3640042041673,1.0069210161678759,1605.3640042041673,1.0008277229176814,1605.35705983625,1.0033990697955109,1605.2570609311597,1.0053060855011215
1605.36539307803,1.0078199203611595,1605.36539307803,1.0008037860212018,1605.3584487101136,0.9989229754854596,1605.258449805023,0.9966632492024596
1605.3667819514278,1.0008127187116171,1605.3667819514278,1.000682314750057,1605.3598375835106,1.003557143938672,1605.259838678886,1.005243086906663
1605.3681708248253,1.0052129069494322,1605.3681708248253,1.000561348579417,1605.3612264573735,1.012947400455085,1605.2612275527483,0.9983325420564888
1605.369559698688,1.0107954099332788,1605.369559698688,1.0005842424932434,1605.3626153307707,0.9876386155967122,1605.2626164261449,1.0063457322088096
1605.3709485720854,1.0057968176429388,1605.3709485720854,1.0005457509471518,1605.3640042041673,1.0077544677692531,1605.2640053000075,0.9897054044367048
1605.3723374454833,0.9930590284523354,1605.3723374454833,1.0005615553930618,1605.36539307803,1.0086299919250346,1605.265394173871,1.0030483300479374
1605.373726319346,1.0044572261353002,1605.373726319346,1.0006459072052112,1605.3667819514278,1.0014955879916387,1605.2667830477346,0.9884626263386862
1605.3751151927424,1.004919827502673,1605.3751151927424,1.000626809544641,1605.3681708248253,1.0057771817867598,1605.2681719215975,1.0017822417903726
1605.37650406614,1.0061553128414307,1605.37650406614,1.0005029958394105,1605.369559698688,1.0113859595637371,1605.2695607949947,0.9965407859152812
1605.3778929400023,1.009606479035571,1605.3778929400023,1.0004457042695285,1605.3709485720854,1.0063457322088096,1605.270949668857,0.9941362376206404
1605.3792818133995,0.994597580609612,1605.3792818133995,1.0004872878560007,1605.3723374454833,0.9936166861053916,1605.2723385427196,0.9968006636123788
1605.3806706867974,1.010915973881885,1605.3806706867974,1.0004829944723403,1605.373726319346,1.0051060122949875,1605.2737274165831,0.9999091379495242
1605.3820595606603,1.0082558019714087,1605.3820595606603,1.0003545448281244,1605.3751151927424,1.0055497208421504,1605.2751162899806,1.0057101735730207
1605.383448434057,1.0072459407968473,1605.383448434057,1.0002459834185855,1605.37650406614,1.0066614047775906,1605.2765051638432,0.9930802805972349
1605.384837307454,0.9942158711670404,1605.384837307454,1.0003434308861956,1605.3778929400023,1.0100564649538208,1605.2778940377063,1.002324831626572
1605.3862261808515,0.9989794436007127,1605.3862261808515,1.0003600842604328,1605.3792818133995,0.9950822359322508,1605.279282911569,1.0073369916465358
1605.387615054715,0.9972028173407325,1605.387615054715,1.0003561167621082,1605.3806706867974,1.0114042407092705,1605.2806717849664,1.0010613937953112
1605.389003928113,1.0041375125892353,1605.389003928113,1.000375560953525,1605.3820595606603,1.0086132738514242,1605.282060658829,1.0075314242018174
1605.39039280151,1.0111728033664913,1605.39039280151,1.0004040932923624,1605.383448434057,1.0074937065967209,1605.2834495326922,0.9956524173858724
1605.3917816749065,0.9976061445118347,1605.3917816749065,1.000319336136633,1605.384837307454,0.994557315604745,1605.2848384065549,1.003284014110054
1605.3931705487687,1.0072071578651944,1605.3931705487687,1.0003896892719395,1605.3862261808515,0.9993391603748492,1605.2862272799523,1.003079183728503
1605.394559422166,0.9991122439931583,1605.394559422166,1.0003962158116304,1605.387615054715,0.997557937979209,1605.287616153816,0.9944017559685902
1605.395948295564,1.0068468076557218,1605.395948295564,1.0004005213076148,1605.389003928113,1.0045146274309336,1605.2890050276792,0.9962709861094556
1605.3973371689617,0.9969751310110976,1605.3973371689617,1.0003872351202767,1605.39039280151,1.011581411513751,1605.2903939010755,1.004065889869758
1605.3987260428246,1.0013992776776275,1605.3987260428246,1.000394237443985,1605.3917816749065,0.9979247162039044,1605.2917827749377,0.9982279521569508
1605.4001149162216,1.007513892219647,1605.4001149162216,1.0003804322849474,1605.3931705487687,1.0075996556892353,1605.2931716488008,0.9923174335392012
1605.401503789618,0.9972914099650898,1605.401503789618,1.0002727715720356,1605.394559422166,0.999508108061822,1605.2945605221978,0.99506150823936
1605.4028926630156,0.9926148001860681,1605.4028926630156,1.0003590568816219,1605.395948295564,1.0072500712556918,1605.2959493960614,0.998272669605876
1605.4042815364137,1.0067548361064955,1605.4042815364137,1.0003795862506442,1605.3973371689617,0.9973611947958676,1605.297338269925,0.9900890366543084
1605.405670410276,1.0018794635316342,1605.405670410276,1.000386603946824,1605.3987260428246,1.0017940667692675,1605.2987271433217,1.014036114029223
1605.4070592836736,1.0044472613617266,1605.4070592836736,1.000436687566981,1605.4001149162216,1.0078971830317804,1605.3001160171837,1.011633808402993
1605.4084481570706,1.0149588843615545,1605.4084481570706,1.0003240628608217,1605.401503789618,0.9975634427107636,1605.3015048910468,0.9968934285330217
1605.409837030467,0.999243603363038,1605.409837030467,1.0003609406161362,1605.4028926630156,0.9929712053608746,1605.3028937644438,0.9970188140850992
1605.4112259038643,1.007426278233057,1605.4112259038643,1.0002732199623043,1605.4042815364137,1.007136986400051,1605.3042826383073,0.998690689405784
1605.4126147772624,0.9959289104163827,1605.4126147772624,1.0001840713242742,1605.405670410276,1.0022667940864776,1605.3056715121709,1.001051471686583
1605.4140036506594,1.004234069719791,1605.4140036506594,1.0002352519469653,1605.4070592836736,1.0048858909924514,1605.307060385568,0.9952129902965854
1605.4153925245223,1.0060882537279034,1605.4153925245223,1.0002076908172546,1605.4084481570706,1.015287794841237,1605.30844925943,0.9912940291875818
1605.4167813979195,1.0084691703661903,1605.4167813979195,1.000242696288922,1605.409837030467,0.999604270964906,1605.3098381332925,0.990676887616624
1605.4181702713174,0.9852254294237136,1605.4181702713174,1.0003177233718146,1605.4112259038643,1.0077015272028202,1605.3112270066902,1.0021261855730637
1605.4195591447144,1.0065680541170174,1605.4195591447144,1.0003459947907964,1605.4126147772624,0.996112232369806,1605.3126158805535,0.9878012430363446
1605.420948018111,1.0048741764837252,1605.420948018111,1.0003471701579154,1605.4140036506594,1.0044703177399013,1605.3140047539512,1.0008463015067877
1605.4223368915084,1.0055210287955747,1605.4223368915084,1.0003641690746812,1605.4153925245223,1.0062972090195503,1605.3153936278138,0.999623435585874
1605.4237257649054,1.0044742168060183,1605.4237257649054,1.0004091639019383,1605.4167813979195,1.0087139220913304,1605.3167825012113,0.9970184742868552
1605.4251146383028,1.0008194911361845,1605.4251146383028,1.0003587710839736,1605.4181702713174,0.9855384585691476,1605.3181713750737,1.0044557064154045
1605.4265035117007,0.998210881192974,1605.4265035117007,1.0003225830476414,1605.4195591447144,1.006916321420324,1605.319560248936,0.99684157532097
1605.4278923855634,1.0031972063339576,1605.4278923855634,1.0003187543289012,1605.420948018111,1.0052230388102603,1605.320949122334,1.009529573796499
1605.42928125896,1.0015269828683344,1605.42928125896,1.0002915798546086,1605.4223368915084,1.0058872084582036,1605.3223379961971,0.9976994299680576
1605.4306701323574,0.9958158679044983,1605.4306701323574,1.0003739078324538,1605.4237257649054,1.0048852113959632,1605.323726869594,1.0054534220197688
1605.4320590057544,1.0071611653491648,1605.4320590057544,1.0002930647555313,1605.4251146383028,1.0011785562298814,1605.3251157434568,0.9943721935213524
1605.4334478791525,0.9930648484860037,1605.4334478791525,1.0002740160476415,1605.4265035117007,0.998532887101218,1605.3265046168542,0.9890107888660892
1605.4348367525502,0.993766959869674,1605.4348367525502,1.0002712034082217,1605.4278923855634,1.003516979786218,1605.3278934907169,1.0013867845938738
1605.4362256259471,0.9895734970516236,1605.4362256259471,1.0002894657419155,1605.42928125896,1.0018190079603857,1605.3292823641143,0.9995255057319208
1605.4376144993437,0.9964514137410372,1605.4376144993437,1.000343673461382,1605.4306701323574,0.9961882112571896,1605.330671237977,1.0021408648572092
1605.4390033727402,0.9867428161743377,1605.4390033727402,1.0003507234280058,1605.4320590057544,1.0074563287898683,1605.3320601113744,1.0040883165538694
1605.4403922461377,0.9919905244624427,1605.4403922461377,1.0002780302977121,1605.4334478791525,0.9933369641908376,1605.333448985237,1.0053741810692418
1605.4417811195356,1.0073859371118858,1605.4417811195356,1.000276577259728,1605.4348367525502,0.9940364728561688,1605.334837858635,1.0010657432128358
1605.4431699929337,0.9960300535583867,1605.4431699929337,1.0002775091843532,1605.4362256259471,0.9898599446781274,1605.336226732498,1.0016340897559393
1605.4445588663305,1.0009278213468573,1605.4445588663305,1.0002344109547654,1605.4376144993437,0.9967938676474966,1605.3376156058946,0.9873413600927622
1605.445947739728,1.004897595245142,1605.445947739728,1.000285782635156,1605.4390033727402,0.9870888899973864,1605.3390044797573,0.9963691878020042
1605.4473366131244,0.9981782346614146,1605.4473366131244,1.0001522060911465,1605.4403922461377,0.9922663278832866,1605.3403933531547,0.9940895493418992
1605.448725486521,1.0037735188709846,1605.448725486521,1.0001420518972535,1605.4417811195356,1.0076645571538607,1605.3417822270185,0.9987555908704095
1605.4501143599189,1.0082380980117798,1605.4501143599189,1.0000607021914811,1605.4431699929337,0.996306461046141,1605.343171100416,1.0045039577660684
1605.4515032333163,0.9924455120199508,1605.4515032333163,1.0001115061373385,1605.4445588663305,1.0011624497931104,1605.3445599742788,1.0056766015065024
1605.4528921067138,1.0085129108253532,1605.4528921067138,1.0001107693180973,1605.445947739728,1.0051847775279732,1605.3459488476751,0.9969384178205424
1605.4542809801108,0.9890391719605889,1605.4542809801108,1.00008639629218,1605.4473366131244,0.99833016346878,1605.3473377215375,1.010353244740229
1605.4556698535073,0.9939081353190118,1605.4556698535073,1.0000323718389352,1605.448725486521,1.003916106803753,1605.3487265949343,1.0061963569006975
1605.4570587269047,0.9908625074813264,1605.4570587269047,1.0000140379357736,1605.4501143599189,1.0082993002738638,1605.3501154683324,1.003829933969046
1605.4584476003026,0.998378173980172,1605.4584476003026,1.0000221597855097,1605.4515032333163,0.992556175785515,1605.351504342196,1.0036201425331306
1605.4598364736996,0.9971713478609953,1605.4598364736996,0.9999860644889891,1605.4528921067138,1.0086246231127776,1605.3528932155934,1.0078461453355148
1605.461225347097,0.9980558598191422,1605.461225347097,1.0000127517525141,1605.4542809801108,0.989124621277867,1605.3542820894556,1.019072671563114
1605.462614220494,0.9958405829660617,1605.462614220494,0.9999328631427714,1605.4556698535073,0.9939403099530848,1605.3556709628522,1.0142013239355103
1605.4640030934258,0.9922526964609395,1605.4640030934258,1.0000094229670573,1605.4570587269047,0.990876417145567,1605.35705983625,1.0033990697955109
1605.4653919668228,0.9988009665514772,1605.4653919668228,1.0000485347887915,1605.4584476003026,0.998400297826365,1605.3584487101136,0.9989229754854596
1605.4667808402205,0.9965747747340943,1605.4667808402205,1.0001030991323712,1605.4598364736996,0.9971574517686974,1605.3598375835106,1.003557143938672
1605.4681697136173,0.9923162154080597,1605.4681697136173,1.0001160098976323,1605.461225347097,0.998068586780462,1605.3612264573735,1.012947400455085
1605.4695585870145,1.009190252099436,1605.4695585870145,1.0000065312327522,1605.462614220494,0.9957737253590206,1605.3626153307707,0.9876386155967122
1605.4709474604117,1.0142026062591507,1605.4709474604117,1.0000073796606437,1605.4640030934258,0.9922620464254108,1605.3640042041673,1.0077544677692531
1605.4723363338096,0.99729760157362,1605.4723363338096,0.9999620268479691,1605.4653919668228,0.9988494431454336,1605.36539307803,1.0086299919250346
1605.4737252072075,0.999470909751596,1605.4737252072075,0.9998325511717279,1605.4667808402205,0.9966775207287124,1605.3667819514278,1.0014955879916387
1605.475114080604,0.9945334694746955,1605.475114080604,0.9997282311371608,1605.4681697136173,0.992431333910628,1605.3681708248253,1.0057771817867598
1605.476502953535,1.0107926218385341,1605.476502953535,0.9997420725320727,1605.4695585870145,1.0091968433558638,1605.369559698688,1.0113859595637371
1605.477891826932,1.0043615982751848,1605.477891826932,0.9997702630391796,1605.4709474604117,1.0142100907302087,1605.3709485720854,1.0063457322088096
1605.4792807003294,1.0026199028621787,1605.4792807003294,0.999786021550999,1605.4723363338096,0.9972597310401754,1605.3723374454833,0.9936166861053916
1605.4806695737273,0.9905480111158859,1605.4806695737273,0.9997004821403308,1605.4737252072075,0.999303549518866,1605.373726319346,1.0051060122949875
1605.4820584471252,1.0006712173045498,1605.4820584471252,0.999642045103448,1605.475114080604,0.9942631862446408,1605.3751151927424,1.0055497208421504
1605.4834473205217,0.996223460134994,1605.4834473205217,0.9996302846385147,1605.476502953535,1.0105319106569837,1605.37650406614,1.0066614047775906
1605.4848361939182,0.9879049612339529,1605.4848361939182,0.9996016842149511,1605.477891826932,1.0041308592940323,1605.3778929400023,1.0100564649538208
1605.4862250668496,1.0104440748159067,1605.4862250668496,0.9996019362213036,1605.4792807003294,1.0024053638104269,1605.3792818133995,0.9950822359322508
1605.4876139402477,0.9893717277964894,1605.4876139402477,0.9995784460091085,1605.4806695737273,0.9902513242956968,1605.3806706867974,1.0114042407092705
1605.4890028136454,1.0031700315009988,1605.4890028136454,0.9995907673199297,1605.4820584471252,1.000313022142477,1605.3820595606603,1.0086132738514242
1605.4903916870423,0.9910146730452714,1605.4903916870423,0.9995684261235754,1605.4834473205217,0.99585514101831,1605.383448434057,1.0074937065967209
1605.4917805604398,0.992590048920857,1605.4917805604398,0.9995140603530666,1605.4848361939182,0.9875114630937653,1605.384837307454,0.994557315604745
1605.493169433371,0.9906267881930997,1605.493169433371,0.9994512604796589,1605.4862250668496,1.010041853629324,1605.3862261808515,0.9993391603748492
1605.495947180165,0.9989276039262914,1605.495947180165,0.9993501453481575,1605.4876139402477,0.9889546541961616,1605.387615054715,0.997557937979209
1605.497336053563,0.9964797749043949,1605.497336053563,0.99927147370096,1605.4890028136454,1.0027595015404414,1605.389003928113,1.0045146274309336
1605.4987249264943,1.007759736228273,1605.4987249264943,0.9992545231793473,1605.4903916870423,0.9905869770012316,1605.39039280151,1.011581411513751
1605.5001137998918,0.9965374984256292,1605.5001137998918,0.9992742178622951,1605.4917805604398,0.9921077100629347,1605.3917816749065,0.9979247162039044
1605.5015026732888,0.9889826198097004,1605.5015026732888,0.9991678058556049,1605.493169433371,0.9900831921245096,1605.3931705487687,1.0075996556892353
1605.5028915466862,0.987117718486446,1605.5028915466862,0.9991196453967152,1605.4945583067672,1.0208502241377178,1605.394559422166,0.999508108061822
1605.5042804196175,1.0176991884103748,1605.5042804196175,0.9989993539356531,1605.495947180165,0.998278446176026,1605.395948295564,1.0072500712556918
1605.5056692930148,0.9832468471309137,1605.5056692930148,0.9990328499004971,1605.497336053563,0.9957538131819156,1605.3973371689617,0.9973611947958676
1605.507058166412,0.9876810335332862,1605.507058166412,0.9989834987473908,1605.4987249264943,1.0070084747041277,1605.3987260428246,1.0017940667692675
1605.508447039809,0.9905220358101479,1605.508447039809,0.9989555225125599,1605.5001137998918,0.9958142293097187,1605.4001149162216,1.0078971830317804
1605.5098359127408,1.0146325075082692,1605.5098359127408,0.9989625065691752,1605.5015026732888,0.9881595942645862,1605.401503789618,0.9975634427107636
1605.5112247861375,1.0090398217052183,1605.5112247861375,0.9989503048324757,1605.5028915466862,0.9862487048589924,1605.4028926630156,0.9929712053608746
1605.5126136595352,0.998857046877493,1605.5126136595352,0.9990155744375241,1605.5042804196175,1.0166808317228029,1605.4042815364137,1.007136986400051
1605.5140025324663,1.0123269659251148,1605.5140025324663,0.9991077775985084,1605.5056692930148,0.9822958998448752,1605.405670410276,1.0022667940864776
1605.515391405864,0.9967007634796444,1605.515391405864,0.9991265546447332,1605.507058166412,0.9866770545255212,1605.4070592836736,1.0048858909924514
1605.516780279261,0.9864941083428127,1605.516780279261,0.9990821074903782,1605.508447039809,0.9894874578429308,1605.4084481570706,1.015287794841237
1605.5181691521932,1.0016480189279504,1605.5181691521932,0.9991297862289648,1605.5098359127408,1.013579832947028,1605.409837030467,0.999604270964906
1605.519558025591,1.0034543360142905,1605.519558025591,0.9990650994440262,1605.5112247861375,1.007980637480535,1605.4112259038643,1.0077015272028202
1605.5209468989876,0.9979889600739258,1605.5209468989876,0.9990799248750628,1605.5126136595352,0.9978737464672875,1605.4126147772624,0.996112232369806
1605.5223357719185,0.9922803722404555,1605.5223357719185,0.9990635137267055,1605.5140025324663,1.0114237451284824,1605.4140036506594,1.0044703177399013
1605.5237246453155,0.9985318805224512,1605.5237246453155,0.9991046635428815,1605.515391405864,0.9958301998271922,1605.4153925245223,1.0062972090195503
1605.525113518713,0.9993004003614144,1605.525113518713,0.9990784571013319,1605.516780279261,0.9855886127899788,1605.4167813979195,1.0087139220913304
1605.5265023916452,0.9915657514692624,1605.5265023916452,0.9990274986188231,1605.5181691521932,1.0007763710281492,1605.4181702713174,0.9855384585691476
1605.527891265043,1.005185229408833,1605.527891265043,0.9989890651370198,1605.519558025591,1.0025162059976565,1605.4195591447144,1.006916321420324
1605.52928013844,1.0056591077937633,1605.52928013844,0.9990954392307516,1605.5209468989876,0.9970707352567998,1605.420948018111,1.0052230388102603
1605.530669011371,1.009823237823439,1605.530669011371,0.9989958279167303,1605.5223357719185,0.9913511152925928,1605.4223368915084,1.0058872084582036
1605.5320578847677,1.0084885219883633,1605.5320578847677,0.9990060106283272,1605.5237246453155,0.9976378585262244,1605.4237257649054,1.0048852113959632
1605.5334467576995,0.9938614157249588,1605.5334467576995,0.9989850375759934,1605.525113518713,0.9983795021738252,1605.4251146383028,1.0011785562298814
1605.5348356310976,1.001370525846017,1605.5348356310976,0.9988733623477057,1605.5265023916452,0.9906014524064308,1605.4265035117007,0.998532887101218
1605.536224504495,0.9921510477581469,1605.536224504495,0.998920092595758,1605.527891265043,1.0041690526166709,1605.4278923855634,1.003516979786218
1605.5376133774264,0.9918304821977351,1605.5376133774264,0.9987919547420203,1605.52928013844,1.0047494280176157,1605.42928125896,1.0018190079603857
1605.539002250823,1.0019132238196689,1605.539002250823,0.9988335058974852,1605.530669011371,1.0088092015189798,1605.4306701323574,0.9961882112571896
1605.5403911237538,0.9848322636793637,1605.5403911237538,0.9988445847856713,1605.5320578847677,1.0074860951160527,1605.4320590057544,1.0074563287898683
1605.5417799971517,1.0116321707824694,1605.5417799971517,0.9987604339923745,1605.5334467576995,0.992852683733328,1605.4334478791525,0.9933369641908376
1605.5431688705496,1.0091219049975357,1605.5431688705496,0.998637919735016,1605.5348356310976,1.0002423441077013,1605.4348367525502,0.9940364728561688
1605.544557743481,0.9977194974856648,1605.544557743481,0.9987720716958857,1605.536224504495,0.9910796164955464,1605.4362256259471,0.9898599446781274
1605.5459466168784,0.9964412939094976,1605.5459466168784,0.9987810864811867,1605.5376133774264,0.9906323060869964,1605.4376144993437,0.9967938676474966
1605.5473354898097,1.00143829866874,1605.5473354898097,0.9987579203680226,1605.539002250823,1.0007444979528517,1605.4390033727402,0.9870888899973864
1605.5487243632072,0.9988339338854212,1605.5487243632072,0.9987066613772694,1605.5403911237538,0.9836943734983468,1605.4403922461377,0.9922663278832866
1605.5501132361385,1.0034358810075155,1605.5501132361385,0.9986347153127693,1605.5417799971517,1.010378185931347,1605.4417811195356,1.0076645571538607
1605.551502109536,1.0050828073918616,1605.551502109536,0.9986354050038734,1605.5431688705496,1.0077473999657756,1605.4431699929337,0.996306461046141
1605.5528909824673,0.9977382986475831,1605.5528909824673,0.9986859547165209,1605.544557743481,0.9964943694751354,1605.4445588663305,1.0011624497931104
1605.5542798558647,0.9843788723134425,1605.5542798558647,0.9986710761992824,1605.5459466168784,0.9952267181456476,1605.445947739728,1.0051847775279732
1605.555668728796,1.0146903129878013,1605.555668728796,0.9986743298019699,1605.5473354898097,1.0001944325552814,1605.4473366131244,0.99833016346878
1605.5570576021937,0.9923148148710343,1605.5570576021937,0.9987656452463366,1605.5487243632072,0.9975421033810332,1605.448725486521,1.003916106803753
1605.5584464751248,0.9940337499877535,1605.5584464751248,0.9987729437812142,1605.5501132361385,1.002065905364558,1605.4501143599189,1.0082993002738638
1605.559835348522,0.9917025427563351,1605.559835348522,0.998779777630445,1605.551502109536,1.0037112764222018,1605.4515032333163,0.992556175785515
1605.5612242214536,0.9954948414150491,1605.5612242214536,0.9988294679740858,1605.5528909824673,0.9964272253420988,1605.4528921067138,1.0086246231127776
1605.5626130948506,1.0132567572584137,1605.5626130948506,0.9988995026267711,1605.5542798558647,0.9830707078011016,1605.4542809801108,0.989124621277867
1605.5640019677828,0.9922688671920764,1605.5640019677828,0.9989601727673592,1605.555668728796,1.0133451682796435,1605.4556698535073,0.9939403099530848
1605.5653908411807,0.9919066363298223,1605.5653908411807,0.9990775063438563,1605.5570576021937,0.9910899463621676,1605.4570587269047,0.990876417145567
1605.5667797141116,1.0002807224447474,1605.5667797141116,0.9991742011533714,1605.5584464751248,0.992814014693148,1605.4584476003026,0.998400297826365
1605.568168587508,0.9979775760714403,1605.568168587508,0.9991553329804609,1605.559835348522,0.9904924451297192,1605.4598364736996,0.9971574517686974
1605.56955746044,1.0000009445811864,1605.56955746044,0.9992506165141839,1605.5612242214536,0.9943295828215404,1605.461225347097,0.998068586780462
1605.5709463333712,1.0037669623528478,1605.5709463333712,0.9992080323218899,1605.5626130948506,1.0121416708586444,1605.462614220494,0.9957737253590206
1605.5723352067691,0.9903707844018311,1605.5723352067691,0.9992168483483842,1605.5640019677828,0.9912370790018684,1605.4640030934258,0.9922620464254108
1605.5737240797014,0.997229293943704,1605.5737240797014,0.9992195548914938,1605.5653908411807,0.9909916087503212,1605.4653919668228,0.9988494431454336
1605.5751129530988,0.9964467923069532,1605.5751129530988,0.9991383415593816,1605.5667797141116,0.9994546917778476,1605.4667808402205,0.9966775207287124
1605.5765018260297,1.0014359310809404,1605.5765018260297,0.999125855314072,1605.568168587508,0.9971346173266932,1605.4681697136173,0.992431333910628
1605.577890699426,0.989381473193607,1605.577890699426,0.9991174506552122,1605.56955746044,0.9992515603875168,1605.4695585870145,1.0091968433558638
1605.579279572358,0.999577234018146,1605.579279572358,0.9990556982253647,1605.5709463333712,1.0029720113623095,1605.4709474604117,1.0142100907302087
1605.5806684452905,0.99304703856461,1605.5806684452905,0.9990651812023852,1605.5723352067691,0.9895951738863148,1605.4723363338096,0.9972597310401754
1605.5820573186877,1.0008984885334482,1605.5820573186877,0.9990916579366149,1605.5737240797014,0.9964510112191866,1605.4737252072075,0.999303549518866
1605.583446191619,1.0060719503505,1605.583446191619,0.9991270305188161,1605.5751129530988,0.9955881955177348,1605.475114080604,0.9942631862446408
1605.58483506455,1.001880273314314,1605.58483506455,0.9991697692085229,1605.5765018260297,1.0005605311834886,1605.476502953535,1.0105319106569837
1605.5862239379464,1.005071474801841,1605.5862239379464,0.9992112647390308,1605.577890699426,0.9885082952226948,1605.477891826932,1.0041308592940323
1605.587612810879,0.9910059989865508,1605.587612810879,0.9992349787652958,1605.579279572358,0.9986333314621776,1605.4792807003294,1.0024053638104269
1605.5890016842766,1.0014323185777823,1605.5890016842766,0.9992533763274134,1605.5806684452905,0.992118719526044,1605.4806695737273,0.9902513242956968
1605.5903905572084,1.001618576077294,1605.5903905572084,0.9993665049975133,1605.5820573186877,0.9999893303351348,1605.4820584471252,1.000313022142477
1605.5917794301397,1.0013670849131528,1605.5917794301397,0.9993965191947362,1605.583446191619,1.005193680241969,1605.4834473205217,0.99585514101831
1605.5931683035371,1.0007105685593876,1605.5931683035371,0.9994861999158953,1605.58483506455,1.0010484814620348,1605.4848361939182,0.9875114630937653
1605.5945571764685,0.9873009472082664,1605.5945571764685,0.9995737578767111,1605.5862239379464,1.0042787394898705,1605.4862250668496,1.010041853629324
1605.5959460494005,1.0062855011021845,1605.5959460494005,0.9995122798395774,1605.587612810879,0.9902478583536068,1605.4876139402477,0.9889546541961616
1605.5973349227972,0.9884981675407932,1605.5973349227972,0.9995211551469035,1605.5890016842766,1.0006846255022388,1605.4890028136454,1.0027595015404414
1605.5987237957286,0.9920234423650731,1605.5987237957286,0.9994746244985339,1605.5903905572084,1.0009840557149512,1605.4903916870423,0.9905869770012316
1605.6001126686604,0.9806066318259574,1605.6001126686604,0.999488533766856,1605.5917794301397,1.0007627790983848,1605.4917805604398,0.9921077100629347
1605.6015015415917,1.0062051324153765,1605.6015015415917,0.9995938700020637,1605.5931683035371,1.0001964033850972,1605.493169433371,0.9900831921245096
1605.6028904149891,1.0084699965309294,1605.6028904149891,0.9995609123796698,1605.5945571764685,0.9868801179562032,1605.4945583067672,1.0208502241377178
1605.6042792879205,1.0151801054928562,1605.6042792879205,0.9994564599120811,1605.5959460494005,1.005794715376156,1605.495947180165,0.998278446176026
1605.6056681608522,0.9972238600555658,1605.6056681608522,0.999460045001771,1605.5973349227972,0.988024830280971,1605.497336053563,0.9957538131819156
1605.6070570342492,1.0018700826535472,1605.6070570342492,0.9995095997906903,1605.5987237957286,0.9915022575515744,1605.4987249264943,1.0070084747041277
1605.608445907181,1.002329598659993,1605.608445907181,0.9995741955009811,1605.6001126686604,0.9801050846457814,1605.5001137998918,0.9958142293097187
1605.6098347801124,0.9957741144736267,1605.6098347801124,0.9995589315280748,1605.6015015415917,1.0057964823270251,1605.5015026732888,0.9881595942645862
1605.6112236530446,1.003936042646537,1605.6112236530446,0.999655959556861,1605.6028904149891,1.0080271898399782,1605.5028915466862,0.9862487048589924
1605.612612526442,1.006497795638778,1605.612612526442,0.9995654654807784,1605.6042792879205,1.014628314409063,1605.5042804196175,1.0166808317228029
1605.614001399373,0.9916559207260547,1605.614001399373,0.9996968787974212,1605.6056681608522,0.9966854040479756,1605.5056692930148,0.9822958998448752
1605.6153902723042,1.004098406804024,1605.6153902723042,0.9996805753273296,1605.6070570342492,1.0013787653553128,1605.507058166412,0.9866770545255212
1605.6167791452356,1.0007644309794277,1605.6167791452356,0.9998075965445762,1605.608445907181,1.0019028022073837,1605.508447039809,0.9894874578429308
1605.6181680181678,0.9938151744353662,1605.6181680181678,0.9999315709741763,1605.6098347801124,0.9953349099065733,1605.5098359127408,1.013579832947028
1605.6195568915657,1.0011361710849345,1605.6195568915657,1.0000677251062993,1605.6112236530446,1.0035906480455417,1605.5112247861375,1.007980637480535
1605.6209457644975,0.9998290293229727,1605.6209457644975,1.0000462046614313,1605.612612526442,1.0060604376030524,1605.5126136595352,0.9978737464672875
1605.6223346374284,0.9962939392489841,1605.6223346374284,1.0000974928744566,1605.614001399373,0.9913553287908198,1605.5140025324663,1.0114237451284824
1605.6237235103592,0.9899550654026557,1605.6237235103592,1.0001539345792645,1605.6153902723042,1.0037776729991017,1605.515391405864,0.9958301998271922
1605.6251123832906,1.008569511555854,1605.6251123832906,1.0001559187614757,1605.6167791452356,1.000571880444842,1605.516780279261,0.9855886127899788
1605.6265012566885,0.9909306827635272,1605.6265012566885,1.000204682060071,1605.6181680181678,0.9937471686311308,1605.5181691521932,1.0007763710281492
1605.6278901296207,1.0007377483822908,1605.6278901296207,1.0002851737442648,1605.6195568915657,1.0012039731385411,1605.519558025591,1.0025162059976565
1605.6292790025525,0.9904195259871621,1605.6292790025525,1.000278240491141,1605.6209457644975,0.9998752260847618,1605.5209468989876,0.9970707352567998
1605.6306678754834,0.99993601423399,1605.6306678754834,1.0002571435414902,1605.6223346374284,0.9963910708089252,1605.5223357719185,0.9913511152925928
1605.632056748414,1.001230908581327,1605.632056748414,1.000242497910632,1605.6237235103592,0.9901074537191392,1605.5237246453155,0.9976378585262244
1605.633445621346,1.0037595745381713,1605.633445621346,1.0002595347879,1605.6251123832906,1.008726766464958,1605.525113518713,0.9983795021738252
1605.634834494744,1.0095388445892175,1605.634834494744,1.0003862399020655,1605.6265012566885,0.9911335084970628,1605.5265023916452,0.9906014524064308
1605.6362233676757,0.9917680601218856,1605.6362233676757,1.0003058089296522,1605.6278901296207,1.001023132513024,1605.527891265043,1.0041690526166709
1605.637612240607,1.0134324346712411,1605.637612240607,1.00019332464439,1605.6292790025525,0.9906951008025084,1605.52928013844,1.0047494280176157
1605.6390011135388,1.0105060010501408,1605.6390011135388,1.000140306745272,1605.6306678754834,1.0001931413219538,1605.530669011371,1.0088092015189798
1605.6403899864697,1.0076835053349211,1605.6403899864697,1.0000744678392213,1605.632056748414,1.001473704984718,1605.5320578847677,1.0074860951160527
1605.641778859401,1.002198899850963,1605.641778859401,1.0001700035651249,1605.633445621346,1.0040200850664516,1605.5334467576995,0.992852683733328
1605.6431677323333,1.0040294054671102,1605.6431677323333,1.000281973781528,1605.634834494744,1.009928768773683,1605.5348356310976,1.0002423441077013
1605.644556605265,0.9989750800464938,1605.644556605265,1.0002410485808912,1605.6362233676757,0.9920713516508146,1605.536224504495,0.9910796164955464
1605.645945478662,1.0009141062590015,1605.645945478662,1.0002614246553645,1605.637612240607,1.013628356136287,1605.5376133774264,0.9906323060869964
1605.6473343515938,1.00414019634034,1605.6473343515938,1.0003408748877378,1605.6390011135388,1.010647781858226,1605.539002250823,1.0007444979528517
1605.648723224526,1.001873082602681,1605.648723224526,1.0003940607298802,1605.6403899864697,1.0077585453481823,1605.5403911237538,0.9836943734983468
1605.6501120974574,0.9982053174671621,1605.6501120974574,1.0003882067521945,1605.641778859401,1.002369277236902,1605.5417799971517,1.010378185931347
1605.6515009703885,1.0000946233894,1605.6515009703885,1.0004577772794412,1605.6431677323333,1.0043125154353352,1605.5431688705496,1.0077473999657756
1605.6528898433196,0.9919231333343032,1605.6528898433196,1.0004814392957049,1605.644556605265,0.9992158815718848,1605.544557743481,0.9964943694751354
1605.6542787162514,1.0065490506936328,1605.6542787162514,1.0004136287177006,1605.645945478662,1.0011757698842796,1605.5459466168784,0.9952267181456476
1605.6556675891827,0.9937857251873767,1605.6556675891827,1.000411104690884,1605.6473343515938,1.0044824825170406,1605.5473354898097,1.0001944325552814
1605.657056462115,1.003273239230042,1605.657056462115,1.00029774532041,1605.648723224526,1.0022678814408588,1605.5487243632072,0.9975421033810332
1605.6584453350467,1.0022548023495241,1605.6584453350467,1.0002870567759339,1605.6501120974574,0.9985928275114794,1605.5501132361385,1.002065905364558
1605.6598342079776,0.9918632589863499,1605.6598342079776,1.000343819306212,1605.6515009703885,1.0005524439852789,1605.551502109536,1.0037112764222018
1605.661223080909,1.0053126236173977,1605.661223080909,1.0003452895030278,1605.6528898433196,0.992400684109009,1605.5528909824673,0.9964272253420988
1605.6626119538407,0.988701135151927,1605.6626119538407,1.0004091482952089,1605.6542787162514,1.006965388286774,1605.5542798558647,0.9830707078011016
1605.664000826773,1.000509684987286,1605.664000826773,1.0004741290711954,1605.6556675891827,0.9941942751607348,1605.555668728796,1.0133451682796435
1605.6653896997052,1.005261144211886,1605.6653896997052,1.000471557579472,1605.657056462115,1.0035719591421155,1605.5570576021937,0.9910899463621676
1605.6667785726363,0.9953970441250632,1605.6667785726363,1.0005136737157225,1605.6584453350467,1.0025425063817508,1605.5584464751248,0.992814014693148
1605.6681674455674,0.9899249481164322,1605.6681674455674,1.000444002341178,1605.6598342079776,0.9922042807239116,1605.559835348522,0.9904924451297192
1605.6695563184985,1.0107500422004605,1605.6695563184985,1.0004102307488483,1605.661223080909,1.0056597475135942,1605.5612242214536,0.9943295828215404
1605.6709451914296,1.00943038967123,1605.6709451914296,1.0004554153183587,1605.6626119538407,0.9891056605358456,1605.5626130948506,1.0121416708586444
1605.6723340643618,1.0019489263912336,1605.6723340643618,1.0004961782339832,1605.664000826773,1.0009840557149512,1605.5640019677828,0.9912370790018684
1605.673722937294,1.0000168623190604,1605.673722937294,1.0005341455066614,1605.6653896997052,1.0057351827237877,1605.5653908411807,0.9909916087503212
1605.675111810226,0.9943310478124294,1605.675111810226,1.0006094130839227,1605.6667785726363,0.9959083534233382,1605.5667797141116,0.9994546917778476
1605.6765006831567,1.0006660580244688,1605.6765006831567,1.0005940618622222,1605.6681674455674,0.9903644771109864,1605.568168587508,0.9971346173266932
1605.6778895560876,1.0061676921348484,1605.6778895560876,1.0006155058233408,1605.6695563184985,1.0111646829471708,1605.56955746044,0.9992515603875168
1605.67927842902,1.0009272749647753,1605.67927842902,1.0007278190307722,1605.6709451914296,1.009890099733503,1605.5709463333712,1.0029720113623095
1605.680667301952,1.0013748486307896,1605.680667301952,1.0008338488540196,1605.6723340643618,1.0024460716400716,1605.5723352067691,0.9895951738863148
1605.6820561748834,1.0048909171182074,1605.6820561748834,1.0007638710915103,1605.673722937294,1.0005510168326537,1605.5737240797014,0.9964510112191866
1605.6834450478152,1.0099077756281778,1605.6834450478152,1.0008079125415938,1605.675111810226,0.9949370061627169,1605.5751129530988,0.9955881955177348
1605.6848339207463,0.9948166403642039,1605.6848339207463,1.0009422607731158,1605.6765006831567,1.0012605155663614,1605.5765018260297,1.0005605311834886
1605.6862227936774,0.9984882143717471,1605.6862227936774,1.000947385836448,1605.6778895560876,1.0067869942086147,1605.577890699426,0.9885082952226948
1605.687611666143,0.9991735443245705,1605.687611666143,1.0009889490024941,1605.67927842902,1.0016557688839136,1605.579279572358,0.9986333314621776
1605.689000539075,1.0027092194451612,1605.689000539075,1.0008688128886363,1605.680667301952,1.0022098439007645,1605.5806684452905,0.992118719526044
1605.690389412007,1.0037251043733648,1605.690389412007,1.000871024084026,1605.6820561748834,1.0056585242399154,1605.5820573186877,0.9999893303351348
1605.6917782849384,1.0037027382568895,1605.6917782849384,1.0010062656121832,1605.6834450478152,1.0107236927859609,1605.583446191619,1.005193680241969
1605.6931671578702,1.00359415575165,1605.6931671578702,1.0010849083996527,1605.6848339207463,0.995754017060862,1605.58483506455,1.0010484814620348
1605.6945560308025,1.0069930299004461,1605.6945560308025,1.001171401939226,1605.6862227936774,0.999434167963903,1605.5862239379464,1.0042787394898705
1605.6959449037338,0.9955049615645982,1605.6959449037338,1.0011474067983992,1605.687611666143,1.0001616760045489,1605.587612810879,0.9902478583536068
1605.697333776665,1.0131942120448416,1605.697333776665,1.0011077554941876,1605.689000539075,1.0035803861385697,1605.5890016842766,1.0006846255022388
1605.6987226491308,0.9973612857355031,1605.6987226491308,1.0012529932934888,1605.690389412007,1.0045993731130154,1605.5903905572084,1.0009840557149512
1605.700111522062,0.9935592781024011,1605.700111522062,1.0012387779236605,1605.6917782849384,1.0047127298072516,1605.5917794301397,1.0007627790983848
1605.701500394994,1.0043450316271898,1605.701500394994,1.0012200478019169,1605.6931671578702,1.0046829634810672,1605.5931683035371,1.0001964033850972
1605.702889267926,0.9897369442910731,1605.702889267926,1.0011671500594528,1605.6945560308025,1.0081726234884585,1605.5945571764685,0.9868801179562032
1605.7042781408577,0.9992277381319918,1605.7042781408577,1.0011895692953503,1605.6959449037338,0.9966472107253376,1605.5959460494005,1.005794715376156
1605.7056670137883,0.990667965078385,1605.7056670137883,1.001231043866719,1605.697333776665,1.0143165834999135,1605.5973349227972,0.988024830280971
1605.707055886254,0.9961105112209588,1605.707055886254,1.0012604110646681,1605.6987226491308,0.998610972737715,1605.5987237957286,0.9915022575515744
1605.7084447591858,0.995108741452641,1605.7084447591858,1.0012055872623171,1605.700111522062,0.9947900774019623,1605.6001126686604,0.9801050846457814
1605.709833632118,1.0019662646317467,1605.709833632118,1.0011900240240805,1605.701500394994,1.0055703805753926,1605.6015015415917,1.0057964823270251
1605.7112225050505,1.019065796842582,1605.7112225050505,1.0011355103272905,1605.702889267926,0.990892115824445,1605.6028904149891,1.0080271898399782
1605.7126113779816,0.9991172578658158,1605.7126113779816,1.0011691367458564,1605.7042781408577,1.000416388768336,1605.6042792879205,1.014628314409063
1605.7140002504468,0.996590997830666,1605.7140002504468,1.0011768698363004,1605.7056670137883,0.9918875208007496,1605.6056681608522,0.9966854040479756
1605.7153891233777,1.004408690147065,1605.7153891233777,1.001204021982302,1605.707055886254,0.997366019930934,1605.6070570342492,1.0013787653553128
1605.7167779963097,1.000790692681097,1605.7167779963097,1.0011540795424463,1605.7084447591858,0.9963084318759567,1605.608445907181,1.0019028022073837
1605.7181668692417,1.0131024692402426,1605.7181668692417,1.0011004742424783,1605.709833632118,1.0031586285579766,1605.6098347801124,0.9953349099065733
1605.7195557417083,1.0015186942088363,1605.7195557417083,1.0010987340560895,1605.7112225050505,1.0202229565790852,1605.6112236530446,1.0035906480455417
1605.7209446146396,0.9992929733050988,1605.7209446146396,1.0011165254362093,1605.7126113779816,1.000285362565406,1605.612612526442,1.0060604376030524
1605.7223334875705,1.0105337163183872,1605.7223334875705,1.0010473998074343,1605.7140002504468,0.9977638557151414,1605.614001399373,0.9913553287908198
1605.7237223605014,0.9887812906344166,1605.7237223605014,1.0010803766490723,1605.7153891233777,1.005618020289217,1605.6153902723042,1.0037776729991017
1605.725111232968,0.999598683033606,1605.725111232968,1.0010790358619588,1605.7167779963097,1.0019456847457908,1605.6167791452356,1.000571880444842
1605.7265001059002,1.014427354168783,1605.7265001059002,1.00103243440983,1605.7181668692417,1.0142173624126327,1605.6181680181678,0.9937471686311308
1605.7278889788315,1.0031188656098926,1605.7278889788315,1.0009633203334716,1605.7195557417083,1.0026190969059738,1605.6195568915657,1.0012039731385411
1605.7292778517633,0.9907287267060432,1605.7292778517633,1.0009600099222586,1605.7209446146396,1.0004087093280192,1605.6209457644975,0.9998752260847618
1605.730666724229,1.0018356846525707,1605.730666724229,1.0009642497712834,1605.7223334875705,1.011592149138265,1605.6223346374284,0.9963910708089252
1605.7320555971598,0.9968652092213284,1605.7320555971598,1.0009721681935304,1605.7237223605014,0.9898495468518576,1605.6237235103592,0.9901074537191392
1605.7334444700916,1.0074744128899338,1605.7334444700916,1.0010044049998126,1605.725111232968,1.000677285860166,1605.6251123832906,1.008726766464958
1605.7348333425582,0.9925628848972795,1605.7348333425582,1.0010033617037961,1605.7265001059002,1.0154746838754996,1605.6265012566885,0.9911335084970628
1605.7362222154895,1.0016392240703502,1605.7362222154895,1.0010103615405597,1605.7278889788315,1.0040851904100236,1605.6278901296207,1.001023132513024
1605.737611088421,0.9971293946993987,1605.737611088421,1.0009620017046585,1605.7292778517633,0.9916798361139476,1605.6292790025525,0.9906951008025084
1605.738999960887,1.0059500840128501,1605.738999960887,1.000993085018912,1605.730666724229,1.0028017044823605,1605.6306678754834,1.0001931413219538
1605.7403888338188,1.000067088233032,1605.7403888338188,1.0009911129264184,1605.7320555971598,0.9978343298709704,1605.632056748414,1.001473704984718
1605.74177770675,1.0058200813121958,1605.74177770675,1.0009282104084438,1605.7334444700916,1.0084863252274237,1605.633445621346,1.0040200850664516
1605.7431665792158,1.0068201132260222,1605.7431665792158,1.0008938031625079,1605.7348333425582,0.9935587844845948,1605.634834494744,1.009928768773683
1605.7445554521476,1.0086742850260766,1605.7445554521476,1.0008995429693115,1605.7362222154895,1.002651241819867,1605.6362233676757,0.9920713516508146
1605.7459443250789,0.9978838804172944,1605.7459443250789,1.0008330372685428,1605.737611088421,0.9980886348768646,1605.637612240607,1.013628356136287
1605.747333197545,1.002728693941609,1605.747333197545,1.0009136249412025,1605.738999960887,1.0069490779710566,1605.6390011135388,1.010647781858226
1605.7487220704772,1.0008410541833683,1605.7487220704772,1.000966539159997,1605.7403888338188,1.0010582676514654,1605.6403899864697,1.0077585453481823
1605.750110942943,1.0064034133306456,1605.750110942943,1.0009801069332238,1605.74177770675,1.0067536939806916,1605.641778859401,1.002369277236902
1605.7514998158738,1.0008459436143933,1605.7514998158738,1.0008544994565751,1605.7431665792158,1.0077200122273,1605.6431677323333,1.0043125154353352
1605.7528886888056,1.0002638506771728,1605.7528886888056,1.000995790512348,1605.7445554521476,1.0095816308874972,1605.644556605265,0.9992158815718848
1605.7542775612712,0.9889394824718749,1605.7542775612712,1.0009373539523596,1605.7459443250789,0.99871515487936,1605.645945478662,1.0011757698842796
1605.755666434203,1.00110361018854,1605.755666434203,1.001021312334528,1605.747333197545,1.0036448118856534,1605.6473343515938,1.0044824825170406
1605.7570553066696,0.9936455321110761,1605.7570553066696,1.0010919514086807,1605.7487220704772,1.001808406255169,1605.648723224526,1.0022678814408588
1605.7584441796018,0.9943673201725852,1605.7584441796018,1.0010876846444186,1605.750110942943,1.007389796293671,1605.6501120974574,0.9985928275114794
1605.7598330525325,1.0098908693763928,1605.7598330525325,1.0010181371384892,1605.7514998158738,1.0017011659293271,1605.6515009703885,1.0005524439852789
1605.7612219249977,0.9952577632130956,1605.7612219249977,1.0009072266700094,1605.7528886888056,1.001259903929522,1605.6528898433196,0.992400684109009
1605.7626107979293,0.992930849474982,1605.7626107979293,1.000984273542036,1605.7542775612712,0.9898664688044144,1605.6542787162514,1.006965388286774
1605.7639996703958,0.9883232691891366,1605.7639996703958,1.000841556682599,1605.755666434203,1.002126049653766,1605.6556675891827,0.9941942751607348
1605.765388543328,0.9983955503104254,1605.765388543328,1.000789725260611,1605.7570553066696,0.994730544749594,1605.657056462115,1.0035719591421155
1605.7667774157935,1.0053874808548737,1605.7667774157935,1.0006527221465005,1605.7584441796018,0.9954488782376486,1605.6584453350467,1.0025425063817508
1605.7681662887246,1.0096446276823585,1605.7681662887246,1.0006780874013146,1605.7598330525325,1.010919076776326,1605.6598342079776,0.9922042807239116
1605.7695551611898,0.9956482395673396,1605.7695551611898,1.0007042366460286,1605.7612219249977,0.9961606875994165,1605.661223080909,1.0056597475135942
1605.7709440341216,1.004238850908139,1605.7709440341216,1.0006875518700413,1605.7626107979293,0.9939081650391915,1605.6626119538407,0.9891056605358456
1605.7723329065882,1.0124442711345143,1605.7723329065882,1.0006048140067427,1605.7639996703958,0.9891549992408908,1605.664000826773,1.0009840557149512
1605.7737217795204,0.9978007381594073,1605.7737217795204,1.0004895903381297,1605.765388543328,0.9991840084965872,1605.6653896997052,1.0057351827237877
1605.775110651986,0.9964936248820093,1605.775110651986,1.000480866619587,1605.7667774157935,1.006043719529442,1605.6667785726363,0.9959083534233382
1605.776499524918,1.0092477771333486,1605.776499524918,1.0004830434420389,1605.7681662887246,1.010329254984195,1605.6681674455674,0.9903644771109864
1605.7778883973829,0.995414469784924,1605.7778883973829,1.0004300025282913,1605.7695551611898,0.9963494115441968,1605.6695563184985,1.0111646829471708
1605.7792772703144,0.9958717405302436,1605.7792772703144,1.000421714217816,1605.7709440341216,1.0049293172080491,1605.6709451914296,1.009890099733503
1605.780666142781,1.0174910022073937,1605.780666142781,1.0004365922768976,1605.7723329065882,1.013056611610743,1605.6723340643618,1.0024460716400716
1605.7820550157123,0.9934575272256805,1605.7820550157123,1.0004192651003063,1605.7737217795204,0.9982892517601888,1605.673722937294,1.0005510168326537
1605.7834438881785,1.0052763379795226,1605.7834438881785,1.0003562488553441,1605.775110651986,0.9969728054028464,1605.675111810226,0.9949370061627169
1605.7945548697687,1.0188778847664737,1605.7945548697687,1.000157093817115,1605.776499524918,1.009735287653485,1605.6765006831567,1.0012605155663614
1605.7987214876314,1.017880489962362,1605.7987214876314,0.99987598191767,1605.7778883973829,0.9958425005236292,1605.6778895560876,1.0067869942086147
1605.800110360097,1.0170516072948586,1605.800110360097,0.9998520720192627,1605.7792772703144,0.9962917138023464,1605.67927842902,1.0016557688839136
1605.8028881054954,1.0164020818972481,1605.8028881054954,0.9998564249104398,1605.780666142781,1.0179352309207703,1605.680667301952,1.0022098439007645
1605.804276977961,1.008196867120105,1605.804276977961,0.999758565507355,1605.7820550157123,0.9938740492954828,1605.6820561748834,1.0056585242399154
1605.805665850892,1.0092330466015607,1605.805665850892,0.9997510708003294,1605.7834438881785,1.0056344665242325,1605.6834450478152,1.0107236927859609
1605.8084435958235,0.9990002635992528,1605.8084435958235,0.9995367816618509,1605.7945548697687,1.0190379441825657,1605.6848339207463,0.995754017060862
1605.809832468756,1.009781668908548,1605.809832468756,0.999433290348526,1605.7987214876314,1.0177542543759557,1605.6862227936774,0.999434167963903
1605.8112213412226,0.9934943090231846,1605.8112213412226,0.9994573274003328,1605.800110360097,1.0169011569042858,1605.687611666143,1.0001616760045489
1605.812610213689,1.0002795954955797,1605.812610213689,0.9994184185133191,1605.8028881054954,1.0162561518773106,1605.689000539075,1.0035803861385697
1605.813999086619,0.9960215835547812,1605.813999086619,0.9995061339003047,1605.804276977961,1.0079534536210055,1605.690389412007,1.0045993731130154
1605.8153879590843,0.9928459058661687,1605.8153879590843,0.9994157666391162,1605.805665850892,1.008981819026989,1605.6917782849384,1.0047127298072516
1605.8167768315504,1.0099873757275166,1605.8167768315504,0.9993202349599076,1605.8084435958235,0.9985375083573378,1605.6931671578702,1.0046829634810672
1605.818165704483,1.0089298831471663,1605.818165704483,0.9992672252811935,1605.809832468756,1.009209415890896,1605.6945560308025,1.0081726234884585
1605.8195545769493,1.0061537236356426,1605.8195545769493,0.9992152286714465,1605.8112213412226,0.9929551668837524,1605.6959449037338,0.9966472107253376
1605.820943449415,0.9967160415395915,1605.820943449415,0.9992096285137225,1605.812610213689,0.9996978514013348,1605.697333776665,1.0143165834999135
1605.8223323223467,1.000596131660485,1605.8223323223467,0.999208480481453,1605.813999086619,0.9955296822600987,1605.6987226491308,0.998610972737715
1605.823721194812,1.0116034039333048,1605.823721194812,0.9991581248055622,1605.8153879590843,0.9922658521657448,1605.700111522062,0.9947900774019623
1605.8251100672776,0.9946553444513213,1605.8251100672776,0.9991083982050594,1605.8167768315504,1.0093008216185624,1605.701500394994,1.0055703805753926
1605.8264989397442,0.9921055087979905,1605.8264989397442,0.9991112337554101,1605.818165704483,1.0081905648357476,1605.702889267926,0.990892115824445
1605.827887812676,0.9948314555210468,1605.827887812676,0.999044929130591,1605.8195545769493,1.005364123041216,1605.7042781408577,1.000416388768336
1605.8292766851416,0.9974373432332349,1605.8292766851416,0.9990833561701904,1605.820943449415,0.9959282656004432,1605.7056670137883,0.9918875208007496
1605.8306655576075,1.0038979225459965,1605.8306655576075,0.9990382172955377,1605.8223323223467,0.9998041402920932,1605.707055886254,0.997366019930934
1605.8320544300727,0.998359902148732,1605.8320544300727,0.9991387216288741,1605.823721194812,1.0107517601209246,1605.7084447591858,0.9963084318759567
1605.8334433030043,0.9920032354482983,1605.8334433030043,0.9990831851013211,1605.8251100672776,0.9937685079608612,1605.709833632118,1.0031586285579766
1605.8348321754709,1.004381599328312,1605.8348321754709,0.9990882019759522,1605.8264989397442,0.9912237589106992,1605.7112225050505,1.0202229565790852
1605.8362210479363,0.9953009740291712,1605.8362210479363,0.9989970518516882,1605.827887812676,0.9938813209779068,1605.7126113779816,1.000285362565406
1605.8376099204029,1.0092305490561737,1605.8376099204029,0.9989273066285497,1605.8292766851416,0.9965230484469384,1605.7140002504468,0.9977638557151414
1605.8389987928683,0.994639616194429,1605.8389987928683,0.9988556763325038,1605.8306655576075,1.002932390887046,1605.7153891233777,1.005618020289217
1605.8403876658006,1.004199492185624,1605.8403876658006,0.9989031903687273,1605.8320544300727,0.997500036358412,1605.7167779963097,1.0019456847457908
1605.841776538267,0.995979864287604,1605.841776538267,0.9987948344396826,1605.8334433030043,0.9910937521025016,1605.7181668692417,1.0142173624126327
1605.843165410732,0.9937063236850577,1605.843165410732,0.9987866245151703,1605.8348321754709,1.0034658061706545,1605.7195557417083,1.0026190969059738
1605.8445542831976,1.0012996663085476,1605.8445542831976,0.9987194635912272,1605.8362210479363,0.9943027387602557,1605.7209446146396,1.0004087093280192
1605.8459431556637,0.9985199489049633,1605.8459431556637,0.9986989155850236,1605.8376099204029,1.008147954135936,1605.7223334875705,1.011592149138265
1605.8473320281294,0.9832370629161538,1605.8473320281294,0.9986445318041192,1605.8389987928683,0.9935014265409884,1605.7237223605014,0.9898495468518576
1605.8487209010616,0.9998788132070844,1605.8487209010616,0.9985128774032084,1605.8403876658006,1.0030980765108757,1605.725111232968,1.000677285860166
1605.8501097735275,0.992002199897807,1605.8501097735275,0.9985173965039443,1605.841776538267,0.994779543656395,1605.7265001059002,1.0154746838754996
1605.8514986459925,0.9947765509577257,1605.8514986459925,0.9985178760942187,1605.843165410732,0.992500584792778,1605.7278889788315,1.0040851904100236
1605.8528875184586,0.9832380684145401,1605.8528875184586,0.9985494406756159,1605.8445542831976,1.0000174656297474,1605.7292778517633,0.9916798361139476
1605.8542763909245,1.0090294037306282,1605.8542763909245,0.9984376343074122,1605.8459431556637,0.9972207901614,1605.730666724229,1.0028017044823605
1605.8556652633908,1.0128866777747572,1605.8556652633908,0.9984518167559503,1605.8473320281294,0.9819043163483596,1605.7320555971598,0.9978343298709704
1605.8570541358574,0.9962204518764142,1605.8570541358574,0.9984008179812198,1605.8487209010616,0.998391870829911,1605.7334444700916,1.0084863252274237
1605.8584430087892,1.0064283725943417,1605.8584430087892,0.9984816186053564,1605.8501097735275,0.9905314539681436,1605.7348333425582,0.9935587844845948
1605.8598318812544,1.0034449275353765,1605.8598318812544,0.9983537231838446,1605.8514986459925,0.9933021688506406,1605.7362222154895,1.002651241819867
1605.8612207537196,1.0003646821568568,1605.8612207537196,0.9984556937626196,1605.8528875184586,0.981811823266312,1605.737611088421,0.9980886348768646
1605.8626096261853,1.0003247936005928,1605.8626096261853,0.9984505331073646,1605.8542763909245,1.0074529308074271,1605.738999960887,1.0069490779710566
1605.863998498652,1.0100571443550541,1605.863998498652,0.9984706581888799,1605.8556652633908,1.011318543592105,1605.7403888338188,1.0010582676514654
1605.8653873711185,0.9913053096957912,1605.8653873711185,0.9984021726443703,1605.8570541358574,0.9946273140430324,1605.74177770675,1.0067536939806916
1605.8667762435846,0.9988869197278786,1605.8667762435846,0.9984121595059054,1605.8584430087892,1.004900230478353,1605.7431665792158,1.0077200122273
1605.8681651160496,0.9973942666018799,1605.8681651160496,0.9983141059617456,1605.8598318812544,1.0017929794148863,1605.7445554521476,1.0095816308874972
1605.8695539885146,0.9965402624183898,1605.8695539885146,0.9981672233312744,1605.8612207537196,0.9988198127385468,1605.7459443250789,0.99871515487936
1605.8709428609811,0.994512998532891,1605.8709428609811,0.9981050206045997,1605.8626096261853,0.9987748234510264,1605.747333197545,1.0036448118856534
1605.8723317334477,1.009420674222527,1605.8723317334477,0.9981707295592867,1605.863998498652,1.0085124217325714,1605.7487220704772,1.001808406255169
1605.8737206059138,1.0032670128993793,1605.8737206059138,0.9980586979815984,1605.8653873711185,0.9897213749541782,1605.750110942943,1.007389796293671
1605.8751094783795,0.9958705069789999,1605.8751094783795,0.9980538149375394,1605.8667762435846,0.9973008466277132,1605.7514998158738,1.0017011659293271
1605.8764983508456,0.996189045849763,1605.8764983508456,0.9980124701292052,1605.8681651160496,0.9957127655540268,1605.7528886888056,1.001259903929522
1605.8778872233108,1.0114097563043143,1605.8778872233108,0.9978989987493904,1605.8695539885146,0.9947138266759836,1605.7542775612712,0.9898664688044144
1605.8792760957765,0.9941682658101377,1605.8792760957765,0.9978359621085614,1605.8709428609811,0.9926284168922134,1605.755666434203,1.002126049653766
1605.880664968243,1.0042717016492455,1605.880664968243,0.9978805952603941,1605.8723317334477,1.0075741708209267,1605.7570553066696,0.994730544749594
1605.8820538407092,1.0101023965662104,1605.8820538407092,0.9977967248894831,1605.8737206059138,1.001319368622242,1605.7584441796018,0.9954488782376486
1605.8834427131749,1.0033020479000265,1605.8834427131749,0.9978780105092422,1605.8751094783795,0.9939323586741724,1605.7598330525325,1.010919076776326
1605.884831585641,0.9977612002332047,1605.884831585641,0.9978582188793328,1605.8764983508456,0.994209090364178,1605.7612219249977,0.9961606875994165
1605.8862204581076,0.9995191467834721,1605.8862204581076,0.9978601157034677,1605.8778872233108,1.0092847831414402,1605.7626107979293,0.9939081650391915
1605.8876093305732,1.004477823851686,1605.8876093305732,0.9979106632163789,1605.8792760957765,0.9920168480124588,1605.7639996703958,0.9891549992408908
1605.8889982030385,0.993814760683956,1605.8889982030385,0.9979439679865598,1605.880664968243,1.002143243444918,1605.765388543328,0.9991840084965872
1605.890387075504,1.0056209466129626,1605.890387075504,0.9979988909072454,1605.8820538407092,1.0078768630967825,1605.7667774157935,1.006043719529442
1605.8917759479702,0.9893172120953787,1605.8917759479702,0.9980377087578381,1605.8834427131749,1.0011730514983268,1605.7681662887246,1.010329254984195
1605.893164820436,1.0073065264255785,1605.893164820436,0.998029249338316,1605.884831585641,0.995624214131611,1605.7695551611898,0.9963494115441968
1605.8945536929025,1.0085218480408922,1605.8945536929025,0.9979317598101637,1605.8862204581076,0.9973802914571868,1605.7709440341216,1.0049293172080491
1605.8959425653686,0.9993749507531042,1605.8959425653686,0.9979651959322059,1605.8876093305732,1.0023791313859811,1605.7723329065882,1.013056611610743
1605.8973314378338,0.9898817045217201,1605.8973314378338,0.9979620524731346,1605.8889982030385,0.9917714457205604,1605.7737217795204,0.9982892517601888
1605.8987203102995,0.9901408608957569,1605.8987203102995,0.9979882293775516,1605.890387075504,1.0036085893928308,1605.775110651986,0.9969728054028464
1605.9001091827656,1.003309880761078,1605.9001091827656,0.9980592019675326,1605.8917759479702,0.987375883594364,1605.776499524918,1.009735287653485
1605.9014980552313,1.0007529369908714,1605.9014980552313,0.9980700957948098,1605.893164820436,1.0053213764221067,1605.7778883973829,0.9958425005236292
1605.902886927698,0.9955131851077953,1605.902886927698,0.9980595916464082,1605.8945536929025,1.006435982622446,1605.7792772703144,0.9962917138023464
1605.9042758001644,0.9910385954900758,1605.9042758001644,0.9981624596856717,1605.8959425653686,0.9973414185380602,1605.780666142781,1.0179352309207703
1605.905664672164,1.0151864271247735,1605.905664672164,0.9981565623030368,1605.8973314378338,0.9878643775501008,1605.7820550157123,0.9938740492954828
1605.9070535446292,0.9895412955877472,1605.9070535446292,0.9982097585247767,1605.8987203102995,0.988148924599721,1605.7834438881785,1.0056344665242325
1605.9084424170949,0.9930832206723763,1605.9084424170949,0.9983027071797682,1605.9001091827656,1.0013626589185418,1605.7848327611098,1.0515299959618376
1605.9098312895617,0.9873630493979138,1605.9098312895617,0.9982676902687546,1605.9014980552313,0.9988215796894162,1605.7876105065068,1.0555925558088035
1605.911220162028,1.0027474943242276,1605.911220162028,0.998344612104727,1605.902886927698,0.9935814830073014,1605.7889993789734,1.0377174012175925
1605.9126090344942,0.9926428478346836,1605.9126090344942,0.9983348108746379,1605.9042758001644,0.9892175221178076,1605.790388251439,1.0524017823369338
1605.9139979069594,0.9915952459127706,1605.9139979069594,0.9984039214892254,1605.905664672164,1.0133149941955664,1605.7917771243708,1.0260101963938708
1605.9153867794246,1.006391205590411,1605.9153867794246,0.9984058566913323,1605.9070535446292,0.9877697777189398,1605.7931659968365,1.0372920417756115
1605.9167756514246,0.9957719058865638,1605.9167756514246,0.9983430544862508,1605.9084424170949,0.9913976676520364,1605.7945548697687,1.0190379441825657
1605.9181645238912,0.9870306615628522,1605.9181645238912,0.9983343730714798,1605.9098312895617,0.9856526307791696,1605.7959437422346,1.0271867138342874
1605.9195533963575,0.9841107255299384,1605.9195533963575,0.9984055822640531,1605.911220162028,1.001087558260108,1605.7973326151653,1.0317673300842278
1605.920942268824,0.9960396597154143,1605.920942268824,0.9984267475518495,1605.9126090344942,0.9909899097591008,1605.7987214876314,1.0177542543759557
1605.9223311412895,0.9940335393000382,1605.9223311412895,0.9984220196791875,1605.9139979069594,0.990012582049383,1605.800110360097,1.0169011569042858
1605.923720013289,1.0026593665538188,1605.923720013289,0.998366343499793,1605.9153867794246,1.004786873784117,1605.8014992330288,1.0290797978118895
1605.9251088857548,0.9992461269234231,1605.9251088857548,0.9984058887258644,1605.9167756514246,0.9941219660943876,1605.8028881054954,1.0162561518773106
1605.926497758221,0.9997029293423361,1605.926497758221,0.9984135054474585,1605.9181645238912,0.985386636713678,1605.804276977961,1.0079534536210055
1605.9278866306877,1.0000720229237055,1605.9278866306877,0.998463557303263,1605.9195533963575,0.9825416419350178,1605.805665850892,1.008981819026989
1605.9292755031531,1.000111725701214,1605.9292755031531,0.9984693798813276,1605.920942268824,0.994472637882312,1605.8084435958235,0.9985375083573378
1605.9306643751536,1.002512613523025,1605.9306643751536,0.9983674204321492,1605.9223311412895,0.9924649739367952,1605.809832468756,1.009209415890896
1605.9320532476188,0.989177378095262,1605.9320532476188,0.9983684161143522,1605.923720013289,1.0010213655621547,1605.8112213412226,0.9929551668837524
1605.9334421200845,0.9951103532736855,1605.9334421200845,0.9983684161143522,1605.9251088857548,0.9976532174068582,1605.812610213689,0.9996978514013348
1605.934830992551,1.001080699628172,1605.934830992551,0.9983469636942957,1605.926497758221,0.9981169060907747,1605.813999086619,0.9955296822600987
1605.9362198645515,0.9999356096506219,1605.9362198645515,0.9983310400008893,1605.9278866306877,0.9985354695678732,1605.8153879590843,0.9922658521657448
1605.9376087370172,0.9978287520863915,1605.9376087370172,0.9983486018936811,1605.9292755031531,0.9985809345729354,1605.8167768315504,1.0093008216185624
1605.9389976094833,1.011409972428118,1605.9389976094833,0.9983457532075808,1605.9306643751536,1.0008759319136744,1605.818165704483,1.0081905648357476
1605.94038648195,0.9962584292072052,1605.94038648195,0.9983108474592622,1605.9320532476188,0.9875634522251144,1605.8195545769493,1.005364123041216
1605.94177535395,0.9999877576635816,1605.94177535395,0.9983073179040223,1605.9334421200845,0.9934867472568428,1605.820943449415,0.9959282656004432
1605.943164226415,1.004110845328848,1605.943164226415,0.9983091487498593,1605.934830992551,0.9994258768867468,1605.8223323223467,0.9998041402920932
1605.9445530988808,1.0024659607164068,1605.9445530988808,0.9982002684112257,1605.9362198645515,0.9982667571164286,1605.823721194812,1.0107517601209246
1605.9459419708812,1.0086299737123299,1605.9459419708812,0.9981858606431169,1605.9376087370172,0.9961809395747656,1605.8251100672776,0.9937685079608612
1605.947330843347,0.9982749838369593,1605.947330843347,0.9982554530645883,1605.9389976094833,1.009736850725408,1605.8264989397442,0.9912237589106992
1605.9487197158137,1.0024994311723026,1605.9487197158137,0.9981730426105755,1605.94038648195,0.9945755967502784,1605.827887812676,0.9938813209779068
1605.9501085882796,0.9945299867239596,1605.9501085882796,0.9981125713822332,1605.94177535395,0.9982950962899876,1605.8292766851416,0.9965230484469384
1605.9514974602791,0.9968941625702517,1605.9514974602791,0.9982097650023131,1605.943164226415,1.002413043250744,1605.8306655576075,1.002932390887046
1605.9528863327448,1.0007416637969122,1605.9528863327448,0.9982066315210572,1605.9445530988808,1.0006617910602345,1605.8320544300727,0.997500036358412
1605.954275205211,0.9979717673830215,1605.954275205211,0.9982799634536816,1605.9459419708812,1.0068001783804863,1605.8334433030043,0.9910937521025016
1605.9556640772118,0.9813670564141845,1605.9556640772118,0.9982416441621996,1605.947330843347,0.9965334462732084,1605.8348321754709,1.0034658061706545
1605.9570529496784,1.0039253906341916,1605.9570529496784,0.9982279350019191,1605.9487197158137,1.0006679074286284,1605.8362210479363,0.9943027387602557
1605.9584418216784,0.9891190291080741,1605.9584418216784,0.9982949118593323,1605.9501085882796,0.9926528823657896,1605.8376099204029,1.008147954135936
1605.9598306941436,0.9984990949479421,1605.9598306941436,0.9982982669685955,1605.9514974602791,0.9951094877514286,1605.8389987928683,0.9935014265409884
1605.9612195666089,0.9851355716463523,1605.9612195666089,0.9982158615285951,1605.9528863327448,0.998946965241494,1605.8403876658006,1.0030980765108757
1605.9626084386089,0.9966010459776066,1605.9626084386089,0.9982646847461809,1605.954275205211,0.9962552194709288,1605.841776538267,0.994779543656395
1605.9639973110754,0.9915908721371083,1605.9639973110754,0.9981792780825027,1605.9556640772118,0.9796414639215136,1605.843165410732,0.992500584792778
1605.965386183542,1.0039975972086759,1605.965386183542,0.9982702671233225,1605.9570529496784,1.002146369588764,1605.8445542831976,1.0000174656297474
1605.9667750555425,0.9828200095950638,1605.9667750555425,0.9982154336112827,1605.9584418216784,0.9874324939818332,1605.8459431556637,0.9972207901614
1605.9681639280077,1.0029159254600573,1605.9681639280077,0.9982247886959581,1605.9598306941436,0.9967999160562416,1605.8473320281294,0.9819043163483596
1605.9695528000072,1.0011805589885523,1605.9695528000072,0.9983447261829893,1605.9612195666089,0.9833779533734286,1605.8487209010616,0.998391870829911
1605.9709416724738,1.0022314866902469,1605.9709416724738,0.998341512181433,1605.9626084386089,0.9948716289805496,1605.8501097735275,0.9905314539681436
1605.9723305449404,0.9980006983907306,1605.9723305449404,0.9982936523166918,1605.9639973110754,0.989785460903018,1605.8514986459925,0.9933021688506406
1605.9737194169404,0.9964513484883856,1605.9737194169404,0.9983148074050382,1605.965386183542,1.0022609495566788,1605.8528875184586,0.981811823266312
1605.9751082894063,0.986769440012572,1605.9751082894063,0.9983527183362925,1605.9667750555425,0.9810661020397816,1605.8542763909245,1.0074529308074271
1605.9764971614063,1.002242684171039,1605.9764971614063,0.9984824506832882,1605.9681639280077,1.001135537772177,1605.8556652633908,1.011318543592105
1605.9778860338718,1.0092879525112055,1605.9778860338718,0.998592267310167,1605.9695528000072,0.9995233310231584,1605.8570541358574,0.9946273140430324
1605.9792749058718,0.9942072943805674,1605.9792749058718,0.9986527400743056,1605.9709416724738,1.0005692979781868,1605.8584430087892,1.004900230478353
1605.9806637783383,0.9964612247125979,1605.9806637783383,0.9985804448365871,1605.9723305449404,0.9962977622110916,1605.8598318812544,1.0017929794148863
1605.9820526503388,0.9994609923074987,1605.9820526503388,0.9985762452162121,1605.9737194169404,0.9947721360546732,1605.8612207537196,0.9988198127385468
1605.9834415228045,1.006006670545754,1605.9834415228045,0.998626843293407,1605.9751082894063,0.9851439528077324,1605.8626096261853,0.9987748234510264
1605.984830394805,0.996126362834252,1605.984830394805,0.9986276127164062,1605.9764971614063,1.000721731470496,1605.863998498652,1.0085124217325714
1605.9862192672706,1.0047699283928677,1605.9862192672706,0.9985970285166782,1605.9778860338718,1.007867144867001,1605.8653873711185,0.9897213749541782
1605.987608139271,1.0034585355954966,1605.987608139271,0.9986498249622349,1605.9792749058718,0.9928678387350154,1605.8667762435846,0.9973008466277132
1605.9889970117367,1.0011581063016322,1605.9889970117367,0.9986995970862683,1605.9806637783383,0.9950466930359164,1605.8681651160496,0.9957127655540268
1605.9903858837372,1.000741327451955,1605.9903858837372,0.9986948953762146,1605.9820526503388,0.9980380049384916,1605.8695539885146,0.9947138266759836
1605.9917747562029,1.0032458761437295,1605.9917747562029,0.9988055571292654,1605.9834415228045,1.0046252657392167,1605.8709428609811,0.9926284168922134
1605.993163628203,0.9985296524148287,1605.993163628203,0.998810628971251,1605.984830394805,0.9947592916810458,1605.8723317334477,1.0075741708209267
1605.99455250067,0.9909748621001028,1605.99455250067,0.998806144338276,1605.9862192672706,1.0033602648360331,1605.8737206059138,1.001319368622242
1605.99594137267,1.0001637399620462,1605.99594137267,0.9988994126101252,1605.987608139271,1.0021036909293033,1605.8751094783795,0.9939323586741724
1605.9973302451351,1.0072887881594927,1605.9973302451351,0.9989911725964179,1605.9889970117367,0.9998561973830914,1605.8764983508456,0.994209090364178
1605.9987191171351,0.9954790900756654,1605.9987191171351,0.99894426133727,1605.9903858837372,0.9994352553182844,1605.8778872233108,1.0092847831414402
1606.0001079896012,1.002360995789879,1606.0001079896012,0.9989613009140734,1605.9917747562029,1.0020475562593758,1605.8792760957765,0.9920168480124588
1606.0014968616022,1.0020692839491803,1606.0014968616022,0.9990221327065407,1605.993163628203,0.9973420301748996,1605.880664968243,1.002143243444918
1606.0028857340687,0.9912596504055252,1606.0028857340687,0.999035230599684,1605.99455250067,0.9897917811503584,1605.8820538407092,1.0078768630967825
1606.0042746060687,0.9960228878904668,1606.0042746060687,0.999032461712594,1605.99594137267,0.999062972362034,1605.8834427131749,1.0011730514983268
1606.0056634780683,0.9967529060390448,1606.0056634780683,0.9991451280136097,1605.9973302451351,1.0062726076266764,1605.884831585641,0.995624214131611
1606.0070523505335,0.9937267328013064,1606.0070523505335,0.9990571736552782,1605.9987191171351,0.9944281243123332,1605.8862204581076,0.9973802914571868
1606.008441222534,1.0042540639125683,1606.008441222534,0.9990270891784733,1606.0001079896012,1.0013198443397835,1605.8876093305732,1.0023791313859811
1606.0098300950006,0.9843958309813383,1606.0098300950006,0.9989494186270618,1606.0014968616022,1.0010893931706262,1605.8889982030385,0.9917714457205604
1606.0112189670017,1.0056567536322258,1606.0112189670017,0.9989470128974833,1606.0028857340687,0.990303313427046,1605.890387075504,1.0036085893928308
1606.0126078390017,1.001829003646518,1606.0126078390017,0.9989673333991966,1606.0042746060687,0.9950591976113,1605.8917759479702,0.987375883594364
1606.0139967114667,0.9980265065105921,1606.0139967114667,0.9989859569496248,1606.0056634780683,0.9959008099023188,1605.893164820436,1.0053213764221067
1606.0153855834662,0.9975370217175645,1606.0153855834662,0.9991029505805216,1606.0070523505335,0.992789821058167,1605.8945536929025,1.006435982622446
1606.0167744559328,1.0038225867316588,1606.0167744559328,0.9990492844395856,1606.008441222534,1.0032770142662255,1605.8959425653686,0.9973414185380602
1606.0181633279335,1.0121026863373133,1606.0181633279335,0.9990570307950051,1606.0098300950006,0.9833616430577112,1605.8973314378338,0.9878643775501008
1606.0195521999335,0.9962641123120528,1606.0195521999335,0.9989469828200795,1606.0112189670017,1.0045978100410924,1605.8987203102995,0.988148924599721
1606.0209410724,1.000468172591657,1606.0209410724,0.998885780956262,1606.0126078390017,1.0007944482947362,1605.9001091827656,1.0013626589185418
1606.0223299444,1.0118834103874497,1606.0223299444,0.9989646513325294,1606.0139967114667,0.9970144646675748,1605.9014980552313,0.9988215796894162
1606.0237188163994,1.009078775831728,1606.0237188163994,0.9989635324750671,1606.0153855834662,0.9966421817113246,1605.902886927698,0.9935814830073014
1606.0251076888655,1.008326006150216,1606.0251076888655,0.9990060093371714,1606.0167744559328,1.0028682369785575,1605.9042758001644,0.9892175221178076
1606.0264965608665,0.9989298840828957,1606.0264965608665,0.9989679710234703,1606.0181633279335,1.0111483046718046,1605.905664672164,1.0133149941955664
1606.0278854328665,1.0127369715581682,1606.0278854328665,0.9989259439070158,1606.0195521999335,0.99521502908605,1605.9070535446292,0.9877697777189398
1606.0292743053326,1.0138181614668649,1606.0292743053326,0.998984316251658,1606.0209410724,0.9993534319011018,1605.9084424170949,0.9913976676520364
1606.0306631773326,0.996712310781494,1606.0306631773326,0.9990637051432778,1606.0223299444,1.0108357582468694,1605.9098312895617,0.9856526307791696
1606.0320520493328,1.0062956010794977,1606.0320520493328,0.9990473356966062,1606.0237188163994,1.0080328984504792,1605.911220162028,1.001087558260108
1606.033440921333,1.0033575500221863,1606.033440921333,0.9991009187596613,1606.0251076888655,1.0073237395150154,1605.9126090344942,0.9909899097591008
1606.0348297937987,1.002617887196641,1606.0348297937987,0.9991611817131281,1606.0264965608665,0.9978989594970008,1605.9139979069594,0.990012582049383
1606.0362186657992,1.0084071762990037,1606.0362186657992,0.9991732654287278,1606.0278854328665,1.0116492352432758,1605.9153867794246,1.004786873784117
1606.0376075377992,0.9986971797602961,1606.0376075377992,0.9991995816214108,1606.0292743053326,1.012788442836489,1605.9167756514246,0.9941219660943876
1606.0389964097997,1.0062341281287832,1606.0389964097997,0.9992524294345327,1606.0306631773326,0.9957790941712776,1605.9181645238912,0.985386636713678
1606.0403852822662,0.9995113695117653,1606.0403852822662,0.9992522150049022,1606.0320520493328,1.005336939181687,1605.9195533963575,0.9825416419350178
1606.0417741542662,0.9917696463898118,1606.0417741542662,0.9991617146513381,1606.033440921333,1.0024554500716092,1605.920942268824,0.994472637882312
1606.0431630262658,0.9988179332744633,1606.0431630262658,0.999150224047894,1606.0348297937987,1.0017768729781156,1605.9223311412895,0.9924649739367952
1606.0445518982665,1.0072784767240497,1606.0445518982665,0.9992316019914296,1606.0362186657992,1.0075734912244383,1605.923720013289,1.0010213655621547
1606.045940770732,1.0020732328929134,1606.045940770732,0.9992987631721489,1606.0376075377992,0.9978978041829708,1605.9251088857548,0.9976532174068582
1606.0473296427328,0.9987764755456775,1606.0473296427328,0.999319345772656,1606.0389964097997,1.0054818971126256,1605.926497758221,0.9981169060907747
1606.0487185147338,0.9929824373667965,1606.0487185147338,0.9993364560797787,1606.0403852822662,0.9987639499072148,1605.9278866306877,0.9985354695678732
1606.050107386733,1.0042854339792247,1606.050107386733,0.9992974193451656,1606.0417741542662,0.9909382604259956,1605.9292755031531,0.9985809345729354
1606.0514962587329,1.0012301105339054,1606.0514962587329,0.9992998166351112,1606.0431630262658,0.9979691618142345,1605.9306643751536,1.0008759319136744
1606.0528851311983,1.0131401330157586,1606.0528851311983,0.9992671042282788,1606.0445518982665,1.006504485948459,1605.9320532476188,0.9875634522251144
1606.054274003199,1.0012369835561625,1606.054274003199,0.9992779563836118,1606.045940770732,1.0013705422378052,1605.9334421200845,0.9934867472568428
1606.0556628752,0.995282462289508,1606.0556628752,0.9993578609152989,1606.0473296427328,0.9980966541154256,1605.934830992551,0.9994258768867468
1606.0570517472008,1.0089689094265974,1606.0570517472008,0.999302867420763,1606.0487185147338,0.9923235499075952,1605.9362198645515,0.9982667571164286
1606.059829491666,0.9971933365327449,1606.059829491666,0.9993448630775329,1606.050107386733,1.0035798424613789,1605.9376087370172,0.9961809395747656
1606.0612183636656,1.0039283884879766,1606.0612183636656,0.9993441344693714,1606.0514962587329,1.000529065866084,1605.9389976094833,1.009736850725408
1606.062607235666,0.9955547098604367,1606.062607235666,0.999345338357275,1606.0528851311983,1.0123976068961102,1605.94038648195,0.9945755967502784
1606.063996107667,1.0000895001591057,1606.063996107667,0.9993351449989419,1606.054274003199,1.0005140467836942,1605.94177535395,0.9982950962899876
1606.065384979668,0.991307893764948,1606.065384979668,0.9993344619931652,1606.0556628752,0.9946433525201543,1605.943164226415,1.002413043250744
1606.066773851668,0.9922550086854388,1606.066773851668,0.9993380813359691,1606.0570517472008,1.0082655243283989,1605.9445530988808,1.0006617910602345
1606.0681627236677,1.0089223548285309,1606.0681627236677,0.9992925989569159,1606.059829491666,0.9965400383591442,1605.9459419708812,1.0068001783804863
1606.069551595667,0.9942283790617253,1606.069551595667,0.9992612401162303,1606.0612183636656,1.003269946462748,1605.947330843347,0.9965334462732084
1606.0709404681336,1.0036494805556604,1606.0709404681336,0.9992465154010568,1606.062607235666,0.9949029583786568,1605.9487197158137,1.0006679074286284
1606.0723293401345,1.0043252657758186,1606.0723293401345,0.9991860599647862,1606.063996107667,0.9994245856534192,1605.9501085882796,0.9926528823657896
1606.0737182121345,0.988902307584215,1606.0737182121345,0.9992143157350563,1606.065384979668,0.990648140685172,1605.9514974602791,0.9951094877514286
1606.075107084135,0.9984923536617549,1606.075107084135,0.9991986644529243,1606.066773851668,0.9915982165757118,1605.9528863327448,0.998946965241494
1606.076495956135,1.0057455961500836,1606.076495956135,0.9992560232563511,1606.0681627236677,1.0082086421023344,1605.954275205211,0.9962552194709288
1606.0778848281343,0.9873556447571569,1606.0778848281343,0.9992960627000604,1606.069551595667,0.9934938830199692,1605.9556640772118,0.9796414639215136
1606.079273700135,1.0016073596281134,1606.079273700135,0.9993630406254754,1606.0709404681336,1.0028932461293243,1605.9570529496784,1.002146369588764
1606.080662572136,0.9930357599420848,1606.080662572136,0.9994335602494655,1606.0723293401345,1.0035078052336268,1605.9584418216784,0.9874324939818332
1606.082051444136,1.0014480698439359,1606.082051444136,0.9993931300038961,1606.0737182121345,0.9881253426015796,1605.9598306941436,0.9967999160562416
1606.0834403161364,1.0052895221851146,1606.0834403161364,0.9993658738799186,1606.075107084135,0.9976922262452824,1605.9612195666089,0.9833779533734286
1606.0848291881364,0.9923955523317691,1606.0848291881364,0.9994246627118716,1606.076495956135,1.0049973448165206,1605.9626084386089,0.9948716289805496
1606.0862180601366,0.9957237069216347,1606.0862180601366,0.9994797188582326,1606.0778848281343,0.9866606082905064,1605.9639973110754,0.989785460903018
1606.0876069321369,0.9992270384427441,1606.0876069321369,0.9994891487208408,1606.079273700135,1.0009693764308054,1605.965386183542,1.0022609495566788
1606.0889958041369,0.9963531375434371,1606.0889958041369,0.9995806666092844,1606.080662572136,0.9924732650139514,1605.9667750555425,0.9810661020397816
1606.090384676137,1.003194920399862,1606.090384676137,0.9996088492936551,1606.082051444136,1.0008403210576913,1605.9681639280077,1.001135537772177
1606.091773548137,0.9973085877024567,1606.091773548137,0.9996333285909684,1606.0834403161364,1.0046520418408529,1605.9695528000072,0.9995233310231584
1606.0931624201378,0.9960733030062511,1606.0931624201378,0.9997030621079759,1606.0848291881364,0.9918245901659398,1605.9709416724738,1.0005692979781868
1606.0945512921387,1.0070129056267483,1606.0945512921387,0.9996273267957653,1606.0862180601366,0.9952056506545126,1605.9723305449404,0.9962977622110916
1606.0959401641387,1.0153720593601276,1606.0959401641387,0.9996506266664187,1606.0876069321369,0.9987165820319852,1605.9737194169404,0.9947721360546732
1606.0973290361385,0.9923320436864455,1606.0973290361385,0.999655865130776,1606.0889958041369,0.9959353334039208,1605.9751082894063,0.9851439528077324
1606.0987179081387,0.9977752516903613,1606.0987179081387,0.9996895705390305,1606.090384676137,1.002802519998146,1605.9764971614063,1.000721731470496
1606.1001067801387,1.0027076692320571,1606.1001067801387,0.9997897375867519,1606.091773548137,0.9969429031573646,1605.9778860338718,1.007867144867001
1606.1014956521396,1.006773402759676,1606.1014956521396,0.9997836542416544,1606.0931624201378,0.9957775310993549,1605.9792749058718,0.9928678387350154
1606.1028845241406,1.005407808879975,1606.1028845241406,0.9998307564913311,1606.0945512921387,1.0066376189005026,1605.9806637783383,0.9950466930359164
1606.10427339614,1.0024964753301997,1606.10427339614,0.9997367243544255,1606.0959401641387,1.0150173154389237,1605.9820526503388,0.9980380049384916
1606.1056622681397,0.9974120031964616,1606.1056622681397,0.9998396333750841,1606.0973290361385,0.9919905476283646,1605.9834415228045,1.0046252657392167
1606.1070511401397,1.012067700668001,1606.1070511401397,0.9998532413399778,1606.0987179081387,0.9974655128568104,1605.984830394805,0.9947592916810458
1606.10844001214,0.9997228536348697,1606.10844001214,0.9999343396989554,1606.1001067801387,1.002496837497742,1605.9862192672706,1.0033602648360331
1606.109828884141,1.0102952191577839,1606.109828884141,0.9999423402431432,1606.1014956521396,1.0065555916043738,1605.987608139271,1.0021036909293033
1606.111217756142,0.9989050170520567,1606.111217756142,0.9999268123647679,1606.1028845241406,1.005237650134757,1605.9889970117367,0.9998561973830914
1606.112606628142,1.0104495978105403,1606.112606628142,0.9998410183957263,1606.10427339614,1.002232542423471,1605.9903858837372,0.9994352553182844
1606.1139955001415,1.011734544087294,1606.1139955001415,0.9997539318195293,1606.1056622681397,0.9972520515998584,1605.9917747562029,1.0020475562593758
1606.115384372141,1.0059234266476789,1606.115384372141,0.999814148189006,1606.1070511401397,1.0119191709683992,1605.993163628203,0.9973420301748996
1606.1167732436763,1.0037804532379961,1606.1167732436763,0.9998520735032334,1606.10844001214,0.9996572115313388,1605.99455250067,0.9897917811503584
1606.1181621156773,0.9979058947900273,1606.1181621156773,0.9998816348524275,1606.109828884141,1.0102369657810937,1605.99594137267,0.999062972362034
1606.1195509876777,0.9953471314127642,1606.1195509876777,0.9998702160706172,1606.111217756142,0.9988319095560372,1605.9973302451351,1.0062726076266764
1606.1209398596775,1.012004362294374,1606.1209398596775,0.9998703562819332,1606.112606628142,1.0102889549124427,1605.9987191171351,0.9944281243123332
1606.1223287316773,1.002353117550774,1606.1223287316773,0.9998717753215259,1606.1139955001415,1.0114855884089111,1606.0001079896012,1.0013198443397835
1606.1237176036768,1.000433498394592,1606.1237176036768,0.9998087926818772,1606.115384372141,1.005736473957115,1606.0014968616022,1.0010893931706262
1606.1251064756775,1.0037926258803738,1606.1251064756775,0.9998156433136646,1606.1167732436763,1.0036319675120258,1606.0028857340687,0.990303313427046
1606.126495347213,1.0000486602421637,1606.126495347213,0.9997361923466083,1606.1181621156773,0.997787777511527,1606.0042746060687,0.9950591976113
1606.127884219213,0.9955128363211428,1606.127884219213,0.9997536882921467,1606.1195509876777,0.9952179513509496,1606.0056634780683,0.9959008099023188
1606.1292730912137,1.0063933380411372,1606.1292730912137,0.9997685479564877,1606.1209398596775,1.0118731622861463,1606.0070523505335,0.992789821058167
1606.1306619632137,1.0112971654939806,1606.1306619632137,0.999743937329101,1606.1223287316773,1.0022245911445586,1606.008441222534,1.0032770142662255
1606.132050835214,0.9931540696732447,1606.132050835214,0.9997517580495864,1606.1237176036768,1.0002422081884037,1606.0098300950006,0.9833616430577112
1606.133439707214,1.0022124699166384,1606.133439707214,0.9997615379157085,1606.1251064756775,1.0036075699980984,1606.0112189670017,1.0045978100410924
1606.1348285787487,0.9938494852949995,1606.1348285787487,0.9997582382900696,1606.126495347213,0.9997848397518276,1606.0126078390017,1.0007944482947362
1606.1362174507487,0.9955256087343708,1606.1362174507487,0.9998330877748247,1606.127884219213,0.9952676298542388,1606.0139967114667,0.9970144646675748
1606.1376063227492,0.9994740317720047,1606.1376063227492,0.9997876788483044,1606.1292730912137,1.0061604062464704,1606.0153855834662,0.9966421817113246
1606.1389951947492,1.0060595442306792,1606.1389951947492,0.9997713519884134,1606.1306619632137,1.0110382100407118,1606.0167744559328,1.0028682369785575
1606.1403840662838,1.0070762901042787,1606.1403840662838,0.9997373003554029,1606.132050835214,0.9929075271699278,1606.0181633279335,1.0111483046718046
1606.141772938284,0.9974157460083468,1606.141772938284,0.9996981791595294,1606.133439707214,1.0019734802421592,1606.0195521999335,0.99521502908605
1606.143161810284,0.9941061899958319,1606.143161810284,0.9996072665813914,1606.1348285787487,0.9936092105440212,1606.0209410724,0.9993534319011018
1606.1445506822845,0.993486676699625,1606.1445506822845,0.9995388832020716,1606.1362174507487,0.995359443339798,1606.0223299444,1.0108357582468694
1606.1459395542845,0.9993477599635574,1606.1459395542845,0.9995099944560428,1606.1376063227492,0.999261822294489,1606.0237188163994,1.0080328984504792
1606.1473284258198,1.0098868812163375,1606.1473284258198,0.9995239841698694,1606.1389951947492,1.005829510716353,1606.0251076888655,1.0073237395150154
1606.148717297821,0.9917252142116593,1606.148717297821,0.9995210175250554,1606.1403840662838,1.006811731520786,1606.0264965608665,0.9978989594970008
1606.1501061698202,0.9979945482461626,1606.1501061698202,0.9993808997740025,1606.141772938284,0.997114705149588,1606.0278854328665,1.0116492352432758
1606.151495041354,0.9983309359435182,1606.151495041354,0.9993692081433938,1606.143161810284,0.9937157712733748,1606.0292743053326,1.012788442836489
1606.1528839133546,0.9948214645165787,1606.1528839133546,0.9994238549775276,1606.1445506822845,0.9930285633044807,1606.0306631773326,0.9957790941712776
1606.1542727853546,1.0005905218020075,1606.1542727853546,0.9993395979029464,1606.1459395542845,0.998858074020834,1606.0320520493328,1.005336939181687
1606.1556616573555,1.0014475614869305,1606.1556616573555,0.9992871627574968,1606.1473284258198,1.0094061590742374,1606.033440921333,1.0024554500716092
1606.1570505288907,1.0019026240803615,1606.1570505288907,0.999314749649488,1606.148717297821,0.9912501952140912,1606.0348297937987,1.0017768729781156
1606.1584394008903,0.9997250430854653,1606.1584394008903,0.9991992753071262,1606.1501061698202,0.9973766895957992,1606.0362186657992,1.0075734912244383
1606.15982827289,1.0003062826217797,1606.15982827289,0.9990938432595301,1606.151495041354,0.997701196918927,1606.0376075377992,0.9978978041829708
1606.1612171444242,0.9975554891919053,1606.1612171444242,0.9990861576130481,1606.1528839133546,0.9942483030815488,1606.0389964097997,1.0054818971126256
1606.1626060164251,1.004934644918574,1606.1626060164251,0.9989640791430118,1606.1542727853546,0.9999297297231174,1606.0403852822662,0.9987639499072148
1606.163994888426,0.9999836687931257,1606.163994888426,0.9988913770347628,1606.1556616573555,1.0007336923686887,1606.0417741542662,0.9909382604259956
1606.1653837599608,0.9917246031249027,1606.1653837599608,0.9989055780704575,1606.1570505288907,1.0012160699560315,1606.0431630262658,0.9979691618142345
1606.1667726319608,0.9961957915734746,1606.1667726319608,0.9989682163559082,1606.1584394008903,0.9989245385573824,1606.0445518982665,1.006504485948459
1606.1681615039604,0.9924216003377008,1606.1681615039604,0.9989667417581504,1606.15982827289,0.9993998483412476,1606.045940770732,1.0013705422378052
1606.1695503754945,1.0052827918464922,1606.1695503754945,0.9989630285461348,1606.1612171444242,0.9966438807025452,1606.0473296427328,0.9980966541154256
1606.1709392474952,1.0108574228055363,1606.1709392474952,0.9989002708581326,1606.1626060164251,1.0038936121599928,1606.0487185147338,0.9923235499075952
1606.1723281190305,0.9984075719901186,1606.1723281190305,0.9988160900553419,1606.163994888426,0.9988750639330396,1606.050107386733,1.0035798424613789
1606.173716991031,0.9970712594381324,1606.173716991031,0.9987704263288139,1606.1653837599608,0.990639237971176,1606.0514962587329,1.000529065866084
1606.175105863031,0.9984572151693563,1606.175105863031,0.9987616645068296,1606.1667726319608,0.995167933049416,1606.0528851311983,1.0123976068961102
1606.1764947345648,0.9992506248033778,1606.1764947345648,0.9986426963077818,1606.1681615039604,0.9913961725397622,1606.054274003199,1.0005140467836942
1606.1778836065648,0.9950491978827428,1606.1778836065648,0.998606871640666,1606.1695503754945,1.0042403422882855,1606.0556628752,0.9946433525201543
1606.1792724781,1.0009616885396584,1606.1792724781,0.9985941200213244,1606.1709392474952,1.009745753439404,1606.0570517472008,1.0082655243283989
1606.1806613501003,1.0075653163227973,1606.1806613501003,0.9985163357380901,1606.1723281190305,0.9972255473368176,1606.0584406192008,1.0194310907510045
1606.1820502221003,0.9858395451117932,1606.1820502221003,0.9985177854601782,1606.173716991031,0.9958452868692308,1606.059829491666,0.9965400383591442
1606.1834390936351,0.982645539870371,1606.1834390936351,0.9984183952624133,1606.175105863031,0.9972207901614,1606.0612183636656,1.003269946462748
1606.1848279656351,0.993951689948374,1606.1848279656351,0.9984297103726674,1606.1764947345648,0.9978943382408808,1606.062607235666,0.9949029583786568
1606.1862168371702,0.9822618180427561,1606.1862168371702,0.9984032701991382,1606.1778836065648,0.9936629666262398,1606.063996107667,0.9994245856534192
1606.1876057091702,1.0000170454460127,1606.1876057091702,0.9983660864399856,1606.1792724781,0.9995544565423192,1606.065384979668,0.990648140685172
1606.188994580705,0.9960967007916703,1606.188994580705,0.9983815125885538,1606.1806613501003,1.0060704276714292,1606.066773851668,0.9915982165757118
1606.190383452705,1.0082559090106413,1606.190383452705,0.9983189975687572,1606.1820502221003,0.9843783194040971,1606.0681627236677,1.0082086421023344
1606.1917723242398,0.9872758275697019,1606.1917723242398,0.9983995249057517,1606.1834390936351,0.9810913830291436,1606.069551595667,0.9934938830199692
1606.193161196241,0.9939989686480634,1606.193161196241,0.9983986297139398,1606.1848279656351,0.9923908979195784,1606.0709404681336,1.0028932461293243
1606.2042721703797,1.0094746208749799,1606.2042721703797,0.9981707731780951,1606.1862168371702,0.9806934113256386,1606.0723293401345,1.0035078052336268
1606.2056610419131,1.006003261829769,1606.2056610419131,0.9981803166836846,1606.1876057091702,0.9983831040352128,1606.0737182121345,0.9881253426015796
1606.2070499139138,0.9965044771003027,1606.2070499139138,0.9981625587262308,1606.188994580705,0.994484530820856,1606.075107084135,0.9976922262452824
1606.2112165289843,1.0042405409501007,1606.2112165289843,0.9981118697489808,1606.190383452705,1.0065610283762796,1606.076495956135,1.0049973448165206
1606.2126054005182,0.9990758840220464,1606.2126054005182,0.9980804734780101,1606.1917723242398,0.9856957171965232,1606.0778848281343,0.9866606082905064
1606.2139942725178,1.006770864652294,1606.2139942725178,0.9980003260047996,1606.193161196241,0.9924072082352958,1606.079273700135,1.0009693764308054
1606.215383144052,0.9979687271097812,1606.215383144052,0.9980684960557571,1606.2042721703797,1.007628062822443,1606.080662572136,0.9924732650139514
1606.216772016053,1.0073187145744424,1606.216772016053,0.9980961086739826,1606.2056610419131,1.0041726544780585,1606.082051444136,1.0008403210576913
1606.2181608875885,1.0092513426412881,1606.2181608875885,0.9981510060326455,1606.2070499139138,0.9946734586445828,1606.0834403161364,1.0046520418408529
1606.219549759123,0.9928110510492959,1606.219549759123,0.9981491749476202,1606.2112165289843,1.002344404005433,1606.0848291881364,0.9918245901659398
1606.220938631123,1.0038139262613386,1606.220938631123,0.998046444281268,1606.2126054005182,0.9971581313651856,1606.0862180601366,0.9952056506545126
1606.222327502657,1.0030594006336784,1606.222327502657,0.9980385080337189,1606.2139942725178,1.0047576511351233,1606.0876069321369,0.9987165820319852
1606.2237163746563,1.0016816565499838,1606.2237163746563,0.9981181727678299,1606.215383144052,0.9960411465771376,1606.0889958041369,0.9959353334039208
1606.2251052461918,1.0080162850072543,1606.2251052461918,0.9981484976240347,1606.216772016053,1.0054008892112292,1606.090384676137,1.002802519998146
1606.226494117727,0.9964051744991198,1606.226494117727,0.9980756326604456,1606.2181608875885,1.0073852429972,1606.091773548137,0.9969429031573646
1606.2278829897275,1.008527771668152,1606.2278829897275,0.997957030291251,1606.219549759123,0.9909735314837343,1606.0931624201378,0.9957775310993549
1606.229271861262,0.998622448118199,1606.229271861262,0.9978683052403206,1606.220938631123,1.001852919825148,1606.0945512921387,1.0066376189005026
1606.2306607327955,1.0071909846111204,1606.2306607327955,0.9977713487062911,1606.222327502657,1.0010919076776326,1606.0959401641387,1.0150173154389237
1606.2320496047955,0.9989715759887046,1606.2320496047955,0.9978373972966949,1606.2237163746563,0.9997966647307228,1606.0973290361385,0.9919905476283646
1606.233438476331,1.011443656585244,1606.233438476331,0.9978300085390411,1606.2251052461918,1.0061499404605516,1606.0987179081387,0.9974655128568104
1606.2348273478658,1.0080108334496354,1606.2348273478658,0.9978480132913174,1606.226494117727,0.9944877249243508,1606.1001067801387,1.002496837497742
1606.2362162198658,0.9925567314863121,1606.2362162198658,0.9977755577847438,1606.2278829897275,1.006467379980202,1606.1014956521396,1.0065555916043738
1606.2376050914006,0.9885305404788838,1606.2376050914006,0.9977931615778182,1606.229271861262,0.9964936898786472,1606.1028845241406,1.005237650134757
1606.238993962935,0.9902100484105982,1606.238993962935,0.9977712150863415,1606.2306607327955,1.004946307120255,1606.10427339614,1.002232542423471
1606.2403828349354,1.0100636859046028,1606.2403828349354,0.9977772370021408,1606.2320496047955,0.9968111973579464,1606.1056622681397,0.9972520515998584
1606.2417717064698,1.005743177762655,1606.2417717064698,0.9976649532041636,1606.233438476331,1.009248832487213,1606.1070511401397,1.0119191709683992
1606.2431605780046,1.0108155139123216,1606.2431605780046,0.9975662433602658,1606.2348273478658,1.0058416075338437,1606.10844001214,0.9996572115313388
1606.244549449539,0.998383945421455,1606.244549449539,0.9976196463885142,1606.2362162198658,0.9903488463917572,1606.109828884141,1.0102369657810937
1606.2459383215394,0.9922936179804172,1606.2459383215394,0.9976474178885076,1606.2376050914006,0.9863490133006548,1606.111217756142,0.9988319095560372
1606.2473271930746,1.0016804136560447,1606.2473271930746,0.9975351924349585,1606.238993962935,0.9880030831933476,1606.112606628142,1.0102889549124427
1606.248716064609,0.9818809123634151,1606.248716064609,0.9975397547901367,1606.2403828349354,1.0078185537180928,1606.1139955001415,1.0114855884089111
1606.2501049361429,0.9972903528477812,1606.2501049361429,0.9974414823392267,1606.2417717064698,1.003394720377986,1606.115384372141,1.005736473957115
1606.2514938081429,0.9936810884544485,1606.2514938081429,0.9974511291566576,1606.2431605780046,1.008355434943791,1606.1167732436763,1.0036319675120258
1606.2528826796777,1.0055625132401909,1606.2528826796777,0.9973990924732041,1606.244549449539,0.9960074385913216,1606.1181621156773,0.997787777511527
1606.254271551212,0.9874090285379169,1606.254271551212,0.997467764662725,1606.2459383215394,0.9899591657654084,1606.1195509876777,0.9952179513509496
1606.2556604227473,0.991912757000506,1606.2556604227473,0.9974394127834686,1606.2473271930746,0.9992114641947114,1606.1209398596775,1.0118731622861463
1606.2570492942823,0.9993480303650698,1606.2570492942823,0.9974336303417702,1606.248716064609,0.9794652445521168,1606.1223287316773,1.0022245911445586
1606.258438166282,0.9868455751503616,1606.258438166282,0.9974962064279655,1606.2501049361429,0.9947387678671014,1606.1237176036768,1.0002422081884037
1606.259827037816,1.0077917349207859,1606.259827037816,0.9975023463183422,1606.2514938081429,0.9911483237005062,1606.1251064756775,1.0036075699980984
1606.2612159093508,1.0045696910087625,1606.2612159093508,0.997571668866179,1606.2528826796777,1.0029471381308406,1606.126495347213,0.9997848397518276
1606.262604780886,1.0010928683280382,1606.262604780886,0.9975990178824331,1606.254271551212,0.9849086765035088,1606.127884219213,0.9952676298542388
1606.2639936524213,1.0010691803375111,1606.2639936524213,0.9976423788955832,1606.2556604227473,0.989372877875016,1606.1292730912137,1.0061604062464704
1606.2653825244213,0.9867758214478776,1606.2653825244213,0.9975611394357116,1606.2570492942823,0.9967833339019292,1606.1306619632137,1.0110382100407118
1606.2667713959552,0.994025566432713,1606.2667713959552,0.9974906499842937,1606.258438166282,0.9843747175427096,1606.132050835214,0.9929075271699278
1606.268160267489,0.9947807895305011,1606.268160267489,0.9974179662949769,1606.259827037816,1.0052746201837166,1606.133439707214,1.0019734802421592
1606.2695491390234,1.0017146589805412,1606.2695491390234,0.9975010899926557,1606.2612159093508,1.002130263151993,1606.1348285787487,0.9936092105440212
1606.270938010559,0.990062530536723,1606.270938010559,0.9975947254578387,1606.262604780886,0.9986892622531588,1606.1362174507487,0.995359443339798
1606.272326882094,1.006852264677683,1606.272326882094,0.9976420258845748,1606.2639936524213,0.998709038510966,1606.1376063227492,0.999261822294489
1606.2737157536287,1.0052131941288207,1606.2737157536287,0.9975126541095208,1606.2653825244213,0.984369212811155,1606.1389951947492,1.005829510716353
1606.2751046256285,0.9909660755088776,1606.2751046256285,0.9975055494287548,1606.2667713959552,0.9915312083619726,1606.1403840662838,1.006811731520786
1606.2764934971622,1.0076693766185039,1606.2764934971622,0.9975326925876763,1606.268160267489,0.9922122320028238,1606.141772938284,0.997114705149588
1606.2778823686974,1.0140505984737258,1606.2778823686974,0.9974645658930332,1606.2695491390234,0.9992114641947114,1606.143161810284,0.9937157712733748
1606.279271240233,0.9969593229870375,1606.279271240233,0.997557401154922,1606.270938010559,0.9876811583368752,1606.1445506822845,0.9930285633044807
1606.280660111767,1.002423134094327,1606.280660111767,0.9974899792230059,1606.272326882094,1.0044781330995158,1606.1459395542845,0.998858074020834
1606.2820489833018,1.0012391127220766,1606.2820489833018,0.9974734642094232,1606.2737157536287,1.002712881221349,1606.1473284258198,1.0094061590742374
1606.2834378548362,0.9943185075803288,1606.2834378548362,0.99737577760225,1606.2751046256285,0.9884941596157398,1606.148717297821,0.9912501952140912
1606.28482672637,0.9914980392405911,1606.28482672637,0.9973918982365584,1606.2764934971622,1.0051831464964014,1606.1501061698202,0.9973766895957992
1606.2862155979044,1.0035194086578654,1606.2862155979044,0.9974443508222861,1606.2778823686974,1.0114795400001655,1606.151495041354,0.997701196918927
1606.2876044694397,0.9957095937780575,1606.2876044694397,0.9975206379991904,1606.279271240233,0.9945241512961196,1606.1528839133546,0.9942483030815488
1606.2889933409745,0.9924426901444312,1606.2889933409745,0.997541046927692,1606.280660111767,0.9999070312004108,1606.1542727853546,0.9999297297231174
1606.2903822125088,1.012476377987941,1606.2903822125088,0.9975641964508153,1606.2820489833018,0.9987094462688588,1606.1556616573555,1.0007336923686887
1606.2917710840436,1.0110174797211628,1606.2917710840436,0.9976117764679742,1606.2834378548362,0.9917091946822392,1606.1570505288907,1.0012160699560315
1606.293159955578,0.9928837657968765,1606.293159955578,0.9976785359647271,1606.28482672637,0.9889121114559988,1606.1584394008903,0.9989245385573824
1606.2945488275784,0.9998034687538236,1606.2945488275784,0.9977660590440269,1606.2862155979044,1.0009547651063089,1606.15982827289,0.9993998483412476
1606.2959376991128,0.9999292542019557,1606.2959376991128,0.9976611389440962,1606.2876044694397,0.9932408692474026,1606.1612171444242,0.9966438807025452
1606.2973265706476,0.9855249890491458,1606.2973265706476,0.9976602061233484,1606.2889933409745,0.9900023201424109,1606.1626060164251,1.0038936121599928
1606.298715442182,0.9957489306879721,1606.298715442182,0.9976059234524877,1606.2903822125088,1.0100101844329723,1606.163994888426,0.9988750639330396
1606.3001043137167,0.9930125760421542,1606.3001043137167,0.9976704607804274,1606.2917710840436,1.0086029439848032,1606.1653837599608,0.990639237971176
1606.301493185252,0.987910390487548,1606.301493185252,0.9977157802812108,1606.293159955578,0.9905788218433728,1606.1667726319608,0.995167933049416
1606.3028820567863,0.999128957481231,1606.3028820567863,0.9976892657622379,1606.2945488275784,0.9975699668370506,1606.1681615039604,0.9913961725397622
1606.3042709278543,1.0058428709078486,1606.3042709278543,0.9977582926775362,1606.2959376991128,0.9975905586106438,1606.1695503754945,1.0042403422882855
1606.3056597993889,0.995219793656721,1606.3056597993889,0.9977865678855774,1606.2973265706476,0.9832190637144814,1606.1709392474952,1.009745753439404
1606.3070486709237,0.9971619223440055,1606.3070486709237,0.9976507102401757,1606.298715442182,0.9933650315258016,1606.1723281190305,0.9972255473368176
1606.308437542459,0.9958742712110704,1606.308437542459,0.9977759175929661,1606.3001043137167,0.9906993143007352,1606.173716991031,0.9958452868692308
1606.3098264139942,1.0022994309674702,1606.3098264139942,0.9978769809219707,1606.301493185252,0.9856537860931996,1606.175105863031,0.9972207901614
1606.311215285528,0.995493365175807,1606.311215285528,0.9978736367476121,1606.3028820567863,0.9968202359912396,1606.1764947345648,0.9978943382408808
1606.312604157062,1.0002767439021139,1606.312604157062,0.9978793501461077,1606.3042709278543,1.0035880655788865,1606.1778836065648,0.9936629666262398
1606.3139930285963,0.9986690367298584,1606.3139930285963,0.9979431555779102,1606.3056597993889,0.9930169422045322,1606.1792724781,0.9995544565423192
1606.3153819001311,0.9948528146273233,1606.3153819001311,0.9979074106628929,1606.3070486709237,0.994819300050956,1606.1806613501003,1.0060704276714292
1606.3167707716664,1.0022389018985607,1606.3167707716664,0.9978053603210515,1606.308437542459,0.9936593647648522,1606.1820502221003,0.9843783194040971
1606.3181596432016,0.9935701199233359,1606.3181596432016,0.997852613208278,1606.3098264139942,1.0001715301536285,1606.1834390936351,0.9810913830291436
1606.319548514736,0.9949224672689551,1606.319548514736,0.997826620014664,1606.311215285528,0.9933765846661012,1606.1848279656351,0.9923908979195784
1606.32093738627,1.0024907953936006,1606.32093738627,0.997841738144519,1606.312604157062,0.998155507171306,1606.1862168371702,0.9806934113256386
1606.3223262578038,0.9923587994006803,1606.3223262578038,0.9978271265049088,1606.3139930285963,0.9966149298921468,1606.1876057091702,0.9983831040352128
1606.3237151288731,0.9984775972632813,1606.3237151288731,0.9978402550654063,1606.3153819001311,0.9927709962354432,1606.188994580705,0.994484530820856
1606.3251040004086,1.0050579387610563,1606.3251040004086,0.9977701989203018,1606.3167707716664,1.0000393486366683,1606.190383452705,1.0065610283762796
1606.326492871943,0.9950148226113603,1606.326492871943,0.997702312423063,1606.3181596432016,0.9914365405711628,1606.1917723242398,0.9856957171965232
1606.3278817434775,0.9985796595100275,1606.3278817434775,0.9977377919970941,1606.319548514736,0.9927601226916316,1606.193161196241,0.9924072082352958
1606.3292706150116,0.9900339354832645,1606.3292706150116,0.9976759140753952,1606.32093738627,1.000327157749432,1606.2042721703797,1.007628062822443
1606.3306594865455,1.0044731854595592,1606.3306594865455,0.9976259022877738,1606.3223262578038,0.990202529267842,1606.2056610419131,1.0041726544780585
1606.3320483580808,0.9879219416851421,1606.3320483580808,0.9976402081912239,1606.3237151288731,0.9963211403302866,1606.2070499139138,0.9946734586445828
1606.3334372291504,0.9867634805712135,1606.3334372291504,0.9976821564655085,1606.3251040004086,1.0028168594840476,1606.2112165289843,1.002344404005433
1606.3348261006847,1.0055110626054657,1606.3348261006847,0.9977437942904254,1606.326492871943,0.992728589414578,1606.2126054005182,0.9971581313651856
1606.3362149722195,0.9993132845799242,1606.3362149722195,0.9978107907497255,1606.3278817434775,0.9963206646127448,1606.2139942725178,1.0047576511351233
1606.337603843754,0.99332792525252,1606.337603843754,0.9978312091023673,1606.3292706150116,0.9877330115489268,1606.215383144052,0.9960411465771376
1606.338992715289,0.9909468483750861,1606.338992715289,0.9978062896876945,1606.3306594865455,1.0020884679679671,1606.216772016053,1.0054008892112292
1606.3403815863574,1.006469276139618,1606.3403815863574,0.9977319824979594,1606.3320483580808,0.9855906515794434,1606.2181608875885,1.0073852429972
1606.3417704578917,1.0116407321712009,1606.3417704578917,0.9978099493972151,1606.3334372291504,0.9844763172176992,1606.219549759123,0.9909735314837343
1606.3431593294265,1.0051318558130748,1606.3431593294265,0.9977665319051348,1606.3348261006847,1.0032424228049748,1606.220938631123,1.001852919825148
1606.3445482009608,0.9978256496388234,1606.3445482009608,0.9977465687070076,1606.3362149722195,0.9971255786933996,1606.222327502657,1.0010919076776326
1606.3459370724956,0.9961879782747105,1606.3459370724956,0.9978582033939051,1606.337603843754,0.991173604689868,1606.2237163746563,0.9997966647307228
1606.3473259435643,1.0038952352030128,1606.3473259435643,0.9978081482570423,1606.338992715289,0.988772998054859,1606.2251052461918,1.0061499404605516
1606.3487148150991,1.0030718513777397,1606.3487148150991,0.9977731355677636,1606.3403815863574,1.004186586206067,1606.226494117727,0.9944877249243508
1606.3501036866337,1.003285569791483,1606.3501036866337,0.9976880048782115,1606.3417704578917,1.0094251877759075,1606.2278829897275,1.006467379980202
1606.3514925581685,0.9966195122152008,1606.3514925581685,0.9976165882334066,1606.3431593294265,1.0028869258819837,1606.229271861262,0.9964936898786472
1606.352881429237,0.9930883772968211,1606.352881429237,0.9976144974064327,1606.3445482009608,0.9955771180949768,1606.2306607327955,1.004946307120255
1606.3542703007722,0.9967599533596176,1606.3542703007722,0.9975903651852422,1606.3459370724956,0.9940543462438092,1606.2320496047955,0.9968111973579464
1606.3556591723077,0.9937856704194455,1606.3556591723077,0.9976056810613366,1606.3473259435643,1.0016948456819863,1606.233438476331,1.009248832487213
1606.3570480433757,1.0097515579522134,1606.3570480433757,0.997582369179042,1606.3487148150991,1.000838146348929,1606.2348273478658,1.0058416075338437
1606.3584369149096,1.0069249487793197,1606.3584369149096,0.9976415536679961,1606.3501036866337,1.0009659784483644,1606.2362162198658,0.9903488463917572
1606.359825786444,1.0050516596160737,1606.359825786444,0.9976379507758619,1606.3514925581685,0.9942441575429706,1606.2376050914006,0.9863490133006548
1606.3612146579787,0.9986801080137241,1606.3612146579787,0.997632674810056,1606.352881429237,0.990719362397138,1606.238993962935,0.9880030831933476
1606.3626035290483,1.0031236877543763,1606.3626035290483,0.9976277446658708,1606.3542703007722,0.994358125874046,1606.2403828349354,1.0078185537180928
1606.3639924005836,1.003570693677613,1606.3639924005836,0.9976443412231334,1606.3556591723077,0.991406230567788,1606.2417717064698,1.003394720377986
1606.3653812721177,1.010310464590705,1606.3653812721177,0.9976896443128097,1606.3570480433757,1.0073103514641977,1606.2431605780046,1.008355434943791
1606.3667701431857,0.994840086588615,1606.3667701431857,0.997681427038474,1606.3584369149096,1.004550170327268,1606.244549449539,0.9960074385913216
1606.36815901472,0.9943176575410264,1606.36815901472,0.9977036072109322,1606.359825786444,1.002677678123259,1606.2459383215394,0.9899591657654084
1606.3695478862548,1.0070993187785506,1606.3695478862548,0.9977048007914913,1606.3612146579787,0.9963159074373272,1606.2473271930746,0.9992114641947114
1606.3709367573244,1.0005518513618061,1606.3709367573244,0.9977190188224423,1606.3626035290483,1.0007440222353097,1606.248716064609,0.9794652445521168
1606.3723256288597,0.9932252079233419,1606.3723256288597,0.9978034407665893,1606.3639924005836,1.0012066235648451,1606.2501049361429,0.9947387678671014
1606.373714500394,1.0050201302343464,1606.373714500394,0.997847022035441,1606.3653812721177,1.00797628806301,1606.2514938081429,0.9911483237005062
1606.3751033714625,0.9880283517358981,1606.3751033714625,0.9979457366568906,1606.3667701431857,0.9925334772628084,1606.2528826796777,1.0029471381308406
1606.3764922429962,1.0075975534929147,1606.3764922429962,0.997907378188987,1606.36815901472,0.9920343136422064,1606.254271551212,0.9849086765035088
1606.3778811140658,0.9962637337277955,1606.3778811140658,0.9979585247939644,1606.3695478862548,1.0047878252192004,1606.2556604227473,0.989372877875016
1606.379269985601,1.0063926176665374,1606.379269985601,0.9979256149979896,1606.3709367573244,0.9982696114216792,1606.2570492942823,0.9967833339019292
1606.3806588571354,1.0023858946835609,1606.3806588571354,0.9980220291430553,1606.3723256288597,0.9910435299220216,1606.258438166282,0.9843747175427096
1606.3820477282045,1.0143230376276913,1606.3820477282045,0.9981223268635928,1606.373714500394,1.0028563440400136,1606.259827037816,1.0052746201837166
1606.3834365997384,1.0016490766856214,1606.3834365997384,0.9981857150785076,1606.3751033714625,0.9859986813109742,1606.2612159093508,1.002130263151993
1606.3848254708066,1.0059036759813162,1606.3848254708066,0.9982808944895231,1606.3764922429962,1.005489032875752,1606.262604780886,0.9986892622531588
1606.386214342342,1.003241401539539,1606.386214342342,0.9981727810536681,1606.3778811140658,0.9942298860167178,1606.2639936524213,0.998709038510966
1606.3876032134117,1.0009574648771793,1606.3876032134117,0.9981780658768594,1606.379269985601,1.004304971914316,1606.2653825244213,0.984369212811155
1606.3889920849458,1.0090799168823537,1606.3889920849458,0.9982018403937379,1606.3806588571354,1.0004032045964644,1606.2667713959552,0.9915312083619726
1606.3903809564806,0.9955060444128783,1606.3903809564806,0.9982394647386703,1606.3820477282045,1.0124184705082988,1606.268160267489,0.9922122320028238
1606.3917698275488,0.9976129650794091,1606.3917698275488,0.998359431899406,1606.3834365997384,0.999831799869164,1606.2695491390234,0.9992114641947114
1606.3931586990832,0.9887654251355669,1606.3931586990832,0.9983481978633539,1606.3848254708066,1.0041744214289277,1606.270938010559,0.9876811583368752
1606.3945475701528,1.0146286200925996,1606.3945475701528,0.9984484459445622,1606.386214342342,1.0014082598429015,1606.272326882094,1.0044781330995158
1606.3959364416871,1.0067817243159893,1606.3959364416871,0.9984713219061809,1606.3876032134117,0.9991337863161072,1606.2737157536287,1.002712881221349
1606.3973253127565,1.0075485657243919,1606.3973253127565,0.9985769813475437,1606.3889920849458,1.0072654301363255,1606.2751046256285,0.9884941596157398
1606.3987141842906,0.9923099910985569,1606.3987141842906,0.9984936102528563,1606.3903809564806,0.9937534209188226,1606.2764934971622,1.0051831464964014
1606.4001030553598,0.9914681177679162,1606.4001030553598,0.9985077427624216,1606.3917698275488,0.9959763130721608,1606.2778823686974,1.0114795400001655
1606.401491926894,1.0014888364838717,1606.401491926894,0.9985175840892476,1606.3931586990832,0.9871321802936862,1606.279271240233,0.9945241512961196
1606.4028807979632,0.9917675268133453,1606.4028807979632,0.9985319923573007,1606.3945475701528,1.0130543689423317,1606.280660111767,0.9999070312004108
1606.4042696694976,1.007267274938314,1606.4042696694976,0.9984387498687265,1606.3959364416871,1.00524267914877,1606.2820489833018,0.9987094462688588
1606.4056585405667,0.994415022024545,1606.4056585405667,0.9984791179579595,1606.3973253127565,1.0061148053221105,1606.2834378548362,0.9917091946822392
1606.407047412101,1.0003740824152332,1606.407047412101,0.9984003200531989,1606.3987141842906,0.9908151855019778,1606.28482672637,0.9889121114559988
1606.4084362831709,0.9905198653312517,1606.4084362831709,0.9984104774649791,1606.4001030553598,0.9899885922933488,1606.2862155979044,1.0009547651063089
1606.4098251547057,1.002344499289012,1606.4098251547057,0.9985306639836811,1606.401491926894,1.000004213498227,1606.2876044694397,0.9932408692474026
1606.4112140257737,1.010892657933895,1606.4112140257737,0.9986205444423724,1606.4028807979632,0.9903116045042024,1606.2889933409745,0.9900023201424109
1606.4126028968424,1.0098187726681633,1606.4126028968424,0.9986493489772021,1606.4042696694976,1.0056946787730892,1606.2903822125088,1.0100101844329723
1606.4139917683767,1.0104330111257698,1606.4139917683767,0.9987548717009215,1606.4056585405667,0.9929026340752126,1606.2917710840436,1.0086029439848032
1606.415380639446,1.0027690733249015,1606.415380639446,0.9988569682277721,1606.407047412101,0.998773804056294,1606.293159955578,0.9905788218433728
1606.416769510981,0.9978577112739779,1606.416769510981,0.9987995001691384,1606.4084362831709,0.9889454116839218,1606.2945488275784,0.9975699668370506
1606.4181583820507,1.0032803731836588,1606.4181583820507,0.9987684367172821,1606.4098251547057,1.0008717184154474,1606.2959376991128,0.9975905586106438
1606.4195472535846,1.0017109187375746,1606.4195472535846,0.9987647375291284,1606.4112140257737,1.0094981764387432,1606.2973265706476,0.9832190637144814
1606.4209361246528,0.993477759960816,1606.4209361246528,0.998752226389205,1606.4126028968424,1.0084548599100187,1606.298715442182,0.9933650315258016
1606.4223249957215,1.0098893389278283,1606.4223249957215,0.9986966599427066,1606.4139917683767,1.009174892389294,1606.3001043137167,0.9906993143007352
1606.4237138672568,0.9918810747726058,1606.4237138672568,0.9988124032593259,1606.415380639446,1.0016228764138837,1606.301493185252,0.9856537860931996
1606.4251027383264,1.0042980080977906,1606.4251027383264,0.9989186165792111,1606.416769510981,0.9966597832603696,1606.3028820567863,0.9968202359912396
1606.4264916093955,1.003952014772217,1606.4264916093955,0.9989173746140128,1606.4181583820507,1.0020447699137742,1606.3042709278543,1.0035880655788865
1606.4278804809294,0.9956115303377456,1606.4278804809294,0.998973083792024,1606.4195472535846,1.0004735428329958,1606.3056597993889,0.9930169422045322
1606.4292693519974,1.00289362228754,1606.4292693519974,0.9990159689935275,1606.4209361246528,0.9922381246290252,1606.3070486709237,0.994819300050956
1606.430658223532,1.0049926508579565,1606.430658223532,0.9989607892760021,1606.4223249957215,1.00857310969897,1606.308437542459,0.9936593647648522
1606.4320470946016,0.986833091442797,1606.4320470946016,0.9990586635051154,1606.4237138672568,0.9907031200410694,1606.3098264139942,1.0001715301536285
1606.4334359656712,1.0041137896910968,1606.4334359656712,0.9991428289999665,1606.4251027383264,1.0032119768823022,1606.311215285528,0.9933765846661012
1606.4348248372055,1.005439361577879,1606.4348248372055,0.9992632401257694,1606.4264916093955,1.0028651108347115,1606.312604157062,0.998155507171306
1606.4362137082746,0.9926370228344487,1606.4362137082746,0.9992470608415839,1606.4278804809294,0.994589120720394,1606.3139930285963,0.9966149298921468
1606.4376025793429,0.9913770769682402,1606.4376025793429,0.9992815184195251,1606.4292693519974,1.0019067438670155,1606.3153819001311,0.9927709962354432
1606.4389914508772,1.010613148615407,1606.4389914508772,0.9993328941986118,1606.430658223532,1.003948251717646,1606.3167707716664,1.0000393486366683
1606.4403803219468,0.9902322276007951,1606.4403803219468,0.9993771140527047,1606.4320470946016,0.985904149439462,1606.3181596432016,0.9914365405711628
1606.441769193016,0.9925382499640711,1606.441769193016,0.9994409907136043,1606.4334359656712,1.00325309246984,1606.319548514736,0.9927601226916316
1606.4431580640846,0.995533352314529,1606.4431580640846,0.9994127197337435,1606.4348248372055,1.0046985942002964,1606.32093738627,1.000327157749432
1606.4445469356194,0.9876776488497545,1606.4445469356194,0.9994215792740817,1606.4362137082746,0.991889627549863,1606.3223262578038,0.990202529267842
1606.4459358066877,1.0004020595182008,1606.4459358066877,0.9995669890588087,1606.4376025793429,0.9906647907991334,1606.3237151288731,0.9963211403302866
1606.4473246777563,0.9961354777237623,1606.4473246777563,0.9994659448469219,1606.4389914508772,1.0099389627210065,1606.3251040004086,1.0028168594840476
1606.448713548826,0.99979663641102,1606.448713548826,0.9994640574975461,1606.4403803219468,0.9896154258616636,1606.326492871943,0.992728589414578
1606.4501024203605,0.9852952029362113,1606.4501024203605,0.9994874144736072,1606.441769193016,0.9919834118652382,1606.3278817434775,0.9963206646127448
1606.4514912914294,0.9873993490823081,1606.4514912914294,0.9993843236088992,1606.4431580640846,0.9949486952223144,1606.3292706150116,0.9877330115489268
1606.452880162498,1.0026682107294749,1606.452880162498,0.9993818782843296,1606.4445469356194,0.9871063556271336,1606.3306594865455,1.0020884679679671
1606.4542690335672,0.9819885693586756,1606.4542690335672,0.9993822139587516,1606.4459358066877,0.9999688744808392,1606.3320483580808,0.9855906515794434
1606.4556579051016,0.9997504267797841,1606.4556579051016,0.9994957068970709,1606.4473246777563,0.99560348643872,1606.3334372291504,0.9844763172176992
1606.4570467761707,1.0078509282023245,1606.4570467761707,0.9995198710667738,1606.448713548826,0.9992608028997568,1606.3348261006847,1.0032424228049748
1606.4584356472394,1.0000834851240747,1606.4584356472394,0.999564112527251,1606.4501024203605,0.984790154875962,1606.3362149722195,0.9971255786933996
1606.4598245183086,1.0132184242215607,1606.4598245183086,0.9995581891494822,1606.4514912914294,0.9867914306144898,1606.337603843754,0.991173604689868
1606.4612133893772,1.0099878468567922,1606.4612133893772,0.9995186709247807,1606.452880162498,1.0020484397348106,1606.338992715289,0.988772998054859
1606.4626022609125,1.007754774216068,1606.4626022609125,0.9995674267124094,1606.4542690335672,0.9813819105278604,1606.3403815863574,1.004186586206067
1606.4639911319816,0.9944041228415795,1606.4639911319816,0.9995869522326691,1606.4556579051016,0.9992462595349086,1606.3417704578917,1.0094251877759075
1606.46538000305,0.9947522307768578,1606.46538000305,0.9997389493489873,1606.4570467761707,1.0073670298113155,1606.3431593294265,1.0028869258819837
1606.4667688741183,1.0090322105834768,1606.4667688741183,0.9996515584771414,1606.4584356472394,0.999647561261206,1606.3445482009608,0.9955771180949768
1606.4681577451872,0.9990660662852705,1606.4681577451872,0.9995198566374965,1606.4598245183086,1.012770773327795,1606.3459370724956,0.9940543462438092
1606.4695466167225,1.0035736554253145,1606.4695466167225,0.9995544882837794,1606.4612133893772,1.009501710340482,1606.3473259435643,1.0016948456819863
1606.470935487792,1.0073152326262884,1606.470935487792,0.9995086561051397,1606.4626022609125,1.0073188464203002,1606.3487148150991,1.000838146348929
1606.4723243588603,0.9959619127777382,1606.4723243588603,0.9996163745903265,1606.4639911319816,0.9939933864388152,1606.3501036866337,1.0009659784483644
1606.4737132299283,0.9970779917770348,1606.4737132299283,0.9996017632831573,1606.46538000305,0.9944925500594172,1606.3514925581685,0.9942441575429706
1606.4751021009977,0.9876825266250416,1606.4751021009977,0.9995676064758879,1606.4667688741183,1.0086806218634077,1606.352881429237,0.990719362397138
1606.4764909720664,0.9967270437650003,1606.4764909720664,0.9995875818052739,1606.4681577451872,0.9985863713448412,1606.3542703007722,0.994358125874046
1606.477879843136,0.9946517707487759,1606.477879843136,0.99956662291535,1606.4695466167225,1.0031265516037322,1606.3556591723077,0.991406230567788
1606.4792687142055,1.0024596764856422,1606.4792687142055,0.9996312615315879,1606.470935487792,1.0068202944365376,1606.3570480433757,1.0073103514641977
1606.480657585275,0.9986583394504669,1606.480657585275,0.9996839725517856,1606.4723243588603,0.9955798364809296,1606.3584369149096,1.004550170327268
1606.4820464568086,1.0014134368653873,1606.4820464568086,0.9998058298028584,1606.4737132299283,0.9966809187111534,1606.359825786444,1.002677678123259
1606.4834353278766,1.004259907133656,1606.4834353278766,0.9996903432893093,1606.4751021009977,0.9872554590966504,1606.3612146579787,0.9963159074373272
1606.484824198946,1.007652759671238,1606.484824198946,0.9995778437222841,1606.4764909720664,0.996315975396976,1606.3626035290483,1.0007440222353097
1606.4862130700155,1.0052122088041904,1606.4862130700155,0.9995494894770677,1606.477879843136,0.9942207114641268,1606.3639924005836,1.0012066235648451
1606.487601941085,0.9898008561218853,1606.487601941085,0.9995027967976449,1606.4792687142055,1.00209003103989,1606.3653812721177,1.00797628806301
1606.4889908121534,0.9915796954753473,1606.4889908121534,0.999463873393858,1606.480657585275,0.9983427360038124,1606.3667701431857,0.9925334772628084
1606.4903796832216,0.9959485808658988,1606.4903796832216,0.9994801138283799,1606.4820464568086,1.001218992220931,1606.36815901472,0.9920343136422064
1606.4917685542898,1.0060331229414494,1606.4917685542898,0.999450999007279,1606.4834353278766,1.0039489313141343,1606.3695478862548,1.0047878252192004
1606.4931574253594,1.0105631915553122,1606.4931574253594,0.9995390541662384,1606.484824198946,1.007227372732985,1606.3709367573244,0.9982696114216792
1606.494546296429,1.0107295028373229,1606.494546296429,0.9995403936665443,1606.4862130700155,1.004759350126344,1606.3723256288597,0.9910435299220216
1606.495935167498,0.998106722349349,1606.495935167498,0.9995337874087347,1606.487601941085,0.9893087239665276,1606.373714500394,1.0028563440400136
1606.4973240385668,1.0016193933084223,1606.4973240385668,0.9995906116032058,1606.4889908121534,0.9910480832184928,1606.3751033714625,0.9859986813109742
1606.498712909636,1.005944787028472,1606.498712909636,0.9995859877390183,1606.4903796832216,0.9954308009710618,1606.3764922429962,1.005489032875752
1606.5001017807049,1.0050752380305081,1606.5001017807049,0.9995389118304554,1606.4917685542898,1.0054808097582444,1606.3778811140658,0.9942298860167178
1606.5014906517738,0.9882838636936089,1606.5014906517738,0.9995388889234442,1606.4931574253594,1.010097376662412,1606.379269985601,1.004304971914316
1606.5028795228425,0.9984599249829927,1606.5028795228425,0.9995067782415131,1606.494546296429,1.0102649651564084,1606.3806588571354,1.0004032045964644
1606.5042683939112,0.9992261212097359,1606.5042683939112,0.9995077493886357,1606.495935167498,0.9976413924279632,1606.3820477282045,1.0124184705082988
1606.5056572649803,1.0020687012708904,1606.5056572649803,0.9994415659241463,1606.4973240385668,1.001209341950798,1606.3834365997384,0.999831799869164
1606.507046136049,1.0033653293260008,1606.507046136049,0.9994325083823928,1606.498712909636,1.0055283135527715,1606.3848254708066,1.0041744214289277
1606.508435007118,1.0056850026934274,1606.508435007118,0.9993510983097423,1606.5001017807049,1.00461180972875,1606.386214342342,1.0014082598429015
1606.5098238781868,1.002451749407124,1606.5098238781868,0.9993938218605711,1606.5014906517738,0.9878281550572784,1606.3876032134117,0.9991337863161072
1606.511212749256,0.9910443013476914,1606.511212749256,0.9993110151984884,1606.5028795228425,0.997967462823014,1606.3889920849458,1.0072654301363255
1606.5126016203246,1.0036389717897678,1606.5126016203246,0.9992246789584659,1606.5042683939112,0.9987342515406792,1606.3903809564806,0.9937534209188226
1606.5139904913938,1.0023283649057735,1606.5139904913938,0.99927106366782,1606.5056572649803,1.0015091119617543,1606.3917698275488,0.9959763130721608
1606.5153793624625,1.0041685604055626,1606.5153793624625,0.999263549533335,1606.507046136049,1.0027959279122105,1606.3931586990832,0.9871321802936862
1606.5167682335316,1.0062894998106326,1606.5167682335316,0.9993608118661419,1606.508435007118,1.005032411995313,1606.3945475701528,1.0130543689423317
1606.5181571046005,0.9895128620069357,1606.5181571046005,0.9993441197921525,1606.5098238781868,1.001844085070801,1606.3959364416871,1.00524267914877
1606.5195459752038,1.0060618977743825,1606.5195459752038,0.9994784798939547,1606.511212749256,0.9903614868864382,1606.3973253127565,1.0061148053221105
1606.5209348462724,1.002562666512612,1606.5209348462724,0.999444721435467,1606.5126016203246,1.0028608293768355,1606.3987141842906,0.9908151855019778
1606.5223237173411,1.0030582295146682,1606.5223237173411,0.999443639484017,1606.5139904913938,1.0015977313438191,1606.4001030553598,0.9899885922933488
1606.5237125884107,0.9952239155225239,1606.5237125884107,0.9994183580176077,1606.5153793624625,1.0034290400006416,1606.401491926894,1.000004213498227
1606.5251014594803,1.0057574839630732,1606.5251014594803,0.9994640194902564,1606.5167682335316,1.0056462915031277,1606.4028807979632,0.9903116045042024
1606.5264903305483,0.991697433500086,1606.5264903305483,0.9994644530935536,1606.5181571046005,0.9888638601053348,1606.4042696694976,1.0056946787730892
1606.5278792016168,1.0094708384282287,1606.5278792016168,0.9995180594865021,1606.5195459752038,1.005537216266767,1606.4056585405667,0.9929026340752126
1606.529268072686,0.9953401994322826,1606.529268072686,0.999652409050238,1606.5209348462724,1.0020059649542965,1606.407047412101,0.998773804056294
1606.530656943289,0.9997822195533238,1606.530656943289,0.9995314898401627,1606.5223237173411,1.0025001675205345,1606.4084362831709,0.9889454116839218
1606.5320458143583,0.9853789477397734,1606.5320458143583,0.9996357894872142,1606.5237125884107,0.9946450515113752,1606.4098251547057,1.0008717184154474
1606.533434685428,1.0003774242814,1606.533434685428,0.9995743490996235,1606.5251014594803,1.0052184175541403,1606.4112140257737,1.0094981764387432
1606.5348235564963,1.0116593919855799,1606.5348235564963,0.9996079280553314,1606.5264903305483,0.9911663330074442,1606.4126028968424,1.0084548599100187
1606.5362124275646,1.0014267068230092,1606.5362124275646,0.9996111161202548,1606.5278792016168,1.0089843335339954,1606.4139917683767,1.009174892389294
1606.5376012986335,1.0063280738704754,1606.5376012986335,0.9994732369642267,1606.529268072686,0.9949942281870257,1606.415380639446,1.0016228764138837
1606.5389901692372,1.0076830459718802,1606.5389901692372,0.9994491341227368,1606.530656943289,0.9993138114258384,1606.416769510981,0.9966597832603696
1606.5403790403068,1.0055922093442844,1606.5403790403068,0.9994499387542518,1606.5320458143583,0.9850200623679288,1606.4181583820507,1.0020447699137742
1606.541767911376,0.9992483828903913,1606.541767911376,0.9994318214346358,1606.533434685428,0.9999516127300384,1606.4195472535846,1.0004735428329958
1606.5431567824446,1.002738185652177,1606.5431567824446,0.9993892644702583,1606.5348235564963,1.0112627487204218,1606.4209361246528,0.9922381246290252
1606.5445456530472,0.9851921012359826,1606.5445456530472,0.9992949795202589,1606.5362124275646,1.0010372681199793,1606.4223249957215,1.00857310969897
1606.5459345241154,0.9967488481866476,1606.5459345241154,0.9993379215059156,1606.5376012986335,1.0057979774392996,1606.4237138672568,0.9907031200410694
1606.547323395185,0.9904357550318184,1606.547323395185,0.9994361949467642,1606.5389901692372,1.0071279477667576,1606.4251027383264,1.0032119768823022
1606.5487122662546,1.0110568567936569,1606.5487122662546,0.9993819192502457,1606.5403790403068,1.0050390720408977,1606.4264916093955,1.0028651108347115
1606.550101136858,1.0054875507075616,1606.550101136858,0.9994715782625008,1606.541767911376,0.9986806313777582,1606.4278804809294,0.994589120720394
1606.5514900079268,0.9908961998325265,1606.5514900079268,0.9994763544879876,1606.5431567824446,1.0021257778151706,1606.4292693519974,1.0019067438670155
1606.552878878995,0.9980424688868182,1606.552878878995,0.9994358713987117,1606.5445456530472,0.984497520628132,1606.430658223532,1.003948251717646
1606.554267750064,1.0032454783434772,1606.554267750064,0.999477728773228,1606.5459345241154,0.9960889222102598,1606.4320470946016,0.985904149439462
1606.555656620668,0.9966548486693558,1606.555656620668,0.9994544032828357,1606.547323395185,0.989877342348226,1606.4334359656712,1.00325309246984
1606.5570454917367,1.0046574716288874,1606.5570454917367,0.9994591884061895,1606.5487122662546,1.0104319420135657,1606.4348248372055,1.0046985942002964
1606.5584343628054,1.009650383158939,1606.5584343628054,0.9995060339917055,1606.550101136858,1.0049562292289829,1606.4362137082746,0.991889627549863
1606.5598232338746,1.0056242442462042,1606.5598232338746,0.9993999216364436,1606.5514900079268,0.990377321484614,1606.4376025793429,0.9906647907991334
1606.5612121044776,0.999337566912596,1606.5612121044776,0.9993160391641844,1606.552878878995,0.9974794445848189,1606.4389914508772,1.0099389627210065
1606.5626009755467,0.9983567144366239,1606.5626009755467,0.999315085758708,1606.554267750064,1.0027215120967494,1606.4403803219468,0.9896154258616636
1606.5639898466154,1.0040677468654482,1606.5639898466154,0.9994297375567636,1606.555656620668,0.996111077055776,1606.441769193016,0.9919834118652382
1606.565378717219,1.0023881834066002,1606.565378717219,0.9994158413563984,1606.5570454917367,1.0041141412204222,1606.4431580640846,0.9949486952223144
1606.5667675882876,1.000122834943494,1606.5667675882876,0.9995388506102776,1606.5584343628054,1.009151650189397,1606.4445469356194,0.9871063556271336
1606.5681564593567,0.9979464219131068,1606.5681564593567,0.9995983225339742,1606.5598232338746,1.0050207908953643,1606.4459358066877,0.9999688744808392
1606.5695453299606,0.9935554825814489,1606.5695453299606,0.9996493509566211,1606.5612121044776,0.9986540591550686,1606.4473246777563,0.99560348643872
1606.570934201029,1.0089990252238872,1606.570934201029,0.9997000624238603,1606.5626009755467,0.9976729257050168,1606.448713548826,0.9992608028997568
1606.572323071632,0.9909876968435444,1606.572323071632,0.9996222440502925,1606.5639898466154,1.0034951647389458,1606.4501024203605,0.984790154875962
1606.573711942701,0.9874893884847614,1606.573711942701,0.999698690818475,1606.565378717219,1.001802629685019,1606.4514912914294,0.9867914306144898
1606.5751008137695,0.9992072649774468,1606.5751008137695,0.9997626863774757,1606.5667675882876,0.9996616289085124,1606.452880162498,1.0020484397348106
1606.5764896843727,0.988947965584243,1606.5764896843727,0.9998825878837465,1606.5681564593567,0.9975455693231232,1606.4542690335672,0.9813819105278604
1606.5778785554423,0.9923688946136056,1606.5778785554423,0.999901712239435,1606.5695453299606,0.9932070933019378,1606.4556579051016,0.9992462595349086
1606.5792674265117,0.996458911484076,1606.5792674265117,0.9999015005261183,1606.570934201029,1.0086963885019342,1606.4570467761707,1.0073670298113155
1606.580656297114,1.0041951288089375,1606.580656297114,0.9999383676285408,1606.572323071632,0.9906133453449748,1606.4584356472394,0.999647561261206
1606.5820451681827,1.006042532937652,1606.5820451681827,0.9999447739900076,1606.573711942701,0.9871918488653524,1606.4598245183086,1.012770773327795
1606.5834340387862,0.9972941647098568,1606.5834340387862,0.999873887322167,1606.5751008137695,0.9989701394817424,1606.4612133893772,1.009501710340482
1606.5848229098558,0.9906753344242802,1606.5848229098558,0.9998717093093357,1606.5764896843727,0.9888318511107392,1606.4626022609125,1.0073188464203002
1606.5862117804595,0.9994433056888506,1606.5862117804595,0.9998038640530242,1606.5778785554423,0.9922713568972996,1606.4639911319816,0.9939933864388152
1606.5876006515284,1.0022951024134161,1606.5876006515284,0.9997934996956536,1606.5792674265117,0.99636076080555,1606.46538000305,0.9944925500594172
1606.5889895225966,0.9950938236956157,1606.5889895225966,0.9996797312888441,1606.580656297114,1.0041332378817411,1606.4667688741183,1.0086806218634077
1606.5903783931992,1.0157627550448778,1606.5903783931992,0.9997711943897941,1606.5820451681827,1.0059869732226752,1606.4681577451872,0.9985863713448412
1606.591767264268,0.9982578542953419,1606.591767264268,0.9998846074717392,1606.5834340387862,0.997168393272158,1606.4695466167225,1.0031265516037322
1606.5931561348718,0.9898205462459378,1606.5931561348718,0.9997781458565331,1606.5848229098558,0.9905482400014028,1606.470935487792,1.0068202944365376
1606.5945450059414,1.012050401513054,1606.5945450059414,0.9997298532468512,1606.5862117804595,0.9992472789296408,1606.4723243588603,0.9955798364809296
1606.595933876545,0.9903965898726905,1606.595933876545,0.9997663174388245,1606.5876006515284,1.002088128169723,1606.4737132299283,0.9966809187111534
1606.5973227476131,1.0112289393107508,1606.5973227476131,0.9996439137559193,1606.5889895225966,0.9947751262792216,1606.4751021009977,0.9872554590966504
1606.5987116182157,1.0004129083944633,1606.5987116182157,0.9996075056450998,1606.5903783931992,1.0155303428278852,1606.4764909720664,0.996315975396976
1606.6001004892853,0.9969075101071753,1606.6001004892853,0.9997025582898572,1606.591767264268,0.9981426627976786,1606.477879843136,0.9942207114641268
1606.6014893598892,1.0035883556759113,1606.6014893598892,0.9997714380882277,1606.5931561348718,0.9896009504564646,1606.4792687142055,1.00209003103989
1606.602878230958,0.9864741838554417,1606.602878230958,0.9997930613187249,1606.5945450059414,1.0117769993830623,1606.480657585275,0.9983427360038124
1606.6042671015614,0.9978167752708774,1606.6042671015614,0.9999118888586976,1606.595933876545,0.9901651514609896,1606.4820464568086,1.001218992220931
1606.60565597263,1.0000410173967866,1606.60565597263,0.9999578290189272,1606.5973227476131,1.010868854595846,1606.4834353278766,1.0039489313141343
1606.6070448432326,1.0078771213835975,1606.6070448432326,0.9999670409062879,1606.5987116182157,1.0000202519753492,1606.484824198946,1.007227372732985
1606.608433713836,0.9924582588019321,1606.608433713836,0.9998978207239304,1606.6001004892853,0.9966109882325148,1606.4862130700155,1.004759350126344
1606.6098225849055,0.9897209848615994,1606.6098225849055,0.9997891791824252,1606.6014893598892,1.0033589736027055,1606.487601941085,0.9893087239665276
1606.6112114555087,1.000039171376619,1606.6112114555087,0.999748124788865,1606.602878230958,0.9862700441887228,1606.4889908121534,0.9910480832184928
1606.6126003265774,0.9910961783016315,1606.6126003265774,0.9997092829443922,1606.6042671015614,0.9977288564959976,1606.4903796832216,0.9954308009710618
1606.613989197181,0.996885111539721,1606.613989197181,0.9998420714800982,1606.60565597263,0.99999884468597,1606.4917685542898,1.0054808097582444
1606.6153780682496,1.0032532847401223,1606.6153780682496,0.9998879030730845,1606.6070448432326,1.0078439026671036,1606.4931574253594,1.010097376662412
1606.616766938853,1.0029705018472586,1606.616766938853,0.9999925609391505,1606.608433713836,0.9923568501355184,1606.494546296429,1.0102649651564084
1606.618155809456,1.0015724297010649,1606.618155809456,0.9999475702868905,1606.6098225849055,0.9895123310744,1606.495935167498,0.9976413924279632
1606.6195446805252,0.9924056017722896,1606.6195446805252,0.9999039666885751,1606.6112114555087,0.9997872862991852,1606.4973240385668,1.001209341950798
1606.6209335511282,1.0040624785729633,1606.6209335511282,0.9998144895491627,1606.6126003265774,0.9908080497388516,1606.498712909636,1.0055283135527715
1606.6223224221974,1.0047157359186787,1606.6223224221974,0.9998283797996015,1606.613989197181,0.9967276749495434,1606.5001017807049,1.00461180972875
1606.6237112928004,0.989158859991119,1606.6237112928004,0.9998024189964181,1606.6153780682496,1.003140823129985,1606.5014906517738,0.9878281550572784
1606.625100163404,0.9981100151888495,1606.625100163404,0.9998198652947529,1606.616766938853,1.002963040688665,1606.5028795228425,0.997967462823014
1606.6264890344726,0.9906433431211883,1606.6264890344726,0.9997071122377986,1606.618155809456,1.0015199175459173,1606.5042683939112,0.9987342515406792
1606.627877905076,1.0014216267145748,1606.627877905076,0.9997359655440125,1606.6195446805252,0.9923102977760748,1606.5056572649803,1.0015091119617543
1606.629266775679,0.9945733071006133,1606.629266775679,0.9997963541445962,1606.6209335511282,1.0038762144898945,1606.507046136049,1.0027959279122105
1606.630655646749,0.9976087429099455,1606.630655646749,0.9998667131306656,1606.6223224221974,1.0045433064027367,1606.508435007118,1.005032411995313
1606.6320445173526,1.0000221935062215,1606.6320445173526,0.9997803206297555,1606.6237112928004,0.98896342099086,1606.5098238781868,1.001844085070801
1606.6334333879552,0.995502338712915,1606.6334333879552,0.9997260013850198,1606.625100163404,0.9979302209354592,1606.511212749256,0.9903614868864382
1606.6348222590234,1.0093117233174351,1606.6348222590234,0.9997109803036379,1606.6264890344726,0.9903531958092818,1606.5126016203246,1.0028608293768355
1606.6362111296264,0.9937697716278618,1606.6362111296264,0.9996490039030791,1606.627877905076,1.001157216900151,1606.5139904913938,1.0015977313438191
1606.63760000023,0.9908559954881115,1606.63760000023,0.9997830254173716,1606.629266775679,0.994370766368727,1606.5153793624625,1.0034290400006416
1606.6389888712995,1.0076496781152569,1606.6389888712995,0.9997230045240281,1606.630655646749,0.9974757747637824,1606.5167682335316,1.0056462915031277
1606.6403777419034,1.0060057345908975,1606.6403777419034,0.9997759866639978,1606.6320445173526,0.9998025092605216,1606.5181571046005,0.9888638601053348
1606.641766612506,1.005291945787693,1606.641766612506,0.9998122735996269,1606.6334333879552,0.9952295724508982,1606.5195459752038,1.005537216266767
1606.6431554831086,0.9941941811542021,1606.6431554831086,0.9996968650577954,1606.6348222590234,1.0090200123496271,1606.5209348462724,1.0020059649542965
1606.6445443541772,1.0120471318640478,1606.6445443541772,0.9997655168784806,1606.6362111296264,0.9934209623167825,1606.5223237173411,1.0025001675205345
1606.6459332247812,1.0031032110784164,1606.6459332247812,0.9997346558402678,1606.63760000023,0.9906410049220457,1606.5237125884107,0.9946450515113752
1606.647322095385,1.0054228139130503,1606.647322095385,0.9996523271961232,1606.6389888712995,1.0073705637130543,1606.5251014594803,1.0052184175541403
1606.648710965988,1.0027561686734963,1606.648710965988,0.9996517181324264,1606.6403777419034,1.0057803758902544,1606.5264903305483,0.9911663330074442
1606.6500998370573,0.9972615037832537,1606.6500998370573,0.9996949033540015,1606.641766612506,1.0051032259493862,1606.5278792016168,1.0089843335339954
1606.6514887076598,0.9860576349505852,1606.6514887076598,0.9996477139095106,1606.6431554831086,0.9938928061585578,1606.529268072686,0.9949942281870257
1606.6528775782624,1.0120201655913916,1606.6528775782624,0.9997117079608123,1606.6445443541772,1.0118098238934436,1606.530656943289,0.9993138114258384
1606.6542664488663,1.0067656850270739,1606.6542664488663,0.9995823293327251,1606.6459332247812,1.002837043499748,1606.5320458143583,0.9850200623679288
1606.655655319936,0.9930424605370334,1606.655655319936,0.9995846294702505,1606.647322095385,1.0050732557442554,1606.533434685428,0.9999516127300384
1606.657044190539,1.0190043060384786,1606.657044190539,0.9996282557763765,1606.648710965988,1.0024069268823497,1606.5348235564963,1.0112627487204218
1606.6584330611424,0.9905222737945191,1606.6584330611424,0.999630266843906,1606.6500998370573,0.996957242643266,1606.5362124275646,1.0010372681199793
1606.659821931745,0.9956521504291613,1606.659821931745,0.9996313421861067,1606.6514887076598,0.9857102605613712,1606.5376012986335,1.0057979774392996
1606.661210802348,1.001596984952359,1606.661210802348,0.9996278345042277,1606.6528775782624,1.0117284082341542,1606.5389901692372,1.0071279477667576
1606.662599672952,0.992092959802048,1606.662599672952,0.9995956399186748,1606.6542664488663,1.006345188531619,1606.5403790403068,1.0050390720408977
1606.663988544021,1.0037895532010523,1606.663988544021,0.9995078789681334,1606.655655319936,0.9926299799641364,1606.541767911376,0.9986806313777582
1606.665377414624,1.0101997551819615,1606.665377414624,0.9993850221848469,1606.657044190539,1.0186254970738613,1606.5431567824446,1.0021257778151706
1606.6667662852271,1.0003116504274445,1606.6667662852271,0.9993967867918142,1606.6584330611424,0.9901560448680476,1606.5445456530472,0.984497520628132
1606.6681551558297,0.9905367572610373,1606.6681551558297,0.99939932651528,1606.659821931745,0.995285095483986,1606.5459345241154,0.9960889222102598
1606.6695440264332,0.9896591416600413,1606.6695440264332,0.9993327180804029,1606.661210802348,1.00122422511389,1606.547323395185,0.989877342348226
1606.6709328970371,1.0077533485510612,1606.6709328970371,0.9994678879253348,1606.662599672952,0.9916917970121404,1606.5487122662546,1.0104319420135657
1606.67232176764,1.0041207764818831,1606.67232176764,0.99949268976862,1606.663988544021,1.003295567250354,1606.550101136858,1.0049562292289829
1606.6737106387093,1.000552862538555,1606.6737106387093,0.9994888075067576,1606.665377414624,1.0095785047436514,1606.5514900079268,0.990377321484614
1606.6750995093123,1.0025906649731533,1606.6750995093123,0.9994660898282179,1606.6667662852271,0.9997082492276046,1606.552878878995,0.9974794445848189
1606.6764883799158,1.0044323787474543,1606.6764883799158,0.999398657527265,1606.6681551558297,0.98994176809531,1606.554267750064,1.0027215120967494
1606.6778772505188,0.9988877091377684,1606.6778772505188,0.9995232717701986,1606.6695440264332,0.9889987600082476,1606.555656620668,0.996111077055776
1606.6792661211225,0.9997152396358437,1606.6792661211225,0.9995128038983387,1606.6709328970371,1.0072171108260128,1606.5570454917367,1.0041141412204222
1606.6820438623288,1.0050287057749492,1606.6820438623288,0.9995805917782278,1606.67232176764,1.0036113757384326,1606.5584343628054,1.009151650189397
1606.6834327329318,0.9967224372276928,1606.6834327329318,0.9996159293112823,1606.6737106387093,1.000041387426133,1606.5598232338746,1.0050207908953643
1606.6848216035355,0.9866492308572793,1606.6848216035355,0.9995594769362786,1606.6750995093123,1.0020553716189904,1606.5612121044776,0.9986540591550686
1606.6862104741388,0.9952342979565957,1606.6862104741388,0.9995664898792772,1606.6764883799158,1.0038283708971232,1606.5626009755467,0.9976729257050168
1606.687599344741,0.9920978679206158,1606.687599344741,0.9995885026765621,1606.6778772505188,0.9984115111684208,1606.5639898466154,1.0034951647389458
1606.6889882153448,1.0063469787518802,1606.6889882153448,0.9995702093973241,1606.6792661211225,0.9992281822683218,1606.565378717219,1.001802629685019
1606.6903770859478,1.006556971239488,1606.6903770859478,0.999471794652396,1606.6820438623288,1.00460718847263,1606.5667675882876,0.9996616289085124
1606.6917659565513,1.0148478073904,1606.6917659565513,0.9995299196126746,1606.6834327329318,0.9963396253547664,1606.5681564593567,0.9975455693231232
1606.6945436977592,1.0014102265962999,1606.6945436977592,0.9995645211338023,1606.6848216035355,0.9862145891152836,1606.5695453299606,0.9932070933019378
1606.6959325683615,0.9966819522535713,1606.6959325683615,0.999633077515678,1606.6862104741388,0.994802853815941,1606.570934201029,1.0086963885019342
1606.6973214389643,0.9912224283186148,1606.6973214389643,0.9996356355905426,1606.687599344741,0.991689622303378,1606.572323071632,0.9906133453449748
1606.698710309567,1.0049556284989474,1606.698710309567,0.9997524157544,1606.6889882153448,1.0059144602773813,1606.573711942701,0.9871918488653524
1606.7000991801713,1.006365063543634,1606.7000991801713,0.9997950839346902,1606.6903770859478,1.006025302464611,1606.5751008137695,0.9989701394817424
1606.7014880507752,1.007062569462246,1606.7014880507752,0.9997621908634393,1606.6917659565513,1.0143707473400254,1606.5764896843727,0.9888318511107392
1606.7028769213782,0.9946518286370502,1606.7028769213782,0.9998632321644427,1606.6945436977592,1.000974133606223,1606.5778785554423,0.9922713568972996
1606.7042657919808,1.0020343665152533,1606.7042657919808,0.9999899679530855,1606.6959325683615,0.9963162472355714,1606.5792674265117,0.99636076080555
1606.7084324037908,0.9986915357787408,1606.7084324037908,0.9997681952707447,1606.6973214389643,0.9908612621438796,1606.580656297114,1.0041332378817411
1606.7098212743947,0.9995799093044684,1606.7098212743947,0.9998295176888794,1606.698710309567,1.004706817317804,1606.5820451681827,1.0059869732226752
1606.7112101449975,0.9997555234706225,1606.7112101449975,0.999964066233373,1606.7000991801713,1.0061588431745474,1606.5834340387862,0.997168393272158
1606.7125990156003,1.0067750397252713,1606.7125990156003,0.999922703474281,1606.7014880507752,1.0068230807821394,1606.5848229098558,0.9905482400014028
1606.7139878862029,0.9913978170166071,1606.7139878862029,0.9998314236536945,1606.7028769213782,0.9945157922593144,1606.5862117804595,0.9992472789296408
1606.7153767568068,1.016684433918155,1606.7153767568068,0.9998664445841972,1606.7042657919808,1.0020243140594784,1606.5876006515284,1.002088128169723
1606.7167656274107,1.0106080748985922,1606.7167656274107,0.9997262586629707,1606.7084324037908,0.99846003435768,1606.5889895225966,0.9947751262792216
1606.7181544975483,0.9821267180442553,1606.7181544975483,0.9996764683443021,1606.7098212743947,0.9994094986113804,1606.5903783931992,1.0155303428278852
1606.7195433681516,0.9924546400562777,1606.7195433681516,0.999792178390875,1606.7112101449975,0.999719598488958,1606.591767264268,0.9981426627976786
1606.7209322387546,1.010364142148663,1606.7209322387546,0.9997900500228099,1606.7125990156003,1.00669721951252,1606.5931561348718,0.9896009504564646
1606.7223211093572,0.9915840243892812,1606.7223211093572,0.9998602427018649,1606.7139878862029,0.9912306907948792,1606.5945450059414,1.0117769993830623
1606.7237099799606,0.9882595888249762,1606.7237099799606,0.9998270247658676,1606.7153767568068,1.016548650205843,1606.595933876545,0.9901651514609896
1606.7250988505646,1.0141248090271,1606.7250988505646,0.999884662902686,1606.7167656274107,1.0103314296929569,1606.5973227476131,1.010868854595846
1606.7264877211676,0.9996246733567538,1606.7264877211676,0.9999696641135578,1606.7181544975483,0.9818089689610614,1606.5987116182157,1.0000202519753492
1606.7278765913054,0.9988624439495036,1606.7278765913054,0.9998928211199759,1606.7195433681516,0.9922483865359976,1606.6001004892853,0.9966109882325148
1606.7292654619084,1.0100033707383553,1606.7292654619084,0.9998922917772537,1606.7209322387546,1.0101520162200652,1606.6014893598892,1.0033589736027055
1606.730654332512,1.012670642379542,1606.730654332512,0.9998464127978943,1606.7223211093572,0.9914454432851586,1606.602878230958,0.9862700441887228
1606.732043203115,0.9994371597328983,1606.732043203115,0.9998926977356758,1606.7237099799606,0.9880886443912156,1606.6042671015614,0.9977288564959976
1606.7334320737184,0.9936159027663495,1606.7334320737184,0.999870972199553,1606.7250988505646,1.0140078428153128,1606.60565597263,0.99999884468597
1606.7348209438558,0.9906797093566395,1606.7348209438558,0.9999282783055286,1606.7264877211676,0.999594348856178,1606.6070448432326,1.0078439026671036
1606.7362098144592,1.0014652722481001,1606.7362098144592,1.0000534795812897,1606.7278765913054,0.998755386991463,1606.608433713836,0.9923568501355184
1606.7375986850625,1.0001900710232767,1606.7375986850625,1.0000514477899047,1606.7292654619084,1.0098945850703254,1606.6098225849055,0.9895123310744
1606.7389875556653,1.007541767941026,1606.7389875556653,1.0000896285430254,1606.730654332512,1.0125151091289244,1606.6112114555087,0.9997872862991852
1606.7403764262688,0.9977726294515973,1606.7403764262688,1.0000693985166043,1606.732043203115,0.9993299178626092,1606.6126003265774,0.9908080497388516
1606.741765296406,1.0098844674114862,1606.741765296406,0.9999735450225398,1606.7334320737184,0.9934876986919264,1606.613989197181,0.9967276749495434
1606.7431541670096,1.0000110532028528,1606.7431541670096,0.9998726012865267,1606.7348209438558,0.990608656129206,1606.6153780682496,1.003140823129985
1606.7445430376126,1.002477028222524,1606.7445430376126,0.9999313599165777,1606.7362098144592,1.001518830191536,1606.616766938853,1.002963040688665
1606.7459319082166,0.9975636016684982,1606.7459319082166,1.0000546136605502,1606.7375986850625,1.0002415285919155,1606.618155809456,1.0015199175459173
1606.7473207783548,0.9991155997049151,1606.7473207783548,1.0000235082545075,1606.7389875556653,1.0076320724417236,1606.6195446805252,0.9923102977760748
1606.7487096489574,0.9984992881467059,1606.7487096489574,1.000035895491713,1606.7403764262688,0.9978418733919896,1606.6209335511282,1.0038762144898945
1606.75009851956,1.009132782116698,1606.75009851956,1.000079980904949,1606.741765296406,1.0098577509406634,1606.6223224221974,1.0045433064027367
1606.7514873896978,0.9872489112724037,1606.7514873896978,1.0000836614457975,1606.7431541670096,0.9998836530812156,1606.6237112928004,0.98896342099086
1606.7528762603008,0.994675294245674,1606.7528762603008,1.0001505841919454,1606.7445430376126,1.0024082181156777,1606.625100163404,0.9979302209354592
1606.7542651309047,1.005093643808104,1606.7542651309047,1.000083166577925,1606.7459319082166,0.997618082268417,1606.6264890344726,0.9903531958092818
1606.755654001043,1.007089005690875,1606.755654001043,1.0000643108425067,1606.7473207783548,0.9991390871687154,1606.627877905076,1.001157216900151
1606.7570428716456,0.9899035312721359,1606.7570428716456,1.000038283553632,1606.7487096489574,0.998535129769629,1606.629266775679,0.994370766368727
1606.758431742248,0.9968241565505059,1606.758431742248,1.0000064979033274,1606.75009851956,1.0092134934698254,1606.630655646749,0.9974757747637824
1606.7598206128512,1.019997998455918,1606.7598206128512,1.0000639069771549,1606.7514873896978,0.9873315059436828,1606.6320445173526,0.9998025092605216
1606.7612094829894,0.9947928060198937,1606.7612094829894,0.9999488214946485,1606.7528762603008,0.994825076621106,1606.6334333879552,0.9952295724508982
1606.7625983535934,1.0094741856099543,1606.7625983535934,0.9999556359771672,1606.7542651309047,1.0051772340069538,1606.6348222590234,1.0090200123496271
1606.7639872237312,0.9962541265125383,1606.7639872237312,0.9999540968128198,1606.755654001043,1.0071537724333102,1606.6362111296264,0.9934209623167825
1606.7653760943342,1.0102823646331371,1606.7653760943342,0.9999068993343908,1606.7570428716456,0.9899414282970658,1606.63760000023,0.9906410049220457
1606.7667649649368,1.009794515369718,1606.7667649649368,0.99987041206493,1606.758431742248,0.9968306338175096,1606.6389888712995,1.0073705637130543
1606.7681538350737,0.9849458088791612,1606.7681538350737,0.9997704846324118,1606.7598206128512,1.0200631834447034,1606.6403777419034,1.0057803758902544
1606.7695427056776,0.9997366779364444,1606.7695427056776,0.9998206536449217,1606.7612094829894,0.9947418940109471,1606.641766612506,1.0051032259493862
1606.7709315762816,1.002026255475859,1606.7709315762816,0.9997328097926951,1606.7625983535934,1.0094294012741347,1606.6431554831086,0.9938928061585578
1606.7723204464194,0.9919167616078831,1606.7723204464194,0.9996438487316747,1606.7639872237312,0.99620839527289,1606.6445443541772,1.0118098238934436
1606.7737093170224,1.0027629270322596,1606.7737093170224,0.9996665323651586,1606.7653760943342,1.0101883066725366,1606.6459332247812,1.002837043499748
1606.779264798504,0.9921260992457293,1606.779264798504,0.9995297824465202,1606.7667649649368,1.0096636581836262,1606.647322095385,1.0050732557442554
1606.780653669107,0.9958100944870624,1606.780653669107,0.9994734745013225,1606.7681538350737,0.9847197486797818,1606.648710965988,1.0024069268823497
1606.782042539245,1.0049335856020305,1606.782042539245,0.9995070870120472,1606.7695427056776,0.9995573788072184,1606.6500998370573,0.996957242643266
1606.7834314098477,0.9912957333227774,1606.7834314098477,0.9995142042890494,1606.7709315762816,1.0017585238729334,1606.6514887076598,0.9857102605613712
1606.7848202799848,1.0005161171720551,1606.7848202799848,0.9995499000723073,1606.7723204464194,0.9915634891951634,1606.6528775782624,1.0117284082341542
1606.7862091505888,1.0142658890826026,1606.7862091505888,0.9996062823550607,1606.7737093170224,1.0024285380506754,1606.6542664488663,1.006345188531619
1606.7875980207266,0.9976535733381564,1606.7875980207266,0.9995858173528986,1606.779264798504,0.9916595841385986,1606.655655319936,0.9926299799641364
1606.7889868913296,0.996003222185364,1606.7889868913296,0.9995869242216517,1606.780653669107,0.9952857750804744,1606.657044190539,1.0186254970738613
1606.7903757614674,0.9901496516898706,1606.7903757614674,0.9994810502304545,1606.782042539245,1.0044382407856571,1606.6584330611424,0.9901560448680476
1606.7917646320714,1.0075687651045762,1606.7917646320714,0.999372557257829,1606.7834314098477,0.9908141661072456,1606.659821931745,0.995285095483986
1606.7931535022087,0.9995243286500518,1606.7931535022087,0.9994311327923076,1606.7848202799848,1.0000657849400605,1606.661210802348,1.00122422511389
1606.7945423728113,0.9943841497775796,1606.7945423728113,0.9994326856446405,1606.7862091505888,1.0138665547054106,1606.662599672952,0.9916917970121404
1606.7959312429489,1.0088886466280425,1606.7959312429489,0.9995057727880408,1606.7875980207266,0.997240362540261,1606.663988544021,1.003295567250354
1606.797320113552,1.0004527220492347,1606.797320113552,0.9993752830641314,1606.7889868913296,0.9955917973791224,1606.665377414624,1.0095785047436514
1606.7987089836895,0.9884552808635753,1606.7987089836895,0.9994122331925439,1606.7903757614674,0.9896358137563106,1606.6667662852271,0.9997082492276046
1606.8000978542934,1.0057743801894776,1606.8000978542934,0.999477500398682,1606.7917646320714,1.0069365733956732,1606.6681551558297,0.98994176809531
1606.8014867244312,0.9967530504452217,1606.8014867244312,0.9994559569349893,1606.7931535022087,0.998955732036192,1606.6695440264332,0.9889987600082476
1606.802875594568,1.0091476262212051,1606.802875594568,0.9994441600238697,1606.7945423728113,0.9938200213746688,1606.6709328970371,1.0072171108260128
1606.8042644651712,0.9968260132879906,1606.8042644651712,0.9994762709420734,1606.7959312429489,1.008390026405042,1606.67232176764,1.0036113757384326
1606.805653335309,1.0035254684720436,1606.805653335309,0.999463656712951,1606.797320113552,0.9998277222902348,1606.6737106387093,1.000041387426133
1606.807042205913,1.004466466750209,1606.807042205913,0.999463656712951,1606.7987089836895,0.987874299658829,1606.6750995093123,1.0020553716189904
1606.8084310760512,1.0114554995024003,1606.8084310760512,0.9993538843762111,1606.8000978542934,1.0052488634768129,1606.6764883799158,1.0038283708971232
1606.8098199466535,1.0018341967541582,1606.8098199466535,0.9994321175956836,1606.8014867244312,0.9962107738605988,1606.6778772505188,0.9984115111684208
1606.8112088167902,1.0060110999934495,1606.8112088167902,0.9995051014022409,1606.802875594568,1.0085867016287344,1606.6792661211225,0.9992281822683218
1606.812597686928,1.0020621001668713,1606.812597686928,0.999479618151434,1606.8042644651712,0.9963039465391345,1606.6820438623288,1.00460718847263
1606.813986557531,0.9960792529250951,1606.813986557531,0.9994797870694337,1606.805653335309,1.002987234323646,1606.6834327329318,0.9963396253547664
1606.815375427669,0.986482531076917,1606.815375427669,0.9993552046191726,1606.807042205913,1.0039277279037018,1606.6848216035355,0.9862145891152836
1606.8167642978076,1.0131502665270995,1606.8167642978076,0.9992292723882635,1606.8084310760512,1.0108019823014045,1606.6862104741388,0.994802853815941
1606.818153168411,1.0024550645459336,1606.818153168411,0.9991730362208994,1606.8098199466535,1.001265272741779,1606.687599344741,0.991689622303378
1606.819542038548,1.000911438681545,1606.819542038548,0.9991413330720571,1606.8112088167902,1.0055132265107327,1606.6889882153448,1.0059144602773813
1606.8209309091503,1.0027140336004638,1606.8209309091503,0.9991907610297296,1606.812597686928,1.0015406452388085,1606.6903770859478,1.006025302464611
1606.822319779288,1.010270900589283,1606.822319779288,0.9992228215562615,1606.813986557531,0.9955610796178548,1606.6917659565513,1.0143707473400254
1606.8237086494262,1.0060083888651867,1606.8237086494262,0.9992362288911055,1606.815375427669,0.9858464516976116,1606.6945436977592,1.000974133606223
1606.82509752003,0.9977126153883544,1606.82509752003,0.9991973262262108,1606.8167642978076,1.012369403641849,1606.6959325683615,0.9963162472355714
1606.826486390168,0.9961248033509693,1606.826486390168,0.9991042200413341,1606.818153168411,1.001626070517378,1606.6973214389643,0.9908612621438796
1606.8278752603046,1.004320620582905,1606.8278752603046,0.9990311219532293,1606.819542038548,1.0000519891313493,1606.698710309567,1.004706817317804
1606.8292641304413,1.0093884164871112,1606.8292641304413,0.9990170901724527,1606.8209309091503,1.0019025983284373,1606.7000991801713,1.0061588431745474
1606.8306530010452,0.9940530844423099,1606.8306530010452,0.9989960124963063,1606.822319779288,1.0094857398230086,1606.7014880507752,1.0068230807821394
1606.8320418711835,0.9878944255746263,1606.8320418711835,0.9989621875624137,1606.8237086494262,1.005240028722466,1606.7028769213782,0.9945157922593144
1606.8334307413213,0.9968931007522975,1606.8334307413213,0.9988943833583631,1606.82509752003,0.9969117776382036,1606.7042657919808,1.0020243140594784
1606.8348196119243,1.0051193982145223,1606.8348196119243,0.9988382668199811,1606.826486390168,0.9952324947157976,1606.7084324037908,0.99846003435768
1606.8362084820612,1.0093942014219395,1606.8362084820612,0.9988225793423122,1606.8278752603046,1.0033475563817031,1606.7098212743947,0.9994094986113804
1606.837597352198,0.9827429651310283,1606.837597352198,0.9987432548915917,1606.8292641304413,1.0083962786927336,1606.7112101449975,0.999719598488958
1606.8389862223364,0.9914295707569368,1606.8389862223364,0.9986334827315602,1606.8306530010452,0.9930550675675216,1606.7125990156003,1.00669721951252
1606.8403750929403,1.0001412872918893,1606.8403750929403,0.9986411357511085,1606.8320418711835,0.9868691764527427,1606.7139878862029,0.9912306907948792
1606.8417639630782,0.9898692477646751,1606.8417639630782,0.9986405662929383,1606.8334307413213,0.9957909191501728,1606.7153767568068,1.016548650205843
1606.8431528332155,0.9929180822159133,1606.8431528332155,0.9985708601814696,1606.8348196119243,1.003951717659736,1606.7167656274107,1.0103314296929569
1606.8445417033531,1.0060117530631973,1606.8445417033531,0.9986354438993992,1606.8362084820612,1.008205719837435,1606.7181544975483,0.9818089689610614
1606.8459305734907,1.01134724921984,1606.8459305734907,0.9987429166318128,1606.837597352198,0.9815079077167772,1606.7195433681516,0.9922483865359976
1606.8487083142315,1.0053116290808557,1606.8487083142315,0.9988158020039085,1606.8389862223364,0.9900747651280556,1606.7209322387546,1.0101520162200652
1606.850097184369,1.008320116730946,1606.850097184369,0.998902725564019,1606.8403750929403,0.998782231052748,1606.7223211093572,0.9914454432851586
1606.8514860545067,1.007255075992791,1606.8514860545067,0.9987733493453859,1606.8417639630782,0.98852358614368,1606.7237099799606,0.9880886443912156
1606.852874924644,0.9963620543577693,1606.852874924644,0.9987582749460442,1606.8431528332155,0.9914990634480796,1606.7250988505646,1.0140078428153128
1606.8542637952476,0.9901644024394842,1606.8542637952476,0.9987777545245188,1606.8445417033531,1.004638993588279,1606.7264877211676,0.999594348856178
1606.855652665385,0.992704961299308,1606.855652665385,0.9987430011904859,1606.8459305734907,1.010075901413384,1606.7278765913054,0.998755386991463
1606.8570415355227,1.0066537164546485,1606.8570415355227,0.9986728208203671,1606.8487083142315,1.0041211410642508,1606.7292654619084,1.0098945850703254
1606.85843040566,1.0058858850409151,1606.85843040566,0.9986241996977557,1606.850097184369,1.0072137128435716,1606.730654332512,1.0125151091289244
1606.859819275798,1.00067193908943,1606.859819275798,0.9987221078719059,1606.8514860545067,1.006019525894461,1606.732043203115,0.9993299178626092
1606.8612081459362,1.0071919599920829,1606.8612081459362,0.9987150237097582,1606.852874924644,0.9951248466320624,1606.7334320737184,0.9934876986919264
1606.8625970160745,1.000842419416005,1606.8625970160745,0.9987339672690563,1606.8542637952476,0.98895417847862,1606.7348209438558,0.990608656129206
1606.8639858862111,0.9979358141591085,1606.8639858862111,0.998784049991035,1606.855652665385,0.991457132344756,1606.7362098144592,1.001518830191536
1606.8653747568137,0.9953831905174959,1606.8653747568137,0.9987796257412362,1606.8570415355227,1.00531770660107,1606.7375986850625,1.0002415285919155
1606.8667636269513,0.993071061471483,1606.8667636269513,0.998744215806133,1606.85843040566,1.0045019869362526,1606.7389875556653,1.0076320724417236
1606.8681524970889,0.9906784864395449,1606.8681524970889,0.9986938371204256,1606.859819275798,0.999393188295663,1606.7403764262688,0.9978418733919896
1606.869541367227,1.0141055165567872,1606.869541367227,0.9987118341489555,1606.8612081459362,1.005897742203771,1606.741765296406,1.0098577509406634
1606.8709302373652,1.0092492630620498,1606.8709302373652,0.9986240838887287,1606.8625970160745,0.9995753201545076,1606.7431541670096,0.9998836530812156
1606.872319107502,1.0017727299466472,1606.872319107502,0.9986339835824094,1606.8639858862111,0.9967223740969352,1606.7445430376126,1.0024082181156777
1606.873707977639,1.0076065001938448,1606.873707977639,0.99869371321223,1606.8653747568137,0.9941684504941822,1606.7459319082166,0.997618082268417
1606.8750968477768,0.9980364520975983,1606.8750968477768,0.998687967015843,1606.8667636269513,0.9918239785291004,1606.7473207783548,0.9991390871687154
1606.876485717915,0.9997635954728149,1606.876485717915,0.998577648966744,1606.8681524970889,0.9893844989749646,1606.7487096489574,0.998535129769629
1606.8778745880534,1.000887429883956,1606.8778745880534,0.9986088644605423,1606.869541367227,1.0127991804610028,1606.75009851956,1.0092134934698254
1606.8792634581907,0.9946517476156121,1606.8792634581907,0.9987067751753301,1606.8709302373652,1.007860620740714,1606.7514873896978,0.9873315059436828
1606.8806523283276,0.9925035114536961,1606.8806523283276,0.9986505305628064,1606.872319107502,1.0004042919508456,1606.7528762603008,0.994825076621106
1606.8820411984643,0.9955958672753872,1606.8820411984643,0.9986186927687107,1606.873707977639,1.0062902771353703,1606.7542651309047,1.0051772340069538
1606.883430068602,0.9974511354318484,1606.883430068602,0.9987091843181118,1606.8750968477768,0.9967269953530552,1606.755654001043,1.0071537724333102
1606.8848189387402,1.0030829930327616,1606.8848189387402,0.998708260196438,1606.876485717915,0.9983415806897824,1606.7570428716456,0.9899414282970658
1606.8862078088785,0.9955498432934619,1606.8862078088785,0.998743907676676,1606.8778745880534,0.999495059809248,1606.758431742248,0.9968306338175096
1606.8875966790165,0.9956584549433798,1606.8875966790165,0.998777819226525,1606.8792634581907,0.9933654392836944,1606.7598206128512,1.0200631834447034
1606.8889855491536,0.9914329747000629,1606.8889855491536,0.9987417169532286,1606.8806523283276,0.991164158298682,1606.7612094829894,0.9947418940109471
1606.8903744192903,1.0025168850366069,1606.8903744192903,0.9988277926213088,1606.8820411984643,0.994220643504478,1606.7625983535934,1.0094294012741347
1606.8917632894284,1.0026267093451011,1606.8917632894284,0.9987490217192116,1606.883430068602,0.9961636098643158,1606.7639872237312,0.99620839527289
1606.8931521595666,0.9945163385735111,1606.8931521595666,0.9987483850022755,1606.8848189387402,1.0017872708043851,1606.7653760943342,1.0101883066725366
1606.8959298998418,0.999506581262538,1606.8959298998418,0.9988633894126818,1606.8862078088785,0.9942993407778145,1606.7667649649368,1.0096636581836262
1606.8973187699792,0.9926122346381419,1606.8973187699792,0.9988899774854069,1606.8875966790165,0.9944415803228002,1606.7681538350737,0.9847197486797818
1606.898707640116,1.0098300834606246,1606.898707640116,0.9990132157438776,1606.8889855491536,0.9901854713959876,1606.7695427056776,0.9995573788072184
1606.9000965102534,1.0028237026464024,1606.9000965102534,0.9990304597598133,1606.8903744192903,1.0013417273467045,1606.7709315762816,1.0017585238729334
1606.9014853803917,0.9946631473079149,1606.9014853803917,0.9990304597598133,1606.8917632894284,1.0013724451079722,1606.7723204464194,0.9915634891951634
1606.9028742505295,0.9894981270610715,1606.9028742505295,0.9990962281305291,1606.8931521595666,0.9932715870086704,1606.7737093170224,1.0024285380506754
1606.9042631206669,0.9965687431912882,1606.9042631206669,0.9991536228005936,1606.8959298998418,0.9983705315001808,1606.779264798504,0.9916595841385986
1606.905651990339,1.0003543209311756,1606.905651990339,0.9992385987141943,1606.8973187699792,0.991510412709433,1606.780653669107,0.9952857750804744
1606.9070408604764,0.9985518372691276,1606.9070408604764,0.9993318831597126,1606.898707640116,1.008833599032907,1606.782042539245,1.0044382407856571
1606.9084297306142,1.0068949764162296,1606.9084297306142,0.9992747121308692,1606.9000965102534,1.0018514247128738,1606.7834314098477,0.9908141661072456
1606.9098186007516,0.99696696441113,1606.9098186007516,0.9993898390052948,1606.9014853803917,0.9936987813611692,1606.7848202799848,1.0000657849400605
1606.9112074708894,1.0022089205246,1606.9112074708894,0.9993734088759544,1606.9028742505295,0.9886038464889396,1606.7862091505888,1.0138665547054106
1606.9125963410268,0.9997228144934209,1606.9125963410268,0.9993253595435596,1606.9042631206669,0.99572527012941,1606.7875980207266,0.997240362540261
1606.9139852111646,0.9839329973012536,1606.9139852111646,0.9992770329666064,1606.905651990339,0.9995926498649572,1606.7889868913296,0.9955917973791224
1606.9153740808372,0.9887473539661352,1606.9153740808372,0.9993460970639394,1606.9070408604764,0.997884687970748,1606.7903757614674,0.9896358137563106
1606.9167629509743,0.9961520489169251,1606.9167629509743,0.9993455526144095,1606.9084297306142,1.0061646877043462,1606.7917646320714,1.0069365733956732
1606.9181518211117,1.0073690613152548,1606.9181518211117,0.99934953367779,1606.9098186007516,0.9963586540564366,1606.7931535022087,0.998955732036192
1606.9195406912488,0.9910849291097487,1606.9195406912488,0.9992974786082087,1606.9112074708894,1.00158094531056,1606.7945423728113,0.9938200213746688
1606.9209295613866,1.0004248039951333,1606.9209295613866,0.9993406075710741,1606.9125963410268,0.9990483610375372,1606.7959312429489,1.008390026405042
1606.922318431525,0.9910126542243193,1606.922318431525,0.9992436293258407,1606.9139852111646,0.9832216461811366,1606.797320113552,0.9998277222902348
1606.9237073011975,1.0106676280517253,1606.9237073011975,0.9992989294848267,1606.9153740808372,0.9881008091683546,1606.7987089836895,0.987874299658829
1606.9250961713344,1.016220355835743,1606.9250961713344,0.9993495561922031,1606.9167629509743,0.9955001198128608,1606.8000978542934,1.0052488634768129
1606.926485041471,1.0003322225417324,1606.926485041471,0.9993319389397834,1606.9181518211117,1.0067138016668329,1606.8014867244312,0.9962107738605988
1606.927873911609,1.0029887817863867,1606.927873911609,0.9993510376994631,1606.9195406912488,0.9903886707459671,1606.802875594568,1.0085867016287344
1606.9292627812808,1.0026697835338594,1606.9292627812808,0.999303246261897,1606.9209295613866,0.9997651314536692,1606.8042644651712,0.9963039465391345
1606.930651651419,0.9984342427284982,1606.930651651419,0.9993892086827978,1606.922318431525,0.9902630813149432,1606.805653335309,1.002987234323646
1606.9334293916943,0.9837279097120102,1606.9334293916943,0.9992640868690367,1606.9237073011975,1.009959078777058,1606.807042205913,1.0039277279037018
1606.9348182613655,1.0063910640607057,1606.9348182613655,0.999188714987401,1606.9250961713344,1.0155593615979326,1606.8084310760512,1.0108019823014045
1606.936207131503,1.0001853705890518,1606.936207131503,0.9991335625031799,1606.926485041471,0.9996639395365724,1606.8098199466535,1.001265272741779
1606.9375960016412,0.9915280752353827,1606.9375960016412,0.9990263232957874,1606.927873911609,1.002337879879146,1606.8112088167902,1.0055132265107327
1606.9389848717794,0.9927107119447028,1606.9389848717794,0.999003588261438,1606.9292627812808,1.0019711696140994,1606.812597686928,1.0015406452388085
1606.9403737414511,0.9896009816593347,1606.9403737414511,0.998980162705383,1606.930651651419,0.9978244077622423,1606.813986557531,0.9955610796178548
1606.941762611589,0.9893985787440961,1606.941762611589,0.999057041114769,1606.9334293916943,0.983003971425958,1606.815375427669,0.9858464516976116
1606.943151481726,1.0021266176482613,1606.943151481726,0.9990509665882741,1606.9348182613655,1.0055745940736196,1606.8167642978076,1.012369403641849
1606.944540351397,0.9966908618295904,1606.944540351397,0.998990086688893,1606.936207131503,0.9993187724802024,1606.818153168411,1.001626070517378
1606.9459292215354,1.0086518784534573,1606.9459292215354,0.9989148945348043,1606.9375960016412,0.9905626474469532,1606.819542038548,1.0000519891313493
1606.9473180916737,1.001093184859212,1606.9473180916737,0.9989080088889372,1606.9389848717794,0.9917215633383248,1606.8209309091503,1.0019025983284373
1606.9487069613454,0.9943502054589419,1606.9487069613454,0.9988363135660766,1606.9403737414511,0.988591749671449,1606.822319779288,1.0094857398230086
1606.9500958314832,1.0011161068779943,1606.9500958314832,0.9988455611239118,1606.941762611589,0.9884656165632344,1606.8237086494262,1.005240028722466
1606.95148470162,0.9962810701571274,1606.95148470162,0.9988083552317814,1606.943151481726,1.0011755660053332,1606.82509752003,0.9969117776382036
1606.9528735712918,0.9997152137627117,1606.9528735712918,0.9988679129144089,1606.944540351397,0.99568429046117,1606.826486390168,0.9952324947157976
1606.95426244143,0.9926097335733819,1606.95426244143,0.9988936582900859,1606.9459292215354,1.0075573847876675,1606.8278752603046,1.0033475563817031
1606.9556513115674,1.0008422654303222,1606.9556513115674,0.9987961837759992,1606.9473180916737,1.0,1606.8292641304413,1.0083962786927336
1606.9570401812396,0.9967569818347684,1606.9570401812396,0.9987982977707606,1606.9487069613454,0.9931930936142804,1606.8306530010452,0.9930550675675216
1606.958429051377,0.9892039655133062,1606.958429051377,0.9988218048212968,1606.9500958314832,0.9999603795247364,1606.8320418711835,0.9868691764527427
1606.9598179210482,0.9886226628392929,1606.9598179210482,0.9989100394317628,1606.95148470162,0.9950938570321994,1606.8334307413213,0.9957909191501728
1606.961206791186,0.9999055072972269,1606.961206791186,0.9989051633539527,1606.9528735712918,0.998583449079942,1606.8348196119243,1.003951717659736
1606.9625956613245,0.9861503817256183,1606.9625956613245,0.9988182466304555,1606.95426244143,0.991511568023463,1606.8362084820612,1.008205719837435
1606.963984530996,0.9949109742246088,1606.963984530996,0.9989169233961241,1606.9556513115674,0.9996374352735314,1606.837597352198,0.9815079077167772
1606.9653734011338,0.9935582463648343,1606.9653734011338,0.9989200909992275,1606.9570401812396,0.9955591767476876,1606.8389862223364,0.9900747651280556
1606.9667622708057,1.0068054144321315,1606.9667622708057,0.9988647771295223,1606.958429051377,0.9880384901703844,1606.8403750929403,0.998782231052748
1606.9681511409435,1.0002155057700919,1606.9681511409435,0.9988876665797201,1606.9598179210482,0.9875451031199324,1606.8417639630782,0.98852358614368
1606.969540010616,1.0006837372145747,1606.969540010616,0.9990078606651653,1606.961206791186,0.9988107741052534,1606.8431528332155,0.9914990634480796
1606.9709288807528,1.0070874345630225,1606.9709288807528,0.9989991253751097,1606.9625956613245,0.9849849951891364,1606.8445417033531,1.004638993588279
1606.9723177504245,1.0048522467581318,1606.9723177504245,0.9988682589316851,1606.963984530996,0.9938334094254868,1606.8459305734907,1.010075901413384
1606.973706620562,1.0054850948617664,1606.973706620562,0.9988319247071886,1606.9653734011338,0.9924852938717932,1606.8487083142315,1.0041211410642508
1606.975095490234,1.0023667454919931,1606.975095490234,0.9988384815528226,1606.9667622708057,1.0056624658995472,1606.850097184369,1.0072137128435716
1606.9764843603723,0.9875568797867986,1606.9764843603723,0.9987257842753415,1606.9681511409435,0.9991029326355416,1606.8514860545067,1.006019525894461
1606.977873230044,0.9992569104005592,1606.977873230044,0.9987354374056955,1606.969540010616,0.9996909195171548,1606.852874924644,0.9951248466320624
1606.979262100181,1.0020319481256421,1606.979262100181,0.9988291690646047,1606.9709288807528,1.0060794663047226,1606.8542637952476,0.98895417847862
1606.980650969853,1.003794374450133,1606.980650969853,0.9989100021365788,1606.9723177504245,1.003715014202887,1606.855652665385,0.991457132344756
1606.9820398399904,0.9992978171762391,1606.9820398399904,0.999030646234244,1606.973706620562,1.0043106125651682,1606.8570415355227,1.00531770660107
1606.9834287096626,0.994663127415814,1606.9834287096626,0.9989894851671542,1606.975095490234,1.001202478026267,1606.85843040566,1.0045019869362526
1606.9848175798008,1.0065108853541642,1606.9848175798008,0.9989674725195394,1606.9764843603723,0.9862985192815796,1606.859819275798,0.999393188295663
1606.9862064494723,0.9892957412237162,1606.9862064494723,0.9989466336892643,1606.977873230044,0.9979932874895664,1606.8612081459362,1.005897742203771
1606.9875953196097,1.0049835650537295,1606.9875953196097,0.9989489928545605,1606.979262100181,1.0008587381225222,1606.8625970160745,0.9995753201545076
1606.9889841892816,1.0086547879229448,1606.9889841892816,0.9989314175976541,1606.980650969853,1.002700240726668,1606.8639858862111,0.9967223740969352
1606.990373059419,1.0156172296108616,1606.990373059419,0.9990262245139082,1606.9820398399904,0.9983291440740476,1606.8653747568137,0.9941684504941822
1606.9917619290916,0.9944390353052777,1606.9917619290916,0.999098356898496,1606.9834287096626,0.9936580055718756,1606.8667636269513,0.9918239785291004
1606.9931507987642,1.0018088303000712,1606.9931507987642,0.9990885944091078,1606.9848175798008,1.0054716352056534,1606.8681524970889,0.9893844989749646
1606.9945396689016,1.0027344797765312,1606.9945396689016,0.999199801167021,1606.9862064494723,0.9882536504185568,1606.869541367227,1.0127991804610028
1606.9959285385728,0.9925197847780275,1606.9959285385728,0.9990838112454039,1606.9875953196097,1.0039273201458088,1606.8709302373652,1.007860620740714
1606.9973174087097,0.9996219586545306,1606.9973174087097,0.9990854428827047,1606.9889841892816,1.0075769571665285,1606.872319107502,1.0004042919508456
1606.998706278382,1.0083462833632302,1606.998706278382,0.9990109916847948,1606.990373059419,1.014628246449414,1606.873707977639,1.0062902771353703
1607.0000951480545,0.999001136709491,1607.0000951480545,0.9988995098939429,1606.9917619290916,0.9935424062092284,1606.8750968477768,0.9967269953530552
1607.0014840181927,0.995114845318485,1607.0014840181927,0.998900831087241,1606.9931507987642,1.0008957761311306,1606.876485717915,0.9983415806897824
1607.0028728878644,0.9953994606129828,1607.0028728878644,0.9989576074738753,1606.9945396689016,1.0019320928160262,1606.8778745880534,0.999495059809248
1607.0042617580011,1.0080829830434515,1607.0042617580011,0.9989921513419256,1606.9959285385728,0.9916104493124998,1606.8792634581907,0.9933654392836944
1607.0056506276726,0.999501058899145,1607.0056506276726,0.9989836814051297,1606.9973174087097,0.9987077472776384,1606.8806523283276,0.991164158298682
1607.0070394973452,1.0032944922273452,1607.0070394973452,0.9991009212577334,1606.998706278382,1.0073490205043776,1606.8820411984643,0.994220643504478
1607.0084283674837,1.0023697728696812,1607.0084283674837,0.9991726291711239,1607.0000951480545,0.9979017458426024,1606.883430068602,0.9961636098643158
1607.0098172371552,0.9975280040330539,1607.0098172371552,0.9991966656825643,1607.0014840181927,0.994021046015886,1606.8848189387402,1.0017872708043851
1607.011206106827,1.006898626103586,1607.011206106827,0.9991921895535195,1607.0028728878644,0.9943618636547312,1606.8862078088785,0.9942993407778145
1607.0125949769642,0.9993772340950515,1607.0125949769642,0.9992907228322813,1607.0042617580011,1.0070669879617635,1606.8875966790165,0.9944415803228002
1607.0139838466357,1.0023666483608478,1607.0139838466357,0.9993888365841594,1607.0056506276726,0.9984852473873932,1606.8889855491536,0.9901854713959876
1607.015372716308,1.0106213559320543,1607.015372716308,0.9994037246691919,1607.0070394973452,1.0023924514771505,1606.8903744192903,1.0013417273467045
1607.0167615859807,0.997683020646341,1607.0167615859807,0.9993486236992194,1607.0084283674837,1.0015404413598616,1606.8917632894284,1.0013724451079722
1607.018150456118,1.0118323307928079,1607.018150456118,0.999347144757035,1607.0098172371552,0.996726655554811,1606.8931521595666,0.9932715870086704
1607.0195393257902,0.999349305035966,1607.0195393257902,0.9993803297902013,1607.011206106827,1.0060852428748726,1606.8959298998418,0.9983705315001808
1607.020928195462,1.007535714099911,1607.020928195462,0.9993686469429368,1607.0125949769642,0.99866839864097,1606.8973187699792,0.991510412709433
1607.022317065134,1.0067136222380875,1607.022317065134,0.999389852543274,1607.0139838466357,1.001754038536111,1606.898707640116,1.008833599032907
1607.0237059352714,1.0120194077595388,1607.0237059352714,0.9994388100761883,1607.015372716308,1.010018747348724,1606.9000965102534,1.0018514247128738
1607.0250948049436,1.0056419303673119,1607.0250948049436,0.9994085657029168,1607.0167615859807,0.9970331535710008,1606.9014853803917,0.9936987813611692
1607.027872544287,1.0133674843479015,1607.027872544287,0.9994010337449607,1607.018150456118,1.0111717507506484,1606.9028742505295,0.9886038464889396
1607.0292614144248,1.0075366474214613,1607.0292614144248,0.9994222892831344,1607.0195393257902,0.9987300380424522,1606.9042631206669,0.99572527012941
1607.0306502840965,1.002755804385461,1607.0306502840965,0.9993902068843805,1607.020928195462,1.0068996033467137,1606.905651990339,0.9995926498649572
1607.032039153769,1.0091506145707574,1607.032039153769,0.9994557465952585,1607.022317065134,1.0060993784818275,1606.9070408604764,0.997884687970748
1607.0334280234404,0.997692150492198,1607.0334280234404,0.9995381755530959,1607.0237059352714,1.0114514726652022,1606.9084297306142,1.0061646877043462
1607.0348168931123,1.0076164907777414,1607.0348168931123,0.999501255980583,1607.0250948049436,1.0050471592391077,1606.9098186007516,0.9963586540564366
1607.03620576325,0.998192061417817,1607.03620576325,0.9995725165457684,1607.027872544287,1.012760511420823,1606.9112074708894,1.00158094531056
1607.0375946329225,1.0012776941734363,1607.0375946329225,0.999508411547357,1607.0292614144248,1.0069545827026112,1606.9125963410268,0.9990483610375372
1607.0389835025946,0.9897342241182898,1607.0389835025946,0.9995717344011538,1607.0306502840965,1.0021443307992992,1606.9139852111646,0.9832216461811366
1607.040372372266,1.0175335880872656,1607.040372372266,0.9996381406248716,1607.032039153769,1.0086013809128802,1606.9153740808372,0.9881008091683546
1607.0417612419376,0.9896762901141578,1607.0417612419376,0.999755842470133,1607.0334280234404,0.9972313918666164,1606.9167629509743,0.9955001198128608
1607.0431501116095,1.0080911622123483,1607.0431501116095,0.9997270851966819,1607.0348168931123,1.0071139480791,1606.9181518211117,1.0067138016668329
1607.044538981747,0.9927166843142923,1607.044538981747,0.999683735127273,1607.03620576325,0.9977653508274156,1606.9195406912488,0.9903886707459671
1607.0459278514195,0.9991503060674555,1607.0459278514195,0.9997732242841914,1607.0375946329225,1.0007854776210916,1606.9209295613866,0.9997651314536692
1607.0473167210923,0.9944834274167291,1607.0473167210923,0.9997469655874528,1607.0389835025946,0.9893103549980992,1606.922318431525,0.9902630813149432
1607.0487055907636,1.008817886802124,1607.0487055907636,0.9998662926651358,1607.040372372266,1.017165384018908,1606.9237073011975,1.009959078777058
1607.0500944604348,0.9970775195106268,1607.0500944604348,0.9997983297327678,1607.0417612419376,0.9894346531957956,1606.9250961713344,1.0155593615979326
1607.0514833301063,1.0029636707480987,1607.0514833301063,0.9997761064444772,1607.0431501116095,1.0078160392110864,1606.926485041471,0.9996639395365724
1607.0528721997791,0.9986606470114213,1607.0528721997791,0.9997625750189832,1607.044538981747,0.9924027228984736,1606.927873911609,1.002337879879146
1607.0542610694515,1.0012616272481631,1607.0542610694515,0.9996737731769871,1607.0459278514195,0.9989237230415966,1606.9292627812808,1.0019711696140994
1607.055649939124,1.0087605223648048,1607.055649939124,0.9996160139655716,1607.0473167210923,0.9942317888868848,1606.930651651419,0.9978244077622423
1607.0570388087951,0.9962235041087167,1607.0570388087951,0.99964845452579,1607.0487055907636,1.0086830004511165,1606.9334293916943,0.983003971425958
1607.058427678932,0.9965285941047872,1607.058427678932,0.9996747303655446,1607.0500944604348,0.996876438620816,1606.9348182613655,1.0055745940736196
1607.0598165486035,0.9984241310149305,1607.0598165486035,0.9997179513917963,1607.0514833301063,1.0027391136457946,1606.936207131503,0.9993187724802024
1607.0612054182764,0.9953555699531003,1607.0612054182764,0.999648647501774,1607.0528721997791,0.9984235400262624,1606.9375960016412,0.9905626474469532
1607.062594287949,0.9923991056648815,1607.062594287949,0.9996164581178296,1607.0542610694515,1.0009349888485013,1606.9389848717794,0.9917215633383248
1607.063983157621,0.9992668267814834,1607.063983157621,0.9997436966958879,1607.055649939124,1.008373172412134,1606.9403737414511,0.988591749671449
1607.065372027292,0.9827752929742299,1607.065372027292,0.999869714118927,1607.0570388087951,0.9958732862445456,1606.941762611589,0.9884656165632344
1607.0667608969632,1.0002326342185985,1607.0667608969632,0.999878643958092,1607.058427678932,0.9962044536132584,1606.943151481726,1.0011755660053332
1607.0681497666358,1.006803721150959,1607.0681497666358,1.0000113987579464,1607.0598165486035,0.9981425268783808,1606.944540351397,0.99568429046117
1607.0695386363084,0.9945219571555088,1607.0695386363084,1.000058513430319,1607.0612054182764,0.995005849286974,1606.9459292215354,1.0075573847876675
1607.0709275059803,0.9893270318316362,1607.0709275059803,1.0001017070362914,1607.062594287949,0.9920184790440306,1606.9473180916737,1.0
1607.0723163756522,1.0010779463386894,1607.0723163756522,1.0000193093367713,1607.063983157621,0.9990107113920896,1606.9487069613454,0.9931930936142804
1607.0737052453237,0.9983027342380029,1607.0737052453237,0.9999895579835061,1607.065372027292,0.982647251229288,1606.9500958314832,0.9999603795247364
1607.0750941149947,1.0070952335340477,1607.0750941149947,0.9999755973909621,1607.0667608969632,1.0001112499451226,1606.95148470162,0.9950938570321994
1607.076482984667,0.9919431378967823,1607.076482984667,0.9999147452074616,1607.0681497666358,1.006815197462876,1606.9528735712918,0.998583449079942
1607.07787185434,1.0020979259402183,1607.07787185434,0.9999446494668153,1607.0695386363084,0.9945801500467496,1606.95426244143,0.991511568023463
1607.0792607235464,1.008117680338038,1607.0792607235464,1.000022951720045,1607.0709275059803,0.9894276533519668,1606.9556513115674,0.9996374352735314
1607.080649593218,0.9949923591154335,1607.080649593218,1.0000996864828129,1607.0723163756522,1.0010972764898896,1606.9570401812396,0.9955591767476876
1607.0820384628898,0.9932964085873831,1607.0820384628898,1.0000858485459554,1607.0737052453237,0.998292309944386,1606.958429051377,0.9880384901703844
1607.083427332562,0.993591230020999,1607.083427332562,1.0000777395517004,1607.0750941149947,1.0070706577828,1606.9598179210482,0.9875451031199324
1607.0848162022337,1.0072552200423284,1607.0848162022337,1.0001251056664522,1607.076482984667,0.991858569990351,1606.961206791186,0.9988107741052534
1607.086205071906,1.0030262612414147,1607.086205071906,1.0002536552188896,1607.07787185434,1.0020424592857142,1606.9625956613245,0.9849849951891364
1607.0875939415776,0.9960241751874644,1607.0875939415776,1.0002284867647229,1607.0792607235464,1.0081408183728096,1606.963984530996,0.9938334094254868
1607.0889828112497,1.0146329697988699,1607.0889828112497,1.0003543551007459,1607.080649593218,0.9950915464041394,1606.9653734011338,0.9924852938717932
1607.0903716809214,0.9905427693724483,1607.0903716809214,1.0003941899851347,1607.0820384628898,0.993381681639763,1606.9667622708057,1.0056624658995472
1607.0917605505936,0.9907102237881072,1607.0917605505936,1.0004872760874814,1607.083427332562,0.9936684713577943,1606.9681511409435,0.9991029326355416
1607.0931494202653,0.9935638647270237,1607.0931494202653,1.0003839453643764,1607.0848162022337,1.0073812333779193,1606.969540010616,0.9996909195171548
1607.0945382894718,1.006897228838126,1607.0945382894718,1.0004128575199343,1607.086205071906,1.003280684087262,1606.9709288807528,1.0060794663047226
1607.0959271591437,1.0035859175667428,1607.0959271591437,1.0004357988644001,1607.0875939415776,0.9962517535288388,1606.9723177504245,1.003715014202887
1607.0973160288156,0.9879543625761917,1607.0973160288156,1.0004268933318372,1607.0889828112497,1.0149925101671031,1606.973706620562,1.0043106125651682
1607.0987048984882,0.9943289124179132,1607.0987048984882,1.0004642052908024,1607.0903716809214,0.9909332314119826,1606.975095490234,1.001202478026267
1607.10009376816,1.004707467671745,1607.10009376816,1.0004088526991672,1607.0917605505936,0.9911929731897826,1606.9764843603723,0.9862985192815796
1607.1014826378312,0.9922396559145031,1607.1014826378312,1.0003965273824058,1607.0931494202653,0.9939453389670976,1606.977873230044,0.9979932874895664
1607.1028715070372,1.0096025813050646,1607.1028715070372,1.0004544132037365,1607.0945382894718,1.0073129339308526,1606.979262100181,1.0008587381225222
1607.1042603767094,1.0137296930398842,1607.1042603767094,1.0004355448737758,1607.0959271591437,1.0040232791699464,1606.980650969853,1.002700240726668
1607.105649246381,1.0002326749418888,1607.105649246381,1.000393209893327,1607.0973160288156,0.988376113705735,1606.9820398399904,0.9983291440740476
1607.1070381160537,1.0084883909156523,1607.1070381160537,1.0003486369574615,1607.0987048984882,0.9947904851598554,1606.9834287096626,0.9936580055718756
1607.1084269857265,1.000097617137157,1607.1084269857265,1.0004049049402248,1607.10009376816,1.005118245031776,1606.9848175798008,1.0054716352056534
1607.109815854932,1.0016692297445204,1607.109815854932,1.0004092446282515,1607.1014826378312,0.9926331061079822,1606.9862064494723,0.9882536504185568
1607.111204724603,0.9969296583146129,1607.111204724603,1.000317864506335,1607.1028715070372,1.010061358048536,1606.9875953196097,1.0039273201458088
1607.1125935942753,1.0133438492379347,1607.1125935942753,1.0004386308872504,1607.1042603767094,1.0141712178110822,1606.9889841892816,1.0075769571665285
1607.113982463948,0.9978073519535093,1607.113982463948,1.0003494651490636,1607.105649246381,1.000625976325305,1606.990373059419,1.014628246449414
1607.1153713331548,1.0125401926875446,1607.1153713331548,1.000323703632146,1607.1070381160537,1.0088399872398963,1606.9917619290916,0.9935424062092284
1607.1167602028263,1.002212257972966,1607.1167602028263,1.000249097198019,1607.1084269857265,1.000502561603043,1606.9931507987642,1.0008957761311306
1607.1181490724978,0.9866822605610276,1607.1181490724978,1.000238341411191,1607.109815854932,1.0020791574960783,1606.9945396689016,1.0019320928160262
1607.119537942169,1.0040716487134302,1607.119537942169,1.000270212434466,1607.111204724603,0.9972465468683038,1606.9959285385728,0.9916104493124998
1607.120926811375,0.9924261153326902,1607.120926811375,1.000307247687797,1607.1125935942753,1.0137883331496158,1606.9973174087097,0.9987077472776384
1607.1223156810477,1.0080567730873304,1607.1223156810477,1.0003756240454245,1607.113982463948,0.9981560508484966,1606.998706278382,1.0073490205043776
1607.1237045507205,0.9872356683756498,1607.1237045507205,1.0003594195398955,1607.1153713331548,1.0128679556256113,1607.0000951480545,0.9979017458426024
1607.1250934199268,0.9920638359126978,1607.1250934199268,1.000365642622361,1607.1167602028263,1.0024619062382472,1607.0014840181927,0.994021046015886
1607.126482289598,0.9965556849890239,1607.126482289598,1.0003214530594975,1607.1181490724978,0.9869174278034069,1607.0028728878644,0.9943618636547312
1607.1278711592693,1.0163965573236358,1607.1278711592693,1.0003993069515895,1607.119537942169,1.0043429613580075,1607.0042617580011,1.0070669879617635
1607.1292600284753,1.0030739168114151,1607.1292600284753,1.000425851385246,1607.120926811375,0.9927310359619356,1607.0056506276726,0.9984852473873932
1607.130648898148,0.9916560884314283,1607.130648898148,1.0003228817675995,1607.1223156810477,1.0084354234504551,1607.0070394973452,1.0023924514771505
1607.1320377678203,1.0053623988460574,1607.1320377678203,1.0002894085365452,1607.1237045507205,0.9875905001653458,1607.0084283674837,1.0015404413598616
1607.133426637027,1.0018631764518102,1607.133426637027,1.0002648263311293,1607.1250934199268,0.9924265767352104,1607.0098172371552,0.996726655554811
1607.1348155066987,0.9985608431457836,1607.1348155066987,1.0003195057411998,1607.126482289598,0.9968760308629232,1607.011206106827,1.0060852428748726
1607.13620437637,1.0008532599481468,1607.13620437637,1.0004178405950306,1607.1278711592693,1.0168024115345466,1607.0125949769642,0.99866839864097
1607.137593245576,1.005924826550833,1607.137593245576,1.0003677570247747,1607.1292600284753,1.0035010772283934,1607.0139838466357,1.001754038536111
1607.1389821152486,1.0049080289921002,1607.1389821152486,1.0004266801119295,1607.130648898148,0.9919762761021118,1607.015372716308,1.010018747348724
1607.140370984455,0.9928495300176755,1607.140370984455,1.0004106538732873,1607.1320377678203,1.005653359306605,1607.0167615859807,0.9970331535710008
1607.1417598541268,0.9951724912010077,1607.1417598541268,1.0003978486769083,1607.133426637027,1.0021284962011237,1607.018150456118,1.0111717507506484
1607.143148723799,1.0008429314171192,1607.143148723799,1.0003592437912696,1607.1348155066987,0.998879889068106,1607.0195393257902,0.9987300380424522
1607.1445375930043,0.9975834081794482,1607.1445375930043,1.0003519447206197,1607.13620437637,1.0012714570698218,1607.020928195462,1.0068996033467137
1607.1459264626762,0.9977178979467749,1607.1459264626762,1.000317092849274,1607.137593245576,1.0062947624721923,1607.022317065134,1.0060993784818275
1607.1473153318832,1.00063509799561,1607.1473153318832,1.0002182006954796,1607.1389821152486,1.0053368032623893,1607.0237059352714,1.0114514726652022
1607.1487042015551,0.9982300415741039,1607.1487042015551,1.0002390467618067,1607.140370984455,0.9932572475227688,1607.0250948049436,1.0050471592391077
1607.1500930707614,1.0034337747687139,1607.1500930707614,1.0001873554595389,1607.1417598541268,0.9955684192599276,1607.027872544287,1.012760511420823
1607.1514819404335,0.9882815096196048,1607.1514819404335,1.000206300734611,1607.143148723799,1.001202478026267,1607.0292614144248,1.0069545827026112
1607.1528708096396,1.0032051870275454,1607.1528708096396,1.0001535662053462,1607.1445375930043,0.9979345023933348,1607.0306502840965,1.0021443307992992
1607.1542596793113,0.9938905376629502,1607.1542596793113,1.000019923808763,1607.1459264626762,0.9980342671578064,1607.032039153769,1.0086013809128802
1607.1556485489834,0.9895336998074714,1607.1556485489834,0.9999777871436666,1607.1473153318832,1.000853437269914,1607.0334280234404,0.9972313918666164
1607.1570374181897,1.0097228034116144,1607.1570374181897,0.9999853746223644,1607.1487042015551,0.9984686652330804,1607.0348168931123,1.0071139480791
1607.1584262878616,1.0084138018690452,1607.1584262878616,0.9998963604756196,1607.1500930707614,1.0036217735647024,1607.03620576325,0.9977653508274156
1607.1598151570677,1.001362956734928,1607.1598151570677,0.9999553853407829,1607.1514819404335,0.9884853928210418,1607.0375946329225,1.0007854776210916
1607.1612040262742,1.0047093916108023,1607.1612040262742,0.9998630349070511,1607.1528708096396,1.0033592454413007,1607.0389835025946,0.9893103549980992
1607.162592895946,0.994360669415096,1607.162592895946,0.9998192664381667,1607.1542596793113,0.993910339747954,1607.040372372266,1.017165384018908
1607.1639817651524,1.006805072684613,1607.1639817651524,0.9997486276653812,1607.1556485489834,0.9895117194375606,1607.0417612419376,0.9894346531957956
1607.165370634824,1.0009203620749803,1607.165370634824,0.9998260629138381,1607.1570374181897,1.0097080358343071,1607.0431501116095,1.0078160392110864
1607.1667595040306,1.0064128025964871,1607.1667595040306,0.999823153546838,1607.1584262878616,1.0083092903422408,1607.044538981747,0.9924027228984736
1607.1681483737032,0.98529808615681,1607.1681483737032,0.9998450842045185,1607.1598151570677,1.0013182812678607,1607.0459278514195,0.9989237230415966
1607.16953724291,1.0011528743377662,1607.16953724291,0.9997841982135948,1607.1612040262742,1.0045717814955937,1607.0473167210923,0.9942317888868848
1607.1709261125811,1.0031061063700628,1607.1709261125811,0.9998163212970053,1607.162592895946,0.9941809550695656,1607.0487055907636,1.0086830004511165
1607.1723149817865,0.9969051202131751,1607.1723149817865,0.9998115737535169,1607.1639817651524,1.0065519897429862,1607.0500944604348,0.996876438620816
1607.1737038514586,1.0075043291508576,1607.1737038514586,0.9998011265184157,1607.165370634824,1.0007462649037209,1607.0514833301063,1.0027391136457946
1607.175092720665,0.9998205648493154,1607.175092720665,0.99968578784058,1607.1667595040306,1.006234822061931,1607.0528721997791,0.9984235400262624
1607.1764815898716,1.0045622447943543,1607.1764815898716,0.9996565580794459,1607.1681483737032,0.9851454479200066,1607.0542610694515,1.0009349888485013
1607.1778704595442,0.9985258200608161,1607.1778704595442,0.9995832679691836,1607.16953724291,1.0009368237590195,1607.055649939124,1.008373172412134
1607.1792593287498,0.9872421328198732,1607.1792593287498,0.9995566215238322,1607.1709261125811,1.0029218571414786,1607.0570388087951,0.9958732862445456
1607.1806481979554,0.9800508781131115,1607.1806481979554,0.9995036171649585,1607.1723149817865,0.9967172771232736,1607.058427678932,0.9962044536132584
1607.1820370676276,1.0020887522320021,1607.1820370676276,0.9993915923777518,1607.1737038514586,1.007303963257208,1607.0598165486035,0.9981425268783808
1607.1834259368345,1.0032445062653694,1607.1834259368345,0.9994581720220563,1607.175092720665,0.9995064090706016,1607.0612054182764,0.995005849286974
1607.1848148065071,0.9986921714827494,1607.1848148065071,0.9994242534688886,1607.1764815898716,1.004217236007686,1607.062594287949,0.9920184790440306
1607.1862036757132,0.9971677519374894,1607.1862036757132,0.9994127581894446,1607.1778704595442,0.9981097023679996,1607.063983157621,0.9990107113920896
1607.1875925449187,0.9959786352071908,1607.1875925449187,0.9994750639553093,1607.1792593287498,0.9868044109074148,1607.065372027292,0.982647251229288
1607.18898141459,1.012855049112922,1607.18898141459,0.9995158214920088,1607.1806481979554,0.9795643976797488,1607.0667608969632,1.0001112499451226
1607.190370283796,1.011676505532893,1607.190370283796,0.9994549887258215,1607.1820370676276,1.001479073796975,1607.0681497666358,1.006815197462876
1607.191759153003,0.9925966689499706,1607.191759153003,0.9994432410512044,1607.1834259368345,1.0027009203231565,1607.0695386363084,0.9945801500467496
1607.1931480226756,1.0117764155932791,1607.1931480226756,0.9993694604255232,1607.1848148065071,0.99811717792937,1607.0709275059803,0.9894276533519668
1607.194536891882,1.008979746633463,1607.194536891882,0.9992753628008287,1607.1862036757132,0.9965821733414142,1607.0723163756522,1.0010972764898896
1607.195925761088,1.0015087995198109,1607.195925761088,0.9993110857223836,1607.1875925449187,0.9954558101218286,1607.0737052453237,0.998292309944386
1607.1973146302937,0.9974041810868574,1607.1973146302937,0.9993161460103626,1607.18898141459,1.012364646466431,1607.0750941149947,1.0070706577828
1607.198703499966,0.9971294238801393,1607.198703499966,0.999368910574913,1607.190370283796,1.011125130431556,1607.076482984667,0.991858569990351
1607.2000923691728,0.989598596691354,1607.2000923691728,0.999390768267741,1607.191759153003,0.992044031871988,1607.07787185434,1.0020424592857142
1607.2014812383788,0.9924728753974695,1607.2014812383788,0.999318586307385,1607.1931480226756,1.0111384505227252,1607.0792607235464,1.0081408183728096
1607.202870107585,0.999460369715077,1607.202870107585,0.9993498496704224,1607.194536891882,1.008248602375842,1607.080649593218,0.9950915464041394
1607.204258977257,1.0132579660604564,1607.204258977257,0.9992910753999792,1607.195925761088,1.000818845808663,1607.0820384628898,0.993381681639763
1607.2056478464626,1.002358211301756,1607.2056478464626,0.999175746824805,1607.1973146302937,0.99672210225834,1607.083427332562,0.9936684713577943
1607.207036715669,0.9987904793596747,1607.207036715669,0.9992553237125265,1607.198703499966,0.9965001460452854,1607.0848162022337,1.0073812333779193
1607.2084255848756,0.9952151438266743,1607.2084255848756,0.999253446185468,1607.2000923691728,0.9889957018240506,1607.086205071906,1.003280684087262
1607.2098144545478,0.998412244917999,1607.2098144545478,0.9993584074649489,1607.2014812383788,0.9917965907906248,1607.0875939415776,0.9962517535288388
1607.2112033237538,1.0098034413084795,1607.2112033237538,0.9993630164277341,1607.202870107585,0.998810570226307,1607.0889828112497,1.0149925101671031
1607.2125921929603,0.9963463322460515,1607.2125921929603,0.9993428970212267,1607.204258977257,1.0125396425621491,1607.0903716809214,0.9909332314119826
1607.2139810621663,1.0123460609062847,1607.2139810621663,0.9993734328501027,1607.2056478464626,1.0015320143634077,1607.0917605505936,0.9911929731897826
1607.2153699313728,0.9997880633433964,1607.2153699313728,0.9993113253543023,1607.207036715669,0.9980467037735412,1607.0931494202653,0.9939453389670976
1607.2167588010443,1.0050694498593986,1607.2167588010443,0.9994390506027335,1607.2084255848756,0.9944721621647704,1607.0945382894718,1.0073129339308526
1607.218147670251,0.9925682710298284,1607.218147670251,0.9994393816046477,1607.2098144545478,0.997771671074756,1607.0959271591437,1.0040232791699464
1607.219536539457,1.0029334637755274,1607.219536539457,0.9995207417564741,1607.2112033237538,1.0091602131051485,1607.0973160288156,0.988376113705735
1607.2209254086636,1.0027956660207014,1607.2209254086636,0.9995281062754131,1607.2125921929603,0.9956916301032428,1607.0987048984882,0.9947904851598554
1607.2223142778696,1.0052064837451535,1607.2223142778696,0.9994526891187819,1607.2139810621663,1.0117117581201929,1607.10009376816,1.005118245031776
1607.223703147076,1.0125369895262812,1607.223703147076,0.9994754068136495,1607.2153699313728,0.9990995346531006,1607.1014826378312,0.9926331061079822
1607.225092016282,0.9983361215599648,1607.225092016282,0.9994986653844753,1607.2167588010443,1.004505656757289,1607.1028715070372,1.010061358048536
1607.2264808859538,1.000455096375569,1607.2264808859538,0.9993985883621773,1607.218147670251,0.992011818998446,1607.1042603767094,1.0141712178110822
1607.2278697551603,1.0007013203534294,1607.2278697551603,0.9994794775671713,1607.219536539457,1.002452799645305,1607.105649246381,1.000625976325305
1607.2292586243673,0.9958716669918043,1607.2292586243673,0.9994114063394376,1607.2209254086636,1.0023224530388632,1607.1070381160537,1.0088399872398963
1607.2306474935742,0.9967543550606601,1607.2306474935742,0.9992916963370535,1607.2223142778696,1.004656323298729,1607.1084269857265,1.000502561603043
1607.2320363627798,0.9984182417873991,1607.2320363627798,0.9993269477728094,1607.223703147076,1.012005819520648,1607.109815854932,1.0020791574960783
1607.2334252319854,1.005442011993731,1607.2334252319854,0.999326508015624,1607.225092016282,0.997835621104298,1607.111204724603,0.9972465468683038
1607.2348141011914,0.9951315660905395,1607.2348141011914,0.9992703072381014,1607.2264808859538,0.9998534110374896,1607.1125935942753,1.0137883331496158
1607.236202970398,0.9843738534527853,1607.236202970398,0.9992161867405489,1607.2278697551603,1.000180432867624,1607.113982463948,0.9981560508484966
1607.2375918396049,1.008104112766234,1607.2375918396049,0.9992626404027152,1607.2292586243673,0.9952855032418793,1607.1153713331548,1.0128679556256113
1607.2389807088118,0.9928971304599183,1607.2389807088118,0.999255308457677,1607.2306474935742,0.9960483502999128,1607.1167602028263,1.0024619062382472
1607.2403695780174,1.004746846640142,1607.2403695780174,0.9992143768224846,1607.2320363627798,0.9977462541660964,1607.1181490724978,0.9869174278034069
1607.241758447223,0.9998779793834379,1607.241758447223,0.9991548516882983,1607.2334252319854,1.0047648548578985,1607.119537942169,1.0043429613580075
1607.243147316429,0.9916708640721134,1607.243147316429,0.9991182201021619,1607.2348141011914,0.9944054257896264,1607.120926811375,0.9927310359619356
1607.244536185636,1.0054646642640874,1607.244536185636,0.9991787492243085,1607.236202970398,0.983602288174192,1607.1223156810477,1.0084354234504551
1607.245925054843,1.0075756656098025,1607.245925054843,0.9991945281823079,1607.2375918396049,1.0073607775236235,1607.1237045507205,0.9875905001653458
1607.247313924049,1.0017931613137432,1607.247313924049,0.9992677785219262,1607.2389807088118,0.992157728364468,1607.1250934199268,0.9924265767352104
1607.2487027932546,0.997619962341802,1607.2487027932546,0.9991720026003513,1607.2403695780174,1.003957494229886,1607.126482289598,0.9968760308629232
1607.25009166246,1.0096140313821134,1607.25009166246,0.9991705914251474,1607.241758447223,0.9990329341972544,1607.1278711592693,1.0168024115345466
1607.2514805316666,0.988784334914686,1607.2514805316666,0.9992140791926816,1607.243147316429,0.9907964286389028,1607.1292600284753,1.0035010772283934
1607.2528694008736,1.0040664745468397,1607.2528694008736,0.9992659217192719,1607.244536185636,1.00463892562863,1607.130648898148,0.9919762761021118
1607.2542582700803,0.9985546019590563,1607.2542582700803,0.999187759810709,1607.245925054843,1.0067640918069614,1607.1320377678203,1.005653359306605
1607.2556471392866,0.9950108612077503,1607.2556471392866,0.9991043939151657,1607.247313924049,1.0010596268444418,1607.133426637027,1.0021284962011237
1607.257036008493,0.9951038465557587,1607.257036008493,0.9991134074908353,1607.2487027932546,0.9967939356071454,1607.1348155066987,0.998879889068106
1607.2584248776986,1.0007744881135092,1607.2584248776986,0.9989998449448159,1607.25009166246,1.0087766488471936,1607.13620437637,1.0012714570698218
1607.259813746905,1.0137017944780566,1607.259813746905,0.998928508330122,1607.2514805316666,0.988007228731926,1607.137593245576,1.0062947624721923
1607.2612026161116,1.01438984651728,1607.2612026161116,0.9989814635265403,1607.2528694008736,1.0033294111554676,1607.1389821152486,1.0053368032623893
1607.2625914853177,1.0011548190238522,1607.2625914853177,0.9989741298103452,1607.2542582700803,0.9977435357801436,1607.140370984455,0.9932572475227688
1607.2639803545242,1.0066102294365655,1607.2639803545242,0.9988486962162518,1607.2556471392866,0.9941197234259764,1607.1417598541268,0.9955684192599276
1607.2653692237302,1.0011706308367228,1607.2653692237302,0.9988213025916243,1607.257036008493,0.9942215949395614,1607.143148723799,1.001202478026267
1607.26675809247,1.0081387995280209,1607.26675809247,0.998819276478238,1607.2584248776986,0.9997735584501232,1607.1445375930043,0.9979345023933348
1607.2681469616766,0.9904482168231336,1607.2681469616766,0.998821248590193,1607.259813746905,1.012615621449533,1607.1459264626762,0.9980342671578064
1607.2695358308836,1.0097499820193296,1607.2695358308836,0.9987348822744596,1607.2612026161116,1.013356653460295,1607.1473153318832,1.000853437269914
1607.2709247000896,0.9955568880121638,1607.2709247000896,0.9987651012668984,1607.2625914853177,1.0001277641397863,1607.1487042015551,0.9984686652330804
1607.272313569296,0.9832663097129408,1607.272313569296,0.9988310922360891,1607.2639803545242,1.0054513152706557,1607.1500930707614,1.0036217735647024
1607.273702438502,1.0134344225514917,1607.273702438502,0.9988760052929804,1607.2653692237302,0.9999905536088136,1607.1514819404335,0.9884853928210418
1607.2750913077086,1.0030771066939441,1607.2750913077086,0.9989187971859508,1607.26675809247,1.0069484663342172,1607.1528708096396,1.0033592454413007
1607.276480176449,1.0096179437439903,1607.276480176449,0.9988305622039182,1607.2681469616766,0.9892807245912124,1607.1542596793113,0.993910339747954
1607.2778690456555,0.9946740934500783,1607.2778690456555,0.9988649178439646,1607.2695358308836,1.008472529418713,1607.1556485489834,0.9895117194375606
1607.2792579148615,0.991557524559943,1607.2792579148615,0.9988587531248646,1607.2709247000896,0.994327476072427,1607.1570374181897,1.0097080358343071
1607.2806467840676,1.0023159854807162,1607.2806467840676,0.9988998460702411,1607.272313569296,0.9821169620895254,1607.1584262878616,1.0083092903422408
1607.282035653274,1.004078207408454,1607.282035653274,0.9989967765960107,1607.273702438502,1.0122953276246325,1607.1598151570677,1.0013182812678607
1607.2834245220145,0.9978881587138124,1607.2834245220145,0.9989935620715559,1607.2750913077086,1.0019925769034783,1607.1612040262742,1.0045717814955937
1607.284813391221,1.0051240955819345,1607.284813391221,0.9988635514731058,1607.276480176449,1.0084372583609738,1607.162592895946,0.9941809550695656
1607.286202260427,0.9971442308798296,1607.286202260427,0.9988616558546539,1607.2778690456555,0.9935450566355324,1607.1639817651524,1.0065519897429862
1607.2875911296337,0.9910738412684837,1607.2875911296337,0.9988502564315116,1607.2792579148615,0.990425912633522,1607.165370634824,1.0007462649037209
1607.2889799988395,0.992243238381447,1607.2889799988395,0.9988889919329562,1607.2806467840676,1.0012132836104295,1607.1667595040306,1.006234822061931
1607.2903688675804,1.002241977336876,1607.2903688675804,0.9987770331156556,1607.282035653274,1.0030708926513463,1607.1681483737032,0.9851454479200066
1607.2917577367873,1.0067915951074633,1607.2917577367873,0.9988137539914509,1607.2834245220145,0.9968838462225376,1607.16953724291,1.0009368237590195
1607.2931466059931,0.9957521140256027,1607.2931466059931,0.9987040091723404,1607.284813391221,1.0039818237841645,1607.1709261125811,1.0029218571414786
1607.2945354747333,1.0009191874566032,1607.2945354747333,0.9986948461051434,1607.286202260427,0.996009137582542,1607.1723149817865,0.9967172771232736
1607.2959243439398,0.9984287545673184,1607.2959243439398,0.9986213294351735,1607.2875911296337,0.9899343604935882,1607.1737038514586,1.007303963257208
1607.2973132131458,0.9998330257014575,1607.2973132131458,0.9985673047402168,1607.2889799988395,0.9911408481391356,1607.175092720665,0.9995064090706016
1607.2987020823527,0.9937835283494274,1607.2987020823527,0.998587990145705,1607.2903688675804,1.0010162685884931,1607.1764815898716,1.004217236007686
1607.300090951094,0.9945440264072317,1607.300090951094,0.9985339641476076,1607.2917577367873,1.0055972925963264,1607.1778704595442,0.9981097023679996
1607.3014798202996,0.9942204511487854,1607.3014798202996,0.9985272178669293,1607.2931466059931,0.9944616284192028,1607.1792593287498,0.9868044109074148
1607.3028686895052,0.9838739825459255,1607.3028686895052,0.9985196936238836,1607.2945354747333,0.9996128338806576,1607.1806481979554,0.9795643976797488
1607.3042575582456,0.9968175923952903,1607.3042575582456,0.9985080842905613,1607.2959243439398,0.99705225023232,1607.1820370676276,1.001479073796975
1607.305646427452,0.9966192874687954,1607.305646427452,0.9985059449645924,1607.2973132131458,0.9984005696649604,1607.1834259368345,1.0027009203231565
1607.307035296659,0.9952246138536286,1607.307035296659,0.9985337661304788,1607.2987020823527,0.992380296214362,1607.1848148065071,0.99811717792937
1607.3084241654003,1.0047101279360902,1607.3084241654003,0.9985839539146305,1607.300090951094,0.993085989207736,1607.1862036757132,0.9965821733414142
1607.309813034606,0.9913512974054095,1607.309813034606,0.9985035200220646,1607.3014798202996,0.992756181032,1607.1875925449187,0.9954558101218286
1607.3112019038117,0.9983843784924342,1607.3112019038117,0.9984650467917404,1607.3028686895052,0.9824175476162678,1607.18898141459,1.012364646466431
1607.312590772552,1.0035035965598889,1607.312590772552,0.9985130149619775,1607.3042575582456,0.9953304245697508,1607.190370283796,1.011125130431556
1607.3139796417588,0.9992114257266592,1607.3139796417588,0.9984998695296768,1607.305646427452,0.9951302834039684,1607.191759153003,0.992044031871988
1607.3153685105,0.9878312626941931,1607.3153685105,0.998490822911168,1607.307035296659,0.9937653818170152,1607.1931480226756,1.0111384505227252
1607.316757379706,0.9925321933667843,1607.316757379706,0.998427077327577,1607.3084241654003,1.0032874120924953,1607.194536891882,1.008248602375842
1607.3181462489115,0.990068402431587,1607.3181462489115,0.9984373535079321,1607.309813034606,0.989867760037742,1607.195925761088,1.000818845808663
1607.3195351176516,0.9971114237772342,1607.3195351176516,0.9983631041249343,1607.3112019038117,0.996851905187591,1607.1973146302937,0.99672210225834
1607.320923986858,1.000424334191447,1607.320923986858,0.9983167479790115,1607.312590772552,1.0020114017262025,1607.198703499966,0.9965001460452854
1607.3223128555994,0.9927743321365176,1607.3223128555994,0.998336897426756,1607.3139796417588,0.9977124782206316,1607.2000923691728,0.9889957018240506
1607.3237017248064,1.013009987797645,1607.3237017248064,0.9983145134366097,1607.3153685105,0.986340450384903,1607.2014812383788,0.9917965907906248
1607.3250905935467,1.0021850017450376,1607.3250905935467,0.9983509972177952,1607.316757379706,0.990971016976728,1607.202870107585,0.998810570226307
1607.3264794627532,0.9998075587852711,1607.3264794627532,0.9984255951228476,1607.3181462489115,0.98852127551562,1607.204258977257,1.0125396425621491
1607.3278683314932,0.9984064066346066,1607.3278683314932,0.9984789573240459,1607.3195351176516,0.9954792562006723,1607.2056478464626,1.0015320143634077
1607.3292572006992,0.9965178848727393,1607.3292572006992,0.9984753838428265,1607.320923986858,0.9987403679090732,1607.207036715669,0.9980467037735412
1607.3306460699062,0.9963853760603564,1607.3306460699062,0.9984609816494613,1607.3223128555994,0.9911232465900908,1607.2084255848756,0.9944721621647704
1607.332034938647,1.00488287691142,1607.332034938647,0.9984701109407829,1607.3237017248064,1.011302573074632,1607.2098144545478,0.997771671074756
1607.333423807853,0.9846452197707518,1607.333423807853,0.9984995634957466,1607.3250905935467,1.000532395888876,1607.2112033237538,1.0091602131051485
1607.3348126765934,1.0076406514067766,1607.3348126765934,0.9985808204761987,1607.3264794627532,0.9982334568885056,1607.2125921929603,0.9956916301032428
1607.336201545333,1.0102084280772192,1607.336201545333,0.9986459930817573,1607.3278683314932,0.9968877878821694,1607.2139810621663,1.0117117581201929
1607.3375904145398,1.0023833275090583,1607.3375904145398,0.9986386322120911,1607.3292572006992,0.99499857760455,1607.2153699313728,0.9990995346531006
1607.338979283281,1.000840812995302,1607.338979283281,0.9987118044137071,1607.3306460699062,0.994851920682391,1607.2167588010443,1.004505656757289
1607.3403681524871,0.9997367859957642,1607.3403681524871,0.99871659030317,1607.332034938647,1.0033455175922386,1607.218147670251,0.992011818998446
1607.341757021228,1.0137175776348404,1607.341757021228,0.9987454224176693,1607.333423807853,0.9831678221392692,1607.219536539457,1.002452799645305
1607.343145890434,0.9925358646908443,1607.343145890434,0.9987347205923778,1607.3348126765934,1.0062106284269503,1607.2209254086636,1.0023224530388632
1607.3445347591748,1.004497359982659,1607.3445347591748,0.9988182015250096,1607.336201545333,1.0088405988767355,1607.2223142778696,1.004656323298729
1607.345923628381,1.0131251552406524,1607.345923628381,0.9987191495228378,1607.3375904145398,1.0010187151358507,1607.223703147076,1.012005819520648
1607.3473124971215,0.9971472835309906,1607.3473124971215,0.9986405049213187,1607.338979283281,0.9995515342774196,1607.225092016282,0.997835621104298
1607.348701365862,0.9958040417677334,1607.348701365862,0.9986436724401715,1607.3403681524871,0.9984537141103396,1607.2264808859538,0.9998534110374896
1607.3500902350686,0.9989302037985432,1607.3500902350686,0.9985686410957944,1607.341757021228,1.0124457902871251,1607.2278697551603,1.000180432867624
1607.351479103809,0.9958592046999254,1607.351479103809,0.998576139911468,1607.343145890434,0.9912800294999244,1607.2292586243673,0.9952855032418793
1607.352867973016,1.0033051145090106,1607.352867973016,0.9985512344591702,1607.3445347591748,1.0033102465344996,1607.2306474935742,0.9960483502999128
1607.3542568417563,1.0009327727119497,1607.3542568417563,0.9985951307980078,1607.345923628381,1.0118274934021374,1607.2320363627798,0.9977462541660964
1607.3556457104962,0.9890632269869741,1607.3556457104962,0.9986206511526433,1607.3473124971215,0.9957916667063098,1607.2334252319854,1.0047648548578985
1607.3570345797027,1.0059291859761783,1607.3570345797027,0.9986409354361864,1607.348701365862,0.9944534053016952,1607.2348141011914,0.9944054257896264
1607.358423448443,1.0098673187355292,1607.358423448443,0.9986956906383401,1607.3500902350686,0.9975003761566562,1607.236202970398,0.983602288174192
1607.3598123171844,0.9845554078546884,1607.3598123171844,0.9986505617361483,1607.351479103809,0.994441240524556,1607.2375918396049,1.0073607775236235
1607.361201186391,0.9978973142915446,1607.361201186391,0.9987476709372632,1607.352867973016,1.0018515606321716,1607.2389807088118,0.992157728364468
1607.3625900551312,1.0030440929939501,1607.3625900551312,0.9988348004909713,1607.3542568417563,0.999526593086302,1607.2403695780174,1.003957494229886
1607.3639789238712,1.0056779156995777,1607.3639789238712,0.99879077297334,1607.3556457104962,0.9876989637648668,1607.241758447223,0.9990329341972544
1607.3653677930777,0.9849092034201004,1607.3653677930777,0.9988957261690913,1607.3570345797027,1.004562063265812,1607.243147316429,0.9907964286389028
1607.366756661818,1.00015473426192,1607.366756661818,0.9988459617521027,1607.358423448443,1.008550139337668,1607.244536185636,1.00463892562863
1607.368145530559,0.9996463856565289,1607.368145530559,0.9988923620557163,1607.3598123171844,0.9832268111144472,1607.245925054843,1.0067640918069614
1607.3695343997665,0.9995894720860911,1607.3695343997665,0.9989550828649657,1607.361201186391,0.9966476184832304,1607.247313924049,1.0010596268444418
1607.3709232685062,1.00839357851883,1607.3709232685062,0.9988924293999965,1607.3625900551312,1.0018753465092594,1607.2487027932546,0.9967939356071454
1607.372312137246,1.001894837142302,1607.372312137246,0.9988389484808158,1607.3639789238712,1.0044618227837985,1607.25009166246,1.0087766488471936
1607.3737010059865,0.9971737124198586,1607.3737010059865,0.9988770367541829,1607.3653677930777,0.9838215939609424,1607.2514805316666,0.988007228731926
1607.3750898751937,0.9907297819192621,1607.3750898751937,0.9988371464311256,1607.366756661818,0.999000517444766,1607.2528694008736,1.0033294111554676
1607.3764787439347,0.9989555815064091,1607.3764787439347,0.9988254645670358,1607.368145530559,0.9985391393889096,1607.2542582700803,0.9977435357801436
1607.3778676126756,1.0029472063959732,1607.3778676126756,0.9989028306453205,1607.3695343997665,0.9985449839187084,1607.2556471392866,0.9941197234259764
1607.3792564814155,0.995037805799189,1607.3792564814155,0.9988414359800933,1607.3709232685062,1.0072767114380303,1607.257036008493,0.9942215949395614
1607.380645350621,0.9958688983546881,1607.380645350621,0.9988135225995134,1607.372312137246,1.000731585619575,1607.2584248776986,0.9997735584501232
1607.3820342193617,0.9947751091466548,1607.3820342193617,0.9988048866995118,1607.3737010059865,0.9960539229911162,1607.259813746905,1.012615621449533
1607.3834230881027,0.9910250035545841,1607.3834230881027,0.9988682095236388,1607.3750898751937,0.9895777082565672,1607.2612026161116,1.013356653460295
1607.384811956844,0.99582247008294,1607.384811956844,0.9989197362288513,1607.3764787439347,0.9977822727799724,1607.2625914853177,1.0001277641397863
1607.3862008255849,1.0067228494701008,1607.3862008255849,0.9988166139126953,1607.3778676126756,1.001846803456754,1607.2639803545242,1.0054513152706557
1607.387589694791,1.0016986634393532,1607.387589694791,0.998812236022274,1607.3792564814155,0.9938849907989432,1607.2653692237302,0.9999905536088136
1607.3889785635308,0.98945175668111,1607.3889785635308,0.9988421452527355,1607.380645350621,0.9946873224129428,1607.26675809247,1.0069484663342172
1607.3903674322712,1.0025487455837139,1607.3903674322712,0.9988502798262637,1607.3820342193617,0.993586240182719,1607.2681469616766,0.9892807245912124
1607.3917563010125,0.9941198332292954,1607.3917563010125,0.9988153876433159,1607.3834230881027,0.9899033708937252,1607.2695358308836,1.008472529418713
1607.393145169753,0.9969637771798281,1607.393145169753,0.9988185257372139,1607.384811956844,0.9947467191460136,1607.2709247000896,0.994327476072427
1607.3945340384937,0.9924096383992576,1607.3945340384937,0.9988366879097783,1607.3862008255849,1.005531507656266,1607.272313569296,0.9821169620895254
1607.3959229077002,1.0022243176603496,1607.3959229077002,0.9987818161822952,1607.387589694791,1.0005088818503836,1607.273702438502,1.0122953276246325
1607.39731177644,1.0075427383165632,1607.39731177644,0.9988486482858956,1607.3889785635308,0.9883061152674476,1607.2750913077086,1.0019925769034783
1607.3987006451805,1.0093894178337637,1607.3987006451805,0.9989371239779774,1607.3903674322712,1.0013960950657623,1607.276480176449,1.0084372583609738
1607.4000895139218,1.0046899947756458,1607.4000895139218,0.9988357075989935,1607.3917563010125,0.9929421865908272,1607.2778690456555,0.9935450566355324
1607.4014783826626,0.9949791835299101,1607.4014783826626,0.9987718086462204,1607.393145169753,0.99578589013616,1607.2792579148615,0.990425912633522
1607.402867251403,0.9964928878676509,1607.402867251403,0.9987222813720171,1607.3945340384937,0.9912551562684552,1607.2806467840676,1.0012132836104295
1607.4042561201438,1.0037794682919994,1607.4042561201438,0.998766138358778,1607.3959229077002,1.0010034242148655,1607.282035653274,1.0030708926513463
1607.4056449888842,0.9993471239752618,1607.4056449888842,0.9988802330319799,1607.39731177644,1.006382702257769,1607.2834245220145,0.9968838462225376
1607.4070338576246,1.003003837299587,1607.4070338576246,0.9988397234339602,1607.3987006451805,1.0083165620246648,1607.284813391221,1.0039818237841645
1607.4084227263654,1.0079032225593152,1607.4084227263654,0.9988573275076336,1607.4000895139218,1.0035202418493614,1607.286202260427,0.996009137582542
1607.4098115951058,0.9893479692864012,1607.4098115951058,0.9988377780754308,1607.4014783826626,0.993757158699508,1607.2875911296337,0.9899343604935882
1607.4112004638466,1.002289822785243,1607.4112004638466,0.9988350623964325,1607.402867251403,0.99521965034217,1607.2889799988395,0.9911408481391356
1607.412589333053,1.004096726809309,1607.412589333053,0.9988026478184762,1607.4042561201438,1.0025409433098278,1607.2903688675804,1.0010162685884931
1607.4139782017935,0.9993985302933747,1607.4139782017935,0.9989097740270768,1607.4056449888842,0.9982280880762484,1607.2917577367873,1.0055972925963264
1607.415367070534,0.9945594079618503,1607.415367070534,0.9989316528416231,1607.4070338576246,1.0018400754515204,1607.2931466059931,0.9944616284192028
1607.4167559392747,1.006604368956244,1607.4167559392747,0.9989696225087702,1607.4084227263654,1.0067515192719292,1607.2945354747333,0.9996128338806576
1607.418144808015,0.9943985876054318,1607.418144808015,0.9989443564289668,1607.4098115951058,0.9881981273854686,1607.2959243439398,0.99705225023232
1607.419533676756,0.9897746326167298,1607.419533676756,0.9989344613882815,1607.4112004638466,1.0011222176810075,1607.2973132131458,0.9984005696649604
1607.4209225454972,0.9937176917384802,1607.4209225454972,0.998956361706556,1607.412589333053,1.002894469403003,1607.2987020823527,0.992380296214362
1607.4223114142385,0.9984918312375326,1607.4223114142385,0.9989393253922346,1607.4139782017935,0.9983089600583476,1607.300090951094,0.993085989207736
1607.4237002829782,0.9996810632238486,1607.4237002829782,0.9989028514508579,1607.415367070534,0.9934968732445172,1607.3014798202996,0.992756181032
1607.4250891512522,1.000936915532329,1607.4250891512522,0.9989368600773815,1607.4167559392747,1.005567186471898,1607.3028686895052,0.9824175476162678
1607.426478019993,0.9997889140054701,1607.426478019993,0.999050066715379,1607.418144808015,0.9933488571293816,1607.3042575582456,0.9953304245697508
1607.4278668887334,1.0040375928490193,1607.4278668887334,0.999106362706968,1607.419533676756,0.9887199895287772,1607.305646427452,0.9951302834039684
1607.4292557574747,0.9978776917116766,1607.4292557574747,0.9990717363401315,1607.4209225454972,0.9926806099025092,1607.307035296659,0.9937653818170152
1607.430644626216,0.9902664608107398,1607.430644626216,0.9991320162949272,1607.4223114142385,0.9974327563060778,1607.3084241654003,1.0032874120924953
1607.432033494956,1.001946404207922,1607.432033494956,0.9991052459597674,1607.4237002829782,0.9985842645957278,1607.309813034606,0.989867760037742
1607.433422363696,1.0105691145758138,1607.433422363696,0.9991499443831682,1607.4250891512522,0.999872779537404,1607.3112019038117,0.996851905187591
1607.4348112324367,0.9941096973082827,1607.4348112324367,0.9991224691148463,1607.426478019993,0.9988391812384612,1607.312590772552,1.0020114017262025
1607.436200101177,0.9945595055374281,1607.436200101177,0.9992286597880179,1607.4278668887334,1.0031403474124432,1607.3139796417588,0.9977124782206316
1607.4375889699184,1.001705914504852,1607.4375889699184,0.9992962636766576,1607.4292557574747,0.9969513981134672,1607.3153685105,0.986340450384903
1607.4389778386596,0.9941803461076043,1607.4389778386596,0.9993065791782811,1607.430644626216,0.989406925659076,1607.316757379706,0.990971016976728
1607.440366706934,1.004427048850665,1607.440366706934,0.9993727694287305,1607.432033494956,1.0010499086146605,1607.3181462489115,0.98852127551562
1607.4417555756738,0.9988761591903624,1607.4417555756738,0.9994787674450117,1607.433422363696,1.009710074623772,1607.3195351176516,0.9954792562006723
1607.4431444444142,0.9943659236203902,1607.4431444444142,0.9995156587665616,1607.4348112324367,0.9932373353456638,1607.320923986858,0.9987403679090732
1607.4445333131555,0.9976314069575737,1607.4445333131555,0.999595901620587,1607.436200101177,0.993792361797598,1607.3223128555994,0.9911232465900908
1607.4459221818968,1.0003458993306975,1607.4459221818968,0.9995569357078307,1607.4375889699184,1.001000977667508,1607.3237017248064,1.011302573074632
1607.4473110506376,1.0037558220512348,1607.4473110506376,0.999599016921706,1607.4389778386596,0.9934909607550696,1607.3250905935467,1.000532395888876
1607.4486999193775,0.9833763877053359,1607.4486999193775,0.9996051858856815,1607.440366706934,1.0037970414990158,1607.3264794627532,0.9982334568885056
1607.4500887876518,1.000811619576389,1607.4500887876518,0.9994823183074719,1607.4417555756738,0.9983555124177907,1607.3278683314932,0.9968877878821694
1607.4514776563922,1.0003832812634668,1607.4514776563922,0.9994860254497158,1607.4431444444142,0.9938843112024548,1607.3292572006992,0.99499857760455
1607.4528665251337,0.9991072037918517,1607.4528665251337,0.9994346929562163,1607.4445333131555,0.9972282657227706,1607.3306460699062,0.994851920682391
1607.4542553938747,0.9990246123595076,1607.4542553938747,0.9993950075417961,1607.4459221818968,0.999902681782886,1607.332034938647,1.0033455175922386
1607.45564426215,1.0025546005371553,1607.45564426215,0.9993588103273554,1607.4473110506376,1.0033533329518531,1607.333423807853,0.9831678221392692
1607.4570331308898,1.0037518895904434,1607.4570331308898,0.9993659634257535,1607.4486999193775,0.9829881368277822,1607.3348126765934,1.0062106284269503
1607.4584219996295,1.0019083306069452,1607.4584219996295,0.9992653752421546,1607.4500887876518,1.0002935177232648,1607.336201545333,1.0088405988767355
1607.4598108683706,1.0136718756529324,1607.4598108683706,0.9992515064498901,1607.4514776563922,0.9998691097163676,1607.3375904145398,1.0010187151358507
1607.4611997366462,1.0075320265117902,1607.4611997366462,0.9991491073033197,1607.4528665251337,0.9985424014520532,1607.338979283281,0.9995515342774196
1607.462588605387,1.0065523106567837,1607.462588605387,0.9990983933409895,1607.4542553938747,0.99842021000347,1607.3403681524871,0.9984537141103396
1607.4639774741274,1.0053258608367772,1607.4639774741274,0.9991195158323831,1607.45564426215,1.0019117728810285,1607.341757021228,1.0124457902871251
1607.4653663428685,1.0090104489739815,1607.4653663428685,0.9991620454211353,1607.4570331308898,1.003115474180974,1607.343145890434,0.9912800294999244
1607.4667552111423,1.0031922887313747,1607.4667552111423,0.9991569811424199,1607.4584219996295,1.0011723039421898,1607.3445347591748,1.0033102465344996
1607.468144079883,1.003649218670521,1607.468144079883,0.9990596863592008,1607.4598108683706,1.0129131487920784,1607.345923628381,1.0118274934021374
1607.4695329486242,1.002391835388226,1607.4695329486242,0.9990608736322749,1607.4611997366462,1.0066747248687598,1607.3473124971215,0.9957916667063098
1607.4709218168994,0.9908765178585698,1607.4709218168994,0.9990226937746796,1607.462588605387,1.0056447963908532,1607.348701365862,0.9944534053016952
1607.4723106856395,0.994433407493943,1607.4723106856395,0.9989150508162955,1607.4639774741274,1.0044406873330147,1607.3500902350686,0.9975003761566562
1607.4736995543806,1.006257015937085,1607.4736995543806,0.9989970357486516,1607.4653663428685,1.0081649440481415,1607.351479103809,0.994441240524556
1607.4750884226553,0.9970654008522383,1607.4750884226553,0.9990819910536904,1607.4667552111423,1.0023465787141952,1607.352867973016,1.0018515606321716
1607.476477291396,0.9995882203106656,1607.476477291396,0.9990408424899476,1607.468144079883,1.0027054736196277,1607.3542568417563,0.999526593086302
1607.4778661601365,0.9980984199748527,1607.4778661601365,0.9990709930618701,1607.4695329486242,1.0014504627848206,1607.3556457104962,0.9876989637648668
1607.4792550284112,1.0110144084197192,1607.4792550284112,0.9990709108452873,1607.4709218168994,0.9899081280691427,1607.3570345797027,1.004562063265812
1607.480643897152,0.999108795412106,1607.480643897152,0.9990653832436709,1607.4723106856395,0.993354497780234,1607.358423448443,1.008550139337668
1607.4820327658924,0.9992345012116788,1607.4820327658924,0.9990675607375001,1607.4736995543806,1.0052477761224317,1607.3598123171844,0.9832268111144472
1607.4834216341676,1.0142245277503645,1607.4834216341676,0.999047339247396,1607.4750884226553,0.9961500858942002,1607.361201186391,0.9966476184832304
1607.484810502908,0.9998271169331878,1607.484810502908,0.9990280027001703,1607.476477291396,0.9986294577621948,1607.3625900551312,1.0018753465092594
1607.4861993711831,1.0098783334271266,1607.4861993711831,0.9991249064794173,1607.4778661601365,0.9971711796177596,1607.3639789238712,1.0044618227837985
1607.4875882399235,1.0040356237240091,1607.4875882399235,0.999075832648687,1607.4792550284112,1.0100750858975982,1607.3653677930777,0.9838215939609424
1607.4889771086644,1.0013044902102743,1607.4889771086644,0.9990624915902314,1607.480643897152,0.998175011590518,1607.366756661818,0.999000517444766
1607.49036597694,1.0063910347320555,1607.49036597694,0.9989739373010059,1607.4820327658924,0.9983027757303046,1607.368145530559,0.9985391393889096
1607.4917548456804,0.9991865007225803,1607.4917548456804,0.9990461802342351,1607.4834216341676,1.0132583158484485,1607.3695343997665,0.9985449839187084
1607.4931437139546,1.0142291938713517,1607.4931437139546,0.9990663291569203,1607.484810502908,0.9988552876752322,1607.3709232685062,1.0072767114380303
1607.4945325826952,1.0002002718221676,1607.4945325826952,0.9990433250025353,1607.4861993711831,1.0089945954409678,1607.372312137246,1.000731585619575
1607.4959214509702,0.9982715727601499,1607.4959214509702,0.9990707541510789,1607.4875882399235,1.0031077267810082,1607.3737010059865,0.9960539229911162
1607.4973103197106,1.0002147311712162,1607.4973103197106,0.9990648934688385,1607.4889771086644,1.0003657588299633,1607.3750898751937,0.9895777082565672
1607.4986991879862,1.0081935654222554,1607.4986991879862,0.998984969961099,1607.49036597694,1.0053584144307148,1607.3764787439347,0.9977822727799724
1607.5000880567277,0.9916334909945325,1607.5000880567277,0.9989447249985449,1607.4917548456804,0.9982334568885056,1607.3778676126756,1.001846803456754
1607.5014769250015,1.005867985713647,1607.5014769250015,0.999057078355709,1607.4931437139546,1.0132822376448338,1607.3792564814155,0.9938849907989432
1607.5028657937416,1.0014824529025539,1607.5028657937416,0.9991198190987162,1607.4945325826952,0.999243405229658,1607.380645350621,0.9946873224129428
1607.5042546620168,0.9974079424908672,1607.5042546620168,0.9990191870750822,1607.4959214509702,0.9973439330450666,1607.3820342193617,0.993586240182719
1607.505643530758,0.9953901976814322,1607.505643530758,0.9990876809817405,1607.4973103197106,0.999279423843534,1607.3834230881027,0.9899033708937252
1607.5070323990335,0.9855873208209684,1607.5070323990335,0.9991831091909259,1607.4986991879862,1.0071702186683251,1607.384811956844,0.9947467191460136
1607.508421267774,1.001853479434302,1607.508421267774,0.9992590341888397,1607.5000880567277,0.9905870449608803,1607.3862008255849,1.005531507656266
1607.5098101360484,1.010277200489248,1607.5098101360484,0.9993198474587334,1607.5014769250015,1.0049195310186183,1607.387589694791,1.0005088818503836
1607.5111990047883,0.9934912593642059,1607.5111990047883,0.9993016960550153,1607.5028657937416,1.0006009671745382,1607.3889785635308,0.9883061152674476
1607.5125878730632,1.0045233377409466,1607.5125878730632,0.9993118835201054,1607.5042546620168,0.9964296718894564,1607.3903674322712,1.0013960950657623
1607.5139767418043,1.0045242670243726,1607.5139767418043,0.9993383587528851,1607.505643530758,0.9944820842734984,1607.3917563010125,0.9929421865908272
1607.51536561008,1.0084672450708276,1607.51536561008,0.9994753598856153,1607.5070323990335,0.9847822035970498,1607.393145169753,0.99578589013616
1607.516754478355,0.9969844107598912,1607.516754478355,0.9994702358010366,1607.508421267774,1.001111140258249,1607.3945340384937,0.9912551562684552
1607.518143347095,1.009532935650155,1607.518143347095,0.999592089243909,1607.5098101360484,1.0095900578839514,1607.3959229077002,1.0010034242148655
1607.5195322153693,0.9837901907021673,1607.5195322153693,0.9995962368296583,1607.5111990047883,0.992797500498484,1607.39731177644,1.006382702257769
1607.5209210841106,0.999795406292708,1607.5209210841106,0.9996062643628731,1607.5125878730632,1.0038321086778084,1607.3987006451805,1.0083165620246648
1607.5223099523862,1.0020620744773892,1607.5223099523862,0.9994712341195914,1607.5139767418043,1.0038596323355815,1607.4000895139218,1.0035202418493614
1607.523698820661,1.0065210301545082,1607.523698820661,0.9993873670925107,1607.51536561008,1.0079381627000206,1607.4014783826626,0.993757158699508
1607.5250876894015,0.9938808467788933,1607.5250876894015,0.999311362982757,1607.516754478355,0.996456244112146,1607.402867251403,0.99521965034217
1607.526476557676,0.9826491572686515,1607.526476557676,0.9993049425272372,1607.518143347095,1.0091211363070751,1607.4042561201438,1.0025409433098278
1607.5278654259505,1.0005412453683877,1607.5278654259505,0.9993043870085528,1607.5195322153693,0.9833929724558184,1607.4056449888842,0.9982280880762484
1607.5292542946916,0.9989581816236762,1607.5292542946916,0.9994545962436068,1607.5209210841106,0.9994017512114148,1607.4070338576246,1.0018400754515204
1607.5306431629672,1.003101333240764,1607.5306431629672,0.9992891094466632,1607.5223099523862,1.001532218242354,1607.4084227263654,1.0067515192719292
1607.532032031242,0.9981572608073859,1607.532032031242,0.9992491707250423,1607.523698820661,1.0059044022493555,1607.4098115951058,0.9881981273854686
1607.5334208999825,1.0117897684411736,1607.5334208999825,0.9992253615341347,1607.5250876894015,0.9931964236370726,1607.4112004638466,1.0011222176810075
1607.5348097682574,0.995371530193569,1607.5348097682574,0.9991936744576978,1607.526476557676,0.981966159628788,1607.412589333053,1.002894469403003
1607.5361986365322,1.002138244282954,1607.5361986365322,0.9992903577711104,1607.5278654259505,0.9998452558796308,1607.4139782017935,0.9983089600583476
1607.537587504807,0.9948871032039243,1607.537587504807,0.9992083204709754,1607.5292542946916,0.998413346078939,1607.415367070534,0.9934968732445172
1607.5389763735477,1.0026488888415461,1607.5389763735477,0.9991529264629165,1607.5306431629672,1.0023882379789235,1607.4167559392747,1.005567186471898
1607.5403652418229,0.9956836828803151,1607.5403652418229,0.9992168465949757,1607.532032031242,0.99740781511496,1607.418144808015,0.9933488571293816
1607.5417541100976,1.009476724021782,1607.5417541100976,0.9993248084538363,1607.5334208999825,1.01100599716717,1607.419533676756,0.9887199895287772
1607.5431429788384,1.0025309756029122,1607.5431429788384,0.9992803394499328,1607.5348097682574,0.9945689367046936,1607.4209225454972,0.9926806099025092
1607.5445318471131,0.9869176303496208,1607.5445318471131,0.9992844029571327,1607.5361986365322,1.0014270846656257,1607.4223114142385,0.9974327563060778
1607.5459207153883,1.0051542049163782,1607.5459207153883,0.999393045370679,1607.537587504807,0.9940994714506272,1607.4237002829782,0.9985842645957278
1607.547309583663,0.9956941539263547,1607.547309583663,0.9994170371751102,1607.5389763735477,1.0017995715008223,1607.4250891512522,0.999872779537404
1607.548698451938,0.9947699990663702,1607.548698451938,0.9995164147337807,1607.5403652418229,0.9949039098137402,1607.426478019993,0.9988391812384612
1607.5500873206786,0.9972235285011457,1607.5500873206786,0.9995394981287925,1607.5417541100976,1.0087951338716734,1607.4278668887334,1.0031403474124432
1607.5514761889542,1.0076690633577483,1607.5514761889542,0.9994530886385147,1607.5431429788384,1.0018094936095503,1607.4292557574747,0.9969513981134672
1607.552865057229,1.0003403095688024,1607.552865057229,0.9994595972503442,1607.5445318471131,0.986211395011789,1607.430644626216,0.989406925659076
1607.5542539255032,0.9903934556499446,1607.5542539255032,0.9994551384228837,1607.5459207153883,1.0045441219185227,1607.432033494956,1.0010499086146605
1607.5556427937784,1.0022605870180439,1607.5556427937784,0.9993897653894261,1607.547309583663,0.9951137012496556,1607.433422363696,1.009710074623772
1607.5570316625187,0.9898421717674795,1607.5570316625187,0.9995124333985781,1607.548698451938,0.9942889429515448,1607.4348112324367,0.9932373353456638
1607.558420530794,0.9991021255797962,1607.558420530794,0.9995273155289961,1607.5500873206786,0.9967643052002588,1607.436200101177,0.993792361797598
1607.5598093990695,1.0007124142008264,1607.5598093990695,0.9994033383934273,1607.5514761889542,1.0071179576983806,1607.4375889699184,1.001000977667508
1607.5611982673445,1.0048881055243204,1607.5611982673445,0.9994319438050571,1607.552865057229,0.9997997229149198,1607.4389778386596,0.9934909607550696
1607.5625871356183,1.0060794364977292,1607.5625871356183,0.9995232688622817,1607.5542539255032,0.9898538283097336,1607.440366706934,1.0037970414990158
1607.5639760038937,1.0036845797487055,1607.5639760038937,0.999563258007305,1607.5556427937784,1.0016489729190314,1607.4417555756738,0.9983555124177907
1607.5653648721684,1.0068437461329662,1607.5653648721684,0.9996542036439714,1607.5570316625187,0.9893595577838468,1607.4431444444142,0.9938843112024548
1607.566753740444,1.0086721403896806,1607.566753740444,0.9996517907718206,1607.558420530794,0.9986298655200876,1607.4445333131555,0.9972282657227706
1607.5681426087197,0.9958073521685553,1607.5681426087197,0.9997217069841244,1607.5598093990695,1.000115327524052,1607.4459221818968,0.999902681782886
1607.5695314774596,1.0023492893386192,1607.5695314774596,0.9997098899766022,1607.5611982673445,1.0043172726107528,1607.4473110506376,1.0033533329518531
1607.5709203457338,0.9899477029087114,1607.5709203457338,0.9997961563820843,1607.5625871356183,1.0055998071033327,1607.4486999193775,0.9829881368277822
1607.5723092140086,1.0020296550564047,1607.5723092140086,0.9997081218986625,1607.5639760038937,1.0032462285453088,1607.4500887876518,1.0002935177232648
1607.5736980822835,0.993320855666541,1607.5736980822835,0.9996916484256115,1607.5653648721684,1.0064955832344633,1607.4514776563922,0.9998691097163676
1607.5750869505594,0.9928268744663858,1607.5750869505594,0.9997411041158655,1607.566753740444,1.0083209114421894,1607.4528665251337,0.9985424014520532
1607.576475818835,0.9994252506869814,1607.576475818835,0.9996354733741603,1607.5681426087197,0.9955302259372892,1607.4542553938747,0.99842021000347
1607.5778646871097,0.9938217989669986,1607.5778646871097,0.9996885087022953,1607.5695314774596,1.0020584977628364,1607.45564426215,1.0019117728810285
1607.579253555384,0.9874920955081541,1607.579253555384,0.9996654628743534,1607.5709203457338,0.9897459083874032,1607.4570331308898,1.003115474180974
1607.5806424236582,0.9891752788571654,1607.5806424236582,0.9996521270291835,1607.5723092140086,1.001737184543203,1607.4584219996295,1.0011723039421898
1607.5820312919338,0.9962601931786335,1607.5820312919338,0.9995355812209571,1607.5736980822835,0.9930145636168234,1607.4598108683706,1.0129131487920784
1607.5834201602097,0.9906229028442273,1607.5834201602097,0.9995345540621906,1607.5750869505594,0.9925698356749284,1607.4611997366462,1.0066747248687598
1607.5848090284846,0.9931063002241314,1607.5848090284846,0.9995702598242433,1607.576475818835,0.9990609335725694,1607.462588605387,1.0056447963908532
1607.5861978967594,0.9893826579836738,1607.5861978967594,0.9995563442643445,1607.5778646871097,0.9935122321251512,1607.4639774741274,1.0044406873330147
1607.5875867650336,0.9992163465661994,1607.5875867650336,0.9995637756869984,1607.579253555384,0.987161742740924,1607.4653663428685,1.0081649440481415
1607.588975633308,1.0054767497921968,1607.588975633308,0.9995628137383017,1607.5806424236582,0.988831171514251,1607.4667552111423,1.0023465787141952
1607.5903645015835,1.0074815421135754,1607.5903645015835,0.9995731445850202,1607.5820312919338,0.9957975112361084,1607.468144079883,1.0027054736196277
1607.5917533698591,0.9983870885269087,1607.5917533698591,0.9995149623472799,1607.5834201602097,0.9901618214381974,1607.4695329486242,1.0014504627848206
1607.593142238134,0.9909482488744641,1607.593142238134,0.9995035479617859,1607.5848090284846,0.992679522548128,1607.4709218168994,0.9899081280691427
1607.594531106409,0.9872247113879189,1607.594531106409,0.999515816189728,1607.5861978967594,0.9889437126927012,1607.4723106856395,0.993354497780234
1607.5959199746833,0.9992804932861097,1607.5959199746833,0.9994735634956705,1607.5875867650336,0.9987804641018786,1607.4736995543806,1.0052477761224317
1607.597308842492,0.9893960296823441,1607.597308842492,0.9996184607528592,1607.588975633308,1.0050371691707305,1607.4750884226553,0.9961500858942002
1607.5986977107675,1.0086893834256436,1607.5986977107675,0.9996978992365085,1607.5903645015835,1.0070514931618322,1607.476477291396,0.9986294577621948
1607.6000865790431,1.0104326901580603,1607.6000865790431,0.999691083573958,1607.5917533698591,0.9979028331969836,1607.4778661601365,0.9971711796177596
1607.601475447318,0.9939705736848001,1607.601475447318,0.9996860828237831,1607.593142238134,0.9904562905965456,1607.4792550284112,1.0100750858975982
1607.6028643155928,0.9983059111765118,1607.6028643155928,0.9997347705836359,1607.594531106409,0.9867467131655644,1607.480643897152,0.998175011590518
1607.6042531838668,1.0039639129829865,1607.6042531838668,0.9997753020625184,1607.5959199746833,0.9987544355563795,1607.4820327658924,0.9983027757303046
1607.605642052142,0.9992130627638661,1607.605642052142,0.9997069637344916,1607.597308842492,0.989018536266055,1607.4834216341676,1.0132583158484485
1607.6070309204176,0.9908824818354242,1607.6070309204176,0.9997561639880556,1607.5986977107675,1.008384657592785,1607.484810502908,0.9988552876752322
1607.608419788227,1.0004948487160492,1607.608419788227,0.9997792058880375,1607.6000865790431,1.0101205509026605,1607.4861993711831,1.0089945954409678
1607.609808656502,1.0028106734223352,1607.609808656502,0.9997047992163952,1607.601475447318,0.9936585492490664,1607.4875882399235,1.0031077267810082
1607.6111975247766,1.0061140555915165,1607.6111975247766,0.9996408565447181,1607.6028643155928,0.9980411310823376,1607.4889771086644,1.0003657588299633
1607.6125863930508,0.985301159355975,1607.6125863930508,0.9996304239820997,1607.6042531838668,1.0037383243624332,1607.49036597694,1.0053584144307148
1607.613975261326,1.000697115127159,1607.613975261326,0.9996417096129239,1607.605642052142,0.9989202570995066,1607.4917548456804,0.9982334568885056
1607.6153641296016,0.9931795899037117,1607.6153641296016,0.999687818617471,1607.6070309204176,0.9906408690027478,1607.4931437139546,1.0132822376448338
1607.616752997411,1.0008738827982016,1607.616752997411,0.999699144034928,1607.608419788227,1.0002739453444038,1607.4945325826952,0.999243405229658
1607.618141865686,1.0014363749064623,1607.618141865686,0.9997634526659114,1607.609808656502,1.0025146429257337,1607.4959214509702,0.9973439330450666
1607.6195307339606,0.9962407297741097,1607.6195307339606,0.9997156214598996,1607.6111975247766,1.0057527163131836,1607.4973103197106,0.999279423843534
1607.6209196022362,1.0039588713205436,1607.6209196022362,0.9997577813911355,1607.6125863930508,0.9849370156770676,1607.4986991879862,1.0071702186683251
1607.6223084700457,1.0059649610194674,1607.6223084700457,0.9998038762867617,1607.613975261326,1.000338574970434,1607.5000880567277,0.9905870449608803
1607.6236973383195,0.987657419825173,1607.6236973383195,0.9997907040910078,1607.6153641296016,0.992869537726236,1607.5014769250015,1.0049195310186183
1607.6250862065947,0.9930951591990036,1607.6250862065947,0.9997606973224994,1607.616752997411,1.0005727639202768,1607.5028657937416,1.0006009671745382
1607.6264750748694,1.0036991879142592,1607.6264750748694,0.9997627387549081,1607.618141865686,1.0011994878017187,1607.5042546620168,0.9964296718894564
1607.627863942679,1.0038698510808641,1607.627863942679,0.999734668133117,1607.6195307339606,0.995957420289788,1607.505643530758,0.9944820842734984
1607.6292528109543,0.9896516071318467,1607.6292528109543,0.9997146479874008,1607.6209196022362,1.0037156937993752,1607.5070323990335,0.9847822035970498
1607.6306416792293,1.00032500819477,1607.6306416792293,0.9997739465634861,1607.6223084700457,1.0057676674359246,1607.508421267774,1.001111140258249
1607.632030547038,1.0072392024953518,1607.632030547038,0.999849129622971,1607.6236973383195,0.9874507071677178,1607.5098101360484,1.0095900578839514
1607.633419415313,1.000662656023895,1607.633419415313,0.999956824785439,1607.6250862065947,0.9928575088683944,1607.5111990047883,0.992797500498484
1607.6348082835875,1.0006377631319028,1607.6348082835875,0.9999173839691387,1607.6264750748694,1.003461048995237,1607.5125878730632,1.0038321086778084
1607.6361971518634,0.9873977906634888,1607.6361971518634,0.9998124908245217,1607.627863942679,1.0036034924191692,1607.5139767418043,1.0038596323355815
1607.637586019673,1.008630107895824,1607.637586019673,0.9998742247382361,1607.6292528109543,0.9893692080539797,1607.51536561008,1.0079381627000206
1607.6389748879476,1.0038412262313292,1607.6389748879476,0.9997828764662606,1607.6306416792293,1.0000988812890368,1607.516754478355,0.996456244112146
1607.6403637557562,1.0034031746262233,1607.6403637557562,0.9997478849269187,1607.632030547038,1.007087239937113,1607.518143347095,1.0091211363070751
1607.641752624031,1.0011124263226097,1607.641752624031,0.999741841806465,1607.633419415313,1.000619452199018,1607.5195322153693,0.9833929724558184
1607.643141492306,1.0005504425848941,1607.643141492306,0.9998090331543641,1607.6348082835875,1.0005550944115829,1607.5209210841106,0.9994017512114148
1607.644530360116,0.9960711829632912,1607.644530360116,0.9998114204145925,1607.6361971518634,0.9872126445178924,1607.5223099523862,1.001532218242354
1607.6459192283917,0.994049551156791,1607.6459192283917,0.9998441626098672,1607.637586019673,1.0085032471799804,1607.523698820661,1.0059044022493555
1607.647308096666,0.9880459102045536,1607.647308096666,0.9999005976099066,1607.6389748879476,1.0036232686769766,1607.5250876894015,0.9931964236370726
1607.6486969644743,0.9951731448941744,1607.6486969644743,0.9999386973847169,1607.6403637557562,1.0031502015615223,1607.526476557676,0.981966159628788
1607.6500858327493,0.998786198754116,1607.6500858327493,0.9999426823617344,1607.641752624031,1.0008539809471046,1607.5278654259505,0.9998452558796308
1607.6514747005592,1.0027199855519242,1607.6514747005592,0.9999902717039456,1607.643141492306,1.000359370622974,1607.5292542946916,0.998413346078939
1607.6528635688348,0.9935690506621486,1607.6528635688348,1.000096097031153,1607.644530360116,0.9958833442725716,1607.5306431629672,1.0023882379789235
1607.6542524366444,1.0049229491724636,1607.6542524366444,1.0000448840734024,1607.6459192283917,0.993894641069076,1607.532032031242,0.99740781511496
1607.6556413049186,0.9860797566105731,1607.6556413049186,1.0001191615520681,1607.647308096666,0.9879476960795572,1607.5334208999825,1.01100599716717
1607.6570301731929,0.9943443653564306,1607.6570301731929,1.0001452001617175,1607.6486969644743,0.9951121381777328,1607.5348097682574,0.9945689367046936
1607.658419041002,0.9991605573553723,1607.658419041002,1.000236499288916,1607.6500858327493,0.9987289506880712,1607.5361986365322,1.0014270846656257
1607.6598079092776,1.0008495570747866,1607.6598079092776,1.0001959715526276,1607.6514747005592,1.002710230795045,1607.537587504807,0.9940994714506272
1607.6611967770875,1.001488066470153,1607.6611967770875,1.0002680876407353,1607.6528635688348,0.9936645296981628,1607.5389763735477,1.0017995715008223
1607.6625856453622,0.9854427952721453,1607.6625856453622,1.00028879517116,1607.6542524366444,1.004968054207878,1607.5403652418229,0.9949039098137402
1607.6639745131718,0.9978909527100813,1607.6639745131718,1.000321843632134,1607.6556413049186,0.9861972594048338,1607.5417541100976,1.0087951338716734
1607.665363381446,1.0051522999488822,1607.665363381446,1.0002916680307945,1607.6570301731929,0.9944887443190832,1607.5431429788384,1.0018094936095503
1607.666752249255,1.0069576973565229,1607.666752249255,1.0004025896978839,1607.658419041002,0.9993968581166996,1607.5445318471131,0.986211395011789
1607.6681411175307,0.9988604062950324,1607.6681411175307,1.0003801701109474,1607.6598079092776,1.0010456951164333,1607.5459207153883,1.0045441219185227
1607.6695299853402,0.9936187758279885,1607.6695299853402,1.0004002027150163,1607.6611967770875,1.0017565530431176,1607.547309583663,0.9951137012496556
1607.6709188531493,1.0024374638230367,1607.6709188531493,1.0005293156917916,1607.6625856453622,0.9857273863928744,1607.548698451938,0.9942889429515448
1607.6723077214244,0.9951882701512316,1607.6723077214244,1.000431359520274,1607.6639745131718,0.9982121175587751,1607.5500873206786,0.9967643052002588
1607.6736965892328,1.0037035716694216,1607.6736965892328,1.0005527328401147,1607.665363381446,1.0054454707408569,1607.5514761889542,1.0071179576983806
1607.6750854575075,1.0051236497185017,1607.6750854575075,1.0006507415735686,1607.666752249255,1.0073630881516835,1607.552865057229,0.9997997229149198
1607.6764743253177,0.9934644082897409,1607.6764743253177,1.000750880757821,1607.6681411175307,0.9992401431665144,1607.5542539255032,0.9898538283097336
1607.6778631935924,0.9987657796514543,1607.6778631935924,1.0007612092576121,1607.6695299853402,0.994016424759766,1607.5556427937784,1.0016489729190314
1607.679252061402,1.0036889994562062,1607.679252061402,1.0007636858435902,1607.6709188531493,1.002968069702678,1607.5570316625187,0.9893595577838468
1607.680640929211,0.9894435160765455,1607.680640929211,1.000877144106368,1607.6723077214244,0.9956175540860264,1607.558420530794,0.9986298655200876
1607.6820297974862,1.0011078312639647,1607.6820297974862,1.000808957917639,1607.6736965892328,1.0042583515952237,1607.5598093990695,1.000115327524052
1607.6834186652952,1.0018091488932888,1607.6834186652952,1.0009299812691426,1607.6750854575075,1.0057777254639504,1607.5611982673445,1.0043172726107528
1607.6848075331047,0.9917594595991699,1607.6848075331047,1.0009857478666309,1607.6764743253177,0.9942103815975056,1607.5625871356183,1.0055998071033327
1607.6861964013794,0.9944796904041912,1607.6861964013794,1.0009437478119407,1607.6778631935924,0.9995260494091112,1607.5639760038937,1.0032462285453088
1607.687585269189,1.0021176312184452,1607.687585269189,1.0009802044913172,1607.679252061402,1.004455502536458,1607.5653648721684,1.0064955832344633
1607.6889741374637,1.0066582736874286,1607.6889741374637,1.0008807423015638,1607.680640929211,0.990311400625256,1607.566753740444,1.0083209114421894
1607.6903630052732,1.0035006902636,1607.6903630052732,1.0007910466554724,1607.6820297974862,1.001917685370476,1607.5681426087197,0.9955302259372892
1607.6917518730822,1.003575558960634,1607.6917518730822,1.000782816576434,1607.6834186652952,1.0027408126370152,1607.5695314774596,1.0020584977628364
1607.6931407408915,1.0096505291422988,1607.6931407408915,1.0006943160890582,1607.6848075331047,0.9927370843706808,1607.5709203457338,0.9897459083874032
1607.6945296091665,0.990050422730854,1607.6945296091665,1.0007291348159073,1607.6861964013794,0.9954182284360296,1607.5723092140086,1.001737184543203
1607.6959184769755,1.0023405564931909,1607.6959184769755,1.0006947980792373,1607.687585269189,1.0030999114213937,1607.5736980822835,0.9930145636168234
1607.6973073447857,0.9870016150923333,1607.6973073447857,1.0007054307789427,1607.6889741374637,1.0075448802122842,1607.5750869505594,0.9925698356749284
1607.6986962130609,1.0007698836058878,1607.6986962130609,1.0007562476822194,1607.6903630052732,1.0042945061283972,1607.576475818835,0.9990609335725694
1607.7000850808693,0.998194383057423,1607.7000850808693,1.0007798148976146,1607.6917518730822,1.0043611745438925,1607.5778646871097,0.9935122321251512
1607.7014739486783,0.989389863096894,1607.7014739486783,1.0008429493082411,1607.6931407408915,1.0103515457490084,1607.579253555384,0.987161742740924
1607.7028628164878,1.0051789916510436,1607.7028628164878,1.0008955646930155,1607.6945296091665,0.9907723029635708,1607.5806424236582,0.988831171514251
1607.7042516847623,0.9950648963817663,1607.7042516847623,1.000888003583725,1607.6959184769755,1.003036980786584,1607.5820312919338,0.9957975112361084
1607.7056405525725,0.9960063593105926,1607.7056405525725,1.001000752742501,1607.6973073447857,0.9876978764104856,1607.5834201602097,0.9901618214381974
1607.7070294203825,0.9881009304096361,1607.7070294203825,1.0011024581148222,1607.6986962130609,1.0015267135107997,1607.5848090284846,0.992679522548128
1607.708418288191,1.0128777606900876,1607.708418288191,1.0011791195736677,1607.7000850808693,0.9989727899080464,1607.5861978967594,0.9889437126927012
1607.7098071559997,1.0060108740179101,1607.7098071559997,1.0012263212437256,1607.7014739486783,0.9902238685975724,1607.5875867650336,0.9987804641018786
1607.7111960242746,1.0024477409139012,1607.7111960242746,1.0012853983369674,1607.7028628164878,1.0060791944661274,1607.588975633308,1.0050371691707305
1607.7125848920844,1.007897608907185,1607.7125848920844,1.0012887842957499,1607.7042516847623,0.9959485175757924,1607.5903645015835,1.0070514931618322
1607.7139737598943,1.004163110543838,1607.7139737598943,1.001312574619413,1607.7056405525725,0.9970031154062212,1607.5917533698591,0.9979028331969836
1607.7153626277038,1.006442388812067,1607.7153626277038,1.0013325806839923,1607.7070294203825,0.9891902702986296,1607.593142238134,0.9904562905965456
1607.7167514955124,0.9974313527599928,1607.7167514955124,1.0012836333786124,1607.708418288191,1.01407206468345,1607.594531106409,0.9867467131655644
1607.7181403637867,0.9996966355452618,1607.7181403637867,1.0013572866833207,1607.7098071559997,1.0072445665241372,1607.5959199746833,0.9987544355563795
1607.7195292315955,1.0028270955588794,1607.7195292315955,1.0014616473212954,1607.7111960242746,1.0037362855729686,1607.597308842492,0.989018536266055
1607.7209180994057,0.9975734598941355,1607.7209180994057,1.0015641899512704,1607.7125848920844,1.0091965715172684,1607.5986977107675,1.008384657592785
1607.7223069672157,1.0075726681642514,1607.7223069672157,1.0015082319119393,1607.7139737598943,1.0054811495564886,1607.6000865790431,1.0101205509026605
1607.7236958350252,0.9992250534632177,1607.7236958350252,1.001613255718262,1607.7153626277038,1.007783554498949,1607.601475447318,0.9936585492490664
1607.7250847028338,1.0141485334422125,1607.7250847028338,1.0015984121616053,1607.7167514955124,0.99871168893727,1607.6028643155928,0.9980411310823376
1607.7264735706424,0.9940468719917614,1607.7264735706424,1.001488203793935,1607.7181403637867,1.0010535104760478,1607.6042531838668,1.0037383243624332
1607.7278624384523,1.012600278441636,1607.7278624384523,1.0015230693003725,1607.7195292315955,1.0042928750968254,1607.605642052142,0.9989202570995066
1607.729251306262,1.0003316184194593,1607.729251306262,1.0015078210915163,1607.7209180994057,0.999133854275756,1607.6070309204176,0.9906408690027478
1607.7306401740714,0.995164666400366,1607.7306401740714,1.0014076633489748,1607.7223069672157,1.0090923214159746,1607.608419788227,1.0002739453444038
1607.732029042346,1.0024934086068917,1607.732029042346,1.0013714350561176,1607.7236958350252,1.000837058994548,1607.609808656502,1.0025146429257337
1607.733417910155,1.001766258516816,1607.733417910155,1.0014322471433106,1607.7250847028338,1.0157695607917407,1607.6111975247766,1.0057527163131836
1607.7348067779633,0.9937122342661836,1607.7348067779633,1.001365744775641,1607.7264735706424,0.9955262163180087,1607.6125863930508,0.9849370156770676
1607.7361956457733,0.9925735533020696,1607.7361956457733,1.0012993398876686,1607.7278624384523,1.014142538839279,1607.613975261326,1.000338574970434
1607.7375845135832,1.0048598485733935,1607.7375845135832,1.0012170331572683,1607.729251306262,1.0018399395322228,1607.6153641296016,0.992869537726236
1607.7389733813927,1.0095944306508984,1607.7389733813927,1.0013088266160821,1607.7306401740714,0.9965655232274526,1607.616752997411,1.0005727639202768
1607.7403622492018,1.0110872414314696,1607.7403622492018,1.0013680503041658,1607.732029042346,1.003868263210982,1607.618141865686,1.0011994878017187
1607.7417511170104,1.006142997394629,1607.7417511170104,1.0013808278606724,1607.733417910155,1.0032010353788416,1607.6195307339606,0.995957420289788
1607.743139984819,1.0021915575504066,1607.743139984819,1.001414611236975,1607.7348067779633,0.9950693915586232,1607.6209196022362,1.0037156937993752
1607.744528852629,1.0190653954723599,1607.744528852629,1.0014722799754092,1607.7361956457733,0.99386324371132,1607.6223084700457,1.0057676674359246
1607.745917720439,1.0108672667295837,1607.745917720439,1.001457281475721,1607.7375845135832,1.006082796327515,1607.6236973383195,0.9874507071677178
1607.7473065882482,1.0041319529517108,1607.7473065882482,1.0014758237645682,1607.7389733813927,1.0109158147131825,1607.6250862065947,0.9928575088683944
1607.7486954560577,0.9962941925609377,1607.7486954560577,1.001501186849448,1607.7403622492018,1.012470459639648,1607.6264750748694,1.003461048995237
1607.7500843238663,0.9984484208581462,1607.7500843238663,1.0016086466824974,1607.7417511170104,1.007532307677252,1607.627863942679,1.0036034924191692
1607.7514731912104,0.9897081401523907,1607.7514731912104,1.0016054704967299,1607.743139984819,1.003609268989319,1607.6292528109543,0.9893692080539797
1607.7528620590194,0.9999086677835699,1607.7528620590194,1.0015764624846655,1607.744528852629,1.0205657450477463,1607.6306416792293,1.0000988812890368
1607.754250926829,0.9958400014021652,1607.754250926829,1.0015573021754554,1607.745917720439,1.0123403848718016,1607.632030547038,1.007087239937113
1607.755639794638,1.0078666196581343,1607.755639794638,1.0015615072951256,1607.7473065882482,1.0056138747506391,1607.633419415313,1.000619452199018
1607.7570286624475,0.9991134762122017,1607.7570286624475,1.0015630205941395,1607.7486954560577,0.9977898163009916,1607.6348082835875,1.0005550944115829
1607.7584175302566,1.0106773968325564,1607.7584175302566,1.0015706464938559,1607.7500843238663,1.0000545715980045,1607.6361971518634,0.9872126445178924
1607.759806398066,0.9938032462230141,1607.759806398066,1.0016204021902884,1607.7514731912104,0.9912970873717788,1607.637586019673,1.0085032471799804
1607.7611952658751,0.9930686873695964,1607.7611952658751,1.0016319172014725,1607.7528620590194,1.0014849862864226,1607.6389748879476,1.0036232686769766
1607.7625841336846,0.9991544709909269,1607.7625841336846,1.0016988396252493,1607.754250926829,0.9973908252027542,1607.6403637557562,1.0031502015615223
1607.763973001028,0.9902138688092728,1607.763973001028,1.0016855255091144,1607.755639794638,1.009440410737244,1607.641752624031,1.0008539809471046
1607.765361868837,0.9974707541461119,1607.765361868837,1.0016015698323888,1607.7570286624475,1.0006751111514036,1607.643141492306,1.000359370622974
1607.766750736647,1.0049759429697493,1607.766750736647,1.0015798068444244,1607.7584175302566,1.012264813742311,1607.644530360116,0.9958833442725716
1607.7681396044566,1.0081386022867034,1607.7681396044566,1.0015195527856775,1607.759806398066,0.9954136071799096,1607.6459192283917,0.993894641069076
1607.7695284722652,1.010480266332122,1607.7695284722652,1.0015109413939838,1607.7611952658751,0.9946892932427586,1607.647308096666,0.9879476960795572
1607.7709173400742,0.9947700113026408,1607.7709173400742,1.0014876879066166,1607.7625841336846,1.0008518741979913,1607.6486969644743,0.9951121381777328
1607.772306207418,1.0106726672005022,1607.772306207418,1.0016055251881155,1607.763973001028,0.9918828995446296,1607.6500858327493,0.9987289506880712
1607.7736950752271,1.0054405890473013,1607.7736950752271,1.0017223656862495,1607.765361868837,0.9990682732146424,1607.6514747005592,1.002710230795045
1607.775083943037,1.0047636309620835,1607.775083943037,1.0018147133752244,1607.766750736647,1.0065636108429348,1607.6528635688348,0.9936645296981628
1607.7764728108466,0.997364588748759,1607.7764728108466,1.0017996290773217,1607.7681396044566,1.0096705221081572,1607.6542524366444,1.004968054207878
1607.7778616786552,1.0106889999269923,1607.7778616786552,1.0017807068824525,1607.7695284722652,1.0120070427943268,1607.6556413049186,0.9861972594048338
1607.7792505459986,0.9824240043158746,1607.7792505459986,1.001807831365641,1607.7709173400742,0.9962499186183206,1607.6570301731929,0.9944887443190832
1607.780639413808,1.0088855560853074,1607.780639413808,1.0018017393499614,1607.772306207418,1.0122953276246325,1607.658419041002,0.9993968581166996
1607.782028281618,1.003950074891613,1607.782028281618,1.0018707549691805,1607.7736950752271,1.0071723254174387,1607.6598079092776,1.0010456951164333
1607.7834171494278,1.0096808122583905,1607.7834171494278,1.0019885211219006,1607.775083943037,1.0065869889621295,1607.6611967770875,1.0017565530431176
1607.7848060167703,1.0011147957733735,1607.7848060167703,1.0019415637747975,1607.7764728108466,0.9991594750633622,1607.6625856453622,0.9857273863928744
1607.7861948845791,1.0007479512807238,1607.7861948845791,1.0019475706948051,1607.7778616786552,1.0124887407851813,1607.6639745131718,0.9982121175587751
1607.7875837523886,1.0018893294259508,1607.7875837523886,1.0019457631099427,1607.7792505459986,0.9842000612452356,1607.665363381446,1.0054454707408569
1607.788972619732,0.9962815859847729,1607.788972619732,1.0020448999669997,1607.780639413808,1.010703304891314,1607.666752249255,1.0073630881516835
1607.790361487542,0.9964522016846042,1607.790361487542,1.0020136855900925,1607.782028281618,1.0058282194830257,1607.6681411175307,0.9992401431665144
1607.791750355352,1.008660260944138,1607.791750355352,1.0019938357741458,1607.7834171494278,1.011688583879944,1607.6695299853402,0.994016424759766
1607.793139222695,1.0027296399566488,1607.793139222695,1.0019343156899603,1607.7848060167703,1.0030585239952607,1607.6709188531493,1.002968069702678
1607.7945280905035,1.002132975702075,1607.7945280905035,1.0020216388204388,1607.7861948845791,1.0026969786635245,1607.6723077214244,0.9956175540860264
1607.795916958313,1.0053635643919954,1607.795916958313,1.0020345520314629,1607.7875837523886,1.003838768723393,1607.6736965892328,1.0042583515952237
1607.7973058256573,0.9925762629550796,1607.7973058256573,1.00209138223152,1607.788972619732,0.9983188821670756,1607.6750854575075,1.0057777254639504
1607.7986946934673,1.0099119009934066,1607.7986946934673,1.0020941609427985,1607.790361487542,0.9984587431243525,1607.6764743253177,0.9942103815975056
1607.8000835612763,1.0036253575705263,1607.8000835612763,1.0020966513512088,1607.791750355352,1.0106713638563676,1607.6778631935924,0.9995260494091112
1607.80147242862,1.0109594110666695,1607.80147242862,1.0020985314297768,1607.793139222695,1.004669235632005,1607.679252061402,1.004455502536458
1607.8028612964283,1.0070722426547098,1607.8028612964283,1.0022338481388953,1607.7945280905035,1.004158926628996,1607.680640929211,0.990311400625256
1607.8042501637713,0.9993949034156218,1607.8042501637713,1.0022398620767214,1607.795916958313,1.0074090288742878,1607.6820297974862,1.001917685370476
1607.8056390315812,1.0031767745684654,1607.8056390315812,1.0021453978888566,1607.7973058256573,0.9946521193148524,1607.6834186652952,1.0027408126370152
1607.8070278989255,0.9920101660882554,1607.8070278989255,1.0021977268856475,1607.7986946934673,1.0120268190521342,1607.6848075331047,0.9927370843706808
1607.808416766735,1.005716016898892,1607.808416766735,1.0022307342163812,1607.8000835612763,1.005729610032584,1607.6861964013794,0.9954182284360296
1607.809805634544,1.0057782753998394,1607.809805634544,1.0022397781256283,1607.80147242862,1.0130809411650217,1607.687585269189,1.0030999114213937
1607.811194501887,0.9932882487443443,1607.811194501887,1.002284220332564,1607.8028612964283,1.0093218891096971,1607.6889741374637,1.0075448802122842
1607.8125833696963,1.0104253648215076,1607.8125833696963,1.0023398396470669,1607.8042501637713,1.001633410159451,1607.6903630052732,1.0042945061283972
1607.8139722370408,0.9924053655032343,1607.8139722370408,1.0022492930050195,1607.8056390315812,1.0053289879027747,1607.6917518730822,1.0043611745438925
1607.81536110485,0.9868230936449951,1607.81536110485,1.0022346749125468,1607.8070278989255,0.9941903335011032,1607.6931407408915,1.0103515457490084
1607.8167499721935,1.0028505074226017,1607.8167499721935,1.0022114156509132,1607.808416766735,1.007959502029751,1607.6945296091665,0.9907723029635708
1607.8181388400028,0.9927616291711784,1607.8181388400028,1.0021220298253646,1607.809805634544,1.0080309955803122,1607.6959184769755,1.003036980786584
1607.8195277073455,0.9977005649056612,1607.8195277073455,1.002010744827242,1607.811194501887,0.995557137958223,1607.6973073447857,0.9876978764104856
1607.8209165751548,0.9962149190074573,1607.8209165751548,1.0020202040679707,1607.8125833696963,1.0127895981505188,1607.6986962130609,1.0015267135107997
1607.822305442499,0.9826801516910251,1607.822305442499,1.002076651634437,1607.8139722370408,0.9946375759500046,1607.7000850808693,0.9989727899080464
1607.8236943103086,1.0067115966420086,1607.8236943103086,1.0021003620867508,1607.81536110485,0.9890283224554854,1607.7014739486783,0.9902238685975724
1607.825083177652,0.9946095643230977,1607.825083177652,1.0020660450359125,1607.8167499721935,1.0050682267302424,1607.7028628164878,1.0060791944661274
1607.8264720454615,0.9989440871422474,1607.8264720454615,1.0020361381080158,1607.8181388400028,0.9948682989577572,1607.7042516847623,0.9959485175757924
1607.827860912805,1.0010790496345157,1607.827860912805,1.0021713600318312,1607.8195277073455,0.9997066861556816,1607.7056405525725,0.9970031154062212
1607.8292497801488,0.9894922184954354,1607.8292497801488,1.0020661371562392,1607.8209165751548,0.9982274764394092,1607.7070294203825,0.9891902702986296
1607.8306386479578,1.005827627784385,1607.8306386479578,1.0021426975610717,1607.822305442499,0.984720836034163,1607.708418288191,1.01407206468345
1607.8320275153017,1.0019570103839746,1607.8320275153017,1.0022235931955472,1607.8236943103086,1.0088260555118878,1607.7098071559997,1.0072445665241372
1607.8334163831107,1.0053791434995605,1607.8334163831107,1.002262167706827,1607.825083177652,0.9966644724761384,1607.7111960242746,1.0037362855729686
1607.8348052504546,0.9966686621222992,1607.8348052504546,1.0022332780741434,1607.8264720454615,1.0009780752658548,1607.7125848920844,1.0091965715172684
1607.836194117798,0.9741781355101209,1607.836194117798,1.0021311129033807,1607.827860912805,1.0032527526715955,1607.7139737598943,1.0054811495564886
1607.8375829856072,0.9899647185126801,1607.8375829856072,1.0020745795208097,1607.8292497801488,0.9915366451338784,1607.7153626277038,1.007783554498949
1607.84036072076,1.008805988060201,1607.84036072076,1.0018899841253601,1607.8306386479578,1.007982812189297,1607.7167514955124,0.99871168893727
1607.8417495881038,0.9970442878730374,1607.8417495881038,1.0017823560688797,1607.8320275153017,1.0041849551744952,1607.7181403637867,1.0010535104760478
1607.843138455448,1.0088435922941439,1607.843138455448,1.0018217190496994,1607.8334163831107,1.0076534797311028,1607.7195292315955,1.0042928750968254
1607.8445273232571,1.0012332835105773,1607.8445273232571,1.001790140264184,1607.8348052504546,0.9988945003926027,1607.7209180994057,0.999133854275756
1607.8459161906,1.0018600010715208,1607.8459161906,1.0016959592110173,1607.836194117798,0.976254219104898,1607.7223069672157,1.0090923214159746
1607.847305057944,0.9924373114869978,1607.847305057944,1.00172638972695,1607.8375829856072,0.9920184790440306,1607.7236958350252,1.000837058994548
1607.8486939252873,1.0065406009783904,1607.8486939252873,1.0016383644935134,1607.84036072076,1.010712615363203,1607.7250847028338,1.0157695607917407
1607.8500827930968,1.001321854083695,1607.8500827930968,1.0016136367040436,1607.8417495881038,0.9988213758104698,1607.7264735706424,0.9955262163180087
1607.8514716604411,0.992055429352532,1607.8514716604411,1.001536630492706,1607.843138455448,1.0106814218843934,1607.7278624384523,1.014142538839279
1607.8528605277854,0.9970795738545024,1607.8528605277854,1.0015191172794233,1607.8445273232571,1.0030256315252306,1607.729251306262,1.0018399395322228
1607.8542493955938,0.9949606161484161,1607.8542493955938,1.001383193302742,1607.8459161906,1.003559114768488,1607.7306401740714,0.9965655232274526
1607.8556382629365,0.9899782853477866,1607.8556382629365,1.0014231105667002,1607.847305057944,0.9941506450661908,1607.732029042346,1.003868263210982
1607.8570271302804,0.9940902912429385,1607.8570271302804,1.0014659276100348,1607.8486939252873,1.008189681360313,1607.733417910155,1.0032010353788416
1607.858415997625,0.9982312863771975,1607.858415997625,1.0014319918393542,1607.8500827930968,1.0029376237800054,1607.7348067779633,0.9950693915586232
1607.859804864969,0.9888972620745292,1607.859804864969,1.0013855520795598,1607.8514716604411,0.9935798519757296,1607.7361956457733,0.99386324371132
1607.861193732778,0.9944869130428499,1607.861193732778,1.0014079310567525,1607.8528605277854,0.9985942546641048,1607.7375845135832,1.006082796327515
1607.862582600121,0.9929659008383758,1607.862582600121,1.0015107718771954,1607.8542493955938,0.9963368390091646,1607.7389733813927,1.0109158147131825
1607.863971467464,1.0063101128986325,1607.863971467464,1.0014280043598172,1607.8556382629365,0.9913871339064688,1607.7403622492018,1.012470459639648
1607.8653603348075,1.0135108023982669,1607.8653603348075,1.001424807826391,1607.8570271302804,0.995547555647739,1607.7417511170104,1.007532307677252
1607.866749202152,0.9939701077380897,1607.866749202152,1.0013855937653418,1607.858415997625,0.9996607454330776,1607.743139984819,1.003609268989319
1607.868138069962,1.0038040371263903,1607.868138069962,1.0012726007150055,1607.859804864969,0.9902674307324676,1607.744528852629,1.0205657450477463
1607.8695269373054,1.0079428230601333,1607.8695269373054,1.0012705685766783,1607.861193732778,0.9958870820532568,1607.745917720439,1.0123403848718016
1607.8709158046483,0.9919561557593434,1607.8709158046483,1.0012888968454836,1607.862582600121,0.9944660457963764,1607.7473065882482,1.0056138747506391
1607.8723046719913,1.0049622526492354,1607.8723046719913,1.0011747227769776,1607.863971467464,1.00774712812718,1607.7486954560577,0.9977898163009916
1607.8736935393356,1.0146473218886622,1607.8736935393356,1.001068530391151,1607.8653603348075,1.0149548605216556,1607.7500843238663,1.0000545715980045
1607.87508240668,1.0041804824779297,1607.87508240668,1.001047149416189,1607.866749202152,0.9953473465223076,1607.7514731912104,0.9912970873717788
1607.8764712740233,0.9909249099855915,1607.8764712740233,1.0010068835121058,1607.868138069962,1.0050814788617628,1607.7528620590194,1.0014849862864226
1607.8778601418328,0.9993817438889315,1607.8778601418328,1.001125115184838,1607.8695269373054,1.009223483538202,1607.754250926829,0.9973908252027542
1607.8792490091755,1.0004504260291491,1607.8792490091755,1.0011785116383525,1607.8709158046483,0.9932346849193596,1607.755639794638,1.009440410737244
1607.880637876519,0.9906118995592161,1607.880637876519,1.0012017499508015,1607.8723046719913,1.0061428046974252,1607.7570286624475,1.0006751111514036
1607.882026743863,0.9991611690159079,1607.882026743863,1.0011226207315447,1607.8736935393356,1.0157315033884002,1607.7584175302566,1.012264813742311
1607.8834156112073,1.00803144055873,1607.8834156112073,1.0010555295780263,1607.87508240668,1.005232009483905,1607.759806398066,0.9954136071799096
1607.884804478551,1.005804644748612,1607.884804478551,1.0009795180111734,1607.8764712740233,0.9919226559391908,1607.7611952658751,0.9946892932427586
1607.8861933458943,1.0007414225129894,1607.8861933458943,1.0009508153429292,1607.8778601418328,1.0005061634644308,1607.7625841336846,1.0008518741979913
1607.8875822132377,1.0000723115145105,1607.8875822132377,1.0010526843505478,1607.8792490091755,1.0016294684998193,1607.763973001028,0.9918828995446296
1607.8889710805809,1.0045538307138118,1607.8889710805809,1.0010654540464388,1607.880637876519,0.9918023673607748,1607.765361868837,0.9990682732146424
1607.8903599479252,0.9921324685346683,1607.8903599479252,1.0010962296817085,1607.882026743863,1.0002828480583996,1607.766750736647,1.0065636108429348
1607.8917488152688,0.9994904433150527,1607.8917488152688,1.0010928675515678,1607.8834156112073,1.0090954475598204,1607.7681396044566,1.0096705221081572
1607.8931376826124,0.9909035042177184,1607.8931376826124,1.0010442131616737,1607.884804478551,1.006789848513865,1607.7695284722652,1.0120070427943268
1607.8945265499558,0.9982999982911985,1607.8945265499558,1.0010004948952815,1607.8861933458943,1.0016929428118195,1607.7709173400742,0.9962499186183206
1607.8959154172987,0.9860316983999498,1607.8959154172987,1.0009892543429242,1607.8875822132377,1.001125071986258,1607.772306207418,1.0122953276246325
1607.8973042846426,1.0098892719508918,1607.8973042846426,1.0010166250004864,1607.8889710805809,1.0056241366576113,1607.7736950752271,1.0071723254174387
1607.898693151987,1.006671841780972,1607.898693151987,1.000970068830714,1607.8903599479252,0.9932200735948628,1607.775083943037,1.0065869889621295
1607.9000820193305,1.00518219978355,1607.9000820193305,1.0008509933598924,1607.8917488152688,1.0005827539886538,1607.7764728108466,0.9991594750633622
1607.901470886674,0.9959294634079953,1607.901470886674,1.0007354883935557,1607.8931376826124,0.9919382186987712,1607.7778616786552,1.0124887407851813
1607.9028597540175,0.9999537583063498,1607.9028597540175,1.0007579501850203,1607.8945265499558,0.9992987923434484,1607.7792505459986,0.9842000612452356
1607.9042486213614,0.9963777596002859,1607.9042486213614,1.0007489689668407,1607.8959154172987,0.9870071345398528,1607.780639413808,1.010703304891314
1607.9056374887048,1.0034474084251166,1607.9056374887048,1.000788922890422,1607.8973042846426,1.01091595063248,1607.782028281618,1.0058282194830257
1607.9070263560486,1.0017370084935817,1607.9070263560486,1.000698742831315,1607.898693151987,1.007648382757441,1607.7834171494278,1.011688583879944
1607.9084152229264,1.0102667721187648,1607.9084152229264,1.000715433619453,1607.9000820193305,1.0060376031610478,1607.7848060167703,1.0030585239952607
1607.9098040902695,0.9920195952825,1607.9098040902695,1.0006889393187097,1607.901470886674,0.996661957969132,1607.7861948845791,1.0026969786635245
1607.9111929576136,1.0011600639287879,1607.9111929576136,1.0005970198068659,1607.9028597540175,1.00071167344247,1607.7875837523886,1.003838768723393
1607.912581824958,1.0009158598992816,1607.912581824958,1.0006262505712062,1607.9042486213614,0.9971240156214768,1607.788972619732,0.9983188821670756
1607.9139706923013,1.0051612672970238,1607.9139706923013,1.000581042498791,1607.9056374887048,1.004239051054958,1607.790361487542,0.9984587431243525
1607.9153595596442,0.9930665675241899,1607.9153595596442,1.0005556018406188,1607.9070263560486,1.0024369650471294,1607.791750355352,1.0106713638563676
1607.916748426988,1.0024868020094926,1607.916748426988,1.0005208840662339,1607.9084152229264,1.010989550932155,1607.793139222695,1.004669235632005
1607.9181372938658,0.9996731898339356,1607.9181372938658,1.000514682919723,1607.9098040902695,0.9927030365866206,1607.7945280905035,1.004158926628996
1607.9195261612097,1.0125718089525613,1607.9195261612097,1.0005450268580363,1607.9111929576136,1.0017577763167964,1607.795916958313,1.0074090288742878
1607.920915028554,0.995881020735151,1607.920915028554,1.0005041754832231,1607.912581824958,1.0015426840282728,1607.7973058256573,0.9946521193148524
1607.9223038958974,1.012614655989427,1607.9223038958974,1.000459536841343,1607.9139706923013,1.005745308711462,1607.7986946934673,1.0120268190521342
1607.9236927632403,0.9956431361415131,1607.9236927632403,1.000440842836437,1607.9153595596442,0.9936183171369632,1607.8000835612763,1.005729610032584
1607.9250816301185,1.004108526044097,1607.9250816301185,1.000423052169407,1607.916748426988,1.003008981411269,1607.80147242862,1.0130809411650217
1607.926470497462,1.0056227759067131,1607.926470497462,1.0004027087641194,1607.9181372938658,1.000187704550048,1607.8028612964283,1.0093218891096971
1607.9278593648062,1.0150130391158754,1607.9278593648062,1.0003492293988063,1607.9195261612097,1.0131236877841308,1607.8042501637713,1.001633410159451
1607.9292482321505,0.978242126043702,1607.9292482321505,1.0002916203944483,1607.920915028554,0.9963831195300128,1607.8056390315812,1.0053289879027747
1607.9306370994934,0.992854085251401,1607.9306370994934,1.0003431595429388,1607.9223038958974,1.0130799897299378,1607.8070278989255,0.9941903335011032
1607.9320259663707,0.9997019807588302,1607.9320259663707,1.0003487531146813,1607.9236927632403,0.9960820582857288,1607.808416766735,1.007959502029751
1607.933414833714,1.0042641854821337,1607.933414833714,1.000396969192614,1607.9250816301185,1.00453331633436,1607.809805634544,1.0080309955803122
1607.934803701058,1.0033861246207825,1607.934803701058,1.0003934780756627,1607.926470497462,1.006027749011969,1607.811194501887,0.995557137958223
1607.9361925679366,0.9985916715566293,1607.9361925679366,1.0003932252820664,1607.9278593648062,1.0153675115093064,1607.8125833696963,1.0127895981505188
1607.937581435281,1.001137291228199,1607.937581435281,1.0004521105746147,1607.9292482321505,0.9785274013983648,1607.8139722370408,0.9946375759500046
1607.9389703026238,0.9939184864734216,1607.9389703026238,1.0003775778580406,1607.9306370994934,0.9931947926055008,1607.81536110485,0.9890283224554854
1607.940359169501,1.0050969263112328,1607.940359169501,1.0004559075755066,1607.9320259663707,1.000050629938373,1607.8167499721935,1.0050682267302424
1607.9417480368445,1.000668082195965,1607.9417480368445,1.0005390647047827,1607.933414833714,1.0046628474250157,1607.8181388400028,0.9948682989577572
1607.9431369041888,0.9905222662893423,1607.9431369041888,1.0005532149991132,1607.934803701058,1.0037809350622449,1607.8195277073455,0.9997066861556816
1607.9445257710674,0.9952617095009876,1607.9445257710674,1.000555081988796,1607.9361925679366,0.9989843430483464,1607.8209165751548,0.9982274764394092
1607.945914638411,0.9934500521207079,1607.945914638411,1.0005231107081907,1607.937581435281,1.0015899159842043,1607.822305442499,0.984720836034163
1607.9473035057538,1.015475055731372,1607.9473035057538,1.0005243179415306,1607.9389703026238,0.9942937680866112,1607.8236943103086,1.0088260555118878
1607.948692372631,0.9958247442098404,1607.948692372631,1.0006465681457857,1607.940359169501,1.0055551576140564,1607.825083177652,0.9966644724761384
1607.950081239975,0.9809694891767804,1607.950081239975,1.0006466842966408,1607.9417480368445,1.0012075070402795,1607.8264720454615,1.0009780752658548
1607.9514701073192,0.9946670634132043,1607.9514701073192,1.0007491115786253,1607.9431369041888,0.9910702380640092,1607.827860912805,1.0032527526715955
1607.952858974198,1.0161812915285653,1607.952858974198,1.0007923337515707,1607.9445257710674,0.99581416135007,1607.8292497801488,0.9915366451338784
1607.9542478415412,0.9903579478461596,1607.9542478415412,1.0007657502637308,1607.945914638411,0.9939697364810248,1607.8306386479578,1.007982812189297
1607.9556367084183,1.0041007182980668,1607.9556367084183,1.0008713741306372,1607.9473035057538,1.0160074875222689,1607.8320275153017,1.0041849551744952
1607.9570255757617,1.0067913607710808,1607.9570255757617,1.0008553584769329,1607.948692372631,0.9964686127682316,1607.8334163831107,1.0076534797311028
1607.95841444264,0.9970296006691589,1607.95841444264,1.0008472060155007,1607.950081239975,0.9816038667409148,1607.8348052504546,0.9988945003926027
1607.9598033099844,1.0056629582285082,1607.9598033099844,1.0007293416470415,1607.9514701073192,0.9954121800272844,1607.836194117798,0.976254219104898
1607.9611921773285,0.9938635937041532,1607.9611921773285,1.0007475117219764,1607.952858974198,1.016986446263558,1607.8375829856072,0.9920184790440306
1607.962581044206,0.9959931205243155,1607.962581044206,1.0007398294607694,1607.9542478415412,0.9911163147059108,1607.8389718529509,1.0221408458285075
1607.9639699115494,0.9863644827751846,1607.9639699115494,1.0008522389404402,1607.9556367084183,1.004975665688546,1607.84036072076,1.010712615363203
1607.965358778427,0.9969305839659643,1607.965358778427,1.0008008666422439,1607.9570255757617,1.0076525282960191,1607.8417495881038,0.9988213758104698
1607.9667476457705,0.9926073074680732,1607.9667476457705,1.000783222478857,1607.95841444264,0.997874290144478,1607.843138455448,1.0106814218843934
1607.9681365126492,1.0024811144279566,1607.9681365126492,1.000850603659672,1607.9598033099844,1.006396430106831,1607.8445273232571,1.0030256315252306
1607.9695253799923,0.9963626153103943,1607.9695253799923,1.0008016259803538,1607.9611921773285,0.9946065183904926,1607.8459161906,1.003559114768488
1607.9709142468707,0.9866655280406563,1607.9709142468707,1.000825339279891,1607.962581044206,0.9967299855776032,1607.847305057944,0.9941506450661908
1607.9723031137485,1.0021990993497587,1607.9723031137485,1.0007500591475347,1607.9639699115494,0.9872051009968728,1607.8486939252873,1.008189681360313
1607.9736919810923,0.9963747994394749,1607.9736919810923,1.00075173750227,1607.965358778427,0.9977289924152954,1607.8500827930968,1.0029376237800054
1607.97508084797,0.9972512636070898,1607.97508084797,1.0006520707271045,1607.9667476457705,0.99338473982396,1607.8514716604411,0.9935798519757296
1607.976469715314,0.9994644836489772,1607.976469715314,1.0006668316935792,1607.9681365126492,1.0033338285326412,1607.8528605277854,0.9985942546641048
1607.9778585821916,0.9911377003915821,1607.9778585821916,1.0007735982209347,1607.9695253799923,0.9971613254686804,1607.8542493955938,0.9963368390091646
1607.9792474495357,0.9897863464879635,1607.9792474495357,1.0007440763427309,1607.9709142468707,0.9874798618570626,1607.8556382629365,0.9913871339064688
1607.9806363164132,1.0060828278055076,1607.9806363164132,1.0007611757038528,1607.9723031137485,1.002950807951877,1607.8570271302804,0.995547555647739
1607.982025183291,1.0010237210282766,1607.982025183291,1.0008747876581452,1607.9736919810923,0.9971238117425304,1607.858415997625,0.9996607454330776
1607.9834140506348,0.9988353127221631,1607.9834140506348,1.0009487971711408,1607.97508084797,0.997901541963656,1607.859804864969,0.9902674307324676
1607.9848029175123,0.9970784168291187,1607.9848029175123,1.0009617864115277,1607.976469715314,1.0001309582432811,1607.861193732778,0.9958870820532568
1607.9861917848564,0.9965572448370322,1607.9861917848564,1.0010874837734136,1607.9778585821916,0.9919044427533064,1607.862582600121,0.9944660457963764
1607.987580651734,1.0060758100336513,1607.987580651734,1.0011084694374832,1607.9792474495357,0.9905228230927432,1607.863971467464,1.00774712812718
1607.9889695186127,0.9947530762304514,1607.9889695186127,1.0011666313114043,1607.9806363164132,1.0068486336100968,1607.8653603348075,1.0149548605216556
1607.9903583859566,1.0088899899170254,1607.9903583859566,1.0011088418111522,1607.982025183291,1.0018994042249427,1607.866749202152,0.9953473465223076
1607.991747252834,1.0036240769861169,1607.991747252834,1.0010453797285528,1607.9834140506348,0.9997830048413094,1607.868138069962,1.0050814788617628
1607.9931361197116,0.991800093097527,1607.9931361197116,1.001047999966085,1607.9848029175123,0.9980373933016524,1607.8695269373054,1.009223483538202
1607.9945249870557,1.0023640672850338,1607.9945249870557,1.0010053739197062,1607.9861917848564,0.9976409846700702,1607.8709158046483,0.9932346849193596
1607.9959138539332,1.0084458693147307,1607.9959138539332,1.0010111464815366,1607.987580651734,1.0071910143208649,1607.8723046719913,1.0061428046974252
1607.9973027208118,0.9939275098961906,1607.9973027208118,1.001039526699561,1607.9889695186127,0.9959135863162976,1607.8736935393356,1.0157315033884002
1607.9986915876898,0.987708124086611,1607.9986915876898,1.001013173867214,1607.9903583859566,1.0100086893206983,1607.87508240668,1.005232009483905
1608.0000804550325,0.9938917351693234,1608.0000804550325,1.0009942580800455,1607.991747252834,1.0046732452512857,1607.8764712740233,0.9919226559391908
1608.0014693219107,0.9816658894094306,1608.0014693219107,1.000988544398727,1607.9931361197116,0.9928394995614565,1607.8778601418328,1.0005061634644308
1608.0028581887884,1.008001322044438,1608.0028581887884,1.0010034575950384,1607.9945249870557,1.003371817976333,1607.8792490091755,1.0016294684998193
1608.004247055667,1.0170934981511894,1608.004247055667,1.000977858988963,1607.9959138539332,1.0094655558073082,1607.880637876519,0.9918023673607748
1608.0056359230114,0.9992022603726807,1608.0056359230114,1.0009280110291479,1607.9973027208118,0.994960724080156,1607.882026743863,1.0002828480583996
1608.0070247898886,0.9972741436175299,1608.0070247898886,1.0009523268667597,1607.9986915876898,0.9887088441463704,1607.8834156112073,1.0090954475598204
1608.008413656766,0.9913114064265319,1608.008413656766,1.0009430672887363,1608.0000804550325,0.994879920057706,1607.884804478551,1.006789848513865
1608.009802523644,0.9989985452421811,1608.009802523644,1.0008732059012604,1608.0014693219107,0.9826363097258276,1607.8861933458943,1.0016929428118195
1608.0111913905218,0.9903990656761527,1608.0111913905218,1.0008540967719934,1608.0028581887884,1.0090128086268522,1607.8875822132377,1.001125071986258
1608.012580257866,1.0048380975457725,1608.012580257866,1.0008723408937334,1608.004247055667,1.0180880721709724,1607.8889710805809,1.0056241366576113
1608.0139691247448,1.0018256737160347,1608.0139691247448,1.0008986151797739,1608.0056359230114,1.000129531090656,1607.8903599479252,0.9932200735948628
1608.015357991622,0.9954480227335908,1608.015357991622,1.0008087032272814,1608.0070247898886,0.9982238745780216,1607.8917488152688,1.0005827539886538
1608.0167468584991,0.9977746888381805,1608.0167468584991,1.000911572934391,1608.008413656766,0.992246279786884,1607.8931376826124,0.9919382186987712
1608.018135725377,0.9997833970696098,1608.018135725377,1.0008520742893716,1608.009802523644,0.9998708766672372,1607.8945265499558,0.9992987923434484
1608.0195245922555,1.0020273013626537,1608.0195245922555,1.0008921355144413,1608.0111913905218,0.991244962321132,1607.8959154172987,0.9870071345398528
1608.0209134591344,1.007481985977809,1608.0209134591344,1.0009301676555729,1608.012580257866,1.005714658909843,1607.8973042846426,1.01091595063248
1608.0223023264782,0.9985972221308879,1608.0223023264782,1.0009425180778098,1608.0139691247448,1.002725929473923,1607.898693151987,1.007648382757441
1608.023691193356,1.0019678841448267,1608.023691193356,1.0009233410772846,1608.015357991622,0.9962530447621664,1607.9000820193305,1.0060376031610478
1608.0250800602332,0.9895580917268727,1608.0250800602332,1.0008867303335884,1608.0167468584991,0.9986842332391458,1607.901470886674,0.996661957969132
1608.0264689271105,0.9898924924484259,1608.0264689271105,1.0009014949168569,1608.018135725377,1.0006352867971935,1607.9028597540175,1.00071167344247
1608.0278577939891,1.000677224712774,1608.0278577939891,1.0009733996240366,1608.0195245922555,1.0029212455046392,1607.9042486213614,0.9971240156214768
1608.0292466608678,1.0075809994508833,1608.0292466608678,1.000998270211226,1608.0209134591344,1.008419113134738,1607.9056374887048,1.004239051054958
1608.030635527746,0.9980569358008398,1608.030635527746,1.0010736358059569,1608.0223023264782,0.9995384180651968,1607.9070263560486,1.0024369650471294
1608.0320243946237,0.9969897195214531,1608.0320243946237,1.0010750356142546,1608.023691193356,1.0028930422503777,1607.9084152229264,1.010989550932155
1608.033413261501,1.0076597948569619,1608.033413261501,1.0010790264219567,1608.0250800602332,0.9904355629036548,1607.9098040902695,0.9927030365866206
1608.0348021283787,1.0043317896367385,1608.0348021283787,1.0010720670860653,1608.0264689271105,0.990784875498603,1607.9111929576136,1.0017577763167964
1608.0361909952574,0.9883883109703346,1608.0361909952574,1.0010775432257406,1608.0278577939891,1.0016512835470914,1607.912581824958,1.0015426840282728
1608.0375798621355,1.0056358094262479,1608.0375798621355,1.001103848117205,1608.0292466608678,1.0085868375480322,1607.9139706923013,1.005745308711462
1608.0389687290133,0.9975913749826025,1608.0389687290133,1.0011437966247236,1608.030635527746,0.9991284854634992,1607.9153595596442,0.9936183171369632
1608.0403575958917,0.9938886463670432,1608.0403575958917,1.0011405515089047,1608.0320243946237,0.9980615189769844,1607.916748426988,1.003008981411269
1608.0417464627687,0.9926246257768614,1608.0417464627687,1.001182642781868,1608.033413261501,1.008747086399956,1607.9181372938658,1.000187704550048
1608.0431353296465,1.0075289595271084,1608.0431353296465,1.001221907473856,1608.0348021283787,1.0054085006918971,1607.9195261612097,1.0131236877841308
1608.0445241965251,1.0095623655183916,1608.0445241965251,1.001235482091975,1608.0361909952574,0.989453342099222,1607.920915028554,0.9963831195300128
1608.0459130634033,0.9983115619089399,1608.0459130634033,1.0012051730989848,1608.0375798621355,1.006745878621077,1607.9223038958974,1.0130799897299378
1608.047301930281,1.0000723119084547,1608.047301930281,1.0012948746313513,1608.0389687290133,0.998732416630161,1607.9236927632403,0.9960820582857288
1608.0486907971592,0.9894787608924119,1608.0486907971592,1.0012333256433683,1608.0403575958917,0.9950222275623404,1607.9250816301185,1.00453331633436
1608.0500796640365,1.005629720996076,1608.0500796640365,1.0012332411803357,1608.0417464627687,0.9937985461256408,1607.926470497462,1.006027749011969
1608.0514685309142,1.0016437415425299,1608.0514685309142,1.001248268272165,1608.0431353296465,1.0087600666928809,1607.9278593648062,1.0153675115093064
1608.0528573977929,1.0006551994593975,1608.0528573977929,1.001208277964035,1608.0445241965251,1.0108096617417217,1607.9292482321505,0.9785274013983648
1608.054246264205,0.9996401692760241,1608.054246264205,1.0011941932821113,1608.0459130634033,0.999514700147758,1607.9306370994934,0.9931947926055008
1608.0556351310831,1.013441371381039,1608.0556351310831,1.001222835373228,1608.047301930281,1.0013672801746618,1607.9320259663707,1.000050629938373
1608.0570239979609,1.004843197610444,1608.0570239979609,1.0013416324849949,1608.0486907971592,0.9906991104217888,1607.933414833714,1.0046628474250157
1608.058412864839,0.9988473593450391,1608.058412864839,1.0014082970827316,1608.0500796640365,1.006869904980178,1607.934803701058,1.0037809350622449
1608.0598017317168,1.005859345868982,1608.0598017317168,1.0014197166231822,1608.0514685309142,1.00289406164511,1607.9361925679366,0.9989843430483464
1608.061190598595,1.0066160611142405,1608.061190598595,1.001353582194309,1608.0528573977929,1.0018642690865014,1607.937581435281,1.0015899159842043
1608.0625794654727,1.001134368399256,1608.0625794654727,1.0013979213492912,1608.054246264205,1.000833932850702,1607.9389703026238,0.9942937680866112
1608.0639683318852,0.9981053270194526,1608.0639683318852,1.001391077192839,1608.0556351310831,1.0146806433386564,1607.940359169501,1.0055551576140564
1608.065357198763,1.0190273449057483,1608.065357198763,1.0015100084879316,1608.0570239979609,1.0061913278866843,1607.9417480368445,1.0012075070402795
1608.0667460656412,1.0008857932194144,1608.0667460656412,1.0014088396561445,1608.058412864839,1.0002540331672989,1607.9431369041888,0.9910702380640092
1608.068134932519,1.0056982130409393,1608.068134932519,1.001468057699034,1608.0598017317168,1.0072873811028953,1607.9445257710674,0.99581416135007
1608.069523799397,0.9935906481885716,1608.069523799397,1.001582808380485,1608.061190598595,1.00797859869107,1607.945914638411,0.9939697364810248
1608.0709126658091,0.9941933894251684,1608.0709126658091,1.001667902551999,1608.0625794654727,1.0025338755063504,1607.9473035057538,1.0160074875222689
1608.0723015326869,0.9966469613400064,1608.0723015326869,1.0017267094574356,1608.0639683318852,0.9994937685759204,1607.948692372631,0.9964686127682316
1608.0736903995655,1.0094684133709868,1608.0736903995655,1.0017352268449145,1608.065357198763,1.0205660848459903,1607.950081239975,0.9816038667409148
1608.0750792664437,1.007125438985679,1608.0750792664437,1.001717060686853,1608.0667460656412,1.0022958808161735,1607.9514701073192,0.9954121800272844
1608.076468132855,1.011472412578839,1608.076468132855,1.001673463962412,1608.068134932519,1.0071746360454987,1607.952858974198,1.016986446263558
1608.077856999733,1.0042550333111537,1608.077856999733,1.0017823933087138,1608.069523799397,0.995163311793296,1607.9542478415412,0.9911163147059108
1608.0792458666112,0.9986238132246574,1608.0792458666112,1.0016777900211964,1608.0709126658091,0.9958516071165712,1607.9556367084183,1.004975665688546
1608.080634733023,1.0041318074662533,1608.080634733023,1.0017340327359412,1608.0723015326869,0.9983678810738766,1607.9570255757617,1.0076525282960191
1608.082023599902,1.0038301405495522,1608.082023599902,1.0016698263669706,1608.0736903995655,1.0112200700609613,1607.95841444264,0.997874290144478
1608.08341246678,1.0015736657345784,1608.08341246678,1.0016305802261838,1608.0750792664437,1.008854734483691,1607.9598033099844,1.006396430106831
1608.0848013331918,0.9898929028088815,1608.0848013331918,1.0017108484592407,1608.076468132855,1.0131650752102637,1607.9611921773285,0.9946065183904926
1608.0861902000695,0.9991737564074805,1608.0861902000695,1.0016735200766547,1608.077856999733,1.0060450107627696,1607.962581044206,0.9967299855776032
1608.0875790669477,0.9979942872728312,1608.0875790669477,1.0017929252984075,1608.0792458666112,1.0002992942934148,1607.9639699115494,0.9872051009968728
1608.0889679333604,1.0053877352533342,1608.0889679333604,1.0018679705504485,1608.080634733023,1.0058730048915996,1607.965358778427,0.9977289924152954
1608.0903568002389,0.9825133747627426,1608.0903568002389,1.0018618228236988,1608.082023599902,1.0055063625862015,1607.9667476457705,0.99338473982396
1608.091745667117,1.0046988186598218,1608.091745667117,1.0019336560014114,1608.08341246678,1.0032068119489916,1607.9681365126492,1.0033338285326412
1608.0931345335289,1.0051622444007973,1608.0931345335289,1.0020205142405052,1608.0848013331918,0.9915864595564654,1607.9695253799923,0.9971613254686804
1608.094523400406,1.0004508351707588,1608.094523400406,1.002055541402543,1608.0861902000695,1.0008458937488949,1607.9709142468707,0.9874798618570626
1608.095912266818,1.0040545018398548,1608.095912266818,1.0021345596776787,1608.0875790669477,0.9997836164781488,1607.9723031137485,1.002950807951877
1608.0973011336966,0.991942039459707,1608.0973011336966,1.002154746758875,1608.0889679333604,1.0072657699345695,1607.9736919810923,0.9971238117425304
1608.0986900005753,0.9923610043520689,1608.0986900005753,1.0020952906535876,1608.0903568002389,0.9843426405884652,1607.97508084797,0.997901541963656
1608.1000788669878,0.993120309105147,1608.1000788669878,1.0021062883286402,1608.091745667117,1.0066415605601342,1607.976469715314,1.0001309582432811
1608.101467733865,1.0026173929881241,1608.101467733865,1.0021643594938205,1608.0931345335289,1.0071931890296273,1607.9778585821916,0.9919044427533064
1608.1028566002767,1.0055260456288087,1608.1028566002767,1.0021521037697312,1608.094523400406,1.0025073032836609,1607.9792474495357,0.9905228230927432
1608.1042454671554,0.992322984117176,1608.1042454671554,1.002262026971175,1608.095912266818,1.006197716093674,1607.9806363164132,1.0068486336100968
1608.1056343335683,0.996193021889547,1608.1056343335683,1.002335981829383,1608.0973011336966,0.9940794233542246,1607.982025183291,1.0018994042249427
1608.107023200446,1.0051385338064716,1608.107023200446,1.0022731538756804,1608.0986900005753,0.9944402890894726,1607.9834140506348,0.9997830048413094
1608.108412066858,1.002037039416594,1608.108412066858,1.0022989283057786,1608.1000788669878,0.9952121068211508,1607.9848029175123,0.9980373933016524
1608.1098009337354,0.9988295785656225,1608.1098009337354,1.0022784518713845,1608.101467733865,1.0047874174613076,1607.9861917848564,0.9976409846700702
1608.111189800147,1.0136997998018207,1608.111189800147,1.0022784443192307,1608.1028566002767,1.0076900420221693,1607.987580651734,1.0071910143208649
1608.1125786670257,0.9962014101539548,1608.1125786670257,1.0023421407301278,1608.1042454671554,0.994567645471366,1607.9889695186127,0.9959135863162976
1608.1139675334389,0.9993973797474229,1608.1139675334389,1.002324011501026,1608.1056343335683,0.9985201106872392,1607.9903583859566,1.0100086893206983
1608.1153564003168,0.9981542819105909,1608.1153564003168,1.0023443836462491,1608.107023200446,1.0074233683601894,1607.991747252834,1.0046732452512857
1608.116745266729,0.9985787356168476,1608.116745266729,1.002344770567104,1608.108412066858,1.0043406507299475,1607.9931361197116,0.9928394995614565
1608.1181341331403,0.9935041287708898,1608.1181341331403,1.0022606998048091,1608.1098009337354,1.0011053636880995,1607.9945249870557,1.003371817976333
1608.1195230000187,0.9976332965521653,1608.1195230000187,1.0023765415150594,1608.111189800147,1.0160094583520844,1607.9959138539332,1.0094655558073082
1608.1209118664317,1.0096658941475718,1608.1209118664317,1.0024198341782646,1608.1125786670257,0.9985346540520872,1607.9973027208118,0.994960724080156
1608.1223007333094,0.9953943786260423,1608.1223007333094,1.0023090257949852,1608.1139675334389,1.001719990752051,1607.9986915876898,0.9887088441463704
1608.123689599722,1.0004929726164125,1608.123689599722,1.0023173756526398,1608.1153564003168,1.0004943384855356,1608.0000804550325,0.994879920057706
1608.125078466134,1.0029639712709137,1608.125078466134,1.0023082925368612,1608.116745266729,1.000920173645058,1608.0014693219107,0.9826363097258276
1608.1264673330113,1.002073549809648,1608.1264673330113,1.002411815008105,1608.1181341331403,0.9957501433608792,1608.0028581887884,1.0090128086268522
1608.1278561994234,0.9928173078001327,1608.1278561994234,1.0024690760622115,1608.1195230000187,1.000004213498227,1608.004247055667,1.0180880721709724
1608.1292450658364,0.9951113044122517,1608.1292450658364,1.00242170638225,1608.1209118664317,1.0121091181868582,1608.0056359230114,1.000129531090656
1608.1306339327143,0.9932986572542373,1608.1306339327143,1.0023404253540562,1608.1223007333094,0.997692769922473,1608.0070247898886,0.9982238745780216
1608.1320227991266,0.9942669213033931,1608.1320227991266,1.0023000311644839,1608.123689599722,1.0028114906717909,1608.008413656766,0.992246279786884
1608.1334116655391,0.9969328382086599,1608.1334116655391,1.0023111315089703,1608.125078466134,1.005279105520539,1608.009802523644,0.9998708766672372
1608.1348005324169,0.9972423291309158,1608.1348005324169,1.00239307457927,1608.1264673330113,1.004490365836304,1608.0111913905218,0.991244962321132
1608.1361893988294,1.0017617203683837,1608.1361893988294,1.002386817028395,1608.1278561994234,0.9952686492489712,1608.012580257866,1.005714658909843
1608.1375782652417,1.001379350425034,1608.1375782652417,1.0024159896092593,1608.1292450658364,0.997521171809196,1608.0139691247448,1.002725929473923
1608.1389671321197,1.0018176113217254,1608.1389671321197,1.0023308264829747,1608.1306339327143,0.995623398615825,1608.015357991622,0.9962530447621664
1608.1403559985315,0.9922027214757793,1608.1403559985315,1.0022712476819402,1608.1320227991266,0.9965537662082063,1608.0167468584991,0.9986842332391458
1608.1417448649445,1.0043970071466113,1608.1417448649445,1.0022898042818729,1608.1334116655391,0.9992368811033712,1608.018135725377,1.0006352867971935
1608.1431337313563,0.9864953940666454,1608.1431337313563,1.0023601751211804,1608.1348005324169,0.999628804398131,1608.0195245922555,1.0029212455046392
1608.144522598234,0.9961674237621075,1608.144522598234,1.0023914146513373,1608.1361893988294,1.0041527423009533,1608.0209134591344,1.008419113134738
1608.1459114646466,1.00124146669626,1608.1459114646466,1.0023374447351419,1608.1375782652417,1.0037986725305876,1608.0223023264782,0.9995384180651968
1608.147300331059,0.9930773618312567,1608.147300331059,1.0022799916783176,1608.1389671321197,1.0041526743413045,1608.023691193356,1.0028930422503777
1608.1486891974712,1.0038523514518534,1608.1486891974712,1.0023412384631432,1608.1403559985315,0.9944562596069458,1608.0250800602332,0.9904355629036548
1608.1500780638842,1.0003065586753517,1608.1500780638842,1.0022925348938965,1608.1417448649445,1.006696879714276,1608.0264689271105,0.990784875498603
1608.151466930762,1.012400348770696,1608.151466930762,1.0024009841891157,1608.1431337313563,0.9888236959528806,1608.0278577939891,1.0016512835470914
1608.1528557971735,1.002800910759326,1608.1528557971735,1.0024161083033287,1608.144522598234,0.9985496731344772,1608.0292466608678,1.0085868375480322
1608.154244663586,1.0012277306394373,1608.154244663586,1.002365450042517,1608.1459114646466,1.003581813291195,1608.030635527746,0.9991284854634992
1608.155633529998,1.0036490720786782,1608.155633529998,1.0023315000812623,1608.147300331059,0.9953415699521576,1608.0320243946237,0.9980615189769844
1608.1570223964106,1.0020901742947361,1608.1570223964106,1.0023184831448773,1608.1486891974712,1.006202609188389,1608.033413261501,1.008747086399956
1608.1584112628236,1.0004781691813323,1608.1584112628236,1.002413922684558,1608.1500780638842,1.0025997963657085,1608.0348021283787,1.0054085006918971
1608.1598001292357,1.0061173140160502,1608.1598001292357,1.0023779108627675,1608.151466930762,1.0148311060011497,1608.0361909952574,0.989453342099222
1608.161188996113,0.984051010228365,1608.161188996113,1.0023622508089696,1608.1528557971735,1.0052237863663973,1608.0375798621355,1.006745878621077
1608.162577862525,1.0023860632099364,1608.162577862525,1.002441537271365,1608.154244663586,1.0035960848174474,1608.0389687290133,0.998732416630161
1608.1639667289376,1.0042318487558102,1608.1639667289376,1.0023979330826203,1608.155633529998,1.0059890799717883,1608.0403575958917,0.9950222275623404
1608.1653555953503,1.0028688825769516,1608.1653555953503,1.0024254195452285,1608.1570223964106,1.0044135034734856,1608.0417464627687,0.9937985461256408
1608.1667444617635,0.9970790270518268,1608.1667444617635,1.0024292448844072,1608.1584112628236,1.0028932461293243,1608.0431353296465,1.0087600666928809
1608.1681333281756,1.0064843824580398,1608.1681333281756,1.0024295573393103,1608.1598001292357,1.0085097713062674,1608.0445241965251,1.0108096617417217
1608.1695221945872,0.99909111316943,1608.1695221945872,1.0023491840614096,1608.161188996113,0.9863755855233444,1608.0459130634033,0.999514700147758
1608.1709110609988,1.0025560092511154,1608.1709110609988,1.0022345314814005,1608.162577862525,1.0048334261435603,1608.047301930281,1.0013672801746618
1608.1722999274114,1.0145283851330458,1608.1722999274114,1.0022028773926182,1608.1639667289376,1.0066399295285626,1608.0486907971592,0.9906991104217888
1608.1736887938243,0.9989734043728837,1608.1736887938243,1.0022487118816172,1608.1653555953503,1.0053012603660552,1608.0500796640365,1.006869904980178
1608.175077660237,0.9937398882241119,1608.175077660237,1.0023439309983855,1608.1667444617635,0.9995011761776422,1608.0514685309142,1.00289406164511
1608.1764665266494,1.0045002054266188,1608.1764665266494,1.0022617950362565,1608.1681333281756,1.008929693976342,1608.0528573977929,1.0018642690865014
1608.177855393061,0.9988838241566117,1608.177855393061,1.0023055966016574,1608.1695221945872,1.0014381620883837,1608.054246264205,1.000833932850702
1608.1792442594726,1.003340480770686,1608.1792442594726,1.0022455727523567,1608.1709110609988,1.0047962522156544,1608.0556351310831,1.0146806433386564
1608.1806331258856,1.0016829823696558,1608.1806331258856,1.0023102442351763,1608.1722999274114,1.0167632667768247,1608.0570239979609,1.0061913278866843
1608.1820219922986,1.0079886946414096,1608.1820219922986,1.0022006526330074,1608.1736887938243,1.0012198077367167,1608.058412864839,1.0002540331672989
1608.1834108587109,1.0076321318609331,1608.1834108587109,1.0021532543674867,1608.175077660237,0.9960691459524524,1608.0598017317168,1.0072873811028953
1608.1847997251232,1.0044555802235378,1608.1847997251232,1.0021010478199903,1608.1764665266494,1.0067721790051714,1608.061190598595,1.00797859869107
1608.1861885915348,0.9943558427308068,1608.1861885915348,1.002001194046277,1608.177855393061,1.0011868473070378,1608.0625794654727,1.0025338755063504
1608.1875774579464,1.0017296857650622,1608.1875774579464,1.0019009645055343,1608.1792442594726,1.0055935548156412,1608.0639683318852,0.9994937685759204
1608.1889663243594,0.9994168352456639,1608.1889663243594,1.0018434641306768,1608.1806331258856,1.0039971147051496,1608.065357198763,1.0205660848459903
1608.1903551903067,1.0095752285103627,1608.1903551903067,1.00186679615156,1608.1820219922986,1.010206927616314,1608.0667460656412,1.0022958808161735
1608.1917440567188,0.9896001209463935,1608.1917440567188,1.0018304469003805,1608.1834108587109,1.0098018201496826,1608.068134932519,1.0071746360454987
1608.193132923131,1.008454235356983,1608.193132923131,1.0017599679218154,1608.1847997251232,1.0065659894306436,1608.069523799397,0.995163311793296
1608.194521789543,1.0068492412814345,1608.194521789543,1.0017726866638523,1608.1861885915348,0.9963457417231604,1608.0709126658091,0.9958516071165712
1608.195910655955,1.0022447899587332,1608.195910655955,1.0017648771625474,1608.1875774579464,1.0036339383418416,1608.0723015326869,0.9983678810738766
1608.197299522368,1.0003813653579652,1608.197299522368,1.0017535299110738,1608.1889663243594,1.0012592243330338,1608.0736903995655,1.0112200700609613
1608.19868838878,1.0092890464030246,1608.19868838878,1.0017325937761612,1608.1903551903067,1.0114598996616562,1608.0750792664437,1.008854734483691
1608.200077254727,0.9896326071749515,1608.200077254727,1.0017286826497755,1608.1917440567188,0.991411531420396,1608.076468132855,1.0131650752102637
1608.201466121139,0.9920857556223396,1608.201466121139,1.0017126852232872,1608.193132923131,1.01022908246183,1608.077856999733,1.0060450107627696
1608.2028549875506,1.0078413640079864,1608.2028549875506,1.0016325260193357,1608.194521789543,1.008634069503964,1608.0792458666112,1.0002992942934148
1608.2042438539631,0.9925982453743722,1608.2042438539631,1.0016337431398108,1608.195910655955,1.0040136288998134,1608.080634733023,1.0058730048915996
1608.205632720376,0.9976605473754325,1608.205632720376,1.0016123185443306,1608.197299522368,1.0021355640046012,1608.082023599902,1.0055063625862015
1608.2070215863223,0.9964057258746992,1608.2070215863223,1.0016012682909654,1608.19868838878,1.0110377343231702,1608.08341246678,1.0032068119489916
1608.208410452735,1.0003461792853299,1608.208410452735,1.0015295212108046,1608.200077254727,0.991343367892627,1608.0848013331918,0.9915864595564654
1608.2097993191471,1.0138490348495706,1608.2097993191471,1.001552700172964,1608.201466121139,0.9937848862362276,1608.0861902000695,1.0008458937488949
1608.2111881855587,0.9999880680065582,1608.2111881855587,1.0016310900887964,1608.2028549875506,1.0094866912580922,1608.0875790669477,0.9997836164781488
1608.2125770515056,1.006584515604788,1608.2125770515056,1.0016822327323711,1608.2042438539631,0.9942198959483408,1608.0889679333604,1.0072657699345695
1608.2139659179184,1.0031385947507485,1608.2139659179184,1.0017433875266861,1608.205632720376,0.999269093976913,1608.0903568002389,0.9843426405884652
1608.2153547843309,0.9865116546092721,1608.2153547843309,1.0016550404512194,1608.2070215863223,0.9980012387684788,1608.091745667117,1.0066415605601342
1608.216743650277,1.0035758923704603,1608.216743650277,1.0017239604739068,1608.208410452735,1.0018762299846942,1608.0931345335289,1.0071931890296273
1608.2181325166896,1.0055450830476191,1608.2181325166896,1.0016280011576293,1608.2097993191471,1.0154232384213409,1608.094523400406,1.0025073032836609
1608.2195213831017,1.007465559193523,1608.2195213831017,1.0015795629248994,1608.2111881855587,1.0016191386331983,1608.095912266818,1.006197716093674
1608.2209102495142,1.0022162411912763,1608.2209102495142,1.0015624543689154,1608.2125770515056,1.008277825024836,1608.0973011336966,0.9940794233542246
1608.2222991154606,0.9982578139171838,1608.2222991154606,1.0015368390573876,1608.2139659179184,1.0048874540643744,1608.0986900005753,0.9944402890894726
1608.2236879818731,0.9959072398491512,1608.2236879818731,1.0015406567498255,1608.2153547843309,0.98814437130325,1608.1000788669878,0.9952121068211508
1608.2250768478195,0.9968666571241276,1608.2250768478195,1.0015996126421076,1608.216743650277,1.0053060175414728,1608.101467733865,1.0047874174613076
1608.226465714232,1.0009818177125553,1608.226465714232,1.0016567879804172,1608.2181325166896,1.007182111606869,1608.1028566002767,1.0076900420221693
1608.227854580644,0.9971739371920842,1608.227854580644,1.0015891348979051,1608.2195213831017,1.009056914438938,1608.1042454671554,0.994567645471366
1608.229243446591,1.0057749320966682,1608.229243446591,1.0015287655589968,1608.2209102495142,1.0037821583359237,1608.1056343335683,0.9985201106872392
1608.230632313003,1.0018738431467056,1608.230632313003,1.0015312600217037,1608.2222991154606,0.999791975514954,1608.107023200446,1.0074233683601894
1608.2320211789497,0.9980248474711231,1608.2320211789497,1.0015445527369846,1608.2236879818731,0.9974415910604248,1608.108412066858,1.0043406507299475
1608.233410045362,1.003367931920132,1608.233410045362,1.0015305417801457,1608.2250768478195,0.9984612576313588,1608.1098009337354,1.0011053636880995
1608.234798911775,0.9956854557191881,1608.234798911775,1.0015211016500973,1608.226465714232,1.0026402323567578,1608.111189800147,1.0160094583520844
1608.2361877777214,0.9964665455024335,1608.2361877777214,1.001575394991003,1608.227854580644,0.9987585810949576,1608.1125786670257,0.9985346540520872
1608.237576644133,1.002813288042061,1608.237576644133,1.0014818065132094,1608.229243446591,1.00731252617296,1608.1139675334389,1.001719990752051
1608.23896551008,1.0028285665616077,1608.23896551008,1.0014754938831918,1608.230632313003,1.0034079725095066,1608.1153564003168,1.0004943384855356
1608.240354376492,0.997323134070448,1608.240354376492,1.0014164722484562,1608.2320211789497,0.9995663494808632,1608.116745266729,1.000920173645058
1608.2417432424388,1.0087908174096367,1608.2417432424388,1.0013697493674358,1608.233410045362,1.0049036284607942,1608.1181341331403,0.9957501433608792
1608.2431321088518,0.9912172389868915,1608.2431321088518,1.0013351684642255,1608.234798911775,0.9971999945088604,1608.1195230000187,1.000004213498227
1608.2445209747982,1.0085994668088465,1608.2445209747982,1.0014358161374104,1608.2361877777214,0.99803637390692,1608.1209118664317,1.0121091181868582
1608.2459098412098,1.0097393545223206,1608.2459098412098,1.0015039891392588,1608.237576644133,1.0042992633038148,1608.1223007333094,0.997692769922473
1608.2472987071567,0.9942346839961571,1608.2472987071567,1.0013965623640693,1608.23896551008,1.0043082339774594,1608.123689599722,1.0028114906717909
1608.2486875735688,0.9953537169604956,1608.2486875735688,1.0014291895571557,1608.240354376492,0.9987358146126022,1608.125078466134,1.005279105520539
1608.250076439516,0.9942337888563343,1608.250076439516,1.001363902241275,1608.2417432424388,1.0101726079936586,1608.1264673330113,1.004490365836304
1608.2514653054634,1.0065189890376485,1608.2514653054634,1.00134313771003,1608.2431321088518,0.9925406809855836,1608.1278561994234,0.9952686492489712
1608.2528541718757,1.008468266099657,1608.2528541718757,1.0012566517311694,1608.2445209747982,1.010047630199474,1608.1292450658364,0.997521171809196
1608.2542430378214,1.0014028768936372,1608.2542430378214,1.0013285963249223,1608.2459098412098,1.0112579915450042,1608.1306339327143,0.995623398615825
1608.255631904233,0.9909197131255832,1608.255631904233,1.0014137517889254,1608.2472987071567,0.9956231947368784,1608.1320227991266,0.9965537662082063
1608.25702077018,0.992479485233349,1608.25702077018,1.0014283442672383,1608.2486875735688,0.9967762660984516,1608.1334116655391,0.9992368811033712
1608.2584096361272,0.9975276124408013,1608.2584096361272,1.0014974709446873,1608.250076439516,0.9955898265493068,1608.1348005324169,0.999628804398131
1608.2597985025402,1.0036998075149794,1608.2597985025402,1.0015520803579594,1608.2514653054634,1.007870882647686,1608.1361893988294,1.0041527423009533
1608.2611873684866,0.9975620899844827,1608.2611873684866,1.001574515463911,1608.2528541718757,1.0097355594920805,1608.1375782652417,1.0037986725305876
1608.2625762348982,0.998089806770621,1608.2625762348982,1.0015699959985516,1608.2542430378214,1.0027333370756446,1608.1389671321197,1.0041526743413045
1608.2639651008442,0.991357846534045,1608.2639651008442,1.0014971743041685,1608.255631904233,0.992320627642696,1608.1403559985315,0.9944562596069458
1608.2653539667915,0.9894163371313781,1608.2653539667915,1.0015103850429405,1608.25702077018,0.9938970876164336,1608.1417448649445,1.006696879714276
1608.2667428332045,0.997355494962691,1608.2667428332045,1.001624581383556,1608.2584096361272,0.9990213810569548,1608.1431337313563,0.9888236959528806
1608.2681316991511,1.0044918927691893,1608.2681316991511,1.00158135373954,1608.2597985025402,1.005257630271511,1608.144522598234,0.9985496731344772
1608.2695205650978,1.002586393149638,1608.2695205650978,1.0016599178454755,1608.2611873684866,0.9991327669213748,1608.1459114646466,1.003581813291195
1608.2709094310435,0.9945203631961945,1608.2709094310435,1.0016691108630464,1608.2625762348982,0.999656803773446,1608.147300331059,0.9953415699521576
1608.272298297455,0.9999951778661899,1608.272298297455,1.0015885614502278,1608.2639651008442,0.9928420820281116,1608.1486891974712,1.006202609188389
1608.2736871634029,1.0041493575113705,1608.2736871634029,1.001651079480772,1608.2653539667915,0.9909107367682224,1608.1500780638842,1.0025997963657085
1608.27507602935,0.9961805337633035,1608.27507602935,1.001652564500963,1608.2667428332045,0.9989757801325948,1608.151466930762,1.0148311060011497
1608.2764648952964,1.010648412465075,1608.2764648952964,1.0016467772660884,1608.2681316991511,1.0060803497801574,1608.1528557971735,1.0052237863663973
1608.277853761709,0.9967849010205146,1608.277853761709,1.001533815541682,1608.2695205650978,1.004250604195258,1608.154244663586,1.0035960848174474
1608.2792426276549,0.9932574020889455,1608.2792426276549,1.001511606026193,1608.2709094310435,0.9961803279379262,1608.155633529998,1.0059890799717883
1608.2806314936013,1.0021576377947092,1608.2806314936013,1.0014695957899744,1608.272298297455,1.0015837316561618,1608.1570223964106,1.0044135034734856
1608.2820203595486,0.9963370101619886,1608.2820203595486,1.0014892508495945,1608.2736871634029,1.005807287911188,1608.1584112628236,1.0028932461293243
1608.2834092254957,1.0094990883901298,1608.2834092254957,1.0014038665877893,1608.27507602935,0.9978267863499511,1608.1598001292357,1.0085097713062674
1608.2847980919075,1.0022940857774238,1608.2847980919075,1.0014423568473052,1608.2764648952964,1.0123127252947308,1608.161188996113,0.9863755855233444
1608.2861869578542,1.002288841053804,1608.2861869578542,1.0013662995997004,1608.277853761709,0.9983137851934138,1608.162577862525,1.0048334261435603
1608.2875758238,1.004227386353026,1608.2875758238,1.0014716051222197,1608.2792426276549,0.994758815963504,1608.1639667289376,1.0066399295285626
1608.2889646897468,1.0006866598584712,1608.2889646897468,1.001467265133975,1608.2806314936013,1.003630404440103,1608.1653555953503,1.0053012603660552
1608.290353555694,0.982131820434236,1608.290353555694,1.0014657361362196,1608.2820203595486,0.9978208059008548,1608.1667444617635,0.9995011761776422
1608.2917424216405,0.9945726285536762,1608.2917424216405,1.0014910861068207,1608.2834092254957,1.0109162904307245,1608.1681333281756,1.008929693976342
1608.2931312875874,0.9909208898604641,1608.2931312875874,1.0015215398924764,1608.2847980919075,1.0037397515150583,1608.1695221945872,1.0014381620883837
1608.2945201539994,0.9862005910275126,1608.2945201539994,1.0014363703825162,1608.2861869578542,1.00365826789612,1608.1709110609988,1.0047962522156544
1608.2959090199463,0.9932430828647381,1608.2959090199463,1.0013769529811745,1608.2875758238,1.0057052125186563,1608.1722999274114,1.0167632667768247
1608.2972978858927,0.9911183797607626,1608.2972978858927,1.0013581127404445,1608.2889646897468,1.0021549325045156,1608.1736887938243,1.0012198077367167
1608.2986867518396,1.0056445208700784,1608.2986867518396,1.0012562148631305,1608.290353555694,0.9835713665339776,1608.175077660237,0.9960691459524524
1608.300075617786,1.0058925136540289,1608.300075617786,1.0012024559981403,1608.2917424216405,0.9960556219823368,1608.1764665266494,1.0067721790051714
1608.3014644837328,0.9962428179611901,1608.3014644837328,1.0012427911284085,1608.2931312875874,0.992428615524675,1608.177855393061,1.0011868473070378
1608.3028533496793,1.0081854507006955,1608.3028533496793,1.001167049733398,1608.2945201539994,0.9876171403476844,1608.1792442594726,1.0055935548156412
1608.304242215626,0.9918065588714555,1608.304242215626,1.0011687175765236,1608.2959090199463,0.9946107318887196,1608.1806331258856,1.0039971147051496
1608.3056310815723,1.0087513284839196,1608.3056310815723,1.0011626443510178,1608.2972978858927,0.9924644302596044,1608.1820219922986,1.010206927616314
1608.307019947519,0.9931488399637021,1608.307019947519,1.0011159433788737,1608.2986867518396,1.0069078264642213,1608.1834108587109,1.0098018201496826
1608.3084088134658,0.9992528323085551,1608.3084088134658,1.0010649951831945,1608.300075617786,1.0071020551405565,1608.1847997251232,1.0065659894306436
1608.3097976794122,0.9891916825874416,1608.3097976794122,1.0010594030126865,1608.3014644837328,0.997480939697093,1608.1861885915348,0.9963457417231604
1608.3111865453595,0.9883943142585612,1608.3111865453595,1.0010741444498912,1608.3028533496793,1.0093620532621514,1608.1875774579464,1.0036339383418416
1608.3125754113064,0.9942298959933212,1608.3125754113064,1.0011000118345927,1608.304242215626,0.99296570062932,1608.1889663243594,1.0012592243330338
1608.3139642772524,0.995630789758372,1608.3139642772524,1.0010828595692165,1608.3056310815723,1.009924147517563,1608.1903551903067,1.0114598996616562
1608.3153531431988,1.0009981146377718,1608.3153531431988,1.0010682875252928,1608.307019947519,0.9942571378358956,1608.1917440567188,0.991411531420396
1608.3167420091456,0.9980108428258804,1608.3167420091456,1.0009681543512154,1608.3084088134658,1.0003170317617571,1608.193132923131,1.01022908246183
1608.318130875092,0.9932280388301701,1608.318130875092,1.0010092252982699,1608.3097976794122,0.9902396352360991,1608.194521789543,1.008634069503964
1608.3195197410394,1.009102098539296,1608.3195197410394,1.0008967296683773,1608.3111865453595,0.989455992525526,1608.195910655955,1.0040136288998134
1608.3209086065206,0.9918978785730433,1608.3209086065206,1.0008912804281143,1608.3125754113064,0.9953235606452198,1608.197299522368,1.0021355640046012
1608.3222974724663,0.989522084106553,1608.3222974724663,1.0008129212815577,1608.3139642772524,0.9967089180864684,1608.19868838878,1.0110377343231702
1608.323686338413,0.9949145701632232,1608.323686338413,1.0008683965003369,1608.3153531431988,1.002067468436481,1608.200077254727,0.991343367892627
1608.325075204359,1.0136089403204251,1608.325075204359,1.0008056859245362,1608.3167420091456,0.9989770713659224,1608.201466121139,0.9937848862362276
1608.3264640703069,1.0048658634636425,1608.3264640703069,1.0008539507105272,1608.318130875092,0.9942304296939084,1608.2028549875506,1.0094866912580922
1608.327852936254,0.9962127010309636,1608.327852936254,1.000934221265664,1608.3195197410394,1.010006990329478,1608.2042438539631,0.9942198959483408
1608.3292418022,1.0059584042468344,1608.3292418022,1.0009161678227723,1608.3209086065206,0.9927819377389036,1608.205632720376,0.999269093976913
1608.3306306676802,0.9968910917306054,1608.3306306676802,1.0009092307256249,1608.3222974724663,0.9903264876672946,1608.2070215863223,0.9980012387684788
1608.332019533627,1.003604721568969,1608.332019533627,1.0008718996068,1608.323686338413,0.995778550494087,1608.208410452735,1.0018762299846942
1608.3334083995735,0.9970379799481968,1608.3334083995735,1.0008441794851006,1608.325075204359,1.0144255907766253,1608.2097993191471,1.0154232384213409
1608.3347972655208,1.0056815945676187,1608.3347972655208,1.0008224997287256,1608.3264640703069,1.0057239693817317,1608.2111881855587,1.0016191386331983
1608.336186131468,1.0020475568178766,1608.336186131468,1.0007534883297515,1608.327852936254,0.9971433841213913,1608.2125770515056,1.008277825024836
1608.3375749969484,1.0092872282611678,1608.3375749969484,1.0007560982670647,1608.3292418022,1.0068800309678527,1608.2139659179184,1.0048874540643744
1608.3389638628944,1.005309730421673,1608.3389638628944,1.0007149022485662,1608.3306306676802,0.9977974957413086,1608.2153547843309,0.98814437130325
1608.3403527288408,0.9967516924338429,1608.3403527288408,1.00067441984096,1608.332019533627,1.0044797641310876,1608.216743650277,1.0053060175414728
1608.341741594788,1.0051716908041186,1608.341741594788,1.0007567292909876,1608.3334083995735,0.9978796589567352,1608.2181325166896,1.007182111606869
1608.3431304602698,0.9938152204146227,1608.3431304602698,1.0007443200579127,1608.3347972655208,1.0065087674063349,1608.2195213831017,1.009056914438938
1608.3445193262166,0.9995496692694973,1608.3445193262166,1.0007272540060386,1608.336186131468,1.0028025879577949,1608.2209102495142,1.0037821583359237
1608.3459081921626,0.9998228035934447,1608.3459081921626,1.0006267925892627,1608.3375749969484,1.0100503485854266,1608.2222991154606,0.999791975514954
1608.347297057643,1.0021895429748973,1608.347297057643,1.0006437803121309,1608.3389638628944,1.0060284286084569,1608.2236879818731,0.9974415910604248
1608.3486859235893,0.9944220942998245,1608.3486859235893,1.000610265269877,1608.3403527288408,0.9974239215517308,1608.2250768478195,0.9984612576313588
1608.3500747895366,1.0017462225393359,1608.3500747895366,1.0006666081004016,1608.341741594788,1.0059323336650217,1608.226465714232,1.0026402323567578
1608.3514636550185,1.0018818518601997,1608.3514636550185,1.0006655184827502,1608.3431304602698,0.9945549370170362,1608.227854580644,0.9987585810949576
1608.3528525209651,0.9961129321816503,1608.3528525209651,1.000675132756202,1608.3445193262166,1.000276595770708,1608.229243446591,1.00731252617296
1608.354241386911,0.9992418901664949,1608.354241386911,1.000680200065122,1608.3459081921626,1.000449485117313,1608.230632313003,1.0034079725095066
1608.3556302523914,0.9945650681700217,1608.3556302523914,1.0005775969462145,1608.347297057643,1.002834732871688,1608.2320211789497,0.9995663494808632
1608.3570191183378,0.9994330888734415,1608.3570191183378,1.000602523761722,1608.3486859235893,0.995028955567574,1608.233410045362,1.0049036284607942
1608.3584079838197,1.0045957807006458,1608.3584079838197,1.0006592953117373,1608.3500747895366,1.0024139946858273,1608.234798911775,0.9971999945088604
1608.3597968497668,1.0025755639668958,1608.3597968497668,1.0006866335780535,1608.3514636550185,1.0025486227501448,1608.2361877777214,0.99803637390692
1608.3611857157132,1.0132094921044033,1608.3611857157132,1.0007309297980147,1608.3528525209651,0.9967854406510426,1608.237576644133,1.0042992633038148
1608.3625745811944,0.9933092496487383,1608.3625745811944,1.000758599189317,1608.354241386911,0.9999215745652588,1608.23896551008,1.0043082339774594
1608.3639634471403,0.9970003459302369,1608.3639634471403,1.0007548325178783,1608.3556302523914,0.9951395259162082,1608.240354376492,0.9987358146126022
1608.365352312621,0.9936239104951788,1608.365352312621,1.000707875173768,1608.3570191183378,1.000035271057739,1608.2417432424388,1.0101726079936586
1608.3667411785684,0.993242129349607,1608.3667411785684,1.0007588317231966,1608.3584079838197,1.0052581059890529,1608.2431321088518,0.9925406809855836
1608.3681300440496,0.9961999955662983,1608.3681300440496,1.000635636138009,1608.3597968497668,1.0032639660136515,1608.2445209747982,1.010047630199474
1608.369518909996,1.012728416041866,1608.369518909996,1.0007422050460757,1608.3611857157132,1.0139500771138137,1608.2459098412098,1.0112579915450042
1608.3709077754772,1.0123257302750452,1608.3709077754772,1.000699627354574,1608.3625745811944,0.994062773240263,1608.2472987071567,0.9956231947368784
1608.3722966414232,0.9942765813604681,1608.3722966414232,1.00068767078961,1608.3639634471403,0.997752914211681,1608.2486875735688,0.9967762660984516
1608.373685506904,1.0007031490340583,1608.373685506904,1.0007058377733735,1608.365352312621,0.9943272721934806,1608.250076439516,0.9955898265493068
1608.3750743728513,0.9938564005664873,1608.3750743728513,1.0007934576713389,1608.3667411785684,0.9939958329861728,1608.2514653054634,1.007870882647686
1608.3764632383322,1.001918132126029,1608.3764632383322,1.0008937509624412,1608.3681300440496,0.9968332162841648,1608.2528541718757,1.0097355594920805
1608.3778521042789,0.9915670235243401,1608.3778521042789,1.0008814619640767,1608.369518909996,1.0134800681825564,1608.2542430378214,1.0027333370756446
1608.3792409697596,1.0031170031614642,1608.3792409697596,1.0008492611397666,1608.3709077754772,1.013033981047685,1608.255631904233,0.992320627642696
1608.3806298352408,1.0081687769839176,1608.3806298352408,1.000881143469474,1608.3722966414232,0.994960316322263,1608.25702077018,0.9938970876164336
1608.3820187011872,0.9967336798738922,1608.3820187011872,1.00091477809109,1608.373685506904,1.0014094831165803,1608.2584096361272,0.9990213810569548
1608.3834075666684,1.003617135505956,1608.3834075666684,1.0009132173955817,1608.3750743728513,0.994644983551726,1608.2597985025402,1.005257630271511
1608.3847964326148,1.0041605219874794,1608.3847964326148,1.000959507562137,1608.3764632383322,1.002813597420904,1608.2611873684866,0.9991327669213748
1608.386185298096,1.001172887292501,1608.386185298096,1.0008783958829235,1608.3778521042789,0.9924410521404096,1608.2625762348982,0.999656803773446
1608.3875741635768,1.0027872976909822,1608.3875741635768,1.0008410343745457,1608.3792409697596,1.0039689114508883,1608.2639651008442,0.9928420820281116
1608.3889630295237,0.9945273081064512,1608.3889630295237,1.0008266009375715,1608.3806298352408,1.0090571183178845,1608.2653539667915,0.9909107367682224
1608.3903518950044,1.0048848140215811,1608.3903518950044,1.0009479494572353,1608.3820187011872,0.9976454700068924,1608.2667428332045,0.9989757801325948
1608.3917407604856,1.0109831915665248,1608.3917407604856,1.0010597159589454,1608.3834075666684,1.004533656132604,1608.2681316991511,1.0060803497801574
1608.3945184919128,1.002825496100753,1608.3945184919128,1.0010248523116285,1608.3847964326148,1.0051240216019257,1608.2695205650978,1.004250604195258
1608.3959073573944,0.9986931121688648,1608.3959073573944,1.0009333781480712,1608.386185298096,1.0020523134347934,1608.2709094310435,0.9961803279379262
1608.3972962233413,0.9908301665185024,1608.3972962233413,1.0009993056560245,1608.3875741635768,1.0036306762786982,1608.272298297455,1.0015837316561618
1608.3986850888216,1.0016735124236327,1608.3986850888216,1.0010146324767104,1608.3889630295237,0.9953493853117724,1608.2736871634029,1.005807287911188
1608.4000739543023,1.0054039353019697,1608.4000739543023,1.001005005169238,1608.3903518950044,1.005837394035617,1608.27507602935,0.9978267863499511
1608.4014628197835,1.0009694767854354,1608.4014628197835,1.0010282196513547,1608.3917407604856,1.0120545465888535,1608.2764648952964,1.0123127252947308
1608.40285168573,0.9888299763630938,1608.40285168573,1.0009937688206696,1608.3945184919128,1.003853244128592,1608.277853761709,0.9983137851934138
1608.4042405512116,1.0015961789758636,1608.4042405512116,1.0010241375285693,1608.3959073573944,0.9996252704963924,1608.2792426276549,0.994758815963504
1608.4056294166928,0.9978808408657234,1608.4056294166928,1.0010514986758863,1608.3972962233413,0.991820308708064,1608.2806314936013,1.003630404440103
1608.407018282173,1.0094481775711786,1608.407018282173,1.000980683102338,1608.3986850888216,1.0026898429003983,1608.2820203595486,0.9978208059008548
1608.408407147654,0.9920661591405233,1608.408407147654,1.0010344252394325,1608.4000739543023,1.0064143714541205,1608.2834092254957,1.0109162904307245
1608.4097960136007,1.0141340868059685,1608.4097960136007,1.0009446327257148,1608.4014628197835,1.0019986932718723,1608.2847980919075,1.0037397515150583
1608.4111848790824,0.9979120478653554,1608.4111848790824,1.0009779703562536,1608.40285168573,0.9898126447625468,1608.2861869578542,1.00365826789612
1608.4125737445638,1.012022560150519,1608.4125737445638,1.0009985996569382,1608.4042405512116,1.0026219512112244,1608.2875758238,1.0057052125186563
1608.413962610044,1.0032883630303224,1608.413962610044,1.0010146315999273,1608.4056294166928,0.998930111248586,1608.2889646897468,1.0021549325045156
1608.4153514755242,1.0055253853945487,1608.4153514755242,1.0009774376150733,1608.407018282173,1.0104381263416085,1608.290353555694,0.9835713665339776
1608.4167403410054,1.008718349081467,1608.4167403410054,1.0010662240756127,1608.408407147654,0.9930923774147252,1608.2917424216405,0.9960556219823368
1608.4181292069518,1.001666100976065,1608.4181292069518,1.0011647883704151,1608.4097960136007,1.0150920710526283,1608.2931312875874,0.992428615524675
1608.4195180724334,0.9969257392253267,1608.4195180724334,1.001272621194173,1608.4111848790824,0.998887976266316,1608.2945201539994,0.9876171403476844
1608.420906937915,0.9909368412106686,1608.420906937915,1.0013371198654568,1608.4125737445638,1.0130331655318991,1608.2959090199463,0.9946107318887196
1608.4222958033954,1.0012431089973657,1608.4222958033954,1.0014143938153846,1608.413962610044,1.0043063311072924,1608.2972978858927,0.9924644302596044
1608.4236846688757,0.9895682628946563,1608.4236846688757,1.0014700786878166,1608.4153514755242,1.0065082237291445,1608.2986867518396,1.0069078264642213
1608.425073534357,0.9922906217441677,1608.425073534357,1.0013884175302468,1608.4167403410054,1.0097938688707702,1608.300075617786,1.0071020551405565
1608.4264623998386,0.9997805211988556,1608.4264623998386,1.001350215943436,1608.4181292069518,1.002832830001521,1608.3014644837328,0.997480939697093
1608.4278512653202,0.9965840760454815,1608.4278512653202,1.001369170979105,1608.4195180724334,0.9981944480500814,1608.3028533496793,1.0093620532621514
1608.429240130801,1.0000036550348899,1608.429240130801,1.0013647754655,1608.420906937915,0.9922618425464644,1608.304242215626,0.99296570062932
1608.4306289962813,1.0033582322541734,1608.4306289962813,1.0014263659687475,1608.4222958033954,1.002659261058428,1608.3056310815723,1.009924147517563
1608.4320178617616,0.9973959458595986,1608.4320178617616,1.0013894276203552,1608.4236846688757,0.9910230061080774,1608.307019947519,0.9942571378358956
1608.4334067272423,1.0008529767515124,1608.4334067272423,1.001500613051793,1608.425073534357,0.9936683354384968,1608.3084088134658,1.0003170317617571
1608.434795592724,1.006504667724784,1608.434795592724,1.00157264077764,1608.4264623998386,1.001130440798515,1608.3097976794122,0.9902396352360991
1608.4361844582056,1.0087641809884442,1608.4361844582056,1.001652867239591,1608.4278512653202,0.9979485700406412,1608.3111865453595,0.989455992525526
1608.4375733236868,0.9981977438975785,1608.4375733236868,1.0016996420387385,1608.429240130801,1.0013684354886918,1608.3125754113064,0.9953235606452198
1608.4389621891671,0.999586152568572,1608.4389621891671,1.001820754039599,1608.4306289962813,1.0047893882911234,1608.3139642772524,0.9967089180864684
1608.4403510546474,0.9977508357933758,1608.4403510546474,1.00192988097815,1608.4320178617616,0.9987817553352062,1608.3153531431988,1.002067468436481
1608.441739920129,0.994365164264804,1608.441739920129,1.0019300172660812,1608.4334067272423,1.0023548697913516,1608.3167420091456,0.9989770713659224
1608.4431287856107,0.9973627823217651,1608.4431287856107,1.0019628656536594,1608.434795592724,1.0080875380081329,1608.318130875092,0.9942304296939084
1608.4445176510917,0.9921951256740673,1608.4445176510917,1.0019929571793662,1608.4361844582056,1.010431534255673,1608.3195197410394,1.010006990329478
1608.445906516107,1.0053886246400674,1608.445906516107,1.0019210254094075,1608.4375733236868,0.9998943227460808,1608.3209086065206,0.9927819377389036
1608.447295381587,0.9866441701431364,1608.447295381587,1.0020049389943648,1608.4389621891671,1.0014061530937883,1608.3222974724663,0.9903264876672946
1608.4486842470671,1.0096217109949717,1608.4486842470671,1.001998912854972,1608.4403510546474,0.9996763761523068,1608.323686338413,0.995778550494087
1608.4500731125488,0.9979606981797273,1608.4500731125488,1.0020231757108333,1608.441739920129,0.9962843062006248,1608.325075204359,1.0144255907766253
1608.4514619780305,0.9994112605932222,1608.4514619780305,1.002007967608769,1608.4431287856107,0.9993204714714228,1608.3264640703069,1.0057239693817317
1608.4528508435117,1.002282657865935,1608.4528508435117,1.0019664478262726,1608.4445176510917,0.9941725280731116,1608.327852936254,0.9971433841213913
1608.4542397085268,1.0142187867782333,1608.4542397085268,1.0020163071384642,1608.445906516107,1.0073200017343302,1608.3292418022,1.0068800309678527
1608.455628574007,0.9900675185075832,1608.455628574007,1.0020286721071587,1608.447295381587,0.9886223315134192,1608.3306306676802,0.9977974957413086
1608.4570174394885,0.9857372172402029,1608.4570174394885,1.0020123309710658,1608.4486842470671,1.0116398568117384,1608.332019533627,1.0044797641310876
1608.45840630497,0.9912685811736807,1608.45840630497,1.0020339492698076,1608.4500731125488,0.9999797480246508,1608.3334083995735,0.9978796589567352
1608.459795170451,0.9971766320261024,1608.459795170451,1.0020156498583968,1608.4514619780305,1.0014180460323323,1608.3347972655208,1.0065087674063349
1608.4611840354662,0.995634047058951,1608.4611840354662,1.001959903464678,1608.4528508435117,1.004253594419806,1608.336186131468,1.0028025879577949
1608.462572900947,0.9999987558370568,1608.462572900947,1.0019144465784804,1608.4542397085268,1.0162637633579787,1608.3375749969484,1.0100503485854266
1608.4639617664272,1.0011281203191886,1608.4639617664272,1.0018320380942909,1608.455628574007,0.9920760408665834,1608.3389638628944,1.0060284286084569
1608.465350631908,0.9984055399199457,1608.465350631908,1.0017846023494141,1608.4570174394885,0.9877208467717876,1608.3403527288408,0.9974239215517308
1608.466739496924,1.0029702578557205,1608.466739496924,1.0017700389896984,1608.45840630497,0.993284771180542,1608.341741594788,1.0059323336650217
1608.4681283624052,1.0027939882605037,1608.4681283624052,1.0017129309964354,1608.459795170451,0.9991865909632424,1608.3431304602698,0.9945549370170362
1608.469517227886,1.0147728923904953,1608.469517227886,1.0018224354719074,1608.4611840354662,0.9975853936773332,1608.3445193262166,1.000276595770708
1608.4709060929015,0.9918604597785023,1608.4709060929015,1.0019035621664227,1608.462572900947,1.0019132000336537,1608.3459081921626,1.000449485117313
1608.4722949583822,1.0035924765208686,1608.4722949583822,1.0018708068236242,1608.4639617664272,1.0029622251728791,1608.347297057643,1.002834732871688
1608.4736838238634,0.9927943075994456,1608.4736838238634,1.0018009261160457,1608.465350631908,1.000187296792155,1608.3486859235893,0.995028955567574
1608.4750726888783,1.0019022048208277,1608.4750726888783,1.0019235943602112,1608.466739496924,1.004745554317633,1608.3500747895366,1.0024139946858273
1608.4764615543595,0.9964837566652315,1608.4764615543595,1.001857764289917,1608.4681283624052,1.0045117051660342,1608.3514636550185,1.0025486227501448
1608.4778504198405,1.0019782907609325,1608.4778504198405,1.0017913530840907,1608.469517227886,1.0166222505055178,1608.3528525209651,0.9967854406510426
1608.479239284856,0.9975531309187553,1608.479239284856,1.0017798507723503,1608.4709060929015,0.9937485278241074,1608.354241386911,0.9999215745652588
1608.4806281503368,0.9850299401691845,1608.4806281503368,1.0018100624373174,1608.4722949583822,1.0054700041740816,1608.3556302523914,0.9951395259162082
1608.4820170153523,1.0039110909461837,1608.4820170153523,1.0018067634544428,1608.4736838238634,0.994582256795863,1608.3570191183378,1.000035271057739
1608.483405880833,1.003290772029359,1608.483405880833,1.0018756005878735,1608.4750726888783,1.0038294582515042,1608.3584079838197,1.0052581059890529
1608.4847947463138,1.0094411351514232,1608.4847947463138,1.0018498180705973,1608.4764615543595,0.9983349886038464,1608.3597968497668,1.0032639660136515
1608.4861836113294,1.001521543867842,1608.4861836113294,1.0018967268604129,1608.4778504198405,1.003773187662279,1608.3611857157132,1.0139500771138137
1608.487572476811,0.9989352712197238,1608.487572476811,1.0017863914433387,1608.479239284856,0.9993286266292816,1608.3625745811944,0.994062773240263
1608.488961341826,1.001916405074065,1608.488961341826,1.001909054856781,1608.4806281503368,0.9868129058635178,1608.3639634471403,0.997752914211681
1608.4903502073064,0.9973021092845673,1608.4903502073064,1.0019075694398452,1608.4820170153523,1.005724920816815,1608.365352312621,0.9943272721934806
1608.491739072322,1.0022653084928423,1608.491739072322,1.0020249502966945,1608.483405880833,1.0051725447911852,1608.3667411785684,0.9939958329861728
1608.493127937803,0.9889703999835583,1608.493127937803,1.0020359167138175,1608.4847947463138,1.0113084176044305,1608.3681300440496,0.9968332162841648
1608.4945168028182,1.0045103941267643,1608.4945168028182,1.002083913637146,1608.4861836113294,1.0034211566813782,1608.369518909996,1.0134800681825564
1608.4959056683,1.0014089207432408,1608.4959056683,1.002005808052178,1608.487572476811,1.00071976064068,1608.3709077754772,1.013033981047685
1608.497294533316,1.0048520269374905,1608.497294533316,1.0019225130422098,1608.488961341826,1.0038291184532602,1608.3722966414232,0.994960316322263
1608.4986833983305,0.9970485587784044,1608.4986833983305,1.0019738909261793,1608.4903502073064,0.9992045323105316,1608.373685506904,1.0014094831165803
1608.5000722638108,1.0125089853419473,1608.5000722638108,1.0019343399084404,1608.491739072322,1.0042948459266414,1608.3750743728513,0.994644983551726
1608.501461128826,1.008617343176207,1608.501461128826,1.0019917994139036,1608.493127937803,0.9909838613503557,1608.3764632383322,1.002813597420904
1608.5028499943076,1.0038641531194215,1608.5028499943076,1.0019207615522818,1608.4945168028182,1.00660370703574,1608.3778521042789,0.9924410521404096
1608.5042388593236,1.0021487069876607,1608.5042388593236,1.0019452838702432,1608.4959056683,1.0034175548199906,1608.3792409697596,1.0039689114508883
1608.5056277248043,1.0128442716016757,1608.5056277248043,1.001962510852498,1608.497294533316,1.0067838680647687,1608.3806298352408,1.0090571183178845
1608.507016589819,0.9964931771108599,1608.507016589819,1.001911786221722,1608.4986833983305,0.9990166238815372,1608.3820187011872,0.9976454700068924
1608.5084054548336,0.9916115910624369,1608.5084054548336,1.001903697724444,1608.5000722638108,1.0144675218799488,1608.3834075666684,1.004533656132604
1608.5097943203148,1.0021741471534318,1608.5097943203148,1.0018142658952685,1608.501461128826,1.0106263066091985,1608.3847964326148,1.0051240216019257
1608.5111831853308,0.9846923294591284,1608.5111831853308,1.0018251633952289,1608.5028499943076,1.0057923367884471,1608.386185298096,1.0020523134347934
1608.5125720503468,0.9919653339771398,1608.5125720503468,1.001755503547649,1608.5042388593236,1.0040981707029488,1608.3875741635768,1.0036306762786982
1608.5139609158275,0.9964635248619196,1608.5139609158275,1.001666955816975,1608.5056277248043,1.0148319894765845,1608.3889630295237,0.9953493853117724
1608.515349780842,1.00848260489473,1608.515349780842,1.001796143059815,1608.507016589819,0.9983982590369004,1608.3903518950044,1.005837394035617
1608.5167386458568,1.0049806388532994,1608.5167386458568,1.001699958621403,1608.5084054548336,0.9934993197918748,1608.3917407604856,1.0120545465888535
1608.5181275108723,1.0031579245806275,1608.5181275108723,1.0016986125654164,1608.5097943203148,1.003992357529732,1608.393129626432,1.0214292403456862
1608.5195163763535,0.9942950524472912,1608.5195163763535,1.0016367059449283,1608.5111831853308,0.9864895538544198,1608.3945184919128,1.003853244128592
1608.5209052413695,0.990522494712837,1608.5209052413695,1.0015607264664155,1608.5125720503468,0.9937067326400816,1608.3959073573944,0.9996252704963924
1608.522294106385,1.001889252647924,1608.522294106385,1.0015574367348354,1608.5139609158275,0.9981245855310916,1608.3972962233413,0.991820308708064
1608.5236829713997,1.0014948285864105,1608.5236829713997,1.0016594165580908,1608.515349780842,1.0102939839264558,1608.3986850888216,1.0026898429003983
1608.52507183688,1.0031434888859023,1608.52507183688,1.001648532620864,1608.5167386458568,1.006689064354661,1608.4000739543023,1.0064143714541205
1608.526460701896,0.9987192554284193,1608.526460701896,1.0015426659894189,1608.5181275108723,1.004861901236417,1608.4014628197835,1.0019986932718723
1608.527849566912,1.0022230313979072,1608.527849566912,1.0015475993777987,1608.5195163763535,0.9959224210706444,1608.40285168573,0.9898126447625468
1608.529238431927,0.9998224562098803,1608.529238431927,1.0016308785939623,1608.5209052413695,0.9920684293859152,1608.4042405512116,1.0026219512112244
1608.5306272969426,0.9967702605278651,1608.5306272969426,1.001660477318052,1608.522294106385,1.0034496317742347,1608.4056294166928,0.998930111248586
1608.532016162423,0.9942513429574479,1608.532016162423,1.0016597558682692,1608.5236829713997,1.0031567256878091,1608.407018282173,1.0104381263416085
1608.5334050274375,1.0017846753244584,1608.5334050274375,1.001618234453188,1608.52507183688,1.004797203650738,1608.408407147654,0.9930923774147252
1608.5347938924535,0.982762987139978,1608.5347938924535,1.0017037568781653,1608.526460701896,1.0002599456567465,1608.4097960136007,1.0150920710526283
1608.5361827574695,1.0104760873375178,1608.5361827574695,1.0017187989452268,1608.527849566912,1.003774071137714,1608.4111848790824,0.998887976266316
1608.5375716224846,1.0044406426201062,1608.5375716224846,1.0017578304923163,1608.529238431927,1.0014530452514758,1608.4125737445638,1.0130331655318991
1608.5389604874997,1.0117485611919705,1608.5389604874997,1.001671501224764,1608.5306272969426,0.9984253749367804,1608.413962610044,1.0043063311072924
1608.5403493525143,0.9967538012562002,1608.5403493525143,1.001569018944171,1608.532016162423,0.995901557458456,1608.4153514755242,1.0065082237291445
1608.54173821753,1.01078280097379,1608.54173821753,1.0014778345914948,1608.5334050274375,1.0034057978007442,1608.4167403410054,1.0097938688707702
1608.543127082546,1.0131024946654008,1608.543127082546,1.0014230403202158,1608.5347938924535,0.984437376338924,1608.4181292069518,1.002832830001521
1608.544515947561,1.0058086515581068,1608.544515947561,1.0014379601826446,1608.5361827574695,1.0122128925706104,1608.4195180724334,0.9981944480500814
1608.5459048125765,1.0010291511561467,1608.5459048125765,1.001409285787784,1608.5375716224846,1.0062062790094255,1608.420906937915,0.9922618425464644
1608.5472936780573,1.0020719297961727,1608.5472936780573,1.0015065581333895,1608.5389604874997,1.013439700151156,1608.4222958033954,1.002659261058428
1608.548682543072,0.9996788914365847,1608.548682543072,1.0014354961173624,1608.5403493525143,0.9983177268530457,1608.4236846688757,0.9910230061080774
1608.5500714080874,0.9971549630789525,1608.5500714080874,1.0014530077563497,1608.54173821753,1.012276570761557,1608.425073534357,0.9936683354384968
1608.5514602731034,1.0015884571056033,1608.5514602731034,1.001510753539816,1608.543127082546,1.0145441803638209,1608.4264623998386,1.001130440798515
1608.5528491381183,0.9982649799711207,1608.5528491381183,1.0015559275337134,1608.544515947561,1.007254964350407,1608.4278512653202,0.9979485700406412
1608.5542380026684,1.0113847568191796,1608.5542380026684,1.001529598806236,1608.5459048125765,1.0024398873120286,1608.429240130801,1.0013684354886918
1608.5556268676837,1.0001368695694595,1608.5556268676837,1.001464195272322,1608.5472936780573,1.0035816094122485,1608.4306289962813,1.0047893882911234
1608.5570157326986,1.002880932743704,1608.5570157326986,1.0013660079132236,1608.548682543072,1.0011139266038511,1608.4320178617616,0.9987817553352062
1608.558404597714,1.00613244602934,1608.558404597714,1.001330538508379,1608.5500714080874,0.9986038369745888,1608.4334067272423,1.0023548697913516
1608.5597934627292,1.0061624231546968,1608.5597934627292,1.001290641372661,1608.5514602731034,1.0031016104126145,1608.434795592724,1.0080875380081329
1608.5611823277447,1.0027930138368597,1608.5611823277447,1.0012206038818634,1608.5528491381183,0.9998182079393996,1608.4361844582056,1.010431534255673
1608.5625711927598,1.000428628718051,1608.5625711927598,1.0012193458367957,1608.5542380026684,1.0129317697358555,1608.4375733236868,0.9998943227460808
1608.5639600577754,1.0102805718311132,1608.5639600577754,1.001284709865682,1608.5556268676837,1.001601265245558,1608.4389621891671,1.0014061530937883
1608.5653489227905,1.0101989474457223,1608.5653489227905,1.0012733146952855,1608.5570157326986,1.004250876033853,1608.4403510546474,0.9996763761523068
1608.566737787806,1.0007822253947474,1608.566737787806,1.001297140718599,1608.558404597714,1.0074711439933115,1608.441739920129,0.9962843062006248
1608.5681266523554,1.0008706625355788,1608.5681266523554,1.0013451459601197,1608.5597934627292,1.0074610180056371,1608.4431287856107,0.9993204714714228
1608.569515517371,0.9978737938220584,1608.569515517371,1.001338273148879,1608.5611823277447,1.0040170268822546,1608.4445176510917,0.9941725280731116
1608.570904382386,0.9996298291635581,1608.570904382386,1.001358807121091,1608.5625711927598,1.0016484972014896,1608.445906516107,1.0073200017343302
1608.572293247402,1.0032338381016694,1608.572293247402,1.0013135116940604,1608.5639600577754,1.0115784892488515,1608.447295381587,0.9886223315134192
1608.5736821124174,0.9934322476225018,1608.5736821124174,1.0013615391384147,1608.5653489227905,1.011485248610667,1608.4486842470671,1.0116398568117384
1608.575070976966,0.9859888477847605,1608.575070976966,1.0013545005085975,1608.566737787806,1.0020803807697571,1608.4500731125488,0.9999797480246508
1608.5764598419817,1.0037760989260376,1608.5764598419817,1.001408118582287,1608.5681266523554,1.002216979663891,1608.4514619780305,1.0014180460323323
1608.5778487069967,1.0002053707740326,1608.5778487069967,1.0014544488261243,1608.569515517371,0.9992092215263004,1608.4528508435117,1.004253594419806
1608.5792375720123,1.000959654287898,1608.5792375720123,1.0014382808613878,1608.570904382386,1.0009881332938806,1608.4542397085268,1.0162637633579787
1608.5806264370285,1.0089963336088172,1608.5806264370285,1.0014471230363653,1608.572293247402,1.004551597479893,1608.455628574007,0.9920760408665834
1608.5820153015777,0.9930291002615719,1608.5820153015777,1.0015632381952315,1608.5736821124174,0.9947848445090032,1608.4570174394885,0.9877208467717876
1608.5834041665923,1.0052412801108044,1608.5834041665923,1.0015735532380452,1608.575070976966,0.9873243701805564,1608.45840630497,0.993284771180542
1608.584793031608,0.9912934447604732,1608.584793031608,1.0016580810307785,1608.5764598419817,1.0051895347033908,1608.459795170451,0.9991865909632424
1608.5861818961573,0.9994618712759821,1608.5861818961573,1.0016795993508631,1608.5778487069967,1.0016601183014382,1608.4611840354662,0.9975853936773332
1608.5875707611733,0.9967927969866494,1608.5875707611733,1.0017570064927912,1608.5792375720123,1.0023993154016817,1608.462572900947,1.0019132000336537
1608.5889596261893,0.9983564961167185,1608.5889596261893,1.0017291886234139,1608.5806264370285,1.0104564754467906,1608.4639617664272,1.0029622251728791
1608.5903484907385,1.0000328850837406,1608.5903484907385,1.0016521200787085,1608.5820153015777,0.9945814412800772,1608.465350631908,1.000187296792155
1608.591737355753,0.9908469850078943,1608.591737355753,1.0017012482902339,1608.5834041665923,1.0068230807821394,1608.466739496924,1.004745554317633
1608.593126220768,0.999219520959104,1608.593126220768,1.0016888545893412,1608.584793031608,0.9929370896171656,1608.4681283624052,1.0045117051660342
1608.594515085318,1.011871781342067,1608.594515085318,1.001712794790144,1608.5861818961573,1.0011405667861897,1608.469517227886,1.0166222505055178
1608.595903950334,1.0090952276910843,1608.595903950334,1.0017083426762092,1608.5875707611733,0.9985441684029224,1608.4709060929015,0.9937485278241074
1608.5972928148842,0.9887540314174452,1608.5972928148842,1.0018246506566444,1608.5889596261893,1.0000828428119148,1608.4722949583822,1.0054700041740816
1608.5986816798988,0.9897405775051207,1608.5986816798988,1.0017636678230195,1608.5903484907385,1.0016850594925562,1608.4736838238634,0.994582256795863
1608.6000705444478,1.0067218215714173,1608.6000705444478,1.0018175278211607,1608.591737355753,0.9925326617470224,1608.4750726888783,1.0038294582515042
1608.601459409463,0.9896967837343583,1608.601459409463,1.0017464011239174,1608.593126220768,1.0009070574328351,1608.4764615543595,0.9983349886038464
1608.602848274479,0.9940477911551165,1608.602848274479,1.0017929447342837,1608.594515085318,1.0136049100574436,1608.4778504198405,1.003773187662279
1608.6042371390292,0.9928290735092962,1608.6042371390292,1.0017062256511633,1608.595903950334,1.010819108132908,1608.479239284856,0.9993286266292816
1608.6056260040448,1.0008121400271235,1608.6056260040448,1.0016694778524704,1608.5972928148842,0.9905581621101308,1608.4806281503368,0.9868129058635178
1608.6070148685938,0.992144114369042,1608.6070148685938,1.0016433519858163,1608.5986816798988,0.9914861511148032,1608.4820170153523,1.005724920816815
1608.6084037336082,1.0048296847039655,1608.6084037336082,1.0015998623212268,1608.6000705444478,1.008551566490293,1608.483405880833,1.0051725447911852
1608.6097925981578,1.0012742283217542,1608.6097925981578,1.001573790102997,1608.601459409463,0.9914251913098094,1608.4847947463138,1.0113084176044305
1608.6111814631738,1.009897304375234,1608.6111814631738,1.0015490982995625,1608.602848274479,0.9958300639078944,1608.4861836113294,1.0034211566813782
1608.612570327724,0.9942412995645928,1608.612570327724,1.0015423953415339,1608.6042371390292,0.9945230639417384,1608.487572476811,1.00071976064068
1608.6139591922736,1.0073760865578905,1608.6139591922736,1.0014879923007902,1608.6056260040448,1.0024829737293823,1608.488961341826,1.0038291184532602
1608.6153480572882,0.9961373266499521,1608.6153480572882,1.0014424935262758,1608.6070148685938,0.9937745563696064,1608.4903502073064,0.9992045323105316
1608.6167369218372,1.0068040482942964,1608.6167369218372,1.001405564028078,1608.6084037336082,1.0064372738557736,1608.491739072322,1.0042948459266414
1608.6181257868532,0.9952561635524811,1608.6181257868532,1.001316966340876,1608.6097925981578,1.002850023792673,1608.493127937803,0.9909838613503557
1608.6195146514035,1.0001135053246735,1608.6195146514035,1.0013225358190372,1608.6111814631738,1.0114617345721744,1608.4945168028182,1.00660370703574
1608.6209035159534,0.997913787953182,1608.6209035159534,1.0012548971777258,1608.612570327724,0.9957748127134018,1608.4959056683,1.0034175548199906
1608.6222923809685,0.9978727821192106,1608.6222923809685,1.0011800599928597,1608.6139591922736,1.0088750544186889,1608.497294533316,1.0067838680647687
1608.6236812455174,1.0000334654430831,1608.6236812455174,1.0010699595681782,1608.6153480572882,0.9975742482949264,1608.4986833983305,0.9990166238815372
1608.6250701100664,0.9965059540233211,1608.6250701100664,1.0011335545666162,1608.6167369218372,1.008219175847902,1608.5000722638108,1.0144675218799488
1608.6264589750824,1.000490176002094,1608.6264589750824,1.0011044315092483,1608.6181257868532,0.9965668824204292,1608.501461128826,1.0106263066091985
1608.6278478396328,0.9938454045643499,1608.6278478396328,1.0010496062707195,1608.6195146514035,1.001436191258568,1608.5028499943076,1.0057923367884471
1608.6292367041822,0.9975435970315606,1608.6292367041822,1.0009419253145067,1608.6209035159534,0.999166067149298,1608.5042388593236,1.0040981707029488
1608.6306255691975,1.0048903106405858,1608.6306255691975,1.0009088628280072,1608.6222923809685,0.9990503318673531,1608.5056277248043,1.0148319894765845
1608.6320144337467,1.001772607186425,1608.6320144337467,1.0009025196888641,1608.6236812455174,1.0011034608179323,1608.507016589819,0.9983982590369004
1608.633403298296,0.9897747939047701,1608.633403298296,1.0009686083190104,1608.6250701100664,0.9976355478981644,1608.5084054548336,0.9934993197918748
1608.6347921628465,0.98982853958507,1608.6347921628465,1.0010550066575643,1608.6264589750824,1.001595148877164,1608.5097943203148,1.003992357529732
1608.636181027862,1.0056332881956265,1608.636181027862,1.0010436447198623,1608.6278478396328,0.9948885509331064,1608.5111831853308,0.9864895538544198
1608.6375698924114,0.9903811100209091,1608.6375698924114,1.0010979324769003,1608.6292367041822,0.9984832085979286,1608.5125720503468,0.9937067326400816
1608.6389587569613,0.9888894278514103,1608.6389587569613,1.0011489681440071,1608.6306255691975,1.0058036180901515,1608.5139609158275,0.9981245855310916
1608.6403476215105,1.0099164689994726,1608.6403476215105,1.0012173849247563,1608.6320144337467,1.0026767266881755,1608.515349780842,1.0102939839264558
1608.6417364865254,0.9960204214135759,1608.6417364865254,1.001187970538437,1608.633403298296,0.990733498004093,1608.5167386458568,1.006689064354661
1608.6431253510757,1.0077764554784936,1608.6431253510757,1.0011812266691518,1608.6347921628465,0.9908728152841794,1608.5181275108723,1.004861901236417
1608.6445142156251,0.9898068309541218,1608.6445142156251,1.0011756256968787,1608.636181027862,1.0066828120669695,1608.5195163763535,0.9959224210706444
1608.645903080175,0.9873779698739256,1608.645903080175,1.0012525600089939,1608.6375698924114,0.9914684816061096,1608.5209052413695,0.9920684293859152
1608.6472919447244,0.9980531755000571,1608.6472919447244,1.0012590775094432,1608.6389587569613,0.990025630301957,1608.522294106385,1.0034496317742347
1608.6486808092743,1.0038312984280984,1608.6486808092743,1.0012675468884282,1608.6403476215105,1.0111459260840958,1608.5236829713997,1.0031567256878091
1608.6500696738235,1.0005284112167971,1608.6500696738235,1.001189591748654,1608.6417364865254,0.9972036643298968,1608.52507183688,1.004797203650738
1608.6514585383736,0.9938484435397144,1608.6514585383736,1.0011926055838611,1608.6431253510757,1.008966867904248,1608.526460701896,1.0002599456567465
1608.6528474033887,1.0012369014384606,1608.6528474033887,1.00120842305753,1608.6445142156251,0.9909704732995376,1608.527849566912,1.003774071137714
1608.6542362679386,1.0025774676015067,1608.6542362679386,1.0011702770255426,1608.645903080175,0.9886147200327512,1608.529238431927,1.0014530452514758
1608.655625132488,1.0044492450574918,1608.655625132488,1.00117753577416,1608.6472919447244,0.9993098018065576,1608.5306272969426,0.9984253749367804
1608.657013997038,0.9975859114626289,1608.657013997038,1.0012278267250474,1608.6486808092743,1.0051037016669278,1608.532016162423,0.995901557458456
1608.658402861587,1.0019369182354747,1608.658402861587,1.0013289590300194,1608.6500696738235,1.0017186315590745,1608.5334050274375,1.0034057978007442
1608.6597917261372,1.0008989531885137,1608.6597917261372,1.0012780725884707,1608.6514585383736,0.9950337127429916,1608.5347938924535,0.984437376338924
1608.6611805906866,1.0059220282574335,1608.6611805906866,1.0012853638583754,1608.6528474033887,1.0024468191962086,1608.5361827574695,1.0122128925706104
1608.6625694552365,1.0009812090241224,1608.6625694552365,1.0012002732981213,1608.6542362679386,1.0037507609781675,1608.5375716224846,1.0062062790094255
1608.663958319786,0.9969738438579301,1608.663958319786,1.001183273253183,1608.655625132488,1.005632019976875,1608.5389604874997,1.013439700151156
1608.6653471843354,0.9914691633664983,1608.6653471843354,1.0011154892173175,1608.657013997038,0.9988107741052534,1608.5403493525143,0.9983177268530457
1608.6667360488852,0.9966141572573307,1608.6667360488852,1.0011286466463984,1608.658402861587,1.0032684513504735,1608.54173821753,1.012276570761557
1608.668124913435,0.9995291557211229,1608.668124913435,1.0010431479243025,1608.6597917261372,1.002178174704413,1608.543127082546,1.0145441803638209
1608.6695137779843,1.005750672606022,1608.6695137779843,1.0010654655169706,1608.6611805906866,1.0072150040768992,1608.544515947561,1.007254964350407
1608.670902642534,0.9921502504356783,1608.670902642534,1.0010524639500116,1608.6625694552365,1.0021826600412351,1608.5459048125765,1.0024398873120286
1608.6722915066186,1.0031665961575513,1608.6722915066186,1.001038584278451,1608.663958319786,0.9981535363414902,1608.5472936780573,1.0035816094122485
1608.6736803711683,0.994883137833577,1608.6736803711683,1.0010313081672901,1608.6653471843354,0.9925751365275364,1608.548682543072,1.0011139266038511
1608.6750692357175,0.9964645595182183,1608.6750692357175,1.0009774290000641,1608.6667360488852,0.9977389824836724,1608.5500714080874,0.9986038369745888
1608.676458100267,1.0001610711398448,1608.676458100267,1.001052858401268,1608.668124913435,1.0005718124851932,1608.5514602731034,1.0031016104126145
1608.6778469648168,1.0040153703929984,1608.6778469648168,1.0010766007215455,1608.6695137779843,1.0068222652663537,1608.5528491381183,0.9998182079393996
1608.6792358293662,0.9943975028608526,1608.6792358293662,1.001046979167615,1608.670902642534,0.9931944528072568,1608.5542380026684,1.0129317697358555
1608.6806246939166,0.9926349020420564,1608.6806246939166,1.000991464887059,1608.6722915066186,1.0042084692129878,1608.5556268676837,1.001601265245558
1608.6820135580006,0.99178509598588,1608.6820135580006,1.0010177066911896,1608.6736803711683,0.995909168939124,1608.5570157326986,1.004250876033853
1608.6834024225493,0.9906501428602197,1608.6834024225493,1.0010149210256967,1608.6750692357175,0.9974385328762276,1608.558404597714,1.0074711439933115
1608.6847912870992,0.9975429583085553,1608.6847912870992,1.0009668194400265,1608.676458100267,1.0012140991262155,1608.5597934627292,1.0074610180056371
1608.6861801516486,0.9984616914305993,1608.6861801516486,1.0009687338519304,1608.6778469648168,1.0050962940652062,1608.5611823277447,1.0040170268822546
1608.687569016199,1.007688919350333,1608.687569016199,1.000971793852781,1608.6792358293662,0.9954386163306764,1608.5625711927598,1.0016484972014896
1608.6889578802836,1.007536665668445,1608.6889578802836,1.0009032317281585,1608.6806246939166,0.9936190646931004,1608.5639600577754,1.0115784892488515
1608.6903467448326,0.9994653530666358,1608.6903467448326,1.0008811685792476,1608.6820135580006,0.992794442314287,1608.5653489227905,1.011485248610667
1608.6917356093816,1.0011079840552082,1608.6917356093816,1.0008382670163685,1608.6834024225493,0.991655574519318,1608.566737787806,1.0020803807697571
1608.6931244734658,1.0004386568005197,1608.6931244734658,1.0008367826264373,1608.6847912870992,0.9985074022329096,1608.5681266523554,1.002216979663891
1608.6945133380152,0.9978046868146602,1608.6945133380152,1.0008212049373044,1608.6861801516486,0.9994289350709438,1608.569515517371,0.9992092215263004
1608.6959022025655,0.9966977733701678,1608.6959022025655,1.0008349223364996,1608.687569016199,1.0086681852476729,1608.570904382386,1.0009881332938806
1608.697291067116,1.0009177084834076,1608.697291067116,1.000807521648273,1608.6889578802836,1.00844670475216,1608.572293247402,1.004551597479893
1608.6986799311992,1.0001933315617857,1608.6986799311992,1.0007119571956808,1608.6903467448326,1.0003460505318047,1608.5736821124174,0.9947848445090032
1608.7000687957482,1.0061071123632983,1608.7000687957482,1.0007533665874133,1608.6917356093816,1.0019471798580648,1608.575070976966,0.9873243701805564
1608.701457659832,1.0132945735718146,1608.701457659832,1.0008405956471236,1608.6931244734658,1.0012758064873466,1608.5764598419817,1.0051895347033908
1608.7028465243825,1.0058415643117817,1608.7028465243825,1.0008192005914478,1608.6945133380152,0.9986240889499378,1608.5778487069967,1.0016601183014382
1608.7042353889326,1.0018340878721703,1608.7042353889326,1.0007870314909808,1608.6959022025655,0.997529938603894,1608.5792375720123,1.0023993154016817
1608.7056242530168,1.0050787676239559,1608.7056242530168,1.000708475867917,1608.697291067116,1.0017259712011477,1608.5806264370285,1.0104564754467906
1608.7070131175658,1.0114070259668884,1608.7070131175658,1.000612130895735,1608.6986799311992,1.0009054264012631,1608.5820153015777,0.9945814412800772
1608.708401981649,0.9857232877570399,1608.708401981649,1.0006997334255694,1608.7000687957482,1.0068650798451118,1608.5834041665923,1.0068230807821394
1608.7097908461983,1.0027094680865292,1608.7097908461983,1.0007036656667871,1608.701457659832,1.014146344579613,1608.584793031608,0.9929370896171656
1608.7111797107489,1.0005449465318677,1608.7111797107489,1.0007831698572676,1608.7028465243825,1.0066655503161688,1608.5861818961573,1.0011405667861897
1608.7125685748335,1.0037742051501164,1608.7125685748335,1.0007607253873907,1608.7042353889326,1.0026225628480638,1608.5875707611733,0.9985441684029224
1608.7139574393834,0.9986013018747344,1608.7139574393834,1.0007300448581422,1608.7056242530168,1.0057908416761732,1608.5889596261893,1.0000828428119148
1608.7153463034665,0.9918335433265772,1608.7153463034665,1.0007064506913306,1608.7070131175658,1.012026139455646,1608.5903484907385,1.0016850594925562
1608.7167351680152,1.0047598195898777,1608.7167351680152,1.000734145880385,1608.708401981649,0.9864130312898456,1608.591737355753,0.9925326617470224
1608.7181240321,1.0025943486555597,1608.7181240321,1.0008439869293773,1608.7097908461983,1.003415040312984,1608.593126220768,1.0009070574328351
1608.7195128966505,1.007695864367448,1608.7195128966505,1.0008414788160431,1608.7111797107489,1.0013285431748329,1608.594515085318,1.0136049100574436
1608.7209017607345,1.0029810349207036,1608.7209017607345,1.0008557265292137,1608.7125685748335,1.004537801671182,1608.595903950334,1.010819108132908
1608.7222906248182,1.0094735305369222,1608.7222906248182,1.0008579267189233,1608.7139574393834,0.9993303256205022,1608.5972928148842,0.9905581621101308
1608.7236794893672,0.9983217127162263,1608.7236794893672,1.000862520063136,1608.7153463034665,0.9925342248189452,1608.5986816798988,0.9914861511148032
1608.7250683534503,0.9994885410270824,1608.7250683534503,1.0009173754376923,1608.7167351680152,1.005497459872206,1608.6000705444478,1.008551566490293
1608.7264572180009,0.9961497027202322,1608.7264572180009,1.0009086966907885,1608.7181240321,1.0034405251812926,1608.601459409463,0.9914251913098094
1608.7278460820855,1.0025152243771274,1608.7278460820855,1.0010066988968551,1608.7195128966505,1.0085438190903275,1608.602848274479,0.9958300639078944
1608.7292349461698,0.9933378863656299,1608.7292349461698,1.0011123960997206,1608.7209017607345,1.0038393124005835,1608.6042371390292,0.9945230639417384
1608.7306238107192,0.991072128777972,1608.7306238107192,1.0011160191157382,1608.7222906248182,1.0103395848508157,1608.6056260040448,1.0024829737293823
1608.7320126748025,0.9904395491212775,1608.7320126748025,1.0011500218432665,1608.7236794893672,0.9991827852229084,1608.6070148685938,0.9937745563696064
1608.7334015388867,0.9997221546781401,1608.7334015388867,1.0011509708835642,1608.7250683534503,1.0004054472648756,1608.6084037336082,1.0064372738557736
1608.7347904034368,1.0012554576585972,1608.7347904034368,1.001160274455274,1608.7264572180009,0.997054900658624,1608.6097925981578,1.002850023792673
1608.7361792675208,1.0032536882276624,1608.7361792675208,1.001138509342334,1608.7278460820855,1.0035244553475884,1608.6111814631738,1.0114617345721744
1608.7375681316046,1.0016142215070865,1608.7375681316046,1.0011344102107016,1608.7292349461698,0.9944428715561278,1608.612570327724,0.9957748127134018
1608.7389569961545,0.9896375074953971,1608.7389569961545,1.0011339050561379,1608.7306238107192,0.9921781842187636,1608.6139591922736,1.0088750544186889
1608.7403458602378,0.9980866004134449,1608.7403458602378,1.001100056608192,1608.7320126748025,0.991578576237202,1608.6153480572882,0.9975742482949264
1608.7417347243215,0.9940159480442934,1608.7417347243215,1.0011702692588744,1608.7334015388867,1.0008728057698286,1608.6167369218372,1.008219175847902
1608.7431235884062,0.9917972110922584,1608.7431235884062,1.0011299829152625,1608.7347904034368,1.002417188789322,1608.6181257868532,0.9965668824204292
1608.744512452956,0.9937277217157721,1608.744512452956,1.001226286529201,1608.7361792675208,1.0043959019244406,1608.6195146514035,1.001436191258568
1608.74590131704,0.9835651589277673,1608.74590131704,1.0012559674400856,1608.7375681316046,1.002750462907148,1608.6209035159534,0.999166067149298
1608.747290181124,0.9952599899922767,1608.747290181124,1.001321310611533,1608.7389569961545,0.9907596624688898,1608.6222923809685,0.9990503318673531
1608.7486790452078,0.9916265668688635,1608.7486790452078,1.001294038514445,1608.7403458602378,0.9991845521737776,1608.6236812455174,1.0011034608179323
1608.750067909292,1.013564061209399,1608.750067909292,1.0013349069874249,1608.7417347243215,0.9951792143511206,1608.6250701100664,0.9976355478981644
1608.7514567738417,1.0012375882904279,1608.7514567738417,1.0014180149790992,1608.7431235884062,0.9929179249961976,1608.6264589750824,1.001595148877164
1608.7528456379257,0.9993903329514456,1608.7528456379257,1.0014669209167135,1608.744512452956,0.9949463166346056,1608.6278478396328,0.9948885509331064
1608.7542345020097,0.9890173188789704,1608.7542345020097,1.001561733027685,1608.74590131704,0.9848004847425832,1608.6292367041822,0.9984832085979286
1608.7556233660932,0.9988595149489604,1608.7556233660932,1.0016362138965227,1608.747290181124,0.9965750375782878,1608.6306255691975,1.0058036180901515
1608.7570122301777,1.0014692973849182,1608.7570122301777,1.0015629404300217,1608.7486790452078,0.9929097698383388,1608.6320144337467,1.0026767266881755
1608.7584010942612,1.003074174174255,1608.7584010942612,1.0015315003031895,1608.750067909292,1.01491707495691,1608.633403298296,0.990733498004093
1608.7597899583454,1.0022123364944127,1608.7597899583454,1.0015974133448322,1608.7514567738417,1.002657358188261,1608.6347921628465,0.9908728152841794
1608.7611788224292,1.0144204828519534,1608.7611788224292,1.001713639302073,1608.7528456379257,1.0008563595348134,1608.636181027862,1.0066828120669695
1608.7625676865134,1.0009799586909496,1608.7625676865134,1.0016675422572763,1608.7542345020097,0.990561899890816,1608.6375698924114,0.9914684816061096
1608.763956550598,0.9984781950120035,1608.763956550598,1.0017241622345747,1608.7556233660932,1.0004938627679938,1608.6389587569613,0.990025630301957
1608.765345414682,1.0045685523675172,1608.765345414682,1.0018349216439761,1608.7570122301777,1.0030345342392264,1608.6403476215105,1.0111459260840958
1608.7667342787652,1.001838954064056,1608.7667342787652,1.0018275741071812,1608.7584010942612,1.0046103825761246,1608.6417364865254,0.9972036643298968
1608.7681231428494,1.0037472585663245,1608.7681231428494,1.0019189580048609,1608.7597899583454,1.0038132838550844,1608.6431253510757,1.008966867904248
1608.7695120069332,1.002289022574028,1608.7695120069332,1.0019207585896899,1608.7611788224292,1.0161588336601963,1608.6445142156251,0.9909704732995376
1608.770900871017,1.0014766853585988,1608.770900871017,1.002013331614268,1608.7625676865134,1.0026491350707534,1608.645903080175,0.9886147200327512
1608.7722897351016,0.9878146672883964,1608.7722897351016,1.00209052741969,1608.763956550598,1.0001997334078896,1608.6472919447244,0.9993098018065576
1608.7736785991858,1.002186076545346,1608.7736785991858,1.002154349947533,1608.765345414682,1.006411856947114,1608.6486808092743,1.0051037016669278
1608.7750674632691,0.993268967864958,1608.7750674632691,1.0021437782341511,1608.7667342787652,1.003669888996069,1608.6500696738235,1.0017186315590745
1608.776456327353,1.012227868101077,1608.776456327353,1.0021779548553778,1608.7681231428494,1.0056734074030076,1608.6514585383736,0.9950337127429916
1608.777845191437,0.9995374960074885,1608.777845191437,1.0022874630083864,1608.7695120069332,1.004214177823489,1608.6528474033887,1.0024468191962086
1608.7792340555218,0.9977112002081892,1608.7792340555218,1.002272866477347,1608.770900871017,1.0034929900301837,1608.6542362679386,1.0037507609781675
1608.7806229196065,0.9999949830578705,1608.7806229196065,1.0021961149976004,1608.7722897351016,0.9898797209359348,1608.655625132488,1.005632019976875
1608.7820117836898,1.0011236853644627,1608.7820117836898,1.0021798981521604,1608.7736785991858,1.00434513606677,1608.657013997038,0.9988107741052534
1608.783400647773,1.005220705002332,1608.783400647773,1.0022064351319118,1608.7750674632691,0.9953983162589246,1608.658402861587,1.0032684513504735
1608.7847895113912,0.9961959869653191,1608.7847895113912,1.0021765037361035,1608.776456327353,1.0144324547011565,1608.6597917261372,1.002178174704413
1608.7861783754754,0.9981509689175726,1608.7861783754754,1.002229173630694,1608.777845191437,1.0018239010551009,1608.6611805906866,1.0072150040768992
1608.78756723956,0.9955708447252245,1608.78756723956,1.0021376454485544,1608.7792340555218,0.999978864549216,1608.6625694552365,1.0021826600412351
1608.7889561036443,1.0019473853849752,1608.7889561036443,1.0020848819688692,1608.7806229196065,1.002191087037689,1608.663958319786,0.9981535363414902
1608.7903449677276,0.9967399820997974,1608.7903449677276,1.0020627694269173,1608.7820117836898,1.0033060330362726,1608.6653471843354,0.9925751365275364
1608.7917338313453,0.9975359420267791,1608.7917338313453,1.0021474244951976,1608.783400647773,1.0074386592811744,1608.6667360488852,0.9977389824836724
1608.7931226954297,0.9867045933501208,1608.7931226954297,1.0022060628881544,1608.7847895113912,0.9983642112528404,1608.668124913435,1.0005718124851932
1608.794511559514,1.0057364877547863,1608.794511559514,1.002252702375186,1608.7861783754754,1.0003760207369354,1608.6695137779843,1.0068222652663537
1608.7959004235988,1.0021692935134012,1608.7959004235988,1.0022571868469392,1608.78756723956,0.9976990222101648,1608.670902642534,0.9931944528072568
1608.797289287217,0.9988324477287572,1608.797289287217,1.0022693132134468,1608.7889561036443,1.00403632742252,1608.6722915066186,1.0042084692129878
1608.7986781513002,1.0006488862619751,1608.7986781513002,1.0022003214092028,1608.7903449677276,0.998796026861459,1608.6736803711683,0.995909168939124
1608.8000670153835,0.9940175390491112,1608.8000670153835,1.0022564805813903,1608.7917338313453,0.9996780751435274,1608.6750692357175,0.9974385328762276
1608.801455879002,1.009932286022908,1608.801455879002,1.0022412202753834,1608.7931226954297,0.988881325735082,1608.676458100267,1.0012140991262155
1608.8028447430868,1.004451416026944,1608.8028447430868,1.0023031709640127,1608.794511559514,1.0080021127295626,1608.6778469648168,1.0050962940652062
1608.8042336071717,0.9952204902148986,1608.8042336071717,1.0022116232239633,1608.7959004235988,1.004431376861126,1608.6792358293662,0.9954386163306764
1608.8056224707896,0.9970438897467055,1608.8056224707896,1.0022371182510152,1608.797289287217,1.0010991114004075,1608.6806246939166,0.9936190646931004
1608.8070113348729,1.0120948279190096,1608.8070113348729,1.0023615293400443,1608.7986781513002,1.0028506354295124,1608.6820135580006,0.992794442314287
1608.8084001984903,1.00157729849257,1608.8084001984903,1.0023640981927147,1608.8000670153835,0.9962605203235368,1608.6834024225493,0.991655574519318
1608.8097890625745,0.9989339126365997,1608.8097890625745,1.0024543331768294,1608.801455879002,1.012195766739107,1608.6847912870992,0.9985074022329096
1608.811177926659,1.00549533814995,1608.811177926659,1.0025251111137183,1608.8028447430868,1.0067648393630986,1608.6861801516486,0.9994289350709438
1608.812566790278,1.0017380274079433,1608.812566790278,1.0026158822749063,1608.8042336071717,0.997421542964022,1608.687569016199,1.0086681852476729
1608.8139556543622,0.9912293174361365,1608.8139556543622,1.0025116085019798,1608.8056224707896,0.9992743948295212,1608.6889578802836,1.00844670475216
1608.8153445179798,1.001552764313433,1608.8153445179798,1.002423461495688,1608.8070113348729,1.0144849195500474,1608.6903467448326,1.0003460505318047
1608.8167333820631,0.9981018761209003,1608.8167333820631,1.002429422502339,1608.8084001984903,1.0039451255738003,1608.6917356093816,1.0019471798580648
1608.8181222456822,1.013473315447854,1608.8181222456822,1.0023894372540973,1608.8097890625745,1.0013856292798438,1608.6931244734658,1.0012758064873466
1608.8195111097668,0.9980024419650614,1608.8195111097668,1.0023508870667481,1608.811177926659,1.0080343256031046,1608.6945133380152,0.9986240889499378
1608.820899973385,0.9981546971241918,1608.820899973385,1.0023254474918082,1608.812566790278,1.0043584561579393,1608.6959022025655,0.997529938603894
1608.8222888374692,0.9960422687794951,1608.8222888374692,1.0023953045146987,1608.8139556543622,0.9937188974172207,1608.697291067116,1.0017259712011477
1608.8236777010866,0.9892486949491844,1608.8236777010866,1.0023396769884063,1608.8153445179798,1.0039799888736465,1608.6986799311992,1.0009054264012631
1608.8250665651697,0.9971759887789382,1608.8250665651697,1.002384726540348,1608.8167333820631,1.0005266872783751,1608.7000687957482,1.0068650798451118
1608.826455428789,1.005452635178024,1608.826455428789,1.0022706944596647,1608.8181222456822,1.0158949463438185,1608.701457659832,1.014146344579613
1608.8278442924077,1.0003127713527082,1608.8278442924077,1.0021666703989918,1608.8195111097668,1.00034863299846,1608.7028465243825,1.0066655503161688
1608.829233156492,0.9965446507944524,1608.829233156492,1.0021002191160553,1608.820899973385,1.0004758534610558,1608.7042353889326,1.0026225628480638
1608.83062202011,0.9895431220088148,1608.83062202011,1.0021575079516793,1608.8222888374692,0.9984280933227334,1608.7056242530168,1.0057908416761732
1608.832010884193,0.9944630296215151,1608.832010884193,1.0021839730012003,1608.8236777010866,0.991563217356568,1608.7070131175658,1.012026139455646
1608.833399747812,1.0014995310177357,1608.833399747812,1.0020749573123815,1608.8250665651697,0.9995539808247772,1608.708401981649,0.9864130312898456
1608.834788611431,1.006582078688337,1608.834788611431,1.0021255324216563,1608.826455428789,1.007735710906178,1608.7097908461983,1.003415040312984
1608.836177475515,1.0130125616022514,1608.836177475515,1.0020496442251399,1608.8278442924077,1.0024801194241315,1608.7111797107489,1.0013285431748329
1608.8375663391332,0.9971482052639071,1608.8375663391332,1.0020303801179569,1608.829233156492,0.9986376129200536,1608.7125685748335,1.004537801671182
1608.838955202751,0.9885894648642833,1608.838955202751,1.0020356915901034,1608.83062202011,0.9916780691630784,1608.7139574393834,0.9993303256205022
1608.840344066369,0.9849795365021311,1608.840344066369,1.0020473405790475,1608.832010884193,0.9966349100289004,1608.7153463034665,0.9925342248189452
1608.8417329304527,1.0031900931199536,1608.8417329304527,1.002111160452899,1608.833399747812,1.0035775997929677,1608.7167351680152,1.005497459872206
1608.8431217940715,1.0026757364471597,1608.8431217940715,1.00206673438132,1608.834788611431,1.0087216015316474,1608.7181240321,1.0034405251812926
1608.8445106576903,0.9987036547886355,1608.8445106576903,1.0019874207970192,1608.836177475515,1.0150888769491335,1608.7195128966505,1.0085438190903275
1608.8458995213084,1.0047264442987967,1608.8458995213084,1.0019014399953434,1608.8375663391332,0.9991727951545314,1608.7209017607345,1.0038393124005835
1608.8472883853926,1.0082300215838285,1608.8472883853926,1.0018220495679375,1608.838955202751,0.9906019281239724,1608.7222906248182,1.0103395848508157
1608.8486772490107,0.993890597221833,1608.8486772490107,1.0016955886739716,1608.840344066369,0.9869961250767434,1608.7236794893672,0.9991827852229084
1608.8500661126293,0.9996472681327663,1608.8500661126293,1.0016929496221059,1608.8417329304527,1.0053079883712883,1608.7250683534503,1.0004054472648756
1608.8514549762474,1.0046214702689107,1608.8514549762474,1.0016445564836036,1608.8431217940715,1.0047480008649905,1608.7264572180009,0.997054900658624
1608.852843839866,1.0041773088331283,1608.852843839866,1.001640794481473,1608.8445106576903,1.0006884992022216,1608.7278460820855,1.0035244553475884
1608.8542327039495,1.006299690703729,1608.8542327039495,1.0016378721381902,1608.8458995213084,1.0066368713443656,1608.7292349461698,0.9944428715561278
1608.8556215675685,0.9937091743813552,1608.8556215675685,1.001651688770832,1608.8472883853926,1.010067066659037,1608.7306238107192,0.9921781842187636
1608.8570104311864,1.0052865405883893,1608.8570104311864,1.0016758328696984,1608.8486772490107,0.9955758268616492,1608.7320126748025,0.991578576237202
1608.858399294805,0.992436097486154,1608.858399294805,1.0017228216597018,1608.8500661126293,1.0013396205975909,1608.7334015388867,1.0008728057698286
1608.859788158423,1.008722469823835,1608.859788158423,1.0017308690679343,1608.8514549762474,1.0062736270214088,1608.7347904034368,1.002417188789322
1608.8611770220411,1.0174950188062337,1608.8611770220411,1.0016690805381363,1608.852843839866,1.005824957419882,1608.7361792675208,1.0043959019244406
1608.8625658856597,1.0108880079039144,1608.8625658856597,1.001584432997352,1608.8542327039495,1.007947880929802,1608.7375681316046,1.002750462907148
1608.8639547492787,0.9940591462706645,1608.8639547492787,1.0016405309960439,1608.8556215675685,0.9953504726661536,1608.7389569961545,0.9907596624688898
1608.8653436128968,1.0146843256047497,1608.8653436128968,1.001640903391411,1608.8570104311864,1.0069712328165727,1608.7403458602378,0.9991845521737776
1608.8667324765145,1.0030309950357787,1608.8667324765145,1.0016498899020851,1608.858399294805,0.9941458878907732,1608.7417347243215,0.9951792143511206
1608.868121340133,1.0007496813249432,1608.868121340133,1.0016478550334031,1608.859788158423,1.0104684363449834,1608.7431235884062,0.9929179249961976
1608.8695102037511,1.0104097447195701,1608.8695102037511,1.0016728529026757,1608.8611770220411,1.019193299939774,1608.744512452956,0.9949463166346056
1608.8708990673697,1.0026690076915616,1608.8708990673697,1.001675665630034,1608.8625658856597,1.0124896922202649,1608.74590131704,0.9848004847425832
1608.8722879309887,1.004781704234476,1608.8722879309887,1.001644241403128,1608.8639547492787,0.9956899311120224,1608.747290181124,0.9965750375782878
1608.8736767946068,0.9943218124482666,1608.8736767946068,1.0017483582965054,1608.8653436128968,1.0163493245558464,1608.7486790452078,0.9929097698383388
1608.8750656582245,1.0034977259352433,1608.8750656582245,1.0017776085451422,1608.8667324765145,1.0046858857459666,1608.750067909292,1.01491707495691
1608.876454521843,1.012564952425394,1608.876454521843,1.0016800947050544,1608.868121340133,1.002398771724491,1608.7514567738417,1.002657358188261
1608.8778433854611,1.0051926576474606,1608.8778433854611,1.0016716253388154,1608.8695102037511,1.012100011593916,1608.7528456379257,1.0008563595348134
1608.87923224908,1.0025795238868207,1608.87923224908,1.0016953182067816,1608.8708990673697,1.0043491456860507,1608.7542345020097,0.990561899890816
1608.8806211122337,1.0035078106071091,1608.8806211122337,1.0016954172322405,1608.8722879309887,1.0064338079136836,1608.7556233660932,1.0004938627679938
1608.8820099758511,0.9973341825678227,1608.8820099758511,1.0016813507967746,1608.8736767946068,0.9960602432384568,1608.7570122301777,1.0030345342392264
1608.8833988394688,0.9990039799208393,1608.8833988394688,1.0016188516377842,1608.8750656582245,1.0052815520678966,1608.7584010942612,1.0046103825761246
1608.8847877030869,1.0184314374910648,1608.8847877030869,1.0015761902387386,1608.876454521843,1.0142661574404874,1608.7597899583454,1.0038132838550844
1608.8861765667054,1.0102446455133376,1608.8861765667054,1.0015511225895466,1608.8778433854611,1.0068729631643751,1608.7611788224292,1.0161588336601963
1608.8889542934778,1.0193387236236016,1608.8889542934778,1.001359151117722,1608.87923224908,1.0042792152074125,1608.7625676865134,1.0026491350707534
1608.8903431570957,1.0096186185902944,1608.8903431570957,1.0013255616386059,1608.8806211122337,1.0052091750419003,1608.763956550598,1.0001997334078896
1608.891732020713,1.0062777465837305,1608.891732020713,1.001226811386131,1608.8820099758511,0.9990110511903336,1608.765345414682,1.006411856947114
1608.8931208843312,1.0056219771461994,1608.8931208843312,1.0011636400380255,1608.8833988394688,1.000621219149887,1608.7667342787652,1.003669888996069
1608.8945097474846,1.0105660563843464,1608.8945097474846,1.0010538308370016,1608.8847877030869,1.0200366791816626,1608.7681231428494,1.0056734074030076
1608.8958986111036,1.004646167948469,1608.8958986111036,1.000965801990572,1608.8861765667054,1.0118116588039618,1608.7695120069332,1.004214177823489
1608.8972874747217,1.01476912301187,1608.8972874747217,1.000954601989658,1608.8889542934778,1.0207241589891518,1608.770900871017,1.0034929900301837
1608.8986763378737,1.0159321066786162,1608.8986763378737,1.0009715133191188,1608.8903431570957,1.01095693030072,1608.7722897351016,0.9898797209359348
1608.900065201491,1.0031199154382495,1608.900065201491,1.0009105130762703,1608.891732020713,1.0075122595808494,1608.7736785991858,1.00434513606677
1608.90145406511,1.0042551109408333,1608.90145406511,1.0009756692271679,1608.8931208843312,1.006792159141925,1608.7750674632691,0.9953983162589246
1608.9028429282632,1.0060504660746337,1608.9028429282632,1.0008456517166293,1608.8945097474846,1.0116310220573914,1608.776456327353,1.0144324547011565
1608.9042317918822,1.0003055291079357,1608.9042317918822,1.0007673193085893,1608.8958986111036,1.0056164572172943,1608.777845191437,1.0018239010551009
1608.9056206555003,0.9939761977367655,1608.9056206555003,1.000748731234056,1608.8972874747217,1.0157378236357406,1608.7792340555218,0.999978864549216
1608.9070095186523,1.003285293450096,1608.9070095186523,1.0006691190519168,1608.8986763378737,1.016919098251575,1608.7806229196065,1.002191087037689
1608.90839838227,1.000816669881988,1608.90839838227,1.0006438008756149,1608.900065201491,1.0040332692383231,1608.7820117836898,1.0033060330362726
1608.909787245423,1.0000005146633029,1608.909787245423,1.0005610356261738,1608.90145406511,1.0052349317488043,1608.783400647773,1.0074386592811744
1608.9111761090423,1.0062575069651798,1608.9111761090423,1.0006360097966875,1608.9028429282632,1.0069012343782855,1608.7847895113912,0.9983642112528404
1608.9125649721952,0.9979326880390579,1608.9125649721952,1.0006317471242725,1608.9042317918822,1.0010730828549088,1608.7861783754754,1.0003760207369354
1608.9139538358131,0.9952233057512355,1608.9139538358131,1.0006724933285907,1608.9056206555003,0.9947204187619192,1608.78756723956,0.9976990222101648
1608.915342698965,0.9915843314563707,1608.915342698965,1.0006972426212484,1608.9070095186523,1.0039566107544513,1608.7889561036443,1.00403632742252
1608.916731562583,1.0034956643301722,1608.916731562583,1.000637181090876,1608.90839838227,1.001460996530388,1608.7903449677276,0.998796026861459
1608.9181204257363,1.0029881656536066,1608.9181204257363,1.0007071339668034,1608.909787245423,1.000561550578221,1608.7917338313453,0.9996780751435274
1608.9195092893551,1.004274418378995,1608.9195092893551,1.0007071274649146,1608.9111761090423,1.0068974965976,1608.7931226954297,0.988881325735082
1608.9208981525078,1.006816895718125,1608.9208981525078,1.0006305136696882,1608.9125649721952,0.998563129144944,1608.794511559514,1.0080021127295626
1608.9222870161263,0.996323219413949,1608.9222870161263,1.0006015756701627,1608.9139538358131,0.9958925867848112,1608.7959004235988,1.004431376861126
1608.9236758792783,0.9889098926356473,1608.9236758792783,1.0005314701368124,1608.915342698965,0.9922757063148242,1608.797289287217,1.0010991114004075
1608.9250647428964,1.0019178391266428,1608.9250647428964,1.0004352445006923,1608.916731562583,1.0041350727922596,1608.7986781513002,1.0028506354295124
1608.9264536060498,0.9936179060081182,1608.9264536060498,1.000459010019287,1608.9181204257363,1.003697412653842,1608.8000670153835,0.9962605203235368
1608.9278424692027,1.0071607244879492,1608.9278424692027,1.0004011275777225,1608.9195092893551,1.0049845684025418,1608.801455879002,1.012195766739107
1608.9292313328208,0.9925858338635407,1608.9292313328208,1.000334777104676,1608.9208981525078,1.0074517075337484,1608.8028447430868,1.0067648393630986
1608.9306201959737,0.998859562100496,1608.9306201959737,1.0003367233467013,1608.9222870161263,0.9969225832223666,1608.8042336071717,0.997421542964022
1608.9320090591254,1.0098140146374472,1608.9320090591254,1.0002631103474695,1608.9236758792783,0.9894354687115816,1608.8056224707896,0.9992743948295212
1608.9333979227438,0.9914812305940551,1608.9333979227438,1.0001583632750355,1608.9250647428964,1.0023539183562682,1608.8070113348729,1.0144849195500474
1608.9347867858971,1.0053042960413263,1608.9347867858971,1.0000592409298648,1608.9264536060498,0.9940739865823188,1608.8084001984903,1.0039451255738003
1608.9361756490496,1.0054138770712961,1608.9361756490496,1.0000485247536615,1608.9278424692027,1.0075647244297403,1608.8097890625745,1.0013856292798438
1608.9375645122025,1.0088893653267224,1608.9375645122025,1.0000173400654389,1608.9292313328208,0.992918128875144,1608.811177926659,1.0080343256031046
1608.9389533758206,0.9976889344713633,1608.9389533758206,1.0000032312819747,1608.9306201959737,0.999195901435131,1608.812566790278,1.0043584561579393
1608.9403422389737,0.999153457194734,1608.9403422389737,1.0001051920862154,1608.9320090591254,1.010079707153718,1608.8139556543622,0.9937188974172207
1608.941731102126,1.0009012950881386,1608.941731102126,1.000014651853049,1608.9333979227438,0.9916382448088682,1608.8153445179798,1.0039799888736465
1608.9431199652788,0.9975891030534577,1608.9431199652788,1.0000156288436726,1608.9347867858971,1.0053638512026208,1608.8167333820631,1.0005266872783751
1608.944508828897,0.9898834466045204,1608.944508828897,0.9999742669136491,1608.9361756490496,1.0054626645320088,1608.8181222456822,1.0158949463438185
1608.9458976920498,0.9937285021749739,1608.9458976920498,0.9999186634281475,1608.9375645122025,1.0089068595343378,1608.8195111097668,1.00034863299846
1608.9472865552025,1.0045079024415258,1608.9472865552025,0.9998625227119695,1608.9389533758206,0.9976921582856336,1608.820899973385,1.0004758534610558
1608.9486754183552,0.9923026682734847,1608.9486754183552,0.9998442791454251,1608.9403422389737,0.9992585602313456,1608.8222888374692,0.9984280933227334
1608.9500642815076,1.00485803815358,1608.9500642815076,0.9998961080732071,1608.941731102126,1.000915960146831,1608.8236777010866,0.991563217356568
1608.95145314466,0.9931861425228622,1608.95145314466,0.999853793205444,1608.9431199652788,0.9976046942175988,1608.8250665651697,0.9995539808247772
1608.952842007813,0.9886795265284589,1608.952842007813,0.9998346441881201,1608.944508828897,0.9898579738483116,1608.826455428789,1.007735710906178
1608.954230871431,1.0003586591759386,1608.954230871431,0.9998637536610087,1608.9458976920498,0.9936476757052548,1608.8278442924077,1.0024801194241315
1608.955619734584,1.0100299596344318,1608.955619734584,0.9999093011554846,1608.9472865552025,1.0043698054192929,1608.829233156492,0.9986376129200536
1608.9570085977364,1.0116633896855778,1608.9570085977364,0.999969349058663,1608.9486754183552,0.9921481460539842,1608.83062202011,0.9916780691630784
1608.9583974608893,0.997892653849006,1608.9583974608893,0.9999634139698064,1608.9500642815076,1.004753641515843,1608.832010884193,0.9966349100289004
1608.9597863240415,1.0040772443569328,1608.9597863240415,0.9999408392539257,1608.95145314466,0.9930409319605664,1608.833399747812,1.0035775997929677
1608.9611751871946,0.9945053203145207,1608.9611751871946,0.9998806247234753,1608.952842007813,0.9885160426226608,1608.834788611431,1.0087216015316474
1608.962564050347,0.9996175380919489,1608.962564050347,0.9998746194587678,1608.954230871431,1.0002223639709475,1608.836177475515,1.0150888769491335
1608.9639529135004,1.0051511891462848,1608.9639529135004,0.9999303765205942,1608.955619734584,1.009938351084167,1608.8375663391332,0.9991727951545314
1608.9653417766533,0.9847711652479699,1608.9653417766533,0.999986434244504,1608.9570085977364,1.0116323812503678,1608.838955202751,0.9906019281239724
1608.966730639805,1.0017431443601483,1608.966730639805,1.0001321077854677,1608.9583974608893,0.9978561449182424,1608.840344066369,0.9869961250767434
1608.9681195029575,1.0012427232301473,1608.9681195029575,1.0000324991925071,1608.9597863240415,1.0040178423980404,1608.8417329304527,1.0053079883712883
1608.9695083656443,0.9923421036713541,1608.9695083656443,0.9999683595634307,1608.9611751871946,0.9943866009669028,1608.8431217940715,1.0047480008649905
1608.9708972287974,0.9996018824389596,1608.9708972287974,0.9999556826036714,1608.962564050347,0.9994922055039976,1608.8445106576903,1.0006884992022216
1608.9722860919508,0.9915887925671553,1608.9722860919508,0.9999154723911198,1608.9639529135004,1.0050812070231676,1608.8458995213084,1.0066368713443656
1608.9736749551032,0.9913288561805271,1608.9736749551032,0.9998844544267018,1608.9653417766533,0.9847578060831226,1608.8472883853926,1.010067066659037
1608.9750638182552,0.9989493066147471,1608.9750638182552,0.9999566333935004,1608.966730639805,1.0018754824285572,1608.8486772490107,0.9955758268616492
1608.976452681408,0.9928217157255641,1608.976452681408,1.0000102459032303,1608.9681195029575,1.001275262810156,1608.8500661126293,1.0013396205975909
1608.9778415445603,0.9965425447709881,1608.9778415445603,1.0000130334506596,1608.9695083656443,0.9923107055339678,1608.8514549762474,1.0062736270214088
1608.9792304072482,1.0033409835659208,1608.9792304072482,0.9998910655627048,1608.9708972287974,0.9995575826861648,1608.852843839866,1.005824957419882
1608.9806192704016,0.986718118931464,1608.9806192704016,0.9998875110505709,1608.9722860919508,0.9915049759375272,1608.8542327039495,1.007947880929802
1608.9820081335536,0.9974344845141031,1608.9820081335536,0.9998570246344509,1608.9736749551032,0.9912143125195128,1608.8556215675685,0.9953504726661536
1608.9833969967056,0.983523810194912,1608.9833969967056,0.9997994615748509,1608.9750638182552,0.998905985573254,1608.8570104311864,1.0069712328165727
1608.9847858598582,1.0017447665787012,1608.9847858598582,0.9998982674714523,1608.976452681408,0.9928318880807884,1608.858399294805,0.9941458878907732
1608.9861747225452,0.9959700172863888,1608.9861747225452,0.999782852836563,1608.9778415445603,0.9965555331590756,1608.859788158423,1.0104684363449834
1608.9875635856986,0.9949708769308498,1608.9875635856986,0.9997774413261558,1608.9792304072482,1.0032316851804608,1608.8611770220411,1.019193299939774
1608.988952448852,1.0123862977984968,1608.988952448852,0.9996989575721016,1608.9806192704016,0.9866071240468828,1608.8625658856597,1.0124896922202649
1608.9903413115385,0.9906796815489236,1608.9903413115385,0.9997905595537914,1608.9820081335536,0.9972918759540684,1608.8639547492787,0.9956899311120224
1608.9917301746902,1.0003464556052784,1608.9917301746902,0.9997480955802832,1608.9833969967056,0.9833265758789188,1608.8653436128968,1.0163493245558464
1608.9931190378427,0.9950376993810067,1608.9931190378427,0.9997677396700406,1608.9847858598582,1.0016428565506377,1608.8667324765145,1.0046858857459666
1608.9945079005304,0.9977591507091041,1608.9945079005304,0.9997044085384614,1608.9861747225452,0.9957537452222668,1608.868121340133,1.002398771724491
1608.9958967636835,0.9957391695917625,1608.9958967636835,0.9997029381843142,1608.9875635856986,0.9947494375319664,1608.8695102037511,1.012100011593916
1608.9972856268366,0.9921570759180164,1608.9972856268366,0.9996528990227662,1608.988952448852,1.0120815265694365,1608.8708990673697,1.0043491456860507
1608.998674489523,1.0084164383215568,1608.998674489523,0.9996408224543125,1608.9903413115385,0.9904721931543702,1608.8722879309887,1.0064338079136836
1609.000063352675,0.9852159615551159,1609.000063352675,0.9996819646934488,1608.9917301746902,1.0000944639118634,1608.8736767946068,0.9960602432384568
1609.0014522153615,0.9853160215270345,1609.0014522153615,0.9996064484528894,1608.9931190378427,0.9948065915966264,1608.8750656582245,1.0052815520678966
1609.002841078515,1.0022312809093867,1609.002841078515,0.999611903163607,1608.9945079005304,0.9974642216234826,1608.876454521843,1.0142661574404874
1609.0042299412028,1.0035772825335765,1609.0042299412028,0.9995684145223914,1608.9958967636835,0.995443373506094,1608.8778433854611,1.0068729631643751
1609.0056188043552,0.9929956329055478,1609.0056188043552,0.9995041290513788,1608.9972856268366,0.9918126972273958,1608.87923224908,1.0042792152074125
1609.0070076675072,0.9996779864410782,1609.0070076675072,0.999397568343773,1608.998674489523,1.0080542377802095,1608.8806211122337,1.0052091750419003
1609.0083965301935,0.997199440456277,1609.0083965301935,0.9993603497328837,1609.000063352675,0.9849026280947636,1608.8820099758511,0.9990110511903336
1609.0097853928812,1.0010091764181694,1609.0097853928812,0.999404619091045,1609.0014522153615,0.9849282488823696,1608.8833988394688,1.000621219149887
1609.0111742560346,1.001813939358263,1609.0111742560346,0.9993961581268309,1609.002841078515,1.0018423181199316,1608.8847877030869,1.0200366791816626
1609.0125631187218,0.9940682170608794,1609.0125631187218,0.9993108719330474,1609.0042299412028,1.0031441531527772,1608.8861765667054,1.0118116588039618
1609.0139519818742,0.9941311863688788,1609.0139519818742,0.9993613269859083,1609.0056188043552,0.9925032352190822,1608.8875654303245,1.0282447096471576
1609.0153408445606,0.9852442090944878,1609.0153408445606,0.999379186765576,1609.0070076675072,0.9990757487760128,1608.8889542934778,1.0207241589891518
1609.0167297077126,0.9861452044950567,1609.0167297077126,0.9993555788189565,1609.0083965301935,0.9965615815678208,1608.8903431570957,1.01095693030072
1609.0181185704002,0.9831916861686139,1609.0181185704002,0.9993575056244877,1609.0097853928812,1.0004131946648414,1608.891732020713,1.0075122595808494
1609.019507433088,0.9933426747557071,1609.019507433088,0.9993104421341612,1609.0111742560346,1.001209002152554,1608.8931208843312,1.006792159141925
1609.0208962962406,0.9948220627116962,1609.0208962962406,0.9992849877520554,1609.0125631187218,0.9933831767520372,1608.8945097474846,1.0116310220573914
1609.0222851589276,1.00302631082491,1609.0222851589276,0.9992456205535032,1609.0139519818742,0.993496261607678,1608.8958986111036,1.0056164572172943
1609.023674021614,0.9954644586728029,1609.023674021614,0.999136785379126,1609.0153408445606,0.9846325564503424,1608.8972874747217,1.0157378236357406
1609.0250628847664,0.9985900938983503,1609.0250628847664,0.9991088952114147,1609.0167297077126,0.9855097116376956,1608.8986763378737,1.016919098251575
1609.026451747454,1.0036891173780433,1609.026451747454,0.9990872752811356,1609.0181185704002,0.9825599910402,1608.900065201491,1.0040332692383231
1609.0278406101413,0.9875082892730788,1609.0278406101413,0.9990610774797876,1609.019507433088,0.992657707500856,1608.90145406511,1.0052349317488043
1609.029229472828,0.9923222558708058,1609.029229472828,0.998988061628569,1609.0208962962406,0.9941107527523318,1608.9028429282632,1.0069012343782855
1609.03061833598,0.9990521277436676,1609.03061833598,0.9989902209058441,1609.0222851589276,1.0022696483917282,1608.9042317918822,1.0010730828549088
1609.0320071986664,0.9933629714386435,1609.0320071986664,0.9990773941120425,1609.023674021614,0.994605159197516,1608.9056206555003,0.9947204187619192
1609.033396061354,0.9742229689228722,1609.033396061354,0.9990749461946422,1609.0250628847664,0.9977002454838436,1608.9070095186523,1.0039566107544513
1609.0347849240418,0.9990755524667422,1609.0347849240418,0.9990927759129077,1609.026451747454,1.0027730255105571,1608.90839838227,1.001460996530388
1609.036173786729,1.007367502049374,1609.036173786729,0.9991360097072648,1609.0278406101413,0.9865810955013838,1608.909787245423,1.000561550578221
1609.0375626498817,0.9780721362131661,1609.0375626498817,0.9990552395747802,1609.029229472828,0.9913180869032652,1608.9111761090423,1.0068974965976
1609.0389515125678,1.002826158326042,1609.0389515125678,0.9991030326897106,1609.03061833598,0.9980433057911,1608.9125649721952,0.998563129144944
1609.0403403752546,1.008494075007691,1609.0403403752546,0.9991116314384662,1609.0320071986664,0.9924464889123152,1608.9139538358131,0.9958925867848112
1609.0417292379425,0.9898403107985569,1609.0417292379425,0.9991387577526702,1609.033396061354,0.9733217602582032,1608.915342698965,0.9922757063148242
1609.0431181006295,1.009734067859347,1609.0431181006295,0.9991529020889282,1609.0347849240418,0.9981691670607192,1608.916731562583,1.0041350727922596
1609.0445069633165,0.9897616330498988,1609.0445069633165,0.9991011110992325,1609.036173786729,1.0064971463063863,1608.9181204257363,1.003697412653842
1609.0458958260035,0.9993740194032731,1609.0458958260035,0.9990870745123374,1609.0375626498817,0.9771480923658616,1608.9195092893551,1.0049845684025418
1609.0472846886898,1.0021472584001079,1609.0472846886898,0.9990648391388419,1609.0389515125678,1.0019266560441205,1608.9208981525078,1.0074517075337484
1609.0486735513766,0.9831709546639037,1609.0486735513766,0.9990412585873427,1609.0403403752546,1.007598160576961,1608.9222870161263,0.9969225832223666
1609.0500624140643,0.9902821312862109,1609.0500624140643,0.9990501184064291,1609.0417292379425,0.9889878185047872,1608.9236758792783,0.9894354687115816
1609.0514512767515,1.000057659434384,1609.0514512767515,0.9989796150555652,1609.0431181006295,1.0088787242397252,1608.9250647428964,1.0023539183562682
1609.0528401394383,1.0029779726452503,1609.0528401394383,0.9990788508972427,1609.0445069633165,0.9888719473035448,1608.9264536060498,0.9940739865823188
1609.0542290021256,0.9988183469100917,1609.0542290021256,0.9990696590976277,1609.0458958260035,0.998461665389252,1608.9278424692027,1.0075647244297403
1609.0556178648123,0.9985801847744614,1609.0556178648123,0.9990607575782455,1609.0472846886898,1.0012100895069351,1608.9292313328208,0.992918128875144
1609.0570067274994,0.9881227248316123,1609.0570067274994,0.9990039452935836,1609.0486735513766,0.9822283479539456,1608.9306201959737,0.999195901435131
1609.0583955901864,0.9966046575532523,1609.0583955901864,0.9989943951177941,1609.0500624140643,0.98934148051726,1608.9320090591254,1.010079707153718
1609.0597844528731,0.9933016515628825,1609.0597844528731,0.9991136190717653,1609.0514512767515,0.9990372156551304,1608.9333979227438,0.9916382448088682
1609.0611733155604,1.0009635191359803,1609.0611733155604,0.9990893474265498,1609.0528401394383,1.0020540803856628,1608.9347867858971,1.0053638512026208
1609.0625621782472,1.0043755710152957,1609.0625621782472,0.9990920333192875,1609.0542290021256,0.9978891053479214,1608.9361756490496,1.0054626645320088
1609.0639510409344,1.0037105865287341,1609.0639510409344,0.9989901393102616,1609.0556178648123,0.9976422759033978,1608.9375645122025,1.0089068595343378
1609.0653399031555,1.0059175969490415,1609.0653399031555,0.9990617858024592,1609.0570067274994,0.9871385005410268,1608.9389533758206,0.9976921582856336
1609.0667287658428,0.995143102491391,1609.0667287658428,0.9990876532030498,1609.0583955901864,0.9956024670439876,1608.9403422389737,0.9992585602313456
1609.0681176285295,1.0015113519850645,1609.0681176285295,0.9991207104316923,1609.0597844528731,0.9924212079229532,1608.941731102126,1.000915960146831
1609.0695064912168,1.003126398131941,1609.0695064912168,0.9991538469500143,1609.0611733155604,1.0000519891313493,1608.9431199652788,0.9976046942175988
1609.0708953539045,0.9948062047088182,1609.0708953539045,0.9991563637526361,1609.0625621782472,1.0034636314618923,1608.944508828897,0.9898579738483116
1609.0722842161256,0.9948514585174554,1609.0722842161256,0.9991680907246182,1609.0639510409344,1.0026969786635245,1608.9458976920498,0.9936476757052548
1609.073673078812,0.9973208330294769,1609.073673078812,0.9990750994585393,1609.0653399031555,1.0049738307780278,1608.9472865552025,1.0043698054192929
1609.075061941499,0.9993073571433086,1609.075061941499,0.999097412485924,1609.0667287658428,0.994235186869326,1608.9486754183552,0.9921481460539842
1609.076450804186,0.9957257504912348,1609.076450804186,0.9990183358491872,1609.0681176285295,1.0006307335007223,1608.9500642815076,1.004753641515843
1609.077839666407,1.0055735795641245,1609.077839666407,0.9991302699039545,1609.0695064912168,1.0022775996706403,1608.95145314466,0.9930409319605664
1609.0792285290947,1.00696299328499,1609.0792285290947,0.9992579668471315,1609.0708953539045,0.9939669501354232,1608.952842007813,0.9885160426226608
1609.080617391782,1.0044828778690182,1609.080617391782,0.9992087036382342,1609.0722842161256,0.9940238323614876,1608.954230871431,1.0002223639709475
1609.0820062540026,1.000371058715162,1609.0820062540026,0.9990866224057063,1609.073673078812,0.996398410450998,1608.955619734584,1.009938351084167
1609.0833951166894,0.996846397683167,1609.0833951166894,0.9990791678578458,1609.075061941499,0.9984053948000268,1608.9570085977364,1.0116323812503678
1609.084783978911,1.0019097481466352,1609.084783978911,0.9991523130821128,1609.076450804186,0.9947482822179364,1608.9583974608893,0.9978561449182424
1609.086172841599,1.0013516404453904,1609.086172841599,0.9991408690517346,1609.077839666407,1.0046990019581894,1608.9597863240415,1.0040178423980404
1609.0875617042864,1.0082288853347978,1609.0875617042864,0.9991951257938466,1609.0792285290947,1.006215793360261,1608.9611751871946,0.9943866009669028
1609.088950566507,1.007308967552514,1609.088950566507,0.999243184915114,1609.080617391782,1.0036880342223045,1608.962564050347,0.9994922055039976
1609.0903394291934,0.9990101411727413,1609.0903394291934,0.9991710497178513,1609.0820062540026,0.9994573422041516,1608.9639529135004,1.0050812070231676
1609.0917282914145,1.014765513517092,1609.0917282914145,0.9992538227066732,1609.0833951166894,0.9959284694793896,1608.9653417766533,0.9847578060831226
1609.0931171541013,0.995309700495702,1609.0931171541013,0.9992471421645074,1609.084783978911,1.0010604423602276,1608.966730639805,1.0018754824285572
1609.0945060163233,0.997934479451636,1609.0945060163233,0.9992899410420576,1609.086172841599,1.0004913482609874,1608.9681195029575,1.001275262810156
1609.095894879011,0.9999245778020238,1609.095894879011,0.999308717261545,1609.0875617042864,1.007417387911093,1608.9695083656443,0.9923107055339678
1609.0972837412316,1.0022360489252178,1609.0972837412316,0.999294484820452,1609.088950566507,1.0065466209307292,1608.9708972287974,0.9995575826861648
1609.098672603918,1.0048551840543862,1609.098672603918,0.9993995586677326,1609.0903394291934,0.9981820114343468,1608.9722860919508,0.9915049759375272
1609.1000614661396,1.0043098761109326,1609.1000614661396,0.9993963226455608,1609.0917282914145,1.0140083185328546,1608.9736749551032,0.9912143125195128
1609.1014503288272,1.0153669215224876,1609.1014503288272,0.999450541084824,1609.0931171541013,0.994560373788942,1608.9750638182552,0.998905985573254
1609.1028391910493,1.007199229497929,1609.1028391910493,0.9995243844414519,1609.0945060163233,0.9972258871350618,1608.976452681408,0.9928318880807884
1609.1042280532704,0.9874457681122369,1609.1042280532704,0.9994854519104859,1609.095894879011,0.9992333472016324,1608.9778415445603,0.9965555331590756
1609.1056169159567,1.0078336636568765,1609.1056169159567,0.9994173024345205,1609.0972837412316,1.001528956179211,1608.9792304072482,1.0032316851804608
1609.1070057781774,0.9900962772779011,1609.1070057781774,0.9994479643957945,1609.098672603918,1.0042518274689367,1608.9806192704016,0.9866071240468828
1609.108394640399,1.0004494587385035,1609.108394640399,0.9995251339066057,1609.1000614661396,1.0037035969818848,1608.9820081335536,0.9972918759540684
1609.1097835030866,1.0059843353251134,1609.1097835030866,0.9995052119807032,1609.1014503288272,1.0148090191152823,1608.9833969967056,0.9833265758789188
1609.1111723653084,0.9953307318775314,1609.1111723653084,0.9995431131935418,1609.1028391910493,1.006720189873822,1608.9847858598582,1.0016428565506377
1609.1125612275298,1.0038209613481182,1609.1125612275298,0.9995657679436385,1609.1042280532704,0.986937679778756,1608.9861747225452,0.9957537452222668
1609.1139500897505,0.9990874358695441,1609.1139500897505,0.9995428959892543,1609.1056169159567,1.0072464014346554,1608.9875635856986,0.9947494375319664
1609.1153389524368,1.0074372437540844,1609.1153389524368,0.9994803598897489,1609.1070057781774,0.9895497088812524,1608.988952448852,1.0120815265694365
1609.116727814658,1.0014773199904425,1609.116727814658,0.9996074881125309,1609.108394640399,0.9999743792123938,1608.9903413115385,0.9904721931543702
1609.11811667688,1.0151503473399595,1609.11811667688,0.9995595987930097,1609.1097835030866,1.0054865863283944,1608.9917301746902,1.0000944639118634
1609.119505539102,0.9954756006060497,1609.119505539102,0.9995826602285246,1609.1111723653084,0.9948759783980742,1608.9931190378427,0.9948065915966264
1609.1208944017892,1.0100615652976916,1609.1208944017892,0.9996195131093938,1609.1125612275298,1.0033850701078533,1608.9945079005304,0.9974642216234826
1609.12228326401,0.9993138266093556,1609.12228326401,0.9996485281807577,1609.1139500897505,0.9986307489955224,1608.9958967636835,0.995443373506094
1609.1236721262303,1.0045985466045955,1609.1236721262303,0.9997204870769025,1609.1153389524368,1.0069137389536689,1608.9972856268366,0.9918126972273958
1609.1250609884526,1.0009439732704373,1609.1250609884526,0.9996114878861962,1609.116727814658,1.0010842282373156,1608.998674489523,1.0080542377802095
1609.1264498506746,0.9968381321184203,1609.1264498506746,0.9996315583544171,1609.11811667688,1.0147032739017143,1609.000063352675,0.9849026280947636
1609.1278387128957,1.0103810418806485,1609.1278387128957,0.999646808733313,1609.119505539102,0.9950601490463834,1609.0014522153615,0.9849282488823696
1609.129227575117,1.0010620168021678,1609.129227575117,0.9995735869335693,1609.1208944017892,1.0096772501133906,1609.002841078515,1.0018423181199316
1609.1306164373375,0.9974409710347064,1609.1306164373375,0.9995092391672235,1609.12228326401,0.9989625959607232,1609.0042299412028,1.0031441531527772
1609.1320052995582,0.9930032626462532,1609.1320052995582,0.9995026088258152,1609.1236721262303,1.0043177483282946,1609.0056188043552,0.9925032352190822
1609.1333941617802,0.9953126238339729,1609.1333941617802,0.999540336335407,1609.1250609884526,1.0005550944115829,1609.0070076675072,0.9990757487760128
1609.1347830240022,1.0069053653202729,1609.1347830240022,0.9995519246123006,1609.1264498506746,0.9964708554366428,1609.0083965301935,0.9965615815678208
1609.1361718862238,1.0008760332221007,1609.1361718862238,0.9995419121604314,1609.1278387128957,1.01002418412063,1609.0097853928812,1.0004131946648414
1609.137560748445,0.9979312539069185,1609.137560748445,0.9995208991558062,1609.129227575117,1.000635150877896,1609.0111742560346,1.001209002152554
1609.1389496106656,1.0059846973627846,1609.1389496106656,0.9995814600423553,1609.1306164373375,0.996951466073116,1609.0125631187218,0.9933831767520372
1609.1403384728872,1.003145399116043,1609.1403384728872,0.9996134155167232,1609.1320052995582,0.9925093515874762,1609.0139519818742,0.993496261607678
1609.1417273351092,1.0046359003484397,1609.1417273351092,0.9996759426755963,1609.1333941617802,0.9948551147858856,1609.0153408445606,0.9846325564503424
1609.1431161973303,1.0131963384250122,1609.1431161973303,0.9997848232159506,1609.1347830240022,1.0064541958083304,1609.0167297077126,0.9855097116376956
1609.144505059552,0.999497160767656,1609.144505059552,0.999861774319354,1609.1361718862238,1.000417544082366,1609.0181185704002,0.9825599910402
1609.145893921773,1.016874718196989,1609.145893921773,0.9998867223279445,1609.137560748445,0.9974531442007244,1609.019507433088,0.992657707500856
1609.1472827839937,1.0006588230947155,1609.1472827839937,0.9998722977343857,1609.1389496106656,1.0055636525701592,1609.0208962962406,0.9941107527523318
1609.1486716462148,0.9884221502824051,1609.1486716462148,0.999807387085857,1609.1403384728872,1.0027575986702744,1609.0222851589276,1.0022696483917282
1609.1500605079711,0.9995643526737811,1609.1500605079711,0.9997954462806781,1609.1417273351092,1.004310340726573,1609.023674021614,0.994605159197516
1609.1514493701927,1.0013502767243343,1609.1514493701927,0.9998104581728777,1609.1431161973303,1.0129783220952993,1609.0250628847664,0.9977002454838436
1609.1528382324138,1.001288401188345,1609.1528382324138,0.9997212267281342,1609.144505059552,0.9993590045923052,1609.026451747454,1.0027730255105571
1609.1542270946354,0.9968390980011544,1609.1542270946354,0.9997154678199358,1609.145893921773,1.0167595289961395,1609.0278406101413,0.9865810955013838
1609.1556159563909,1.0015810427706824,1609.1556159563909,0.9997305966319483,1609.1472827839937,1.0005310366958995,1609.029229472828,0.9913180869032652
1609.1570048186124,1.0068623224110145,1609.1570048186124,0.9997290404697781,1609.1486716462148,0.9882317674116358,1609.03061833598,0.9980433057911
1609.1583936808336,1.0042594009376673,1609.1583936808336,0.999722517401755,1609.1500605079711,0.99935988806774,1609.0320071986664,0.9924464889123152
1609.1597825430551,1.0045394443926043,1609.1597825430551,0.9996789770423512,1609.1514493701927,1.0011604789632946,1609.033396061354,0.9733217602582032
1609.1611714048106,1.0091743365659185,1609.1611714048106,0.9996476122279192,1609.1528382324138,1.0010092687446643,1609.0347849240418,0.9981691670607192
1609.1625602670322,0.9965979989742133,1609.1625602670322,0.9995762661646503,1609.1542270946354,0.996555465199427,1609.036173786729,1.0064971463063863
1609.1639491292533,1.004124055039597,1609.1639491292533,0.9996232984222468,1609.1556159563909,1.0013112134643831,1609.0375626498817,0.9771480923658616
1609.1653379910088,0.9972302052199202,1609.1653379910088,0.9996562227118178,1609.1570048186124,1.006589503469136,1609.0389515125678,1.0019266560441205
1609.1667268532303,0.9961317861783879,1609.1667268532303,0.999543739525881,1609.1583936808336,1.0039807364297832,1609.0403403752546,1.007598160576961
1609.1681157149858,1.0069522163858085,1609.1681157149858,0.9996557865663722,1609.1597825430551,1.0042169641690906,1609.0417292379425,0.9889878185047872
1609.1695045772074,0.9987416510906121,1609.1695045772074,0.9995347825268889,1609.1611714048106,1.008818715869815,1609.0431181006295,1.0088787242397252
1609.1708934394294,1.0016881690992376,1609.1708934394294,0.9995601766300699,1609.1625602670322,0.9961757066818062,1609.0445069633165,0.9888719473035448
1609.1722823011849,1.0032780577826221,1609.1722823011849,0.9995252031113743,1609.1639491292533,1.0037457999238035,1609.0458958260035,0.998461665389252
1609.1736711634055,0.9950800478731324,1609.1736711634055,0.9994880008518352,1609.1653379910088,0.9968873801242764,1609.0472846886898,1.0012100895069351
1609.1750600251614,0.9926436549248927,1609.1750600251614,0.9995790725199005,1609.1667268532303,0.9956772906173412,1609.0486735513766,0.9822283479539456
1609.1764488873823,0.9949118451634819,1609.1764488873823,0.999671321733123,1609.1681157149858,1.006605609905907,1609.0500624140643,0.98934148051726
1609.1778377491385,1.006422771783532,1609.1778377491385,0.9996325503036912,1609.1695045772074,0.9982770190234008,1609.0514512767515,0.9990372156551304
1609.1792266113596,1.0057098953846682,1609.1792266113596,0.9996617318236503,1609.1708934394294,1.0012476032330853,1609.0528401394383,1.0020540803856628
1609.1806154731155,0.9912450961360965,1609.1806154731155,0.9997030007053613,1609.1722823011849,1.0028017044823605,1609.0542290021256,0.9978891053479214
1609.182004334871,0.9932485539654751,1609.182004334871,0.9996665078395591,1609.1736711634055,0.9945705677362656,1609.0556178648123,0.9976422759033978
1609.183393197092,1.0060301706794639,1609.183393197092,0.9996825289351031,1609.1750600251614,0.9922258239325884,1609.0570067274994,0.9871385005410268
1609.184782058848,1.0084463981869543,1609.184782058848,0.999769222170831,1609.1764488873823,0.9945848392625182,1609.0583955901864,0.9956024670439876
1609.18617092107,1.002102009189957,1609.18617092107,0.9997987016414197,1609.1778377491385,1.0060529620416818,1609.0597844528731,0.9924212079229532
1609.1875597828257,1.013318204472796,1609.1875597828257,0.9997551915174897,1609.1792266113596,1.0053696957324194,1609.0611733155604,1.0000519891313493
1609.1889486445805,0.9946651537516678,1609.1889486445805,0.9997703081054754,1609.1806154731155,0.99095069704173,1609.0625621782472,1.0034636314618923
1609.190337506802,1.0084151287891234,1609.190337506802,0.9996806017281564,1609.182004334871,0.9929173133593584,1609.0639510409344,1.0026969786635245
1609.1917263685575,1.0024304532677168,1609.1917263685575,0.9995865745259002,1609.183393197092,1.00571078520986,1609.0653399031555,1.0049738307780278
1609.1931152303134,1.0068096332860046,1609.1931152303134,0.999599514051648,1609.184782058848,1.0082136711163474,1609.0667287658428,0.994235186869326
1609.1945040920698,1.002067682196588,1609.1945040920698,0.9995303406570051,1609.18617092107,1.001900287700377,1609.0681176285295,1.0006307335007223
1609.195892954291,0.9913643603862355,1609.195892954291,0.9994513883559041,1609.1875597828257,1.013070135580859,1609.0695064912168,1.0022775996706403
1609.197281816046,0.9955233109974112,1609.197281816046,0.9995607643537867,1609.1889486445805,0.994436687228085,1609.0708953539045,0.9939669501354232
1609.1986706778018,0.9921498595781636,1609.1986706778018,0.9996705130372799,1609.190337506802,1.0080930427396873,1609.0722842161256,0.9940238323614876
1609.2000595395573,0.995620475147056,1609.2000595395573,0.9997006190377692,1609.1917263685575,1.0020160229823225,1609.073673078812,0.996398410450998
1609.201448401779,0.9955810634034611,1609.201448401779,0.9997728910193286,1609.1931152303134,1.006406420175208,1609.075061941499,0.9984053948000268
1609.2028372635357,1.0086878434036468,1609.2028372635357,0.9997500236408667,1609.1945040920698,1.001597051747331,1609.076450804186,0.9947482822179364
1609.2042261252907,1.0092612337613232,1609.2042261252907,0.9997259100226198,1609.195892954291,0.990820486354586,1609.077839666407,1.0046990019581894
1609.2056149870457,0.9950327554875492,1609.2056149870457,0.9996843283050061,1609.197281816046,0.9950860416725849,1609.0792285290947,1.006215793360261
1609.2070038488012,0.9915933012583926,1609.2070038488012,0.9997042218605731,1609.1986706778018,0.991822959134368,1609.080617391782,1.0036880342223045
1609.208392710557,1.0136551898439594,1609.208392710557,0.9996647894728854,1609.2000595395573,0.9953224053311898,1609.0820062540026,0.9994573422041516
1609.2097815723134,1.0085538611561522,1609.2097815723134,0.9997013058274508,1609.201448401779,0.9953549580029758,1609.0833951166894,0.9959284694793896
1609.2111704340698,1.0027002044586353,1609.2111704340698,0.9997548202939281,1609.2028372635357,1.0084356952890507,1609.084783978911,1.0010604423602276
1609.2125592958248,1.000526453985249,1609.2125592958248,0.9997863408406997,1609.2042261252907,1.0089846053725908,1609.086172841599,1.0004913482609874
1609.2139481575798,1.007262603704955,1609.2139481575798,0.9997552599299799,1609.2056149870457,0.99471865181105,1609.0875617042864,1.007417387911093
1609.2153370193353,0.9961111097092186,1609.2153370193353,0.9996926137371586,1609.2070038488012,0.9913000096366782,1609.088950566507,1.0065466209307292
1609.2167258810916,1.0026662853740955,1609.2167258810916,0.9997492613280203,1609.208392710557,1.0133154019534594,1609.0903394291934,0.9981820114343468
1609.218114742848,1.0013941510546749,1609.218114742848,0.9997468366391301,1609.2097815723134,1.0082526119951227,1609.0917282914145,1.0140083185328546
1609.2195036046037,1.0110892967374807,1609.2195036046037,0.9998398470990438,1609.2111704340698,1.002454362717228,1609.0931171541013,0.994560373788942
1609.2208924663585,0.9952582181848416,1609.2208924663585,0.9998391576257885,1609.2125592958248,1.0003126823442328,1609.0945060163233,0.9972258871350618
1609.2222813281137,0.9978282093247485,1609.2222813281137,0.9998558885810835,1609.2139481575798,1.0070160861847957,1609.095894879011,0.9992333472016324
1609.2236701898694,1.00526815494402,1609.2236701898694,0.9999046880861487,1609.2153370193353,0.9958049188378302,1609.0972837412316,1.001528956179211
1609.2250590516255,0.9886411580982697,1609.2250590516255,0.9999172347027648,1609.2167258810916,1.002414878161262,1609.098672603918,1.0042518274689367
1609.226447913382,1.014505757163622,1609.226447913382,0.9998313499988408,1609.218114742848,1.0011406347458385,1609.1000614661396,1.0037035969818848
1609.227836774672,1.002040760536577,1609.227836774672,0.9997936875405237,1609.2195036046037,1.0109273678534825,1609.1014503288272,1.0148090191152823
1609.229225636427,0.9879807986978627,1609.229225636427,0.9997763002604998,1609.2208924663585,0.9950981384900752,1609.1028391910493,1.006720189873822
1609.230614498182,0.995276761825427,1609.230614498182,0.999905403707314,1609.2222813281137,0.9976844108856678,1609.1042280532704,0.986937679778756
1609.2320033599383,0.9963238015869865,1609.2320033599383,0.9998194361907817,1609.2236701898694,1.0051723409122386,1609.1056169159567,1.0072464014346554
1609.2333922216949,1.0078309169005344,1609.2333922216949,0.9998191538863894,1609.2250590516255,0.9885593329189608,1609.1070057781774,0.9895497088812524
1609.234781082985,0.9878557301168301,1609.234781082985,0.9998662790573424,1609.226447913382,1.0143346607665005,1609.108394640399,0.9999743792123938
1609.2361699447404,1.0072260434697347,1609.2361699447404,0.9998812194021098,1609.227836774672,1.0018340270427752,1609.1097835030866,1.0054865863283944
1609.2375588064954,0.998431039451544,1609.2375588064954,0.999869016263439,1609.229225636427,0.9877597876505628,1609.1111723653084,0.9948759783980742
1609.2389476682504,0.9905603029015231,1609.2389476682504,0.999885117045298,1609.230614498182,0.9951826123335618,1609.1125612275298,1.0033850701078533
1609.240336529541,0.9995319215803733,1609.240336529541,0.9998298576772332,1609.2320033599383,0.9961439015661572,1609.1139500897505,0.9986307489955224
1609.2417253912977,1.011650278742691,1609.2417253912977,0.9998032818646747,1609.2333922216949,1.0076486545960364,1609.1153389524368,1.0069137389536689
1609.2431142525872,0.9949172340791119,1609.2431142525872,0.9997274515269045,1609.234781082985,0.9877236331173892,1609.116727814658,1.0010842282373156
1609.2445031143432,0.9978358806187659,1609.2445031143432,0.9997194794506696,1609.2361699447404,1.0071064045580809,1609.11811667688,1.0147032739017143
1609.2458919760982,1.001779143516247,1609.2458919760982,0.999800457817273,1609.2375588064954,0.9983002612232982,1609.119505539102,0.9950601490463834
1609.247280837388,1.0001627364596128,1609.247280837388,0.9996810082596815,1609.2389476682504,0.9904465044071152,1609.1208944017892,1.0096772501133906
1609.2486696991443,1.0010446882618065,1609.2486696991443,0.9997509716250332,1609.240336529541,0.999361858897556,1609.12228326401,0.9989625959607232
1609.2500585604346,0.9934143599349482,1609.2500585604346,0.9996838185417615,1609.2417253912977,1.0114512687862556,1609.1236721262303,1.0043177483282946
1609.25144742219,0.9956521553591249,1609.25144742219,0.9997182959118514,1609.2431142525872,0.9946460709061072,1609.1250609884526,1.0005550944115829
1609.2528362834803,0.9955812817145753,1609.2528362834803,0.9997043422516302,1609.2445031143432,0.9975559671493932,1609.1264498506746,0.9964708554366428
1609.254225145235,0.993334417200476,1609.254225145235,0.9996139630236197,1609.2458919760982,1.0015792463193394,1609.1278387128957,1.01002418412063
1609.255614006525,0.996560803318377,1609.255614006525,0.9995612694320688,1609.247280837388,0.999843692807708,1609.129227575117,1.000635150877896
1609.2570028682817,0.9881134948611142,1609.2570028682817,0.9995413480953509,1609.2486696991443,1.0007953997298196,1609.1306164373375,0.996951466073116
1609.2583917295713,1.0035423353514474,1609.2583917295713,0.9996576022868582,1609.2500585604346,0.9931002607339888,1609.1320052995582,0.9925093515874762
1609.2597805913272,0.9981219305035879,1609.2597805913272,0.9997527107302419,1609.25144742219,0.9953716760765862,1609.1333941617802,0.9948551147858856
1609.261169452617,0.9996463823234778,1609.261169452617,0.9996639122733584,1609.2528362834803,0.9952869303945044,1609.1347830240022,1.0064541958083304
1609.2625583139063,0.9993445592915867,1609.2625583139063,0.9996531483458302,1609.254225145235,0.9929509533855254,1609.1361718862238,1.000417544082366
1609.2639471756622,1.0008477531873543,1609.2639471756622,0.9997049409351871,1609.255614006525,0.9961235816311592,1609.137560748445,0.9974531442007244
1609.265336036953,0.9980247676373819,1609.265336036953,0.9995980934634406,1609.2570028682817,0.9876602947246866,1609.1389496106656,1.0055636525701592
1609.2667248982427,1.0017669878728324,1609.2667248982427,0.9995225745527658,1609.2583917295713,1.003198724750782,1609.1403384728872,1.0027575986702744
1609.2681137599986,1.0077118214315244,1609.2681137599986,0.9994568096536054,1609.2597805913272,0.997875105660264,1609.1417273351092,1.004310340726573
1609.2695026212884,1.0055421426725564,1609.2695026212884,0.9993763593148932,1609.261169452617,0.9993104134433972,1609.1431161973303,1.0129783220952993
1609.2708914825785,0.9974311637627215,1609.2708914825785,0.9993130957474686,1609.2625583139063,0.9989979349781108,1609.144505059552,0.9993590045923052
1609.272280344334,0.9906994584497494,1609.272280344334,0.9992209968470626,1609.2639471756622,1.0005524439852789,1609.145893921773,1.0167595289961395
1609.273669205624,0.9955329344973314,1609.273669205624,0.9991712777325524,1609.265336036953,0.9976236549596204,1609.1472827839937,1.0005310366958995
1609.2750580669142,0.9871897571692316,1609.2750580669142,0.9991956403679544,1609.2667248982427,1.0012887188206228,1609.1486716462148,0.9882317674116358
1609.276446928204,1.0001209772014583,1609.276446928204,0.9992490597409585,1609.2681137599986,1.0071644420981751,1609.1500605079711,0.99935988806774
1609.277835789493,0.9917291812204501,1609.277835789493,0.9992268784926444,1609.2695026212884,1.0049150456817963,1609.1514493701927,1.0011604789632946
1609.2792246507836,0.9904263330580797,1609.2792246507836,0.9991931250709962,1609.2708914825785,0.9967460240547256,1609.1528382324138,1.0010092687446643
1609.28061351254,0.9851698053335968,1609.28061351254,0.9991534163297056,1609.272280344334,0.9899277004480036,1609.1542270946354,0.996555465199427
1609.2820023738298,0.9987200181597555,1609.2820023738298,0.9991516230056533,1609.273669205624,0.994707914186536,1609.1556159563909,1.0013112134643831
1609.28339123512,0.9905417276703036,1609.28339123512,0.9990915420520807,1609.2750580669142,0.9863957015793958,1609.1570048186124,1.006589503469136
1609.2847800964098,0.9955550234562172,1609.2847800964098,0.9990555198597132,1609.276446928204,0.9993699460957658,1609.1583936808336,1.0039807364297832
1609.2861689577,0.9949218874730851,1609.2861689577,0.9990039178716796,1609.277835789493,0.9909624540609764,1609.1597825430551,1.0042169641690906
1609.28755781899,0.9990615498040063,1609.28755781899,0.9988999195939711,1609.2792246507836,0.98962718288091,1609.1611714048106,1.008818715869815
1609.28894668028,1.0063405306304578,1609.28894668028,0.9989084578379859,1609.28061351254,0.9843357766639342,1609.1625602670322,0.9961757066818062
1609.29033554157,1.007157434009007,1609.29033554157,0.9988029717261041,1609.2820023738298,0.9978727270725553,1609.1639491292533,1.0037457999238035
1609.2917244028597,0.9941880099346492,1609.2917244028597,0.9988211976066492,1609.28339123512,0.9896418621650558,1609.1653379910088,0.9968873801242764
1609.29311326415,1.0066138128330933,1609.29311326415,0.9987886994860304,1609.2847800964098,0.994614741508,1609.1667268532303,0.9956772906173412
1609.2945021254395,0.9930129507359982,1609.2945021254395,0.99868515418358,1609.2861689577,0.9939308635618984,1609.1681157149858,1.006605609905907
1609.29589098673,0.9968472299823475,1609.29589098673,0.9986369032403208,1609.28755781899,0.99796250176865,1609.1695045772074,0.9982770190234008
1609.2972798480198,0.995312910140037,1609.2972798480198,0.9986823194501957,1609.28894668028,1.005242067511931,1609.1708934394294,1.0012476032330853
1609.29866870931,0.9984481806847603,1609.29866870931,0.998662341912056,1609.29033554157,1.0059518380842338,1609.1722823011849,1.0028017044823605
1609.3000575701342,1.010285767779136,1609.3000575701342,0.9987447769159363,1609.2917244028597,0.9930160587290976,1609.1736711634055,0.9945705677362656
1609.301446431425,1.0048027853563017,1609.301446431425,0.9987653175113593,1609.29311326415,1.0053945010042398,1609.1750600251614,0.9922258239325884
1609.3028352927151,0.9936205938196829,1609.3028352927151,0.9987785504542365,1609.2945021254395,0.991707291812072,1609.1764488873823,0.9945848392625182
1609.3042241540045,1.0070337592785912,1609.3042241540045,0.9987891810050638,1609.29589098673,0.9954884307532634,1609.1778377491385,1.0060529620416818
1609.3056130152945,1.003361726073213,1609.3056130152945,0.9988040229434386,1609.2972798480198,0.9940014056773764,1609.1792266113596,1.0053696957324194
1609.3070018765843,0.9915570760537245,1609.3070018765843,0.9987950530732376,1609.29866870931,0.9971125984004744,1609.1806154731155,0.99095069704173
1609.308390737409,0.9953979303885775,1609.308390737409,0.9988401418503119,1609.3000575701342,1.0090176337619186,1609.182004334871,0.9929173133593584
1609.3097795986994,1.0071807577771117,1609.3097795986994,0.9987537965676655,1609.301446431425,1.003562172952685,1609.183393197092,1.00571078520986
1609.3111684599892,0.9986329982480913,1609.3111684599892,0.998633767864357,1609.3028352927151,0.9924069363967006,1609.184782058848,1.0082136711163474
1609.3125573208129,0.9953769334994403,1609.3125573208129,0.9985328759240375,1609.3042241540045,1.0058144236743145,1609.18617092107,1.001900287700377
1609.313946182103,1.0069560959745971,1609.313946182103,0.9985254564989242,1609.3056130152945,1.0021617284693978,1609.1875597828257,1.013070135580859
1609.315335043393,0.9943274791389296,1609.315335043393,0.9985032582853315,1609.3070018765843,0.990362302402224,1609.1889486445805,0.994436687228085
1609.316723904218,0.9861180241226135,1609.316723904218,0.9984495832644079,1609.308390737409,0.9942434099868336,1609.190337506802,1.0080930427396873
1609.3181127655089,0.9831822312084858,1609.3181127655089,0.9983929779760152,1609.3097795986994,1.0059256056597885,1609.1917263685575,1.0020160229823225
1609.319501626798,0.9926099941205125,1609.319501626798,0.9982850106823723,1609.3111684599892,0.9972686337541712,1609.1931152303134,1.006406420175208
1609.3208904876217,0.9868923869037196,1609.3208904876217,0.998296930538665,1609.3125573208129,0.9939165920356456,1609.1945040920698,1.001597051747331
1609.322279348912,1.0127609000641327,1609.322279348912,0.9983138459028951,1609.313946182103,1.0054712954074092,1609.195892954291,0.990820486354586
1609.323668209736,1.0107152848385084,1609.323668209736,0.9984099766879789,1609.315335043393,0.9928392277228612,1609.197281816046,0.9950860416725849
1609.3250570710268,1.0011697344778565,1609.3250570710268,0.9984784512773203,1609.316723904218,0.9845891302347448,1609.1986706778018,0.991822959134368
1609.3264459318518,1.0091154854227042,1609.3264459318518,0.9985283706037565,1609.3181127655089,0.9816022357093432,1609.2000595395573,0.9953224053311898
1609.3278347931412,0.9893954876908284,1609.3278347931412,0.9984937606747496,1609.319501626798,0.9909076785840254,1609.201448401779,0.9953549580029758
1609.3292236539648,1.0032123765703946,1609.3292236539648,0.9984510186512159,1609.3208904876217,0.9852116406179598,1609.2028372635357,1.0084356952890507
1609.3306125152546,1.0024772437757679,1609.3306125152546,0.9983149904912966,1609.322279348912,1.0110532291231018,1609.2042261252907,1.0089846053725908
1609.3320013760797,1.0083855691647727,1609.3320013760797,0.9983882998842964,1609.323668209736,1.0091082239737992,1609.2056149870457,0.99471865181105
1609.3333902373704,0.9962253995825182,1609.3333902373704,0.9984179618247759,1609.3250570710268,0.999646405947176,1609.2070038488012,0.9913000096366782
1609.334779098195,1.001634955593366,1609.334779098195,0.9983505473972407,1609.3264459318518,1.0076304414101518,1609.208392710557,1.0133154019534594
1609.336167959019,1.0137733564116838,1609.336167959019,0.9982852358560259,1609.3278347931412,0.9879052212990432,1609.2097815723134,1.0082526119951227
1609.337556820308,1.006055691735482,1609.337556820308,0.9982999432299667,1609.3292236539648,1.0016584193102178,1609.2111704340698,1.002454362717228
1609.338945681132,1.0045044017418123,1609.338945681132,0.9982402598926781,1609.3306125152546,1.0007880600877468,1609.2125592958248,1.0003126823442328
1609.3403345419572,1.0008160227462586,1609.3403345419572,0.9981240463196555,1609.3320013760797,1.0067603540262762,1609.2139481575798,1.0070160861847957
1609.341723403248,1.0063396436597296,1609.341723403248,0.9982122103467457,1609.3333902373704,0.9946493329692508,1609.2153370193353,0.9958049188378302
1609.3431122640725,1.00989595694107,1609.3431122640725,0.9981477279924201,1609.334779098195,0.9999828062088478,1609.2167258810916,1.002414878161262
1609.3445011248955,1.018323140203775,1609.3445011248955,0.9981830943698776,1609.336167959019,1.0120349742099928,1609.218114742848,1.0011406347458385
1609.3458899857194,0.9990901062347021,1609.3458899857194,0.9980495323385087,1609.337556820308,1.0043453399457165,1609.2195036046037,1.0109273678534825
1609.3472788465444,1.0031397880374338,1609.3472788465444,0.9980313573832211,1609.338945681132,1.0027367350580858,1609.2208924663585,0.9950981384900752
1609.3486677078351,1.0114748596588305,1609.3486677078351,0.9980844422934849,1609.3403345419572,0.99893853824504,1609.2222813281137,0.9976844108856678
1609.3500565686595,1.0080526951563606,1609.3500565686595,0.9980606017174031,1609.341723403248,1.0045405200571351,1609.2236701898694,1.0051723409122386
1609.351445429484,0.9945361440087925,1609.351445429484,0.9980962786697757,1609.3431122640725,1.00802535492946,1609.2250590516255,0.9885593329189608
1609.3528342903076,1.0044879274183767,1609.3528342903076,0.9980238950632864,1609.3445011248955,1.0164729431570547,1609.226447913382,1.0143346607665005
1609.3542231511312,1.0059533467980124,1609.3542231511312,0.9980223095161722,1609.3458899857194,0.9971414132915754,1609.227836774672,1.0018340270427752
1609.3556120119565,1.0126962552785206,1609.3556120119565,0.998039886986895,1609.3472788465444,1.0011649643001168,1609.229225636427,0.9877597876505628
1609.357000872781,0.997883382928558,1609.357000872781,0.9981116317137577,1609.3486677078351,1.0095373211964649,1609.230614498182,0.9951826123335618
1609.358389733606,0.9912749682173966,1609.358389733606,0.9980868580844539,1609.3500565686595,1.0060976794906071,1609.2320033599383,0.9961439015661572
1609.35977859443,1.0080553890362416,1609.35977859443,0.9980873955934679,1609.351445429484,0.992642824337764,1609.2333922216949,1.0076486545960364
1609.3611674552535,1.0102814135056692,1609.3611674552535,0.9981565173175203,1609.3528342903076,1.002502953866136,1609.234781082985,0.9877236331173892
1609.362556316078,0.994727151657185,1609.362556316078,0.9980675670169685,1609.3542231511312,1.0039638824368753,1609.2361699447404,1.0071064045580809
1609.363945176903,1.0076699842330592,1609.363945176903,0.9980194970716175,1609.3556120119565,1.0107112561702265,1609.2375588064954,0.9983002612232982
1609.3653340377275,0.9895715286146337,1609.3653340377275,0.9980724019900489,1609.357000872781,0.9959990115948676,1609.2389476682504,0.9904465044071152
1609.3667228985516,1.0048702498699371,1609.3667228985516,0.9980975031572578,1609.358389733606,0.9893785185258682,1609.240336529541,0.999361858897556
1609.368111759375,0.9918347338738771,1609.368111759375,0.9980054589033065,1609.35977859443,1.0061273778571425,1609.2417253912977,1.0114512687862556
1609.369500620199,1.0086133496368328,1609.369500620199,0.9979833301673506,1609.3611674552535,1.0084189772154404,1609.2431142525872,0.9946460709061072
1609.370889481024,1.0074778280298617,1609.370889481024,0.9979463017033184,1609.362556316078,0.9928049081002056,1609.2445031143432,0.9975559671493932
1609.372278341849,0.9938194447034656,1609.372278341849,0.9979369395297182,1609.363945176903,1.0056742908784424,1609.2458919760982,1.0015792463193394
1609.3736672026737,1.0158103386172317,1609.3736672026737,0.9978748589190524,1609.3653340377275,0.9876640325053718,1609.247280837388,0.999843692807708
1609.3750560630322,0.9982682577730643,1609.3750560630322,0.9978702566353554,1609.3667228985516,1.002958487392194,1609.2486696991443,1.0007953997298196
1609.3764449238558,1.007110190900233,1609.3764449238558,0.9978542948580957,1609.368111759375,0.9898564787360375,1609.2500585604346,0.9931002607339888
1609.3778337846804,0.9966351268668255,1609.3778337846804,0.9979377441523842,1609.369500620199,1.0065793095218127,1609.25144742219,0.9953716760765862
1609.3792226455053,0.998720833450343,1609.3792226455053,0.9979946940684469,1609.370889481024,1.0054087725304923,1609.2528362834803,0.9952869303945044
1609.380611505864,0.9958888507587204,1609.380611505864,0.99797879191886,1609.372278341849,0.9917691350925004,1609.254225145235,0.9929509533855254
1609.382000366688,0.996306597645416,1609.382000366688,0.997961427988644,1609.3736672026737,1.013651598336185,1609.255614006525,0.9961235816311592
1609.383389227513,1.0114629522645486,1609.383389227513,0.99806300059709,1609.3750560630322,0.9961422025749368,1609.2570028682817,0.9876602947246866
1609.3847780878707,1.009312224368139,1609.3847780878707,0.9980780043505073,1609.3764449238558,1.004949229385154,1609.2583917295713,1.003198724750782
1609.3861669486948,0.9970465744678644,1609.3861669486948,0.9980461332204217,1609.3778337846804,0.9945798102485052,1609.2597805913272,0.997875105660264
1609.38755580952,1.0010308255110993,1609.38755580952,0.9981000941413692,1609.3792226455053,0.9967180926390594,1609.261169452617,0.9993104134433972
1609.3889446698788,1.005669407643125,1609.3889446698788,0.9980316886089909,1609.380611505864,0.9938759521656496,1609.2625583139063,0.9989979349781108
1609.390333530703,0.9860055099192563,1609.390333530703,0.9980101250092723,1609.382000366688,0.9942755549007266,1609.2639471756622,1.0005524439852789
1609.391722391062,0.995281512418304,1609.391722391062,0.9980232219682862,1609.383389227513,1.0095037491299466,1609.265336036953,0.9976236549596204
1609.393111251886,0.9983009657459009,1609.393111251886,0.9980398825987299,1609.3847780878707,1.0073723306639235,1609.2667248982427,1.0012887188206228
1609.3945001127106,0.9998691236491721,1609.3945001127106,0.9979302759229642,1609.3861669486948,0.9950984782883192,1609.2681137599986,1.0071644420981751
1609.395888973069,0.9920962724554933,1609.395888973069,0.9979373165531188,1609.38755580952,0.9991289611810408,1609.2695026212884,1.0049150456817963
1609.3972778338932,0.9964273845430864,1609.3972778338932,0.9979340982830672,1609.3889446698788,1.0036899370924717,1609.2708914825785,0.9967460240547256
1609.398666694252,0.9967345365806268,1609.398666694252,0.9979370105825451,1609.390333530703,0.9840434822143482,1609.272280344334,0.9899277004480036
1609.4000555546106,0.996454426260313,1609.4000555546106,0.9980143655119965,1609.391722391062,0.9933140617891846,1609.273669205624,0.994707914186536
1609.4014444154352,1.0078213683581212,1609.4014444154352,0.9981519240526793,1609.393111251886,0.9963441786512376,1609.2750580669142,0.9863957015793958
1609.4028332757937,1.0003992815075622,1609.4028332757937,0.9981021504963247,1609.3945001127106,0.9977996704500708,1609.276446928204,0.9993699460957658
1609.4042221366185,0.9984319505486434,1609.4042221366185,0.9981483386910033,1609.395888973069,0.9900498918965868,1609.277835789493,0.9909624540609764
1609.4056109969767,0.9915793097187331,1609.4056109969767,0.9982432795572259,1609.3972778338932,0.99436886349856,1609.2792246507836,0.98962718288091
1609.4069998573357,1.0028515633634536,1609.4069998573357,0.9982464998450088,1609.398666694252,0.9946782837796492,1609.28061351254,0.9843357766639342
1609.4083887181607,1.0002838951824657,1609.4083887181607,0.9982014550452828,1609.4000555546106,0.9944758319858068,1609.2820023738298,0.9978727270725553
1609.4097775785192,1.0015426883763363,1609.4097775785192,0.9982477767747929,1609.4014444154352,1.0059588379280626,1609.28339123512,0.9896418621650558
1609.4111664388772,1.00025598240961,1609.4111664388772,0.9982519352567736,1609.4028332757937,0.998500674227676,1609.2847800964098,0.994614741508
1609.412555299236,0.9956523715770228,1609.412555299236,0.9983611415333192,1609.4042221366185,0.9965831927361464,1609.2861689577,0.9939308635618984
1609.4139441600605,0.9988283959882703,1609.4139441600605,0.9983671029451947,1609.4056109969767,0.9898373820747184,1609.28755781899,0.99796250176865
1609.4153330204188,0.9896450385175486,1609.4153330204188,0.9983043315612554,1609.4069998573357,1.0010930629916626,1609.28894668028,1.005242067511931
1609.416721880778,1.0007345467634547,1609.416721880778,0.9982417094000234,1609.4083887181607,0.9984848396295004,1609.29033554157,1.0059518380842338
1609.418110741137,0.9917697280301496,1609.418110741137,0.9983432548467617,1609.4097775785192,0.999787762016727,1609.2917244028597,0.9930160587290976
1609.419499601495,0.994837030100652,1609.419499601495,0.998352996857887,1609.4111664388772,0.9985074701925584,1609.29311326415,1.0053945010042398
1609.4208884623192,0.9967665808679709,1609.4208884623192,0.9984685735850253,1609.412555299236,0.994020638257993,1609.2945021254395,0.991707291812072
1609.4222773226782,1.0100708417422042,1609.4222773226782,0.9985359054041093,1609.4139441600605,0.9971974120422052,1609.29589098673,0.9954884307532634
1609.4236661830366,1.0017836298499336,1609.4236661830366,0.9986621251724627,1609.4153330204188,0.9879669286601742,1609.2972798480198,0.9940014056773764
1609.425055043396,1.0030114513036223,1609.425055043396,0.9986964943746699,1609.416721880778,0.9989749646168088,1609.29866870931,0.9971125984004744
1609.426443903755,0.9967496823773514,1609.426443903755,0.9986537043843949,1609.418110741137,0.9901266183401072,1609.3000575701342,1.0090176337619186
1609.427832764113,0.9976461119283698,1609.427832764113,0.998597855773076,1609.419499601495,0.993198530386186,1609.301446431425,1.003562172952685
1609.4292216244714,1.0105281050464756,1609.4292216244714,0.9986797833833617,1609.4208884623192,0.9952401061964656,1609.3028352927151,0.9924069363967006
1609.4306104848304,1.0109371556480142,1609.4306104848304,0.9985708747854906,1609.4222773226782,1.0085920024813426,1609.3042241540045,1.0058144236743145
1609.4319993451898,0.9879783768401512,1609.4319993451898,0.9986304967405144,1609.4236661830366,1.0004433687489185,1609.3056130152945,1.0021617284693978
1609.433388205549,1.0002945399520364,1609.433388205549,0.9986619939382897,1609.425055043396,1.0017040202345775,1609.3070018765843,0.990362302402224
1609.4347770659067,0.9972700886626539,1609.4347770659067,0.9988053783892034,1609.426443903755,0.995407762650111,1609.308390737409,0.9942434099868336
1609.4361659262647,0.9820996834763339,1609.4361659262647,0.9988161722997905,1609.427832764113,0.9962472681920164,1609.3097795986994,1.0059256056597885
1609.437554786158,0.9881834918065447,1609.437554786158,0.9988040742955162,1609.4292216244714,1.0091939890506132,1609.3111684599892,0.9972686337541712
1609.4389436465165,1.0057903775043464,1609.4389436465165,0.9988804476636072,1609.4306104848304,1.0094923998685932,1609.3125573208129,0.9939165920356456
1609.4403325068758,0.9900697934299133,1609.4403325068758,0.998878000537692,1609.4319993451898,0.9866253372327674,1609.313946182103,1.0054712954074092
1609.4417213672348,1.0017145569369408,1609.4417213672348,0.9988761044836633,1609.433388205549,0.9989561397940848,1609.315335043393,0.9928392277228612
1609.4431102275928,0.9969461624511107,1609.4431102275928,0.9989963679304832,1609.4347770659067,0.9960787282629364,1609.316723904218,0.9845891302347448
1609.4444990874856,0.9937189143555453,1609.4444990874856,0.9991021010520916,1609.4361659262647,0.9809370466666676,1609.3181127655089,0.9816022357093432
1609.4458879478443,1.0036957180526738,1609.4458879478443,0.9990966843350156,1609.437554786158,0.9870016977679468,1609.319501626798,0.9909076785840254
1609.447276808204,0.9946291206169798,1609.447276808204,0.9992177569843155,1609.4389436465165,1.00466434253729,1609.3208904876217,0.9852116406179598
1609.4486656685633,1.0095399393726634,1609.4486656685633,0.9990831010340393,1609.4403325068758,0.9889589356540376,1609.322279348912,1.0110532291231018
1609.4500545284554,1.0009543519051756,1609.4500545284554,0.998980903690917,1609.4417213672348,1.0005887344377502,1609.323668209736,1.0091082239737992
1609.4514433888132,1.0014782504494764,1609.4514433888132,0.9989553812059394,1609.4431102275928,0.995945595310893,1609.3250570710268,0.999646405947176
1609.4528322491722,0.9897918417581174,1609.4528322491722,0.998882763014305,1609.4444990874856,0.9928266551878288,1609.3264459318518,1.0076304414101518
1609.454221109065,1.002453560041606,1609.454221109065,0.9989279715192483,1609.4458879478443,1.002789063987679,1609.3278347931412,0.9879052212990432
1609.4556099694244,0.9895996115988996,1609.4556099694244,0.9989369764021666,1609.447276808204,0.9938510789341808,1609.3292236539648,1.0016584193102178
1609.456998829318,1.0036216915352667,1609.456998829318,0.9989931007702124,1609.4486656685633,1.0086142932461566,1609.3306125152546,1.0007880600877468
1609.458387689676,0.9969222431159189,1609.458387689676,0.9989760950523872,1609.4500545284554,0.9999342830195884,1609.3320013760797,1.0067603540262762
1609.4597765495685,0.9981130070584439,1609.4597765495685,0.9990570047708137,1609.4514433888132,1.000432087447214,1609.3333902373704,0.9946493329692508
1609.4611654099274,0.999648173443864,1609.4611654099274,0.9991190683896037,1609.4528322491722,0.988686009704366,1609.334779098195,0.9999828062088478
1609.462554269821,1.0049281615677594,1609.462554269821,0.9990484296003497,1609.454221109065,1.0013789012746104,1609.336167959019,1.0120349742099928
1609.4639431301805,0.994620545823265,1609.4639431301805,0.9990616345034146,1609.4556099694244,0.9885476438593632,1609.337556820308,1.0043453399457165
1609.4653319900733,0.9932222122539454,1609.4653319900733,0.9990022177344876,1609.456998829318,1.0026111456270617,1609.338945681132,1.0027367350580858
1609.466720850431,1.0123898058156475,1609.466720850431,0.9990301213231305,1609.458387689676,0.9959014894988072,1609.3403345419572,0.99893853824504
1609.4681097103237,0.9966036338070277,1609.4681097103237,0.9988922479567015,1609.4597765495685,0.997171791254599,1609.341723403248,1.0045405200571351
1609.4694985706822,1.0146364585362282,1609.4694985706822,0.9987764328557752,1609.4611654099274,0.9987675517686024,1609.3431122640725,1.00802535492946
1609.470887430576,0.9916781343798223,1609.470887430576,0.9986853928152056,1609.462554269821,1.0039719016754365,1609.3445011248955,1.0164729431570547
1609.4722762904696,0.9940473236604443,1609.4722762904696,0.9987787900651331,1609.4639431301805,0.9936872282208694,1609.3458899857194,0.9971414132915754
1609.4736651508283,1.0036266778631944,1609.4736651508283,0.9987126089055913,1609.4653319900733,0.9922311927448454,1609.3472788465444,1.0011649643001168
1609.475054010721,1.0032705289500092,1609.475054010721,0.9987014894978382,1609.466720850431,1.0114079105303069,1609.3486677078351,1.0095373211964649
1609.4764428706133,0.9972924579271641,1609.4764428706133,0.9986008258716497,1609.4681097103237,0.9954996440953192,1609.3500565686595,1.0060976794906071
1609.477831730507,0.9973732988976735,1609.477831730507,0.9986032870867702,1609.4694985706822,1.0133949827022306,1609.351445429484,0.992642824337764
1609.4792205908664,1.0031321888058036,1609.4792205908664,0.9985137598576475,1609.470887430576,0.9903744671793632,1609.3528342903076,1.002502953866136
1609.4806094507592,0.9950438633966379,1609.4806094507592,0.998417575518563,1609.4722762904696,0.9928333831930624,1609.3542231511312,1.0039638824368753
1609.4819983106524,1.003930858611443,1609.4819983106524,0.998358020583194,1609.4736651508283,1.0023346178160024,1609.3556120119565,1.0107112561702265
1609.4833871705448,0.994396774484817,1609.4833871705448,0.9984035376945897,1609.475054010721,1.0019677716316582,1609.357000872781,0.9959990115948676
1609.484776030437,1.0112547927029218,1609.484776030437,0.9984213322068549,1609.4764428706133,0.9958970721216336,1609.358389733606,0.9893785185258682
1609.4861648903304,1.0006137567270201,1609.4861648903304,0.9982948384725148,1609.477831730507,0.9959802547317924,1609.35977859443,1.0061273778571425
1609.4875537506898,0.9978836281973114,1609.4875537506898,0.9982186498452135,1609.4792205908664,1.0016412934787144,1609.3611674552535,1.0084189772154404
1609.488942610583,0.995019043181636,1609.488942610583,0.9983087494068915,1609.4806094507592,0.9934692816270954,1609.362556316078,0.9928049081002056
1609.490331470476,0.99924670434504,1609.490331470476,0.9983147212964618,1609.4819983106524,1.0022824248057067,1609.363945176903,1.0056742908784424
1609.4917203303685,1.0038711049333244,1609.4917203303685,0.9983298454303996,1609.4833871705448,0.9928092575177304,1609.3653340377275,0.9876640325053718
1609.4931091902615,0.9967004287515502,1609.4931091902615,0.998210352406424,1609.484776030437,1.009658357331018,1609.3667228985516,1.002958487392194
1609.4944980501552,0.9928545611356326,1609.4944980501552,0.9982386340922993,1609.4861648903304,0.9989075486451768,1609.368111759375,0.9898564787360375
1609.495886910048,0.9947732128732679,1609.495886910048,0.9981148105425394,1609.4875537506898,0.9961060480417632,1609.369500620199,1.0065793095218127
1609.497275769941,1.0023985031447111,1609.497275769941,0.9980972728939261,1609.488942610583,0.9933362166347008,1609.370889481024,1.0054087725304923
1609.498664629834,0.9984001900212608,1609.498664629834,0.9980994299801479,1609.490331470476,0.9975626951546266,1609.372278341849,0.9917691350925004
1609.5000534892608,1.0021845088267847,1609.5000534892608,0.9981203866109435,1609.4917203303685,1.0021944850201303,1609.3736672026737,1.013651598336185
1609.501442349154,0.9913946041495976,1609.501442349154,0.9981255866116427,1609.4931091902615,0.9949166862277188,1609.3750560630322,0.9961422025749368
1609.5028312090478,1.0026021248024368,1609.5028312090478,0.9980679557412262,1609.4944980501552,0.9911057809603432,1609.3764449238558,1.004949229385154
1609.5042200689406,1.0035075742213697,1609.5042200689406,0.9980798343740453,1609.495886910048,0.992897876899795,1609.3778337846804,0.9945798102485052
1609.5056089288337,0.9915660749920788,1609.5056089288337,0.9980328278468162,1609.497275769941,1.0004912123416898,1609.3792226455053,0.9967180926390594
1609.5069977887258,0.996103544515075,1609.5069977887258,0.9980187890773561,1609.498664629834,0.9965026605522918,1609.380611505864,0.9938759521656496
1609.5083866481534,1.0043726790143375,1609.5083866481534,0.9980226422434291,1609.5000534892608,1.0003007894056888,1609.382000366688,0.9942755549007266
1609.5097755080471,1.0079914314530216,1609.5097755080471,0.998006444120797,1609.501442349154,0.9895363208304344,1609.383389227513,1.0095037491299466
1609.51116436794,0.9961563079856077,1609.51116436794,0.9979674960597483,1609.5028312090478,1.0006650531233778,1609.3847780878707,1.0073723306639235
1609.5125532273676,1.012792617819255,1609.5125532273676,0.9979934423028225,1609.5042200689406,1.0015806734719648,1609.3861669486948,0.9950984782883192
1609.5139420872604,0.9859083367507236,1609.5139420872604,0.9979295460758083,1609.5056089288337,0.9896154938213126,1609.38755580952,0.9991289611810408
1609.5153309471527,1.0003981239574387,1609.5153309471527,0.9978930539828179,1609.5069977887258,0.9941300532925974,1609.3889446698788,1.0036899370924717
1609.5167198065803,1.0010868792021217,1609.5167198065803,0.9978816889278859,1609.5083866481534,1.0023866749070005,1609.390333530703,0.9840434822143482
1609.518108666474,1.0052765944355966,1609.518108666474,0.9979151896665011,1609.5097755080471,1.0059819442086622,1609.391722391062,0.9933140617891846
1609.5194975263669,0.9932045625874677,1609.5194975263669,0.9979511777997374,1609.51116436794,0.9941316163645204,1609.393111251886,0.9963441786512376
1609.5208863857945,1.0086445934749046,1609.5208863857945,0.9980251165723798,1609.5125532273676,1.0107603909963252,1609.3945001127106,0.9977996704500708
1609.5222752456873,0.9995800448453777,1609.5222752456873,0.9980227316538058,1609.5139420872604,0.9838670589660048,1609.395888973069,0.9900498918965868
1609.5236641051144,0.9925646460639003,1609.5236641051144,0.9980430513895164,1609.5153309471527,0.99829033911457,1609.3972778338932,0.99436886349856
1609.5250529650075,1.0048888456849483,1609.5250529650075,0.9980336539453103,1609.5167198065803,0.9989662657817596,1609.398666694252,0.9946782837796492
1609.5264418244349,1.0144947974770064,1609.5264418244349,0.9980043173400308,1609.518108666474,1.0031807834034927,1609.4000555546106,0.9944758319858068
1609.527830684328,0.9977805395422896,1609.527830684328,0.9979335521017867,1609.5194975263669,0.9911696630302363,1609.4014444154352,1.0059588379280626
1609.5292195437553,0.9990752040279051,1609.5292195437553,0.9979393257662543,1609.5208863857945,1.0066526379828924,1609.4028332757937,0.998500674227676
1609.530608403183,1.0034513072918902,1609.530608403183,0.9978860269657646,1609.5222752456873,0.9976036068632176,1609.4042221366185,0.9965831927361464
1609.5319972630757,0.993381109307243,1609.5319972630757,0.997917348221752,1609.5236641051144,0.9906222480589704,1609.4056109969767,0.9898373820747184
1609.533386122503,0.9952255846737859,1609.533386122503,0.9979335170171377,1609.5250529650075,1.002912886467834,1609.4069998573357,1.0010930629916626
1609.534774982396,0.9986902621357503,1609.534774982396,0.9979351475127816,1609.5264418244349,1.0124701878010527,1609.4083887181607,0.9984848396295004
1609.5361638418235,0.9972392642516957,1609.5361638418235,0.9978651452456809,1609.527830684328,0.9957186780434744,1609.4097775785192,0.999787762016727
1609.537552701251,1.0111181708145303,1609.537552701251,0.9978907016136052,1609.5292195437553,0.9970164354973906,1609.4111664388772,0.9985074701925584
1609.543108139426,1.0169495614850652,1609.543108139426,0.9979657702807242,1609.530608403183,1.0013300382871069,1609.412555299236,0.994020638257993
1609.5444969988532,1.0106349608258653,1609.5444969988532,0.9980108171684018,1609.5319972630757,0.9913122423734664,1609.4139441600605,0.9971974120422052
1609.5458858582808,1.013427588281899,1609.5458858582808,0.9980615344012109,1609.533386122503,0.9931689679389484,1609.4153330204188,0.9879669286601742
1609.547274717709,1.0035760127970261,1609.547274717709,0.998108268032236,1609.534774982396,0.9966281140640184,1609.416721880778,0.9989749646168088
1609.5486635776017,1.009360453517289,1609.5486635776017,0.9981021547838571,1609.5361638418235,0.9951103032672144,1609.418110741137,0.9901266183401072
1609.5500524370284,1.002732890589711,1609.5500524370284,0.9980568102021121,1609.537552701251,1.0089854208883766,1609.419499601495,0.993198530386186
1609.551441296456,1.020827882141305,1609.551441296456,0.9979828195101264,1609.543108139426,1.0148808524640878,1609.4208884623192,0.9952401061964656
1609.5528301558832,1.0008811281654622,1609.5528301558832,0.998067336121663,1609.5444969988532,1.0086246231127776,1609.4222773226782,1.0085920024813426
1609.5556078747393,0.9999338480299308,1609.5556078747393,0.9980309020667204,1609.5458858582808,1.0114630937651508,1609.4236661830366,1.0004433687489185
1609.556996734166,1.008406472378957,1609.556996734166,0.9979399276571399,1609.547274717709,1.0016775159715368,1609.425055043396,1.0017040202345775
1609.558385593593,1.000253015270733,1609.558385593593,0.9980537867829744,1609.5486635776017,1.0074448436092174,1609.426443903755,0.995407762650111
1609.5597744530198,1.0083923990368011,1609.5597744530198,0.9980023114450548,1609.5500524370284,1.0007843902667104,1609.427832764113,0.9962472681920164
1609.5611633119818,1.0112415167247606,1609.5611633119818,0.9980331637655623,1609.551441296456,1.0187686880539306,1609.4292216244714,1.0091939890506132
1609.5625521714098,0.9979065104809931,1609.5625521714098,0.9980582620216909,1609.5528301558832,0.9989467613625476,1609.4306104848304,1.0094923998685932
1609.563941030838,1.003372790739951,1609.563941030838,0.9981030985980233,1609.5542190153112,1.0194562358210688,1609.4319993451898,0.9866253372327674
1609.5653298902646,1.0069716437689515,1609.5653298902646,0.9981106383928019,1609.5556078747393,0.9979648803563588,1609.433388205549,0.9989561397940848
1609.5667187496913,0.9958812843150088,1609.5667187496913,0.9981748551479593,1609.556996734166,1.006329082094848,1609.4347770659067,0.9960787282629364
1609.5681076091184,1.0063687362125882,1609.5681076091184,0.9980983338567104,1609.558385593593,0.9983063096320434,1609.4361659262647,0.9809370466666676
1609.5694964680804,1.009439381286463,1609.5694964680804,0.9981424020015204,1609.5597744530198,1.0063779450823516,1609.437554786158,0.9870016977679468
1609.5708853275084,0.9885899324640415,1609.5708853275084,0.9981912581095934,1609.5611633119818,1.0092525702678985,1609.4389436465165,1.00466434253729
1609.5722741869356,1.0083387256018117,1609.5722741869356,0.9982157736589583,1609.5625521714098,0.9959688375107902,1609.4403325068758,0.9889589356540376
1609.5736630458966,0.9891908755461607,1609.5736630458966,0.9982612209581967,1609.563941030838,1.001469491486491,1609.4417213672348,1.0005887344377502
1609.575051905324,0.9977988067322143,1609.575051905324,0.998188946701902,1609.5653298902646,1.0050691102056772,1609.4431102275928,0.995945595310893
1609.5764407647514,0.9998281805207787,1609.5764407647514,0.9981728122609032,1609.5667187496913,0.9940636567156976,1609.4444990874856,0.9928266551878288
1609.5778296237138,1.001084389593596,1609.5778296237138,0.998154900074826,1609.5681076091184,1.0044549588592675,1609.4458879478443,1.002789063987679
1609.579218483142,0.9990970708674775,1609.579218483142,0.9982187495716442,1609.5694964680804,1.0075642487121987,1609.447276808204,0.9938510789341808
1609.5806073425686,1.0045196451124978,1609.5806073425686,0.9981914878332981,1609.5708853275084,0.9868018284407596,1609.4486656685633,1.0086142932461566
1609.5819962015296,1.0119479123317399,1609.5819962015296,0.9982570059822882,1609.5722741869356,1.0065396210869004,1609.4500545284554,0.9999342830195884
1609.5833850609567,1.0057040528265926,1609.5833850609567,0.9982186808141587,1609.5736630458966,0.987470891183418,1609.4514433888132,1.000432087447214
1609.5847739199187,1.0044691765228637,1609.5847739199187,0.998249624565118,1609.575051905324,0.9959917399124436,1609.4528322491722,0.988686009704366
1609.5861627793468,1.0087801111003194,1609.5861627793468,0.9982672948648381,1609.5764407647514,0.9980013067281276,1609.454221109065,1.0013789012746104
1609.5875516383092,1.0011253374486013,1609.5875516383092,0.9982656570295768,1609.5778296237138,0.999237288861264,1609.4556099694244,0.9885476438593632
1609.5889404972702,1.008462272101985,1609.5889404972702,0.9981987446691114,1609.579218483142,0.9973174287820258,1609.456998829318,1.0026111456270617
1609.5903293566969,0.9987642524090942,1609.5903293566969,0.9982567568850501,1609.5806073425686,1.0027029591126209,1609.458387689676,0.9959014894988072
1609.5917182156584,1.003613581732303,1609.5917182156584,0.9983100744031412,1609.5819962015296,1.0101840931743096,1609.4597765495685,0.997171791254599
1609.5931070750864,0.9888202721486183,1609.5931070750864,0.9982344035558275,1609.5833850609567,1.0039125729020142,1609.4611654099274,0.9987675517686024
1609.5944959340488,0.9979501546745515,1609.5944959340488,0.9982697809589637,1609.5847739199187,1.002710978351182,1609.462554269821,1.0039719016754365
1609.5958847930103,0.9876178465222569,1609.5958847930103,0.9982048138327883,1609.5861627793468,1.0070321926215666,1609.4639431301805,0.9936872282208694
1609.5972736519714,1.0088293176784786,1609.5972736519714,0.9982709459576462,1609.5875516383092,0.9993890427570848,1609.4653319900733,0.9922311927448454
1609.598662511398,0.9961123436267332,1609.598662511398,0.9983225795424369,1609.5889404972702,1.0066457740583612,1609.466720850431,1.0114079105303069
1609.60005137036,1.0069201526702476,1609.60005137036,0.9982827607035204,1609.5903293566969,0.997023163502624,1609.4681097103237,0.9954996440953192
1609.6014402293224,0.9977936753181514,1609.6014402293224,0.9982457755791112,1609.5917182156584,1.0019175494511785,1609.4694985706822,1.0133949827022306
1609.6028290882848,0.9947357318379352,1609.6028290882848,0.9982771016218828,1609.5931070750864,0.987074414592187,1609.470887430576,0.9903744671793632
1609.6042179472463,0.9916923984677204,1609.6042179472463,0.9983070708358277,1609.5944959340488,0.9962234823149284,1609.4722762904696,0.9928333831930624
1609.605606806673,0.995322203218367,1609.605606806673,0.9982728115205498,1609.5958847930103,0.9858448886256888,1609.4736651508283,1.0023346178160024
1609.606995665634,1.0011711670205163,1609.606995665634,0.9983260571343568,1609.5972736519714,1.0070849972687017,1609.475054010721,1.0019677716316582
1609.6083845245964,1.0025023873817933,1609.6083845245964,0.9982866979881457,1609.598662511398,0.9944414444035026,1609.4764428706133,0.9958970721216336
1609.6097733835588,0.9848881207033312,1609.6097733835588,0.9983402486311053,1609.60005137036,1.005191029815665,1609.477831730507,0.9959802547317924
1609.6111622425203,0.9887492403560117,1609.6111622425203,0.9982529861952232,1609.6014402293224,0.9960433212859,1609.4792205908664,1.0016412934787144
1609.6125511014825,0.9989266720080779,1609.6125511014825,0.9982529623318707,1609.6028290882848,0.9930219032588964,1609.4806094507592,0.9934692816270954
1609.6139399604433,1.0158089057989808,1609.6139399604433,0.9982800200193388,1609.6042179472463,0.9900135334844664,1609.4819983106524,1.0022824248057067
1609.6153288194043,1.0108089494245205,1609.6153288194043,0.9983313110118145,1609.605606806673,0.9936030941756272,1609.4833871705448,0.9928092575177304
1609.6167176783667,0.9953225949450423,1609.6167176783667,0.9983426094626972,1609.606995665634,0.9994952636881946,1609.484776030437,1.009658357331018
1609.6181065373291,0.991717208625006,1609.6181065373291,0.9983010093373286,1609.6083845245964,1.0007847980246034,1609.4861648903304,0.9989075486451768
1609.6194953962906,0.9976578944244419,1609.6194953962906,0.9983520046350874,1609.6097733835588,0.9832534512967857,1609.4875537506898,0.9961060480417632
1609.620884254787,0.9897804308983533,1609.620884254787,0.9984158466079593,1609.6111622425203,0.9870218817836472,1609.488942610583,0.9933362166347008
1609.622273113748,1.0041400363552424,1609.622273113748,0.9984779542736516,1609.6125511014825,0.9971815094843808,1609.490331470476,0.9975626951546266
1609.6236619727094,0.9936660078513312,1609.6236619727094,0.99845372315347,1609.6139399604433,1.014061734816829,1609.4917203303685,1.0021944850201303
1609.6250508316718,1.0075065595228294,1609.6250508316718,0.9984910610434513,1609.6153288194043,1.0091222236614563,1609.4931091902615,0.9949166862277188
1609.6264396906338,0.9981811294060234,1609.6264396906338,0.9984761540142882,1609.6167176783667,0.9936729566946166,1609.4944980501552,0.9911057809603432
1609.6278285491296,1.000060724041599,1609.6278285491296,0.9985559090783566,1609.6181065373291,0.9900322903475416,1609.495886910048,0.992897876899795
1609.6292174080909,0.997307206436857,1609.6292174080909,0.998536790738196,1609.6194953962906,0.996013758838662,1609.497275769941,1.0004912123416898
1609.6306062670517,0.9903012419889056,1609.6306062670517,0.9985043461175128,1609.620884254787,0.9882124668713702,1609.498664629834,0.9965026605522918
1609.6319951255484,0.9915930656714865,1609.6319951255484,0.9985879422494458,1609.622273113748,1.0026116893042525,1609.5000534892608,1.0003007894056888
1609.6333839845108,0.9960560294268442,1609.6333839845108,0.9986492077009178,1609.6236619727094,0.9921295251102068,1609.501442349154,0.9895363208304344
1609.6347728434723,1.0046299752761207,1609.6347728434723,0.9986063276622885,1609.6250508316718,1.005986293626187,1609.5028312090478,1.0006650531233778
1609.6361617019686,1.002948349611913,1609.6361617019686,0.998518374461533,1609.6264396906338,0.9966600550989648,1609.5042200689406,1.0015806734719648
1609.6375505609296,0.9997379849841662,1609.6375505609296,0.9985793696423938,1609.6278285491296,0.9986165454289184,1609.5056089288337,0.9896154938213126
1609.6389394194257,0.9899419043923211,1609.6389394194257,0.9984744562411708,1609.6292174080909,0.9958479372955348,1609.5069977887258,0.9941300532925974
1609.640328278388,1.0016287972955393,1609.640328278388,0.9985592830605474,1609.6306062670517,0.988820094091493,1609.5083866481534,1.0023866749070005
1609.6417171368842,0.9899073180879645,1609.6417171368842,0.998571197808058,1609.6319951255484,0.9901928789977094,1609.5097755080471,1.0059819442086622
1609.6431059958456,0.999500907368107,1609.6431059958456,0.9985708398290267,1609.6333839845108,0.99471056461284,1609.51116436794,0.9941316163645204
1609.644494854342,1.001461193279897,1609.644494854342,0.9985135909125973,1609.6347728434723,1.0032298502699426,1609.5125532273676,1.0107603909963252
1609.6458837133027,1.0057685838598371,1609.6458837133027,0.9985975546637403,1609.6361617019686,1.0014623557233646,1609.5139420872604,0.9838670589660048
1609.6472725717988,0.99056913570649,1609.6472725717988,0.9984985106503239,1609.6375505609296,0.9983177268530457,1609.5153309471527,0.99829033911457
1609.6486614307612,0.9980115678868874,1609.6486614307612,0.9985188652908527,1609.6389394194257,0.988431704698472,1609.5167198065803,0.9989662657817596
1609.650050289257,0.9941530420366235,1609.650050289257,0.9986057927081115,1609.640328278388,1.0001857337202322,1609.518108666474,1.0031807834034927
1609.6514391477533,0.9895281397039722,1609.6514391477533,0.9985529629985894,1609.6417171368842,0.988492936342061,1609.5194975263669,0.9911696630302363
1609.6528280067148,0.9802716451893444,1609.6528280067148,0.9984427081582004,1609.6431059958456,0.9980724604804448,1609.5208863857945,1.0066526379828924
1609.654216865211,1.0005865408089762,1609.654216865211,0.9984881239142429,1609.644494854342,0.9999726122615245,1609.5222752456873,0.9976036068632176
1609.655605723707,0.9891154684647314,1609.655605723707,0.9985145219199933,1609.6458837133027,1.0043580484000465,1609.5236641051144,0.9906222480589704
1609.6569945822032,0.9962128033132291,1609.6569945822032,0.998471107470701,1609.6472725717988,0.9890818066991088,1609.5250529650075,1.002912886467834
1609.658383440699,1.0043957547815474,1609.658383440699,0.9985653690753569,1609.6486614307612,0.9965333783135596,1609.5264418244349,1.0124701878010527
1609.659772299661,0.974474995626392,1609.659772299661,0.9986348851850053,1609.650050289257,0.9927669866161628,1609.527830684328,0.9957186780434744
1609.6611611581568,0.9925924451380812,1609.6611611581568,0.9986729288746099,1609.6514391477533,0.9880962558718837,1609.5292195437553,0.9970164354973906
1609.662550016653,1.0024382551251179,1609.662550016653,0.998729806231465,1609.6528280067148,0.9787450761535436,1609.530608403183,1.0013300382871069
1609.663938875149,0.9866168513711143,1609.663938875149,0.9986105131606114,1609.654216865211,0.9990737779461968,1609.5319972630757,0.9913122423734664
1609.6653277336447,1.001853440226047,1609.6653277336447,0.9986105131606114,1609.655605723707,0.9876461591177316,1609.533386122503,0.9931689679389484
1609.666716592141,0.9920345108611448,1609.666716592141,0.9986105131606114,1609.6569945822032,0.9946897010006516,1609.534774982396,0.9966281140640184
1609.6681054506369,1.0124503653111028,1609.6681054506369,0.9986105131606114,1609.658383440699,1.0029548175711576,1609.5361638418235,0.9951103032672144
1609.6694943091336,0.9980830770144506,1609.6694943091336,0.9985064953004481,1609.659772299661,0.9731447253730204,1609.537552701251,1.0089854208883766
1609.67088316763,1.000728470564502,1609.67088316763,0.998392758730498,1609.6611611581568,0.991275204364858,1609.538941560679,1.053424371172767
1609.6722720261253,1.0193492271262146,1609.6722720261253,0.9982770291968386,1609.662550016653,1.0011649643001168,1609.540330420572,1.0496970562734436
1609.673660884621,1.0075335562096384,1609.673660884621,0.998225933050692,1609.663938875149,0.9852459602406152,1609.5417192799985,1.0293625779106403
1609.6750497431174,0.9976167934620986,1609.6750497431174,0.9981129501113242,1609.6653277336447,1.0004613780558569,1609.543108139426,1.0148808524640878
1609.6764386016132,0.9954522949762012,1609.6764386016132,0.9980716915850282,1609.666716592141,0.990656091964084,1609.5444969988532,1.0086246231127776
1609.67782746011,1.0066242512253618,1609.67782746011,0.9980230807969526,1609.6681054506369,1.0110435788529688,1609.5458858582808,1.0114630937651508
1609.6792163181406,1.0065204110129502,1609.6792163181406,0.9980077503815268,1609.6694943091336,0.9965924352483864,1609.547274717709,1.0016775159715368
1609.680605176636,0.9941075620935279,1609.680605176636,0.9979710667748579,1609.67088316763,0.9991200584670452,1609.5486635776017,1.0074448436092174
1609.6819940351318,0.9984026917564098,1609.6819940351318,0.9979709344427701,1609.6722720261253,1.017592918169651,1609.5500524370284,1.0007843902667104
1609.6833828936276,1.005798369845652,1609.6833828936276,0.997860884213936,1609.673660884621,1.005746124227248,1609.551441296456,1.0187686880539306
1609.684771751659,0.9941595234468923,1609.684771751659,0.9978533500224566,1609.6750497431174,0.9957342408030548,1609.5528301558832,0.9989467613625476
1609.686160610155,1.0013905391293676,1609.686160610155,0.9977414267668328,1609.6764386016132,0.9935327559390956,1609.5542190153112,1.0194562358210688
1609.6875494686503,1.0001767328816633,1609.6875494686503,0.9976109911287441,1609.67782746011,1.004634236412861,1609.5556078747393,0.9979648803563588
1609.6889383266805,0.9988095812747811,1609.6889383266805,0.9976441302044413,1609.6792163181406,1.0045151711081242,1609.556996734166,1.006329082094848
1609.6903271851768,1.0132978971696975,1609.6903271851768,0.9975707092134376,1609.680605176636,0.9920905842314314,1609.558385593593,0.9983063096320434
1609.6917160436726,1.0014743954552294,1609.6917160436726,0.9974654331962294,1609.6819940351318,0.9963768672423212,1609.5597744530198,1.0063779450823516
1609.6931049017037,0.9874584794965577,1609.6931049017037,0.9975193260659581,1609.6833828936276,1.003646850675118,1609.5611633119818,1.0092525702678985
1609.6944937602,1.0030072250856004,1609.6944937602,0.9974165250156237,1609.684771751659,0.9920254109282104,1609.5625521714098,0.9959688375107902
1609.6958826182297,1.0014944274425717,1609.6958826182297,0.9972847934858258,1609.686160610155,0.9991288252617432,1609.563941030838,1.001469491486491
1609.6972714767255,1.0085829500422185,1609.6972714767255,0.9974182310950757,1609.6875494686503,0.9977873017939852,1609.5653298902646,1.0050691102056772
1609.698660334756,1.0052275945099454,1609.698660334756,0.997291759607211,1609.6889383266805,0.9964565159507413,1609.5667187496913,0.9940636567156976
1615.8915682487998,1.0056064760415873,1615.8915682487998,0.9978844430797755,1609.6903271851768,1.01083630192406,1609.5681076091184,1.0044549588592675
1615.8929571035712,1.003229744119412,1615.8929571035712,0.9979688282858357,1609.6917160436726,0.9989360916976824,1609.5694964680804,1.0075642487121987
1615.894345958808,1.0015707309783408,1615.894345958808,0.9980980309504556,1609.6931049017037,0.985008916985522,1609.5708853275084,0.9868018284407596
1615.895734813578,1.0116339139054982,1615.895734813578,0.998070204657931,1609.6944937602,1.0004159810104432,1609.5722741869356,1.0065396210869004
1615.8971236683485,0.9965111028614556,1615.8971236683485,0.9981993638450988,1609.6958826182297,0.9987751632492704,1609.5736630458966,0.987470891183418
1615.8985125231195,1.0113484858899742,1615.8985125231195,0.9982547182536647,1609.6972714767255,1.0059790219437628,1609.575051905324,0.9959917399124436
1615.89990137789,1.007702000434494,1615.89990137789,0.9981404731653711,1609.698660334756,1.0025051965345473,1609.5764407647514,0.9980013067281276
1615.9012902326608,1.0093883793818945,1615.9012902326608,0.9980413486821026,1615.8915682487998,1.0034790583021749,1609.5778296237138,0.999237288861264
1615.9026790874316,0.9985064609119729,1615.9026790874316,0.9980377145005536,1615.8929571035712,1.0011920122403484,1609.579218483142,0.9973174287820258
1615.904067942202,1.0016958721416123,1615.904067942202,0.9981130312800881,1615.894345958808,0.9996657744470904,1609.5806073425686,1.0027029591126209
1615.905456796973,1.0069519544577756,1615.905456796973,0.9980700883185661,1615.895734813578,1.0096816674905642,1609.5819962015296,1.0101840931743096
1615.9068456517437,0.9943589234115832,1615.9068456517437,0.9979985292124773,1615.8971236683485,0.9947167489408828,1609.5833850609567,1.0039125729020142
1615.9082345065146,1.0009283694789508,1615.9082345065146,0.998089144906699,1615.8985125231195,1.0095833978383666,1609.5847739199187,1.002710978351182
1615.9096233612852,1.0049496297163902,1615.9096233612852,0.9981906347507651,1615.89990137789,1.005828151523377,1609.5861627793468,1.0070321926215666
1615.9110122165218,0.9914429473764101,1615.9110122165218,0.9982541094690824,1615.9012902326608,1.0074113395023478,1609.5875516383092,0.9993890427570848
1615.9124010712924,1.0027520016248177,1615.9124010712924,0.9982750624034888,1615.9026790874316,0.9965471061626218,1609.5889404972702,1.0066457740583612
1615.9137899260634,0.9962004385789609,1615.9137899260634,0.9983598878311007,1615.904067942202,0.9998057033640162,1609.5903293566969,0.997023163502624
1615.9151787808337,1.0078494178162092,1615.9151787808337,0.9984446409854665,1615.905456796973,1.005008626118225,1609.5917182156584,1.0019175494511785
1615.916567635604,1.0049613781469349,1615.916567635604,0.9985294613901854,1615.9068456517437,0.9923687430740624,1609.5931070750864,0.987074414592187
1615.9179564903754,1.0055950091948334,1615.9179564903754,0.99839680388109,1615.9082345065146,0.9990157404061024,1609.5944959340488,0.9962234823149284
1615.9193453451462,1.0068642093244509,1615.9193453451462,0.9983939792239279,1615.9096233612852,1.0031313087791498,1609.5958847930103,0.9858448886256888
1615.920734199917,0.9956650695041674,1615.920734199917,0.9983900450970015,1615.9110122165218,0.9897119965226406,1609.5972736519714,1.0070849972687017
1615.922123054687,0.9846885707870877,1615.922123054687,0.9984943226429002,1615.9124010712924,1.0010223169972383,1609.598662511398,0.9944414444035026
1615.9235119094576,0.9960156951677569,1615.9235119094576,0.9984190424610908,1615.9137899260634,0.9945665581169848,1609.60005137036,1.005191029815665
1615.924900764229,0.9939025701547017,1615.924900764229,0.9985403876861859,1615.9151787808337,1.0062818501389164,1609.6014402293224,0.9960433212859
1615.926289619,0.9922639693033215,1615.926289619,0.9984229409411778,1615.916567635604,1.0034835436389973,1609.6028290882848,0.9930219032588964
1615.9276784737706,1.0014836800867049,1615.9276784737706,0.9984236511216815,1615.9179564903754,1.0039828431788969,1609.6042179472463,0.9900135334844664
1615.929067328541,0.9965612257930233,1615.929067328541,0.9983785636530105,1615.9193453451462,1.0052471644855925,1609.605606806673,0.9936030941756272
1615.9304561833108,0.9938916147409046,1615.9304561833108,0.998294295604509,1615.920734199917,0.9940620936437748,1609.606995665634,0.9994952636881946
1615.9318450380822,1.0081608956111865,1615.9318450380822,0.9982753657625282,1615.922123054687,0.9832059475022586,1609.6083845245964,1.0007847980246034
1615.9332338928537,0.9977972046571703,1615.9332338928537,0.9983013638561208,1615.9235119094576,0.9944410366456096,1609.6097733835588,0.9832534512967857
1615.9346227476246,0.9989404782532589,1615.9346227476246,0.9982097078497152,1615.924900764229,0.9924518577245725,1609.6111622425203,0.9870218817836472
1615.9360116023945,0.9988587902517928,1615.9360116023945,0.9982970579010249,1615.926289619,0.9906991104217888,1609.6125511014825,0.9971815094843808
1615.9374004571644,1.0052543939139886,1615.9374004571644,0.9983451532273103,1615.9276784737706,0.999904992410946,1609.6139399604433,1.014061734816829
1615.9387893119358,0.9942191975519341,1615.9387893119358,0.9984318232164413,1615.929067328541,0.994945365199522,1609.6153288194043,1.0091222236614563
1615.9401781667073,1.0026503634673736,1615.9401781667073,0.9983789004591688,1615.9304561833108,0.9921963294449994,1609.6167176783667,0.9936729566946166
1615.9415670214782,0.9964884607177018,1615.9415670214782,0.9983488952508051,1615.9318450380822,1.006422186813735,1609.6181065373291,0.9900322903475416
1615.9429558762483,0.9933971766825288,1615.9429558762483,0.9983190643045406,1615.9332338928537,0.996102310261078,1609.6194953962906,0.996013758838662
1615.9443447310184,0.9847562226815527,1615.9443447310184,0.9983950857816692,1615.9346227476246,0.9971520829564404,1609.620884254787,0.9882124668713702
1615.945733585789,1.0041626495140947,1615.945733585789,0.9984830817259932,1615.9360116023945,0.9971577915669416,1609.622273113748,1.0026116893042525
1615.9471224400947,1.00514713651664,1615.9471224400947,0.9985232179152975,1615.9374004571644,1.003590851924488,1609.6236619727094,0.9921295251102068
1615.9485112948662,0.992669036832687,1615.9485112948662,0.9986181923970454,1615.9387893119358,0.9926600860885648,1609.6250508316718,1.005986293626187
1615.9499001496365,1.0119767333537175,1615.9499001496365,0.9987036326227686,1615.9401781667073,1.0010249674235423,1609.6264396906338,0.9966600550989648
1615.9512890044064,0.98885386893484,1615.9512890044064,0.99871991670699,1615.9415670214782,0.9948431538876928,1609.6278285491296,0.9986165454289184
1615.9526778591774,1.0134268691834538,1615.9526778591774,0.9988050579423942,1615.9429558762483,0.9917273399084746,1609.6292174080909,0.9958479372955348
1615.9540667139486,0.984093599534559,1615.9540667139486,0.9987224623722863,1615.9443447310184,0.9831757734181814,1609.6306062670517,0.988820094091493
1615.9554555687198,1.0017587232417569,1615.9554555687198,0.998728540916531,1615.945733585789,1.0026394168409718,1609.6319951255484,0.9901928789977094
1615.95684442349,0.9977432698259128,1615.95684442349,0.9986758022258018,1615.9471224400947,1.0036627532329423,1609.6333839845108,0.99471056461284
1615.95823327826,0.9956936090265187,1615.95823327826,0.9987628275637697,1615.9485112948662,0.991297359210374,1609.6347728434723,1.0032298502699426
1615.959622133031,0.987121454414955,1615.959622133031,0.9988494289210045,1615.9499001496365,1.0106648397300806,1609.6361617019686,1.0014623557233646
1615.9610109878015,0.9904406517153149,1615.9610109878015,0.9989440146347317,1615.9512890044064,0.9875880536179882,1609.6375505609296,0.9983177268530457
1615.962399842573,0.9982781114175449,1615.962399842573,0.9990032815036267,1615.9526778591774,1.0122158827951586,1609.6389394194257,0.988431704698472
1615.9637886968785,0.9869532007653328,1615.9637886968785,0.9989798418170475,1615.9540667139486,0.9828363829319614,1609.640328278388,1.0001857337202322
1615.9651775516484,1.0109663226236258,1615.9651775516484,0.9989868764805979,1615.9554555687198,1.0004850280136468,1609.6417171368842,0.988492936342061
1615.966566406419,0.9977764793619913,1615.966566406419,0.9989730377912183,1615.95684442349,0.996422060408788,1609.6431059958456,0.9980724604804448
1615.96795526119,0.9972861555869894,1615.96795526119,0.9989587625661763,1615.95823327826,0.9944617643385004,1609.644494854342,0.9999726122615245
1615.9693441159611,1.0033563632620608,1615.9693441159611,0.9990366033382989,1615.959622133031,0.9859857010180492,1609.6458837133027,1.0043580484000465
1615.970732970732,0.9909863412878487,1615.970732970732,0.9990813668683554,1615.9610109878015,0.9893947608819368,1609.6472725717988,0.9890818066991088
1615.972121825502,0.9974841212476045,1615.972121825502,0.9990670258722218,1615.962399842573,0.9972831091593704,1609.6486614307612,0.9965333783135596
1615.9735106802725,0.9954256659052237,1615.9735106802725,0.9991203542234303,1615.9637886968785,0.9859463523813808,1609.650050289257,0.9927669866161628
1615.9748995345778,0.9915665880375129,1615.9748995345778,0.9991917629670695,1615.9651775516484,1.0099420888648525,1609.6514391477533,0.9880962558718837
1615.9762883893484,1.0097688251180865,1615.9762883893484,0.9992471920196946,1615.966566406419,0.9967518006248752,1609.6528280067148,0.9787450761535436
1615.9776772441194,0.9942633599093536,1615.9776772441194,0.9991891051285737,1615.96795526119,0.9962477439095582,1609.654216865211,0.9990737779461968
1615.97906609889,1.0031308006325648,1615.97906609889,0.9991141654324633,1615.9693441159611,1.0023897330911975,1609.655605723707,0.9876461591177316
1615.980454953661,0.9910932634920587,1615.980454953661,0.9991964366412454,1615.970732970732,0.9900759884017344,1609.6569945822032,0.9946897010006516
1615.9818438084314,1.0069444844377462,1615.9818438084314,0.9992197769833979,1615.972121825502,0.996553494369611,1609.658383440699,1.0029548175711576
1615.9832326632024,0.9842981207943804,1615.9832326632024,0.9992533670412087,1615.9735106802725,0.994550043922321,1609.659772299661,0.9731447253730204
1615.984621517507,0.999475640411585,1615.984621517507,0.999224632491188,1615.9748995345778,0.9907651672004444,1609.6611611581568,0.991275204364858
1615.9860103722783,1.0000331006797405,1615.9860103722783,0.9992483188747656,1615.9762883893484,1.009008663088274,1609.662550016653,1.0011649643001168
1615.9873992270489,0.9934703467249946,1615.9873992270489,0.9992366762961479,1615.9776772441194,0.993457116849956,1609.663938875149,0.9852459602406152
1615.9887880818196,1.0050606809504326,1615.9887880818196,0.9991785177448448,1615.97906609889,1.0022421926936038,1609.6653277336447,1.0004613780558569
1615.9901769365904,0.9885725390865684,1615.9901769365904,0.9992320935054642,1615.980454953661,0.990296857260408,1609.666716592141,0.990656091964084
1615.9915657908948,0.9868250966242127,1615.9915657908948,0.9992054555009756,1615.9818438084314,1.0061588431745474,1609.6681054506369,1.0110435788529688
1615.9929546456651,0.9946866962763369,1615.9929546456651,0.9992230491977653,1615.9832326632024,0.983563211376119,1609.6694943091336,0.9965924352483864
1615.9943435004368,0.9989749765881147,1615.9943435004368,0.9991624102833213,1615.984621517507,0.9987006794741607,1609.67088316763,0.9991200584670452
1615.9957323552078,1.0026618950014565,1615.9957323552078,0.9991708053686243,1615.9860103722783,0.99928139467335,1609.6722720261253,1.017592918169651
1615.9971212099783,0.9898512755995525,1615.9971212099783,0.9992410418281228,1615.9873992270489,0.9927120072602652,1609.673660884621,1.005746124227248
1615.9985100642828,1.0022798101538128,1615.9985100642828,0.9992883501377785,1615.9887880818196,1.0042350414356775,1609.6750497431174,0.9957342408030548
1615.9998989190528,1.0104684347266717,1615.9998989190528,0.9992276384279355,1615.9901769365904,0.987813407813484,1609.6764386016132,0.9935327559390956
1616.0012877738243,1.0090644749789561,1616.0012877738243,0.9991730700981619,1615.9915657908948,0.9860410201721908,1609.67782746011,1.004634236412861
1616.0026766285955,0.9970170682366584,1616.0026766285955,0.9991723440001967,1615.9929546456651,0.9939138736496927,1609.6792163181406,1.0045151711081242
1616.0040654833667,0.9932809834527186,1616.0040654833667,0.999137624256841,1615.9943435004368,0.9981382454205052,1609.680605176636,0.9920905842314314
1616.005454337671,1.000831429218598,1616.005454337671,0.9991881385690898,1615.9957323552078,1.0018304931410364,1609.6819940351318,0.9963768672423212
1616.0068431924408,0.9883879078940745,1616.0068431924408,0.9991500438426252,1615.9971212099783,0.9891000198849932,1609.6833828936276,1.003646850675118
1616.0082320472122,1.0058502410790378,1616.0082320472122,0.999120309106339,1615.9985100642828,1.0015665378650096,1609.684771751659,0.9920254109282104
1616.0096209019837,1.0037984121372994,1616.0096209019837,0.9991822102590429,1615.9998989190528,1.0096879877379046,1609.686160610155,0.9991288252617432
1616.011009756289,1.0048754436656098,1616.011009756289,0.9992421883439042,1616.0012877738243,1.0082300493917136,1609.6875494686503,0.9977873017939852
1616.012398611059,1.0103259998142506,1616.012398611059,0.9992831493291918,1616.0026766285955,0.996191881078226,1609.6889383266805,0.9964565159507413
1616.0137874658292,0.9886866798704984,1616.0137874658292,0.999331126912296,1616.0040654833667,0.992424402026448,1609.6903271851768,1.01083630192406
1616.0151763205995,1.0060963283523559,1616.0151763205995,0.9993541669531965,1616.005454337671,1.0000188927823728,1609.6917160436726,0.9989360916976824
1616.0165651749055,0.9961923147716809,1616.0165651749055,0.9993966415311217,1616.0068431924408,0.9875478215058852,1609.6931049017037,0.985008916985522
1616.017954029677,1.0032825776238943,1616.017954029677,0.9994260034576183,1616.0082320472122,1.0049654037815738,1609.6944937602,1.0004159810104432
1616.019342884447,1.0099199225152966,1616.019342884447,0.9993974777821966,1616.0096209019837,1.0029775160938643,1609.6958826182297,0.9987751632492704
1616.0207317392171,0.9966985095695993,1616.0207317392171,0.9994520098086391,1616.011009756289,1.0041139373414756,1609.6972714767255,1.0059790219437628
1616.0221205935225,1.0116995289877588,1616.0221205935225,0.9993979181374525,1616.012398611059,1.0096017469435488,1609.698660334756,1.0025051965345473
1616.023509448294,1.0013591646235076,1616.023509448294,0.9995041890473533,1616.0137874658292,0.9880253739581616,1615.8915682487998,1.0034790583021749
1616.0248983030651,0.991545661911872,1616.0248983030651,0.9994256643705793,1616.0151763205995,1.005446558095238,1615.8929571035712,1.0011920122403484
1616.026287157369,0.9919155281139461,1616.026287157369,0.99940063550884,1616.0165651749055,0.995591253701932,1615.894345958808,0.9996657744470904
1616.0276760121394,0.9982759715410697,1616.0276760121394,0.9992833133165561,1616.017954029677,1.0027066968933065,1615.895734813578,1.0096816674905642
1616.0290648669104,1.0039772864667327,1616.0290648669104,0.999366401709886,1616.019342884447,1.0093114233237788,1615.8971236683485,0.9947167489408828
1616.0304537212153,0.9957875368578857,1616.0304537212153,0.9993957240891688,1616.0207317392171,0.9961523285626112,1615.8985125231195,1.0095833978383666
1616.0318425759867,0.9934812039748095,1616.0318425759867,0.9993300062375859,1616.0221205935225,1.0110904030510075,1615.89990137789,1.005828151523377
1616.0332314307575,1.005720924958368,1616.0332314307575,0.9993759490310534,1616.023509448294,1.000862679782154,1615.9012902326608,1.0074113395023478
1616.034620285062,1.0069871019600503,1616.034620285062,0.999413089154456,1616.0248983030651,0.9909761819100386,1615.9026790874316,0.9965471061626218
1616.036009139833,1.0029941874885244,1616.036009139833,0.9993124508138693,1616.026287157369,0.9913210091681643,1615.904067942202,0.9998057033640162
1616.0373979946037,1.000030959946581,1616.0373979946037,0.9993404337219467,1616.0276760121394,0.9975605204458642,1615.905456796973,1.005008626118225
1616.0387868489097,1.0053853835292474,1616.0387868489097,0.9993819840656984,1616.0290648669104,1.003341168174714,1615.9068456517437,0.9923687430740624
1616.04017570368,1.0068794870065598,1616.04017570368,0.9994908156207061,1616.0304537212153,0.9951858064370565,1615.9082345065146,0.9990157404061024
1616.04156455845,1.0040091260813493,1616.04156455845,0.9993717348156073,1616.0318425759867,0.9928155777650708,1615.9096233612852,1.0031313087791498
1616.042953412755,0.9864412269667591,1616.042953412755,0.9993654272237973,1616.0332314307575,1.005093303840658,1615.9110122165218,0.9897119965226406
1616.044342267526,0.9979090620638165,1616.044342267526,0.999309877336032,1616.034620285062,1.0063960903085871,1615.9124010712924,1.0010223169972383
1616.0457311222965,0.9993999825834861,1616.0457311222965,0.9992955850136457,1616.036009139833,1.0023045796512229,1615.9137899260634,0.9945665581169848
1616.0471199766018,1.0066234791012099,1616.0471199766018,0.9993851004849486,1616.0373979946037,0.999371373248391,1615.9151787808337,1.0062818501389164
1616.0485088313724,0.9942861432073008,1616.0485088313724,0.9995081654937805,1616.0387868489097,1.0047640393421124,1615.916567635604,1.0034835436389973
1616.0498976861434,1.0110911647411007,1616.0498976861434,0.999517253884891,1616.04017570368,1.0063667996999446,1615.9179564903754,1.0039828431788969
1616.0512865404482,0.9895474178495335,1616.0512865404482,0.9995447856862522,1616.04156455845,1.00337834210262,1615.9193453451462,1.0052471644855925
1616.0526753952192,0.9986845068115685,1616.0526753952192,0.9996745190979447,1616.042953412755,0.985815258218802,1615.920734199917,0.9940620936437748
1616.0540642499898,0.9943995091465081,1616.0540642499898,0.9996725073971865,1616.044342267526,0.9972203824035072,1615.922123054687,0.9832059475022586
1616.055453104295,0.9910929041251028,1616.055453104295,0.9997692933167786,1616.0457311222965,0.998695990258392,1615.9235119094576,0.9944410366456096
1616.0568419590657,0.9971895890342655,1616.0568419590657,0.9997601836616513,1616.0471199766018,1.006004506812071,1615.924900764229,0.9924518577245725
1616.0582308133708,1.0004397300461747,1616.0582308133708,0.9996504022574977,1616.0485088313724,0.9937971189730156,1615.926289619,0.9906991104217888
1616.0596196681415,0.9900199967035773,1616.0596196681415,0.9997255512723278,1616.0498976861434,1.010603064409301,1615.9276784737706,0.999904992410946
1616.0610085229116,1.0066579148077686,1616.0610085229116,0.999724379837153,1616.0512865404482,0.9890969617007962,1615.929067328541,0.994945365199522
1616.0623973772165,1.0025096237437825,1616.0623973772165,0.9998207546947255,1616.0526753952192,0.9983594540774228,1615.9304561833108,0.9921963294449994
1616.063786231988,1.013401010638995,1616.063786231988,0.9997989714308051,1616.0540642499898,0.9940738506630212,1615.9318450380822,1.006422186813735
1616.0651750862933,0.9934308588766709,1616.0651750862933,0.9998751792244488,1616.055453104295,0.9908642523684278,1615.9332338928537,0.996102310261078
1616.0665639410638,0.9959403833574003,1616.0665639410638,0.9998761294308965,1616.0568419590657,0.9969504466783838,1615.9346227476246,0.9971520829564404
1616.0679527953682,0.9959653163561503,1616.0679527953682,0.9999764461416905,1616.0582308133708,1.000089978575041,1615.9360116023945,0.9971577915669416
1616.0693416501392,1.0156682316838115,1616.0693416501392,1.0000976917025861,1616.0596196681415,0.989748286975112,1615.9374004571644,1.003590851924488
1616.070730504911,1.0073705160283584,1616.070730504911,1.0002232804703646,1616.0610085229116,1.006380459589358,1615.9387893119358,0.9926600860885648
1616.0721193592155,1.0017683834489481,1616.0721193592155,1.0002351947610097,1616.0623973772165,1.0023299286002338,1615.9401781667073,1.0010249674235423
1616.0735082139863,1.0102173632859497,1616.0735082139863,1.0001444634467878,1616.063786231988,1.0131972880838056,1615.9415670214782,0.9948431538876928
1616.0748970682907,1.0068912259594658,1616.0748970682907,1.000140001877528,1616.0651750862933,0.9933068580664094,1615.9429558762483,0.9917273399084746
1616.0762859230606,0.9998842554472773,1616.0762859230606,1.00014029422424,1616.0665639410638,0.9958170156553208,1615.9443447310184,0.9831757734181814
1616.0776747773664,1.0138508380966307,1616.0776747773664,1.0001517093140408,1616.0679527953682,0.9959418575302076,1615.945733585789,1.0026394168409718
1616.0790636321378,0.9903944468346144,1616.0790636321378,1.0000605908601417,1616.0693416501392,1.0157674540426274,1615.9471224400947,1.0036627532329423
1616.0804524864432,0.9991033301654662,1616.0804524864432,1.000081158861717,1616.070730504911,1.0075954421910085,1615.9485112948662,0.991297359210374
1616.0818413412132,0.9938662689306326,1616.0818413412132,1.0000366159695142,1616.0721193592155,1.0020039941244805,1615.9499001496365,1.0106648397300806
1616.0832301955177,1.0129226217449772,1616.0832301955177,1.0001075903654033,1616.0735082139863,1.0103633027682548,1615.9512890044064,0.9875880536179882
1616.0846190502891,1.0135926446886843,1616.0846190502891,1.00015471258856,1616.0748970682907,1.0070321926215666,1615.9526778591774,1.0122158827951586
1616.0860079050606,1.0110554522263433,1616.0860079050606,1.0001907126740226,1616.0762859230606,1.000024533433225,1615.9540667139486,0.9828363829319614
1616.0873967593654,1.0044974401770366,1616.0873967593654,1.0002685176667792,1616.0776747773664,1.0140046487118182,1615.9554555687198,1.0004850280136468
1616.0887856141355,0.99659514532939,1616.0887856141355,1.0002315196033047,1616.0790636321378,0.9904544556860276,1615.95684442349,0.996422060408788
1616.09017446844,0.9994000767523571,1616.09017446844,1.0002625931673357,1616.0804524864432,0.99918441625448,1615.95823327826,0.9944617643385004
1616.091563323211,0.9975606433692848,1616.091563323211,1.000218628822617,1616.0818413412132,0.993902660307637,1615.959622133031,0.9859857010180492
1616.0929521775167,0.9976155221147399,1616.0929521775167,1.000285341045352,1616.0832301955177,1.013031602459976,1615.9610109878015,0.9893947608819368
1616.094341032288,1.0070718635891587,1616.094341032288,1.0003489014681444,1616.0846190502891,1.0137494602304893,1615.962399842573,0.9972831091593704
1616.0957298865922,1.0029793339504969,1616.0957298865922,1.0003720749500395,1616.0860079050606,1.0112482733152226,1615.9637886968785,0.9859463523813808
1616.0971187413622,0.9973562497158479,1616.0971187413622,1.0004033715603626,1616.0873967593654,1.0047671654859585,1615.9651775516484,1.0099420888648525
1616.0985075956676,1.0037329853827626,1616.0985075956676,1.0004886109753375,1616.0887856141355,0.996825876642092,1615.966566406419,0.9967518006248752
1616.0998964499734,1.0066420890642824,1616.0998964499734,1.0006008650483964,1616.09017446844,0.999662512383947,1615.96795526119,0.9962477439095582
1616.1012853047448,1.004547155741945,1616.1012853047448,1.0006206639235493,1616.091563323211,0.9977787388782337,1615.9693441159611,1.0023897330911975
1616.1026741590492,0.9927778026528083,1616.1026741590492,1.0005413924531943,1616.0929521775167,0.9979001827706796,1615.970732970732,0.9900759884017344
1616.104063013819,0.9895384412395594,1616.104063013819,1.0005862913837487,1616.094341032288,1.0074232324408918,1615.972121825502,0.996553494369611
1616.1054518681242,1.0104580326063803,1616.1054518681242,1.000602823892803,1616.0957298865922,1.0033525174360671,1615.9735106802725,0.994550043922321
1616.1068407228952,1.000793239090815,1616.1068407228952,1.0006080143250693,1616.0971187413622,0.9977585548625332,1615.9748995345778,0.9907651672004444
1616.108229577201,1.0019963773379723,1616.108229577201,1.0005461939485873,1616.0985075956676,1.0042234203357288,1615.9762883893484,1.009008663088274
1616.1096184319715,0.9958079225192441,1616.1096184319715,1.0005430178416814,1616.0998964499734,1.007246945111846,1615.9776772441194,0.993457116849956
1616.111007286276,1.0011168412975684,1616.111007286276,1.0005019406265558,1616.1012853047448,1.005170641921018,1615.97906609889,1.0022421926936038
1616.1123961410465,0.9974227378844571,1616.1123961410465,1.0005279403529923,1616.1026741590492,0.9933152850628634,1615.980454953661,0.990296857260408
1616.1137849953518,0.9920926836993497,1616.1137849953518,1.000550346866585,1616.104063013819,0.9901185991015462,1615.9818438084314,1.0061588431745474
1616.1151738496576,1.0048576570167917,1616.1151738496576,1.0004599221891426,1616.1054518681242,1.0110671608511104,1615.9832326632024,0.983563211376119
1616.116562704428,0.9958645065816721,1616.116562704428,1.0004882834484885,1616.1068407228952,1.0014017357166147,1615.984621517507,0.9987006794741607
1616.1179515587326,1.0003845995342544,1616.1179515587326,1.0005905302279967,1616.108229577201,1.0025436616957808,1615.9860103722783,0.99928139467335
1616.1193404135036,0.991423087346912,1616.1193404135036,1.0005898490759049,1616.1096184319715,0.9963486639880598,1615.9873992270489,0.9927120072602652
1616.1207292678084,0.9993995408104597,1616.1207292678084,1.0006069400006352,1616.111007286276,1.001619342512145,1615.9887880818196,1.0042350414356775
1616.1221181221138,1.0130888286106623,1616.1221181221138,1.0006413633806488,1616.1123961410465,0.9979493175967784,1615.9901769365904,0.987813407813484
1616.1235069768843,1.003975024624551,1616.1235069768843,1.000643740570415,1616.1137849953518,0.9926386787991855,1615.9915657908948,0.9860410201721908
1616.1248958311896,0.9911398166309761,1616.1248958311896,1.0006205450784558,1616.1151738496576,1.0053198133501835,1615.9929546456651,0.9939138736496927
1616.1262846859602,0.9921187780219524,1616.1262846859602,1.0005089608882307,1616.116562704428,0.9963507707371732,1615.9943435004368,0.9981382454205052
1616.1276735402653,0.9986913369357262,1616.1276735402653,1.0004462954939533,1616.1179515587326,1.0009753568799018,1615.9957323552078,1.0018304931410364
1616.1290623945704,0.9947726273349579,1616.1290623945704,1.000534631366333,1616.1193404135036,0.9920078773388143,1615.9971212099783,0.9891000198849932
1616.130451249341,1.0046650359920557,1616.130451249341,1.0005966746950583,1616.1207292678084,1.000006116368394,1615.9985100642828,1.0015665378650096
1616.1318401036465,0.9941239130763739,1616.1318401036465,1.0006217020696238,1616.1221181221138,1.0137385866866775,1615.9998989190528,1.0096879877379046
1616.1332289584168,0.9952046465738607,1616.1332289584168,1.0006952839625634,1616.1235069768843,1.0046213240795852,1616.0012877738243,1.0082300493917136
1616.134617812722,1.0066189902950993,1616.134617812722,1.0007237446382673,1616.1248958311896,0.991754863566248,1616.0026766285955,0.996191881078226
1616.136006667027,1.006562153348164,1616.136006667027,1.0006653386672804,1616.1262846859602,0.9926237276764448,1616.0040654833667,0.992424402026448
1616.137395521797,1.0035528964361546,1616.137395521797,1.0006030043055587,1616.1276735402653,0.9991370483792508,1616.005454337671,1.0000188927823728
1616.1387843761024,1.0048893348162942,1616.1387843761024,1.0004791733910114,1616.1290623945704,0.9953044639839006,1616.0068431924408,0.9875478215058852
1616.1401732304082,1.0013605428646262,1616.1401732304082,1.000577899457543,1616.130451249341,1.005264494196042,1616.0082320472122,1.0049654037815738
1616.1415620851787,1.0040369565943608,1616.1415620851787,1.0004833311304466,1616.1318401036465,0.994741961970596,1616.0096209019837,1.0029775160938643
1616.142950939484,1.0086663534069267,1616.142950939484,1.000522967503186,1616.1332289584168,0.995896596404092,1616.011009756289,1.0041139373414756
1616.1443397937885,0.9974275253620178,1616.1443397937885,1.0004875034286322,1616.134617812722,1.0073475253921034,1616.012398611059,1.0096017469435488
1616.145728648558,1.006767507013599,1616.145728648558,1.0003612580002514,1616.136006667027,1.0072318580698074,1616.0137874658292,0.9880253739581616
1616.147117502864,1.0004024572386954,1616.147117502864,1.0003619431439206,1616.137395521797,1.0041580431535615,1616.0151763205995,1.005446558095238
1616.1485063571697,1.0102978551407946,1616.1485063571697,1.0003068069899845,1616.1387843761024,1.0053708510464494,1616.0165651749055,0.995591253701932
1616.1498952119407,0.9977495172127331,1616.1498952119407,1.000237781273209,1616.1401732304082,1.0019392285791526,1616.017954029677,1.0027066968933065
1616.1512840662451,1.0017843106252664,1616.1512840662451,1.0003017161172596,1616.1415620851787,1.0045222389116018,1616.019342884447,1.0093114233237788
1616.1526729205495,0.9909755638514157,1616.1526729205495,1.0003080612433146,1616.142950939484,1.0091938531313156,1616.0207317392171,0.9961523285626112
1616.154061775321,1.0151347809312743,1616.154061775321,1.00028462546357,1616.1443397937885,0.997913774700444,1616.0221205935225,1.0110904030510075
1616.1554506296268,1.0031006214102598,1616.1554506296268,1.0002295730384039,1616.145728648558,1.007131209829901,1616.023509448294,1.000862679782154
1616.1568394839317,0.9968561979322883,1616.1568394839317,1.0002361433245721,1616.147117502864,1.0007645460492542,1616.0248983030651,0.9909761819100386
1616.1582283387015,0.9981386154114349,1616.1582283387015,1.0003577636977103,1616.1485063571697,1.0106078215847183,1616.026287157369,0.9913210091681643
1616.1596171930062,1.0030665856749916,1616.1596171930062,1.0002712362235981,1616.1498952119407,0.9979867633632796,1616.0276760121394,0.9975605204458642
1616.1610060473115,0.9875000934099817,1616.1610060473115,1.0002355911679426,1616.1512840662451,1.0020865650978,1616.0290648669104,1.003341168174714
1616.1623949016173,0.994704508698081,1616.1623949016173,1.0002602439278352,1616.1526729205495,0.9912808450157102,1616.0304537212153,0.9951858064370565
1616.1637837563885,1.006392246412044,1616.1637837563885,1.0003166766742035,1616.154061775321,1.0154237141388829,1616.0318425759867,0.9928155777650708
1616.1651726106927,1.0122027224201549,1616.1651726106927,1.000307747871484,1616.1554506296268,1.0033309062677418,1616.0332314307575,1.005093303840658
1616.1665614649971,0.9895171308639212,1616.1665614649971,1.0002751561243721,1616.1568394839317,0.9970915988689883,1616.034620285062,1.0063960903085871
1616.1679503193025,1.0025006939648384,1616.1679503193025,1.0001858299265336,1616.1582283387015,0.998495713173312,1616.036009139833,1.0023045796512229
1616.169339174074,0.9971774446993662,1616.169339174074,1.000177455008193,1616.1596171930062,1.0033386536677076,1616.0373979946037,0.999371373248391
1616.1707280283797,1.0033663353931432,1616.1707280283797,1.000155151116393,1616.1610060473115,0.9877327397103316,1616.0387868489097,1.0047640393421124
1616.172116882684,1.0045830141291794,1616.172116882684,1.0002427075961027,1616.1623949016173,0.99496337450646,1616.04017570368,1.0063667996999446
1616.1735057374542,1.0082099014314523,1616.1735057374542,1.0001264857696994,1616.1637837563885,1.006710947361582,1616.04156455845,1.00337834210262
1616.174894591759,0.9954927876785699,1616.174894591759,1.0001807643857672,1616.1651726106927,1.0125142256534898,1616.042953412755,0.985815258218802
1616.1762834460644,0.9963754164960004,1616.1762834460644,1.0001766112667814,1616.1665614649971,0.9897894025626496,1616.044342267526,0.9972203824035072
1616.1776723003693,1.009708226959095,1616.1776723003693,1.0002608915585334,1616.1679503193025,1.0026869885951477,1616.0457311222965,0.998695990258392
1616.1804500094452,1.0069620752490203,1616.1804500094452,1.0002456459312181,1616.169339174074,0.9973543988309852,1616.0471199766018,1.006004506812071
1616.18183886375,0.9850075006776026,1616.18183886375,1.000335576010274,1616.1707280283797,1.0035220088002308,1616.0485088313724,0.9937971189730156
1616.1832277180554,0.9919529726356318,1616.1832277180554,1.0003965346797379,1616.172116882684,1.0048268340576243,1616.0498976861434,1.010603064409301
1616.1846165723605,1.0049164422913632,1616.1846165723605,1.000335325871624,1616.1735057374542,1.0083374256368534,1616.0512865404482,0.9890969617007962
1616.1860054271312,0.9966774781474107,1616.1860054271312,1.000335791566923,1616.174894591759,0.9956727373208702,1616.0526753952192,0.9983594540774228
1616.187394281436,1.0127444991286305,1616.187394281436,1.0002251095286778,1616.1762834460644,0.9965513876204976,1616.0540642499898,0.9940738506630212
1616.1887831357417,1.0008345564541847,1616.1887831357417,1.0002443029652042,1616.1776723003693,1.0099716513120902,1616.055453104295,0.9908642523684278
1616.1901719900463,1.0013622072006922,1616.1901719900463,1.0001136535923438,1616.1804500094452,1.007209431385696,1616.0568419590657,0.9969504466783838
1616.1915608443508,1.0009952318579498,1616.1915608443508,1.0001325625031323,1616.18183886375,0.9853380455647698,1616.0582308133708,1.000089978575041
1616.192949698656,1.0069682734285967,1616.192949698656,1.0001163210411776,1616.1832277180554,0.9923463163899509,1616.0596196681415,0.989748286975112
1616.1943385534275,1.0073948388147742,1616.1943385534275,1.000101515076758,1616.1846165723605,1.005253416773284,1616.0610085229116,1.006380459589358
1616.1957274077324,1.00809136728095,1616.1957274077324,0.9999870331346132,1616.1860054271312,0.9970121540395148,1616.0623973772165,1.0023299286002338
1616.1971162620375,1.0041452193086875,1616.1971162620375,0.9998661102880946,1616.187394281436,1.0129724775655005,1616.063786231988,1.0131972880838056
1616.1985051163415,0.9945547534087049,1616.1985051163415,0.9999131299870898,1616.1887831357417,1.0010790633040052,1616.0651750862933,0.9933068580664094
1616.199893970647,0.9898074511946963,1616.199893970647,0.9998231621507642,1616.1901719900463,1.001476015612778,1616.0665639410638,0.9958170156553208
1616.2012828254185,1.0134210369490495,1616.2012828254185,0.999773849536576,1616.1915608443508,1.0011279262915085,1616.0679527953682,0.9959418575302076
1616.2026716797234,0.9841237406097587,1616.2026716797234,0.9997143863661829,1616.192949698656,1.0070854050265947,1616.0693416501392,1.0157674540426274
1616.2040605340287,0.998072450880682,1616.2040605340287,0.9996052185953407,1616.1943385534275,1.007497104579162,1616.070730504911,1.0075954421910085
1616.2054493883331,0.9967466600398854,1616.2054493883331,0.9996161139168739,1616.1957274077324,1.008078295495893,1616.0721193592155,1.0020039941244805
1616.2068382426376,0.9957008804388175,1616.2068382426376,0.9996369540265317,1616.1971162620375,1.004010774594563,1616.0735082139863,1.0103633027682548
1616.2082270969431,1.0048595174774588,1616.2082270969431,0.9996812602676486,1616.1985051163415,0.9944683564244364,1616.0748970682907,1.0070321926215666
1616.2096159512491,1.000334963032752,1616.2096159512491,0.9996828806588469,1616.199893970647,0.9896324157738694,1616.0762859230606,1.000024533433225
1616.2110048060197,0.9971400943047013,1616.2110048060197,0.9996372410865811,1616.2012828254185,1.0131918513118998,1616.0776747773664,1.0140046487118182
1616.212393660324,1.0014801137504379,1616.212393660324,0.999525915034271,1616.2026716797234,0.9838426614520775,1616.0790636321378,0.9904544556860276
1616.2137825146283,0.9861732099781405,1616.2137825146283,0.9994138219776952,1616.2040605340287,0.9976784304365716,1616.0804524864432,0.99918441625448
1616.2151713689343,0.9969221166186082,1616.2151713689343,0.999482175590616,1616.2054493883331,0.9963640228686936,1616.0818413412132,0.993902660307637
1616.21656022324,1.0031131003830138,1616.21656022324,0.9994134266325204,1616.2068382426376,0.9953393952433954,1616.0832301955177,1.013031602459976
1616.217949077545,1.0035536746994758,1616.217949077545,0.9994707793196999,1616.2082270969431,1.0045392288238073,1616.0846190502891,1.0137494602304893
1616.2193379318494,1.0042066976766963,1616.2193379318494,0.9995002249812774,1616.2096159512491,1.0000177374683428,1616.0860079050606,1.0112482733152226
1616.2207267861538,1.0057276470235526,1616.2207267861538,0.999417854130665,1616.2110048060197,0.996778372847565,1616.0873967593654,1.0047671654859585
1616.2221156404592,0.9966239745738045,1616.2221156404592,0.9993114127296925,1616.212393660324,1.0010053270850323,1616.0887856141355,0.996825876642092
1616.223504494765,1.0092605556797334,1616.223504494765,0.999258865291371,1616.2137825146283,0.9855951369162655,1616.09017446844,0.999662512383947
1616.2248933495364,1.0150638903201554,1616.2248933495364,0.9992814585565423,1616.2151713689343,0.9964058860123683,1616.091563323211,0.9977787388782337
1616.2262822038408,0.9959516425052819,1616.2262822038408,0.9991744151606798,1616.21656022324,1.0025247009537592,1616.0929521775167,0.9979001827706796
1616.2276710581452,0.999088118668964,1616.2276710581452,0.999138368185533,1616.217949077545,1.0030225733410336,1616.094341032288,1.0074232324408918
1616.22905991245,1.0000459569264337,1616.22905991245,0.9991211700059222,1616.2193379318494,1.0037048202555636,1616.0957298865922,1.0033525174360671
1616.230448766756,1.004998903918996,1616.230448766756,0.9991268060369256,1616.2207267861538,1.0051421668281617,1616.0971187413622,0.9977585548625332
1616.2318376210617,0.9933153749241073,1616.2318376210617,0.9990649229383725,1616.2221156404592,0.9959377119916296,1616.0985075956676,1.0042234203357288
1616.233226475366,0.9986677568174968,1616.233226475366,0.999010714843646,1616.223504494765,1.008512557651869,1616.0998964499734,1.007246945111846
1616.2346153296703,0.9968068019186593,1616.2346153296703,0.9989112538479417,1616.2248933495364,1.0143345248472029,1616.1012853047448,1.005170641921018
1616.2360041839754,0.9947399417273002,1616.2360041839754,0.9988669105616346,1616.2262822038408,0.9951293999285336,1616.1026741590492,0.9933152850628634
1616.2373930382807,1.003456049097625,1616.2373930382807,0.9988566953687643,1616.2276710581452,0.9982272725604628,1616.104063013819,0.9901185991015462
1616.2387818925863,0.9971765442884882,1616.2387818925863,0.9989204753140383,1616.22905991245,0.9991670865440304,1616.1054518681242,1.0110671608511104
1616.2401707468914,0.9942562499545226,1616.2401707468914,0.9990019249200451,1616.230448766756,1.0041213449431974,1616.1068407228952,1.0014017357166147
1616.2415596011958,0.9976337699509978,1616.2415596011958,0.9989044235784337,1616.2318376210617,0.9923865485020538,1616.108229577201,1.0025436616957808
1616.2429484555012,1.0070211219550873,1616.2429484555012,0.9988604951756915,1616.233226475366,0.9976797896295478,1616.1096184319715,0.9963486639880598
1616.244337309806,0.9948921272040584,1616.244337309806,0.9988878257436777,1616.2346153296703,0.9957215323487248,1616.111007286276,1.001619342512145
1616.2457261641118,1.0010537580049736,1616.2457261641118,0.9989757963506772,1616.2360041839754,0.9936128124054088,1616.1123961410465,0.9979493175967784
1616.2471150184172,1.0070801823062911,1616.2471150184172,0.9990179938005955,1616.2373930382807,1.00230879314945,1616.1137849953518,0.9926386787991855
1616.2485038727216,0.9924916203055442,1616.2485038727216,0.9989994549528785,1616.2387818925863,0.9961000675926668,1616.1151738496576,1.0053198133501835
1616.2498927270265,0.9807923397002062,1616.2498927270265,0.998905161170757,1616.2401707468914,0.9932639075683536,1616.116562704428,0.9963507707371732
1616.251281581331,0.9957935690321587,1616.251281581331,0.9990207283045774,1616.2415596011958,0.9965407859152812,1616.1179515587326,1.0009753568799018
1616.252670435637,1.0010682450046535,1616.252670435637,0.9990445692517836,1616.2429484555012,1.005873616528439,1616.1193404135036,0.9920078773388143
1616.2540592899416,1.0170752570754182,1616.2540592899416,0.9990952201922582,1616.244337309806,0.9937856337923644,1616.1207292678084,1.000006116368394
1616.2554481442469,1.0014814606580253,1616.2554481442469,0.9991453061450586,1616.2457261641118,1.0000284750928568,1616.1221181221138,1.0137385866866775
1616.2568369985518,1.0035035564773167,1616.2568369985518,0.9991468008738921,1616.2471150184172,1.006091223323969,1616.1235069768843,1.0046213240795852
1616.258225852857,1.0027065159353556,1616.258225852857,0.9991735140187399,1616.2485038727216,0.9914985877305378,1616.1248958311896,0.991754863566248
1616.259614707162,1.012431478115397,1616.259614707162,0.9991546655844905,1616.2498927270265,0.9797185301632784,1616.1262846859602,0.9926237276764448
1616.2610035614673,0.997411302872201,1616.2610035614673,0.9991197287259911,1616.251281581331,0.9948184165755216,1616.1276735402653,0.9991370483792508
1616.2623924157722,0.9987010679428193,1616.2623924157722,0.9990374798083063,1616.252670435637,1.0001117936223132,1616.1290623945704,0.9953044639839006
1616.2637812700775,0.9881081127969206,1616.2637812700775,0.9989347410739026,1616.2540592899416,1.0161550279198626,1616.130451249341,1.005264494196042
1616.2651701243824,1.0055266804356824,1616.2651701243824,0.9989377509957623,1616.2554481442469,1.0006255006077631,1616.1318401036465,0.994741961970596
1616.2665589786875,0.9955354441854688,1616.2665589786875,0.9988391099986974,1616.2568369985518,1.002647368119884,1616.1332289584168,0.995896596404092
1616.2679478329917,1.0015596744777158,1616.2679478329917,0.9988255177113426,1616.258225852857,1.001877793056617,1616.134617812722,1.0073475253921034
1616.269336687297,0.9993696611523495,1616.269336687297,0.9988103771428176,1616.259614707162,1.011575634943601,1616.136006667027,1.0072318580698074
1616.2707255416028,0.9877727415989954,1616.2707255416028,0.998753904857721,1616.2610035614673,0.9965333103539108,1616.137395521797,1.0041580431535615
1616.2721143959077,0.9976103372555987,1616.2721143959077,0.9986252867986911,1616.2623924157722,0.9977397979994582,1616.1387843761024,1.0053708510464494
1616.273503250213,1.0029501228717992,1616.273503250213,0.998641896813511,1616.2637812700775,0.9870555218098144,1616.1401732304082,1.0019392285791526
1616.2748921045174,0.9895707874074009,1616.2748921045174,0.9986015418183334,1616.2651701243824,1.004458560720655,1616.1415620851787,1.0045222389116018
1616.2762809588223,1.001615989006995,1616.2762809588223,0.9986719953169221,1616.2665589786875,0.9943797370423716,1616.142950939484,1.0091938531313156
1616.277669813128,0.9944194456747233,1616.277669813128,0.9986807927938581,1616.2679478329917,1.0003833603790082,1616.1443397937885,0.997913774700444
1616.2790586669678,0.9956058302576714,1616.2790586669678,0.998690065071777,1616.269336687297,0.998180788160668,1616.145728648558,1.007131209829901
1616.280447521273,0.9989498351525943,1616.280447521273,0.9985702429338833,1616.2707255416028,0.9865418827840132,1616.147117502864,1.0007645460492542
1616.281836375577,0.997737606721988,1616.281836375577,0.9984851668305135,1616.2721143959077,0.9962389091552112,1616.1485063571697,1.0106078215847183
1616.2832252298815,1.0103856268373275,1616.2832252298815,0.9985701305713822,1616.273503250213,1.0015880131140376,1616.1498952119407,0.9979867633632796
1616.2846140841873,0.9969688243687026,1616.2846140841873,0.9985894748118486,1616.2748921045174,0.9881869140434127,1616.1512840662451,1.0020865650978
1616.286002938493,1.003438409449821,1616.286002938493,0.9985520781981859,1616.2762809588223,1.0002858382829478,1616.1526729205495,0.9912808450157102
1616.287391792798,1.0065986743389983,1616.287391792798,0.9986008405182975,1616.277669813128,0.9931076003760616,1616.154061775321,1.0154237141388829
1616.2887806471024,1.0068799548364904,1616.2887806471024,0.998659754255237,1616.2790586669678,0.9943016514058745,1616.1554506296268,1.0033309062677418
1616.2901695014068,1.0051344992256572,1616.2901695014068,0.9985370567217421,1616.280447521273,0.9975215795670888,1616.1568394839317,0.9970915988689883
1616.291558355712,1.003991358005869,1616.291558355712,0.9985426257921921,1616.281836375577,0.9962262007008814,1616.1582283387015,0.998495713173312
1616.2929472095525,0.9933229691445546,1616.2929472095525,0.9985504556265132,1616.2832252298815,1.008940907318398,1616.1596171930062,1.0033386536677076
1616.294336063858,0.992521308730494,1616.294336063858,0.9985513474397807,1616.2846140841873,0.9955625747301288,1616.1610060473115,0.9877327397103316
1616.2957249181625,0.9953262960551578,1616.2957249181625,0.9986109880091962,1616.286002938493,1.001985509100001,1616.1623949016173,0.99496337450646
1616.297113772467,1.0108838670145703,1616.297113772467,0.9985692613862278,1616.287391792798,1.0051902822595278,1616.1637837563885,1.006710947361582
1616.2985026267718,0.9920589789867054,1616.2985026267718,0.9985830747989815,1616.2887806471024,1.0055304882615337,1616.1651726106927,1.0125142256534898
1616.2998914810776,1.002420910363762,1616.2998914810776,0.9985026842695193,1616.2901695014068,1.00366404446627,1616.1665614649971,0.9897894025626496
1616.3012803353834,1.0147112941277,1616.3012803353834,0.9986021769677649,1616.291558355712,1.0025281668958492,1616.1679503193025,1.0026869885951477
1616.302669189222,1.003782903601062,1616.302669189222,0.998676330510945,1616.2929472095525,0.991883103423576,1616.169339174074,0.9973543988309852
1616.3040580435263,0.9922344844318471,1616.3040580435263,0.9986130168482263,1616.294336063858,0.9910834901955294,1616.1707280283797,1.0035220088002308
1616.3054468978314,0.9994097739331389,1616.3054468978314,0.9986693767401432,1616.2957249181625,0.9939437758951748,1616.172116882684,1.0048268340576243
1616.3068357521367,1.0046576500248043,1616.3068357521367,0.9986208268927143,1616.297113772467,1.0094375564319933,1616.1735057374542,1.0083374256368534
1616.3082246064423,1.0050016311870875,1616.3082246064423,0.998619300726197,1616.2985026267718,0.9906533056184824,1616.174894591759,0.9956727373208702
1616.3096134602818,0.9909079101396221,1616.3096134602818,0.9986755616322829,1616.2998914810776,1.0009199697661115,1616.1762834460644,0.9965513876204976
1616.3110023145862,0.9918830722557083,1616.3110023145862,0.9986872004375873,1616.3012803353834,1.013292907309699,1616.1776723003693,1.0099716513120902
1616.3123911688915,0.9890167246506548,1616.3123911688915,0.9987317842635767,1616.302669189222,1.0024542267979302,1616.1790611546746,1.023227928371074
1616.3137800231964,1.0059482847837997,1616.3137800231964,0.9986173138770691,1616.3040580435263,0.9908582719193314,1616.1804500094452,1.007209431385696
1616.3151688775022,0.9920788154410148,1616.3151688775022,0.9985813983986028,1616.3054468978314,0.9980799360418152,1616.18183886375,0.9853380455647698
1616.3165577318075,0.9984671247070327,1616.3165577318075,0.9985152977709935,1616.3068357521367,1.0032720532118613,1616.1832277180554,0.9923463163899509
1616.3179465856465,0.9931701436846112,1616.3179465856465,0.9984375174156054,1616.3082246064423,1.0036140261647366,1616.1846165723605,1.005253416773284
1616.3193354399511,0.9940544934733777,1616.3193354399511,0.9983869583859648,1616.3096134602818,0.9895955136845588,1616.1860054271312,0.9970121540395148
1616.320724294256,0.9941569927221519,1616.320724294256,0.9983113666492054,1616.3110023145862,0.9905809285924864,1616.187394281436,1.0129724775655005
1616.3221131485614,0.9883829033206623,1616.3221131485614,0.9982691506660946,1616.3123911688915,0.987762438076867,1616.1887831357417,1.0010790633040052
1616.3235020024006,1.0104174649713156,1616.3235020024006,0.9981937616922212,1616.3137800231964,1.004557374050043,1616.1901719900463,1.001476015612778
1616.324890856706,0.999473393349874,1616.324890856706,0.9982887456915828,1616.3151688775022,0.990671450844718,1616.1915608443508,1.0011279262915085
1616.3262797110108,1.0025438150754833,1616.3262797110108,0.9983976962847221,1616.3165577318075,0.9969846983413904,1616.192949698656,1.0070854050265947
1616.327668565316,0.9875902479018522,1616.327668565316,0.9984039861535764,1616.3179465856465,0.9916183326317632,1616.1943385534275,1.007497104579162
1616.329057419155,0.994721151467893,1616.329057419155,0.9985246380214244,1616.3193354399511,0.9924510422087864,1616.1957274077324,1.008078295495893
1616.330446273461,0.9859900980141975,1616.330446273461,0.9984653302678128,1616.320724294256,0.9924782260683156,1616.1971162620375,1.004010774594563
1616.3318351277655,1.002942917294006,1616.3318351277655,0.9984680839004086,1616.3221131485614,0.9866721614308062,1616.1985051163415,0.9944683564244364
1616.3332239820709,1.0006014613161456,1616.3332239820709,0.9985427158508391,1616.3235020024006,1.0085924102392356,1616.199893970647,0.9896324157738694
1616.33461283591,1.0094654549979838,1616.33461283591,0.9984917412329393,1616.324890856706,0.9977630401993556,1616.2012828254185,1.0131918513118998
1616.3360016902152,1.002311868724858,1616.3360016902152,0.9984102081129881,1616.3262797110108,1.0009374353958589,1616.2026716797234,0.9838426614520775
1616.3373905445194,0.995704861685479,1616.3373905445194,0.9984858321799366,1616.327668565316,0.986014040191608,1616.2040605340287,0.9976784304365716
1616.3387793988247,0.9894163692162232,1616.3387793988247,0.9985151358923126,1616.329057419155,0.9932535777017324,1616.2054493883331,0.9963640228686936
1616.3401682526649,1.0054975631023495,1616.3401682526649,0.9986240068081753,1616.330446273461,0.9844769288545387,1616.2068382426376,0.9953393952433954
1616.3415571069695,0.987408889582909,1616.3415571069695,0.998675186244317,1616.3318351277655,1.0014064928920323,1616.2082270969431,1.0045392288238073
1616.342945961275,1.0048403922311286,1616.342945961275,0.9985903063066042,1616.3332239820709,0.9991433006669423,1616.2096159512491,1.0000177374683428
1616.3443348155795,1.0023432276955506,1616.3443348155795,0.9986150544920243,1616.33461283591,1.0079429198754382,1616.2110048060197,0.996778372847565
1616.3457236694187,0.9982711285113212,1616.3457236694187,0.9986112001301527,1616.3360016902152,1.0007184014477035,1616.212393660324,1.0010053270850323
1616.3471125237245,0.9875632206555897,1616.3471125237245,0.9985427223670984,1616.3373905445194,0.9941971974256342,1616.2137825146283,0.9855951369162655
1616.3485013780298,0.9881627381397966,1616.3485013780298,0.998634273095316,1616.3387793988247,0.9879472203620157,1616.2151713689343,0.9964058860123683
1616.349890231869,1.0108414549562108,1616.349890231869,0.9985505163838785,1616.3401682526649,1.0041140053011244,1616.21656022324,1.0025247009537592
1616.3512790861737,0.9954925277162351,1616.3512790861737,0.9985487529454115,1616.3415571069695,0.9861007567035058,1616.217949077545,1.0030225733410336
1616.352667940478,1.0019990011649063,1616.352667940478,0.9986036020966375,1616.342945961275,1.003423875067331,1616.2193379318494,1.0037048202555636
1616.354056794318,0.9884038500351771,1616.354056794318,0.9985720464571037,1616.3443348155795,1.0009550369449038,1616.2207267861538,1.0051421668281617
1616.3554456486238,0.9931181360310757,1616.3554456486238,0.9984976047207137,1616.3457236694187,0.9968847296979724,1616.2221156404592,0.9959377119916296
1616.356834502929,1.0010893284585876,1616.356834502929,0.9985034565214964,1616.3471125237245,0.986124066863052,1616.223504494765,1.008512557651869
1616.3582233567674,0.99687299618912,1616.3582233567674,0.9985666427595579,1616.3485013780298,0.986813177702113,1616.2248933495364,1.0143345248472029
1616.359612211072,0.9903960897059,1616.359612211072,0.9985200899724844,1616.349890231869,1.0093762568287554,1616.2262822038408,0.9951293999285336
1616.3610010653776,0.9874232011031593,1616.3610010653776,0.9985760565822897,1616.3512790861737,0.994047822117522,1616.2276710581452,0.9982272725604628
1616.3623899192178,1.0018782768742938,1616.3623899192178,0.9985825015729342,1616.352667940478,1.0005998118605082,1616.22905991245,0.9991670865440304
1616.363778773523,1.0069493068217859,1616.363778773523,0.9985138988933507,1616.354056794318,0.986992455255707,1616.230448766756,1.0041213449431974
1616.3651676278275,1.0032602420636743,1616.3651676278275,0.9985907481373875,1616.3554456486238,0.991626080031729,1616.2318376210617,0.9923865485020538
1616.3665564816663,0.995263433688282,1616.3665564816663,0.9986523477945309,1616.356834502929,0.9995911547526832,1616.233226475366,0.9976797896295478
1616.3679453359712,0.9871244482946988,1616.3679453359712,0.9986461950793193,1616.3582233567674,0.995444121062231,1616.2346153296703,0.9957215323487248
1616.3693341898113,1.0061824801966894,1616.3693341898113,0.9986049313733748,1616.359612211072,0.988930392601532,1616.2360041839754,0.9936128124054088
1616.370723044117,1.003451070897719,1616.370723044117,0.9985909502659178,1616.3610010653776,0.986017166335454,1616.2373930382807,1.00230879314945
1616.3721118984215,1.0165250134781598,1616.3721118984215,0.9985257033658078,1616.3623899192178,1.000458115992713,1616.2387818925863,0.9961000675926668
1616.3735007522605,1.0050691087639654,1616.3735007522605,0.9984003886335124,1616.363778773523,1.0054528783425782,1616.2401707468914,0.9932639075683536
1616.3748896065651,0.9951570992852938,1616.3748896065651,0.9985409362222036,1616.3651676278275,1.001846395698861,1616.2415596011958,0.9965407859152812
1616.376278460871,1.0075340007818403,1616.376278460871,0.99857974770294,1616.3665564816663,0.9939221647268492,1616.2429484555012,1.005873616528439
1616.377667314711,0.9968171639648118,1616.377667314711,0.9985543281524965,1616.3679453359712,0.9857880743592732,1616.244337309806,0.9937856337923644
1616.3790561690157,1.007827562553489,1616.3790561690157,0.9986170703287038,1616.3693341898113,1.004778786585907,1616.2457261641118,1.0000284750928568
1616.3804450228542,1.0014044751493805,1616.3804450228542,0.9986019058163303,1616.370723044117,1.002037158433106,1616.2471150184172,1.006091223323969
1616.3818338771596,1.006931163967768,1616.3818338771596,0.9985832513845192,1616.3721118984215,1.0150263540722169,1616.2485038727216,0.9914985877305378
1616.3832227314645,0.9989817404327619,1616.3832227314645,0.9985889643124624,1616.3735007522605,1.0034613887934811,1616.2498927270265,0.9797185301632784
1616.3846115853046,0.9951577936354296,1616.3846115853046,0.9985961009971304,1616.3748896065651,0.9937051016085098,1616.251281581331,0.9948184165755216
1616.38600043961,1.0033531358333143,1616.38600043961,0.9985664342130718,1616.376278460871,1.006103048302864,1616.252670435637,1.0001117936223132
1616.387389293449,0.9990145385482937,1616.387389293449,0.9986080165038451,1616.377667314711,0.9953760934537595,1616.2540592899416,1.0161550279198626
1616.3887781477536,0.9855164898387564,1616.3887781477536,0.9985507191506086,1616.3790561690157,1.0064338079136836,1616.2554481442469,1.0006255006077631
1616.3901670015928,1.0159062291875234,1616.3901670015928,0.9986387400764366,1616.3804450228542,1.0000044173771734,1616.2568369985518,1.002647368119884
1616.3915558558986,0.9902189775081673,1616.3915558558986,0.9986042507618939,1616.3818338771596,1.0055045956353323,1616.258225852857,1.001877793056617
1616.3929447097382,1.0037965121283938,1616.3929447097382,0.9986867581239297,1616.3832227314645,0.9975721415458128,1616.259614707162,1.011575634943601
1616.3943335640429,1.0063370058660894,1616.3943335640429,0.9987322547295397,1616.3846115853046,0.9937606926012468,1616.2610035614673,0.9965333103539108
1616.3957224183475,0.9851865692988577,1616.3957224183475,0.9987947493271384,1616.38600043961,1.0019147631055765,1616.2623924157722,0.9977397979994582
1616.3971112721872,0.9922322240610155,1616.3971112721872,0.9989225454171501,1616.387389293449,0.9976239267982157,1616.2637812700775,0.9870555218098144
1616.3985001264916,1.003740623401287,1616.3985001264916,0.9989131209518589,1616.3887781477536,0.9840881996632737,1616.2651701243824,1.004458560720655
1616.3998889803308,1.002906454932327,1616.3998889803308,0.9988837882526018,1616.3901670015928,1.014523316751632,1616.2665589786875,0.9943797370423716
1616.4012778346366,1.0074359546653848,1616.4012778346366,0.9989402206182715,1616.3915558558986,0.988836880124752,1616.2679478329917,1.0003833603790082
1616.4026666884763,1.004188521519672,1616.4026666884763,0.9989554534423691,1616.3929447097382,1.0024782845136135,1616.269336687297,0.998180788160668
1616.4040555427812,0.9938134951537652,1616.4040555427812,0.9989755608981369,1616.3943335640429,1.0050612268864136,1616.2707255416028,0.9865418827840132
1616.40544439662,0.9909748591183907,1616.40544439662,0.9990572135255541,1616.3957224183475,0.983999172523316,1616.2721143959077,0.9962389091552112
1616.4068332509248,0.9949754482363836,1616.4068332509248,0.9991435055908375,1616.3971112721872,0.9911631389039496,1616.273503250213,1.0015880131140376
1616.408222104765,1.0103389252630381,1616.408222104765,0.9991313301985497,1616.3985001264916,1.002649678747944,1616.2748921045174,0.9881869140434127
1616.4096109590705,1.0006762415199806,1616.4096109590705,0.9990493686376318,1616.3998889803308,1.0017869989657902,1616.2762809588223,1.0002858382829478
1616.4109998129095,1.0000760351955584,1616.4109998129095,0.9991433094973974,1616.4012778346366,1.0063682948122186,1616.277669813128,0.9931076003760616
1616.412388667214,0.9972014629045516,1616.412388667214,0.9990545085559388,1616.4026666884763,1.0031395998563062,1616.2790586669678,0.9943016514058745
1616.413777521053,1.003340733859435,1616.413777521053,0.9990117966056041,1616.4040555427812,0.9927953937493704,1616.280447521273,0.9975215795670888
1616.4151663753585,0.9894453012098243,1616.4151663753585,0.9989156981959347,1616.40544439662,0.990040581424698,1616.281836375577,0.9962262007008814
1616.4165552291986,1.0108263930817745,1616.4165552291986,0.9988740564026979,1616.4068332509248,0.9941232573277152,1616.2832252298815,1.008940907318398
1616.417944083504,0.9927898009241578,1616.417944083504,0.9987754608048486,1616.408222104765,1.0094612743494324,1616.2846140841873,0.9955625747301288
1616.4193329373427,1.0039899498529834,1616.4193329373427,0.9988114677992436,1616.4096109590705,0.999724967301215,1616.286002938493,1.001985509100001
1616.420721791647,1.0077118496804318,1616.420721791647,0.9988006621078884,1616.4109998129095,0.999219279554326,1616.287391792798,1.0051902822595278
1616.4221106454872,0.9986556947963564,1616.4221106454872,0.998791815616534,1616.412388667214,0.99625861745337,1616.2887806471024,1.0055304882615337
1616.4234994997928,1.0092265725945573,1616.4234994997928,0.9986943462063315,1616.413777521053,1.0023492291404994,1616.2901695014068,1.00366404446627
1616.4248883536322,0.9989705290898419,1616.4248883536322,0.9987828310730567,1616.4151663753585,0.9883724438846986,1616.291558355712,1.0025281668958492
1616.426277207471,1.0094359547799128,1616.426277207471,0.9987152197701782,1616.4165552291986,1.0096882595765,1616.2929472095525,0.991883103423576
1616.4276660617754,1.0107103583308785,1616.4276660617754,0.9987174881833905,1616.417944083504,0.9915740909003796,1616.294336063858,0.9910834901955294
1616.4290549156146,0.9989923710173574,1616.4290549156146,0.9987048704652098,1616.4193329373427,1.0027966754683473,1616.2957249181625,0.9939437758951748
1616.4304437699204,1.010597041054358,1616.4304437699204,0.9988282629705189,1616.420721791647,1.0065032626747803,1616.297113772467,1.0094375564319933
1616.4318326237606,1.0012491210678218,1616.4318326237606,0.9988632090685586,1616.4221106454872,0.997449134581444,1616.2985026267718,0.9906533056184824
1616.433221478065,0.9887910274025736,1616.433221478065,0.998778028315682,1616.4234994997928,1.007908872091378,1616.2998914810776,1.0009199697661115
1616.4346103319035,0.9997487961777082,1616.4346103319035,0.9987886797299431,1616.4248883536322,0.9977546132029016,1616.3012803353834,1.013292907309699
1616.4359991857434,1.0134873545502185,1616.4359991857434,0.9988120346856096,1616.426277207471,1.0081390514219402,1616.302669189222,1.0024542267979302
1616.4373880400492,1.0031423816479874,1616.4373880400492,0.9988104391344776,1616.4276660617754,1.0094141103531495,1616.3040580435263,0.9908582719193314
1616.438776893889,0.9936337503692952,1616.438776893889,0.9988491097425366,1616.4290549156146,0.9976985464926228,1616.3054468978314,0.9980799360418152
1616.4401657481935,0.9975037606488983,1616.4401657481935,0.99887389743327,1616.4304437699204,1.0094128870794707,1616.3068357521367,1.0032720532118613
1616.441554602032,0.9959113190636879,1616.441554602032,0.9990101547570032,1616.4318326237606,1.0001109101468784,1616.3082246064423,1.0036140261647366
1616.4429434558715,0.9932872365280112,1616.4429434558715,0.9989775285992133,1616.433221478065,0.98758275276538,1616.3096134602818,0.9895955136845588
1616.4443323101766,1.0007768274295823,1616.4443323101766,0.9990317348584683,1616.4346103319035,0.9985377801959332,1616.3110023145862,0.9905809285924864
1616.4457211640167,0.9981642627830009,1616.4457211640167,0.9990284434718276,1616.4359991857434,1.0122833667264397,1616.3123911688915,0.987762438076867
1616.447110018322,1.0018835736778005,1616.447110018322,0.9990163658288236,1616.4373880400492,1.001949082728232,1616.3137800231964,1.004557374050043
1616.4484988721608,0.9964489555772759,1616.4484988721608,0.9990519431822884,1616.438776893889,0.9924901869665084,1616.3151688775022,0.990671450844718
1616.449887726,1.0070167544754436,1616.449887726,0.9989105153813224,1616.4401657481935,0.9963804691037088,1616.3165577318075,0.9969846983413904
1616.4512765803054,1.0044583722459048,1616.4512765803054,0.998957645450636,1616.441554602032,0.994925520982066,1616.3179465856465,0.9916183326317632
1616.4526654341446,1.008252009545986,1616.4526654341446,0.9989863780314637,1616.4429434558715,0.9922716287358948,1616.3193354399511,0.9924510422087864
1616.4540542879845,1.0129075216459549,1616.4540542879845,0.9989992179889048,1616.4443323101766,0.9998078101131296,1616.320724294256,0.9924782260683156
1616.4554431422891,0.9874621901079429,1616.4554431422891,0.9990247181586428,1616.4457211640167,0.9971944897773056,1616.3221131485614,0.9866721614308062
1616.4568319961288,0.99762497017933,1616.4568319961288,0.9990376243839143,1616.447110018322,1.0008980867591906,1616.3235020024006,1.0085924102392356
1616.458220849968,1.0041922590272645,1616.458220849968,0.9990352475279487,1616.4484988721608,0.9955042653514392,1616.324890856706,0.9977630401993556
1616.459609704273,0.9995481969822684,1616.459609704273,0.9989753924438165,1616.449887726,1.005919625210692,1616.3262797110108,1.0009374353958589
1616.4609985581126,0.9910193669327872,1616.4609985581126,0.9989783312741517,1616.4512765803054,1.0034113704919476,1616.327668565316,0.986014040191608
1616.4623874119518,1.0063850317543308,1616.4623874119518,0.9990364849363745,1616.4526654341446,1.0072300231592892,1616.329057419155,0.9932535777017324
1616.4637762662571,1.0151153096440286,1616.4637762662571,0.9990975483780726,1616.4540542879845,1.0118938220193885,1616.330446273461,0.9844769288545387
1616.4651651200963,1.0041922813553164,1616.4651651200963,0.9991253696563509,1616.4554431422891,0.9864991361649038,1616.3318351277655,1.0014064928920323
1616.466553973936,1.0031533586959338,1616.466553973936,0.9990888528661572,1616.4568319961288,0.9966648802340312,1616.3332239820709,0.9991433006669423
1616.4679428282404,0.9932587738924615,1616.4679428282404,0.9992250335358562,1616.458220849968,1.0032234620629532,1616.33461283591,1.0079429198754382
1616.4693316820797,1.0085477716467652,1616.4693316820797,0.9992595100611861,1616.459609704273,0.9985240523468708,1616.3360016902152,1.0007184014477035
1616.4707205359198,1.0038270395323439,1616.4707205359198,0.9992076049690917,1616.4609985581126,0.990006873438882,1616.3373905445194,0.9941971974256342
1616.4721093902251,0.9980425868795723,1616.4721093902251,0.9991966108541267,1616.4623874119518,1.0054153646164283,1616.3387793988247,0.9879472203620157
1616.4734982440643,1.0082809367931118,1616.4734982440643,0.999317237049832,1616.4637762662571,1.0141992171863972,1616.3401682526649,1.0041140053011244
1616.474887097903,0.9976399791246675,1616.474887097903,0.9993426241187298,1616.4651651200963,1.0033139843151848,1616.3415571069695,0.9861007567035058
1616.4762759517423,1.015418829167045,1616.4762759517423,0.999212855297025,1616.466553973936,1.0022393383883532,1616.342945961275,1.003423875067331
1616.477664806048,1.0016625347787402,1616.477664806048,0.9992573783883002,1616.4679428282404,0.9924890316524784,1616.3443348155795,1.0009550369449038
1616.4790536598878,0.9956408287348638,1616.4790536598878,0.9991959659253441,1616.4693316820797,1.0078009521690476,1616.3457236694187,0.9968847296979724
1616.480442513727,0.9887358784171711,1616.480442513727,0.9992992719638891,1616.4707205359198,1.003031611974327,1616.3471125237245,0.986124066863052
1616.4818313680314,1.0057473786848052,1616.4818313680314,0.9992991195638132,1616.4721093902251,0.997240770298154,1616.3485013780298,0.986813177702113
1616.4832202218702,1.0003735772241555,1616.4832202218702,0.99923471741358,1616.4734982440643,1.0075925199261089,1616.349890231869,1.0093762568287554
1616.4846090757103,0.992758371768678,1616.4846090757103,0.9992514927607026,1616.474887097903,0.9969841546642,1616.3512790861737,0.994047822117522
1616.4859979295504,1.0028868454813908,1616.4859979295504,0.9992588095045553,1616.4762759517423,1.014619547614365,1616.352667940478,1.0005998118605082
1616.4873867838558,0.9949768635844038,1616.4873867838558,0.9993435774071076,1616.477664806048,1.0009186785327835,1616.354056794318,0.986992455255707
1616.4887756376943,0.9951495038196732,1616.4887756376943,0.99937194087631,1616.4790536598878,0.9948402995824424,1616.3554456486238,0.991626080031729
1616.4901644915333,1.0161841345163987,1616.4901644915333,0.9992519578754469,1616.480442513727,0.9880430434668556,1616.356834502929,0.9995911547526832
1616.4915533453734,1.0011366148634193,1616.4915533453734,0.9992881944343704,1616.4818313680314,1.005042470023339,1616.3582233567674,0.995444121062231
1616.492942199679,0.9964476420715059,1616.492942199679,0.9993887453973574,1616.4832202218702,0.9996080087455912,1616.359612211072,0.988930392601532
1616.4943310535184,1.0215768564275192,1616.4943310535184,0.9993923598082411,1616.4846090757103,0.992015284940536,1616.3610010653776,0.986017166335454
1616.4957199073572,0.9922655459327338,1616.4957199073572,0.9994257512383684,1616.4859979295504,1.0021435152835134,1616.3623899192178,1.000458115992713
1616.497108761196,0.9926349496044391,1616.497108761196,0.9994616597926119,1616.4873867838558,0.9943237382917418,1616.363778773523,1.0054528783425782
1616.4984976150351,0.9928228406956966,1616.4984976150351,0.9993830605643494,1616.4887756376943,0.9945244910943636,1616.3651676278275,1.001846395698861
1616.499886469341,1.012000828843071,1616.499886469341,0.9992988098333833,1616.4901644915333,1.0154239859774778,1616.3665564816663,0.9939221647268492
1616.501275323181,0.9995772356090672,1616.501275323181,0.9993775536824984,1616.4915533453734,1.000424000249004,1616.3679453359712,0.9857880743592732
1616.5026641770198,0.989776942192026,1616.5026641770198,0.999270700696153,1616.492942199679,0.9958385588639974,1616.3693341898113,1.004778786585907
1616.5040530308586,1.0118737797760209,1616.5040530308586,0.9993851916209402,1616.4943310535184,1.0209561052705831,1616.370723044117,1.002037158433106
1616.5054418846985,1.0042484920825951,1616.5054418846985,0.9992992602871134,1616.4957199073572,0.9916957386717722,1616.3721118984215,1.0150263540722169
1616.5082195928442,1.004140186308605,1616.5082195928442,0.9992416353631456,1616.497108761196,0.9921005742998084,1616.3735007522605,1.0034613887934811
1616.5096084466827,1.0034099077588101,1616.5096084466827,0.9993348041662115,1616.4984976150351,0.9922103291326568,1616.3748896065651,0.9937051016085098
1616.5109973005212,1.004563912505026,1616.5109973005212,0.9994278621084893,1616.499886469341,1.0112912238132783,1616.376278460871,1.006103048302864
1616.512386154361,1.0012857936853767,1616.512386154361,0.9994227482837224,1616.501275323181,0.9989550524397038,1616.377667314711,0.9953760934537595
1616.5137750086658,0.989440862944976,1616.5137750086658,0.999377895149093,1616.5026641770198,0.9890550985571216,1616.3790561690157,1.0064338079136836
1616.515163862506,1.0007851411323487,1616.515163862506,0.9995139910694776,1616.5040530308586,1.0112516712976636,1616.3804450228542,1.0000044173771734
1616.5165527163456,1.0007554613494904,1616.5165527163456,0.9994035391143582,1616.5054418846985,1.0035447752825863,1616.3818338771596,1.0055045956353323
1616.5179415701843,1.0041586894685335,1616.5179415701843,0.9994372212639105,1616.5082195928442,1.003378681900864,1616.3832227314645,0.9975721415458128
1616.5193304240236,1.007297202779802,1616.5193304240236,0.9993512664295087,1616.5096084466827,1.0027424436685868,1616.3846115853046,0.9937606926012468
1616.5207192778632,1.0172784420119205,1616.5207192778632,0.9992532093277656,1616.5109973005212,1.0039891634262377,1616.38600043961,1.0019147631055765
1616.5221081317034,1.0062042186382276,1616.5221081317034,0.9992926010775449,1616.512386154361,1.0007077997424874,1616.387389293449,0.9976239267982157
1616.5234969860082,0.9957283068986204,1616.5234969860082,0.9993858972363422,1616.5137750086658,0.9888253269844524,1616.3887781477536,0.9840881996632737
1616.524885839847,0.999291082740713,1616.524885839847,0.9993431422566499,1616.515163862506,1.0002987506162242,1616.3901670015928,1.014523316751632
1616.526274693687,0.9982682261010467,1616.526274693687,0.9993714662116676,1616.5165527163456,1.000158549860703,1616.3915558558986,0.988836880124752
1616.527663547526,1.0028126849069088,1616.527663547526,0.9992452852045377,1616.5179415701843,1.003593570310441,1616.3929447097382,1.0024782845136135
1616.529052401365,0.9969496369309976,1616.529052401365,0.999163714284784,1616.5193304240236,1.0066437352688966,1616.3943335640429,1.0050612268864136
1616.5304412552048,1.0047726493086102,1616.5304412552048,0.9991553719279903,1616.5207192778632,1.016518747960361,1616.3957224183475,0.983999172523316
1616.531830109044,1.0105819592618999,1616.531830109044,0.9991793422687153,1616.5221081317034,1.0054924308581932,1616.3971112721872,0.9911631389039496
1616.5332189628837,0.9955669571735046,1616.5332189628837,0.9991765874670281,1616.5234969860082,0.9951168273935016,1616.3985001264916,1.002649678747944
1616.5346078167229,0.9986685568290737,1616.5346078167229,0.9991217891753333,1616.524885839847,0.998634690655154,1616.3998889803308,1.0017869989657902
1616.5359966710273,1.0167690002102265,1616.5359966710273,0.9991386904425217,1616.526274693687,0.9976407807911236,1616.4012778346366,1.0063682948122186
1616.537385524867,0.9902659028043979,1616.537385524867,0.9991562558459179,1616.527663547526,1.0020558473365322,1616.4026666884763,1.0031395998563062
1616.538774378707,1.0006161119536534,1616.538774378707,0.999225951005779,1616.529052401365,0.9961159021908425,1616.4040555427812,0.9927953937493704
1616.5401632325463,0.9962539297698437,1616.5401632325463,0.9991362577552562,1616.5304412552048,1.0039239901230166,1616.40544439662,0.990040581424698
1616.541552086386,0.9993961435984137,1616.541552086386,0.9992785473940153,1616.531830109044,1.0097526173639348,1616.4068332509248,0.9941232573277152
1616.5429409402248,0.9835866674519641,1616.5429409402248,0.9991519336787976,1616.5332189628837,0.9947471948635552,1616.408222104765,1.0094612743494324
1616.5443297940633,0.9978477724631024,1616.5443297940633,0.9991450759555945,1616.5346078167229,0.9977915152922122,1616.4096109590705,0.999724967301215
1616.5457186479032,0.9883566519810503,1616.5457186479032,0.9991756589456047,1616.5359966710273,1.015893247352598,1616.4109998129095,0.999219279554326
1616.5471075017433,0.9936594453974136,1616.5471075017433,0.9990439173016429,1616.537385524867,0.9894303717379198,1616.412388667214,0.99625861745337
1616.548496355583,0.9982508185901662,1616.548496355583,0.9990641577181518,1616.538774378707,0.9998415860585944,1616.413777521053,1.0023492291404994
1616.5498852094215,1.0020312988943223,1616.5498852094215,0.9989491827340781,1616.5401632325463,0.9953934231642094,1616.4151663753585,0.9883724438846986
1616.5512740632605,0.9959082800679291,1616.5512740632605,0.9989156898826496,1616.541552086386,0.9986751266462036,1616.4165552291986,1.0096882595765
1616.5526629171006,1.0086848457534456,1616.5526629171006,0.998846807557429,1616.5429409402248,0.9827525207253144,1616.417944083504,0.9915740909003796
1616.5540517709408,1.0023367515552435,1616.5540517709408,0.9987152756655685,1616.5443297940633,0.9969946884097672,1616.4193329373427,1.0027966754683473
1616.55544062478,1.0063050558259372,1616.55544062478,0.998657395928259,1616.5457186479032,0.9875419090164376,1616.420721791647,1.0065032626747803
1616.5568294786187,1.0029660006922791,1616.5568294786187,0.9985808246514112,1616.5471075017433,0.99270942479361,1616.4221106454872,0.997449134581444
1616.5582183324575,0.9949011509592688,1616.5582183324575,0.9985825142905019,1616.548496355583,0.99731661326624,1616.4234994997928,1.007908872091378
1616.5596071862972,1.0061263713350526,1616.5596071862972,0.9986645384438828,1616.5498852094215,1.00097834710445,1616.4248883536322,0.9977546132029016
1616.5609960401373,0.9954306916617446,1616.5609960401373,0.9986978972587622,1616.5512740632605,0.9948284066438984,1616.426277207471,1.0081390514219402
1616.5623848939772,0.9915485620522105,1616.5623848939772,0.9986396842458443,1616.5526629171006,1.0075216380123868,1616.4276660617754,1.0094141103531495
1616.5637737478155,0.9968997689069521,1616.5637737478155,0.9986392185864131,1616.5540517709408,1.0010490251392254,1616.4290549156146,0.9976985464926228
1616.5651626016545,1.0116879636566054,1616.5651626016545,0.9986788872904411,1616.55544062478,1.0049539865605717,1616.4304437699204,1.0094128870794707
1616.5665514554942,1.013607504850583,1616.5665514554942,0.9987744301996901,1616.5568294786187,1.001542616068624,1616.4318326237606,1.0001109101468784
1616.5679403093343,0.9936178004300721,1616.5679403093343,0.9988785493054652,1616.5582183324575,0.9934908927954208,1616.433221478065,0.98758275276538
1616.5693291631744,0.9997830471797164,1616.5693291631744,0.9990052203404705,1616.5596071862972,1.0047827282455388,1616.4346103319035,0.9985377801959332
1616.5707180170132,0.992858478283489,1616.5707180170132,0.999021647836143,1616.5609960401373,0.9941345386294196,1616.4359991857434,1.0122833667264397
1616.572106870852,0.9909431459307794,1616.572106870852,0.9990754702329714,1616.5623848939772,0.9901997429222404,1616.4373880400492,1.001949082728232
1616.5734957246912,0.9963680384102974,1616.5734957246912,0.9990965191616709,1616.5637737478155,0.9955432062302144,1616.438776893889,0.9924901869665084
1616.5748845785308,0.9878550559028809,1616.5748845785308,0.9990872371003631,1616.5651626016545,1.0103514098297108,1616.4401657481935,0.9963804691037088
1616.576273432371,1.00372633965383,1616.576273432371,0.9989871217922544,1616.5665514554942,1.0123652581032707,1616.441554602032,0.994925520982066
1616.5776622862102,1.005422381763037,1616.5776622862102,0.9990155564007869,1616.5679403093343,0.9925035070576776,1616.4429434558715,0.9922716287358948
1616.579051140049,0.9928585990285879,1616.579051140049,0.9989781984620686,1616.5693291631744,0.9987884833404396,1616.4443323101766,0.9998078101131296
1616.580439993888,0.9982021932561508,1616.580439993888,0.9988371608319081,1616.5707180170132,0.9918871130428566,1616.4457211640167,0.9971944897773056
1616.5818288477278,0.9937928774618339,1616.5818288477278,0.9989765231025092,1616.572106870852,0.9900269894949334,1616.447110018322,1.0008980867591906
1616.583217701568,1.0021017066492837,1616.583217701568,0.9990414184712691,1616.5734957246912,0.9954678389796702,1616.4484988721608,0.9955042653514392
1616.5846065554072,0.9909886239190603,1616.5846065554072,0.9990305812136931,1616.5748845785308,0.986953378457634,1616.449887726,1.005919625210692
1616.585995409246,1.0137217533810383,1616.585995409246,0.9990856915373277,1616.576273432371,1.0027096871178545,1616.4512765803054,1.0034113704919476
1616.5873842630856,1.0095233709704543,1616.5873842630856,0.9991528143805051,1616.5776622862102,1.0044326001348047,1616.4526654341446,1.0072300231592892
1616.5887731169248,1.0026203701114516,1616.5887731169248,0.9991114632864815,1616.579051140049,0.991844094585152,1616.4540542879845,1.0118938220193885
1616.5901619707645,0.9962845147161582,1616.5901619707645,0.9989872355459188,1616.580439993888,0.9970414446481572,1616.4554431422891,0.9864991361649038
1616.5915508246037,1.0010018558841938,1616.5915508246037,0.9988997534783817,1616.5818288477278,0.9927757534108608,1616.4568319961288,0.9966648802340312
1616.5929396779777,1.0145235276158835,1616.5929396779777,0.9988121168163464,1616.583217701568,1.00114111046338,1616.458220849968,1.0032234620629532
1616.594328531817,1.0097409363510144,1616.594328531817,0.9988123448632933,1616.5846065554072,0.9900279409300168,1616.459609704273,0.9985240523468708
1616.5957173856566,0.9950989135365339,1616.5957173856566,0.9987346143719205,1616.585995409246,1.012794899003127,1616.4609985581126,0.990006873438882
1616.5971062394958,0.9968840335718281,1616.5971062394958,0.9987168818664897,1616.5873842630856,1.008668117288024,1616.4623874119518,1.0054153646164283
1616.5984950933346,1.0079793911611492,1616.5984950933346,0.9986811876745012,1616.5887731169248,1.001729505102886,1616.4637762662571,1.0141992171863972
1616.5998839471738,0.9954603502446031,1616.5998839471738,0.9986677325995451,1616.5901619707645,0.9952755131735022,1616.4651651200963,1.0033139843151848
1616.601272801014,0.9890080420779164,1616.601272801014,0.998649367448792,1616.5915508246037,0.9999005070741236,1616.466553973936,1.0022393383883532
1616.6026616548536,1.0019336035514157,1616.6026616548536,0.9985794522278104,1616.5929396779777,1.0133183921780076,1616.4679428282404,0.9924890316524784
1616.6040505086928,0.9844611141913259,1616.6040505086928,0.9985360110351059,1616.594328531817,1.008541712341214,1616.4693316820797,1.0078009521690476
1616.605439362066,1.005566798500459,1616.605439362066,0.9985242962270549,1616.5957173856566,0.9938397296728272,1616.4707205359198,1.003031611974327
1616.6068282159056,0.984821241276778,1616.6068282159056,0.998640393011151,1616.5971062394958,0.9956049135913452,1616.4721093902251,0.997240770298154
1616.6082170697457,0.9924830549130053,1616.6082170697457,0.9986346173867277,1616.5984950933346,1.0066500555162372,1616.4734982440643,1.0075925199261089
1616.609605923585,0.9987879194646455,1616.609605923585,0.998562358241038,1616.5998839471738,0.9941341308715268,1616.474887097903,0.9969841546642
1616.6109947774246,0.985013475116122,1616.6109947774246,0.9986662103632519,1616.601272801014,0.9876722556228794,1616.4762759517423,1.014619547614365
1616.6123836312634,1.0025141644589104,1616.6123836312634,0.9986913319354976,1616.6026616548536,1.0005103090030087,1616.477664806048,1.0009186785327835
1616.6137724846362,1.0048808839564913,1616.6137724846362,0.9987827813653436,1616.6040505086928,0.9830198739837824,1616.4790536598878,0.9948402995824424
1616.615161338476,0.9905657933542523,1616.615161338476,0.9988250182703685,1616.605439362066,1.0040828797819636,1616.480442513727,0.9880430434668556
1616.6165501923165,1.0076180062525506,1616.6165501923165,0.9987669535972977,1616.6068282159056,0.9834822714343712,1616.4818313680314,1.005042470023339
1616.617939046156,1.0069747312466428,1616.617939046156,0.9988057510912839,1616.6082170697457,0.9911279358058596,1616.4832202218702,0.9996080087455912
1616.6193278999947,0.9917684135313077,1616.6193278999947,0.99884343065163,1616.609605923585,0.9973520202432764,1616.4846090757103,0.992015284940536
1616.6207167538334,1.0118338710913013,1616.6207167538334,0.9988713726100534,1616.6109947774246,0.9836996743509548,1616.4859979295504,1.0021435152835134
1616.622105607208,1.0065955173059926,1616.622105607208,0.9989461352370504,1616.6123836312634,1.0012022061876718,1616.4873867838558,0.9943237382917418
1616.623494461048,0.9999717148231705,1616.623494461048,0.9989780758182678,1616.6137724846362,1.0036577242189295,1616.4887756376943,0.9945244910943636
1616.6248833148873,0.9936629265143173,1616.6248833148873,0.9990973203598997,1616.615161338476,0.9894018966450632,1616.4901644915333,1.0154239859774778
1616.626272168726,1.0045731177104933,1616.626272168726,0.9989638235937355,1616.6165501923165,1.0063755664946428,1616.4915533453734,1.000424000249004
1616.6276610225648,0.9939522310988638,1616.6276610225648,0.9989363588397497,1616.617939046156,1.0057721527727468,1616.492942199679,0.9958385588639974
1616.6290498759388,1.0139826357827302,1616.6290498759388,0.9989603411020418,1616.6193278999947,0.9906213645835358,1616.4943310535184,1.0209561052705831
1616.630438729779,0.9982926633433304,1616.630438729779,0.9989441975955627,1616.6207167538334,1.010691887670312,1616.4957199073572,0.9916957386717722
1616.631827583619,0.9953058090273309,1616.631827583619,0.9989686422639066,1616.622105607208,1.005534701759761,1616.497108761196,0.9921005742998084
1616.6332164374576,1.0061245397603138,1616.6332164374576,0.9989942920784116,1616.623494461048,0.9989498195467444,1616.4984976150351,0.9922103291326568
1616.634605291296,1.0103951748968123,1616.634605291296,0.9990093888153998,1616.6248833148873,0.9927659672214304,1616.499886469341,1.0112912238132783
1616.63599414467,1.0059259274405286,1616.63599414467,0.9989155560706422,1616.626272168726,1.0035322027475542,1616.501275323181,0.9989550524397038
1616.6373829985102,1.0025208124299192,1616.6373829985102,0.9988268624011749,1616.6276610225648,0.9928950225945444,1616.5026641770198,0.9890550985571216
1616.6387718523504,0.984855395033815,1616.6387718523504,0.9988679790560729,1616.6290498759388,1.0129284397130636,1616.5040530308586,1.0112516712976636
1616.6401607061891,1.0094483871346827,1616.6401607061891,0.998972887039914,1616.630438729779,0.9972386635490404,1616.5054418846985,1.0035447752825863
1616.6415495595622,0.9962950719607263,1616.6415495595622,0.998938246209098,1616.631827583619,0.9942792926814118,1616.506830739004,1.0218082513071698
1616.6429384134017,0.9967839478097442,1616.6429384134017,0.9989567239525234,1616.6332164374576,1.0051126723405723,1616.5082195928442,1.003378681900864
1616.6443272672411,0.9924090533586671,1616.6443272672411,0.9989734824110522,1616.634605291296,1.0093942661356934,1616.5096084466827,1.0027424436685868
1616.6457161210803,0.9944328066401937,1616.6457161210803,0.9989246752730051,1616.63599414467,1.004835057175132,1616.5109973005212,1.0039891634262377
1616.6471049744544,0.9982547349249296,1616.6471049744544,0.9988835065158825,1616.6373829985102,1.0013447175712529,1616.512386154361,1.0007077997424874
1616.6484938282936,1.0038024051332304,1616.6484938282936,0.9987634241546398,1616.6387718523504,0.9837405180998972,1616.5137750086658,0.9888253269844524
1616.6498826821328,0.9997426468105375,1616.6498826821328,0.9988623925094092,1616.6401607061891,1.0084115696137188,1616.515163862506,1.0002987506162242
1616.6512715355068,1.005933386014061,1616.6512715355068,0.9988880845688386,1616.6415495595622,0.995237251891215,1616.5165527163456,1.000158549860703
1616.652660389346,0.9855955397579319,1616.652660389346,0.9989620573184097,1616.6429384134017,0.9957440269924852,1616.5179415701843,1.003593570310441
1616.6540492431857,0.9919969694589645,1616.6540492431857,0.9989883781614048,1616.6443272672411,0.9913903280099634,1616.5193304240236,1.0066437352688966
1616.655438097025,0.9949784104073729,1616.655438097025,0.9990379404596353,1616.6457161210803,0.9933634684538786,1616.5207192778632,1.016518747960361
1616.656826950399,0.9975250858588461,1616.656826950399,0.9989675438918528,1616.6471049744544,0.9971401900178964,1616.5221081317034,1.0054924308581932
1616.658215804238,0.9851584478033172,1616.658215804238,0.9989575019067414,1616.6484938282936,1.0025611273255282,1616.5234969860082,0.9951168273935016
1616.659604658077,1.0034169957505952,1616.659604658077,0.9989781319296237,1616.6498826821328,0.9986053320868628,1616.524885839847,0.998634690655154
1616.660993511451,1.0024744553412652,1616.660993511451,0.9990259215517016,1616.6512715355068,1.0048148731594315,1616.526274693687,0.9976407807911236
1616.662382365291,1.0021036273055688,1616.662382365291,0.9989392023600838,1616.652660389346,0.9845725480804322,1616.527663547526,1.0020558473365322
1616.6637712191302,1.003979810367716,1616.6637712191302,0.999066864570023,1616.6540492431857,0.9909934436608396,1616.529052401365,0.9961159021908425
1616.6651600725042,0.9851513446648392,1616.6651600725042,0.9990810115604039,1616.655438097025,0.9940211819351836,1616.5304412552048,1.0039239901230166
1616.6665489263428,1.0093075430552159,1616.6665489263428,0.9990938397403568,1616.656826950399,0.9964951849909212,1616.531830109044,1.0097526173639348
1616.6679377801822,0.995346803848894,1616.6679377801822,0.9991136223461208,1616.658215804238,0.9841314219999246,1616.5332189628837,0.9947471948635552
1616.6693266335567,0.9906838902944807,1616.6693266335567,0.9991687178256069,1616.659604658077,1.0023916359613647,1616.5346078167229,0.9977915152922122
1616.670715487396,1.0062835997619666,1616.670715487396,0.9992249822989727,1616.660993511451,1.0014979665793475,1616.5359966710273,1.015893247352598
1616.6721043412356,0.9871911008108595,1616.6721043412356,0.9993565396419529,1616.662382365291,1.0010405981427717,1616.537385524867,0.9894303717379198
1616.673493194609,1.0002547453693589,1616.673493194609,0.999342964966946,1616.6637712191302,1.0030429612356804,1616.538774378707,0.9998415860585944
1616.6748820484474,0.9940891195607475,1616.6748820484474,0.9993806466815108,1616.6651600725042,0.9842460019678396,1616.5401632325463,0.9953934231642094
1616.6762709022876,0.9935208970521648,1616.6762709022876,0.99937688427634,1616.6665489263428,1.0083929486699412,1616.541552086386,0.9986751266462036
1616.677659755662,1.0000580742875769,1616.677659755662,0.999407457485918,1616.6679377801822,0.9944645506841022,1616.5429409402248,0.9827525207253144
1616.6790486095013,0.992448240050814,1616.6790486095013,0.9994033778448838,1616.6693266335567,0.9898603524360204,1616.5443297940633,0.9969946884097672
1616.6804374628744,0.9874154088958388,1616.6804374628744,0.9994322147663531,1616.670715487396,1.0055037121598975,1616.5457186479032,0.9875419090164376
1616.681826316713,0.9989396740730501,1616.681826316713,0.9993786852171501,1616.6721043412356,0.9865558824716708,1616.5471075017433,0.99270942479361
1616.6832151705532,1.0009007682085183,1616.6832151705532,0.9993934318113847,1616.673493194609,0.9995975429596726,1616.548496355583,0.99731661326624
1616.6846040239277,1.0006182170594502,1616.6846040239277,0.9995002057915094,1616.6748820484474,0.9934734271656736,1616.5498852094215,1.00097834710445
1616.685992877767,1.0035883422235548,1616.685992877767,0.9995079659720599,1616.6762709022876,0.9929018185594268,1616.5512740632605,0.9948284066438984
1616.68738173114,1.0008096524453798,1616.68738173114,0.9995901462095231,1616.677659755662,0.9994654973620104,1616.5526629171006,1.0075216380123868
1616.6887705849788,1.002250575494962,1616.6887705849788,0.9996459557123418,1616.6790486095013,0.9918561234429936,1616.5540517709408,1.0010490251392254
1616.6901594388185,0.9979162841316668,1616.6901594388185,0.9997394485441854,1616.6804374628744,0.9868547690071924,1616.55544062478,1.0049539865605717
1616.691548292193,1.0109505489955712,1616.691548292193,0.9996022316380131,1616.681826316713,0.9983190180863732,1616.5568294786187,1.001542616068624
1616.692937146033,1.0066222568559724,1616.692937146033,0.9995031106772861,1616.6832151705532,1.0002936536425624,1616.5582183324575,0.9934908927954208
1616.694325999406,1.0086501997783521,1616.694325999406,0.9994911465782307,1616.6846040239277,1.0001181138696538,1616.5596071862972,1.0047827282455388
1616.695714853245,1.0021617359366592,1616.695714853245,0.9994428404897477,1616.685992877767,1.0030945426091369,1616.5609960401373,0.9941345386294196
1616.697103707084,1.00357629218468,1616.697103707084,0.9995182065078878,1616.68738173114,1.0003994668157792,1616.5623848939772,0.9901997429222404
1616.6984925604586,1.0036835335796983,1616.6984925604586,0.999652797159942,1616.6887705849788,1.001895734403906,1616.5637737478155,0.9955432062302144
1616.6998814142987,0.9945655331211632,1616.6998814142987,0.9997139721019798,1616.6901594388185,0.9976562755910552,1616.5651626016545,1.0103514098297108
1616.7012702676718,0.9944807956089787,1616.7012702676718,0.9997696340180723,1616.691548292193,1.0105484248516474,1616.5665514554942,1.0123652581032707
1616.7026591215106,1.0085675599943644,1616.7026591215106,0.9996892772088359,1616.692937146033,1.0061220770045345,1616.5679403093343,0.9925035070576776
1616.704047974884,1.0023117268045878,1616.704047974884,0.9995694401764229,1616.694325999406,1.0081369446728266,1616.5693291631744,0.9987884833404396
1616.7054368287238,0.9909710419339667,1616.7054368287238,0.9995765004516184,1616.695714853245,1.0016033719946713,1616.5707180170132,0.9918871130428566
1616.7068256820985,1.00718734062265,1616.7068256820985,0.9996677584992114,1616.697103707084,1.0030927756582673,1616.572106870852,0.9900269894949334
1616.7082145359377,1.0040443027629729,1616.7082145359377,0.9997867654298298,1616.6984925604586,1.00333505180632,1616.5734957246912,0.9954678389796702
1616.7096033893106,1.002211011285367,1616.7096033893106,0.9997065074845869,1616.6998814142987,0.9942810596322812,1616.5748845785308,0.986953378457634
1616.7109922431505,1.0052849892149123,1616.7109922431505,0.9997047414870734,1616.7012702676718,0.99425170106399,1616.576273432371,1.0027096871178545
1616.7123810965238,0.9996921768764917,1616.7123810965238,0.9996689684850698,1616.7026591215106,1.0082541750670455,1616.5776622862102,1.0044326001348047
1616.713769950364,1.0007853869326124,1616.713769950364,0.9995912945944517,1616.704047974884,1.0018801716443255,1616.579051140049,0.991844094585152
1616.715158803738,0.9912357611296967,1616.715158803738,0.9995577428974005,1616.7054368287238,0.9905513661452484,1616.580439993888,0.9970414446481572
1616.7165476575767,0.9935589495980136,1616.7165476575767,0.9995274619101587,1616.7068256820985,1.0068527111890262,1616.5818288477278,0.9927757534108608
1616.7179365109505,0.991578486474581,1616.7179365109505,0.9995762587516479,1616.7082145359377,1.0038302058076414,1616.583217701568,1.00114111046338
1616.7193253647897,0.9930315554139401,1616.7193253647897,0.9994905564601765,1616.7096033893106,1.00191686985469,1616.5846065554072,0.9900279409300168
1616.7207142181635,0.9992467464479214,1616.7207142181635,0.9994437958336938,1616.7109922431505,1.0049881702639294,1616.585995409246,1.012794899003127
1616.7221030720027,1.0014163076882456,1616.7221030720027,0.9995529543406272,1616.7123810965238,0.9993612472607164,1616.5873842630856,1.008668117288024
1616.7234919253767,0.9921400282950057,1616.7234919253767,0.9996269219708793,1616.713769950364,1.0003763605351794,1616.5887731169248,1.001729505102886
1616.724880779216,1.0052671410553546,1616.724880779216,0.9995955989849243,1616.715158803738,0.9907973800739864,1616.5901619707645,0.9952755131735022
1616.72626963259,0.9951759780925243,1616.72626963259,0.9996921952011162,1616.7165476575767,0.9930894551498258,1616.5915508246037,0.9999005070741236
1616.7276584864292,0.9981569113319666,1616.7276584864292,0.9997455207969304,1616.7179365109505,0.9911583137688832,1616.5929396779777,1.0133183921780076
1616.7290473398032,0.9964259869677355,1616.7290473398032,0.9997436385415667,1616.7193253647897,0.9925256619031936,1616.594328531817,1.008541712341214
1616.7304361936424,0.992965677623653,1616.7304361936424,0.999728654264708,1616.7207142181635,0.9986909612443792,1616.5957173856566,0.9938397296728272
1616.7318250470164,1.004974410609968,1616.7318250470164,0.9996877474191874,1616.7221030720027,1.0009686288746684,1616.5971062394958,0.9956049135913452
1616.7332139008556,1.0044469151625226,1616.7332139008556,0.9996981308914532,1616.7234919253767,0.9917698826486376,1616.5984950933346,1.0066500555162372
1616.7346027542287,0.9875344830652442,1616.7346027542287,0.9997844821884296,1616.724880779216,1.0048606100030897,1616.5998839471738,0.9941341308715268
1616.7359916080677,1.005486013222352,1616.7359916080677,0.999769956804273,1616.72626963259,0.9948696581507336,1616.601272801014,0.9876722556228794
1616.737380461442,1.0049958730626394,1616.737380461442,0.9998711571929096,1616.7276584864292,0.9979029011566324,1616.6026616548536,1.0005103090030087
1616.7387693148164,1.0053757825286467,1616.7387693148164,0.9998501008960623,1616.7290473398032,0.9961705417484956,1616.6040505086928,0.9830198739837824
1616.7401581686556,0.9997502263120401,1616.7401581686556,0.9997435461681097,1616.7304361936424,0.9926962406217384,1616.605439362066,1.0040828797819636
1616.7415470220287,0.998844988709306,1616.7415470220287,0.9997433288458654,1616.7318250470164,1.0046606047566045,1616.6068282159056,0.9834822714343712
1616.7429358758675,1.006034242732006,1616.7429358758675,0.9997565727311211,1616.7332139008556,1.00414370366766,1616.6082170697457,0.9911279358058596
1616.744324729242,1.0004805792800961,1616.744324729242,0.9996464712828318,1616.7346027542287,0.9873216517946036,1616.609605923585,0.9973520202432764
1616.7457135826164,1.0047959943135407,1616.7457135826164,0.9997499385351845,1616.7359916080677,1.0052547080066117,1616.6109947774246,0.9836996743509548
1616.747102436456,1.001549697423578,1616.747102436456,0.9996348614325063,1616.737380461442,1.0048663865732397,1616.6123836312634,1.0012022061876718
1616.7484912898292,0.9965896113285256,1616.7484912898292,0.9995614254031956,1616.7387693148164,1.005225077599725,1616.6137724846362,1.0036577242189295
1616.749880143668,1.0123961366947343,1616.749880143668,0.999494639372188,1616.7401581686556,0.9994938365355692,1616.615161338476,0.9894018966450632
1616.7512689970415,0.9864631218402331,1616.7512689970415,0.9994906064692393,1616.7415470220287,0.9985886140132524,1616.6165501923165,1.0063755664946428
1616.752657850416,0.996367479235062,1616.752657850416,0.9994271355432262,1616.7429358758675,1.005789346563899,1616.617939046156,1.0057721527727468
1616.754046704256,0.9945676081669568,1616.754046704256,0.9994223685126891,1616.744324729242,1.0001268806643515,1616.6193278999947,0.9906213645835358
1616.7554355576292,1.0060755667224626,1616.7554355576292,0.9993339901322756,1616.7457135826164,1.004544733555362,1616.6207167538334,1.010691887670312
1616.756824411468,1.0106555777654056,1616.756824411468,0.9992873092661022,1616.747102436456,1.0011839930017872,1616.622105607208,1.005534701759761
1616.7582132648415,1.0024297050597308,1616.7582132648415,0.9992732267143257,1616.7484912898292,0.9961525324415578,1616.623494461048,0.9989498195467444
1616.7596021182155,1.0069460981778877,1616.7596021182155,0.999183485328239,1616.749880143668,1.0118845115474997,1616.6248833148873,0.9927659672214304
1616.7609909720557,0.9909860802721936,1616.7609909720557,0.999176953163286,1616.7512689970415,0.9859606239076336,1616.626272168726,1.0035322027475542
1616.7623798254292,0.9940864645719287,1616.7623798254292,0.9991592872398614,1616.752657850416,0.9957966957203228,1616.6276610225648,0.9928950225945444
1616.7637686788023,1.0081042792859216,1616.7637686788023,0.9991770626765479,1616.754046704256,0.99399311460022,1616.6290498759388,1.0129284397130636
1616.765157532642,1.0195197556559112,1616.765157532642,0.999168257352055,1616.7554355576292,1.005405510467349,1616.630438729779,0.9972386635490404
1616.7665463860155,0.9973148473585755,1616.7665463860155,0.9991642296931391,1616.756824411468,1.00993529289997,1616.631827583619,0.9942792926814118
1616.76793523939,1.0031859278365518,1616.76793523939,0.9991837751251377,1616.7582132648415,1.0017011659293271,1616.6332164374576,1.0051126723405723
1616.7693240932297,1.0071877447622068,1616.7693240932297,0.9992279624028814,1616.7596021182155,1.006123911915053,1616.634605291296,1.0093942661356934
1616.7707129466023,1.0004759504494234,1616.7707129466023,0.9993271508925285,1616.7609909720557,0.990170452313598,1616.63599414467,1.004835057175132
1616.7721017999763,1.0003940422606472,1616.7721017999763,0.9994038088296758,1616.7623798254292,0.993250723396482,1616.6373829985102,1.0013447175712529
1616.7734906538155,0.9890746932393943,1616.7734906538155,0.999468777886998,1616.7637686788023,1.0072746726485655,1616.6387718523504,0.9837405180998972
1616.7748795071896,1.0101050782040042,1616.7748795071896,0.9994052248525122,1616.765157532642,1.0186717775947096,1616.6401607061891,1.0084115696137188
1616.776268360563,1.0019874861193625,1616.776268360563,0.9993633898005402,1616.7665463860155,0.9964813212225616,1616.6415495595622,0.995237251891215
1616.7776572144028,1.0085667095737816,1616.7776572144028,0.9993304328749498,1616.76793523939,1.0023671025281398,1616.6429384134017,0.9957440269924852
1616.7790460677763,1.0064043961859754,1616.7790460677763,0.9994504491192148,1616.7693240932297,1.0064101579558933,1616.6443272672411,0.9913903280099634
1616.7804349211503,1.0024861355220913,1616.7804349211503,0.9994797354542403,1616.7707129466023,0.9998027810991168,1616.6457161210803,0.9933634684538786
1616.781823774524,0.9959319236881471,1616.781823774524,0.9994760179912262,1616.7721017999763,0.9997976161658064,1616.6471049744544,0.9971401900178964
1616.7832126283636,1.0070421372803333,1616.7832126283636,0.9995663227612779,1616.7734906538155,0.9885492748909348,1616.6484938282936,1.0025611273255282
1616.7846014817371,0.9977176064794282,1616.7846014817371,0.9995573566304572,1616.7748795071896,1.0095042928071372,1616.6498826821328,0.9986053320868628
1616.7859903351111,1.0040286153922546,1616.7859903351111,0.999578545733874,1616.776268360563,1.0013496106659678,1616.6512715355068,1.0048148731594315
1616.7873791889504,0.995402590518199,1616.7873791889504,0.9995001084437418,1616.7776572144028,1.007891406461631,1616.652660389346,0.9845725480804322
1616.788768042324,1.00891332069818,1616.788768042324,0.9994379494299989,1616.7790460677763,1.0058513257636252,1616.6540492431857,0.9909934436608396
1616.790156895697,1.0021017198858766,1616.790156895697,0.9993957497074571,1616.7804349211503,1.0019645775281636,1616.655438097025,0.9940211819351836
1616.791545749071,0.9975548474114846,1616.791545749071,0.9994162588165008,1616.781823774524,0.995410073278171,1616.656826950399,0.9964951849909212
1616.7929346029111,1.002336648231046,1616.7929346029111,0.9994110869473908,1616.7832126283636,1.0066054060269607,1616.658215804238,0.9841314219999246
1616.7943234562847,0.9986813543841038,1616.7943234562847,0.9993989443923996,1616.7846014817371,0.997275973396244,1616.659604658077,1.0023916359613647
1616.7957123096587,1.0043560894494288,1616.7957123096587,0.9994853289848362,1616.7859903351111,1.003605463248985,1616.660993511451,1.0014979665793475
1616.7971011630318,1.0137915126706953,1616.7971011630318,0.9994370533376301,1616.7873791889504,0.9949049971681214,1616.662382365291,1.0010405981427717
1616.798490016871,0.9897667608193739,1616.798490016871,0.999505093535279,1616.788768042324,1.0083462603912,1616.6637712191302,1.0030429612356804
1616.7998788702455,1.0013494941496195,1616.7998788702455,0.9994679628908966,1616.790156895697,1.001496199628478,1616.6651600725042,0.9842460019678396
1616.8012677236195,1.001096566237134,1616.8012677236195,0.999450907173596,1616.791545749071,0.9969725335642512,1616.6665489263428,1.0083929486699412
1616.802656576993,0.9986478125619376,1616.802656576993,0.9994853195369373,1616.7929346029111,1.0017463590957942,1616.6679377801822,0.9944645506841022
1616.8040454303662,1.0071631353403274,1616.8040454303662,0.9994776138460564,1616.7943234562847,0.9980810913558452,1616.6693266335567,0.9898603524360204
1616.805434284205,1.0051811391749788,1616.805434284205,0.9995154124444143,1616.7957123096587,1.003839176481286,1616.670715487396,1.0055037121598975
1616.8068231375794,1.0001503848623394,1616.8068231375794,0.9995466512403515,1616.7971011630318,1.0132208021222984,1616.6721043412356,0.9865558824716708
1616.808211990954,1.0037845609944709,1616.808211990954,0.999599171767028,1616.798490016871,0.9892769188508784,1616.673493194609,0.9995975429596726
1616.8096008443274,1.0044983208248854,1616.8096008443274,0.9995580041437375,1616.7998788702455,1.00081673905955,1616.6748820484474,0.9934734271656736
1616.8109896977005,1.0083675929554516,1616.8109896977005,0.9996032481706725,1616.8012677236195,1.0005468712940755,1616.6762709022876,0.9929018185594268
1616.8123785515393,1.0030970557204568,1616.8123785515393,0.9995127446582975,1616.802656576993,0.9981338280433316,1616.677659755662,0.9994654973620104
1616.8137674049135,0.9987624283463958,1616.8137674049135,0.9995139892038203,1616.8040454303662,1.0066370072636632,1616.6790486095013,0.9918561234429936
1616.8151562582882,1.0165889677379156,1616.8151562582882,0.9994310168122942,1616.805434284205,1.0046940409038252,1616.6804374628744,0.9868547690071924
1616.8165451116613,0.9918414018027807,1616.8165451116613,0.9994153044166831,1616.8068231375794,0.9996969679259,1616.681826316713,0.9983190180863732
1616.8179339650344,0.9960278823910252,1616.8179339650344,0.9992915730657668,1616.808211990954,1.003382215802603,1616.6832151705532,1.0002936536425624
1616.8193228184084,0.9890550725900176,1616.8193228184084,0.9992614442629801,1616.8096008443274,1.0040543367294583,1616.6846040239277,1.0001181138696538
1616.8207116722476,0.9939533986592868,1616.8207116722476,0.9992030027550862,1616.8109896977005,1.007967521268312,1616.685992877767,1.0030945426091369
1616.822100525622,1.001745520747599,1616.822100525622,0.9991667289578139,1616.8123785515393,1.002608291321811,1616.68738173114,1.0003994668157792
1616.823489378996,1.0083282498797774,1616.823489378996,0.9991894687743269,1616.8137674049135,0.9982770190234008,1616.6887705849788,1.001895734403906
1616.8248782323687,1.0039702972816078,1616.8248782323687,0.9991118689141405,1616.8151562582882,1.0160105457064657,1616.6901594388185,0.9976562755910552
1616.8262670857428,0.999212389030881,1616.8262670857428,0.9991017760658908,1616.8165451116613,0.9912614765157958,1616.691548292193,1.0105484248516474
1616.8276559391163,0.993332723983259,1616.8276559391163,0.9991707590275252,1616.8179339650344,0.9953222694118922,1616.692937146033,1.0061220770045345
1616.8290447924908,0.9905360749957971,1616.8290447924908,0.9991664699894116,1616.8193228184084,0.9883246002919276,1616.694325999406,1.0081369446728266
1616.8304336463304,0.9941190548703975,1616.8304336463304,0.9990854463372333,1616.8207116722476,0.9931612205389826,1616.695714853245,1.0016033719946713
1616.8318224997035,1.0123145073345416,1616.8318224997035,0.9990780484331104,1616.822100525622,1.0009107952135203,1616.697103707084,1.0030927756582673
1616.833211353077,1.0117242557953907,1616.833211353077,0.9989798640483595,1616.823489378996,1.0075109683475216,1616.6984925604586,1.00333505180632
1616.8346002064511,0.9933140817067825,1616.8346002064511,0.9988933336821175,1616.8248782323687,1.0030786400513123,1616.6998814142987,0.9942810596322812
1616.835989059825,0.9902057916240149,1616.835989059825,0.9988417000830433,1616.8262670857428,0.998314872547795,1616.7012702676718,0.99425170106399
1616.837377913199,1.0027839878763645,1616.837377913199,0.9988057868407074,1616.8276559391163,0.992509011789232,1616.7026591215106,1.0082541750670455
1616.8387667665722,0.9993475887816579,1616.8387667665722,0.9988691598165526,1616.8290447924908,0.9897104334507176,1616.704047974884,1.0018801716443255
1616.840155619946,0.9992040739824077,1616.840155619946,0.998880271691122,1616.8304336463304,0.9932098796475396,1616.7054368287238,0.9905513661452484
1616.8415444733198,0.9927636670115635,1616.8415444733198,0.998997876583959,1616.8318224997035,1.0113812023883195,1616.7068256820985,1.0068527111890262
1616.842933327159,1.008228072079307,1616.842933327159,0.9989925707715942,1616.833211353077,1.0106921595089071,1616.7082145359377,1.0038302058076414
1616.844322180533,0.9973732315350148,1616.844322180533,0.999004759220898,1616.8346002064511,0.9922148144694792,1616.7096033893106,1.00191686985469
1616.8457110339066,1.001130468688778,1616.8457110339066,0.9990100356746299,1616.835989059825,0.9890588363378068,1616.7109922431505,1.0049881702639294
1616.8470998872806,1.0096685182204692,1616.8470998872806,0.998955600978065,1616.837377913199,1.0015864500421146,1616.7123810965238,0.9993612472607164
1616.848488740654,1.0079592865080376,1616.848488740654,0.9988925211923386,1616.8387667665722,0.9982174863710322,1616.713769950364,1.0003763605351794
1616.8498775940282,1.0013653151928157,1616.8498775940282,0.9988813425804579,1616.840155619946,0.9980852368944234,1616.715158803738,0.9907973800739864
1616.8512664474013,1.0048553655462396,1616.8512664474013,0.9987710159920953,1616.8415444733198,0.9917687952942564,1616.7165476575767,0.9930894551498258
1616.8526553007748,0.9990910637008935,1616.8526553007748,0.998837420927758,1616.842933327159,1.0072123536505952,1616.7179365109505,0.9911583137688832
1616.8540441541493,1.0014418067287845,1616.8540441541493,0.9988628648743911,1616.844322180533,0.9963806050230064,1616.7193253647897,0.9925256619031936
1616.8554330075233,0.9922083747341143,1616.8554330075233,0.9988585422097397,1616.8457110339066,1.0001393852397351,1616.7207142181635,0.9986909612443792
1616.8568218608968,1.0003564152217792,1616.8568218608968,0.9988388127237913,1616.8470998872806,1.0086140214075612,1616.7221030720027,1.0009686288746684
1616.85821071427,0.9830118801970125,1616.85821071427,0.998833819986081,1616.848488740654,1.0068429929592444,1616.7234919253767,0.9917698826486376
1616.8595995676435,1.0203937055045158,1616.8595995676435,0.9988528238927838,1616.8498775940282,1.000245130453303,1616.724880779216,1.0048606100030897
1616.860988421018,0.9966069195234447,1616.860988421018,0.9989589868899558,1616.8512664474013,1.003620414371726,1616.72626963259,0.9948696581507336
1616.862377274392,1.0071539507468352,1616.862377274392,0.9989328778585331,1616.8526553007748,0.9979295413389708,1616.7276584864292,0.9979029011566324
1616.8637661277655,1.0002070279850073,1616.8637661277655,0.9988696344048053,1616.8540441541493,1.0003030320741,1616.7290473398032,0.9961705417484956
1616.8651549811386,0.9905637635725681,1616.8651549811386,0.9988245265198155,1616.8554330075233,0.9910758107552124,1616.7304361936424,0.9926962406217384
1616.8665438345115,0.9903478686383481,1616.8665438345115,0.998856989964881,1616.8568218608968,0.99919481408075,1616.7318250470164,1.0046606047566045
1616.8679326878862,1.0115045405785166,1616.8679326878862,0.9988833655750378,1616.85821071427,0.9818655113888818,1616.7332139008556,1.00414370366766
1616.869321541261,0.992146064866484,1616.869321541261,0.9988001013437482,1616.8595995676435,1.0192231342256073,1616.7346027542287,0.9873216517946036
1616.870710394635,1.004684666560133,1616.870710394635,0.9987455608538593,1616.860988421018,0.99556943865466,1616.7359916080677,1.0052547080066117
1616.8720992480078,0.9947610117076523,1616.8720992480078,0.9987691013079405,1616.862377274392,1.0060791944661274,1616.737380461442,1.0048663865732397
1616.8734881013806,0.9970504827715607,1616.8734881013806,0.9987765161267617,1616.8637661277655,0.999076428372501,1616.7387693148164,1.005225077599725
1616.8748769547549,0.9899594806722956,1616.8748769547549,0.9988251675333187,1616.8651549811386,0.9893993821380568,1616.7401581686556,0.9994938365355692
1616.8762658081291,0.9931963611197075,1616.8762658081291,0.9987444607256477,1616.8665438345115,0.9892158910862358,1616.7415470220287,0.9985886140132524
1616.8776546615034,0.9979102442061812,1616.8776546615034,0.9987504617260796,1616.8679326878862,1.010375059787501,1616.7429358758675,1.005789346563899
1616.8790435148765,0.9932094507810887,1616.8790435148765,0.9987463514607211,1616.869321541261,0.9909555901364452,1616.744324729242,1.0001268806643515
1616.8804323682496,0.9974605952261201,1616.8804323682496,0.9988299142056437,1616.870710394635,1.0034243507848728,1616.7457135826164,1.004544733555362
1616.881821221623,0.9889639399932761,1616.881821221623,0.9987918246333303,1616.8720992480078,0.9935365616794296,1616.747102436456,1.0011839930017872
1616.8832100749976,0.9931895797471159,1616.8832100749976,0.9986840860317783,1616.8734881013806,0.9958306075850852,1616.7484912898292,0.9961525324415578
1616.884598928372,0.9958641413730945,1616.884598928372,0.9987270542657758,1616.8748769547549,0.9887964441337028,1616.749880143668,1.0118845115474997
1616.8859877817451,1.0084361689194308,1616.8859877817451,0.9987283989150788,1616.8762658081291,0.991949364081178,1616.7512689970415,0.9859606239076336
1616.8873766351182,1.0036509239887281,1616.8873766351182,0.9987432614401275,1616.8776546615034,0.9966633171621084,1616.752657850416,0.9957966957203228
1616.8887654884925,1.0192230741232349,1616.8887654884925,0.9987563828766762,1616.8790435148765,0.991964315203919,1616.754046704256,0.99399311460022
1616.8901543418667,0.9884158294289939,1616.8901543418667,0.998696287380974,1616.8804323682496,0.9962934807532158,1616.7554355576292,1.005405510467349
1616.8915431952405,1.0085702307977387,1616.8915431952405,0.998684118026341,1616.881821221623,0.9877690981224516,1616.756824411468,1.00993529289997
1616.8929320481477,0.9989365731239712,1616.8929320481477,0.9986783367013035,1616.8832100749976,0.9918826277060344,1616.7582132648415,1.0017011659293271
1616.8943209015213,1.0022160703787428,1616.8943209015213,0.9986825573383971,1616.884598928372,0.9945964603624668,1616.7596021182155,1.006123911915053
1616.8957097548953,1.005404136792563,1616.8957097548953,0.9986593478745395,1616.8859877817451,1.007153840392959,1616.7609909720557,0.990170452313598
1616.8970986082688,1.003015359567608,1616.8970986082688,0.9986674657072855,1616.8873766351182,1.0023895971719,1616.7623798254292,0.993250723396482
1616.8984874616428,1.0078906113921382,1616.8984874616428,0.9986995035192117,1616.8887654884925,1.0179555508557685,1616.7637686788023,1.0072746726485655
1616.8998763150164,0.9963962783460671,1616.8998763150164,0.9987552761264284,1616.8901543418667,0.9871272192393222,1616.765157532642,1.0186717775947096
1616.9012651683904,0.9946325307285955,1616.9012651683904,0.9987290088138625,1616.8915431952405,1.007243071411863,1616.7665463860155,0.9964813212225616
1616.902654021764,1.0019506084248797,1616.902654021764,0.9986847972704809,1616.8929320481477,0.9976163153175476,1616.76793523939,1.0023671025281398
1616.904042875138,1.009845950815055,1616.904042875138,0.9986175594819452,1616.8943209015213,1.0008957081714818,1616.7693240932297,1.0064101579558933
1616.905431728511,0.99725520174195,1616.905431728511,0.998613735809871,1616.8957097548953,1.0040562395996253,1616.7707129466023,0.9998027810991168
1616.906820581419,0.9947833057457788,1616.906820581419,0.9986366608157085,1616.8970986082688,1.0016788072048646,1616.7721017999763,0.9997976161658064
1616.9082094347934,1.0114850140126728,1616.9082094347934,0.9987047802262963,1616.8984874616428,1.0065798531990031,1616.7734906538155,0.9885492748909348
1616.9095982881672,0.9903940641244375,1616.9095982881672,0.9987098732009704,1616.8998763150164,0.995156040110872,1616.7748795071896,1.0095042928071372
1616.910987141541,1.0065709061146515,1616.910987141541,0.9987796922455732,1616.9012651683904,0.9933683615485938,1616.776268360563,1.0013496106659678
1616.912375994914,0.9916391763616618,1616.912375994914,0.9986848101916974,1616.902654021764,1.000632840249836,1616.7776572144028,1.007891406461631
1616.9137648482877,0.994416023593713,1616.9137648482877,0.9987515456970669,1616.904042875138,1.0084498988556547,1616.7790460677763,1.0058513257636252
1616.915153701662,0.9988746003300963,1616.915153701662,0.99875308812722,1616.905431728511,0.9958727425673553,1616.7804349211503,1.0019645775281636
1616.9165425545705,0.9960559518748385,1616.9165425545705,0.998739483857416,1616.906820581419,0.9934270786851764,1616.781823774524,0.995410073278171
1616.917931407944,1.00828778048577,1616.917931407944,0.9988000261397476,1616.9082094347934,1.0101749186217186,1616.7832126283636,1.0066054060269607
1616.9193202613171,0.9931038932569438,1616.9193202613171,0.9987194093401308,1616.9095982881672,0.9891163302007108,1616.7846014817371,0.997275973396244
1616.9207091146902,1.0045485168452395,1616.9207091146902,0.9987128090221545,1616.910987141541,1.0053425798325393,1616.7859903351111,1.003605463248985
1616.9220979680647,1.000823673669423,1616.9220979680647,0.998611162525797,1616.912375994914,0.9903349826233974,1616.7873791889504,0.9949049971681214
1616.9234868209735,1.0017524371119382,1616.9234868209735,0.9985293184024365,1616.9137648482877,0.9931745406301518,1616.788768042324,1.0083462603912
1616.9248756743475,0.9959136773516876,1616.9248756743475,0.9986438050132687,1616.915153701662,0.9976290917315264,1616.790156895697,1.001496199628478
1616.9262645277204,0.9902796352001375,1616.9262645277204,0.9986918659026286,1616.9165425545705,0.9948004072685834,1616.791545749071,0.9969725335642512
1616.9276533810933,0.9993165790711342,1616.9276533810933,0.998713614840637,1616.917931407944,1.007077861505575,1616.7929346029111,1.0017463590957942
1616.9290422344675,0.9999211430962387,1616.9290422344675,0.9986530931778592,1616.9193202613171,0.9918321336869592,1616.7943234562847,0.9980810913558452
1616.9304310873763,0.9990773476744299,1616.9304310873763,0.998533809118357,1616.9207091146902,1.0032554710575483,1616.7957123096587,1.003839176481286
1616.9318199407503,0.9981124807427783,1616.9318199407503,0.9984627814497392,1616.9220979680647,0.9994336922463614,1616.7971011630318,1.0132208021222984
1616.9332087941236,1.0061475261218655,1616.9332087941236,0.9985150715083045,1616.9234868209735,1.0002791782373632,1616.798490016871,0.9892769188508784
1616.9345976474967,0.9830607375336015,1616.9345976474967,0.9985124260705293,1616.9248756743475,0.994563024215246,1616.7998788702455,1.00081673905955
1616.9359865008705,1.007635430247737,1616.9359865008705,0.9984544101478678,1616.9262645277204,0.9889842166433996,1616.8012677236195,1.0005468712940755
1616.937375353779,0.9918265485672764,1616.937375353779,0.9984003518203612,1616.9276533810933,0.9980310730543118,1616.802656576993,0.9981338280433316
1616.9387642071536,1.0022000614959077,1616.9387642071536,0.9983473196527191,1616.9290422344675,0.9985743424869996,1616.8040454303662,1.0066370072636632
1616.9401530605269,0.9914522221236972,1616.9401530605269,0.998307421734919,1616.9304310873763,0.9976125095772136,1616.805434284205,1.0046940409038252
1616.9415419138998,0.99740372015768,1616.9415419138998,0.9983158863079716,1616.9318199407503,0.9965781637221336,1616.8068231375794,0.9996969679259
1616.942930766808,0.9927801703576881,1616.942930766808,0.9983699083287663,1616.9332087941236,1.0046534689934783,1616.808211990954,1.003382215802603
1616.9443196201823,1.0034261773453836,1616.9443196201823,0.9983976409846712,1616.9345976474967,0.9815983620093602,1616.8096008443274,1.0040543367294583
1616.9457084735566,1.0008255271862598,1616.9457084735566,0.9984599931098954,1616.9359865008705,1.0060780391520974,1616.8109896977005,1.007967521268312
1616.9470973269297,0.998704779483816,1616.9470973269297,0.9985027221111908,1616.937375353779,0.9902399750343434,1616.8123785515393,1.002608291321811
1616.9484861798371,1.0082731657858244,1616.9484861798371,0.9984824811744775,1616.9387642071536,1.0005437451502297,1616.8137674049135,0.9982770190234008
1616.9498750332111,0.994279573191392,1616.9498750332111,0.998421159760429,1616.9401530605269,0.9897741116416644,1616.8151562582882,1.0160105457064657
1616.951263886585,0.9939419785766825,1616.951263886585,0.998384971626297,1616.9415419138998,0.9957239788960824,1616.8165451116613,0.9912614765157958
1616.9526527399591,1.004171060320459,1616.9526527399591,0.9983871440543738,1616.942930766808,0.991161847670622,1616.8179339650344,0.9953222694118922
1616.9540415928675,1.0087069364597425,1616.9540415928675,0.9984357187587689,1616.9443196201823,1.0018183283638973,1616.8193228184084,0.9883246002919276
1616.9554304462406,0.9909275489825994,1616.9554304462406,0.9984502979985876,1616.9457084735566,0.9992842489786004,1616.8207116722476,0.9931612205389826
1616.9568192996142,0.9886445552496638,1616.9568192996142,0.9985436686588828,1616.9470973269297,0.9972094409000468,1616.822100525622,1.0009107952135203
1616.9582081525225,0.9956360704340498,1616.9582081525225,0.9984411033012519,1616.9484861798371,1.0067430922754752,1616.823489378996,1.0075109683475216
1616.959597005896,0.9907251121574755,1616.959597005896,0.9984387851096036,1616.9498750332111,0.992709764591854,1616.8248782323687,1.0030786400513123
1616.9609858592698,0.9972367006004922,1616.9609858592698,0.9985210450245892,1616.951263886585,0.9923367340794668,1616.8262670857428,0.998314872547795
1616.962374712178,1.0016611716553132,1616.962374712178,0.998645944647676,1616.9526527399591,1.0025514770553954,1616.8276559391163,0.992509011789232
1616.9637635655515,1.011738630582441,1616.9637635655515,0.9986210825307815,1616.9540415928675,1.0071290351211388,1616.8290447924908,0.9897104334507176
1616.9651524189255,1.0031034999109574,1616.9651524189255,0.9986785615057883,1616.9554304462406,0.9893919065766864,1616.8304336463304,0.9932098796475396
1616.966541271833,1.008970036103454,1616.966541271833,0.9987430379330826,1616.9568192996142,0.9872047611986288,1616.8318224997035,1.0113812023883195
1616.9679301252063,0.9933595785706296,1616.9679301252063,0.9988093399707845,1616.9582081525225,0.9940839766506956,1616.833211353077,1.0106921595089071
1616.969318978581,0.9945917270296686,1616.969318978581,0.9987673174086813,1616.959597005896,0.9891783773600856,1616.8346002064511,0.9922148144694792
1616.970707831489,0.9959152365656423,1616.970707831489,0.9988552817700598,1616.9609858592698,0.9957618324204768,1616.835989059825,0.9890588363378068
1616.972096684863,0.9865230993971736,1616.972096684863,0.9989066358172386,1616.962374712178,1.0003048669846182,1616.837377913199,1.0015864500421146
1616.973485538236,0.9940259122874148,1616.973485538236,0.9988045426367297,1616.9637635655515,1.0103435265104477,1616.8387667665722,0.9982174863710322
1616.9748743911443,0.9902650505315566,1616.9748743911443,0.9987864573668612,1616.9651524189255,1.0017779603324966,1616.840155619946,0.9980852368944234
1616.9762632445188,0.9929982029962803,1616.9762632445188,0.9988275563890346,1616.966541271833,1.0077017990414157,1616.8415444733198,0.9917687952942564
1616.9776520978924,1.0025910373553557,1616.9776520978924,0.9988453592748613,1616.9679301252063,0.9921768250257872,1616.842933327159,1.0072123536505952
1616.9790409508005,1.0019141297068046,1616.9790409508005,0.9989116923585607,1616.969318978581,0.9933657111222896,1616.844322180533,0.9963806050230064
1616.9804298041734,0.996741635562411,1616.9804298041734,0.9988663802475294,1616.970707831489,0.9947751942388704,1616.8457110339066,1.0001393852397351
1616.9818186575465,0.9854928737835115,1616.9818186575465,0.9989540663764939,1616.972096684863,0.985444470374826,1616.8470998872806,1.0086140214075612
1616.9832075104553,1.0049465990384077,1616.9832075104553,0.9989576061976712,1616.973485538236,0.9928375966912892,1616.848488740654,1.0068429929592444
1616.9845963638295,1.0076099097328384,1616.9845963638295,0.9990281728007465,1616.9748743911443,0.9890633216746292,1616.8498775940282,1.000245130453303
1616.985985216738,1.0050784614338415,1616.985985216738,0.9990254738782188,1616.9762632445188,0.9918339685974772,1616.8512664474013,1.003620414371726
1616.9873740701112,1.0034527344175592,1616.9873740701112,0.9990195568742416,1616.9776520978924,1.001433404912966,1616.8526553007748,0.9979295413389708
1616.9887629234845,0.9983699711618274,1616.9887629234845,0.9989367538246259,1616.9790409508005,1.0008237389033787,1616.8540441541493,1.0003030320741
1616.990151776393,1.0005566106886232,1616.990151776393,0.9989632877603682,1616.9804298041734,0.9956117095562276,1616.8554330075233,0.9910758107552124
1616.9915406297675,1.0045486431993984,1616.9915406297675,0.9990297679715,1616.9818186575465,0.9844621136510956,1616.8568218608968,0.99919481408075
1616.9929294826754,1.0031547944280514,1616.9929294826754,0.9991372162076871,1616.9832075104553,1.0038990489318986,1616.85821071427,0.9818655113888818
1616.9943183360483,0.9961863017905442,1616.9943183360483,0.9991146498156459,1616.9845963638295,1.0066306870163226,1616.8595995676435,1.0192231342256073
1616.995707188956,0.9920633324064589,1616.995707188956,0.9992128281599407,1616.985985216738,1.0040989862187346,1616.860988421018,0.99556943865466
1616.9970960423295,1.0138010474752797,1616.9970960423295,0.9992313766032552,1616.9873740701112,1.002468906082076,1616.862377274392,1.0060791944661274
1616.998484895704,1.0028212609835447,1616.998484895704,0.9992996288369312,1616.9887629234845,0.9973084581083812,1616.8637661277655,0.999076428372501
1616.9998737486128,1.0034395452878064,1616.9998737486128,0.9993052201478979,1616.990151776393,0.9995193214038778,1616.8651549811386,0.9893993821380568
1617.001262601986,0.9974135191792964,1617.001262601986,0.9994237794125741,1616.9915406297675,1.00357399793158,1616.8665438345115,0.9892158910862358
1617.002651454893,0.9963142803726573,1617.002651454893,0.9994761351110373,1616.9929294826754,1.002289288730238,1616.8679326878862,1.010375059787501
1617.0040403082671,0.9887244414672891,1617.0040403082671,0.9995553891949203,1616.9943183360483,0.995304328064603,1616.869321541261,0.9909555901364452
1617.0054291611762,1.005488387714822,1617.0054291611762,0.9996232263617121,1616.995707188956,0.9912824080876332,1616.870710394635,1.0034243507848728
1617.0068180145506,1.0009101396716495,1617.0068180145506,0.9995986996602005,1616.9970960423295,1.0130218162705458,1616.8720992480078,0.9935365616794296
1617.008206867458,0.9927900206205045,1617.008206867458,0.9997274237256804,1616.998484895704,1.0021189138906397,1616.8734881013806,0.9958306075850852
1617.0095957208312,1.0094669351164367,1617.0095957208312,0.9998275676292788,1616.9998737486128,1.002742375708938,1616.8748769547549,0.9887964441337028
1617.010984573739,1.0064575173418673,1617.010984573739,0.9999390346114225,1617.001262601986,0.9968387889753684,1616.8762658081291,0.991949364081178
1617.012373427113,0.9930792704670581,1617.012373427113,0.999895150921333,1617.002651454893,0.995792346302798,1616.8776546615034,0.9966633171621084
1617.0137622800216,0.9955421888640084,1617.0137622800216,0.9999208800366347,1617.0040403082671,0.9882848438973664,1616.8790435148765,0.991964315203919
1617.0151511333954,1.0037536148976927,1617.0151511333954,0.9999310084712058,1617.0054291611762,1.0051095461967263,1616.8804323682496,0.9962934807532158
1617.0165399863029,1.0002763049048435,1617.0165399863029,0.9999506939457286,1617.0068180145506,1.0005084740924906,1616.881821221623,0.9877690981224516
1617.0179288396764,0.9958580795673081,1617.0179288396764,0.9999438202327946,1617.008206867458,0.992519409615502,1616.8832100749976,0.9918826277060344
1617.0193176925848,1.0029596811063797,1617.0193176925848,0.9999531401726534,1617.0095957208312,1.00929287033965,1616.884598928372,0.9945964603624668
1617.0207065459592,1.0027708920747593,1617.0207065459592,0.9999454702653918,1617.010984573739,1.006396158268236,1616.8859877817451,1.007153840392959
1617.0220953988671,1.0007947412384697,1617.0220953988671,0.9999260296246015,1617.012373427113,0.9929751470205064,1616.8873766351182,1.0023895971719
1617.0234842522402,1.0037730226395027,1617.0234842522402,0.9999517558999499,1617.0137622800216,0.9954634216024968,1616.8887654884925,1.0179555508557685
1617.0248731051486,0.9978753091223586,1617.0248731051486,0.9999572989905952,1617.0151511333954,1.003684364401268,1616.8901543418667,0.9871272192393222
1617.026261958522,1.003885279548067,1617.026261958522,1.0000387638455197,1617.0165399863029,1.0002269852270675,1616.8915431952405,1.007243071411863
1617.0276508114296,0.9946880245570818,1617.0276508114296,1.0000484863613741,1617.0179288396764,0.9958021324922284,1616.8929320481477,0.9976163153175476
1617.0290396648036,0.9978740068128646,1617.0290396648036,1.0000915438827067,1617.0193176925848,1.0029126825888874,1616.8943209015213,1.0008957081714818
1617.0304285177122,1.0051009881198913,1617.0304285177122,1.0000102050124087,1617.0207065459592,1.0027162112441417,1616.8957097548953,1.0040562395996253
1617.031817371086,1.005226722614644,1617.031817371086,1.0000603585058836,1617.0220953988671,1.0007207120757635,1616.8970986082688,1.0016788072048646
1617.0332062239938,1.0035823566316577,1617.0332062239938,1.0001523637253764,1617.0234842522402,1.003724596513371,1616.8984874616428,1.0065798531990031
1617.034595077367,1.0080981774944466,1617.034595077367,1.0000288155947972,1617.0248731051486,0.9978326988393988,1616.8998763150164,0.995156040110872
1617.0359839302753,1.0102385743237747,1617.0359839302753,1.0000369539800233,1617.026261958522,1.003924194001963,1616.9012651683904,0.9933683615485938
1617.037372783184,0.9864284761553681,1617.037372783184,0.9999830336418152,1617.0276508114296,0.994736253360095,1616.902654021764,1.000632840249836
1617.0387616365576,1.0038416158752925,1617.0387616365576,1.0000698730853819,1617.0290396648036,0.9979653560739004,1616.904042875138,1.0084498988556547
1617.040150489466,1.0099653192552136,1617.040150489466,1.000071068973681,1617.0304285177122,1.0051112451879471,1616.905431728511,0.9958727425673553
1617.041539342839,0.9987020082612708,1617.041539342839,1.0000767205126813,1617.031817371086,1.0052873965976954,1616.906820581419,0.9934270786851764
1617.0429281957463,1.0056960495032758,1617.0429281957463,1.0000974313028674,1617.0332062239938,1.0037352661782362,1616.9082094347934,1.0101749186217186
1617.044317049121,0.9884830551125178,1617.044317049121,1.0000634162379964,1617.034595077367,1.008127226443045,1616.9095982881672,0.9891163302007108
1617.0457059020298,0.997152240944915,1617.0457059020298,1.0001624563702156,1617.0359839302753,1.010275906659869,1616.910987141541,1.0053425798325393
1617.0470947549377,0.9891107934696364,1617.0470947549377,1.0001406085566238,1617.037372783184,0.986411740056518,1616.912375994914,0.9903349826233974
1617.0484836083108,0.9959838393590845,1617.0484836083108,1.0001319812528313,1617.0387616365576,1.0039117573862284,1616.9137648482877,0.9931745406301518
1617.0498724612182,1.0058897391342234,1617.0498724612182,1.0001530788010138,1617.040150489466,1.0100370964539065,1616.915153701662,0.9976290917315264
1617.0512613145927,1.0101676697933977,1617.0512613145927,1.0002501753792217,1617.041539342839,0.9987786291913604,1616.9165425545705,0.9948004072685834
1617.0526501675015,1.0029495768581578,1617.0526501675015,1.0003768199676863,1617.0429281957463,1.0057940357796675,1616.917931407944,1.007077861505575
1617.0540390204094,0.9853079409619071,1617.0540390204094,1.0004019041516472,1617.044317049121,0.9885457409891962,1616.9193202613171,0.9918321336869592
1617.0554278737825,0.9886191324750812,1617.0554278737825,1.0004202935327628,1617.0457059020298,0.9973142346785312,1616.9207091146902,1.0032554710575483
1617.05681672669,0.9951427751484843,1617.05681672669,1.0004979934562734,1617.0470947549377,0.9892498709106472,1616.9220979680647,0.9994336922463614
1617.0582055795985,1.0072135843318692,1617.0582055795985,1.0005639988436907,1617.0484836083108,0.9961152905540028,1616.9234868209735,1.0002791782373632
1617.0595944329727,1.0024557488949692,1617.0595944329727,1.0005529619350202,1617.0498724612182,1.006043719529442,1616.9248756743475,0.994563024215246
1617.0609832858815,0.996188752133268,1617.0609832858815,1.000526658516169,1617.0512613145927,1.0104203888732657,1616.9262645277204,0.9889842166433996
1617.062372138789,0.9993387253036891,1617.062372138789,1.0005428401966552,1617.0526501675015,1.0033275082853006,1616.9276533810933,0.9980310730543118
1617.063760992162,0.9949945840536578,1617.063760992162,1.0005443470159618,1617.0540390204094,0.9857039403140306,1616.9290422344675,0.9985743424869996
1617.06514984507,0.9924330493084446,1617.06514984507,1.0005697189064813,1617.0554278737825,0.989034642702826,1616.9304310873763,0.9976125095772136
1617.066538697978,1.0065640300043845,1617.066538697978,1.0005788073569415,1617.05681672669,0.995638349738566,1616.9318199407503,0.9965781637221336
1617.0679275513523,0.9987026279851221,1617.0679275513523,1.0005665213842925,1617.0582055795985,1.007781651628782,1616.9332087941236,1.0046534689934783
1617.0790383755482,0.9982696242133652,1617.0790383755482,1.0007192254283912,1617.0595944329727,1.0030100687656502,1616.9345976474967,0.9815983620093602
1617.0804272289215,0.9919116749243359,1617.0804272289215,1.0006209805008301,1617.0609832858815,0.9967134034232906,1616.9359865008705,1.0060780391520974
1617.08181608183,1.0044844988777049,1617.08181608183,1.0006266544649502,1617.062372138789,0.999881206533858,1616.937375353779,0.9902399750343434
1617.083204934738,0.9935422728000709,1617.083204934738,1.00063900303645,1617.063760992162,0.9955362063863856,1616.9387642071536,1.0005437451502297
1617.084593787646,1.011958885634752,1617.084593787646,1.0006331258579317,1617.06514984507,0.9929984571800524,1616.9401530605269,0.9897741116416644
1617.08598264102,1.002037880367108,1617.08598264102,1.0006911260115072,1617.066538697978,1.0071466366701838,1616.9415419138998,0.9957239788960824
1617.0873714939278,1.006297848889772,1617.0873714939278,1.000685647973783,1617.0679275513523,0.9992684143804248,1616.942930766808,0.991161847670622
1617.0887603468352,0.9980041247304133,1617.0887603468352,1.0006979477604219,1617.0790383755482,0.99898760511149,1616.9443196201823,1.0018183283638973
1617.0901491997436,1.0048462960231053,1617.0901491997436,1.0006599941797736,1617.0804272289215,0.9925276327330096,1616.9457084735566,0.9992842489786004
1617.091538053118,1.0058738516539232,1617.091538053118,1.0006794479651173,1617.08181608183,1.0051139635739,1616.9470973269297,0.9972094409000468
1617.092926906026,0.9991491297907206,1617.092926906026,1.000684951874809,1617.083204934738,0.9941771493292316,1616.9484861798371,1.0067430922754752
1617.0943157589345,1.0001680548258463,1617.0943157589345,1.0007431591733793,1617.084593787646,1.012599582972411,1616.9498750332111,0.992709764591854
1617.0957046118417,1.0110863246974096,1617.0957046118417,1.0007811003218468,1617.08598264102,1.0027304148107452,1616.951263886585,0.9923367340794668
1617.0970934652148,1.012507437999645,1617.0970934652148,1.0008876557454403,1617.0873714939278,1.0069878149708853,1616.9526527399591,1.0025514770553954
1617.0984823181236,0.9944268520073942,1617.0984823181236,1.0008640785087306,1617.0887603468352,0.9987006794741607,1616.9540415928675,1.0071290351211388
1617.0998711710322,1.0028985007518871,1617.0998711710322,1.0009811222421423,1617.0901491997436,1.0055094887300475,1616.9554304462406,0.9893919065766864
1617.1012600239403,1.0043141168258758,1617.1012600239403,1.0009792491240204,1617.091538053118,1.0065572905955942,1616.9568192996142,0.9872047611986288
1617.1026488768478,1.0048377891804077,1617.1026488768478,1.0010969849028855,1617.092926906026,0.9998334988603846,1616.9582081525225,0.9940839766506956
1617.1040377302209,1.0049986015044041,1617.1040377302209,1.0010401903665023,1617.0943157589345,1.000911338890711,1616.959597005896,0.9891783773600856
1617.1054265831297,0.993976338833182,1617.1054265831297,1.0010129133780663,1617.0957046118417,1.0118760845510455,1616.9609858592698,0.9957618324204768
1617.1068154360385,1.0014517602607045,1617.1068154360385,1.0009999275277963,1617.0970934652148,1.0134061960442864,1616.962374712178,1.0003048669846182
1617.1082042889464,0.9985029879664588,1617.1082042889464,1.0010758456120434,1617.0984823181236,0.9952861148787184,1616.9637635655515,1.0103435265104477
1617.1095931418538,1.000202150913701,1617.1095931418538,1.0010974914304331,1617.0998711710322,1.003882466777586,1616.9651524189255,1.0017779603324966
1617.110981995227,1.0003196975733533,1617.110981995227,1.0009997591861957,1617.1012600239403,1.0052975905450188,1616.966541271833,1.0077017990414157
1617.1123708481352,0.9938439294994557,1617.1123708481352,1.0010019947561561,1617.1026488768478,1.0059400810649874,1616.9679301252063,0.9921768250257872
1617.113759701044,0.9951035326264248,1617.113759701044,1.0009338273691533,1617.1040377302209,1.0060439913680372,1616.969318978581,0.9933657111222896
1617.1151485539528,1.000777052946144,1617.1151485539528,1.0009688251598008,1617.1054265831297,0.9949831507642676,1616.970707831489,0.9947751942388704
1617.11653740686,0.9980053378403513,1617.11653740686,1.000942692237892,1617.1068154360385,1.0024531394435492,1616.972096684863,0.985444470374826
1617.1179262597673,1.002573424673755,1617.1179262597673,1.000977737189818,1617.1082042889464,0.9995772230246748,1616.973485538236,0.9928375966912892
1617.1193151131413,1.0026155727638237,1617.1193151131413,1.0009244060796891,1617.1095931418538,1.0012998642030295,1616.9748743911443,0.9890633216746292
1617.12070396605,1.0021479960227295,1617.12070396605,1.0009107464016451,1617.110981995227,1.0013197763801347,1616.9762632445188,0.9918339685974772
1617.122092818959,1.0057023665648592,1617.122092818959,1.0010304324300063,1617.1123708481352,0.9948397559052518,1616.9776520978924,1.001433404912966
1617.1234816718663,1.0005488637294033,1617.1234816718663,1.0009984372262006,1617.113759701044,0.9960327875403324,1616.9790409508005,1.0008237389033787
1617.1248705247738,0.9955494272172108,1617.1248705247738,1.0009338073143572,1617.1151485539528,1.0017466309343894,1616.9804298041734,0.9956117095562276
1617.1262593776817,1.0082890802929765,1617.1262593776817,1.0008604664350635,1617.11653740686,0.998946149725708,1616.9818186575465,0.9844621136510956
1617.12764823059,0.9972817198441901,1617.12764823059,1.0009148071501208,1617.1179262597673,1.003553677996582,1616.9832075104553,1.0038990489318986
1617.1290370839645,1.008916870146552,1617.1290370839645,1.0010020797368069,1617.1193151131413,1.0035423966948775,1616.9845963638295,1.0066306870163226
1617.1304259368724,0.9998915906381063,1617.1304259368724,1.0011031863777924,1617.12070396605,1.0030606987040231,1616.985985216738,1.0040989862187346
1617.1318147897798,0.9927127840425842,1617.1318147897798,1.0010662120214868,1617.122092818959,1.0067386748983018,1616.9873740701112,1.002468906082076
1617.1332036426882,1.0060469296068362,1617.1332036426882,1.001080262459025,1617.1234816718663,1.0015478489615834,1616.9887629234845,0.9973084581083812
1617.134592495596,1.0030391337613809,1617.134592495596,1.0010823876031985,1617.1248705247738,0.9964790785541504,1616.990151776393,0.9995193214038778
1617.1359813485049,1.0098184972145907,1617.1359813485049,1.0009871805085586,1617.1262593776817,1.0091566792034097,1616.9915406297675,1.00357399793158
1617.1373702014128,1.0001203774696126,1617.1373702014128,1.0009733838643493,1617.12764823059,0.9981940402921884,1616.9929294826754,1.002289288730238
1617.1387590543202,1.0049568274135308,1617.1387590543202,1.0009874655481001,1617.1290370839645,1.0099278852982485,1616.9943183360483,0.995304328064603
1617.1401479072283,1.0040764931548503,1617.1401479072283,1.0009722076181116,1617.1304259368724,1.0009946574201674,1616.995707188956,0.9912824080876332
1617.1415367601364,0.99406968022243,1617.1415367601364,1.000927602396073,1617.1318147897798,0.993771226346814,1616.9970960423295,1.0130218162705458
1617.1429256135095,1.0050625601535361,1617.1429256135095,1.0008717484395608,1617.1332036426882,1.0071337243369076,1616.998484895704,1.0021189138906397
1617.144314466418,0.9978230054387074,1617.144314466418,1.0008598375990718,1617.134592495596,1.0041248108852872,1616.9998737486128,1.002742375708938
1617.145703319327,0.9985719848852825,1617.145703319327,1.0007769158124902,1617.1359813485049,1.010815370352223,1617.001262601986,0.9968387889753684
1617.1470921722346,1.000910063834036,1617.1470921722346,1.0008010427601108,1617.1373702014128,1.0010938785074484,1617.002651454893,0.995792346302798
1617.148481025143,1.0041208641137567,1617.148481025143,1.00075593133927,1617.1387590543202,1.0059491876579296,1617.0040403082671,0.9882848438973664
1617.1498698780504,1.0130301920808291,1617.1498698780504,1.0006735219799314,1617.1401479072283,1.005052663970662,1617.0054291611762,1.0051095461967263
1617.1512587309585,1.0041001960068918,1617.1512587309585,1.0007321311257176,1617.1415367601364,0.9949917816396678,1617.0068180145506,1.0005084740924906
1617.152647583867,0.9943255766176089,1617.152647583867,1.0006431463648426,1617.1429256135095,1.005938721872011,1617.008206867458,0.992519409615502
1617.154036436775,1.0062668292192678,1617.154036436775,1.0007158877683935,1617.144314466418,0.9986809711760024,1617.0095957208312,1.00929287033965
1617.1554252896833,0.9960558789836781,1617.1554252896833,1.0008057964485564,1617.145703319327,0.9993477912502496,1617.010984573739,1.006396158268236
1617.1568141425907,1.0009225415422949,1617.1568141425907,1.0008192560154572,1617.1470921722346,1.0017118355941923,1617.012373427113,0.9929751470205064
1617.1582029954982,1.0031756539046885,1617.1582029954982,1.0007137886394575,1617.148481025143,1.004879910543355,1617.0137622800216,0.9954634216024968
1617.159591848407,0.9904589482044714,1617.159591848407,1.0006934088794133,1617.1498698780504,1.0137124901815298,1617.0151511333954,1.003684364401268
1617.1609807013158,0.992199947892326,1617.1609807013158,1.0006331409401013,1617.1512587309585,1.0048353290137275,1617.0165399863029,1.0002269852270675
1617.1623695542237,0.9985285720358176,1617.1623695542237,1.0005316487072526,1617.152647583867,0.9949650734976806,1617.0179288396764,0.9958021324922284
1617.1637584071311,1.0009564060019798,1617.1637584071311,1.00061864677848,1617.154036436775,1.006987203334046,1617.0193176925848,1.0029126825888874
1617.1651472600386,0.99287982453928,1617.1651472600386,1.0005396110908933,1617.1554252896833,0.9968584972735268,1617.0207065459592,1.0027162112441417
1617.1665361129474,0.9978398134409849,1617.1665361129474,1.0004331802782667,1617.1568141425907,1.00174255335546,1617.0220953988671,1.0007207120757635
1617.1679249658562,0.9970192433298367,1617.1679249658562,1.0004489669812742,1617.1582029954982,1.003891709289826,1617.0234842522402,1.003724596513371
1617.1693138187643,1.0017238405553988,1617.1693138187643,1.0003435792823718,1617.159591848407,0.9911457412338508,1617.0248731051486,0.9978326988393988
1617.1707026716715,1.0037154336566645,1617.1707026716715,1.00047116890347,1617.1609807013158,0.992828150300103,1617.026261958522,1.003924194001963
1617.172091524579,1.0003468675708271,1617.172091524579,1.000433634501452,1617.1623695542237,0.9990594384602952,1617.0276508114296,0.994736253360095
1617.1734803774873,0.9979955756151166,1617.1734803774873,1.0004888847539295,1617.1637584071311,1.0015756444579518,1617.0290396648036,0.9979653560739004
1617.174869230396,1.0015589593189744,1617.174869230396,1.0005670897403907,1617.1651472600386,0.9934155935045256,1617.0304285177122,1.0051112451879471
1617.176258083305,1.003881712760907,1617.176258083305,1.0004985261790407,1617.1665361129474,0.9982720579690368,1617.031817371086,1.0052873965976954
1617.1776469362123,1.0077341742709836,1617.1776469362123,1.000409053105029,1617.1679249658562,0.9974668720497868,1617.0332062239938,1.0037352661782362
1617.1790357891198,1.0003650672064868,1617.1790357891198,1.0003587080202367,1617.1693138187643,1.0020680121136716,1617.034595077367,1.008127226443045
1617.1804246420277,1.0001773666951872,1617.1804246420277,1.0003584995095545,1617.1707026716715,1.0041883531569364,1617.0359839302753,1.010275906659869
1617.1818134949365,1.0114096465830198,1617.1818134949365,1.000444781019474,1617.172091524579,1.0007806524860252,1617.037372783184,0.986411740056518
1617.1832023478453,1.012209638936174,1617.1832023478453,1.0005100534548759,1617.1734803774873,0.998483480436524,1617.0387616365576,1.0039117573862284
1617.1845912007527,1.005972452168309,1617.1845912007527,1.0003990321347744,1617.174869230396,1.0021269331292006,1617.040150489466,1.0100370964539065
1617.1859800531945,0.9933880113780308,1617.1859800531945,1.000353885660392,1617.176258083305,1.0043821740753784,1617.041539342839,0.9987786291913604
1617.1873689061024,1.0095999960794018,1617.1873689061024,1.0003734390317052,1617.1776469362123,1.008146391064013,1617.0429281957463,1.0057940357796675
1617.1887577590107,0.9909943396413946,1617.1887577590107,1.0003312154122006,1617.1790357891198,1.0007239061792583,1617.044317049121,0.9885457409891962
1617.1901466119195,1.0028959447668913,1617.1901466119195,1.000317626792769,1617.1804246420277,1.000535929790615,1617.0457059020298,0.9973142346785312
1617.1915354648274,0.9932287134205958,1617.1915354648274,1.0003169261407372,1617.1818134949365,1.011859502396733,1617.0470947549377,0.9892498709106472
1617.1929243177349,0.9934139038332324,1617.1929243177349,1.000220681939651,1617.1832023478453,1.0127259199595722,1617.0484836083108,0.9961152905540028
1617.1943131706432,0.9976357483309616,1617.1943131706432,1.000189515250922,1617.1845912007527,1.0063738675034222,1617.0498724612182,1.006043719529442
1617.1957020235511,1.0001621124168563,1617.1957020235511,1.0001617570466064,1617.1859800531945,0.9937395571504628,1617.0512613145927,1.0104203888732657
1617.1970908764597,1.005354877957204,1617.1970908764597,1.0001636565208754,1617.1873689061024,1.0099770201243472,1617.0526501675015,1.0033275082853006
1617.1984797293674,1.0112842323859679,1617.1984797293674,1.00010126408677,1617.1887577590107,0.9913225722400874,1617.0540390204094,0.9857039403140306
1617.1998685822757,0.9887530033014987,1617.1998685822757,1.0000568567134511,1617.1901466119195,1.0032144913893086,1617.0554278737825,0.989034642702826
1617.201257434718,1.0013524003507823,1617.201257434718,1.000016284952729,1617.1915354648274,0.9935434935636096,1617.05681672669,0.995638349738566
1617.2026462876263,1.0041234224895343,1617.2026462876263,0.9999720093255404,1617.1929243177349,0.9936331323404066,1617.0582055795985,1.007781651628782
1617.2040351405335,0.9905401922589949,1617.2040351405335,0.999943358011599,1617.1943131706432,0.9978248155201352,1617.0595944329727,1.0030100687656502
1617.2054239934416,0.9951009737263243,1617.2054239934416,0.9999128074388067,1617.1957020235511,1.0003238956862883,1617.0609832858815,0.9967134034232906
1617.2068128463504,0.9932544376043507,1617.2068128463504,0.9999183972553655,1617.1970908764597,1.0055194108387755,1617.062372138789,0.999881206533858
1617.2082016992583,0.9956542675208607,1617.2082016992583,0.999848592297069,1617.1984797293674,1.0113866391602253,1617.063760992162,0.9955362063863856
1617.209590552167,0.9878570273954693,1617.209590552167,0.9998690937093482,1617.1998685822757,0.9888092205476814,1617.06514984507,0.9929984571800524
1617.2109794046085,0.9987620251707658,1617.2109794046085,0.9998524347058658,1617.201257434718,1.001368707327287,1617.066538697978,1.0071466366701838
1617.212368257516,0.9951286840111121,1617.212368257516,0.9997774035280185,1617.2026462876263,1.0040953163976982,1617.0679275513523,0.9992684143804248
1617.2137571104247,1.0021778461605697,1617.2137571104247,0.9996900880909411,1617.2040351405335,0.9904840860929142,1617.0790383755482,0.99898760511149
1617.2151459633335,1.0014625429497348,1617.2151459633335,0.9997603336951993,1617.2054239934416,0.9950142083237792,1617.0804272289215,0.9925276327330096
1617.2165348162414,1.0041888267195471,1617.2165348162414,0.9997453367366935,1617.2068128463504,0.9931733853161218,1617.08181608183,1.0051139635739
1617.2179236691488,1.0099090931220744,1617.2179236691488,0.9997120216207157,1617.2082016992583,0.995503517795302,1617.083204934738,0.9941771493292316
1617.2193125215906,1.0002616280360148,1617.2193125215906,0.99965031978561,1617.209590552167,0.9877277106963186,1617.084593787646,1.012599582972411
1617.2207013744994,0.9989266837744953,1617.2207013744994,0.9996086375763337,1617.2109794046085,0.9986146425587514,1617.08598264102,1.0027304148107452
1617.2220902274082,1.0134059714095822,1617.2220902274082,0.9996108005506816,1617.212368257516,0.9949071718768836,1617.0873714939278,1.0069878149708853
1617.223479080316,0.9923744370426911,1617.223479080316,0.9995647440422475,1617.2137571104247,1.0018672593110496,1617.0887603468352,0.9987006794741607
1617.2248679332235,1.0125102486675366,1617.2248679332235,0.9995434177923364,1617.2151459633335,1.0012225261226697,1617.0901491997436,1.0055094887300475
1617.226256785665,0.9934552662065703,1617.226256785665,0.9994585716077413,1617.2165348162414,1.0039330967159588,1617.091538053118,1.0065572905955942
1617.2276456385737,1.009029782525683,1617.2276456385737,0.9993918320092027,1617.2179236691488,1.0096182611382127,1617.092926906026,0.9998334988603846
1617.2290344914825,0.9974827591250471,1617.2290344914825,0.9992903614492618,1617.2193125215906,0.9999118563354772,1617.0943157589345,1.000911338890711
1617.2304233443913,0.9984899711797317,1617.2304233443913,0.9992985820810408,1617.2207013744994,0.9985357414064684,1617.0957046118417,1.0118760845510455
1617.231812196833,0.9934234528706571,1617.231812196833,0.9992826131877486,1617.2220902274082,1.0130115543635736,1617.0970934652148,1.0134061960442864
1617.2332010497405,1.005617661377646,1617.2332010497405,0.9992292690241412,1617.223479080316,0.991942500156647,1617.0984823181236,0.9952861148787184
1617.2345899026484,1.0106047669067637,1617.2345899026484,0.9992878559345446,1617.2248679332235,1.012047954502918,1617.0998711710322,1.003882466777586
1617.2359787555572,0.9884236528469583,1617.2359787555572,0.9993023012942752,1617.226256785665,0.9929173813190072,1617.1012600239403,1.0052975905450188
1617.2373676080003,1.005139449048528,1617.2373676080003,0.9992328042221018,1617.2276456385737,1.0084161229101898,1617.1026488768478,1.0059400810649874
1617.2387564609078,0.9946449800259752,1617.2387564609078,0.999217334559421,1617.2290344914825,0.9967749069054752,1617.1040377302209,1.0060439913680372
1617.2401453138152,1.0020347380957237,1617.2401453138152,0.9992067996520103,1617.2304233443913,0.9977896124220452,1617.1054265831297,0.9949831507642676
1617.241534166723,0.9976357075354896,1617.241534166723,0.9991249657559769,1617.231812196833,0.9927107839865864,1617.1068154360385,1.0024531394435492
1617.2429230191658,1.010752023453072,1617.2429230191658,0.999171383102672,1617.2332010497405,1.0048426006961515,1617.1082042889464,0.9995772230246748
1617.2443118720746,0.9973706772077787,1617.2443118720746,0.9990715726288193,1617.2345899026484,1.0098850707194902,1617.1095931418538,1.0012998642030295
1617.2457007249825,0.9928978465352106,1617.2457007249825,0.9990122213572666,1617.2359787555572,0.9877340309436592,1617.110981995227,1.0013197763801347
1617.24708957789,1.0101318179041143,1617.24708957789,0.9989255172128455,1617.2373676080003,1.004368310307019,1617.1123708481352,0.9948397559052518
1617.2484784303326,1.0049165890156686,1617.2484784303326,0.9988013283385941,1617.2387564609078,0.9938665057744634,1617.113759701044,0.9960327875403324
1617.2498672832403,0.9883923263330168,1617.2498672832403,0.9988103144435033,1617.2401453138152,1.0012399237927685,1617.1151485539528,1.0017466309343894
1617.2512561361489,0.9964663055744841,1617.2512561361489,0.9987759313038919,1617.241534166723,0.9967627421283358,1617.11653740686,0.998946149725708
1617.252644988591,1.0041280510861983,1617.252644988591,0.9986478378329082,1617.2429230191658,1.0099144972474303,1617.1179262597673,1.003553677996582
1617.2540338414994,1.0182499945604584,1617.2540338414994,0.9985886400710333,1617.2443118720746,0.996444690971846,1617.1193151131413,1.0035423966948775
1617.2554226944071,1.0076460042883595,1617.2554226944071,0.9984860850444943,1617.2457007249825,0.9919170832479872,1617.12070396605,1.0030606987040231
1617.2568115468496,1.00248921556416,1617.2568115468496,0.9984068564237202,1617.24708957789,1.0090464486530193,1617.122092818959,1.0067386748983018
1617.258200399757,1.0035989787828825,1617.258200399757,0.9984487237150235,1617.2484784303326,1.0037120239783388,1617.1234816718663,1.0015478489615834
1617.2595892526654,0.9948828021803107,1617.2595892526654,0.9983380091910483,1617.2498672832403,0.9872164502582262,1617.1248705247738,0.9964790785541504
1617.2609781055742,0.9861326026381676,1617.2609781055742,0.9982776268040999,1617.2512561361489,0.9952465623631038,1617.1262593776817,1.0091566792034097
1617.2623669580164,1.005611037237997,1617.2623669580164,0.998191800717005,1617.252644988591,1.002770307124604,1617.12764823059,0.9981940402921884
1617.2637558109247,0.9976478075948579,1617.2637558109247,0.9981340332266736,1617.2540338414994,1.0168128773204652,1617.1290370839645,1.0099278852982485
1617.2651446633663,0.9923069185625754,1617.2651446633663,0.9980156526200787,1617.2554226944071,1.0061205139326117,1617.1304259368724,1.0009946574201674
1617.2665335162744,1.0009140725997305,1617.2665335162744,0.9980231464890915,1617.2568115468496,1.0008921063100942,1617.1318147897798,0.993771226346814
1617.2679223691832,0.9958244770424836,1617.2679223691832,0.9980692378480277,1617.258200399757,1.00204211948747,1617.1332036426882,1.0071337243369076
1617.269311221626,0.9957304428751393,1617.269311221626,0.9979821498436293,1617.2595892526654,0.9932293161071029,1617.134592495596,1.0041248108852872
1617.2707000745338,0.9945811612046257,1617.2707000745338,0.9980546555267749,1617.2609781055742,0.9844341142757804,1617.1359813485049,1.010815370352223
1617.2720889274412,1.0076962935481408,1617.2720889274412,0.9979844708013758,1617.2623669580164,1.0037926920814912,1617.1373702014128,1.0010938785074484
1617.273477779883,0.9978296194641949,1617.273477779883,0.9979651063098279,1617.2637558109247,0.995786229934404,1617.1387590543202,1.0059491876579296
1617.2748666327918,0.9967989112401404,1617.2748666327918,0.9978935612138244,1617.2651446633663,0.990337836928648,1617.1401479072283,1.005052663970662
1617.2762554857006,1.006092451959874,1617.2762554857006,0.9977634765767708,1617.2665335162744,0.998935412101194,1617.1415367601364,0.9949917816396678
1617.2776443381429,0.9881649137269674,1617.2776443381429,0.9976917331595968,1617.2679223691832,0.9939017768322024,1617.1429256135095,1.005938721872011
1617.2790331910503,1.0046719431168312,1617.2790331910503,0.9977723711015999,1617.269311221626,0.9937212080452807,1617.144314466418,0.9986809711760024
1617.280422043492,1.012449042658545,1617.280422043492,0.9976745650567224,1617.2707000745338,0.9926463582395024,1617.145703319327,0.9993477912502496
1617.2818108964009,1.0098527569036038,1617.2818108964009,0.9977262154150447,1617.2720889274412,1.005665252245149,1617.1470921722346,1.0017118355941923
1617.2831997493097,0.9950261283453088,1617.2831997493097,0.9977173398350228,1617.273477779883,0.9957991422676804,1617.148481025143,1.004879910543355
1617.2845886017524,1.0037336960512893,1617.2845886017524,0.9977289160915886,1617.2748666327918,0.9946992153514866,1617.1498698780504,1.0137124901815298
1617.2859774546598,1.0026780160486037,1617.2859774546598,0.9978182236094882,1617.2762554857006,1.0038423026251315,1617.1512587309585,1.0048353290137275
1617.2873663071016,0.9984449005451412,1617.2873663071016,0.9979086663689877,1617.2776443381429,0.9858839654237616,1617.152647583867,0.9949650734976806
1617.2887551600095,1.0057330427762061,1617.2887551600095,0.9979475257879364,1617.2790331910503,1.0024339068629322,1617.154036436775,1.006987203334046
1617.2901440124526,0.9864744904383328,1617.2901440124526,0.9978856977361977,1617.280422043492,1.010094658276459,1617.1554252896833,0.9968584972735268
1617.2915328653614,0.9974027301828577,1617.2915328653614,0.997881552336722,1617.2818108964009,1.0075565692718818,1617.1568141425907,1.00174255335546
1617.2929217182689,1.002634545559911,1617.2929217182689,0.9979117110581299,1617.2831997493097,0.9927548218390234,1617.1582029954982,1.003891709289826
1617.2943105707106,0.9943685711694902,1617.2943105707106,0.9978553693756931,1617.2845886017524,1.001454132605857,1617.159591848407,0.9911457412338508
1617.2956994236183,1.0153598611018682,1617.2956994236183,0.9977963157729264,1617.2859774546598,1.0004903968259038,1617.1609807013158,0.992828150300103
1617.2970882760617,0.9916188566935307,1617.2970882760617,0.9977442217738466,1617.2873663071016,0.9963568191459184,1617.1623695542237,0.9990594384602952
1617.29847712897,1.0016665378205556,1617.29847712897,0.9977256835340963,1617.2887551600095,1.0036688016416877,1617.1637584071311,1.0015756444579518
1617.2998659814118,1.0075094170541956,1617.2998659814118,0.9977606797891718,1617.2901440124526,0.9843887851900158,1617.1651472600386,0.9934155935045256
1617.3012548343197,0.9999644643089434,1617.3012548343197,0.9977929247692651,1617.2915328653614,0.9952897846997548,1617.1665361129474,0.9982720579690368
1617.3026436867624,0.9994692035419721,1617.3026436867624,0.9976885164116981,1617.2929217182689,1.0005407549256813,1617.1679249658562,0.9974668720497868
1617.3040325396703,1.0000939438255663,1617.3040325396703,0.9976705384859942,1617.2943105707106,0.9922360178799118,1617.1693138187643,1.0020680121136716
1617.305421392113,0.995644218535188,1617.305421392113,0.9976650414972863,1617.2956994236183,1.0131223285911544,1617.1707026716715,1.0041883531569364
1617.3068102450209,1.0055757102870493,1617.3068102450209,0.9976286250825859,1617.2970882760617,0.9893819844679582,1617.172091524579,1.0007806524860252
1617.308199097463,1.0057034813406778,1617.308199097463,0.9975082994635902,1617.29847712897,0.9993884311202454,1617.1734803774873,0.998483480436524
1617.3095879503717,0.9957406995103212,1617.3095879503717,0.9973904454094946,1617.2998659814118,1.0052532808539865,1617.174869230396,1.0021269331292006
1617.3109768028137,1.0006120280667683,1617.3109768028137,0.9972955864510574,1617.3012548343197,0.997757467508152,1617.176258083305,1.0043821740753784
1617.312365655722,1.001680570439838,1617.312365655722,0.9973258003787383,1617.3026436867624,0.9971589468809716,1617.1776469362123,1.008146391064013
1617.3137545081645,0.9972668266754934,1617.3137545081645,0.9972870836780093,1617.3040325396703,0.9977642634730344,1617.1790357891198,1.0007239061792583
1617.3151433610726,0.9958408607658044,1617.3151433610726,0.9973828711907952,1617.305421392113,0.9933194306014416,1617.1804246420277,1.000535929790615
1617.3165322135148,0.9954243964283669,1617.3165322135148,0.9973989884370651,1617.3068102450209,1.0031911132701137,1617.1818134949365,1.011859502396733
1617.3179210664232,0.9971867318485544,1617.3179210664232,0.9974899953464978,1617.308199097463,1.003197569436752,1617.1832023478453,1.0127259199595722
1617.319309918865,0.9857233911013253,1617.319309918865,0.9974669163705933,1617.3095879503717,0.993142259796961,1617.1845912007527,1.0063738675034222
1617.3206987717729,0.9996896418130174,1617.3206987717729,0.9975267789025791,1617.3109768028137,0.9979059593408296,1617.1859800531945,0.9937395571504628
1617.322087624216,1.0028692042252334,1617.322087624216,0.9975092736983617,1617.312365655722,0.9990018766377424,1617.1873689061024,1.0099770201243472
1617.3234764771244,0.9918216636621844,1617.3234764771244,0.9974294753985209,1617.3137545081645,0.9945613252240256,1617.1887577590107,0.9913225722400874
1617.3248653295666,0.9969074500887156,1617.3248653295666,0.9973635533304847,1617.3151433610726,0.9932346169597108,1617.1901466119195,1.0032144913893086
1617.326254182474,0.99731895652882,1617.326254182474,0.9973824155174705,1617.3165322135148,0.9928352860632292,1617.1915354648274,0.9935434935636096
1617.3276430349165,0.9968414484838506,1617.3276430349165,0.9973751176928632,1617.3179210664232,0.994683788511204,1617.1929243177349,0.9936331323404066
1617.3290318873594,0.999450844291273,1617.3290318873594,0.9973640024672418,1617.319309918865,0.9832264713162032,1617.1943131706432,0.9978248155201352
1617.3304207402678,0.9967295657259079,1617.3304207402678,0.9974707090813703,1617.3206987717729,0.9972171883000124,1617.1957020235511,1.0003238956862883
1617.33180959271,0.9961934089390434,1617.33180959271,0.9974440616365426,1617.322087624216,1.0003713315211666,1617.1970908764597,1.0055194108387755
1617.3331984456174,0.9989988444778746,1617.3331984456174,0.9975343759906525,1617.3234764771244,0.9892721616754608,1617.1984797293674,1.0113866391602253
1617.3345872980592,0.9999422284717321,1617.3345872980592,0.9974919460121567,1617.3248653295666,0.9942791567621142,1617.1998685822757,0.9888092205476814
1617.335976150968,1.0078034936934739,1617.335976150968,0.9975812034029535,1617.326254182474,0.9947083899040776,1617.201257434718,1.001368707327287
1617.3373650034112,0.9955923037433774,1617.3373650034112,0.9975300988056907,1617.3276430349165,0.9942248570027048,1617.2026462876263,1.0040953163976982
1617.3387538558538,0.9983233855084239,1617.3387538558538,0.9976245473314415,1617.3290318873594,0.996816294331608,1617.2040351405335,0.9904840860929142
1617.3401427087613,1.0107833233501131,1617.3401427087613,0.9975668833597536,1617.3304207402678,0.9942085466869875,1617.2054239934416,0.9950142083237792
1617.3415315612028,1.0057762894499207,1617.3415315612028,0.9975723096808358,1617.33180959271,0.9936471999877128,1617.2068128463504,0.9931733853161218
1617.3429204141114,1.004160217296028,1617.3429204141114,0.9975623033232321,1617.3331984456174,0.9965356889416196,1617.2082016992583,0.995503517795302
1617.3443092665543,0.9913014014170675,1617.3443092665543,0.9975002100684124,1617.3345872980592,0.9974343193780006,1617.209590552167,0.9877277106963186
1617.3456981189963,1.0005486035965208,1617.3456981189963,0.997514414900686,1617.335976150968,1.0053658220324366,1617.2109794046085,0.9986146425587514
1617.3470869719038,1.0121085474763256,1617.3470869719038,0.9975517944902679,1617.3373650034112,0.9931332891233164,1617.212368257516,0.9949071718768836
1617.3484758243465,1.0030658315720646,1617.3484758243465,0.9975253248695206,1617.3387538558538,0.9959519155582336,1617.2137571104247,1.0018672593110496
1617.349864676789,0.9913344503807686,1617.349864676789,0.9975075393444867,1617.3401427087613,1.0083239696263864,1617.2151459633335,1.0012225261226697
1617.3512535296975,0.9872703486994647,1617.3512535296975,0.9974773640336667,1617.3415315612028,1.0033345760887782,1617.2165348162414,1.0039330967159588
1617.3526423821402,1.0000205061876273,1617.3526423821402,0.9974653785796034,1617.3429204141114,1.001712379271383,1617.2179236691488,1.0096182611382127
1617.3540312350476,0.9936241605643332,1617.3540312350476,0.9974454206310227,1617.3443092665543,0.9888233561546363,1617.2193125215906,0.9999118563354772
1617.3554200874898,1.0109510605455945,1617.3554200874898,0.9974053330548842,1617.3456981189963,0.998061654896282,1617.2207013744994,0.9985357414064684
1617.3568089399323,0.9948506198635262,1617.3568089399323,0.9974633337272412,1617.3470869719038,1.009630697753947,1617.2220902274082,1.0130115543635736
1617.358197792841,0.9986607738092264,1617.358197792841,0.9975708045248528,1617.3484758243465,1.0005835695044396,1617.223479080316,0.991942500156647
1617.3595866452836,1.0118249299309425,1617.3595866452836,0.9975440103907334,1617.349864676789,0.9888635882667396,1617.2248679332235,1.012047954502918
1617.3609754977251,1.0055565687335222,1617.3609754977251,0.9975148129393732,1617.3512535296975,0.984779825009341,1617.226256785665,0.9929173813190072
1617.3623643501676,0.9933104278940614,1617.3623643501676,0.997610762199005,1617.3526423821402,0.9974858327918082,1617.2276456385737,1.0084161229101898
1617.363753203076,0.9939952308679245,1617.363753203076,0.9976127766580842,1617.3540312350476,0.9910858687832382,1617.2290344914825,0.9967749069054752
1617.3651420555182,0.9970017441556521,1617.3651420555182,0.9976260636996617,1617.3554200874898,1.008327979245667,1617.2304233443913,0.9977896124220452
1617.3665309079609,0.9903835617889262,1617.3665309079609,0.9976193263258399,1617.3568089399323,0.9923270158496852,1617.231812196833,0.9927107839865864
1617.3679197608687,1.0067964657080446,1617.3679197608687,0.9976580319811856,1617.358197792841,0.996234831576282,1617.2332010497405,1.0048426006961515
1617.3693086133114,0.9899076860026967,1617.3693086133114,0.9975527099274708,1617.3595866452836,1.0093398984166353,1617.2345899026484,1.0098850707194902
1617.3706974657537,0.9987103599118601,1617.3706974657537,0.9975964673843565,1617.3609754977251,1.0030575725601774,1617.2359787555572,0.9877340309436592
1617.372086318662,0.9930424738586284,1617.372086318662,0.9976912714217454,1617.3623643501676,0.9909371730716144,1617.2373676080003,1.004368310307019
1617.3734751711038,0.9909009703401461,1617.3734751711038,0.9976817826200958,1617.363753203076,0.9916223422510436,1617.2387564609078,0.9938665057744634
1617.374864023546,1.0050233582785444,1617.374864023546,0.997669289899735,1617.3651420555182,0.9946349255237004,1617.2401453138152,1.0012399237927685
1617.3762528759892,0.9911480681842092,1617.3762528759892,0.9977404399388066,1617.3665309079609,0.9880257817160544,1617.241534166723,0.9967627421283358
1617.3776417288973,0.9939470887882356,1617.3776417288973,0.9978257396925809,1617.3679197608687,1.0044385805839011,1617.2429230191658,1.0099144972474303
1617.3790305813395,0.9882676352216675,1617.3790305813395,0.9977661371993022,1617.3693086133114,0.987485094750022,1617.2443118720746,0.996444690971846
1617.3804194337815,0.9978034886086382,1617.3804194337815,0.9977925667110618,1617.3706974657537,0.9963099269882308,1617.2457007249825,0.9919170832479872
1617.3818082862238,0.9879518941482512,1617.3818082862238,0.9977319926556463,1617.372086318662,0.9907498083198104,1617.24708957789,1.0090464486530193
1617.3831971391326,1.0008973371098493,1617.3831971391326,0.9977032599621987,1617.3734751711038,0.9886038464889396,1617.2484784303326,1.0037120239783388
1617.3845859915752,0.9842918244170121,1617.3845859915752,0.9976895557618153,1617.374864023546,1.0026809401864023,1617.2498672832403,0.9872164502582262
1617.3859748440177,1.0004766063267763,1617.3859748440177,0.9977939206070014,1617.3762528759892,0.9889085095946112,1617.2512561361489,0.9952465623631038
1617.3873636964593,0.9979618980934544,1617.3873636964593,0.9978840372824916,1617.3776417288973,0.9917859890854086,1617.252644988591,1.002770307124604
1617.3887525493667,0.9965298906035986,1617.3887525493667,0.9979001214530486,1617.3790305813395,0.9860599809142122,1617.2540338414994,1.0168128773204652
1617.3901414018098,0.9927564185543473,1617.3901414018098,0.9979301452533612,1617.3804194337815,0.9956009039720648,1617.2554226944071,1.0061205139326117
1617.391530254253,1.009025416618739,1617.391530254253,0.9980591562263228,1617.3818082862238,0.9857112119964548,1617.2568115468496,1.0008921063100942
1617.3929191066948,1.0016764887903506,1617.3929191066948,0.9980218925403647,1617.3831971391326,0.9985985361219804,1617.258200399757,1.00204211948747
1617.3943079596022,1.0001065087979968,1617.3943079596022,0.9981130814166328,1617.3845859915752,0.9820176730425956,1617.2595892526654,0.9932293161071029
1617.3956968120444,1.0057218859424455,1617.3956968120444,0.9982162522414273,1617.3859748440177,0.9982694755023817,1617.2609781055742,0.9844341142757804
1617.3970856644876,0.9871601646347854,1617.3970856644876,0.9982698381466542,1617.3873636964593,0.9958502479235948,1617.2623669580164,1.0037926920814912
1617.3984745169307,1.0011978368371575,1617.3984745169307,0.9982700724939891,1617.3887525493667,0.9944372988649244,1617.2637558109247,0.995786229934404
1617.3998633693725,0.9989698985300738,1617.3998633693725,0.9982484757467791,1617.3901414018098,0.9907015569691464,1617.2651446633663,0.990337836928648
1617.40125222228,0.992202838377625,1617.40125222228,0.9982653437323018,1617.391530254253,1.0070670559214123,1617.2665335162744,0.998935412101194
1617.4026410747226,0.9982108598331021,1617.4026410747226,0.9982476178339798,1617.3929191066948,0.999695065055733,1617.2679223691832,0.9939017768322024
1617.4040299271649,1.00560794184096,1617.4040299271649,0.9983104362154581,1617.3943079596022,0.9982193892411992,1617.269311221626,0.9937212080452807
1617.405418779608,0.9959589200700092,1617.405418779608,0.9983442634897921,1617.3956968120444,1.0039279317826482,1617.2707000745338,0.9926463582395024
1617.406807632051,1.0039736266842445,1617.406807632051,0.9982972152472113,1617.3970856644876,0.9854522177747916,1617.2720889274412,1.005665252245149
1617.4081964844925,1.0024456317093462,1617.4081964844925,0.9982390190458779,1617.3984745169307,0.9994658371602544,1617.273477779883,0.9957991422676804
1617.4095853374004,1.0111848741712732,1617.4095853374004,0.9982419676681176,1617.3998633693725,0.9972201785245608,1617.2748666327918,0.9946992153514866
1617.4109741898428,1.0037907295355046,1617.4109741898428,0.998234906703011,1617.40125222228,0.9904817075052054,1617.2762554857006,1.0038423026251315
1617.4123630422855,1.0046618241656498,1617.4123630422855,0.9982884000484914,1617.4026410747226,0.9964616129244028,1617.2776443381429,0.9858839654237616
1617.4137518947284,1.0047537833551246,1617.4137518947284,0.9983464451865987,1617.4040299271649,1.0039089030809778,1617.2790331910503,1.0024339068629322
1617.4151407471702,0.993932339819194,1617.4151407471702,0.9983352361038428,1617.405418779608,0.994309874523382,1617.280422043492,1.010094658276459
1617.4165295996124,0.9929725769545732,1617.4165295996124,0.9984062110277931,1617.406807632051,1.0022640757005246,1617.2818108964009,1.0075565692718818
1617.4179184520551,1.0033110183501737,1617.4179184520551,0.9984450425347925,1617.4081964844925,1.000680344044363,1617.2831997493097,0.9927548218390234
1617.4193073044974,0.9909759623213783,1617.4193073044974,0.9984892314135039,1617.4095853374004,1.0094071784689698,1617.2845886017524,1.001454132605857
1617.4206961574057,0.9987784719545341,1617.4206961574057,0.9985743893319848,1617.4109741898428,1.0020189452472217,1617.2859774546598,1.0004903968259038
1617.422085009848,0.9993759416424092,1617.422085009848,0.9984815663126602,1617.4123630422855,1.0029422450361254,1617.2873663071016,0.9963568191459184
1617.4234738622906,1.000130590544791,1617.4234738622906,0.998601125289746,1617.4137518947284,1.0030923679003745,1617.2887551600095,1.0036688016416877
1617.4248627147329,1.0038365850523028,1617.4248627147329,0.9986604984623012,1617.4151407471702,0.99227767714464,1617.2901440124526,0.9843887851900158
1617.4262515671755,1.0119300141889012,1617.4262515671755,0.9986620993729304,1617.4165295996124,0.9913899882117192,1617.2915328653614,0.9952897846997548
1617.4276404196178,0.9831597925619475,1617.4276404196178,0.998677604889154,1617.4179184520551,1.0017509123922652,1617.2929217182689,1.0005407549256813
1617.4290292720602,1.0046488947994388,1617.4290292720602,0.9986494849113973,1617.4193073044974,0.9894788269675304,1617.2943105707106,0.9922360178799118
1617.4304181245027,1.0014171425795442,1617.4304181245027,0.998683943547373,1617.4206961574057,0.9973546027099318,1617.2956994236183,1.0131223285911544
1617.431806976945,0.9967231951536494,1617.431806976945,0.9987374485069727,1617.422085009848,0.9978584555463024,1617.2970882760617,0.9893819844679582
1617.4331958293876,0.9907440331995853,1617.4331958293876,0.998726540571492,1617.4234738622906,0.9987315331547264,1617.29847712897,0.9993884311202454
1617.434584682295,0.9884727358843108,1617.434584682295,0.998737864236671,1617.4248627147329,1.002491944403027,1617.2998659814118,1.0052532808539865
1617.4359735347373,0.9952856293247275,1617.4359735347373,0.9988526066601199,1617.4262515671755,1.0105761523883672,1617.3012548343197,0.997757467508152
1617.4373623871804,0.9982220761477929,1617.4373623871804,0.9989342963968348,1617.4276404196178,0.9818596668590832,1617.3026436867624,0.9971589468809716
1617.4387512396231,1.001366250790678,1617.4387512396231,0.998866632318405,1617.4290292720602,1.003292101308264,1617.3040325396703,0.9977642634730344
1617.440140092065,1.0139010296224202,1617.440140092065,0.9988712311874707,1617.4304181245027,1.000099221087281,1617.305421392113,0.9933194306014416
1617.441528944507,1.0093691101102866,1617.441528944507,0.99885461266959,1617.431806976945,0.9954647807954732,1617.3068102450209,1.0031911132701137
1617.4429177969498,1.0052339584043222,1617.4429177969498,0.9988780358910163,1617.4331958293876,0.9894823608692692,1617.308199097463,1.003197569436752
1617.444306649393,0.9874791295062987,1617.444306649393,0.9989676643209446,1617.434584682295,0.9872251490932756,1617.3095879503717,0.993142259796961
1617.4456955018352,1.006056014819563,1617.4456955018352,0.9990400443425855,1617.4359735347373,0.994143645222362,1617.3109768028137,0.9979059593408296
1617.447084354277,0.9993577260523996,1617.447084354277,0.9990131910408278,1617.4373623871804,0.9971582672844832,1617.312365655722,0.9990018766377424
1617.4484732067187,0.9968972968514865,1617.4484732067187,0.9990069560565495,1617.4387512396231,1.000231334644592,1617.3137545081645,0.9945613252240256
1617.449862059161,0.998180341562583,1617.449862059161,0.9990184104657899,1617.440140092065,1.012756569761191,1617.3151433610726,0.9932346169597108
1617.451250911604,0.993722889581679,1617.451250911604,0.9990140543077705,1617.441528944507,1.008212991519859,1617.3165322135148,0.9928352860632292
1617.4526397640473,1.0013469160276585,1617.4526397640473,0.9991261048774639,1617.4429177969498,1.004106121981861,1617.3179210664232,0.994683788511204
1617.454028616489,1.003144642329162,1617.454028616489,0.9991990861603386,1617.444306649393,0.9864597195685868,1617.319309918865,0.9832264713162032
1617.4554174689308,1.0049365176609575,1617.4554174689308,0.9992814789927688,1617.4456955018352,1.005090245656461,1617.3206987717729,0.9972171883000124
1617.4568063213735,0.991868858201473,1617.4568063213735,0.9992602664487634,1617.447084354277,0.998371550894913,1617.322087624216,1.0003713315211666
1617.4581951738166,1.003785043183545,1617.4581951738166,0.999377436914867,1617.4484732067187,0.995907334028606,1617.3234764771244,0.9892721616754608
1617.4595840262598,0.9878187899706664,1617.4595840262598,0.9994036481317216,1617.449862059161,0.9972005381860508,1617.3248653295666,0.9942791567621142
1617.4609728787016,1.0012866763186776,1617.4609728787016,0.9993664834810728,1617.451250911604,0.992743132779426,1617.326254182474,0.9947083899040776
1617.4623617311431,0.9935700493627727,1617.4623617311431,0.9992809330705935,1617.4526397640473,1.0004718438417752,1617.3276430349165,0.9942248570027048
1617.4637505835856,1.0108307978592503,1617.4637505835856,0.9992660332921075,1617.454028616489,1.0023412099019382,1617.3290318873594,0.996816294331608
1617.4651394360278,0.9963276110289992,1617.4651394360278,0.9993702693741904,1617.4554174689308,1.0042144496620842,1617.3304207402678,0.9942085466869875
1617.466528288471,1.002595745321531,1617.466528288471,0.999324373400019,1617.4568063213735,0.9911351395286346,1617.33180959271,0.9936471999877128
1617.4679171409136,1.0031622869162533,1617.4679171409136,0.9992310331826796,1617.4581951738166,1.0031601236702503,1617.3331984456174,0.9965356889416196
1617.4693059933554,0.9990273279133834,1617.4693059933554,0.9991533162981698,1617.4595840262598,0.9872297023897468,1617.3345872980592,0.9974343193780006
1617.4706948457977,1.0024875829631472,1617.4706948457977,0.9991545902687328,1617.4609728787016,1.000652344669048,1617.335976150968,1.0053658220324366
1617.4720836982403,1.0154500512874123,1617.4720836982403,0.9991926397491016,1617.4623617311431,0.9928556059982272,1617.3373650034112,0.9931332891233164
1617.4734725502178,1.0017578165755858,1617.4734725502178,0.9991843825489402,1617.4637505835856,1.0100888817063092,1617.3387538558538,0.9959519155582336
1617.47486140266,0.986430193626546,1617.47486140266,0.9991096389256876,1617.4651394360278,0.9957001930189946,1617.3401427087613,1.0083239696263864
1617.4762502551018,1.0017045639790374,1617.4762502551018,0.9991289507606549,1617.466528288471,1.001918364966964,1617.3415315612028,1.0033345760887782
1617.4776391075443,0.9912269234016067,1617.4776391075443,0.9991440440297454,1617.4679171409136,1.0023908884052275,1617.3429204141114,1.001712379271383
1617.4790279599868,1.0035512814053993,1617.4790279599868,0.9992263265478205,1617.4693059933554,0.9981814677571562,1617.3443092665543,0.9888233561546363
1617.4804168124283,0.9921706205205518,1617.4804168124283,0.9993056086036801,1617.4706948457977,1.0016400702050356,1617.3456981189963,0.998061654896282
1617.4818056648708,1.01231916849979,1617.4818056648708,0.9992883397864956,1617.4720836982403,1.01463021727923,1617.3470869719038,1.009630697753947
1617.483194517314,1.0079188988959122,1617.483194517314,0.9993507213770997,1617.4734725502178,1.000940765418651,1617.3484758243465,1.0005835695044396
1617.4845833697566,1.0175733591698133,1617.4845833697566,0.9994190154854161,1617.47486140266,0.9855519145796146,1617.349864676789,0.9888635882667396
1617.4859722221988,1.0023876579320845,1617.4859722221988,0.9994145347332049,1617.4762502551018,1.0008320299805349,1617.3512535296975,0.984779825009341
1617.4873610746406,1.0028699269981531,1617.4873610746406,0.9993346905290974,1617.4776391075443,0.990378476798644,1617.3526423821402,0.9974858327918082
1617.4887499266176,1.0053763153729123,1617.4887499266176,0.9993889026720454,1617.4790279599868,1.002774860421075,1617.3540312350476,0.9910858687832382
1617.4901387790608,0.9959738152055643,1617.4901387790608,0.9994578611986963,1617.4804168124283,0.991481665777981,1617.3554200874898,1.008327979245667
1617.491527631503,1.0009559478595418,1617.491527631503,0.9994773188400965,1617.4818056648708,1.011598741224201,1617.3568089399323,0.9923270158496852
1617.4929164839457,1.0019086855939705,1617.4929164839457,0.9995138901306542,1617.483194517314,1.007264478701242,1617.358197792841,0.996234831576282
1617.4943053363877,0.993093764886907,1617.4943053363877,0.9994505289239592,1617.4845833697566,1.0169821648056825,1617.3595866452836,1.0093398984166353
1617.4956941888292,1.0020935251700531,1617.4956941888292,0.999453700532347,1617.4859722221988,1.0018007947745011,1617.3609754977251,1.0030575725601774
1617.4970830412724,1.0033935798883953,1617.4970830412724,0.9994504256096126,1617.4873610746406,1.002202708137638,1617.3623643501676,0.9909371730716144
1617.4984718932496,1.0053784990898038,1617.4984718932496,0.9994728493749523,1617.4887499266176,1.004761932592999,1617.363753203076,0.9916223422510436
1617.499860745692,1.0024261328324173,1617.499860745692,0.9995346127327109,1617.4901387790608,0.9954338591552588,1617.3651420555182,0.9946349255237004
1617.501249598134,0.9993988287661222,1617.501249598134,0.999538820594286,1617.491527631503,1.0004327670437023,1617.3665309079609,0.9880257817160544
1617.5026384505757,1.006602010601919,1617.5026384505757,0.9995390799193478,1617.4929164839457,1.00142164789372,1617.3679197608687,1.0044385805839011
1617.5040273030188,0.9966238128183319,1617.5040273030188,0.9995912897705301,1617.4943053363877,0.9925480885873053,1617.3693086133114,0.987485094750022
1617.505416155462,1.013395699390841,1617.505416155462,0.9997126727221625,1617.4956941888292,1.001546082010714,1617.3706974657537,0.9963099269882308
1617.509582712322,1.0180565532699977,1617.509582712322,0.9997343705338613,1617.4970830412724,1.0028421404734096,1617.372086318662,0.9907498083198104
1617.5109715647648,1.010565616723091,1617.5109715647648,0.9997455312280761,1617.4984718932496,1.004848513185599,1617.3734751711038,0.9886038464889396
1617.512360417208,1.0172596335676438,1617.512360417208,0.9997867636661254,1617.499860745692,1.0019596164737994,1617.374864023546,1.0026809401864023
1617.5137492691854,1.0101199235304295,1617.5137492691854,0.9998648524834398,1617.501249598134,0.9989379266082006,1617.3762528759892,0.9889085095946112
1617.515138121627,0.9996292786700443,1617.515138121627,0.9998502308166415,1617.5026384505757,1.0061380475220076,1617.3776417288973,0.9917859890854086
1617.5165269740685,1.0088027762877592,1617.5165269740685,0.9998499438374836,1617.5040273030188,0.9962164824710998,1617.3790305813395,0.9860599809142122
1617.5179158265112,0.995437965324723,1617.5179158265112,0.9997524885265592,1617.505416155462,1.0131045231631628,1617.3804194337815,0.9956009039720648
1617.5193046789534,1.0039273721739965,1617.5193046789534,0.999707849471001,1617.509582712322,1.0177861274512536,1617.3818082862238,0.9857112119964548
1617.5206935309309,1.0127399475073584,1617.5206935309309,0.999691156486144,1617.5109715647648,1.010308459331655,1617.3831971391326,0.9985985361219804
1617.5220823833736,0.999497828285051,1617.5220823833736,0.9996411466373049,1617.512360417208,1.0170427168527831,1617.3845859915752,0.9820176730425956
1617.5234712358154,1.0060816909889239,1617.5234712358154,0.9996349164079158,1617.5137492691854,1.0099834083313364,1617.3859748440177,0.9982694755023817
1617.5248600882576,0.9931028370495141,1617.5248600882576,0.9996382081504643,1617.515138121627,0.9994795650093166,1617.3873636964593,0.9958502479235948
1617.5262489402346,0.9969779082732504,1617.5262489402346,0.9996136993373433,1617.5165269740685,1.0086513992144135,1617.3887525493667,0.9944372988649244
1617.5276377926768,1.0023365445504575,1617.5276377926768,0.9996130345818205,1617.5179158265112,0.9951915830072064,1617.3901414018098,0.9907015569691464
1617.5290266451195,0.9990254864799134,1617.5290266451195,0.9996012040625398,1617.5193046789534,1.0036340742611394,1617.391530254253,1.0070670559214123
1617.5304154975618,1.0078766144458442,1617.5304154975618,0.9995049840798839,1617.5206935309309,1.012427169343348,1617.3929191066948,0.999695065055733
1617.5318043495388,1.0015097106837223,1617.5318043495388,0.999526641039765,1617.5220823833736,0.9991391551283644,1617.3943079596022,0.9982193892411992
1617.533193201981,0.9997986490071132,1617.533193201981,0.9994513737613405,1617.5234712358154,1.0057143870712475,1617.3956968120444,1.0039279317826482
1617.5345820544228,0.9949421065516997,1617.5345820544228,0.999477462331335,1617.5248600882576,0.9927435405373188,1617.3970856644876,0.9854522177747916
1617.535970906865,1.001276655267271,1617.535970906865,0.9993938609025471,1617.5262489402346,0.9965927750466304,1617.3984745169307,0.9994658371602544
1617.5373597588425,1.0083398456581476,1617.5373597588425,0.9993287465737627,1617.5276377926768,1.001948674970339,1617.3998633693725,0.9972201785245608
1617.5387486112852,1.0038455850578165,1617.5387486112852,0.9992635466645092,1617.5290266451195,0.998627079174486,1617.40125222228,0.9904817075052054
1617.5401374637274,1.016536776587616,1617.5401374637274,0.9991854975235605,1617.5304154975618,1.0073776994761807,1617.4026410747226,0.9964616129244028
1617.5415263157035,1.0032972865451328,1617.5415263157035,0.9992563706307811,1617.5318043495388,1.0010356370884077,1617.4040299271649,1.0039089030809778
1617.5429151681462,0.999923170544275,1617.5429151681462,0.9993259594693659,1617.533193201981,0.9992501332348916,1617.405418779608,0.994309874523382
1617.5443040205894,1.0074143569084235,1617.5443040205894,0.9993057475081982,1617.5345820544228,0.9944222118228856,1617.406807632051,1.0022640757005246
1617.545692872566,1.0021808306160858,1617.545692872566,0.9993225550156558,1617.535970906865,1.0006697423391466,1617.4081964844925,1.000680344044363
1617.5470817250086,0.9947770901643271,1617.5470817250086,0.9993969092764325,1617.5373597588425,1.007662994081938,1617.4095853374004,1.0094071784689698
1617.5484705774504,1.0049857116884022,1617.5484705774504,0.9994703249062483,1617.5387486112852,1.003106299628383,1617.4109741898428,1.0020189452472217
1617.5498594294263,1.0084620721374926,1617.5498594294263,0.9994901234048387,1617.5401374637274,1.0157088048656937,1617.4123630422855,1.0029422450361254
1617.5512482818692,1.0060507410210584,1617.5512482818692,0.999514084745594,1617.5415263157035,1.0025512052168002,1617.4137518947284,1.0030923679003745
1617.5526371343124,0.9995674316512325,1617.5526371343124,0.9993782452441009,1617.5429151681462,0.999249181799808,1617.4151407471702,0.99227767714464
1617.5540259862894,0.9937666532625941,1617.5540259862894,0.9993512426699827,1617.5443040205894,1.0067149569808629,1617.4165295996124,0.9913899882117192
1617.5554148387312,1.0018970125646156,1617.5554148387312,0.9992766635558971,1617.545692872566,1.001501908238979,1617.4179184520551,1.0017509123922652
1617.556803691173,1.0001587710004347,1617.556803691173,0.9992657953041009,1617.5470817250086,0.9941771493292316,1617.4193073044974,0.9894788269675304
1617.5581925431504,1.0026108888530256,1617.5581925431504,0.9993074493761245,1617.5484705774504,1.0044533957873445,1617.4206961574057,0.9973546027099318
1617.5595813955936,1.0143854670132613,1617.5595813955936,0.9994426884390792,1617.5498594294263,1.007947880929802,1617.422085009848,0.9978584555463024
1617.5609702480358,1.006093440949029,1617.5609702480358,0.9995044924058533,1617.5512482818692,1.0055618856192898,1617.4234738622906,0.9987315331547264
1617.562359100012,1.0085923664841177,1617.562359100012,0.9995027065150315,1617.5526371343124,0.9989459458467616,1617.4248627147329,1.002491944403027
1617.5637479524537,0.9899443812242379,1617.5637479524537,0.9995562842913761,1617.5540259862894,0.9931219398619632,1617.4262515671755,1.0105761523883672
1617.5651368044307,0.9955959224030233,1617.5651368044307,0.999515099630588,1617.5554148387312,1.0011723039421898,1617.4276404196178,0.9818596668590832
1617.566525656874,0.9902368938876255,1617.566525656874,0.9995172133356199,1617.556803691173,0.9994244497341216,1617.4290292720602,1.003292101308264
1617.567914509316,0.9964504976177605,1617.567914509316,0.9994427616745913,1617.5581925431504,1.001916530056446,1617.4304181245027,1.000099221087281
1617.5693033612922,1.004914180192806,1617.5693033612922,0.9994308306100073,1617.5595813955936,1.0138201382652647,1617.431806976945,0.9954647807954732
1617.5706922137344,1.001834426546897,1617.5706922137344,0.9995060322386199,1617.5609702480358,1.0055949140086176,1617.4331958293876,0.9894823608692692
1617.5720810657117,0.9947095699977779,1617.5720810657117,0.9994625613410858,1617.562359100012,1.008090800071276,1617.434584682295,0.9872251490932756
1617.5734699181546,1.0001831406005943,1617.5734699181546,0.9995538013562522,1617.5637479524537,0.9895051273516248,1617.4359735347373,0.994143645222362
1617.5748587705968,0.9845354920343975,1617.5748587705968,0.9996414224362014,1617.5651368044307,0.995113157572465,1617.4373623871804,0.9971582672844832
1617.576247622573,0.9940479232819289,1617.576247622573,0.999645144088242,1617.566525656874,0.9897588207206794,1617.4387512396231,1.000231334644592
1617.5776364750157,1.0109767014150048,1617.5776364750157,0.9996510568512397,1617.567914509316,0.9958952372111154,1617.440140092065,1.012756569761191
1617.5790253269922,1.0025216418971037,1617.5790253269922,0.9995950311168951,1617.5693033612922,1.0043422138018707,1617.441528944507,1.008212991519859
1617.580414179435,1.006603343808937,1617.580414179435,0.9995335026972708,1617.5706922137344,1.001339552637942,1617.4429177969498,1.004106121981861
1617.5818030314117,0.9904127360554179,1617.5818030314117,0.9994758232278083,1617.5720810657117,0.9941749746204692,1617.444306649393,0.9864597195685868
1617.5831918838542,1.007435968489558,1617.5831918838542,0.9995802487279223,1617.5734699181546,0.9997368602397588,1617.4456955018352,1.005090245656461
1617.5845807358307,0.9996283096797575,1617.5845807358307,0.9994984262817228,1617.5748587705968,0.9841824596961904,1617.447084354277,0.998371550894913
1617.585969588273,0.9935635573235267,1617.585969588273,0.9995224845270864,1617.576247622573,0.9936951794997816,1617.4484732067187,0.995907334028606
1617.5873584407157,0.9967735013126175,1617.5873584407157,0.9995719466513565,1617.5776364750157,1.0106239280214897,1617.449862059161,0.9972005381860508
1617.5887472926922,0.9887998253129198,1617.5887472926922,0.9995692896529262,1617.5790253269922,1.002115651827496,1617.451250911604,0.992743132779426
1617.590136145135,1.0118901009470924,1617.590136145135,0.9994761269344277,1617.580414179435,1.006133766064132,1617.4526397640473,1.0004718438417752
1617.5915249971115,1.018996814347376,1617.5915249971115,0.9994619372785778,1617.5818030314117,0.9898935847042948,1617.454028616489,1.0023412099019382
1617.5929138495542,0.9925653176957059,1617.5929138495542,0.9994006579589405,1617.5831918838542,1.0070130959602477,1617.4554174689308,1.0042144496620842
1617.5943027015308,0.9938020011949344,1617.5943027015308,0.9994439164031018,1617.5845807358307,0.9991269223915762,1617.4568063213735,0.9911351395286346
1617.5956915539723,0.9899980775465165,1617.5956915539723,0.9995240363411249,1617.585969588273,0.9930891153515816,1617.4581951738166,1.0031601236702503
1617.5970804059496,1.0024059824173155,1617.5970804059496,0.9994541631710931,1617.5873584407157,0.9963468290775416,1617.4595840262598,0.9872297023897468
1617.5984692583927,1.0074693528548602,1617.5984692583927,0.9994585563203775,1617.5887472926922,0.9883739389969728,1617.4609728787016,1.000652344669048
1617.5998581103693,0.9924486650933205,1617.5998581103693,0.9994461586465349,1617.590136145135,1.011359998977887,1617.4623617311431,0.9928556059982272
1617.601246962812,0.9938178523542345,1617.601246962812,0.9995008027642514,1617.5915249971115,1.0184485301483277,1617.4637505835856,1.0100888817063092
1617.6026358147878,0.9940439145082567,1617.6026358147878,0.9995092285134544,1617.5929138495542,0.9919704315723132,1617.4651394360278,0.9957001930189946
1617.6040246672303,1.005733764470137,1617.6040246672303,0.9996396285787058,1617.5943027015308,0.9932493642035054,1617.466528288471,1.001918364966964
1617.6054135192078,1.0022578588205682,1617.6054135192078,0.9995989567282167,1617.5956915539723,0.989526874439248,1617.4679171409136,1.0023908884052275
1617.60680237165,1.0053683104877114,1617.60680237165,0.9995937017378808,1617.5970804059496,1.0018588323145956,1617.4693059933554,0.9981814677571562
1617.608191223626,1.0010529046053265,1617.608191223626,0.999575557407004,1617.5984692583927,1.0069238649413434,1617.4706948457977,1.0016400702050356
1617.6095800756025,1.0039482678416345,1617.6095800756025,0.9995291834283796,1617.5998581103693,0.9918990059814006,1617.4720836982403,1.01463021727923
1617.610968928045,1.0082211746372678,1617.610968928045,0.9994212286757906,1617.601246962812,0.9933217412295016,1617.4734725502178,1.000940765418651
1617.6123577800224,0.9947358340987484,1617.6123577800224,0.9993472207205295,1617.6026358147878,0.9935560660986418,1617.47486140266,0.9855519145796146
1617.6137466324656,0.9992295936109331,1617.6137466324656,0.9992805844023958,1617.6040246672303,1.0053713267639912,1617.4762502551018,1.0008320299805349
1617.6151354844417,1.0010577694071632,1617.6151354844417,0.9991872014048956,1617.6054135192078,1.0018559100496962,1617.4776391075443,0.990378476798644
1617.6165243368837,0.9977407214136815,1617.6165243368837,0.9991687023740553,1617.60680237165,1.0049598310903705,1617.4790279599868,1.002774860421075
1617.61791318886,0.9971755867258991,1617.61791318886,0.9990979485912452,1617.608191223626,1.0006280151147695,1617.4804168124283,0.991481665777981
1617.6193020408375,0.9988373076564203,1617.6193020408375,0.9991109762792848,1617.6095800756025,1.003475592360085,1617.4818056648708,1.011598741224201
1617.6206908932809,0.9923431461781259,1617.6206908932809,0.9992169981123455,1617.610968928045,1.007637645132927,1617.483194517314,1.007264478701242
1617.6220797452568,0.9967366498637492,1617.6220797452568,0.9992077191503014,1617.6123577800224,0.994086491157702,1617.4845833697566,1.0169821648056825
1617.6234685976983,0.9955974762855951,1617.6234685976983,0.9992505332146608,1617.6137466324656,0.9985107322557016,1617.4859722221988,1.0018007947745011
1617.6248574496751,0.9997219888342239,1617.6248574496751,0.9992216338689486,1617.6151354844417,1.0002441110585707,1617.4873610746406,1.002202708137638
1617.6262463021178,1.0039045338641093,1617.6262463021178,0.9992548295284454,1617.6165243368837,0.996911301920662,1617.4887499266176,1.004761932592999
1617.6276351540953,0.9892080432485282,1617.6276351540953,0.9992851295211544,1617.61791318886,0.9962760830831172,1617.4901387790608,0.9954338591552588
1617.629024006072,0.9995151778934459,1617.629024006072,0.9991809589529311,1617.6193020408375,0.9979493175967784,1617.491527631503,1.0004327670437023
1617.6304128585136,1.008532450042233,1617.6304128585136,0.999279340335171,1617.6206908932809,0.9915661396214674,1617.4929164839457,1.00142164789372
1617.631801710491,0.9835730883562764,1617.631801710491,0.9991843834126037,1617.6220797452568,0.9959469545038694,1617.4943053363877,0.9925480885873053
1617.6331905624672,0.9964808930155984,1617.6331905624672,0.999232774451028,1617.6234685976983,0.9948513090455516,1617.4956941888292,1.001546082010714
1617.6345794149104,0.9995944517491839,1617.6345794149104,0.9992856913094726,1617.6248574496751,0.998943839097648,1617.4970830412724,1.0028421404734096
1617.6359682668874,0.9988456348939693,1617.6359682668874,0.9993078500098611,1617.6262463021178,1.003156453849214,1617.4984718932496,1.004848513185599
1617.637357119329,1.0031672075405929,1617.637357119329,0.9992739598963944,1617.6276351540953,0.9885008876209732,1617.499860745692,1.0019596164737994
1617.6387459713058,1.0047923338958977,1617.6387459713058,0.9992872336949563,1617.629024006072,0.9986965339355828,1617.501249598134,0.9989379266082006
1617.6401348232823,0.9887457872908112,1617.6401348232823,0.9992850646024284,1617.6304128585136,1.0078056413848164,1617.5026384505757,1.0061380475220076
1617.641523675725,0.9911950351707778,1617.641523675725,0.9992956939053717,1617.631801710491,0.9827708698304964,1617.5040273030188,0.9962164824710998
1617.6429125277016,0.9966496022577969,1617.6429125277016,0.9992862621051919,1617.6331905624672,0.9957163674154144,1617.505416155462,1.0131045231631628
1617.6443013796786,0.9955520503470398,1617.6443013796786,0.999293397379679,1617.6345794149104,0.9988804327452966,1617.5068050074383,1.0364730600476506
1617.6456902321208,0.9972528745176804,1617.6456902321208,0.9992158266964978,1617.6359682668874,0.9981542838976272,1617.5081938598803,1.0340112217690522
1617.647079084098,0.9996327799680941,1617.647079084098,0.999091079770844,1617.637357119329,1.0024388679172964,1617.509582712322,1.0177861274512536
1617.648467936074,0.9932366780649189,1617.648467936074,0.9991199968964561,1617.6387459713058,1.0040761517767305,1617.5109715647648,1.010308459331655
1617.6498567885162,1.0007090937471592,1617.6498567885162,0.9990831241608265,1617.6401348232823,0.9880388979282771,1617.512360417208,1.0170427168527831
1617.6512456404937,0.9950706981042704,1617.6512456404937,0.9991876001005713,1617.641523675725,0.9904969304665416,1617.5137492691854,1.0099834083313364
1617.6526344924707,0.9906071392668563,1617.6526344924707,0.999272750560201,1617.6429125277016,0.99593825566882,1617.515138121627,0.9994795650093166
1617.6540233444473,0.9947625872126723,1617.6540233444473,0.999264119041708,1617.6443013796786,0.9948485906595986,1617.5165269740685,1.0086513992144135
1617.655412196889,0.9869685166482671,1617.655412196889,0.9992989154956968,1617.6456902321208,0.9964708554366428,1617.5179158265112,0.9951915830072064
1617.6568010488652,0.9816986205465784,1617.6568010488652,0.9993044620491109,1617.647079084098,0.9987241935126536,1617.5193046789534,1.0036340742611394
1617.658189900843,0.9947497224991594,1617.658189900843,0.9993491863042141,1617.648467936074,0.9923626267056682,1617.5206935309309,1.012427169343348
1617.6595787532858,1.0041563552711892,1617.6595787532858,0.9993356582187735,1617.6498567885162,0.9997915677570612,1617.5220823833736,0.9991391551283644
1617.6609676052624,0.9987310602296153,1617.6609676052624,0.9994009202632315,1617.6512456404937,0.994262302769206,1617.5234712358154,1.0057143870712475
1617.6623564572385,0.9959230064254515,1617.6623564572385,0.9993435099951786,1617.6526344924707,0.9898867207797636,1617.5248600882576,0.9927435405373188
1617.6637453092146,0.9953111900418121,1617.6637453092146,0.9992832688977015,1617.6540233444473,0.9940305603667212,1617.5262489402346,0.9965927750466304
1617.6651341616578,0.9944429966433315,1617.6651341616578,0.9992447920598974,1617.655412196889,0.98627656831501,1617.5276377926768,1.001948674970339
1617.6665230136352,1.002113278269837,1617.6665230136352,0.999221192200471,1617.6568010488652,0.9810158118996528,1617.5290266451195,0.998627079174486
1617.6679118656125,1.0023320641372773,1617.6679118656125,0.9991389596330326,1617.658189900843,0.9941023257558778,1617.5304154975618,1.0073776994761807
1617.6693007175884,1.0003659147646382,1617.6693007175884,0.9990802108636387,1617.6595787532858,1.0034892522494985,1617.5318043495388,1.0010356370884077
1617.67068957003,0.9947173985107022,1617.67068957003,0.9989694828725166,1617.6609676052624,0.9981327406889504,1617.533193201981,0.9992501332348916
1617.6720784220067,1.0059295622450235,1617.6720784220067,0.9989811946399498,1617.6623564572385,0.9952691929261616,1617.5345820544228,0.9944222118228856
1617.6734672739842,1.00602039973227,1617.6734672739842,0.9989750961763946,1617.6637453092146,0.9945978195554434,1617.535970906865,1.0006697423391466
1617.6748561259617,1.0015001045818661,1617.6748561259617,0.9989902439118493,1617.6651341616578,0.993691985396287,1617.5373597588425,1.007662994081938
1617.6762449784037,1.006750575315775,1617.6762449784037,0.9989346451018307,1617.6665230136352,1.001332824632709,1617.5387486112852,1.003106299628383
1617.6776338303796,0.9905050469217918,1617.6776338303796,0.9988637019016823,1617.6679118656125,1.0014690157689492,1617.5401374637274,1.0157088048656937
1617.6790226823562,0.9896129830313871,1617.6790226823562,0.9988413461305818,1617.6693007175884,0.9994457890638516,1617.5415263157035,1.0025512052168002
1617.6804115343332,0.994964327056465,1617.6804115343332,0.9988621291498899,1617.67068957003,0.9936923251945312,1617.5429151681462,0.999249181799808
1617.6818003863098,0.9997765408265196,1617.6818003863098,0.9987795196260064,1617.6720784220067,1.0049047158151754,1617.5443040205894,1.0067149569808629
1617.6831892387524,1.0016359629692562,1617.6831892387524,0.9988350004230844,1617.6734672739842,1.0049893255779594,1617.545692872566,1.001501908238979
1617.684578090729,1.011045261515438,1617.684578090729,0.9988246558924778,1617.6748561259617,1.000488833753981,1617.5470817250086,0.9941771493292316
1617.685966942706,1.001057082032931,1617.685966942706,0.9988060860256726,1617.6762449784037,1.0056780286591276,1617.5484705774504,1.0044533957873445
1617.6873557946826,0.99505303425319,1617.6873557946826,0.9988152902430026,1617.6776338303796,0.9893795379206004,1617.5498594294263,1.007947880929802
1617.6887446466594,1.003912342574745,1617.6887446466594,0.9988144195556922,1617.6790226823562,0.9884663641193714,1617.5512482818692,1.0055618856192898
1617.690133499102,0.9821025860653552,1617.690133499102,0.9988126667290941,1617.6804115343332,0.993832186151808,1617.5526371343124,0.9989459458467616
1617.6915223510784,1.012907763766712,1617.6915223510784,0.9988961246729803,1617.6818003863098,0.9985563331800617,1617.5540259862894,0.9931219398619632
1617.6929112030557,0.9997028540161986,1617.6929112030557,0.9989954202019964,1617.6831892387524,1.0004690574961734,1617.5554148387312,1.0011723039421898
1617.694300055032,1.0036330719379298,1617.694300055032,0.9989865129359613,1617.684578090729,1.0098569354248776,1617.556803691173,0.9994244497341216
1617.6956889070082,1.0015301375139247,1617.6956889070082,0.9989248664056162,1617.685966942706,0.9998619059935924,1617.5581925431504,1.001916530056446
1617.6970777589852,1.0029342627932583,1617.6970777589852,0.9988549407632165,1617.6873557946826,0.9938741852147804,1617.5595813955936,1.0138201382652647
1617.698466610963,1.0112667866658103,1617.698466610963,0.9988966414647553,1617.6887446466594,1.002722123733589,1617.5609702480358,1.0055949140086176
1617.699855463405,1.0084951729551974,1617.699855463405,0.998935808741168,1617.690133499102,0.980936502989477,1617.562359100012,1.008090800071276
1617.701244315382,0.9985710044915025,1617.701244315382,0.9990375472784396,1617.6915223510784,1.0117896398777433,1617.5637479524537,0.9895051273516248
1617.702633167358,0.9946821868135457,1617.702633167358,0.9990838277018964,1617.6929112030557,0.9986985727250474,1617.5651368044307,0.995113157572465
1617.7040220193346,0.9927914696040102,1617.7040220193346,0.9990836692283693,1617.694300055032,1.0026159028024793,1617.566525656874,0.9897588207206794
1617.705410871312,0.9966943956463602,1617.705410871312,0.9990406154706492,1617.6956889070082,1.0004533588172957,1617.567914509316,0.9958952372111154
1617.706799723289,0.9982041320248092,1617.706799723289,0.9989967792179295,1617.6970777589852,1.0017858436517602,1617.5693033612922,1.0043422138018707
1617.7081885752657,1.0061180416665099,1617.7081885752657,0.9990880141080276,1617.698466610963,1.010150996825333,1617.5706922137344,1.001339552637942
1617.7095774272418,0.9923953827096649,1617.7095774272418,0.9990833216999465,1617.699855463405,1.0074219412075642,1617.5720810657117,0.9941749746204692
1617.7109662796836,0.9953806645417982,1617.7109662796836,0.9991173224849105,1617.701244315382,0.9976099271105584,1617.5734699181546,0.9997368602397588
1617.712355131661,1.0080381070503182,1617.712355131661,0.999202337425416,1617.702633167358,0.99377088654857,1617.5748587705968,0.9841824596961904
1617.7137439836386,0.9931757905063318,1617.7137439836386,0.9991693426406034,1617.7040220193346,0.9918817442305996,1617.576247622573,0.9936951794997816
1617.7151328356151,0.9986573743138021,1617.7151328356151,0.9992507731993746,1617.705410871312,0.9957381824626864,1617.5776364750157,1.0106239280214897
1617.7165216875912,0.9933576933956797,1617.7165216875912,0.9992455964608721,1617.706799723289,0.9972027128948132,1617.5790253269922,1.002115651827496
1617.7179105395674,0.99383048546035,1617.7179105395674,0.9992625752948946,1617.7081885752657,1.0052004762068512,1617.580414179435,1.006133766064132
1617.7192993915448,1.009030163379867,1617.7192993915448,0.9993173681933601,1617.7095774272418,0.9914856753972616,1617.5818030314117,0.9898935847042948
1617.7206882435223,1.0130773141961102,1617.7206882435223,0.9993406719591943,1617.7109662796836,0.9945020644102522,1617.5831918838542,1.0070130959602477
1617.7220770954984,0.993353234635745,1617.7220770954984,0.9993895101821408,1617.712355131661,1.0072340327785696,1617.5845807358307,0.9991269223915762
1617.7234659474746,1.0102689074265838,1617.7234659474746,0.9993260325769784,1617.7137439836386,0.9923508017267731,1617.585969588273,0.9930891153515816
1617.7248547994511,1.0002741202087975,1617.7248547994511,0.9992386139415035,1617.7151328356151,0.997909153444324,1617.5873584407157,0.9963468290775416
1617.726243651428,0.9995922733560366,1617.726243651428,0.9992610140237029,1617.7165216875912,0.992608300836162,1617.5887472926922,0.9883739389969728
1617.7276325034056,1.002505386174721,1617.7276325034056,0.9993210314745226,1617.7179105395674,0.9930976103076846,1617.590136145135,1.011359998977887
1617.7290213553822,1.010618003350515,1617.7290213553822,0.9993942633784104,1617.7192993915448,1.008341367296485,1617.5915249971115,1.0184485301483277
1617.7304102073583,0.9989692615471544,1617.7304102073583,0.9993860938114635,1617.7206882435223,1.0124093639153566,1617.5929138495542,0.9919704315723132
1617.7317990593351,0.9905314278346422,1617.7317990593351,0.9993721142459028,1617.7220770954984,0.9927468026004624,1617.5943027015308,0.9932493642035054
1617.733187911312,1.0063660604357183,1617.733187911312,0.9993316498213218,1617.7234659474746,1.0095880190944866,1617.5956915539723,0.989526874439248
1617.7345767632894,1.001379389007096,1617.7345767632894,0.9993330684740916,1617.7248547994511,0.9995125254389956,1617.5970804059496,1.0018588323145956
1617.7359656152664,0.9915773592181364,1617.7359656152664,0.9993261387872312,1617.726243651428,0.9988535886840116,1617.5984692583927,1.0069238649413434
1617.7373544672423,0.9943367792136679,1617.7373544672423,0.9992970614462785,1617.7276325034056,1.001824716570887,1617.5998581103693,0.9918990059814006
1617.738743319219,0.9948545195247659,1617.738743319219,0.9993569707554907,1617.7290213553822,1.010005835015448,1617.601246962812,0.9933217412295016
1617.740132171196,0.995381194944077,1617.740132171196,0.9994035450822404,1617.7304102073583,0.9983559881353328,1617.6026358147878,0.9935560660986418
1617.7415210231727,0.9929431835425521,1617.7415210231727,0.9994430364312109,1617.7317990593351,0.9899094872621192,1617.6040246672303,1.0053713267639912
1617.7429098751493,0.9868603678281354,1617.7429098751493,0.999449470684872,1617.733187911312,1.0056934554994104,1617.6054135192078,1.0018559100496962
1617.7442987271263,1.0034794656937012,1617.7442987271263,0.9995039220250365,1617.7345767632894,1.0007115375231723,1617.60680237165,1.0049598310903705
1617.7456875791029,1.0064929279205683,1617.7456875791029,0.9995307322499507,1617.7359656152664,0.9909091736962996,1617.608191223626,1.0006280151147695
1617.74707643108,1.000838811629864,1617.74707643108,0.999645154839054,1617.7373544672423,0.9936378215561754,1617.6095800756025,1.003475592360085
1617.7484652830565,1.0123933975353636,1617.7484652830565,0.9997000021841234,1617.738743319219,0.9942147989746792,1617.610968928045,1.007637645132927
1617.7498541350335,1.002521299230559,1617.7498541350335,0.9997371868129602,1617.740132171196,0.9947874949353072,1617.6123577800224,0.994086491157702
1617.75124298701,1.0053344771388848,1617.75124298701,0.999797894273841,1617.7415210231727,0.9923901503634414,1617.6137466324656,0.9985107322557016
1617.752631838987,1.0025818991216924,1617.752631838987,0.99981788647873,1617.7429098751493,0.986317072265708,1617.6151354844417,1.0002441110585707
1617.7540206909637,0.9940959628024448,1617.7540206909637,0.9999095299927634,1617.7442987271263,1.0029816616324423,1617.6165243368837,0.996911301920662
1617.7554095429407,1.00839591822069,1617.7554095429407,0.9999789262373061,1617.7456875791029,1.0060206132488425,1617.61791318886,0.9962760830831172
1617.7567983949166,0.9966858558711426,1617.7567983949166,0.9998845857093245,1617.74707643108,1.0004836688206704,1617.6193020408375,0.9979493175967784
1617.7581872468934,1.0046959978004,1617.7581872468934,0.9999634871869666,1617.7484652830565,1.012089681727295,1617.6206908932809,0.9915661396214674
1617.7595760988709,1.0056257868420824,1617.7595760988709,0.9999697729351009,1617.7498541350335,1.002257823412833,1617.6220797452568,0.9959469545038694
1617.7609649508474,1.0088158330266972,1617.7609649508474,0.9999344814005953,1617.75124298701,1.00513129328435,1617.6234685976983,0.9948513090455516
1617.7623538028236,1.0031314763731134,1617.7623538028236,0.9998859493831775,1617.752631838987,1.0023993154016817,1617.6248574496751,0.998943839097648
1617.7637426547997,1.0075089971633695,1617.7637426547997,0.9998902540874482,1617.7540206909637,0.9940060269334962,1617.6262463021178,1.003156453849214
1617.7651315063115,1.00893292401964,1617.7651315063115,0.9998405954795523,1617.7554095429407,1.008374667524408,1617.6276351540953,0.9885008876209732
1617.766520358289,1.0007681760463512,1617.766520358289,0.9999690060732196,1617.7567983949166,0.9965708240800608,1617.629024006072,0.9986965339355828
1617.767909210266,1.006221858343997,1617.767909210266,1.0000044411297513,1617.7581872468934,1.0046593135232769,1617.6304128585136,1.0078056413848164
1617.769298062242,0.9960428471140956,1617.769298062242,1.0000986585132805,1617.7595760988709,1.0055953897261594,1617.631801710491,0.9827708698304964
1617.7706869142182,0.9937787191423761,1617.7706869142182,1.0000836860101403,1617.7609649508474,1.00874973682626,1617.6331905624672,0.9957163674154144
1617.7720757661948,0.9871698682137663,1617.7720757661948,1.0000469120942157,1617.7623538028236,1.003017068609479,1617.6345794149104,0.9988804327452966
1617.7734646181725,1.0025835432616594,1617.7734646181725,1.000090977552258,1617.7637426547997,1.0073984271690717,1617.6359682668874,0.9981542838976272
1617.7748534701498,1.0005144392007983,1617.7748534701498,1.0001505364807126,1617.7651315063115,1.008772095550723,1617.637357119329,1.0024388679172964
1617.776242322126,1.0069334877586757,1617.776242322126,1.0001375078484678,1617.766520358289,1.0007371583107787,1617.6387459713058,1.0040761517767305
1617.7776311736363,1.0101664110563084,1617.7776311736363,1.0002056070107221,1617.767909210266,1.0062263271058285,1617.6401348232823,0.9880388979282771
1617.779020025613,1.0006451485290064,1617.779020025613,1.0002682599625952,1617.769298062242,0.9961411152205556,1617.641523675725,0.9904969304665416
1617.7804088775904,1.0026461436646918,1617.7804088775904,1.0002585829940205,1617.7706869142182,0.9938618845183436,1617.6429125277016,0.99593825566882
1617.781797729568,1.0088026036698279,1617.781797729568,1.0002603104366616,1617.7720757661948,0.9872161784196308,1617.6443013796786,0.9948485906595986
1617.783186581544,1.007952052148993,1617.783186581544,1.0002769502340467,1617.7734646181725,1.0026747558583595,1617.6456902321208,0.9964708554366428
1617.78457543352,0.9973537350549554,1617.78457543352,1.0002936673876806,1617.7748534701498,1.0006650531233778,1617.647079084098,0.9987241935126536
1617.7859642850317,1.0024113713566216,1617.7859642850317,1.0002559034988396,1617.776242322126,1.0070719490161275,1617.648467936074,0.9923626267056682
1617.787353137008,0.9928243641938156,1617.787353137008,1.0003105416262743,1617.7776311736363,1.0103741083524176,1617.6498567885162,0.9997915677570612
1617.7887419889855,0.998566575349575,1617.7887419889855,1.000361947975047,1617.779020025613,1.000913581559122,1617.6512456404937,0.994262302769206
1617.7901308409623,0.9980218050092348,1617.7901308409623,1.000418124909209,1617.7804088775904,1.0029054109064637,1617.6526344924707,0.9898867207797636
1617.791519692939,1.0021177675400201,1617.791519692939,1.0004141435521774,1617.781797729568,1.0090652055160945,1617.6540233444473,0.9940305603667212
1617.7929085449152,0.9909388510260662,1617.7929085449152,1.0003831836791417,1617.783186581544,1.0082312047057436,1617.655412196889,0.98627656831501
1617.794297396426,0.9905497168278677,1617.794297396426,1.0003043636102906,1617.78457543352,0.9976466253209224,1617.6568010488652,0.9810158118996528
1617.7956862484032,0.9909374722766024,1617.7956862484032,1.0003463072794823,1617.7859642850317,1.0026678919338283,1617.658189900843,0.9941023257558778
1617.7970751003795,1.002576603473171,1617.7970751003795,1.0004309278097627,1617.787353137008,0.993132677486477,1617.6595787532858,1.0034892522494985
1617.7984639523568,0.9928250523953781,1617.7984639523568,1.0004104708819392,1617.7887419889855,0.9989280044994724,1617.6609676052624,0.9981327406889504
1617.799852804333,1.007099255240943,1617.799852804333,1.000365015953075,1617.7901308409623,0.9984391027858428,1617.6623564572385,0.9952691929261616
1617.8012416558447,0.999133830067671,1617.8012416558447,1.0003306624709019,1617.791519692939,1.0025327881519692,1617.6637453092146,0.9945978195554434
1617.8026305078208,0.9963625450203356,1617.8026305078208,1.000282226348549,1617.7929085449152,0.9913185626208068,1617.6651341616578,0.993691985396287
1617.8040193597974,0.9961688437854912,1617.8040193597974,1.0002812059883004,1617.794297396426,0.9908512041158538,1617.6665230136352,1.001332824632709
1617.8054082117749,0.9958269993187108,1617.8054082117749,1.000308676001777,1617.7956862484032,0.9912806411367636,1617.6679118656125,1.0014690157689492
1617.8067970632862,0.9902431202061941,1617.8067970632862,1.0003074398524041,1617.7970751003795,1.003008641613025,1617.6693007175884,0.9994457890638516
1617.8081859152628,1.0067419201000745,1617.8081859152628,1.0002815106744862,1617.7984639523568,0.9932325781702462,1617.67068957003,0.9936923251945312
1617.809574767239,1.0004857202544273,1617.809574767239,1.0002066202477868,1617.799852804333,1.007466862535436,1617.6720784220067,1.0049047158151754
1617.8109636192155,1.002890430106274,1617.8109636192155,1.000201897899524,1617.8012416558447,0.9994642061286828,1617.6734672739842,1.0049893255779594
1617.812352470727,1.0112583632300651,1617.812352470727,1.000146538325569,1617.8026305078208,0.9966437447832476,1617.6748561259617,1.000488833753981
1617.8137413227043,1.0075905124551674,1617.8137413227043,1.0001375621975013,1617.8040193597974,0.996448972429722,1617.6762449784037,1.0056780286591276
1617.815130174681,0.987714207925978,1617.815130174681,1.000088461731045,1617.8054082117749,0.996134387215322,1617.6776338303796,0.9893795379206004
1617.8165190261914,1.0050099468917624,1617.8165190261914,1.0000945722067598,1617.8067970632862,0.9905475604049144,1617.6790226823562,0.9884663641193714
1617.8179078781675,1.003654217742385,1617.8179078781675,0.9999752577166762,1617.8081859152628,1.0070253286970354,1617.6804115343332,0.993832186151808
1617.819296730145,0.9948070366120727,1617.819296730145,0.9999278225383742,1617.809574767239,1.0006924408618534,1617.6818003863098,0.9985563331800617
1617.8206855821225,0.9969502431490137,1617.8206855821225,0.9999120635185558,1617.8109636192155,1.003092911577565,1617.6831892387524,1.0004690574961734
1617.8220744336338,0.9930305158149627,1617.8220744336338,0.9999588880412453,1617.812352470727,1.0114065513373305,1617.684578090729,1.0098569354248776
1617.82346328561,0.9989965346455495,1617.82346328561,0.999968340173695,1617.8137413227043,1.0077291188202422,1617.685966942706,0.9998619059935924
1617.824852137586,1.0047987181522942,1617.824852137586,0.999913948872523,1617.815130174681,0.9878015828345889,1617.6873557946826,0.9938741852147804
1617.826240989097,1.0049301121279428,1617.826240989097,0.9998342009449115,1617.8165190261914,1.0051049929002556,1617.6887446466594,1.002722123733589
1617.8276298410744,0.9996355127651838,1617.8276298410744,0.9999014422243367,1617.8179078781675,1.0036293850453706,1617.690133499102,0.980936502989477
1617.829018693051,1.0100183350766707,1617.829018693051,0.9999260576394489,1617.819296730145,0.9947352339653626,1617.6915223510784,1.0117896398777433
1617.8304075445617,0.9970449947958273,1617.8304075445617,1.0000199548980013,1617.8206855821225,0.9968625748524562,1617.6929112030557,0.9986985727250474
1617.8317963965385,0.9999793661130981,1617.8317963965385,1.000062090553853,1617.8220744336338,0.9929896903853545,1617.694300055032,1.0026159028024793
1617.833185248515,1.002667555866112,1617.833185248515,1.000153515363248,1617.82346328561,0.9989649065887832,1617.6956889070082,1.0004533588172957
1617.8345741000269,1.0057956063655717,1617.8345741000269,1.0001683045443475,1617.824852137586,1.0047122540897098,1617.6970777589852,1.0017858436517602
1617.835962952004,1.0030483644474575,1617.835962952004,1.0002667774626108,1617.826240989097,1.004763495664922,1617.698466610963,1.010150996825333
1617.83735180398,1.003767252662398,1617.83735180398,1.0002693512791265,1617.8276298410744,0.9995369909125716,1617.699855463405,1.0074219412075642
1617.838740655491,0.9907111047380124,1617.838740655491,1.0002258556550663,1617.829018693051,1.0099436519367753,1617.701244315382,0.9976099271105584
1617.840129507468,1.0011540665661056,1617.840129507468,1.0003405846909375,1617.8304075445617,0.9970648907270012,1617.702633167358,0.99377088654857
1617.8415183594443,1.0071933527394237,1617.8415183594443,1.0003301915465728,1617.8317963965385,1.0000414553857817,1617.7040220193346,0.9918817442305996
1617.842907210956,1.0051622666438704,1617.842907210956,1.0003361761831915,1617.833185248515,1.0028214807401676,1617.705410871312,0.9957381824626864
1617.8442960629325,1.0006652641906948,1617.8442960629325,1.0003341999122515,1617.8345741000269,1.0059648863368078,1617.706799723289,0.9972027128948132
1617.845684914909,0.9962106103300886,1617.845684914909,1.0002220778074795,1617.835962952004,1.0033159551450008,1617.7081885752657,1.0052004762068512
1617.8470737664204,0.997796396290933,1617.8470737664204,1.0001881993224162,1617.83735180398,1.004037618655848,1617.7095774272418,0.9914856753972616
1617.848462618397,0.9870919181683514,1617.848462618397,1.0002027887933536,1617.838740655491,0.9909348624435544,1617.7109662796836,0.9945020644102522
1617.8498514699083,0.9943436532798577,1617.8498514699083,1.0001106497336911,1617.840129507468,1.001495044314448,1617.712355131661,1.0072340327785696
1617.851240321885,0.9953830281518053,1617.851240321885,1.0001040480779868,1617.8415183594443,1.0075259194702626,1617.7137439836386,0.9923508017267731
1617.852629173862,1.0001100186953922,1617.852629173862,1.0001530362683497,1617.842907210956,1.005500178258159,1617.7151328356151,0.997909153444324
1617.8540180253729,1.0051565613539302,1617.8540180253729,1.0001760719196593,1617.8442960629325,1.0009996864341804,1617.7165216875912,0.992608300836162
1617.85540687735,1.0035020213432626,1617.85540687735,1.0000320400292413,1617.845684914909,0.9964318465982186,1617.7179105395674,0.9930976103076846
1617.8567957288603,1.000043332089424,1617.8567957288603,1.0001088248486816,1617.8470737664204,0.9979841808966242,1617.7192993915448,1.008341367296485
1617.858184580837,0.9972736505608585,1617.858184580837,1.0002174643304738,1617.848462618397,0.9872920893473658,1617.7206882435223,1.0124093639153566
1617.8595734323487,1.0006237801029696,1617.8595734323487,1.0001666225962744,1617.8498514699083,0.9944536771402906,1617.7220770954984,0.9927468026004624
1617.8609622843258,1.002383162184223,1617.8609622843258,1.000179779366329,1617.851240321885,0.9954865958427452,1617.7234659474746,1.0095880190944866
1617.8623511363016,1.0015303670767393,1617.8623511363016,1.0001797662564675,1617.852629173862,1.0002630718005925,1617.7248547994511,0.9995125254389956
1617.863739987812,1.0018767357327945,1617.863739987812,1.0001922747250065,1617.8540180253729,1.005333541199246,1617.726243651428,0.9988535886840116
1617.8651288397891,1.0047939262413768,1617.8651288397891,1.0002852337955253,1617.85540687735,1.0035341735773702,1617.7276325034056,1.001824716570887
1617.8665176913012,1.0083903070911824,1617.8665176913012,1.0003093305621416,1617.8567957288603,1.0001521616537137,1617.7290213553822,1.010005835015448
1617.8679065432782,0.9973590531685734,1617.8679065432782,1.0003182469113543,1617.858184580837,0.9974905220075768,1617.7304102073583,0.9983559881353328
1617.8692953947889,1.0043336354763825,1617.8692953947889,1.000381721546708,1617.8595734323487,1.0007905066351044,1617.7317990593351,0.9899094872621192
1617.8706842467648,1.0011429089390975,1617.8706842467648,1.0003091034388067,1617.8609622843258,1.0025633699939394,1617.733187911312,1.0056934554994104
1617.8720730982757,1.0072589034284682,1617.8720730982757,1.00031468213644,1617.8623511363016,1.0017104084415671,1617.7345767632894,1.0007115375231723
1617.8734619502532,1.0029829320842136,1617.8734619502532,1.0003200395467136,1617.863739987812,1.002069371306648,1617.7359656152664,0.9909091736962996
1617.874850801765,0.9993612682382584,1617.874850801765,1.000296268448446,1617.8651288397891,1.0050805274266794,1617.7373544672423,0.9936378215561754
1617.876239653741,1.0057128084945028,1617.876239653741,1.0002316577645407,1617.8665176913012,1.008702233031733,1617.738743319219,0.9942147989746792
1617.8776285052516,1.0128702095809892,1617.8776285052516,1.000132772053893,1617.8679065432782,0.9976764596067556,1617.740132171196,0.9947874949353072
1617.8790173572283,1.0013210340285443,1617.8790173572283,1.0001635323471363,1617.8692953947889,1.0047170112651274,1617.7415210231727,0.9923901503634414
1617.88040620874,1.0074354813116917,1617.88040620874,1.000210250775655,1617.8706842467648,1.0014523656549876,1617.7429098751493,0.986317072265708
1617.8817950607174,0.981156114638343,1617.8817950607174,1.000117646333858,1617.8720730982757,1.0075758698121473,1617.7442987271263,1.0029816616324423
1617.883183912228,1.0028884970414285,1617.883183912228,1.0001393145408184,1617.8734619502532,1.0033039262871593,1617.7456875791029,1.0060206132488425
1617.884572764204,0.9964066245621805,1617.884572764204,1.0001591988880507,1617.874850801765,0.9996573474506364,1617.74707643108,1.0004836688206704
1617.8859616157154,0.9946241532739074,1617.8859616157154,1.0000724613943808,1617.876239653741,1.0059457896754886,1617.7484652830565,1.012089681727295
1617.887350467692,0.9893708336942151,1617.887350467692,1.0000186203752321,1617.8776285052516,1.0130046904390424,1617.7498541350335,1.002257823412833
1617.8887393192038,1.0029970019517238,1617.8887393192038,0.9999792172351507,1617.8790173572283,1.001484782407476,1617.75124298701,1.00513129328435
1617.8901281711808,0.9993054241742684,1617.8901281711808,0.999981462354836,1617.88040620874,1.0076472954030598,1617.752631838987,1.0023993154016817
1617.8915170226912,1.0090460237011516,1617.8915170226912,0.9999562392827258,1617.8817950607174,0.9812715440581724,1617.7540206909637,0.9940060269334962
1617.8929058746678,0.9968507307091148,1617.8929058746678,0.9999148012897362,1617.883183912228,1.0030282139918858,1617.7554095429407,1.008374667524408
1617.8942947261792,1.006701271008651,1617.8942947261792,0.9998108030472034,1617.884572764204,0.9965652513888572,1617.7567983949166,0.9965708240800608
1617.895683577691,0.9918293432732115,1617.895683577691,0.9998290479538476,1617.8859616157154,0.9946962251269384,1617.7581872468934,1.0046593135232769
1617.8970724296676,0.993671470594946,1617.8970724296676,0.999858076549359,1617.887350467692,0.9893892561503822,1617.7595760988709,1.0055953897261594
1617.898461281178,1.0038866493212453,1617.898461281178,0.9998483228972644,1617.8887393192038,1.0029761569008877,1617.7609649508474,1.00874973682626
1617.8998501331546,0.9987261544219209,1617.8998501331546,0.9997805605210857,1617.8901281711808,0.9992868994049046,1617.7623538028236,1.003017068609479
1617.901238984666,0.9985892197411695,1617.901238984666,0.9997112457501727,1617.8915170226912,1.0090018671233918,1617.7637426547997,1.0073984271690717
1617.902627836642,1.0028428547979171,1617.902627836642,0.9996043416414175,1617.8929058746678,0.9967658003125328,1617.7651315063115,1.008772095550723
1617.904016688153,0.9997294042084474,1617.904016688153,0.999599249898841,1617.8942947261792,1.0065108061957997,1617.766520358289,1.0007371583107787
1617.9054055396648,0.9920135321816963,1617.9054055396648,0.9995853826854566,1617.895683577691,0.991659788017545,1617.767909210266,1.0062263271058285
1617.9067943916418,0.9941572984787103,1617.9067943916418,0.9995954578120761,1617.8970724296676,0.9935304453110356,1617.769298062242,0.9961411152205556
1617.9081832431527,1.0004485033314652,1617.9081832431527,0.9994985771129908,1617.898461281178,1.0037343827028014,1617.7706869142182,0.9938618845183436
1617.9095720951289,0.9836081770827789,1617.9095720951289,0.9994885344478682,1617.8998501331546,0.9985069944750165,1617.7720757661948,0.9872161784196308
1617.9109609466402,0.9998729656241406,1617.9109609466402,0.9994558637197234,1617.901238984666,0.9983008728601376,1617.7734646181725,1.0026747558583595
1617.912349798152,1.004940969814473,1617.912349798152,0.999418456860398,1617.902627836642,1.0024460716400716,1617.7748534701498,1.0006650531233778
1617.9137386501286,1.0015981522401576,1617.9137386501286,0.9994364825647344,1617.904016688153,0.9993287625485792,1617.776242322126,1.0070719490161275
1617.9151275016395,1.0005324546275787,1617.9151275016395,0.9994231350778934,1617.9054055396648,0.9916022261949924,1617.7776311736363,1.0103741083524176
1617.91651635315,0.9932714897291901,1617.91651635315,0.9993989596990872,1617.9067943916418,0.9937551199100432,1617.779020025613,1.000913581559122
1617.917905205126,0.9985355516006406,1617.917905205126,0.9994072573041933,1617.9081832431527,0.9999468555546208,1617.7804088775904,1.0029054109064637
1617.919294056638,0.9936940982070787,1617.919294056638,0.9994292033214498,1617.9095720951289,0.983105095383406,1617.781797729568,1.0090652055160945
1617.9206829081495,1.0046753917041542,1617.9206829081495,0.9994311472188693,1617.9109609466402,0.9993288984678768,1617.783186581544,1.0082312047057436
1617.9220717601268,1.0030113032549017,1617.9220717601268,0.9994702754113103,1617.912349798152,1.0043565532877723,1617.78457543352,0.9976466253209224
1617.9234606116372,1.002931421559018,1617.9234606116372,0.9993967415443198,1617.9137386501286,1.0010337342182405,1617.7859642850317,1.0026678919338283
1617.9248494631477,0.9972697038940408,1617.9248494631477,0.9994394506776648,1617.9151275016395,0.9999552825510748,1617.787353137008,0.993132677486477
1617.9262383151251,0.9969727748300496,1617.9262383151251,0.999328186543396,1617.91651635315,0.9926744935341152,1617.7887419889855,0.9989280044994724
1617.927627166637,1.0002956490849915,1617.927627166637,0.9992695571576532,1617.917905205126,0.997943676945926,1617.7901308409623,0.9984391027858428
1617.929016018148,0.9918143288049968,1617.929016018148,0.9993498080890969,1617.919294056638,0.9931269009163272,1617.791519692939,1.0025327881519692
1617.930404870124,0.9979466025263924,1617.930404870124,0.9993279909682034,1617.9206829081495,1.0041038793134498,1617.7929085449152,0.9913185626208068
1617.9317937216344,0.9942394163638537,1617.9317937216344,0.9993111866556339,1617.9220717601268,1.002479983504834,1617.794297396426,0.9908512041158538
1617.9331825731454,0.9959757053402459,1617.9331825731454,0.999369921074593,1617.9234606116372,1.002326394698495,1617.7956862484032,0.9912806411367636
1617.9345714251228,0.9941182532691077,1617.9345714251228,0.9993594254377898,1617.9248494631477,0.9967106850373376,1617.7970751003795,1.003008641613025
1617.9359602766342,1.0084272014575988,1617.9359602766342,0.9992963618821646,1617.9262383151251,0.996302995104051,1617.7984639523568,0.9932325781702462
1617.937349128145,0.9927381928143981,1617.937349128145,0.9992542107184266,1617.927627166637,0.9995649902878866,1617.799852804333,1.007466862535436
1617.9387379801212,0.9921831400484991,1617.9387379801212,0.9991374469103029,1617.929016018148,0.99116945915129,1617.8012416558447,0.9994642061286828
1617.9401268316326,0.9991784327154265,1617.9401268316326,0.9990213276578702,1617.930404870124,0.997275973396244,1617.8026305078208,0.9966437447832476
1617.9415156831444,0.9994240307025668,1617.9415156831444,0.999114598722391,1617.9317937216344,0.9935545709863676,1617.8040193597974,0.996448972429722
1617.942904534655,0.9924480977462423,1617.942904534655,0.9990701761877395,1617.9331825731454,0.9953481620380936,1617.8054082117749,0.996134387215322
1617.9442933866314,0.9904968616681329,1617.9442933866314,0.9990086307538382,1617.9345714251228,0.9934814464042346,1617.8067970632862,0.9905475604049144
1617.9456822381428,1.0017254335963814,1617.9456822381428,0.9989987051383965,1617.9359602766342,1.0077176336395912,1617.8081859152628,1.0070253286970354
1617.9470710896535,1.00850093887123,1617.9470710896535,0.9990625125696088,1617.937349128145,0.9919978193107886,1617.809574767239,1.0006924408618534
1617.9484599411649,1.003825227093756,1617.9484599411649,0.9991308762835248,1617.9387379801212,0.9913273294155048,1617.8109636192155,1.003092911577565
1617.9498487931417,1.001015236903247,1617.9498487931417,0.9991598645728234,1617.9401268316326,0.9982005644184754,1617.812352470727,1.0114065513373305
1617.9512376446526,0.997657266429063,1617.9512376446526,0.9991351187091893,1617.9415156831444,0.9985391393889096,1617.8137413227043,1.0077291188202422
1617.952626496164,1.0070091642519947,1617.952626496164,0.9990731963106285,1617.942904534655,0.9915252958725252,1617.815130174681,0.9878015828345889
1617.9540153476748,0.9982181220843666,1617.9540153476748,0.9991284715015428,1617.9442933866314,0.9895149135410553,1617.8165190261914,1.0051049929002556
1617.955404199652,1.00449873283502,1617.955404199652,0.9991033565714765,1617.9456822381428,1.000722411066984,1617.8179078781675,1.0036293850453706
1617.9567930511628,1.0014493065608991,1617.9567930511628,0.9991493595506844,1617.9470710896535,1.0075554819175006,1617.819296730145,0.9947352339653626
1617.958181902674,1.0106495616315685,1617.958181902674,0.9991966288041072,1617.9484599411649,1.0029527787816928,1617.8206855821225,0.9968625748524562
1617.959570754185,1.0125135294620349,1617.959570754185,0.999198808006586,1617.9498487931417,1.000174248539581,1617.8220744336338,0.9929896903853545
1617.9609596056964,1.003448755988238,1617.9609596056964,0.9992029241237702,1617.9512376446526,0.9967944113246872,1617.82346328561,0.9989649065887832
1617.962348457673,0.9873163235725514,1617.962348457673,0.9991088507473689,1617.952626496164,1.006075864443335,1617.824852137586,1.0047122540897098
1617.9637373091834,1.0014531402714821,1617.9637373091834,0.9990702767690413,1617.9540153476748,0.9973481465432936,1617.826240989097,1.004763495664922
1617.9651261606944,1.0092603456772764,1617.9651261606944,0.9991355788176116,1617.955404199652,1.0035980556472632,1617.8276298410744,0.9995369909125716
1617.9665150122062,0.9976153505004991,1617.9665150122062,0.9990546830857473,1617.9567930511628,1.0005974332727994,1617.829018693051,1.0099436519367753
1617.9679038637175,0.9951267531679924,1617.9679038637175,0.9990159703349044,1617.958181902674,1.009837634884612,1617.8304075445617,0.9970648907270012
1617.969292715228,0.9903478512721768,1617.969292715228,0.999013671502973,1617.959570754185,1.0117023117290065,1617.8317963965385,1.0000414553857817
1617.970681567204,0.9891637301928059,1617.970681567204,0.9990300711095551,1617.9609596056964,1.002648931191807,1617.833185248515,1.0028214807401676
1617.972070418716,1.002942489625376,1617.972070418716,0.9991148070681446,1617.962348457673,0.9864364773686892,1617.8345741000269,1.0059648863368078
1617.9734592702275,0.9964439180298411,1617.9734592702275,0.999137336084314,1617.9637373091834,1.0005220660222551,1617.835962952004,1.0033159551450008
1617.974848121739,0.9940389636654877,1617.974848121739,0.9992170828015039,1617.9651261606944,1.0083879196559284,1617.83735180398,1.004037618655848
1617.9762369732491,0.9995854327341072,1617.9762369732491,0.9992394335107266,1617.9665150122062,0.9966722878357528,1617.838740655491,0.9909348624435544
1617.9776258247596,1.0086709270561929,1617.9776258247596,0.9992356023973946,1617.9679038637175,0.9941475189223448,1617.840129507468,1.001495044314448
1617.9790146767366,1.0067398124028886,1617.9790146767366,0.9992077152617183,1617.969292715228,0.9893710429644976,1617.8415183594443,1.0075259194702626
1617.9804035282484,0.9896588451218971,1617.9804035282484,0.9992067338035688,1617.970681567204,0.9882043117135116,1617.842907210956,1.005500178258159
1617.9817923797602,1.0042385893748558,1617.9817923797602,0.999199619679458,1617.972070418716,1.0020546920225022,1617.8442960629325,1.0009996864341804
1617.9831812312705,1.0148970087808922,1617.9831812312705,0.999241604915287,1617.9734592702275,0.995584321817752,1617.845684914909,0.9964318465982186
1617.9845700827807,1.000325564911214,1617.9845700827807,0.9992178649651238,1617.974848121739,0.9932607134648588,1617.8470737664204,0.9979841808966242
1617.985958934292,1.00285533654338,1617.985958934292,0.9992586941810255,1617.9762369732491,0.9988251815508038,1617.848462618397,0.9872920893473658
1617.987347785803,0.9913954133421315,1617.987347785803,0.9991688491903523,1617.9776258247596,1.0078999014177334,1617.8498514699083,0.9944536771402906
1617.9887366373148,0.9966636311230189,1617.9887366373148,0.9990873409706623,1617.9790146767366,1.005942187814101,1617.851240321885,0.9954865958427452
1617.9901254888262,1.015335170980889,1617.9901254888262,0.9991202216626818,1617.9804035282484,0.9888737822140627,1617.852629173862,1.0002630718005925
1617.9915143408025,0.9983763190130416,1617.9915143408025,0.9990859427555303,1617.9817923797602,1.0034348165707914,1617.8540180253729,1.005333541199246
1617.9929031923132,0.9955282994927331,1617.9929031923132,0.9990469090201098,1617.9831812312705,1.014127315877943,1617.85540687735,1.0035341735773702
1617.9942920438243,1.0028588016175903,1617.9942920438243,0.9990590592089349,1617.9845700827807,0.9995431752406144,1617.8567957288603,1.0001521616537137
1617.9956808953357,0.9966030678852518,1617.9956808953357,0.9989937382875982,1617.985958934292,1.0021119140468109,1617.858184580837,0.9974905220075768
1617.9970697468468,1.0082741179544932,1617.9970697468468,0.998914326218996,1617.987347785803,0.9905714142416512,1617.8595734323487,1.0007905066351044
1617.9984585983575,1.001769523792746,1617.9984585983575,0.9988503317400398,1617.9887366373148,0.995754017060862,1617.8609622843258,1.0025633699939394
1617.9998474498689,1.017063562591777,1617.9998474498689,0.998870835339601,1617.9901254888262,1.014441901092343,1617.8623511363016,1.0017104084415671
1618.00123630138,0.9968808102068863,1618.00123630138,0.9988790207789198,1617.9915143408025,0.9974637459059408,1617.863739987812,1.002069371306648
1618.0026251528905,0.9965936568196205,1618.0026251528905,0.9987699556036416,1617.9929031923132,0.9945794704502612,1617.8651288397891,1.0050805274266794
1618.0040140044014,1.0093301325122959,1618.0040140044014,0.9987288296922048,1617.9942920438243,1.0019151708634697,1617.8665176913012,1.008702233031733
1618.0054028559132,1.0007551058113748,1618.0054028559132,0.9987567953067864,1617.9956808953357,0.9956002243755766,1617.8679065432782,0.9976764596067556
1618.0067917074246,0.9970317877330818,1618.0067917074246,0.9987554372907906,1617.9970697468468,1.0071794611805651,1617.8692953947889,1.0047170112651274
1618.0081805589357,1.0002858342479162,1618.0081805589357,0.9987995001842983,1617.9984585983575,1.000617821167446,1617.8706842467648,1.0014523656549876
1618.009569410446,1.011056740756282,1618.009569410446,0.9987446875316781,1617.9998474498689,1.0159151303595189,1617.8720730982757,1.0075758698121473
1618.0109582619573,0.9961758229770854,1618.0109582619573,0.998713243944987,1618.00123630138,0.9957633275327508,1617.8734619502532,1.0033039262871593
1618.012347113469,1.0009359084735323,1618.012347113469,0.9988192506307184,1618.0026251528905,0.9953678023766032,1617.874850801765,0.9996573474506364
1618.01373596498,0.9994240027970607,1618.01373596498,0.9989506814740018,1618.0040140044014,1.0080471020170831,1617.876239653741,1.0059457896754886
1618.0151248164914,1.0094055915229416,1618.0151248164914,0.9989850781088407,1618.0054028559132,0.9995109623670726,1617.8776285052516,1.0130046904390424
1618.0165136680016,1.0044528822523524,1618.0165136680016,0.9989844854553162,1618.0067917074246,0.9957909191501728,1617.8790173572283,1.001484782407476
1618.0179025195118,0.9972950446454312,1618.0179025195118,0.9988644061337945,1618.0081805589357,0.9990849912882526,1617.88040620874,1.0076472954030598
1618.0192913710237,0.9909453238726679,1618.0192913710237,0.9989014799587723,1618.009569410446,1.0097875486234298,1617.8817950607174,0.9812715440581724
1618.0206802225357,0.9993054247683394,1618.0206802225357,0.9988558118044726,1618.0109582619573,0.994893987705012,1617.883183912228,1.0030282139918858
1618.0220690740468,0.998720808595861,1618.0220690740468,0.9989487335486832,1618.012347113469,0.999754054030911,1617.884572764204,0.9965652513888572
1618.0234579255573,0.9935036331089296,1618.0234579255573,0.9990315721296866,1618.01373596498,0.9983752886755984,1617.8859616157154,0.9946962251269384
1618.0248467770678,0.9873371717787716,1618.0248467770678,0.9990075655723616,1618.0151248164914,1.0083811236910465,1617.887350467692,0.9893892561503822
1618.0262356285796,0.9919865158294764,1618.0262356285796,0.9990563843274703,1618.0165136680016,1.0034328457409756,1617.8887393192038,1.0029761569008877
1618.0276244800914,0.9947182655487746,1618.0276244800914,0.9990087845826457,1618.0179025195118,0.9961625225099346,1617.8901281711808,0.9992868994049046
1618.0290133316018,1.0127065411770755,1618.0290133316018,0.9989530074950286,1618.0192913710237,0.9898567505746328,1617.8915170226912,1.0090018671233918
1618.0304021831123,1.0005147826476226,1618.0304021831123,0.9990180245531007,1618.0206802225357,0.998162031297593,1617.8929058746678,0.9967658003125328
1618.0317910346232,1.0140754244713064,1618.0317910346232,0.9991353925227197,1618.0220690740468,0.9976708869155522,1617.8942947261792,1.0065108061957997
1618.0331798861346,0.9962623429843559,1618.0331798861346,0.9991668390290318,1618.0234579255573,0.9925414965013694,1617.895683577691,0.991659788017545
1618.0345687376462,1.0060537463171872,1618.0345687376462,0.999153417954527,1618.0248467770678,0.9863573043778112,1617.8970724296676,0.9935304453110356
1618.0359575891573,0.9939691147015367,1618.0359575891573,0.9991545221453448,1618.0262356285796,0.9910504618062016,1617.898461281178,1.0037343827028014
1618.0373464406678,0.9996214574883711,1618.0373464406678,0.9992145721269999,1618.0276244800914,0.9937322854680388,1617.8998501331546,0.9985069944750165
1618.038735292179,0.9967195260074848,1618.038735292179,0.9991850666939562,1618.0290133316018,1.0116462450187276,1617.901238984666,0.9983008728601376
1618.04012414369,0.9835194939112623,1618.04012414369,0.9992335799963875,1618.0304021831123,0.999532301696803,1617.902627836642,1.0024460716400716
1618.041512995202,0.9966425501832666,1618.041512995202,0.9992584203288253,1618.0317910346232,1.0131986472767822,1617.904016688153,0.9993287625485792
1618.042901846247,1.0041071891040347,1618.042901846247,0.9993782286709024,1618.0331798861346,0.995432296083336,1617.9054055396648,0.9916022261949924
1618.0442906977576,0.996233365003693,1618.0442906977576,0.9993412719029806,1618.0345687376462,1.0052020392787742,1617.9067943916418,0.9937551199100432
1618.045679549269,0.9892566573810719,1618.045679549269,0.9994738539771338,1618.0359575891573,0.9931287358268454,1617.9081832431527,0.9999468555546208
1618.0470684007798,0.9981286653741487,1618.0470684007798,0.9994872340639384,1618.0373464406678,0.9988363269332108,1617.9095720951289,0.983105095383406
1618.0484572522912,0.9956197608088788,1618.0484572522912,0.9994787448854189,1618.038735292179,0.9959072660689572,1617.9109609466402,0.9993288984678768
1618.049846103802,0.9820778925801243,1618.049846103802,0.9994668768871015,1618.04012414369,0.9827657048971858,1617.912349798152,1.0043565532877723
1618.0512349553132,0.9936389088388136,1618.0512349553132,0.9995682242437796,1618.041512995202,0.995903460328623,1617.9137386501286,1.0010337342182405
1618.0526238068244,0.992170386208606,1618.0526238068244,0.9996701745354565,1618.042901846247,1.003482864042509,1617.9151275016395,0.9999552825510748
1618.0540126578696,1.006300819662121,1618.0540126578696,0.9997370133775833,1618.0442906977576,0.9955771180949768,1617.91651635315,0.9926744935341152
1618.055401509381,0.9936556570743903,1618.055401509381,0.9997744077533859,1618.045679549269,0.988736163925197,1617.917905205126,0.997943676945926
1618.056790360892,0.9857722050256683,1618.056790360892,0.9997486780993469,1618.0470684007798,0.9976168589947382,1617.919294056638,0.9931269009163272
1618.0581792124033,0.9992117267707425,1618.0581792124033,0.9998163734628598,1618.0484572522912,0.9951007889163792,1617.9206829081495,1.0041038793134498
1618.0595680639142,1.0049192858742384,1618.0595680639142,0.99991368141966,1618.049846103802,0.9815543241569232,1617.9220717601268,1.002479983504834
1618.0609569154255,0.9937136627312435,1618.0609569154255,0.9999513768210028,1618.0512349553132,0.9932098796475396,1617.9234606116372,1.002326394698495
1618.062345766936,0.9988708730686721,1618.062345766936,0.9998360094463273,1618.0526238068244,0.9918431431500684,1617.9248494631477,0.9967106850373376
1618.0637346179808,0.98774795783202,1618.0637346179808,0.9998588907231019,1618.0540126578696,1.0060361760084229,1617.9262383151251,0.996302995104051
1618.0651234694926,0.9916440608799656,1618.0651234694926,0.9999748773442012,1618.055401509381,0.99343149606235,1617.927627166637,0.9995649902878866
1618.0665123210044,1.002776322550841,1618.0665123210044,0.9999946111717279,1618.056790360892,0.9855244588814902,1617.929016018148,0.99116945915129
1618.0679011725151,0.9995131352806267,1618.0679011725151,1.0000471207732844,1618.0581792124033,0.9990282449814858,1617.930404870124,0.997275973396244
1618.0692900240258,0.9966063295375512,1618.0692900240258,1.0001173943923494,1618.0595680639142,1.0048325426681255,1617.9317937216344,0.9935545709863676
1618.0706788750706,0.9930242132420413,1618.0706788750706,1.0002477427744179,1618.0609569154255,0.9936653452139486,1617.9331825731454,0.9953481620380936
1618.0720677265824,1.0037845822460043,1618.0720677265824,1.0003060420088021,1618.062345766936,0.99870706768115,1617.9345714251228,0.9934814464042346
1618.0734565780942,1.0002666605215431,1618.0734565780942,1.0002780298838252,1618.0637346179808,0.9876085774319326,1617.9359602766342,1.0077176336395912
1618.0748454296051,1.001526401452648,1618.0748454296051,1.0003171994444604,1618.0651234694926,0.9916191481475491,1617.937349128145,0.9919978193107886
1618.0762342811156,1.0010130598669273,1618.0762342811156,1.0003751116672401,1618.0665123210044,1.0027709187614435,1617.9387379801212,0.9913273294155048
1618.0776231321604,0.9974234338433056,1618.0776231321604,1.0004717120369526,1618.0679011725151,0.999560233112469,1617.9401268316326,0.9982005644184754
1618.0790119836718,1.0081658983014816,1618.0790119836718,1.0003668380286013,1618.0692900240258,0.9967233255320188,1617.9415156831444,0.9985391393889096
1618.0804008351836,1.002192852023062,1618.0804008351836,1.0003311228273353,1618.0706788750706,0.993270227815694,1617.942904534655,0.9915252958725252
1618.0817896866954,1.0012368522734654,1618.0817896866954,1.000357718239783,1618.0720677265824,1.0040917824959594,1617.9442933866314,0.9895149135410553
1618.083178538206,1.0060545512260013,1618.083178538206,1.00030678914198,1618.0734565780942,1.000544764544962,1617.9456822381428,1.000722411066984
1618.0845673892509,1.0027792581317978,1618.0845673892509,1.0003075657482012,1618.0748454296051,1.001844085070801,1617.9470710896535,1.0075554819175006
1618.0859562407616,1.0092616912417816,1618.0859562407616,1.0001833416886905,1618.0762342811156,1.0013885515447432,1617.9484599411649,1.0029527787816928
1618.0873450922734,0.9926370605482345,1618.0873450922734,1.0001629308334385,1618.0776231321604,0.997893930482988,1617.9498487931417,1.000174248539581
1618.0887339433195,0.9993344474325498,1618.0887339433195,1.000277823798313,1618.0790119836718,1.0085357318921175,1617.9512376446526,0.9967944113246872
1618.09012279483,0.9993307696756929,1618.09012279483,1.0003434577412407,1618.0804008351836,1.0025247009537592,1617.952626496164,1.006075864443335
1618.0915116463405,0.9874727179121789,1618.0915116463405,1.0003501047766148,1618.0817896866954,1.0015950129578663,1617.9540153476748,0.9973481465432936
1618.0929004978514,1.0007216780403858,1618.0929004978514,1.0004151911290422,1618.083178538206,1.006363197838557,1617.955404199652,1.0035980556472632
1618.094289348897,1.0045673436000147,1618.094289348897,1.0004708014027879,1618.0845673892509,1.0030876786846057,1617.9567930511628,1.0005974332727994
1618.095678200408,1.0022441254607855,1618.095678200408,1.000598167761395,1618.0859562407616,1.0094467309845845,1617.958181902674,1.009837634884612
1618.097067051919,1.0058656485190791,1618.097067051919,1.0006627454936252,1618.0873450922734,0.9927987917318116,1617.959570754185,1.0117023117290065
1618.0984559034302,0.9995356242402326,1618.0984559034302,1.000655646839458,1618.0887339433195,0.9996120863245206,1617.9609596056964,1.002648931191807
1618.099844754476,1.000765281407481,1618.099844754476,1.000766486176551,1618.09012279483,0.999673997564598,1617.962348457673,0.9864364773686892
1618.1012336059869,0.996204695896988,1618.1012336059869,1.0008508515353038,1618.0915116463405,0.9878184368274968,1617.9637373091834,1.0005220660222551
1618.1026224574982,0.9941552477860626,1618.1026224574982,1.0008547819739606,1618.0929004978514,1.0011371688037485,1617.9651261606944,1.0083879196559284
1618.1040113085437,0.9970172300148704,1618.1040113085437,1.000804616679489,1618.094289348897,1.0050402953145765,1617.9665150122062,0.9966722878357528
1618.1054001600544,1.0043148109281526,1618.1054001600544,1.0008280644164913,1618.095678200408,1.0028436355856838,1617.9679038637175,0.9941475189223448
1618.1067890115658,1.0012701721856714,1618.1067890115658,1.0009608100453602,1618.097067051919,1.0065322814448276,1617.969292715228,0.9893710429644976
1618.108177862611,1.0097937778318296,1618.108177862611,1.0009944553752852,1618.0984559034302,1.0001909666131914,1617.970681567204,0.9882043117135116
1618.1095667141217,0.993899892129546,1618.1095667141217,1.0009409826150417,1618.099844754476,1.001532354161652,1617.972070418716,1.0020546920225022
1618.1109555656328,1.0095733259864519,1618.1109555656328,1.0009818061516216,1618.1012336059869,0.9970523181919688,1617.9734592702275,0.995584321817752
1618.112344416679,0.9909922386421552,1618.112344416679,1.0009682255716212,1618.1026224574982,0.9950050337711884,1617.974848121739,0.9932607134648588
1618.11373326819,0.9909652331835492,1618.11373326819,1.0009736268489093,1618.1040113085437,0.9978194467078784,1617.9762369732491,0.9988251815508038
1618.1151221197013,1.0086847135315862,1618.1151221197013,1.0010228660009752,1618.1054001600544,1.0051464482860373,1617.9776258247596,1.0078999014177334
1618.116510970746,0.9998847150252012,1618.116510970746,1.0010114495494606,1618.1067890115658,1.0022322026252268,1617.9790146767366,1.005942187814101
1618.117899822257,1.0150687057890206,1618.117899822257,1.0010414068287392,1618.108177862611,1.010797972682124,1617.9804035282484,0.9888737822140627
1618.1192886733031,0.9978011999417955,1618.1192886733031,1.0010835181133588,1618.1095667141217,0.9948351346491318,1617.9817923797602,1.0034348165707914
1618.1206775248145,0.9966312448754449,1618.1206775248145,1.0011148913867411,1618.1109555656328,1.0105645312884184,1617.9831812312705,1.014127315877943
1618.1220663763245,0.9894352603609727,1618.1220663763245,1.001203439503711,1618.112344416679,0.9919517426688867,1617.9845700827807,0.9995431752406144
1618.1248440788806,1.0087929229043333,1618.1248440788806,1.0012927469356938,1618.11373326819,0.9919300635409124,1617.985958934292,1.0021119140468109
1618.1262329303925,0.9992418351728831,1618.1262329303925,1.001234206463966,1618.1151221197013,1.009716462830761,1617.987347785803,0.9905714142416512
1618.1276217814386,0.993731225444893,1618.1276217814386,1.0013243814767658,1618.116510970746,1.000896047969726,1617.9887366373148,0.995754017060862
1618.129010632949,0.9980148514356671,1618.129010632949,1.0013059699116398,1618.117899822257,1.0161258052708688,1617.9901254888262,1.014441901092343
1618.130399483994,1.0034135365861623,1618.130399483994,1.0012365269929715,1618.1192886733031,0.9988823356154636,1617.9915143408025,0.9974637459059408
1618.1317883355048,1.0081582003184397,1618.1317883355048,1.0013156508473768,1618.1206775248145,0.9977423804661136,1617.9929031923132,0.9945794704502612
1618.1331771865505,1.0012435583703925,1618.1331771865505,1.0013820430019456,1618.1220663763245,0.9906259858396558,1617.9942920438243,1.0019151708634697
1618.1345660380623,0.9957550751110048,1618.1345660380623,1.0014688922032713,1618.1248440788806,1.0100970368641675,1617.9956808953357,0.9956002243755766
1618.1359548895732,0.9882710365085374,1618.1359548895732,1.001415770348811,1618.1262329303925,1.0004751059049188,1617.9970697468468,1.0071794611805651
1618.137343740618,1.0086939869799711,1618.137343740618,1.0015338569668504,1618.1276217814386,0.995047304672756,1617.9984585983575,1.000617821167446
1618.138732592129,1.0071670579982113,1618.138732592129,1.001603602468638,1618.129010632949,0.9993182288030118,1617.9998474498689,1.0159151303595189
1618.1401214431746,1.0062798190698505,1618.1401214431746,1.0016909471248205,1618.130399483994,1.004654284509264,1618.00123630138,0.9957633275327508
1618.1415102946864,0.9974438051892869,1618.1415102946864,1.0016169802419101,1618.1317883355048,1.0094845845089786,1618.0026251528905,0.9953678023766032
1618.1428991457317,0.9862928181912117,1618.1428991457317,1.0015829269598975,1618.1331771865505,1.0026273200234814,1618.0040140044014,1.0080471020170831
1618.144287997242,0.9993210310669587,1618.144287997242,1.001667894877483,1618.1345660380623,0.9972177319772032,1618.0054028559132,0.9995109623670726
1618.1456768482878,0.9995679379601451,1618.1456768482878,1.0017886298329197,1618.1359548895732,0.9896702013386148,1618.0067917074246,0.9957909191501728
1618.1470656997988,1.0127967326312568,1618.1470656997988,1.0018399100165565,1618.137343740618,1.0102411792793204,1618.0081805589357,0.9990849912882526
1618.1484545508445,1.0014851843881247,1618.1484545508445,1.001930929797701,1618.138732592129,1.0087821535787482,1618.009569410446,1.0097875486234298
1618.1498434023554,0.9991697432016124,1618.1498434023554,1.0019611705580613,1618.1401214431746,1.0079813850366717,1618.0109582619573,0.994893987705012
1618.1512322538667,1.0015142035693771,1618.1512322538667,1.0020355766340143,1618.1415102946864,0.9990566521146936,1618.012347113469,0.999754054030911
1618.152621104912,0.989865063315801,1618.152621104912,1.0021513658481485,1618.1428991457317,0.9878540476834798,1618.01373596498,0.9983752886755984
1618.1540099564234,0.9945444144828386,1618.1540099564234,1.0022816089757003,1618.144287997242,1.0009877934956364,1618.0151248164914,1.0083811236910465
1618.155398807468,1.0054252757897628,1618.155398807468,1.0022805966210335,1618.1456768482878,1.0013557949940106,1618.0165136680016,1.0034328457409756
1618.156787658979,1.0088205626117313,1618.156787658979,1.0023418133295237,1618.1470656997988,1.0146601874843608,1618.0179025195118,0.9961625225099346
1618.1581765100252,0.9953902174421,1618.1581765100252,1.0022969666005244,1618.1484545508445,1.0034189819726158,1618.0192913710237,0.9898567505746328
1618.1595653610705,0.9962851252608034,1618.1595653610705,1.002343251196639,1618.1498434023554,1.001129285484485,1618.0206802225357,0.998162031297593
1618.1609542125818,0.9943500211571051,1618.1609542125818,1.0022814004607647,1618.1512322538667,1.0035528624807963,1618.0220690740468,0.9976708869155522
1618.1623430636266,1.0037150150511323,1618.1623430636266,1.0023153457585505,1618.152621104912,0.991994625207294,1618.0234579255573,0.9925414965013694
1618.163731915137,0.9990778868179568,1618.163731915137,1.0022836157896637,1618.1540099564234,0.9968135759456552,1618.0248467770678,0.9863573043778112
1618.1651207661832,1.006061725892165,1618.1651207661832,1.0022693511617147,1618.155398807468,1.0077182452764306,1618.0262356285796,0.9910504618062016
1618.166509617695,1.0001239214181354,1618.166509617695,1.0022980795635696,1618.156787658979,1.011183032052353,1618.0276244800914,0.9937322854680388
1618.1678984687403,1.0051796074664372,1618.1678984687403,1.0023395627991398,1618.1581765100252,0.9976765955260531,1618.0290133316018,1.0116462450187276
1618.1692873202508,0.9874345359406249,1618.1692873202508,1.0023787077804018,1618.1595653610705,0.9986196715727644,1618.0304021831123,0.999532301696803
1618.1706761712956,1.0067121044032459,1618.1706761712956,1.0024980777185915,1618.1609542125818,0.9966185317535344,1618.0317910346232,1.0131986472767822
1618.1720650228074,1.0102135343025327,1618.1720650228074,1.0025055519790298,1618.1623430636266,1.0060389623540245,1618.0331798861346,0.995432296083336
1618.1734538738535,0.9990266486964534,1618.1734538738535,1.0025961042125455,1618.163731915137,1.0013593968553982,1618.0345687376462,1.0052020392787742
1618.1748427248988,0.9984839019241682,1618.1748427248988,1.0026165940227474,1618.1651207661832,1.008344833238575,1618.0359575891573,0.9931287358268454
1618.1762315764092,1.0067157359361891,1618.1762315764092,1.0025690558553224,1618.166509617695,1.0024222857629836,1618.0373464406678,0.9988363269332108
1618.177620427454,1.006166300070948,1618.177620427454,1.0026675680107553,1618.1678984687403,1.0075312882825196,1618.038735292179,0.9959072660689572
1618.1790092789654,1.0043222760109294,1618.1790092789654,1.0026968330014243,1618.1692873202508,0.9897833541539044,1618.04012414369,0.9827657048971858
1618.1803981300116,0.9949170588950998,1618.1803981300116,1.002659084268608,1618.1706761712956,1.009226949480292,1618.041512995202,0.995903460328623
1618.1817869810568,0.9905634183122629,1618.1817869810568,1.002761205013658,1618.1720650228074,1.0127446768226471,1618.042901846247,1.003482864042509
1618.1831758325673,0.9987260473394777,1618.1831758325673,1.0027606209368136,1618.1734538738535,1.0016202259875795,1618.0442906977576,0.9955771180949768
1618.184564683613,1.0023188889252388,1618.184564683613,1.0028294252344117,1618.1748427248988,1.0010965289337526,1618.045679549269,0.988736163925197
1618.185953535124,0.9958476926078916,1618.185953535124,1.0027485283998188,1618.1762315764092,1.0093020448922412,1618.0470684007798,0.9976168589947382
1618.18734238617,0.9913818980585678,1618.18734238617,1.0027582663653343,1618.177620427454,1.0088503171065173,1618.0484572522912,0.9951007889163792
1618.1887312372155,0.9933453050837928,1618.1887312372155,1.0027449620589692,1618.1790092789654,1.0070307654689412,1618.049846103802,0.9815543241569232
1618.190120088726,1.0027341680945745,1618.190120088726,1.0027629411548538,1618.1803981300116,0.9975626271949776,1618.0512349553132,0.9932098796475396
1618.1915089397714,0.997014001238496,1618.1915089397714,1.0028869711701074,1618.1817869810568,0.993298566989253,1618.0526238068244,0.9918431431500684
1618.1928977908167,1.0009608002567805,1618.1928977908167,1.0028417340209659,1618.1831758325673,1.0014831513759042,1618.0540126578696,1.0060361760084229
1618.194286642328,0.998306922318543,1618.194286642328,1.002858804580876,1618.184564683613,1.0051548752824913,1618.055401509381,0.99343149606235
1618.1956754933733,1.0078909219221783,1618.1956754933733,1.0029522580482064,1618.185953535124,0.9985848082729184,1618.056790360892,0.9855244588814902
1618.197064344885,1.0058225315971165,1618.197064344885,1.0030168121114948,1618.18734238617,0.994116393403184,1618.0581792124033,0.9990282449814858
1618.19845319593,1.000535776672827,1618.19845319593,1.0029703012233955,1618.1887312372155,0.996072000257703,1618.0595680639142,1.0048325426681255
1618.1998420469756,1.0063541815320745,1618.1998420469756,1.0030055598901884,1618.190120088726,1.0055046635949811,1618.0609569154255,0.9936653452139486
1618.2012308984863,1.0117689757828836,1618.2012308984863,1.00304827408065,1618.1915089397714,0.999892351916265,1618.062345766936,0.99870706768115
1618.2026197495322,1.0057981098625217,1618.2026197495322,1.0030042066816356,1618.1928977908167,1.0038052646165234,1618.0637346179808,0.9876085774319326
1618.2040086005777,0.9904867571657245,1618.2040086005777,1.0030923388967787,1618.194286642328,1.0011608867211874,1618.0651234694926,0.9916191481475491
1618.2053974516232,0.9879953574671485,1618.2053974516232,1.003054255862739,1618.1956754933733,1.0108664760081372,1618.0665123210044,1.0027709187614435
1618.206786303134,1.00424870009115,1618.206786303134,1.0030447733844596,1618.197064344885,1.008856909192453,1618.0679011725151,0.999560233112469
1618.2081751541791,0.9910743809467095,1618.2081751541791,1.0030886089046323,1618.19845319593,1.0035076693143292,1618.0692900240258,0.9967233255320188
1618.209564005224,1.0071899333647916,1618.209564005224,1.002997751247866,1618.1998420469756,1.0093788392954106,1618.0706788750706,0.993270227815694
1618.2109528567355,0.9902441897180752,1618.2109528567355,1.0030371832567837,1618.2012308984863,1.0148531249273682,1618.0720677265824,1.0040917824959594
1618.2123417077817,0.9974011113492374,1618.2123417077817,1.0030176151332661,1618.2026197495322,1.0088197352645472,1618.0734565780942,1.000544764544962
1618.213730558827,1.0032987938663365,1618.213730558827,1.0030441679423607,1618.2040086005777,0.9935496778916524,1618.0748454296051,1.001844085070801
1618.2151194103374,1.0085375290534662,1618.2151194103374,1.003068047019496,1618.2053974516232,0.9910129480800516,1618.0762342811156,1.0013885515447432
1618.2165082613822,1.0077807559263798,1618.2165082613822,1.003074978595697,1618.206786303134,1.0073064098045657,1618.0776231321604,0.997893930482988
1618.2178971124283,1.0007426817685603,1618.2178971124283,1.0030952832566633,1618.2081751541791,0.9941354221048544,1618.0790119836718,1.0085357318921175
1618.2192859634745,0.9982408103024074,1618.2192859634745,1.0030568880255242,1618.209564005224,1.010209238244374,1618.0804008351836,1.0025247009537592
1618.2206748149858,1.0121930640423564,1618.2206748149858,1.003023679181618,1618.2109528567355,0.9932517427912142,1618.0817896866954,1.0015950129578663
1618.2220636660306,0.9732313347007153,1618.2220636660306,1.0030327781559516,1618.2123417077817,1.0004108840367814,1618.083178538206,1.006363197838557
1618.2234525170752,0.9982833163915162,1618.2234525170752,1.0029922580439097,1618.213730558827,1.0063530038912336,1618.0845673892509,1.0030876786846057
1618.224841368121,1.01043893938431,1618.224841368121,1.0030461642044237,1618.2151194103374,1.0116317696135284,1618.0859562407616,1.0094467309845845
1618.2262302196325,1.000788901444925,1618.2262302196325,1.0031269811472938,1618.2165082613822,1.0108796601800087,1618.0873450922734,0.9927987917318116
1618.2276190706789,0.9960654303143757,1618.2276190706789,1.0032230048452828,1618.2178971124283,1.003840263835667,1618.0887339433195,0.9996120863245206
1618.2290079217237,0.998044140629458,1618.2290079217237,1.0033004400524623,1618.2192859634745,1.0012923206820104,1618.09012279483,0.999673997564598
1618.2303967727682,1.0076530744937322,1618.2303967727682,1.0032913076788212,1618.2206748149858,1.0152536111378796,1618.0915116463405,0.9878184368274968
1618.2317856238135,1.0075302205295045,1618.2317856238135,1.0032700400508305,1618.2220636660306,0.9761829294332832,1618.0929004978514,1.0011371688037485
1618.2331744753253,1.0143377993811828,1618.2331744753253,1.0032127252001184,1618.2234525170752,1.0012704376750896,1618.094289348897,1.0050402953145765
1618.2345633263717,0.9994383801157743,1618.2345633263717,1.0031012467316869,1618.224841368121,1.0135169023122184,1618.095678200408,1.0028436355856838
1618.2359521774165,1.00098445742128,1618.2359521774165,1.003196331706014,1618.2262302196325,1.0039183494721642,1618.097067051919,1.0065322814448276
1618.237341028461,0.997590325840687,1618.237341028461,1.0030866504413205,1618.2276190706789,0.9992757540224976,1618.0984559034302,1.0001909666131914
1618.2387298795068,0.9893326635221066,1618.2387298795068,1.0032184277184943,1618.2290079217237,1.0013381254853169,1618.099844754476,1.001532354161652
1618.2401187310177,0.9983171668164472,1618.2401187310177,1.003317272462712,1618.2303967727682,1.0109695707954012,1618.1012336059869,0.9970523181919688
1618.2415075820632,1.0048298259918693,1618.2415075820632,1.0032651839458706,1618.2317856238135,1.010824884703058,1618.1026224574982,0.9950050337711884
1618.2428964331086,0.9976548067543669,1618.2428964331086,1.0033312848972746,1618.2331744753253,1.0175965879906874,1618.1040113085437,0.9978194467078784
1618.244285284154,0.9967924114429146,1618.244285284154,1.0033336089269853,1618.2345633263717,1.0025378851256308,1618.1054001600544,1.0051464482860373
1618.2456741351996,1.0024200605032116,1618.2456741351996,1.003308000135538,1618.2359521774165,1.0041839357797628,1618.1067890115658,1.0022322026252268
1618.2470629862448,1.01607196666789,1618.2470629862448,1.0033468568567019,1618.237341028461,1.0006695384602002,1618.108177862611,1.010797972682124
1618.2484518377562,1.007585584502305,1618.2484518377562,1.003454083870401,1618.2387298795068,0.992516759189198,1618.1095667141217,0.9948351346491318
1618.2498406888014,1.0080588897863227,1618.2498406888014,1.003499282450195,1618.2401187310177,1.00162885686298,1618.1109555656328,1.0105645312884184
1618.2512295398471,0.9982182676772546,1618.2512295398471,1.0034409816886516,1618.2415075820632,1.00811078020803,1618.112344416679,0.9919517426688867
1618.2526183908924,1.0032871970774149,1618.2526183908924,1.0035069579726277,1618.2428964331086,1.0009782791448012,1618.11373326819,0.9919300635409124
1618.254007241938,0.9872689536143147,1618.254007241938,1.0036021490422338,1618.244285284154,1.000115327524052,1618.1151221197013,1.009716462830761
1618.255396092983,0.9957094568080515,1618.255396092983,1.0036965334397985,1618.2456741351996,1.005736066199222,1618.116510970746,1.000896047969726
1618.256784944028,1.0119203537275319,1618.256784944028,1.003619780601599,1618.2470629862448,1.019472614096435,1618.117899822257,1.0161258052708688
1618.25817379554,1.0000335485509322,1618.25817379554,1.0035403306076862,1618.2484518377562,1.0110658696177828,1618.1192886733031,0.9988823356154636
1618.2595626465854,1.009611138113286,1618.2595626465854,1.003484833029447,1618.2498406888014,1.011586372568115,1618.1206775248145,0.9977423804661136
1618.260951497631,0.9985777992527732,1618.260951497631,1.003516077040481,1618.2512295398471,1.0016531184576096,1618.1220663763245,0.9906259858396558
1618.2623403486757,1.0072294490763876,1618.2623403486757,1.0036163871763721,1618.2526183908924,1.0068056831120409,1618.1234552273693,1.0211951873151413
1618.263729199721,1.005730412010154,1618.263729199721,1.003578041252455,1618.254007241938,0.9908252435300036,1618.1248440788806,1.0100970368641675
1618.2651180507671,1.0134577838619911,1618.2651180507671,1.003474495786521,1618.255396092983,0.999390130111466,1618.1262329303925,1.0004751059049188
1618.2665069018128,0.9955435904394846,1618.2665069018128,1.0033875494696383,1618.256784944028,1.015583283394318,1618.1276217814386,0.995047304672756
1618.2678957528576,0.9961452692640957,1618.2678957528576,1.003420742287085,1618.25817379554,1.00357399793158,1618.129010632949,0.9993182288030118
1618.2692846039024,1.0028109200459203,1618.2692846039024,1.0035339850065346,1618.2595626465854,1.0131294643542808,1618.130399483994,1.004654284509264
1618.2706734549477,1.0046899493826327,1618.2706734549477,1.0035018614090554,1618.260951497631,1.00208887572586,1618.1317883355048,1.0094845845089786
1618.2720623059938,1.0004793999348995,1618.2720623059938,1.003549924801294,1618.2623403486757,1.0108719807396918,1618.1331771865505,1.0026273200234814
1618.2734511575056,1.0064491351149907,1618.2734511575056,1.0035110185465086,1618.263729199721,1.009328956913175,1618.1345660380623,0.9972177319772032
1618.2748400085504,0.993756093399364,1618.2748400085504,1.0034587693369559,1618.2651180507671,1.0169790386618365,1618.1359548895732,0.9896702013386148
1618.2762288595952,0.9990974598501319,1618.2762288595952,1.0034155085337682,1618.2665069018128,0.9989160436012796,1618.137343740618,1.0102411792793204
1618.2776177106405,1.0041972020842571,1618.2776177106405,1.003368471233042,1618.2678957528576,0.9995528255107472,1618.138732592129,1.0087821535787482
1618.2790065616866,1.0106856688539263,1618.2790065616866,1.0033799768823604,1618.2692846039024,1.0063548388017518,1618.1401214431746,1.0079813850366717
1618.2803954127328,1.0125966941303997,1618.2803954127328,1.0034117189449996,1618.2706734549477,1.0082082343444416,1618.1415102946864,0.9990566521146936
1618.2817842637776,1.00339594345058,1618.2817842637776,1.0033423903422392,1618.2720623059938,1.0040310265699122,1618.1428991457317,0.9878540476834798
1618.2831731148224,1.0009551321073265,1618.2831731148224,1.0033430448960854,1618.2734511575056,1.009982796694497,1618.144287997242,1.0009877934956364
1618.284561965868,0.9973074128048863,1618.284561965868,1.0033950530086597,1618.2748400085504,0.9971932665036268,1618.1456768482878,1.0013557949940106
1618.285950816913,0.9950523436039703,1618.285950816913,1.0033832463469512,1618.2762288595952,1.002509885750316,1618.1470656997988,1.0146601874843608
1618.2873396679597,0.9952593264774513,1618.2873396679597,1.0033983385156557,1618.2776177106405,1.007579811471779,1618.1484545508445,1.0034189819726158
1618.2887285190052,0.9847941188928406,1618.2887285190052,1.003372722740305,1618.2790065616866,1.0141017630499856,1618.1498434023554,1.001129285484485
1618.29011737005,0.9887235269677138,1618.29011737005,1.00334394124125,1618.2803954127328,1.0160513894554082,1618.1512322538667,1.0035528624807963
1618.2928950721407,0.9975755093035737,1618.2928950721407,1.0034190104792375,1618.2817842637776,1.006749684361411,1618.152621104912,0.991994625207294
1618.2942839231853,1.0049390608300484,1618.2942839231853,1.0033431835795594,1618.2831731148224,1.0043013700529284,1618.1540099564234,0.9968135759456552
1618.295672774231,1.0127880898009904,1618.295672774231,1.003345696263287,1618.284561965868,1.0006933243372882,1618.155398807468,1.0077182452764306
1618.2970616252771,0.9926581617587189,1618.2970616252771,1.003248831026778,1618.285950816913,0.9984188508104936,1618.156787658979,1.011183032052353
1618.2984504763224,1.005674078117993,1618.2984504763224,1.0031698063996937,1618.2873396679597,0.9986415545796852,1618.1581765100252,0.9976765955260531
1618.299839327368,0.9944245087248299,1618.299839327368,1.0032358767407523,1618.2887285190052,0.9881155564121492,1618.1595653610705,0.9986196715727644
1618.3012281784129,0.9910528361356823,1618.3012281784129,1.0032068292623115,1618.29011737005,0.9920297603457352,1618.1609542125818,0.9966185317535344
1618.302617029458,1.0030629840978582,1618.302617029458,1.003205378197575,1618.2928950721407,1.0009862304237134,1618.1623430636266,1.0060389623540245
1618.3040058805043,0.9951592202137044,1618.3040058805043,1.003105990162808,1618.2942839231853,1.0082987565966732,1618.163731915137,1.0013593968553982
1618.30539473155,0.9988925799837511,1618.30539473155,1.003093976860446,1618.295672774231,1.016176571128539,1618.1651207661832,1.008344833238575
1618.3067835821296,1.0038029373314368,1618.3067835821296,1.0030754558983945,1618.2970616252771,0.995883140393625,1618.166509617695,1.0024222857629836
1618.3081724331744,0.9953178810768571,1618.3081724331744,1.0031328318159167,1618.2984504763224,1.0088618702468173,1618.1678984687403,1.0075312882825196
1618.3095612842192,1.0034336548283327,1618.3095612842192,1.003196454492857,1618.299839327368,0.9976423438630466,1618.1692873202508,0.9897833541539044
1618.310950135265,0.9911662252255814,1618.310950135265,1.0031414983411182,1618.3012281784129,0.994230973371099,1618.1706761712956,1.009226949480292
1618.3123389863115,0.9930468997145877,1618.3123389863115,1.0031351793433227,1618.302617029458,1.00627818031788,1618.1720650228074,1.0127446768226471
1618.3137278373567,0.9935892251696948,1618.3137278373567,1.0032052102220654,1618.3040058805043,0.998250174962116,1618.1734538738535,1.0016202259875795
1618.3151166884015,0.9957879956028549,1618.3151166884015,1.0032957905275532,1618.30539473155,1.0019831305122922,1618.1748427248988,1.0010965289337526
1618.3165055394463,1.0078908658030394,1618.3165055394463,1.0032131237980446,1618.3067835821296,1.0068900889958785,1618.1762315764092,1.0093020448922412
1618.3178943904925,0.9941316486708432,1618.3178943904925,1.0032866870839359,1618.3081724331744,0.9984360446016456,1618.177620427454,1.0088503171065173
1618.3192832415386,0.9982808829104648,1618.3192832415386,1.0032291590977593,1618.3095612842192,1.0066410848425926,1618.1790092789654,1.0070307654689412
1618.3206720925843,1.0161828829990864,1618.3206720925843,1.0032214247609323,1618.310950135265,0.9942799722779,1618.1803981300116,0.9975626271949776
1618.3220609431637,1.000528472494356,1618.3220609431637,1.003155175918308,1618.3123389863115,0.9961602798415236,1618.1817869810568,0.993298566989253
1618.3234497942085,0.995661055582651,1618.3234497942085,1.0030609243105202,1618.3137278373567,0.9967738875107428,1618.1831758325673,1.0014831513759042
1618.3248386452535,1.001502166163116,1618.3248386452535,1.003029521591318,1618.3151166884015,0.999069904246214,1618.184564683613,1.0051548752824913
1618.3262274962997,1.002987885732225,1618.3262274962997,1.0029367605821355,1618.3165055394463,1.011129343929783,1618.185953535124,0.9985848082729184
1618.3276163473452,0.9872590848311817,1618.3276163473452,1.0028211787736323,1618.3178943904925,0.9973990483202616,1618.18734238617,0.994116393403184
1618.3290051983895,1.0053371930399826,1618.3290051983895,1.0027633917095196,1618.3192832415386,1.0015044907056343,1618.1887312372155,0.996072000257703
1618.3303940494354,1.0011774212979865,1618.3303940494354,1.0028086390557547,1618.3206720925843,1.0194564397000152,1618.190120088726,1.0055046635949811
1618.331782900481,0.9986742489808392,1618.331782900481,1.002811814645411,1618.3220609431637,1.0036853158363517,1618.1915089397714,0.999892351916265
1618.3331717510612,1.0036795393190383,1618.3331717510612,1.00276265627638,1618.3234497942085,0.998708698712722,1618.1928977908167,1.0038052646165234
1618.3345606021069,0.9868547544655107,1618.3345606021069,1.0027808480512141,1618.3248386452535,1.0045362385992591,1618.194286642328,1.0011608867211874
1618.3359494531517,1.004899201013246,1618.3359494531517,1.002715895887557,1618.3262274962997,1.0059334210194029,1618.1956754933733,1.0108664760081372
1618.337338304197,1.0037521695899758,1618.337338304197,1.0028394561720384,1618.3276163473452,0.9900443192053832,1618.197064344885,1.008856909192453
1618.3387271552426,0.9957700331944227,1618.3387271552426,1.00288296869099,1618.3290051983895,1.008115333504501,1618.19845319593,1.0035076693143292
1618.3401160058222,0.9994108579710093,1618.3401160058222,1.0028842755457539,1618.3303940494354,1.0039893673051838,1618.1998420469756,1.0093788392954106
1618.341504856868,0.997611496127315,1618.341504856868,1.0028823191870393,1618.331782900481,1.0014823358601184,1618.2012308984863,1.0148531249273682
1618.3428937079132,0.996905107826774,1618.3428937079132,1.0028294317764865,1618.3331717510612,1.0064523608978122,1618.2026197495322,1.0088197352645472
1618.3442825589589,0.9862611717057866,1618.3442825589589,1.0027909517923026,1618.3345606021069,0.9895990475862976,1618.2040086005777,0.9935496778916524
1618.345671410004,0.9988344776094856,1618.345671410004,1.0027913803821387,1618.3359494531517,1.0076284026206872,1618.2053974516232,0.9910129480800516
1618.3470602605837,1.0010232027419643,1618.3470602605837,1.0027646217814752,1618.337338304197,1.006602279883115,1618.206786303134,1.0073064098045657
1618.3484491116294,0.9992559275841748,1618.3484491116294,1.0027864302987008,1618.3387271552426,0.9986408070235482,1618.2081751541791,0.9941354221048544
1618.3498379626749,1.0033362991459687,1618.3498379626749,1.0027584296857253,1618.3401160058222,1.002293434268816,1618.209564005224,1.010209238244374
1618.3512268137204,1.0115446065745821,1618.3512268137204,1.002748537221609,1618.341504856868,1.0004869308838138,1618.2109528567355,0.9932517427912142
1618.3526156647656,1.0058978115448394,1618.3526156647656,1.0027135260883997,1618.3428937079132,0.9997257828170008,1618.2123417077817,1.0004108840367814
1618.3540045153447,1.0022095891195817,1618.3540045153447,1.0028064278759083,1618.3442825589589,0.9890137790906374,1618.213730558827,1.0063530038912336
1618.3553933663895,0.9849912441967813,1618.3553933663895,1.0027843038447708,1618.345671410004,1.0016226045752885,1618.2151194103374,1.0116317696135284
1618.3567822174357,1.000087008921028,1618.3567822174357,1.0027435435782617,1618.3470602605837,1.0037906532920269,1618.2165082613822,1.0108796601800087
1618.358171068482,0.9901964371366809,1618.358171068482,1.0026353945742845,1618.3484491116294,1.0020402845769518,1618.2178971124283,1.003840263835667
1618.359559919062,0.9941431119651645,1618.359559919062,1.002598217380745,1618.3498379626749,1.0061039317782987,1618.2192859634745,1.0012923206820104
1618.3609487701065,1.004241482059652,1618.3609487701065,1.0025562808977215,1618.3512268137204,1.01432487457707,1618.2206748149858,1.0152536111378796
1618.362337621151,0.9940196780127757,1618.362337621151,1.0025649904236387,1618.3526156647656,1.0086273414987303,1618.2220636660306,0.9761829294332832
1618.3637264721972,1.012093873252214,1618.3637264721972,1.002525979170787,1618.3540045153447,1.0050222180479895,1618.2234525170752,1.0012704376750896
1618.3651153227777,1.0043584249029385,1618.3651153227777,1.0025495707503376,1618.3553933663895,0.987733759105064,1618.224841368121,1.0135169023122184
1618.3665041738234,1.0005564711300485,1618.3665041738234,1.0025817600109956,1618.3567822174357,1.0028307912120562,1618.2262302196325,1.0039183494721642
1618.3678930248682,1.0054121413268768,1618.3678930248682,1.0025946854613452,1618.358171068482,0.9928059954545868,1618.2276190706789,0.9992757540224976
1618.369281875447,1.01048520459205,1618.369281875447,1.0025601263299224,1618.359559919062,0.9967261118776204,1618.2290079217237,1.0013381254853169
1618.3706707264926,0.9924958993696998,1618.3706707264926,1.0026027416539913,1618.3609487701065,1.0068086053769405,1618.2303967727682,1.0109695707954012
1618.3720595775387,0.9993418941282749,1618.3720595775387,1.0026431117506773,1618.362337621151,0.9965693289677868,1618.2317856238135,1.010824884703058
1618.3734484285849,1.0053775878474105,1618.3734484285849,1.0026530047352382,1618.3637264721972,1.0146504012949302,1618.2331744753253,1.0175965879906874
1618.374837279164,1.0063974560565605,1618.374837279164,1.0025885981798646,1618.3651153227777,1.006919107765926,1618.2345633263717,1.0025378851256308
1618.3762261302088,1.000074088048969,1618.3762261302088,1.0025031641377293,1618.3665041738234,1.003139667815955,1618.2359521774165,1.0041839357797628
1618.3776149812545,1.0057281294676923,1618.3776149812545,1.0025692303361522,1618.3678930248682,1.0080208695926376,1618.237341028461,1.0006695384602002
1618.379003831835,1.0048762311623867,1618.379003831835,1.0025020441819628,1618.369281875447,1.0130721743703233,1618.2387298795068,0.992516759189198
1618.3803926828805,1.0089055499936992,1618.3803926828805,1.0025992970661066,1618.3706707264926,0.995079109788405,1618.2401187310177,1.00162885686298
1618.381781533925,0.9889423366035888,1618.381781533925,1.0026838581812747,1618.3720595775387,1.0019832664315895,1618.2415075820632,1.00811078020803
1618.3831703845046,0.9968216994034633,1618.3831703845046,1.002688360991767,1618.3734484285849,1.008044859348672,1618.2428964331086,1.0009782791448012
1618.3845592355503,0.9874596930321795,1618.3845592355503,1.0027495893939788,1618.374837279164,1.0090026146795288,1618.244285284154,1.000115327524052
1618.3859480865956,0.9981181718363948,1618.3859480865956,1.0027116893951908,1618.3762261302088,1.0025774376412455,1618.2456741351996,1.005736066199222
1618.3873369371756,1.0061594733091996,1618.3873369371756,1.002746710292472,1618.3776149812545,1.0083120766878424,1618.2470629862448,1.019472614096435
1618.3887257882209,1.0020881268630764,1618.3887257882209,1.0027401212369116,1618.379003831835,1.0073904758901593,1618.2484518377562,1.0110658696177828
1618.390114638801,0.9926091542558851,1618.390114638801,1.0026719029737354,1618.3803926828805,1.0115279952297764,1618.2498406888014,1.011586372568115
1618.3915034898462,0.9951425286563648,1618.3915034898462,1.002623332195226,1618.381781533925,0.9915965175844912,1618.2512295398471,1.0016531184576096
1618.392892340892,1.0006350044307202,1618.392892340892,1.0025962553897436,1618.3831703845046,0.9995015159758864,1618.2526183908924,1.0068056831120409
1618.3942811914717,1.011048995261576,1618.3942811914717,1.0026062236740716,1618.3845592355503,0.9901748017311224,1618.254007241938,0.9908252435300036
1618.3956700425172,0.9941454697670017,1618.3956700425172,1.0025950192132722,1618.3859480865956,1.000824758298111,1618.255396092983,0.999390130111466
1618.3970588930968,1.004348143108614,1618.3970588930968,1.002582231389451,1618.3873369371756,1.0089231018904063,1618.256784944028,1.015583283394318
1618.398447744142,1.003555028650849,1618.398447744142,1.0025422439650253,1618.3887257882209,1.004833969820751,1618.25817379554,1.00357399793158
1618.3998365951877,0.9939055656668209,1618.3998365951877,1.0025161988312845,1618.390114638801,0.9952613096068984,1618.2595626465854,1.0131294643542808
1618.4012254457668,0.9913272234679114,1618.4012254457668,1.0025777449492244,1618.3915034898462,0.9977531180906276,1618.260951497631,1.00208887572586
1618.402614296812,0.9958466217089958,1618.402614296812,1.0026407589951327,1618.392892340892,1.0032329084541396,1618.2623403486757,1.0108719807396918
1618.4040031473926,0.9940997015822663,1618.4040031473926,1.0026593630819396,1618.3942811914717,1.013684015088673,1618.263729199721,1.009328956913175
1618.4053919984383,0.9984029984475696,1618.4053919984383,1.0025773579524182,1618.3956700425172,0.9967252963618346,1618.2651180507671,1.0169790386618365
1618.406780849483,0.9970818840428666,1618.406780849483,1.002504959371783,1618.3970588930968,1.006941602409686,1618.2665069018128,0.9989160436012796
1618.4081697000622,1.0089208444508393,1618.4081697000622,1.0024216964879498,1618.398447744142,1.0061063103660075,1618.2678957528576,0.9995528255107472
1618.4095585511084,1.001549317810316,1618.4095585511084,1.0024318643868873,1618.3998365951877,0.996406429689559,1618.2692846039024,1.0063548388017518
1618.4109474016889,0.9944712508497302,1618.4109474016889,1.0025022044419267,1618.4012254457668,0.9938826122112344,1618.2706734549477,1.0082082343444416
1618.412336252734,0.9963430095904457,1618.412336252734,1.0024884859841345,1618.402614296812,0.9984764126330464,1618.2720623059938,1.0040310265699122
1618.4137251033133,1.0006950516492874,1618.4137251033133,1.0025189801520396,1618.4040031473926,0.9967433736284214,1618.2734511575056,1.009982796694497
1618.415113954358,0.9953106269861142,1618.415113954358,1.0025945870077353,1618.4053919984383,1.0009762403553366,1618.2748400085504,0.9971932665036268
1618.4165028049376,1.0069793816099821,1618.4165028049376,1.002694624450652,1618.406780849483,0.9995795336527348,1618.2762288595952,1.002509885750316
1618.4178916559838,1.014616829088034,1618.4178916559838,1.0026689762966436,1618.4081697000622,1.0113641445164652,1618.2776177106405,1.007579811471779
1618.4192805065643,0.9962152795134636,1618.4192805065643,1.0027383799095375,1618.4095585511084,1.0039849499280102,1618.2790065616866,1.0141017630499856
1618.420669357609,0.9931499159046343,1618.420669357609,1.0026859061918658,1618.4109474016889,0.9969596212309748,1618.2803954127328,1.0160513894554082
1618.4220582081882,0.9957604363278897,1618.4220582081882,1.0025830567622112,1618.412336252734,0.998822395205202,1618.2817842637776,1.006749684361411
1618.423447059234,0.9986025499960429,1618.423447059234,1.0026911528498192,1618.4137251033133,1.0032157826226362,1618.2831731148224,1.0043013700529284
1618.4248359098144,1.0071395519853594,1618.4248359098144,1.002698592416217,1618.415113954358,0.9978930470075532,1618.284561965868,1.0006933243372882
1618.4262247608606,0.9932368584692832,1618.4262247608606,1.0027954667081262,1618.4165028049376,1.009692812872971,1618.285950816913,0.9984188508104936
1618.4276136114397,1.006155996473267,1618.4276136114397,1.0028884376065603,1618.4178916559838,1.0173248173550458,1618.2873396679597,0.9986415545796852
1618.4290024624845,0.9934891184388801,1618.4290024624845,1.0028889569106765,1618.4192805065643,0.9989432954204576,1618.2887285190052,0.9881155564121492
1618.430391313064,1.002689558740723,1618.430391313064,1.0028724844820838,1618.420669357609,0.9958174234132136,1618.29011737005,0.9920297603457352
1618.4317801641096,0.9886928132078342,1618.4317801641096,1.002891958683355,1618.4220582081882,0.9983325420564888,1618.2915062210952,1.024302846136501
1618.4331690146894,0.9997824118900905,1618.4331690146894,1.0029101030035845,1618.423447059234,1.0012899420943016,1618.2928950721407,1.0009862304237134
1618.4345578657346,1.0057585160581288,1618.4345578657346,1.0030053795590843,1618.4248359098144,1.0098574111424194,1618.2942839231853,1.0082987565966732
1618.435946716315,0.9960346879571358,1618.435946716315,1.0030034959933674,1618.4262247608606,0.996013419040418,1618.295672774231,1.016176571128539
1618.43733556736,0.9941530684261235,1618.43733556736,1.0030763987564106,1618.4276136114397,1.0090622152915465,1618.2970616252771,0.995883140393625
1618.43872441794,1.0012012215717037,1618.43872441794,1.0030690741047295,1618.4290024624845,0.996359265693276,1618.2984504763224,1.0088618702468173
1618.4401132689848,1.0043994817533461,1618.4401132689848,1.0030946098514568,1618.430391313064,1.0055697689385532,1618.299839327368,0.9976423438630466
1618.4415021195643,0.9903270803217543,1618.4415021195643,1.0031663732124583,1618.4317801641096,0.9915520719741612,1618.3012281784129,0.994230973371099
1618.4428909706105,1.0052587675760645,1618.4428909706105,1.003168218069441,1618.4331690146894,1.002691881689863,1618.302617029458,1.00627818031788
1618.4442798211903,0.9926201787275667,1618.4442798211903,1.0032210152021546,1618.4345578657346,1.0087812021436648,1618.3040058805043,0.998250174962116
1618.44566867177,0.9969512426800797,1618.44566867177,1.0032974166701463,1618.435946716315,0.99902627415167,1618.30539473155,1.0019831305122922
1618.447057522815,0.9993044437187483,1618.447057522815,1.003272687794394,1618.43733556736,0.9972114796895114,1618.3067835821296,1.0068900889958785
1618.4484463733943,0.9937637777651372,1618.4484463733943,1.0033264104934163,1618.43872441794,1.0042739823144529,1618.3081724331744,0.9984360446016456
1618.449835224441,0.9965849672407067,1618.449835224441,1.0033813871406836,1618.4401132689848,1.0075077062843782,1618.3095612842192,1.0066410848425926
1618.4512240750207,0.9948580257287286,1618.4512240750207,1.0034281939834782,1618.4415021195643,0.9934628254604572,1618.310950135265,0.9942799722779
1618.4526129256003,0.9928844342935095,1618.4526129256003,1.0033861124886234,1618.4428909706105,1.008443646567963,1618.3123389863115,0.9961602798415236
1618.454001776645,0.9981634853064646,1618.454001776645,1.0034564284171055,1618.4442798211903,0.9958174234132136,1618.3137278373567,0.9967738875107428
1618.4553906272242,0.9985737794401678,1618.4553906272242,1.0034502905613363,1618.44566867177,1.000238606327016,1618.3151166884015,0.999069904246214
1618.4567794782704,0.9909911766378656,1618.4567794782704,1.0034376064604837,1618.447057522815,1.0025748551745903,1618.3165055394463,1.011129343929783
1618.458168328851,0.9996439121963169,1618.458168328851,1.0034245980512406,1618.4484463733943,0.9970694440234722,1618.3178943904925,0.9973990483202616
1618.45955717943,0.9961378943254345,1618.45955717943,1.0033421417728536,1618.449835224441,0.999954806833533,1618.3192832415386,1.0015044907056343
1618.4609460304748,0.9993761438673128,1618.4609460304748,1.0034079784051169,1618.4512240750207,0.9982685920269468,1618.3206720925843,1.0194564397000152
1618.4623348810549,1.010521014753479,1618.4623348810549,1.003395916341064,1618.4526129256003,0.9962464526762306,1618.3220609431637,1.0036853158363517
1618.4637237316354,1.0016853981998948,1618.4637237316354,1.0033084772641139,1618.454001776645,1.001613565941995,1618.3234497942085,0.998708698712722
1618.4651125826815,1.0032118010289235,1618.4651125826815,1.003288578825319,1618.4553906272242,1.002019149126168,1618.3248386452535,1.0045362385992591
1618.4665014332604,1.0076078099250485,1618.4665014332604,1.0032525423032495,1618.4567794782704,0.9943978143089583,1618.3262274962997,1.0059334210194029
1618.467890283839,1.0022180952490776,1618.467890283839,1.0033421537250629,1618.458168328851,1.003067290789959,1618.3276163473452,0.9900443192053832
1618.469279134885,0.9960162323678233,1618.469279134885,1.003344884123531,1618.45955717943,0.999467128393582,1618.3290051983895,1.008115333504501
1618.4706679854646,0.9980117760186022,1618.4706679854646,1.0033316142691249,1618.4609460304748,1.0027819961842015,1618.3303940494354,1.0039893673051838
1618.472056836045,1.0030204868111496,1618.472056836045,1.0032923305952173,1618.4623348810549,1.0139526595804689,1618.331782900481,1.0014823358601184
1618.4734456870908,1.0026279390555213,1618.4734456870908,1.0032244952416083,1618.4637237316354,1.004999451565634,1618.3331717510612,1.0064523608978122
1618.47483453767,0.9942401058237652,1618.47483453767,1.0032732795468917,1618.4651125826815,1.0065109421150973,1618.3345606021069,0.9895990475862976
1618.4762233882495,1.0128844718524965,1618.4762233882495,1.0032592797306843,1618.4665014332604,1.0108850969519143,1618.3359494531517,1.0076284026206872
1618.4776122392952,0.9965947005233212,1618.4776122392952,1.0032118822335583,1618.467890283839,1.0055676621894396,1618.337338304197,1.006602279883115
1618.4790010898755,1.0103856775988174,1618.4790010898755,1.0031944825888177,1618.469279134885,0.9993477912502496,1618.3387271552426,0.9986408070235482
1618.480389940455,0.9956831186302614,1618.480389940455,1.0032162272003302,1618.4706679854646,1.0013367662923405,1618.3401160058222,1.002293434268816
1618.4817787915,1.0018498566764624,1618.4817787915,1.0033094982138786,1618.472056836045,1.0063227618475077,1618.341504856868,1.0004869308838138
1618.48316764208,0.992953162109632,1618.48316764208,1.0033475298685344,1618.4734456870908,1.0058609080741092,1618.3428937079132,0.9997257828170008
1618.4845564926595,0.9986939815022094,1618.4845564926595,1.0034183874025013,1618.47483453767,0.9974945316268576,1618.3442825589589,0.9890137790906374
1618.4859453432389,0.9904537517123447,1618.4859453432389,1.0034980686658304,1618.4762233882495,1.0161857456811303,1618.345671410004,1.0016226045752885
1618.487334194284,1.0017005739221994,1618.487334194284,1.0034630235572355,1618.4776122392952,0.9997956453359904,1618.3470602605837,1.0037906532920269
1618.4887230448646,0.9870091273985292,1618.4887230448646,1.003549820896866,1618.4790010898755,1.0136133370538976,1618.3484491116294,1.0020402845769518
1618.490111895445,0.9950266404749155,1618.490111895445,1.0035489057613407,1618.480389940455,0.9988854617593096,1618.3498379626749,1.0061039317782987
1618.4915007460245,1.0026939407244728,1618.4915007460245,1.0035537344715528,1618.4817787915,1.0051654769877076,1618.3512268137204,1.01432487457707
1618.492889597069,1.0073915325702125,1618.492889597069,1.0035968490437455,1618.48316764208,0.9962771024778496,1618.3526156647656,1.0086273414987303
1618.494278447649,0.9851211666869172,1618.494278447649,1.0036097856213062,1618.4845564926595,1.0021079044275305,1618.3540045153447,1.0050222180479895
1618.4956672982296,1.0024109653219795,1618.4956672982296,1.0035021870669587,1618.4859453432389,0.9939184269461638,1618.3553933663895,0.987733759105064
1618.4970561488092,1.0062700353001246,1618.4970561488092,1.0036056798111888,1618.487334194284,1.0051694866069882,1618.3567822174357,1.0028307912120562
1618.4984449998549,1.0038805365740673,1618.4984449998549,1.0035615636797877,1618.4887230448646,0.990512833024366,1618.358171068482,0.9928059954545868
1618.4998338504338,0.9987128965376758,1618.4998338504338,1.0034781819432128,1618.490111895445,0.9985578962519844,1618.359559919062,0.9967261118776204
1618.5012227010127,0.9960205621604898,1618.5012227010127,1.0034387753769207,1618.4915007460245,1.0062572487460426,1618.3609487701065,1.0068086053769405
1618.5026115515932,1.0097613223663677,1618.5026115515932,1.0034696492436026,1618.492889597069,1.011014967840815,1618.362337621151,0.9965693289677868
1618.5040004021737,0.9952402928065345,1618.5040004021737,1.0034589769976838,1618.494278447649,0.988677242909668,1618.3637264721972,1.0146504012949302
1618.5053892532194,1.0042025451454075,1618.5053892532194,1.0033622528316215,1618.4956672982296,1.0059215960405077,1618.3651153227777,1.006919107765926
1618.5067781037983,1.0063331285873525,1618.5067781037983,1.0032978866368898,1618.4970561488092,1.0098983228510106,1618.3665041738234,1.003139667815955
1618.5081669543777,1.0106285920321656,1618.5081669543777,1.0033933385924523,1618.4984449998549,1.0074559210319751,1618.3678930248682,1.0080208695926376
1618.5095558049582,1.0077313298746935,1618.5095558049582,1.0033752489151098,1618.4998338504338,1.002186601700867,1618.369281875447,1.0130721743703233
1618.5109446555389,1.0030083593480386,1618.5109446555389,1.0033993196328261,1618.5012227010127,0.999445653144554,1618.3706707264926,0.995079109788405
1618.5123335065834,1.002459139118435,1618.5123335065834,1.0034442009633218,1618.5026115515932,1.0132648399747353,1618.3720595775387,1.0019832664315895
1618.5137223571626,1.005768615016332,1618.5137223571626,1.0034495805442394,1618.5040004021737,0.9986828060865204,1618.3734484285849,1.008044859348672
1618.5151112077422,0.9983075382656814,1618.5151112077422,1.0034515944057467,1618.5053892532194,1.0075789279963443,1618.374837279164,1.0090026146795288
1618.516500058322,0.9984809028753474,1618.516500058322,1.0034535819618562,1618.5067781037983,1.00965190116438,1618.3762261302088,1.0025774376412455
1618.5178889089025,0.9894340250540024,1618.5178889089025,1.0034725432757279,1618.5081669543777,1.014057997036144,1618.3776149812545,1.0083120766878424
1618.5192777594823,0.9972736319886985,1618.5192777594823,1.0034370141930522,1618.5095558049582,1.0111326739525752,1618.379003831835,1.0073904758901593
1618.520666610527,1.0015859644128342,1618.520666610527,1.0034145958515819,1618.5109446555389,1.006417905355859,1618.3803926828805,1.0115279952297764
1618.522055461107,1.0029649563419107,1618.522055461107,1.0034489752406273,1618.5123335065834,1.0059118098510773,1618.381781533925,0.9915965175844912
1618.5234443116867,0.9960516611847371,1618.5234443116867,1.0034544555186657,1618.5137223571626,1.009238094862699,1618.3831703845046,0.9995015159758864
1618.5248331622672,1.0161592135708293,1618.5248331622672,1.0034786015953623,1618.5151112077422,1.001753290979974,1618.3845592355503,0.9901748017311224
1618.5262220128468,1.0014302932037258,1618.5262220128468,1.0035209001057648,1618.516500058322,1.0019292385107756,1618.3859480865956,1.000824758298111
1618.527610863426,1.008175701161657,1618.527610863426,1.003609910038698,1618.5178889089025,0.99286987752448,1618.3873369371756,1.0089231018904063
1618.528999714006,1.0087573066997648,1618.528999714006,1.0036893392209092,1618.5192777594823,1.0007012756162004,1618.3887257882209,1.004833969820751
1618.5303885645856,0.9962990324096136,1618.5303885645856,1.0037841555499354,1618.520666610527,1.005005975691921,1618.390114638801,0.9952613096068984
1618.5317774151656,0.9966481787224208,1618.5317774151656,1.003850775798214,1618.522055461107,1.0064241576435509,1618.3915034898462,0.9977531180906276
1618.5331662662109,0.9930264130835085,1618.5331662662109,1.003871450744363,1618.5234443116867,0.9994924773425928,1618.392892340892,1.0032329084541396
1618.534555116791,1.001603336802551,1618.534555116791,1.003857288735049,1618.5248331622672,1.019694026632299,1618.3942811914717,1.013684015088673
1618.5359439673705,1.005438816849613,1618.5359439673705,1.0037956918123558,1618.5262220128468,1.0049562292289829,1618.3956700425172,0.9967252963618346
1618.53733281795,0.985289631069461,1618.53733281795,1.0037949928484557,1618.527610863426,1.0118151247460518,1618.3970588930968,1.006941602409686
1618.5387216685292,0.9983182936397473,1618.5387216685292,1.0038001470578382,1618.528999714006,1.0124789545957509,1618.398447744142,1.0061063103660075
1618.5401105191092,1.001937562739885,1618.5401105191092,1.003862174007203,1618.5303885645856,1.0000691829225017,1618.3998365951877,0.996406429689559
1618.5414993696895,1.003718064252859,1618.5414993696895,1.0038653847768957,1618.5317774151656,1.0004860474083792,1618.4012254457668,0.9938826122112344
1618.542888220269,0.9958597736981735,1618.542888220269,1.0038088579495033,1618.5331662662109,0.9968708659296126,1618.402614296812,0.9984764126330464
1618.5442770708494,1.008062249809476,1618.5442770708494,1.0036949500317736,1618.534555116791,1.005466810070587,1618.4040031473926,0.9967433736284214
1618.5456659214285,0.9977121224309696,1618.5456659214285,1.0036903769760326,1618.5359439673705,1.0092551527345537,1618.4053919984383,1.0009762403553366
1618.5470547720076,0.9852554845907834,1618.5470547720076,1.0037443887343938,1618.53733281795,0.9890287981730272,1618.406780849483,0.9995795336527348
1618.548443622588,1.011494426505041,1618.548443622588,1.0037729705646377,1618.5387216685292,1.0021120499661085,1618.4081697000622,1.0113641445164652
1618.5498324731686,1.0067589018756606,1618.5498324731686,1.0037949984728511,1618.5401105191092,1.005807219951539,1618.4095585511084,1.0039849499280102
1618.5512213237482,1.0059888160046166,1618.5512213237482,1.0038036130571317,1618.5414993696895,1.007597820778717,1618.4109474016889,0.9969596212309748
1618.5526101743274,1.0024888499179434,1618.5526101743274,1.003914148775746,1618.542888220269,0.9996528621138142,1618.412336252734,0.998822395205202
1618.5539990249065,1.0025260878046856,1618.5539990249065,1.0038047324632404,1618.5442770708494,1.0117869894514393,1618.4137251033133,1.0032157826226362
1618.555387875487,0.9875573295254009,1618.555387875487,1.0038552108964534,1618.5456659214285,1.0013940562762975,1618.415113954358,0.9978930470075532
1618.5567767260677,0.9999698809630941,1618.5567767260677,1.0037693724449925,1618.5470547720076,0.9889446641277848,1618.4165028049376,1.009692812872971
1618.558165576647,1.0069376957903318,1618.558165576647,1.0037761098102125,1618.548443622588,1.0153107652025395,1618.4178916559838,1.0173248173550458
1618.5595544272262,1.010554352184406,1618.5595544272262,1.0037507123117906,1618.5498324731686,1.0105795503708082,1618.4192805065643,0.9989432954204576
1618.560943277805,1.00266617548982,1618.560943277805,1.0037342980108404,1618.5512213237482,1.0098152082005003,1618.420669357609,0.9958174234132136
1618.5623321283854,1.0005054833177673,1618.5623321283854,1.0038307165418667,1618.5526101743274,1.0064127404225487,1618.4220582081882,0.9983325420564888
1618.563720978966,0.9892233878665297,1618.563720978966,1.003914023769491,1618.5539990249065,1.0063404313562014,1618.423447059234,1.0012899420943016
1618.5651098295457,0.9955419255859689,1618.5651098295457,1.003943053070214,1618.555387875487,0.9913645713030595,1618.4248359098144,1.0098574111424194
1618.5664986801246,1.0037214960644352,1618.5664986801246,1.0038413016324834,1618.5567767260677,1.003739139878219,1618.4262247608606,0.996013419040418
1618.5678875307046,1.0080166200611227,1618.5678875307046,1.003841378075709,1618.558165576647,1.0107400031016784,1618.4276136114397,1.0090622152915465
1618.5692763812842,0.9998327402893912,1618.5692763812842,1.003766421045908,1618.5595544272262,1.0143446508348777,1618.4290024624845,0.996359265693276
1618.5706652318647,1.0119688632924797,1618.5706652318647,1.003768035018972,1618.560943277805,1.0064104297944887,1618.430391313064,1.0055697689385532
1618.5720540824443,1.000199285331498,1618.5720540824443,1.0038260177148413,1618.5623321283854,1.004338136222941,1618.4317801641096,0.9915520719741612
1618.5734429330234,1.007524340634139,1618.5734429330234,1.0038028310493317,1618.563720978966,0.9930952317199758,1618.4331690146894,1.002691881689863
1618.5748317836037,1.0005711499538659,1618.5748317836037,1.0037943136346072,1618.5651098295457,0.9994674002321774,1618.4345578657346,1.0087812021436648
1618.576220634183,1.0091642586666338,1618.576220634183,1.0038073075718659,1618.5664986801246,1.007577093085826,1618.435946716315,0.99902627415167
1618.5776094847631,0.9976442431952698,1618.5776094847631,1.0039043084113184,1618.5678875307046,1.0118887930053757,1618.43733556736,0.9972114796895114
1618.5789983353427,1.0011348590238607,1618.5789983353427,1.00391024123041,1618.5692763812842,1.003598531364805,1618.43872441794,1.0042739823144529
1618.5803871859227,1.0032133335471747,1618.5803871859227,1.003866781982283,1618.5706652318647,1.015781997407475,1618.4401132689848,1.0075077062843782
1618.5817760365023,0.9989242367562737,1618.5817760365023,1.0039302189003787,1618.5720540824443,1.004026065515548,1618.4415021195643,0.9934628254604572
1618.5831648870824,0.99606292334967,1618.5831648870824,1.0039689450472706,1618.5734429330234,1.01135578547966,1618.4428909706105,1.008443646567963
1618.5845537371958,0.99387611963034,1618.5845537371958,1.0039222894618083,1618.5748317836037,1.0043676307105305,1618.4442798211903,0.9958174234132136
1618.5859425877754,1.0006234231302307,1618.5859425877754,1.0039596176971657,1618.576220634183,1.0130064573899118,1618.44566867177,1.000238606327016
1618.587331438356,1.002201278912894,1618.587331438356,1.0039301560289875,1618.5776094847631,1.0015393540054804,1618.447057522815,1.0025748551745903
1618.5887202889355,0.9925971836657,1618.5887202889355,1.0038650420800308,1618.5789983353427,1.0050495378268165,1618.4484463733943,0.9970694440234722
1618.5901091395156,0.9892271020997919,1618.5901091395156,1.0038881330738905,1618.5803871859227,1.007092540789721,1618.449835224441,0.999954806833533
1618.5914979900947,0.9941612114094867,1618.5914979900947,1.00385150602532,1618.5817760365023,1.0028502276716196,1618.4512240750207,0.9982685920269468
1618.5928868406738,1.0102217076156528,1618.5928868406738,1.0037519296107624,1618.5831648870824,1.0000162423560686,1618.4526129256003,0.9962464526762306
1618.5942756912543,0.996360239838401,1618.5942756912543,1.003704962629733,1618.5845537371958,0.997774389460709,1618.454001776645,1.001613565941995
1618.5956645413692,0.988086489111392,1618.5956645413692,1.003790875167805,1618.5859425877754,1.0045855093446556,1618.4553906272242,1.002019149126168
1618.5970533919487,0.9854719677386621,1618.5970533919487,1.0037875315064886,1618.587331438356,1.0061400863114724,1618.4567794782704,0.9943978143089583
1618.598442242528,0.9875943743674702,1618.598442242528,1.0037242452440476,1618.5887202889355,0.996433613549088,1618.458168328851,1.003067290789959
1618.599831093107,1.0051702177081476,1618.599831093107,1.003631286690838,1618.5901091395156,0.993073348713055,1618.45955717943,0.999467128393582
1618.601219943687,1.0008676708378939,1618.601219943687,1.0036680355401986,1618.5914979900947,0.9979902293053696,1618.4609460304748,1.0027819961842015
1618.6026087942676,1.000563205526443,1618.6026087942676,1.0036493247350804,1618.5928868406738,1.014011988353891,1618.4623348810549,1.0139526595804689
1618.6039976443822,1.0016352780167563,1618.6039976443822,1.0037521357672636,1618.5942756912543,1.000051717292754,1618.4637237316354,1.004999451565634
1618.605386494961,1.0052168899493632,1618.605386494961,1.0036501992045403,1618.5956645413692,0.991832201646608,1618.4651125826815,1.0065109421150973
1618.6067753455402,1.0058268182535086,1618.6067753455402,1.0036404278440407,1618.5970533919487,0.9892044738652336,1618.4665014332604,1.0108850969519143
1618.6081641961202,1.0038283482325696,1618.6081641961202,1.0035861840609237,1618.598442242528,0.9912724180192564,1618.467890283839,1.0055676621894396
1618.6095530467007,1.0008488355102125,1618.6095530467007,1.0035930833439444,1618.599831093107,1.0088202789417378,1618.469279134885,0.9993477912502496
1618.6109418972803,1.0024153529679483,1618.6109418972803,1.0036205052388543,1618.601219943687,1.004538889025563,1618.4706679854646,1.0013367662923405
1618.6123307473938,0.9997015996894747,1618.6123307473938,1.0036581257008315,1618.6026087942676,1.004214585581382,1618.472056836045,1.0063227618475077
1618.6137195979738,1.0023052617949126,1618.6137195979738,1.0035758102336867,1618.6039976443822,1.0053935495691562,1618.4734456870908,1.0058609080741092
1618.6151084485534,1.0085745965050825,1618.6151084485534,1.003628252753285,1618.605386494961,1.0088861318414468,1618.47483453767,0.9974945316268576
1618.6164972991337,1.0051178975463904,1618.6164972991337,1.0037026641203473,1618.6067753455402,1.0094884582089616,1618.4762233882495,1.0161857456811303
1618.6178861492474,1.0063126471697732,1618.6178861492474,1.003731543170319,1618.6081641961202,1.0074282614549046,1618.4776122392952,0.9997956453359904
1618.6192749998274,1.01405658071157,1618.6192749998274,1.00372281757828,1618.6095530467007,1.0044449687908903,1618.4790010898755,1.0136133370538976
1618.620663850407,0.9941455412219349,1618.620663850407,1.003742709180245,1618.6109418972803,1.0060446030048766,1618.480389940455,0.9988854617593096
1618.6220527009866,1.0053153927508347,1618.6220527009866,1.0036913866360164,1618.6123307473938,1.003358633804461,1618.4817787915,1.0051654769877076
1618.6234415515669,0.9916767564391324,1618.6234415515669,1.0036844022677176,1618.6137195979738,1.005889315207317,1618.48316764208,0.9962771024778496
1618.6248304016806,0.9947249376561145,1618.6248304016806,1.0036710070438326,1618.6151084485534,1.0122339600617454,1618.4845564926595,1.0021079044275305
1618.6262192522606,1.0000616621676945,1618.6262192522606,1.003635866089007,1618.6164972991337,1.0088395115223543,1618.4859453432389,0.9939184269461638
1618.6276081028402,1.0025406478918826,1618.6276081028402,1.003605840009352,1618.6178861492474,1.0100677462555252,1618.487334194284,1.0051694866069882
1618.6289969534205,1.0033364409965437,1618.6289969534205,1.003499361885068,1618.6192749998274,1.0178317283756135,1618.4887230448646,0.990512833024366
1618.6303858035342,0.9881090168921879,1618.6303858035342,1.0035209411475585,1618.620663850407,0.997866338865566,1618.490111895445,0.9985578962519844
1618.631774654113,0.9985231862717927,1618.631774654113,1.003434026057461,1618.6220527009866,1.0090264005566167,1618.4915007460245,1.0062572487460426
1618.6331635046934,1.0041073608298292,1618.6331635046934,1.0033714108118008,1618.6234415515669,0.9953304925293996,1618.492889597069,1.011014967840815
1618.6345523548082,0.9938558473271191,1618.6345523548082,1.0032526099300187,1618.6248304016806,0.998376579908926,1618.494278447649,0.988677242909668
1618.6359412053878,0.9959664061361069,1618.6359412053878,1.0032386851395472,1618.6262192522606,1.003697752452086,1618.4956672982296,1.0059215960405077
1618.637330055967,1.0029575880052832,1618.637330055967,1.003266485783095,1618.6276081028402,1.0061556490710528,1618.4970561488092,1.0098983228510106
1618.638718906546,1.0066019640974215,1618.638718906546,1.0032446278337461,1618.6289969534205,1.0068474782960668,1618.4984449998549,1.0074559210319751
1618.6401077566609,1.001830857010923,1618.6401077566609,1.0032341668082971,1618.6303858035342,0.9915880905880372,1618.4998338504338,1.002186601700867
1618.6414966072414,0.9926522692277264,1618.6414966072414,1.0031846121989072,1618.631774654113,1.001952140912429,1618.5012227010127,0.999445653144554
1618.642885457821,0.9970677948262728,1618.642885457821,1.0032248489491442,1618.6331635046934,1.0074926192423397,1618.5026115515932,1.0132648399747353
1618.6442743079344,0.9828868225633632,1618.6442743079344,1.0033328815739706,1618.6345523548082,0.9970884727251424,1618.5040004021737,0.9986828060865204
1618.6456631585136,1.0043478874165366,1618.6456631585136,1.003382833540042,1618.6359412053878,0.999192027735148,1618.5053892532194,1.0075789279963443
1618.6470520090936,0.9982779433340883,1618.6470520090936,1.0033172774319377,1618.637330055967,1.0062337347075498,1618.5067781037983,1.00965190116438
1618.6484408592084,1.0043591498544233,1618.6484408592084,1.0033027670621257,1618.638718906546,1.0098680128476356,1618.5081669543777,1.014057997036144
1618.649829709789,1.0062471645214917,1618.649829709789,1.0033114684497326,1618.6401077566609,1.0050709451161954,1618.5095558049582,1.0111326739525752
1618.651218560368,0.9991567351243654,1618.651218560368,1.003212328691592,1618.6414966072414,0.995813481753582,1618.5109446555389,1.006417905355859
1618.6526074104816,1.0026626242360104,1618.6526074104816,1.0031839616149376,1618.642885457821,1.0002831878566438,1618.5123335065834,1.0059118098510773
1618.6539962610611,1.0050260402690083,1618.6539962610611,1.003054978050767,1618.6442743079344,0.9861626679435832,1618.5137223571626,1.009238094862699
1618.655385111176,1.0065697605883404,1618.655385111176,1.0029647331351796,1618.6456631585136,1.0077454291359598,1618.5151112077422,1.001753290979974
1618.6567739617565,1.0066309072214668,1618.6567739617565,1.0030183095229506,1618.6470520090936,1.0015895082263115,1618.516500058322,1.0019292385107756
1618.6581628123356,0.9985267950100611,1618.6581628123356,1.003115146057738,1618.6484408592084,1.007676314173107,1618.5178889089025,0.99286987752448
1618.659551662449,1.0054369592292114,1618.659551662449,1.0032111168805975,1618.649829709789,1.0095793202594374,1618.5192777594823,1.0007012756162004
1618.660940513029,0.9902412521527353,1618.660940513029,1.0031971828159072,1618.651218560368,1.0023663549720028,1618.520666610527,1.005005975691921
1618.6623293636087,0.9867652736988822,1618.6623293636087,1.0030895516677074,1618.6526074104816,1.0058550635443104,1618.522055461107,1.0064241576435509
1618.6637182137226,0.9964287995194804,1618.6637182137226,1.0031408833663062,1618.6539962610611,1.0080963727624794,1618.5234443116867,0.9994924773425928
1618.665107064303,1.0104107973342134,1618.665107064303,1.0031969168434038,1618.655385111176,1.0095539713104265,1618.5248331622672,1.019694026632299
1618.6664959144166,0.9953260407830006,1618.6664959144166,1.0031147076862643,1618.6567739617565,1.0096692308748296,1618.5262220128468,1.0049562292289829
1618.6678847649966,0.9991875472434772,1618.6678847649966,1.0031145338053082,1618.6581628123356,1.0016373518190826,1618.527610863426,1.0118151247460518
1618.6692736155762,0.9928582509841615,1618.6692736155762,1.003178479596627,1618.659551662449,1.008665534821369,1618.528999714006,1.0124789545957509
1618.6706624656906,0.9952037060856213,1618.6706624656906,1.003054458913609,1618.660940513029,0.9934072344677204,1618.5303885645856,1.0000691829225017
1618.6720513162702,0.9987455706408882,1618.6720513162702,1.0031300324519374,1618.6623293636087,0.9898139359958744,1618.5317774151656,1.0004860474083792
1618.673440166384,0.9987322327096867,1618.673440166384,1.0031471716404843,1618.6637182137226,0.9995584661615996,1618.5331662662109,0.9968708659296126
1618.6748290169642,1.0007243183963317,1618.6748290169642,1.0030467304227026,1618.665107064303,1.0136409966309683,1618.534555116791,1.005466810070587
1618.676217867078,1.0087614565116543,1618.676217867078,1.0030321987307451,1618.6664959144166,0.9984261904525664,1618.5359439673705,1.0092551527345537
1618.6776067176572,1.0060481768169427,1618.6776067176572,1.003040029489404,1618.6678847649966,1.00229955063721,1618.53733281795,0.9890287981730272
1618.6789955677716,0.9932775908633492,1618.6789955677716,1.0029879284959702,1618.6692736155762,0.9960140306772574,1618.5387216685292,1.0021120499661085
1618.680384418352,0.9995905501421245,1618.680384418352,1.0029167921076203,1618.6706624656906,0.9982435149165312,1618.5401105191092,1.005807219951539
1618.6817732689317,0.9911281578295519,1618.6817732689317,1.0029292055018524,1618.6720513162702,1.001871676688223,1618.5414993696895,1.007597820778717
1618.6831621190452,0.9941457970803272,1618.6831621190452,1.0029809905807652,1618.673440166384,1.0018754144689082,1618.542888220269,0.9996528621138142
1618.6845509696243,0.9966606374788824,1618.6845509696243,1.0029757935446222,1618.6748290169642,1.003773255621928,1618.5442770708494,1.0117869894514393
1618.6859398197391,1.0036623389836579,1618.6859398197391,1.0029113372482688,1618.676217867078,1.0118202217197134,1618.5456659214285,1.0013940562762975
1618.6873286703196,1.0089240460521771,1618.6873286703196,1.0028921807605105,1618.6776067176572,1.0091065929422274,1618.5470547720076,0.9889446641277848
1618.688717520434,1.0032175210210434,1618.688717520434,1.0028910405016773,1618.6789955677716,0.9962454332814984,1618.548443622588,1.0153107652025395
1618.690106371013,1.005229318467968,1618.690106371013,1.0029536839331032,1618.680384418352,1.002506147969631,1618.5498324731686,1.0105795503708082
1618.6914952211262,0.9940227803331453,1618.6914952211262,1.0030303894112096,1618.6817732689317,0.994031375882507,1618.5512213237482,1.0098152082005003
1618.6928840717062,0.9901048996615589,1618.6928840717062,1.002943959664851,1618.6831621190452,0.997109336337331,1618.5526101743274,1.0064127404225487
1618.694272921821,0.9959507316444569,1618.694272921821,1.002895007322233,1618.6845509696243,0.9996264937700712,1618.5539990249065,1.0063404313562014
1618.6956617724015,0.9934366193405179,1618.6956617724015,1.0028472779679347,1618.6859398197391,1.0065843385358255,1618.555387875487,0.9913645713030595
1618.697050622515,1.0047653773444216,1618.697050622515,1.0027894522750849,1618.6873286703196,1.0118420367669856,1618.5567767260677,1.003739139878219
1618.698439473094,0.9970162380411747,1618.698439473094,1.0027483269712636,1618.688717520434,1.0061178635063075,1618.558165576647,1.0107400031016784
1618.699828323208,0.989532148142215,1618.699828323208,1.0026916777906576,1618.690106371013,1.008198448155011,1618.5595544272262,1.0143446508348777
1618.701217173323,0.998823872966411,1618.701217173323,1.002737185341225,1618.6914952211262,0.997035056441168,1618.560943277805,1.0064104297944887
1618.7026060239034,1.0091685481728556,1618.7026060239034,1.0027356666913734,1618.6928840717062,0.993019728550134,1618.5623321283854,1.004338136222941
1618.7039948740169,0.9948512400299779,1618.7039948740169,1.0027097763936426,1618.694272921821,0.9988340163051508,1618.563720978966,0.9930952317199758
1618.705383724596,0.9920270756212578,1618.705383724596,1.002749447984886,1618.6956617724015,0.9962652095393056,1618.5651098295457,0.9994674002321774
1618.7067725747102,1.009062612992952,1618.7067725747102,1.0026739114097576,1618.697050622515,1.0075681224121815,1618.5664986801246,1.007577093085826
1618.70816142529,0.9988448809953936,1618.70816142529,1.002623903631363,1618.698439473094,0.999756364658971,1618.5678875307046,1.0118887930053757
1618.709550275404,0.9938894221739597,1618.709550275404,1.0025828766455391,1618.699828323208,0.9921956498485112,1618.5692763812842,1.003598531364805
1618.710939125984,0.9759422068068806,1618.710939125984,1.0026516375659738,1618.701217173323,1.0015578390299602,1618.5706652318647,1.015781997407475
1618.712327976098,0.9969533032380858,1618.712327976098,1.0025941056347296,1618.7026060239034,1.0119292969560738,1618.5720540824443,1.004026065515548
1618.7137168262122,0.9995386932014504,1618.7137168262122,1.002620302371614,1618.7039948740169,0.9975470644353972,1618.5734429330234,1.01135578547966
1618.7151056767918,1.0064931371938979,1618.7151056767918,1.0026564195009227,1618.705383724596,0.994754602465277,1618.5748317836037,1.0043676307105305
1618.7164945269062,0.9992388107864968,1618.7164945269062,1.0027397451446622,1618.7067725747102,1.0117607570269938,1618.576220634183,1.0130064573899118
1618.7178833774858,0.9933282593407369,1618.7178833774858,1.0028137551367293,1618.70816142529,1.0014657537058056,1618.5776094847631,1.0015393540054804
1618.7192722276002,0.9966008091843116,1618.7192722276002,1.0027937885334655,1618.709550275404,0.9964565159507413,1618.5789983353427,1.0050495378268165
1618.720661077714,1.009399075614241,1618.720661077714,1.0028793824245836,1618.710939125984,0.978530051824669,1618.5803871859227,1.007092540789721
1618.7220499282942,0.9980416949689689,1618.7220499282942,1.002903737458624,1618.712327976098,0.999539505419578,1618.5817760365023,1.0028502276716196
1618.7234387784074,0.9969177754791522,1618.7234387784074,1.00294409829345,1618.7137168262122,1.0021577868097662,1618.5831648870824,1.0000162423560686
1618.7248276285216,0.9881123498423292,1618.7248276285216,1.0030674091308014,1618.7151056767918,1.0091668051910845,1618.5845537371958,0.997774389460709
1618.726216479102,0.9992650918953032,1618.726216479102,1.003033289948833,1618.7164945269062,1.0019764704667071,1618.5859425877754,1.0045855093446556
1618.727605329216,1.0058129441259507,1618.727605329216,1.0029753599306104,1618.7178833774858,0.9961232418329152,1618.587331438356,1.0061400863114724
1618.728994179795,1.0148121202042024,1618.728994179795,1.0029334115084303,1618.7192722276002,0.9993851010974532,1618.5887202889355,0.996433613549088
1618.7303830299086,0.9978185127639737,1618.7303830299086,1.0028508565965142,1618.720661077714,1.0123055215719556,1618.5901091395156,0.993073348713055
1618.7317718800234,0.9946542595102512,1618.7317718800234,1.0027902184762154,1618.7220499282942,1.0009397460239189,1618.5914979900947,0.9979902293053696
1618.733160730604,0.996155430315697,1618.733160730604,1.0027448657290576,1618.7234387784074,0.9998527994006504,1618.5928868406738,1.014011988353891
1618.7345495807183,0.9949746843457262,1618.7345495807183,1.0026465034907888,1618.7248276285216,0.9911432946864932,1618.5942756912543,1.000051717292754
1618.7359384308318,1.0023329810026478,1618.7359384308318,1.0026892154444893,1618.726216479102,1.002296152654769,1618.5956645413692,0.991832201646608
1618.737327281411,0.9816174235329239,1618.737327281411,1.0026762802489657,1618.727605329216,1.0088055996575922,1618.5970533919487,0.9892044738652336
1618.7387161315248,0.9901170776084279,1618.7387161315248,1.0027034712657268,1618.728994179795,1.017788981756504,1618.598442242528,0.9912724180192564
1618.7401049816397,0.9997162075919096,1618.7401049816397,1.0026646314313257,1618.7303830299086,1.0006631502532108,1618.599831093107,1.0088202789417378
1618.7414938322202,1.00441649328195,1618.7414938322202,1.0026546052318168,1618.7317718800234,0.997429562202583,1618.601219943687,1.004538889025563
1618.7428826823336,1.0080000950338202,1618.7428826823336,1.002618919857049,1618.733160730604,0.9988897432171852,1618.6026087942676,1.004214585581382
1618.744271532447,1.006747370134726,1618.744271532447,1.0026236882735133,1618.7345495807183,0.9976078883210936,1618.6039976443822,1.0053935495691562
1618.745660382561,0.9972487272870182,1618.745660382561,1.0025976951111923,1618.7359384308318,1.005028470335681,1618.605386494961,1.0088861318414468
1618.747049233141,0.9966553721688338,1618.747049233141,1.0026191518735372,1618.737327281411,0.9842445068555656,1618.6067753455402,1.0094884582089616
1618.748438083256,1.0061107290831324,1618.748438083256,1.0026285858181734,1618.7387161315248,0.9927938306774476,1618.6081641961202,1.0074282614549046
1618.7498269333698,1.0031303934114046,1618.7498269333698,1.0026900846448605,1618.7401049816397,1.0023800828210647,1618.6095530467007,1.0044449687908903
1618.751215783949,0.9958676359165635,1618.751215783949,1.002773213815148,1618.7414938322202,1.0070828225599393,1618.6109418972803,1.0060446030048766
1618.7526046340631,0.9895102657160579,1618.7526046340631,1.0028255942135824,1618.7428826823336,1.0106399664986114,1618.6123307473938,1.003358633804461
1618.7539934841773,0.9957988938355992,1618.7539934841773,1.0028177321660454,1618.744271532447,1.0093887614041388,1618.6137195979738,1.005889315207317
1618.7553823342917,0.9970362497805225,1618.7553823342917,1.0028318063112354,1618.745660382561,0.9998392754305344,1618.6151084485534,1.0122339600617454
1618.7567711848712,0.9956835637290311,1618.7567711848712,1.0028822201460619,1618.747049233141,0.9992657639541208,1618.6164972991337,1.0088395115223543
1618.7581600349854,0.9958445203104885,1618.7581600349854,1.0028402341623277,1618.748438083256,1.0087553774771123,1618.6178861492474,1.0100677462555252
1618.7595488850995,0.9919382865142808,1618.7595488850995,1.0027991938146081,1618.7498269333698,1.0058288990795137,1618.6192749998274,1.0178317283756135
1618.7609377352137,1.0055177865813658,1618.7609377352137,1.0028979766314827,1618.751215783949,0.998629389802546,1618.620663850407,0.997866338865566
1618.762326585327,1.0081512464994613,1618.762326585327,1.0029159991604368,1618.7526046340631,0.9923062201971456,1618.6220527009866,1.0090264005566167
1618.763715435907,1.0005410209536507,1618.763715435907,1.0029110455032502,1618.7539934841773,0.9986047884096722,1618.6234415515669,0.9953304925293996
1618.7651042860218,1.0046973242432866,1618.7651042860218,1.0028056977252502,1618.7553823342917,0.9998596633251814,1618.6248304016806,0.998376579908926
1618.7664931361358,0.9903735366204973,1618.7664931361358,1.002744993535378,1618.7567711848712,0.9985533429555136,1618.6262192522606,1.003697752452086
1618.76788198625,1.0039556550613584,1618.76788198625,1.0027778083554126,1618.7581600349854,0.9986729519374412,1618.6276081028402,1.0061556490710528
1618.7692708368293,1.0076376423577336,1618.7692708368293,1.0028194539536313,1618.7595488850995,0.9947149140303646,1618.6289969534205,1.0068474782960668
1618.7706596869432,1.0051435794988586,1618.7706596869432,1.0028726404270454,1618.7609377352137,1.008431753629419,1618.6303858035342,0.9915880905880372
1618.772048537058,0.9878504869102757,1618.772048537058,1.0027789518377335,1618.762326585327,1.0110910146878471,1618.631774654113,1.001952140912429
1618.7734373871724,1.001962626532865,1618.7734373871724,1.0027587565129625,1618.763715435907,1.0034536413935151,1618.6331635046934,1.0074926192423397
1618.7748262372863,0.9978179731824496,1618.7748262372863,1.002761427884365,1618.7651042860218,1.007516201240481,1618.6345523548082,0.9970884727251424
1618.7762150873998,0.990219182962031,1618.7762150873998,1.0026888870129018,1618.7664931361358,0.99309210557613,1618.6359412053878,0.999192027735148
1618.777603937979,0.9995605615968348,1618.777603937979,1.0026336535992024,1618.76788198625,1.0067444514684516,1618.637330055967,1.0062337347075498
1618.7789927880938,0.9941963694625754,1618.7789927880938,1.002667414552179,1618.7692708368293,1.0104786302923068,1618.638718906546,1.0098680128476356
1618.7803816382086,0.9963302439946435,1618.7803816382086,1.0025586950617873,1618.7706596869432,1.0080309955803122,1618.6401077566609,1.0050709451161954
1618.781770488322,1.004042656300674,1618.781770488322,1.0024879940358427,1618.772048537058,0.9905956758362808,1618.6414966072414,0.995813481753582
1618.7831593384356,1.008688842792,1618.7831593384356,1.0024007486279987,1618.7734373871724,1.0047267974545575,1618.642885457821,1.0002831878566438
1618.7845481885497,1.0048695818388031,1618.7845481885497,1.002381329951539,1618.7748262372863,1.0005733755571162,1618.6442743079344,0.9861626679435832
1618.78593703913,1.0015831925525676,1618.78593703913,1.0023083281514098,1618.7762150873998,0.992881770463024,1618.6456631585136,1.0077454291359598
1618.7873258892448,0.9921155533593905,1618.7873258892448,1.0023862284806708,1618.777603937979,1.0021930578675051,1618.6470520090936,1.0015895082263115
1618.7887147393585,1.0000374300388584,1618.7887147393585,1.0025019245115638,1618.7789927880938,0.9968483033262034,1618.6484408592084,1.007676314173107
1618.7901035894718,1.0070143258602873,1618.7901035894718,1.002531066279075,1618.7803816382086,0.998879549269862,1618.649829709789,1.0095793202594374
1618.791492439586,0.9945215291200487,1618.791492439586,1.0024058072508302,1618.781770488322,1.0065407084412816,1618.651218560368,1.0023663549720028
1618.7928812897,1.0050700738703477,1618.7928812897,1.0024907888705215,1618.7831593384356,1.0111104511474105,1618.6526074104816,1.0058550635443104
1618.794270139815,1.004292740518174,1618.794270139815,1.0024322313787948,1618.7845481885497,1.0072625078714263,1618.6539962610611,1.0080963727624794
1618.7956589899288,0.9903670579604793,1618.7956589899288,1.0025463087506319,1618.78593703913,1.0038951752319156,1618.655385111176,1.0095539713104265
1618.7970478400423,1.0106226791772968,1618.7970478400423,1.0025731003535148,1618.7873258892448,0.9944829677489332,1618.6567739617565,1.0096692308748296
1618.7984366906223,0.9834381564283204,1618.7984366906223,1.0025349565454915,1618.7887147393585,1.0025394481975538,1618.6581628123356,1.0016373518190826
1618.7998255407365,0.9955310777865012,1618.7998255407365,1.0026048768982292,1618.7901035894718,1.0095631458630177,1618.659551662449,1.008665534821369
1618.8012143908506,1.0034414018851077,1618.8012143908506,1.0025463227684273,1618.791492439586,0.9969141562259124,1618.660940513029,0.9934072344677204
1618.8026032409646,1.0128984637586187,1618.8026032409646,1.0024182832331854,1618.7928812897,1.0075734912244383,1618.6623293636087,0.9898139359958744
1618.803992091079,1.0003551419790675,1618.803992091079,1.0023360460020927,1618.794270139815,1.0067354128351582,1618.6637182137226,0.9995584661615996
1618.8053809411929,0.9965667186460463,1618.8053809411929,1.0024173609668818,1618.7956589899288,0.9928888382665016,1618.665107064303,1.0136409966309683
1618.8067697913073,0.9939868973337742,1618.8067697913073,1.0024190593254747,1618.7970478400423,1.013223112750358,1618.6664959144166,0.9984261904525664
1618.8081586414207,1.0101875773851814,1618.8081586414207,1.0025439590715386,1618.7984366906223,0.9859311294200446,1618.6678847649966,1.00229955063721
1618.8095474915349,1.006981271468937,1618.8095474915349,1.0026226895806152,1618.7998255407365,0.9981243136924964,1618.6692736155762,0.9960140306772574
1618.8109363416495,0.9998449971002772,1618.8109363416495,1.002681818534352,1618.8012143908506,1.0059964875735103,1618.6706624656906,0.9982435149165312
1618.8123251917634,1.0014747233408912,1618.8123251917634,1.002590472442538,1618.8026032409646,1.0153479391304454,1618.6720513162702,1.001871676688223
1618.8137140418778,1.0016447657595788,1618.8137140418778,1.0025552192583886,1618.803992091079,1.0026920176091605,1618.673440166384,1.0018754144689082
1618.8151028919913,1.0002990924312483,1618.8151028919913,1.0024723101546191,1618.8053809411929,0.9989757801325948,1618.6748290169642,1.003773255621928
1618.8164917421052,1.0057232272878356,1618.8164917421052,1.0024598513455032,1618.8067697913073,0.9963914106071692,1618.676217867078,1.0118202217197134
1618.81788059222,0.995076851255747,1618.81788059222,1.0025362517274297,1618.8081586414207,1.012757453236626,1618.6776067176572,1.0091065929422274
1618.8192694423344,1.0012620471654188,1618.8192694423344,1.0026670040691261,1618.8095474915349,1.0096222707574931,1618.6789955677716,0.9962454332814984
1618.8206582924483,0.9948233199107611,1618.8206582924483,1.0027082015705464,1618.8109363416495,1.0025263999449798,1618.680384418352,1.002506147969631
1618.8220471425618,1.0001132034156648,1618.8220471425618,1.0027044372712275,1618.8123251917634,1.004069016013604,1618.6817732689317,0.994031375882507
1618.8234359926753,0.9962305309274943,1618.8234359926753,1.0026737763437479,1618.8137140418778,1.004204187755112,1618.6831621190452,0.997109336337331
1618.82482484279,0.9999568100003807,1618.82482484279,1.0027044707343045,1618.8151028919913,1.0027721420351223,1618.6845509696243,0.9996264937700712
1618.826213692905,1.0110573777378722,1618.826213692905,1.0027738838301081,1618.8164917421052,1.0081971569216834,1618.6859398197391,1.0065843385358255
1618.8276025430184,1.0092324391530942,1618.8276025430184,1.0027367640981877,1618.81788059222,0.9976006166386696,1618.6873286703196,1.0118420367669856
1618.828991393132,0.9956228767648907,1618.828991393132,1.0026362549433363,1618.8192694423344,1.0039324171194706,1618.688717520434,1.0061178635063075
1618.8303802432458,1.0108302801101707,1618.8303802432458,1.0026208597499735,1618.8206582924483,0.9975175019881596,1618.690106371013,1.008198448155011
1618.831769093361,0.9946425489548862,1618.831769093361,1.002624036509655,1618.8220471425618,1.0028179468384288,1618.6914952211262,0.997035056441168
1618.8331579434755,0.9836406015952174,1618.8331579434755,1.0026130658848988,1618.8234359926753,0.9988942285540076,1618.6928840717062,0.993019728550134
1618.834546793589,0.9930089837419355,1618.834546793589,1.0026915408584802,1618.82482484279,1.0026611639285952,1618.694272921821,0.9988340163051508
1618.8359356437024,1.003376992928414,1618.8359356437024,1.002679899404854,1618.826213692905,1.0138619334492909,1618.6956617724015,0.9962652095393056
1618.8373244938168,0.9950519880193246,1618.8373244938168,1.0026424395044726,1618.8276025430184,1.011994470259295,1618.697050622515,1.0075681224121815
1618.8387133439307,1.0134242499699349,1618.8387133439307,1.0026894413243508,1618.828991393132,0.9982475924954608,1618.698439473094,0.999756364658971
1618.8401021940456,0.9981469150215743,1618.8401021940456,1.0026324993410414,1618.8303802432458,1.0134795245053658,1618.699828323208,0.9921956498485112
1618.84149104416,1.0016329162279118,1618.84149104416,1.002521010326976,1618.831769093361,0.9972525273174002,1618.701217173323,1.0015578390299602
1618.8428798942734,1.004983588516706,1618.8428798942734,1.0024681196208787,1618.8331579434755,0.9862109192942472,1618.7026060239034,1.0119292969560738
1618.8442687443874,1.0055882099347495,1618.8442687443874,1.0025211222077932,1618.834546793589,0.9956817079945148,1618.7039948740169,0.9975470644353972
1618.8456575940356,1.0117940165025827,1618.8456575940356,1.0025216416057203,1618.8359356437024,1.006065942334607,1618.705383724596,0.994754602465277
1618.84704644415,0.9956828539471863,1618.84704644415,1.0023936198925893,1618.8373244938168,0.9976813527014708,1618.7067725747102,1.0117607570269938
1618.848435294264,0.9984265077845799,1618.848435294264,1.002342199414762,1618.8387133439307,1.0161497950269032,1618.70816142529,1.0014657537058056
1618.8498241443783,1.0123248139947616,1618.8498241443783,1.0023270134170685,1618.8401021940456,1.000774536117631,1618.709550275404,0.9964565159507413
1618.8512129944922,1.001752635112683,1618.8512129944922,1.002391905431544,1618.84149104416,1.0041580431535615,1618.710939125984,0.978530051824669
1618.8526018446066,0.9951979833712976,1618.8526018446066,1.0023275695004616,1618.8428798942734,1.0074640082301851,1618.712327976098,0.999539505419578
1618.85399069472,0.9968933615905214,1618.85399069472,1.0022396350619267,1618.8442687443874,1.008123420702711,1618.7137168262122,1.0021577868097662
1618.855379544834,0.9897922349773844,1618.855379544834,1.0021289101767477,1618.8456575940356,1.0143453983910145,1618.7151056767918,1.0091668051910845
1618.8567683949489,0.9988179526744632,1618.8567683949489,1.0021079067195897,1618.84704644415,0.9980661402331044,1618.7164945269062,1.0019764704667071
1618.8581572445976,1.0010682976471754,1618.8581572445976,1.0020887790695239,1618.848435294264,1.0007650217667958,1618.7178833774858,0.9961232418329152
1618.8595460947115,0.9894550015872068,1618.8595460947115,1.0021519758423383,1618.8498241443783,1.0146805074193588,1618.7192722276002,0.9993851010974532
1618.860934944825,1.010116359627569,1618.860934944825,1.0022048463692828,1618.8512129944922,1.0041487326816727,1618.720661077714,1.0123055215719556
1618.862323794939,1.0023627290515043,1618.862323794939,1.0021220792094114,1618.8526018446066,0.9975143758443136,1618.7220499282942,1.0009397460239189
1618.8637126450535,1.0044745864817435,1618.8637126450535,1.0021147647614677,1618.85399069472,0.9991260389161416,1618.7234387784074,0.9998527994006504
1618.865101495168,0.9993052678169558,1618.865101495168,1.002113498974996,1618.855379544834,0.9918994137392936,1618.7248276285216,0.9911432946864932
1618.8664903448164,1.0072449405398125,1618.8664903448164,1.0020874459358062,1618.8567683949489,1.0009233677485525,1618.726216479102,1.002296152654769
1618.86787919493,1.0018400251568806,1618.86787919493,1.0019776390311963,1618.8581572445976,1.0031593081544647,1618.727605329216,1.0088055996575922
1618.869268045043,1.0096345469669237,1618.869268045043,1.0018469745282108,1618.8595460947115,0.9915842848477032,1618.728994179795,1.017788981756504
1618.8706568951582,1.0033328164461326,1618.8706568951582,1.0018046271243972,1618.860934944825,1.0123435110156471,1618.7303830299086,1.0006631502532108
1618.872045745273,0.9987143294794988,1618.872045745273,1.001898184728129,1618.862323794939,1.0044898221591134,1618.7317718800234,0.997429562202583
1618.8734345949208,1.0133301731220183,1618.8734345949208,1.00186809012837,1618.8637126450535,1.006598813941025,1618.733160730604,0.9988897432171852
1618.8748234450345,1.0017658042707414,1618.8748234450345,1.0017408977080935,1618.865101495168,1.001417298476195,1618.7345495807183,0.9976078883210936
1618.876212295149,1.0162471677616245,1618.876212295149,1.0016585342089592,1618.8664903448164,1.0093475098973037,1618.7359384308318,1.005028470335681
1618.8776011452635,1.0136391488967713,1618.8776011452635,1.0016259930654001,1618.86787919493,1.0038213030936456,1618.737327281411,0.9842445068555656
1618.8789899953783,1.0035118490789088,1618.8789899953783,1.0016871873175377,1618.869268045043,1.0114993162579733,1618.7387161315248,0.9927938306774476
1618.880378845026,1.0074220571515948,1618.880378845026,1.0016974222936672,1618.8706568951582,1.005143458061489,1618.7401049816397,1.0023800828210647
1618.8817676951392,0.9997507267581613,1618.8817676951392,1.0016490414326484,1618.872045745273,1.0006100737674803,1618.7414938322202,1.0070828225599393
1618.8831565452535,0.9855957621129146,1618.8831565452535,1.001685332101217,1618.8734345949208,1.015223165215207,1618.7428826823336,1.0106399664986114
1618.8845453953677,1.0005508713350413,1618.8845453953677,1.0016587384107685,1618.8748234450345,1.0035097760634428,1618.744271532447,1.0093887614041388
1618.8859342450166,1.008337567841396,1618.8859342450166,1.0016867563999219,1618.876212295149,1.0179326484541151,1618.745660382561,0.9998392754305344
1618.887323095131,0.9997472314691399,1618.887323095131,1.001590072662829,1618.8776011452635,1.0152873191236955,1618.747049233141,0.9992657639541208
1618.8887119452445,1.0041484788515278,1618.8887119452445,1.0014773444335592,1618.8789899953783,1.0052049615436736,1618.748438083256,1.0087553774771123
1618.8901007953584,0.9942980042398842,1618.8901007953584,1.0013984738112554,1618.880378845026,1.009132077810536,1618.7498269333698,1.0058288990795137
1618.8914896450071,0.9966996842476017,1618.8914896450071,1.001387754085783,1618.8817676951392,1.001399357128906,1618.751215783949,0.998629389802546
1618.892878495121,0.9990299346792625,1618.892878495121,1.0014200444985375,1618.8831565452535,0.9872568182896267,1618.7526046340631,0.9923062201971456
1618.8942673452354,1.0035793779305449,1618.8942673452354,1.0013288047078925,1618.8845453953677,1.0022105234972525,1618.7539934841773,0.9986047884096722
1618.8956561953494,1.0030654020432628,1618.8956561953494,1.001273790553876,1618.8859342450166,1.010038387687234,1618.7553823342917,0.9998596633251814
1618.897045044998,0.987197005705389,1618.897045044998,1.0012274435849964,1618.887323095131,1.001336902211638,1618.7567711848712,0.9985533429555136
1618.898433895112,0.9978849239510781,1618.898433895112,1.0013531201130148,1618.8887119452445,1.005631952017226,1618.7581600349854,0.9986729519374412
1618.8998227452255,1.0067723952522816,1618.8998227452255,1.0012919179715152,1618.8901007953584,0.9956885039593972,1618.7595488850995,0.9947149140303646
1618.9012115948738,0.9992247830904833,1618.9012115948738,1.0012824425047113,1618.8914896450071,0.9980828583067148,1618.7609377352137,1.008431753629419
1618.9026004449886,0.9933693809839458,1618.9026004449886,1.0013530092228264,1618.892878495121,1.000448601641878,1618.762326585327,1.0110910146878471
1618.903989295103,1.0125412662181863,1618.903989295103,1.001285516524473,1618.8942673452354,1.0049129389326827,1618.763715435907,1.0034536413935151
1618.9053781447512,0.9923260734637667,1618.9053781447512,1.0013006617842546,1618.8956561953494,1.0043430972773053,1618.7651042860218,1.007516201240481
1618.9067669948647,0.9997440266313318,1618.9067669948647,1.0012945922645229,1618.897045044998,0.9884087343371698,1618.7664931361358,0.99309210557613
1618.9081558449782,0.9980802072713703,1618.9081558449782,1.001199003904134,1618.898433895112,0.9992351821121506,1618.76788198625,1.0067444514684516
1618.9095446946274,0.9984386555118973,1618.9095446946274,1.001090864062675,1618.8998227452255,1.0080730626029333,1618.7692708368293,1.0104786302923068
1618.9109335447422,0.9989836091822216,1618.9109335447422,1.000993002582558,1618.9012115948738,1.0005062314240796,1618.7706596869432,1.0080309955803122
1618.9123223948557,1.0037211526767866,1618.9123223948557,1.000923646394479,1618.9026004449886,0.9947134189180904,1618.772048537058,0.9905956758362808
1618.9137112445037,1.0150002772588818,1618.9137112445037,1.000936216569556,1618.903989295103,1.0138429047476205,1618.7734373871724,1.0047267974545575
1618.9151000946174,1.0017577603522048,1618.9151000946174,1.0008734611078778,1618.9053781447512,0.9936167540650404,1618.7748262372863,1.0005733755571162
1618.9164889447322,0.9915719230764443,1618.9164889447322,1.0007630872028084,1618.9067669948647,1.0010382875147117,1618.7762150873998,0.992881770463024
1618.9178777943814,1.0073735039864944,1618.9178777943814,1.0007575153456671,1618.9081558449782,0.9992769093365276,1618.777603937979,1.0021930578675051
1618.9192666444949,0.9929793295897879,1618.9192666444949,1.000693192931322,1618.9095446946274,0.9995278163599808,1618.7789927880938,0.9968483033262034
1618.9206554946084,1.0099775504248865,1618.9206554946084,1.0006282165953018,1618.9109335447422,0.9999756024860726,1618.7803816382086,0.998879549269862
1618.922044344257,1.0007131197012948,1618.922044344257,1.0006365806836366,1618.9123223948557,1.004648236100519,1618.781770488322,1.0065407084412816
1618.923433194371,0.9966199350752813,1618.923433194371,1.0005119272619716,1618.9137112445037,1.0159505373365554,1618.7831593384356,1.0111104511474105
1618.9248220440202,1.0113363835541263,1618.9248220440202,1.0005034794781225,1618.9151000946174,1.0026327567953872,1618.7845481885497,1.0072625078714263
1618.9262108941346,0.9958928121208923,1618.9262108941346,1.0005469214372764,1618.9164889447322,0.992328578921608,1618.78593703913,1.0038951752319156
1618.927599744248,0.9922679040341175,1618.927599744248,1.0004676311723542,1618.9178777943814,1.0081366048745826,1618.7873258892448,0.9944829677489332
1618.9289885938963,0.998933834754829,1618.9289885938963,1.000354802120742,1618.9192666444949,0.9936676558420084,1618.7887147393585,1.0025394481975538
1618.9303774440104,1.0061764520741494,1618.9303774440104,1.0002558435934894,1618.9206554946084,1.0106120350829455,1618.7901035894718,1.0095631458630177
1618.9317662936594,1.0023704314703996,1618.9317662936594,1.0003120795808031,1618.922044344257,1.0013501543431584,1618.791492439586,0.9969141562259124
1618.9331551437738,1.014335316386453,1618.9331551437738,1.0002834302290486,1618.923433194371,0.9971301319898708,1618.7928812897,1.0075734912244383
1618.9345439934216,1.0060139919352107,1618.9345439934216,1.0001366219940448,1618.9248220440202,1.0118455706687244,1618.794270139815,1.0067354128351582
1618.9359328435355,1.0057392832291903,1618.9359328435355,0.9999981527648141,1618.9262108941346,0.9964374872490708,1618.7956589899288,0.9928888382665016
1618.93732169365,0.9959253523445221,1618.93732169365,0.9999450596109923,1618.927599744248,0.9927319194373704,1618.7970478400423,1.013223112750358
1618.9387105432977,1.0058534015932188,1618.9387105432977,0.9998646997098621,1618.9289885938963,0.999288258597881,1618.7984366906223,0.9859311294200446
1618.9400993934116,0.9965702393688155,1618.9400993934116,0.9997921190830095,1618.9303774440104,1.0064338758733324,1618.7998255407365,0.9981243136924964
1618.9414882430608,1.006921318984482,1618.9414882430608,0.999770151739097,1618.9317662936594,1.0026832508144623,1618.8012143908506,1.0059964875735103
1618.9428770931752,1.0062848394131152,1618.9428770931752,0.9996547609972599,1618.9331551437738,1.0146228096775085,1618.8026032409646,1.0153479391304454
1618.9442659428234,1.0131959257948469,1618.9442659428234,0.9996286113376807,1618.9345439934216,1.0061514355728258,1618.803992091079,1.0026920176091605
1618.945654792937,1.0034901784452919,1618.945654792937,0.999659783380318,1618.9359328435355,1.0057374253921985,1618.8053809411929,0.9989757801325948
1618.9470436425856,0.9957526833337939,1618.9470436425856,0.9997672435412202,1618.93732169365,0.9958706358182416,1618.8067697913073,0.9963914106071692
1618.9484324927002,1.004314559772021,1618.9484324927002,0.9998147203344939,1618.9387105432977,1.0057173093361471,1618.8081586414207,1.012757453236626
1618.9498213423487,1.0031699013227682,1618.9498213423487,0.9998233975447887,1618.9400993934116,0.99636307143361,1618.8095474915349,1.0096222707574931
1618.951210192463,1.0042825333006882,1618.951210192463,0.9997616786654147,1618.9414882430608,1.0066898798704471,1618.8109363416495,1.0025263999449798
1618.9525990421105,0.9961955561634246,1618.9525990421105,0.9996834576978908,1618.9428770931752,1.0059374306386837,1618.8123251917634,1.004069016013604
1618.953987892224,0.9995328112719001,1618.953987892224,0.9996689839249973,1618.9442659428234,1.0128196363152986,1618.8137140418778,1.004204187755112
1618.9553767418731,0.9947603685009577,1618.9553767418731,0.9997505830034664,1618.945654792937,1.0031487744088972,1618.8151028919913,1.0027721420351223
1618.956765591988,0.995899091154498,1618.956765591988,0.9996522031433457,1618.9470436425856,0.9955209154654006,1618.8164917421052,1.0081971569216834
1618.9581544416358,1.0090265696661345,1618.9581544416358,0.9997554804572413,1618.9484324927002,1.0041284807063238,1618.81788059222,0.9976006166386696
1618.9595432917492,1.0116396472596854,1618.9595432917492,0.9998627615180818,1618.9498213423487,1.0029927390552005,1618.8192694423344,1.0039324171194706
1618.960932141398,0.9909720282633648,1618.960932141398,0.9998780065393251,1618.951210192463,1.0040431913470511,1618.8206582924483,0.9975175019881596
1618.9623209915128,0.9992605251037399,1618.9623209915128,0.9997682280847211,1618.9525990421105,0.9958802181287256,1618.8220471425618,1.0028179468384288
1618.963709841162,1.0046395658274836,1618.963709841162,0.9998021075999965,1618.953987892224,0.9992019498438764,1618.8234359926753,0.9988942285540076
1618.9650986912752,0.9921815469510028,1618.9650986912752,0.9997957144205529,1618.9553767418731,0.9945122583575756,1618.82482484279,1.0026611639285952
1618.9664875409228,0.9945071157926213,1618.9664875409228,0.99973258263317,1618.956765591988,0.9955527205810496,1618.826213692905,1.0138619334492909
1618.9678763905715,0.9939384726726583,1618.9678763905715,0.9997538556232809,1618.9581544416358,1.0087798429506882,1618.8276025430184,1.011994470259295
1618.9692652406854,1.0034897828769362,1618.9692652406854,0.999761694679373,1618.9595432917492,1.0115008113702473,1618.828991393132,0.9982475924954608
1618.9706540903346,0.9847142656707785,1618.9706540903346,0.9996638078846756,1618.960932141398,0.990851136156205,1618.8303802432458,1.0134795245053658
1618.972042940449,0.9932675436695682,1618.972042940449,0.9996676482018743,1618.9623209915128,0.999028924577974,1618.831769093361,0.9972525273174002
1618.9734317900968,0.9931193085020326,1618.9734317900968,0.9996273083095931,1618.963709841162,1.0044407552926635,1618.8331579434755,0.9862109192942472
1618.9748206402107,0.9983744406524678,1618.9748206402107,0.9996217658968555,1618.9650986912752,0.9919788585687672,1618.834546793589,0.9956817079945148
1618.9762094898597,1.0027755600134158,1618.9762094898597,0.9995215129529746,1618.9664875409228,0.9942411673184224,1618.8359356437024,1.006065942334607
1618.9775983395075,0.990922771369389,1618.9775983395075,0.9994601152437771,1618.9678763905715,0.9936938203068052,1618.8373244938168,0.9976813527014708
1618.978987189622,0.998850397545785,1618.978987189622,0.9994329694617462,1618.9692652406854,1.003250645922482,1618.8387133439307,1.0161497950269032
1618.9803760392704,0.9944325177383051,1618.9803760392704,0.999417971187088,1618.9706540903346,0.9843832124988124,1618.8401021940456,1.000774536117631
1618.9817648893847,0.9987989014756036,1618.9817648893847,0.999460343535711,1618.972042940449,0.9929374294154096,1618.84149104416,1.0041580431535615
1618.983153739033,0.9945826883535309,1618.983153739033,0.9994387833187818,1618.9734317900968,0.9927491811881712,1618.8428798942734,1.0074640082301851
1618.9845425886808,1.0064966617421627,1618.9845425886808,0.9994110907339495,1618.9748206402107,0.9979968213913052,1618.8442687443874,1.008123420702711
1618.9859314387948,1.0037726079972211,1618.9859314387948,0.999522111712006,1618.9762094898597,1.002295744896876,1618.8456575940356,1.0143453983910145
1618.987320288444,0.9959315791831046,1618.987320288444,0.9994456569523011,1618.9775983395075,0.9903877872705326,1618.84704644415,0.9980661402331044
1618.9887091380926,0.9978562364215547,1618.9887091380926,0.9993821219377323,1618.978987189622,0.9982840188672296,1618.848435294264,1.0007650217667958
1618.9900979882066,0.9913496164799399,1618.9900979882066,0.9992775958481162,1618.9803760392704,0.9938537293604848,1618.8498241443783,1.0146805074193588
1618.9914868378544,1.0002728729008739,1618.9914868378544,0.9992421699574638,1618.9817648893847,0.9982598931918976,1618.8512129944922,1.0041487326816727
1618.992875687503,0.992843994581494,1618.992875687503,0.9992419123265757,1618.983153739033,0.994024511957976,1618.8526018446066,0.9975143758443136
1618.994264537618,0.993191602809236,1618.994264537618,0.9992961707962071,1618.9845425886808,1.005903926531814,1618.85399069472,0.9991260389161416
1618.9956533872662,1.0049648011871373,1618.9956533872662,0.9991856638833941,1618.9859314387948,1.00329291682405,1618.855379544834,0.9918994137392936
1618.997042236915,1.0145953294750332,1618.997042236915,0.9991033357950624,1618.987320288444,0.9953794914362007,1618.8567683949489,1.0009233677485525
1618.9984310870284,0.9960452003277014,1618.9984310870284,0.9990751050547,1618.9887091380926,0.9972396829437729,1618.8581572445976,1.0031593081544647
1618.999819936676,0.9910775115833855,1618.999819936676,0.9989780774243001,1618.9900979882066,0.9906334614010264,1618.8595460947115,0.9915842848477032
1619.001208786325,0.9942845226110807,1619.001208786325,0.998912207901134,1618.9914868378544,0.9995148360670556,1618.860934944825,1.0123435110156471
1619.0025976364398,0.9945301830866264,1619.0025976364398,0.998889803632952,1618.992875687503,0.9920913317875684,1618.862323794939,1.0044898221591134
1619.0039864860876,1.00250684828761,1619.0039864860876,0.9989017860234095,1618.994264537618,0.992492565554217,1618.8637126450535,1.006598813941025
1619.0053753357354,1.0008671376476699,1619.0053753357354,0.9989106954022721,1618.9956533872662,1.004146422053613,1618.865101495168,1.001417298476195
1619.006764185384,0.992563445091236,1619.006764185384,0.9988220647985547,1618.997042236915,1.013685578160596,1618.8664903448164,1.0093475098973037
1619.008153035499,1.0036170739687076,1619.008153035499,0.9987797233795924,1618.9984310870284,0.995123963156628,1618.86787919493,1.0038213030936456
1619.009541885148,0.9952150887929463,1619.009541885148,0.998842212496565,1618.999819936676,0.99006470710003,1618.869268045043,1.0114993162579733
1619.010930734796,1.0003353613171562,1619.010930734796,0.9988681913652335,1619.001208786325,0.9932029477633596,1618.8706568951582,1.005143458061489
1619.0123195849094,0.9981252292915935,1619.0123195849094,0.9987761667416556,1619.0025976364398,0.993426059290444,1618.872045745273,1.0006100737674803
1619.0137084345577,0.9962088942685777,1619.0137084345577,0.9987138575606284,1619.0039864860876,1.001405881255193,1618.8734345949208,1.015223165215207
1619.0150972842064,0.9940919990518334,1619.0150972842064,0.9986591143316168,1619.0053753357354,0.9997768884729156,1618.8748234450345,1.0035097760634428
1619.0164861338556,1.0073867816332926,1619.0164861338556,0.9987389696760256,1619.006764185384,0.9913942696695952,1618.876212295149,1.0179326484541151
1619.0178749839697,1.0000693086154064,1619.0178749839697,0.998723272832506,1619.008153035499,1.0023923835175017,1618.8776011452635,1.0152873191236955
1619.0192638336173,1.000267043259906,1619.0192638336173,0.9987609209724433,1619.009541885148,0.9940628411999118,1618.8789899953783,1.0052049615436736
1619.0206526832656,1.0039900616039066,1619.0206526832656,0.9987556481141413,1619.010930734796,0.9992031731175552,1618.880378845026,1.009132077810536
1619.0220415329145,1.0043401889946086,1619.0220415329145,0.9986428774692837,1619.0123195849094,0.9969036904399938,1618.8817676951392,1.001399357128906
1619.0234303830282,1.0105879645343487,1619.0234303830282,0.9987239216095967,1619.0137084345577,0.9949276277311794,1618.8831565452535,0.9872568182896267
1619.024819232677,0.9993116778158276,1619.024819232677,0.998784411421608,1619.0150972842064,0.9927590353372504,1618.8845453953677,1.0022105234972525
1619.0262080823252,0.9836336570482216,1619.0262080823252,0.9987765069559695,1619.0164861338556,1.006116436353682,1618.8859342450166,1.010038387687234
1619.027596931974,1.0039636922072637,1619.027596931974,0.9987911544337421,1619.0178749839697,0.9987924929597202,1618.887323095131,1.001336902211638
1619.0289857816222,0.993123381514282,1619.0289857816222,0.9988129948502743,1619.0192638336173,0.9990276333446464,1618.8887119452445,1.005631952017226
1619.0303746317356,0.9999337969931055,1619.0303746317356,0.9987026426836115,1619.0206526832656,1.0027407446773664,1618.8901007953584,0.9956885039593972
1619.0317634813844,0.9847188807886382,1619.0317634813844,0.9986852624443185,1619.0220415329145,1.00297717629562,1618.8914896450071,0.9980828583067148
1619.0331523310335,0.9965049703417019,1619.0331523310335,0.9987319953743177,1619.0234303830282,1.0092983750712048,1618.892878495121,1.000448601641878
1619.0345411806818,0.9977257318771475,1619.0345411806818,0.9986821860870596,1619.024819232677,0.998096925954021,1618.8942673452354,1.0049129389326827
1619.03593003033,0.995821349614219,1619.03593003033,0.9986424213179148,1619.0262080823252,0.9824301881109488,1618.8956561953494,1.0043430972773053
1619.037318879978,0.9868769563001978,1619.037318879978,0.9986890844758134,1619.027596931974,1.002750055149255,1618.897045044998,0.9884087343371698
1619.0387077300925,0.997989354672952,1619.0387077300925,0.9987009810296206,1619.0289857816222,0.9919445389461116,1618.898433895112,0.9992351821121506
1619.0400965797414,0.9973126790254312,1619.0400965797414,0.9987110039178411,1619.0303746317356,0.9986365255656724,1618.8998227452255,1.0080730626029333
1619.0414854293897,0.9964481613711114,1619.0414854293897,0.998747194992382,1619.0317634813844,0.9834242338942768,1618.9012115948738,1.0005062314240796
1619.0428742790375,0.9956734438707326,1619.0428742790375,0.9988557468181466,1619.0331523310335,0.9952413974297932,1618.9026004449886,0.9947134189180904
1619.044263128685,1.0019388475621533,1619.044263128685,0.9988076224307976,1619.0345411806818,0.9964109150263812,1618.903989295103,1.0138429047476205
1619.045651978334,1.00127521961734,1619.045651978334,0.9988241417544664,1619.03593003033,0.9944694437788174,1618.9053781447512,0.9936167540650404
1619.0470408279832,0.995708730577301,1619.0470408279832,0.9987765987077429,1619.037318879978,0.9855832439777218,1618.9067669948647,1.0010382875147117
1619.048429678098,0.9967236929932827,1619.048429678098,0.9987351087195071,1619.0387077300925,0.9966929475689952,1618.9081558449782,0.9992769093365276
1619.049818527746,0.9920450992040638,1619.049818527746,0.9988158497348714,1619.0400965797414,0.99602714688948,1618.9095446946274,0.9995278163599808
1619.0512073773934,1.002209053277663,1619.0512073773934,0.9987867890777944,1619.0414854293897,0.9951998061247138,1618.9109335447422,0.9999756024860726
1619.052596227042,1.0001116821083262,1619.052596227042,0.9988581091846482,1619.0428742790375,0.9945341413644966,1618.9123223948557,1.004648236100519
1619.0539850766902,0.9957369505247041,1619.0539850766902,0.998873191220667,1619.044263128685,1.0007441581546077,1618.9137112445037,1.0159505373365554
1619.0553739263394,0.9971249458024222,1619.0553739263394,0.9989287515967261,1619.045651978334,1.0000978618943046,1618.9151000946174,1.0026327567953872
1619.056762775988,1.0020076508902074,1619.056762775988,0.998820562660709,1619.0470408279832,0.9944905792296012,1618.9164889447322,0.992328578921608
1619.058151625636,0.9900905668978188,1619.058151625636,0.9988496982354113,1619.048429678098,0.9954629458849548,1618.9178777943814,1.0081366048745826
1619.0595404752842,0.987812725850311,1619.0595404752842,0.9988514867433165,1619.049818527746,0.9908703687368218,1618.9192666444949,0.9936676558420084
1619.0609293249329,0.991861114047021,1619.0609293249329,0.9987879676290755,1619.0512073773934,1.0009931623078934,1618.9206554946084,1.0106120350829455
1619.0623181750475,0.9987370429720068,1619.0623181750475,0.9987930022772024,1619.052596227042,0.9989696637642008,1618.922044344257,1.0013501543431584
1619.063707024696,0.9881754867629639,1619.063707024696,0.9987847938434682,1619.0539850766902,0.9946149453869466,1618.923433194371,0.9971301319898708
1619.0650958743438,0.9941286270898667,1619.0650958743438,0.9987142649450791,1619.0553739263394,0.9960567772963668,1618.9248220440202,1.0118455706687244
1619.0664847239923,1.0016831923241338,1619.0664847239923,0.9987359357442936,1619.056762775988,1.000825845652492,1618.9262108941346,0.9964374872490708
1619.0678735736408,0.9949148143992375,1619.0678735736408,0.9987396362945221,1619.058151625636,0.9889516639716136,1618.927599744248,0.9927319194373704
1619.0692624232886,0.995034278123723,1619.0692624232886,0.9987269568237047,1619.0595404752842,0.9866782098395512,1618.9289885938963,0.999288258597881
1619.0706512729369,1.0133294634402827,1619.0706512729369,0.9986257628404357,1619.0609293249329,0.9906589462693348,1618.9303774440104,1.0064338758733324
1619.072040122586,1.0119710686601229,1619.072040122586,0.9985426768562907,1619.0623181750475,0.997531569635466,1618.9317662936594,1.0026832508144623
1619.0734289722348,1.0103847432156399,1619.0734289722348,0.9986118986453674,1619.063707024696,0.9869746498277157,1618.9331551437738,1.0146228096775085
1619.074817821883,1.0014925506505126,1619.074817821883,0.9985864215497413,1619.0650958743438,0.9928504410649168,1618.9345439934216,1.0061514355728258
1619.0762066715308,0.9970993720341165,1619.0762066715308,0.9985292749062066,1619.0664847239923,1.0004170004051751,1618.9359328435355,1.0057374253921985
1619.0775955211795,1.000893775873121,1619.0775955211795,0.9985419670840199,1619.0678735736408,0.9936608598771264,1618.93732169365,0.9958706358182416
1619.0789843708287,1.0071741053502674,1619.0789843708287,0.9986211912730649,1619.0692624232886,0.9937675565257778,1618.9387105432977,1.0057173093361471
1619.080373220477,1.0165728387600494,1619.080373220477,0.9986344247920119,1619.0706512729369,1.0119369084367418,1618.9400993934116,0.99636307143361
1619.0817620701257,0.9985654640445506,1619.0817620701257,0.9987426174559867,1619.072040122586,1.0104962998010003,1618.9414882430608,1.0066898798704471
1619.0831509197735,1.0115514855416332,1619.0831509197735,0.9988295511478416,1619.0734289722348,1.008982226784882,1618.9428770931752,1.0059374306386837
1619.084539769421,1.006507705302749,1619.084539769421,0.998790214647802,1619.074817821883,1.0000768623628185,1618.9442659428234,1.0128196363152986
1619.08592861907,0.9988158066035412,1619.08592861907,0.9986783152069423,1619.0762066715308,0.9956329129666602,1618.945654792937,1.0031487744088972
1619.0873174687192,0.9928867855205239,1619.0873174687192,0.9987948761150256,1619.0775955211795,0.9994344398024984,1618.9470436425856,0.9955209154654006
1619.088706318367,1.0027934745370737,1619.088706318367,0.9988221584017557,1619.0789843708287,1.0057854049042674,1618.9484324927002,1.0041284807063238
1619.0900951680148,1.0059495662867481,1619.0900951680148,0.9987825714693848,1619.080373220477,1.0151846320943247,1618.9498213423487,1.0029927390552005
1619.0914840176636,0.9935221676740168,1619.0914840176636,0.998859917831813,1619.0817620701257,0.9973098852610064,1618.951210192463,1.0040431913470511
1619.0928728673127,1.0079886966065128,1619.0928728673127,0.9989117848016486,1619.0831509197735,1.0103675162664818,1618.9525990421105,0.9958802181287256
1619.094261716962,1.0118947277172703,1619.094261716962,0.9988941084785722,1619.084539769421,1.0052900470239994,1618.953987892224,0.9992019498438764
1619.0956505666095,0.9980497288148031,1619.0956505666095,0.9989138905766534,1619.08592861907,0.9974956869408876,1618.9553767418731,0.9945122583575756
1619.0970394162575,1.0091318931568718,1619.0970394162575,0.9989146543349444,1619.0873174687192,0.9916902339402176,1618.956765591988,0.9955527205810496
1619.09842826544,0.9929117011067957,1619.09842826544,0.9989733677527987,1619.088706318367,1.001612342668316,1618.9581544416358,1.0087798429506882
1619.0998171150889,0.9995326567797149,1619.0998171150889,0.999061975020561,1619.0900951680148,1.0047248945843907,1618.9595432917492,1.0115008113702473
1619.101205964738,0.9990303481801535,1619.101205964738,0.9990377813007374,1619.0914840176636,0.9923894707669532,1618.960932141398,0.990851136156205
1619.1025948143863,0.997259311947123,1619.1025948143863,0.9990740378535661,1619.0928728673127,1.006891787987099,1618.9623209915128,0.999028924577974
1619.103983664034,0.9919859983377581,1619.103983664034,0.9991967317183459,1619.094261716962,1.0107756819173102,1618.963709841162,1.0044407552926635
1619.1053725136824,0.998262706389567,1619.1053725136824,0.9992343007331809,1619.0956505666095,0.9969657375993688,1618.9650986912752,0.9919788585687672
1619.106761363331,1.001076621517152,1619.106761363331,0.999249101996816,1619.0970394162575,1.0080366362311646,1618.9664875409228,0.9942411673184224
1619.1081502129794,0.9984577893169304,1619.1081502129794,0.9992626583604898,1619.09842826544,0.991892345935816,1618.9678763905715,0.9936938203068052
1619.109539062628,1.0006638034190705,1619.109539062628,0.999339760993685,1619.0998171150889,0.9985950701798906,1618.9692652406854,1.003250645922482
1619.1109279122763,1.0083581171078353,1619.1109279122763,0.9993204786022503,1619.101205964738,0.9980690624980036,1618.9706540903346,0.9843832124988124
1619.1123167614594,0.9981291350739795,1619.1123167614594,0.999318248324625,1619.1025948143863,0.9963358875740812,1618.972042940449,0.9929374294154096
1619.1137056111077,0.9989432498956816,1619.1137056111077,0.9993380986774403,1619.103983664034,0.9911891674494484,1618.9734317900968,0.9927491811881712
1619.1150944607557,0.9939520534660484,1619.1150944607557,0.9994057140289379,1619.1053725136824,0.9974983373671916,1618.9748206402107,0.9979968213913052
1619.1164833104042,0.9991954225558622,1619.1164833104042,0.9995384576382431,1619.106761363331,1.0003249150810207,1618.9762094898597,1.002295744896876
1619.1178721600534,1.0095008318206464,1619.1178721600534,0.9995989695393265,1619.1081502129794,0.9977215848135738,1618.9775983395075,0.9903877872705326
1619.1192610097016,1.007004652283955,1619.1192610097016,0.9997193384370434,1619.109539062628,1.0000031261438458,1618.978987189622,0.9982840188672296
1619.12064985935,0.9983726947236337,1619.12064985935,0.9998123413556034,1619.1109279122763,1.007672916190666,1618.9803760392704,0.9938537293604848
1619.122038708532,1.00176983772499,1619.122038708532,0.9998284011998056,1619.1123167614594,0.9974486588639022,1618.9817648893847,0.9982598931918976
1619.1234275581808,0.985503875044464,1619.1234275581808,0.9997822874639734,1619.1137056111077,0.9982820480374136,1618.983153739033,0.994024511957976
1619.12481640783,0.992799364585512,1619.12481640783,0.9998803840058335,1619.1150944607557,0.9933613617047652,1618.9845425886808,1.005903926531814
1619.1262052574782,1.0003146999057912,1619.1262052574782,0.9999526682479747,1619.1164833104042,0.9987342515406792,1618.9859314387948,1.00329291682405
1619.127594107126,0.9993741585594833,1619.127594107126,1.0000529067525317,1619.1178721600534,1.009095991237011,1618.987320288444,0.9953794914362007
1619.1289829567738,1.0042566346751511,1619.1289829567738,1.0001259546922003,1619.1192610097016,1.0067220247843405,1618.9887091380926,0.9972396829437729
1619.1303718059569,1.0103325539519514,1619.1303718059569,1.0000532370624342,1619.12064985935,0.9981853414571392,1618.9900979882066,0.9906334614010264
1619.131760655606,0.9961367876726933,1619.131760655606,1.0000056405719169,1619.122038708532,1.0015979352227655,1618.9914868378544,0.9995148360670556
1619.1331495052552,0.9963962152571538,1619.1331495052552,1.0000661116368992,1619.1234275581808,0.985289318496564,1618.992875687503,0.9920913317875684
1619.134538354903,1.0012676985053617,1619.134538354903,1.0001002700728645,1619.12481640783,0.9926806099025092,1618.994264537618,0.992492565554217
1619.1359272040852,1.0032992320235845,1619.1359272040852,1.0000933454755014,1619.1262052574782,1.000267353258468,1618.9956533872662,1.004146422053613
1619.1373160537337,0.9974320461944995,1619.1373160537337,1.000152992805153,1619.127594107126,0.9994270322007768,1618.997042236915,1.013685578160596
1619.1387049033826,0.9941627116742223,1619.1387049033826,1.000215155146931,1619.1289829567738,1.0043831255104618,1618.9984310870284,0.995123963156628
1619.1400937530318,0.9975593785882666,1619.1400937530318,1.0002234395229899,1619.1303718059569,1.0103863410892056,1618.999819936676,0.99006470710003
1619.1414826026796,1.007300174324919,1619.1414826026796,1.0002796345553235,1619.131760655606,0.9961424064538832,1619.001208786325,0.9932029477633596
1619.1428714518618,0.9919328731594217,1619.1428714518618,1.0002829325293314,1619.1331495052552,0.9964620886419446,1619.0025976364398,0.993426059290444
1619.14426030151,1.0045615933593584,1619.14426030151,1.0002474617643637,1619.134538354903,1.0013680956904476,1619.0039864860876,1.001405881255193
1619.1456491511588,1.003832568853757,1619.1456491511588,1.0001977677174099,1619.1359272040852,1.003392885467468,1619.0053753357354,0.9997768884729156
1619.147038000807,0.9904362601565131,1619.147038000807,1.00012849970361,1619.1373160537337,0.9975846461211962,1619.006764185384,0.9913942696695952
1619.14842684999,1.000406589958313,1619.14842684999,1.0000782703121134,1619.1387049033826,0.9943766108985258,1619.008153035499,1.0023923835175017
1619.1498156996383,1.0079164678031707,1619.1498156996383,1.0000400666142146,1619.1400937530318,0.9977822727799724,1619.009541885148,0.9940628411999118
1619.151204549287,1.005425400950764,1619.151204549287,1.0000895146160482,1619.1414826026796,1.0075818502612437,1619.010930734796,0.9992031731175552
1619.1525933984697,1.002068830008704,1619.1525933984697,1.000141129676643,1619.1428714518618,0.9922135232361516,1619.0123195849094,0.9969036904399938
1619.1539822481184,0.9971806630671409,1619.1539822481184,1.000121068570856,1619.14426030151,1.0048101839436632,1619.0137084345577,0.9949276277311794
1619.1553710977666,0.9898493081501416,1619.1553710977666,1.0001659094298219,1619.1456491511588,1.004031094529561,1619.0150972842064,0.9927590353372504
1619.156759947415,0.9877260052441753,1619.156759947415,1.0002463942045308,1619.147038000807,0.9905635309223878,1619.0164861338556,1.006116436353682
1619.158148796598,1.0057516418274934,1619.158148796598,1.0002679062381654,1619.14842684999,1.0004848920943492,1619.0178749839697,0.9987924929597202
1619.1595376462462,0.9923049877182902,1619.1595376462462,1.0003259372651818,1619.1498156996383,1.0079568516034467,1619.0192638336173,0.9990276333446464
1619.160926495894,0.9951527842535051,1619.160926495894,1.0004236007802423,1619.151204549287,1.0055154012194951,1619.0206526832656,1.0027407446773664
1619.162315345077,1.0061726297818376,1619.162315345077,1.0004526805384564,1619.1525933984697,1.002210251658657,1619.0220415329145,1.00297717629562
1619.1637041947265,1.00722394537285,1619.1637041947265,1.0004601897967116,1619.1539822481184,0.9973013903049036,1619.0234303830282,1.0092983750712048
1619.1650930443743,1.0029944082108755,1619.1650930443743,1.000486048967531,1619.1553710977666,0.9900135334844664,1619.024819232677,0.998096925954021
1619.1664818935567,1.0052000940455483,1619.1664818935567,1.0004849272968654,1619.156759947415,0.9879693752075318,1619.0262080823252,0.9824301881109488
1619.1678707432045,1.0087866945204347,1619.1678707432045,1.0004827692523035,1619.158148796598,1.006021088966384,1619.027596931974,1.002750055149255
1619.1692595928537,1.0007245535812792,1619.1692595928537,1.000590309750989,1619.1595376462462,0.9926284168922134,1619.0289857816222,0.9919445389461116
1619.1706484420372,0.9952251551194082,1619.1706484420372,1.0006396321290345,1619.160926495894,0.9955743317493752,1619.0303746317356,0.9986365255656724
1619.1720372916857,0.9998404125427068,1619.1720372916857,1.0006996385207212,1619.162315345077,1.0066281045496674,1619.0317634813844,0.9834242338942768
1619.1734261413333,0.9963495408533783,1619.1734261413333,1.0007400703965896,1619.1637041947265,1.007687459555514,1619.0331523310335,0.9952413974297932
1619.1748149905154,1.010162322083381,1619.1748149905154,1.0007993295466626,1619.1650930443743,1.0034819126074257,1619.0345411806818,0.9964109150263812
1619.176203840164,1.0013696398896612,1619.176203840164,1.0009156763078264,1619.1664818935567,1.0056875430099628,1619.03593003033,0.9944694437788174
1619.1775926893476,1.0036158728334255,1619.1775926893476,1.0008829215707056,1619.1678707432045,1.009273705718682,1619.037318879978,0.9855832439777218
1619.1789815389968,0.994547544896345,1619.1789815389968,1.0009344276413807,1619.1692595928537,1.0013152910433123,1619.0387077300925,0.9966929475689952
1619.1803703886446,1.0055645128406367,1619.1803703886446,1.0009236202689202,1619.1706484420372,0.995861733104246,1619.0400965797414,0.99602714688948
1619.1817592378268,0.990932381579901,1619.1817592378268,1.0010214192058158,1619.1720372916857,1.0005399394098955,1619.0414854293897,0.9951998061247138
1619.183148087475,1.0114995301729663,1619.183148087475,1.0010841871738843,1619.1734261413333,0.9970869096532196,1619.0428742790375,0.9945341413644966
1619.1845369366586,1.0033004171377073,1619.1845369366586,1.001086868652792,1619.1748149905154,1.0109697746743476,1619.044263128685,1.0007441581546077
1619.1859257863075,0.9975166165415599,1619.1859257863075,1.0011137722336583,1619.176203840164,1.002286570344285,1619.045651978334,1.0000978618943046
1619.1873146359555,1.0059661088613812,1619.1873146359555,1.0011340058121172,1619.1775926893476,1.0045019869362526,1619.0470408279832,0.9944905792296012
1619.1887034851377,0.9937154380192954,1619.1887034851377,1.001126367598932,1619.1789815389968,0.9954768776129636,1619.048429678098,0.9954629458849548
1619.190092334786,0.9963650229673432,1619.190092334786,1.0011800787394771,1619.1803703886446,1.0064932726064033,1619.049818527746,0.9908703687368218
1619.191481183969,0.9972788852223887,1619.191481183969,1.001185325978411,1619.1817592378268,0.9919445389461116,1619.0512073773934,1.0009931623078934
1619.1928700336173,1.0079883752341707,1619.1928700336173,1.0012510748346566,1619.183148087475,1.0125961849899698,1619.052596227042,0.9989696637642008
1619.1942588828003,1.0022796857696326,1619.1942588828003,1.0013580206364205,1619.1845369366586,1.0043908729104276,1619.0539850766902,0.9946149453869466
1619.1956477324486,0.9925461673140807,1619.1956477324486,1.0014196073175206,1619.1859257863075,0.9986276228516766,1619.0553739263394,0.9960567772963668
1619.1970365816317,0.9910738619494917,1619.1970365816317,1.0013129206831786,1619.1873146359555,1.007106880275623,1619.056762775988,1.000825845652492
1619.19842543128,1.0135329756029092,1619.19842543128,1.0012880390394172,1619.1887034851377,0.9948347268912388,1619.058151625636,0.9889516639716136
1619.1998142809286,1.0009766439666858,1619.1998142809286,1.0012850214114004,1619.190092334786,0.9975408121477056,1619.0595404752842,0.9866782098395512
1619.2012031301113,0.9951900905763301,1619.2012031301113,1.0013638474073843,1619.191481183969,0.9984609857927635,1619.0609293249329,0.9906589462693348
1619.20259197976,1.0088166572531454,1619.20259197976,1.001383846037118,1619.1928700336173,1.0092494441240525,1619.0623181750475,0.997531569635466
1619.2039808289426,1.004258734832971,1619.2039808289426,1.001351220339061,1619.1942588828003,1.0036408022663728,1619.063707024696,0.9869746498277157
1619.2053696785913,0.9993075231470719,1619.2053696785913,1.001320998971015,1619.1956477324486,0.9939551931161767,1619.0650958743438,0.9928504410649168
1619.2067585277732,1.0047060566696078,1619.2067585277732,1.0013069787107307,1619.1970365816317,0.9923750633214028,1619.0664847239923,1.0004170004051751
1619.2081473774217,1.0114165694222164,1619.2081473774217,1.0013120410384493,1619.19842543128,1.0148384456432225,1619.0678735736408,0.9936608598771264
1619.2095362266052,1.0006896497500621,1619.2095362266052,1.001203419805158,1619.1998142809286,1.0022629203864948,1619.0692624232886,0.9937675565257778
1619.2109250762535,0.9842299705480088,1619.2109250762535,1.0011548297687314,1619.2012031301113,0.9965473780012172,1619.0706512729369,1.0119369084367418
1619.2123139254356,1.0059067232207979,1619.2123139254356,1.0011568972114329,1619.20259197976,1.010212704186464,1619.072040122586,1.0104962998010003
1619.2137027750834,1.0007909212135198,1619.2137027750834,1.0012399556597429,1619.2039808289426,1.005615709661157,1619.0734289722348,1.008982226784882
1619.2150916242665,0.999419349863446,1619.2150916242665,1.0011759118975065,1619.2053696785913,1.0006276073568767,1619.074817821883,1.0000768623628185
1619.21648047345,1.0003100242976841,1619.21648047345,1.001097827232452,1619.2067585277732,1.006019186096217,1619.0762066715308,0.9956329129666602
1619.2178693230992,0.9974988462171251,1619.2178693230992,1.0012179958642218,1619.2081473774217,1.012743589468266,1619.0775955211795,0.9994344398024984
1619.2192581722811,0.9879755628654854,1619.2192581722811,1.0011581594933348,1619.2095362266052,1.001893899493388,1619.0789843708287,1.0057854049042674
1619.2206470219292,1.0057757427759182,1619.2206470219292,1.0010466615704738,1619.2109250762535,0.9853665886172752,1619.080373220477,1.0151846320943247
1619.2220358711118,0.9930942875876768,1619.2220358711118,1.0010733520495694,1619.2123139254356,1.0070704539038535,1619.0817620701257,0.9973098852610064
1619.223424720761,0.9991044491133689,1619.223424720761,1.0010251845664484,1619.2137027750834,1.0020318575804978,1619.0831509197735,1.0103675162664818
1619.2248135699444,1.0140555330676677,1619.2248135699444,1.0011387145739148,1619.2150916242665,1.0005945789675488,1619.084539769421,1.0052900470239994
1619.2262024195925,0.9941065196914386,1619.2262024195925,1.0011139873024613,1619.21648047345,1.001408191883253,1619.08592861907,0.9974956869408876
1619.2275912687744,1.0067364929899072,1619.2275912687744,1.0011673694307346,1619.2178693230992,0.9987137956863836,1619.0873174687192,0.9916902339402176
1619.228980117957,1.00589599997377,1619.228980117957,1.0011700697061332,1619.2192581722811,0.9891197961428008,1619.088706318367,1.001612342668316
1619.2303689676055,1.001160249894183,1619.2303689676055,1.0011899092822576,1619.2206470219292,1.0068284495943964,1619.0900951680148,1.0047248945843907
1619.2317578167883,0.9957033759121449,1619.2317578167883,1.001254158404671,1619.2220358711118,0.9941602273766746,1619.0914840176636,0.9923894707669532
1619.233146666437,0.9980959239343037,1619.233146666437,1.0013222086312794,1619.223424720761,1.00012871557487,1619.0928728673127,1.006891787987099
1619.2345355156197,1.0027671873576731,1619.2345355156197,1.0013399838133377,1619.2248135699444,1.015210252881931,1619.094261716962,1.0107756819173102
1619.2359243648027,1.0018504280374199,1619.2359243648027,1.001313449517061,1619.2262024195925,0.9952139417316688,1619.0956505666095,0.9969657375993688
1619.237313214451,1.001793589963891,1619.237313214451,1.0012162681452363,1619.2275912687744,1.0079117263966286,1619.0970394162575,1.0080366362311646
1619.238702063634,0.9964893207276783,1619.238702063634,1.001191594022107,1619.228980117957,1.00707296841086,1619.09842826544,0.991892345935816
1619.2400909132823,1.003038058137837,1619.2400909132823,1.0012383463364936,1619.2303689676055,1.0023515397685594,1619.0998171150889,0.9985950701798906
1619.241479762465,1.0080481529032597,1619.241479762465,1.001234779740239,1619.2317578167883,0.9969521456696044,1619.101205964738,0.9980690624980036
1619.242868611648,1.0110109044258127,1619.242868611648,1.001313455046086,1619.233146666437,0.9994156149797744,1619.1025948143863,0.9963358875740812
1619.2442574612962,1.007161154606645,1619.2442574612962,1.0013103502282994,1619.2345355156197,1.0041108791572786,1619.103983664034,0.9911891674494484
1619.2456463104784,1.0030654938649335,1619.2456463104784,1.001210283065761,1619.2359243648027,1.003166307998293,1619.1053725136824,0.9974983373671916
1619.2470351596614,1.0051431428461286,1619.2470351596614,1.0012842637943549,1619.237313214451,1.003012039595466,1619.106761363331,1.0003249150810207
1619.2484240093106,0.999737833107928,1619.2484240093106,1.001300387567458,1619.238702063634,0.9976767314453509,1619.1081502129794,0.9977215848135738
1619.2498128584932,1.0070251625903799,1619.2498128584932,1.0013985330677198,1619.2400909132823,1.0042801666424956,1619.109539062628,1.0000031261438458
1619.2512017076754,1.0000859306185463,1619.2512017076754,1.0014063424217237,1619.241479762465,1.00929287033965,1619.1109279122763,1.007672916190666
1619.2525905573232,1.0044716650897585,1619.2525905573232,1.0014135041093408,1619.242868611648,1.0123388217998788,1619.1123167614594,0.9974486588639022
1619.2539794065067,1.0010217680204638,1619.2539794065067,1.0013707779518866,1619.2442574612962,1.008480888455518,1619.1137056111077,0.9982820480374136
1619.2553682556902,0.9898426730805079,1619.2553682556902,1.0013742488727206,1619.2456463104784,1.0042794870460074,1619.1150944607557,0.9933613617047652
1619.256757105339,0.9922830746688177,1619.256757105339,1.0013783639116682,1619.2470351596614,1.00643401179263,1619.1164833104042,0.9987342515406792
1619.2581459545208,0.9986733528082311,1619.2581459545208,1.0014183034761872,1619.2484240093106,1.001037879756819,1619.1178721600534,1.009095991237011
1619.2595348037028,1.0063176236570157,1619.2595348037028,1.0013947324893444,1619.2498128584932,1.0084335205802883,1619.1192610097016,1.0067220247843405
1619.2609236528858,0.9912520412843895,1619.2609236528858,1.001419648313224,1619.2512017076754,1.0014923938881442,1619.12064985935,0.9981853414571392
1619.262312502535,1.0134776964355998,1619.262312502535,1.001343458004253,1619.2525905573232,1.0058914899160794,1619.122038708532,1.0015979352227655
1619.2637013517185,1.0027673427796353,1619.2637013517185,1.0013710037786938,1619.2539794065067,1.0023939465894247,1619.1234275581808,0.985289318496564
1619.2650902009009,0.9944957697888239,1619.2650902009009,1.0014539547236014,1619.2553682556902,0.9912029632581596,1619.12481640783,0.9926806099025092
1619.2664790505485,0.9986605073427162,1619.2664790505485,1.0015440126447268,1619.256757105339,0.9936508018491004,1619.1262052574782,1.000267353258468
1619.267867899731,1.0052580107228544,1619.267867899731,1.0014321542249358,1619.2581459545208,1.0000897746960946,1619.127594107126,0.9994270322007768
1619.2692567489146,0.9927927772438896,1619.2692567489146,1.0014576041187795,1619.2595348037028,1.00772116754133,1619.1289829567738,1.0043831255104618
1619.2706455980976,0.990540649472125,1619.2706455980976,1.001365016390094,1619.2609236528858,0.9926592705727788,1619.1303718059569,1.0103863410892056
1619.2720344477457,0.9930196806959067,1619.2720344477457,1.0013423102003887,1619.262312502535,1.0148392611590082,1619.131760655606,0.9961424064538832
1619.273423296928,0.9958011082057776,1619.273423296928,1.001403419918486,1619.2637013517185,1.004142140595737,1619.1331495052552,0.9964620886419446
1619.274812146111,1.0012587144143572,1619.274812146111,1.0014214559596717,1619.2650902009009,0.99594172161091,1619.134538354903,1.0013680956904476
1619.2762009952935,1.0024550561273768,1619.2762009952935,1.0013297500868956,1619.2664790505485,1.0002024517938426,1619.1359272040852,1.003392885467468
1619.277589844942,1.0012748743679043,1619.277589844942,1.0013597507774576,1619.267867899731,1.0066976952300617,1619.1373160537337,0.9975846461211962
1619.2803675433076,0.9977312750702215,1619.2803675433076,1.00136108560475,1619.2692567489146,0.9942398760850948,1619.1387049033826,0.9943766108985258
1619.2817563924907,1.0095283296788287,1619.2817563924907,1.0013993644581687,1619.2706455980976,0.9918927536937088,1619.1400937530318,0.9977822727799724
1619.2831452416733,0.9975355396791666,1619.2831452416733,1.0014077591658064,1619.2720344477457,0.9943526211424916,1619.1414826026796,1.0075818502612437
1619.284534091322,1.0006933567550897,1619.284534091322,1.0013066731945077,1619.273423296928,0.997198635315884,1619.1428714518618,0.9922135232361516
1619.2859229405046,1.0116339027139312,1619.2859229405046,1.0013399084396932,1619.274812146111,1.0026819595811347,1619.14426030151,1.0048101839436632
1619.2873117896877,0.9972325570797043,1619.2873117896877,1.001409977266686,1619.2762009952935,1.0037880708253712,1619.1456491511588,1.004031094529561
1619.2887006388703,0.9939422336696269,1619.2887006388703,1.00131535499085,1619.277589844942,1.0026363586567748,1619.147038000807,0.9905635309223878
1619.2900894880524,0.9984953559920534,1619.2900894880524,1.0012848929399503,1619.2803675433076,0.9990892727461284,1619.14842684999,1.0004848920943492
1619.2914783372346,0.9946365815251567,1619.2914783372346,1.0012378390365921,1619.2817563924907,1.0109410277428956,1619.1498156996383,1.0079568516034467
1619.2928671868838,0.9937216475973635,1619.2928671868838,1.0011394658426027,1619.2831452416733,0.9989398294783676,1619.151204549287,1.0055154012194951
1619.2942560360673,1.007748113921501,1619.2942560360673,1.0010832086557349,1619.284534091322,1.0020009359402835,1619.1525933984697,1.002210251658657
1619.29564488525,1.0058787313824353,1619.29564488525,1.0010349716596034,1619.2859229405046,1.0129893995180574,1619.1539822481184,0.9973013903049036
1619.297033734432,1.0069542023785694,1619.297033734432,1.0010399983951914,1619.2873117896877,0.9986386323147858,1619.1553710977666,0.9900135334844664
1619.2984225836142,0.9989549234313813,1619.2984225836142,1.0010611366604196,1619.2887006388703,0.9952496205473008,1619.156759947415,0.9879693752075318
1619.2998114327977,1.0017100276778166,1619.2998114327977,1.0010784833068855,1619.2900894880524,0.9997783156255408,1619.158148796598,1.006021088966384
1619.3012002819812,1.014000747086383,1619.3012002819812,1.0010791374999364,1619.2914783372346,0.995867781512991,1619.1595376462462,0.9926284168922134
1619.30258913163,0.9961260611716904,1619.30258913163,1.0010437250009707,1619.2928671868838,0.9948539594718556,1619.160926495894,0.9955743317493752
1619.303977980812,1.0040106754864846,1619.303977980812,1.0010051327126648,1619.2942560360673,1.0088397154013011,1619.162315345077,1.0066281045496674
1619.3053668299942,0.9909694892136415,1619.3053668299942,1.001033860646533,1619.29564488525,1.006919787362414,1619.1637041947265,1.007687459555514
1619.3067556791768,1.0084968691994578,1619.3067556791768,1.0009295944862824,1619.297033734432,1.0080014331330744,1619.1650930443743,1.0034819126074257
1619.3081445283603,1.0130186507787584,1619.3081445283603,1.0009648065777543,1619.2984225836142,1.000014951122741,1619.1664818935567,1.0056875430099628
1619.3095333775432,0.9912149052418747,1619.3095333775432,1.000924988649681,1619.2998114327977,1.002790355221007,1619.1678707432045,1.009273705718682
1619.310922226725,0.9968505630834541,1619.310922226725,1.000863888342879,1619.3012002819812,1.0150949933175275,1619.1692595928537,1.0013152910433123
1619.3123110759082,0.9953071625805509,1619.3123110759082,1.0008951716805259,1619.30258913163,0.9971657428458538,1619.1706484420372,0.995861733104246
1619.3136999250908,0.9956293425071849,1619.3136999250908,1.000856537864799,1619.303977980812,1.0050198394602807,1619.1720372916857,1.0005399394098955
1619.3150887742745,1.0005383549075872,1619.3150887742745,1.000842471406116,1619.3053668299942,0.9919940135704544,1619.1734261413333,0.9970869096532196
1619.316477623923,0.9933606267204481,1619.316477623923,1.000822458938223,1619.3067556791768,1.0094343623284987,1619.1748149905154,1.0109697746743476
1619.3178664731051,1.0103189520876839,1619.3178664731051,1.0007824060544057,1619.3081445283603,1.0139960178364176,1619.176203840164,1.002286570344285
1619.3192553222875,1.0069671754801894,1619.3192553222875,1.000726301229962,1619.3095333775432,0.992131767778618,1619.1775926893476,1.0045019869362526
1619.3206441714708,1.0017364817231342,1619.3206441714708,1.0006869896825306,1619.310922226725,0.9977117306644944,1619.1789815389968,0.9954768776129636
1619.3220330206534,0.9947251960638004,1619.3220330206534,1.0007382459413106,1619.3123110759082,0.9961981333659176,1619.1803703886446,1.0064932726064033
1619.3234218698365,1.0183136498477916,1619.3234218698365,1.0007348267313516,1619.3136999250908,0.9964821367383472,1619.1817592378268,0.9919445389461116
1619.324810719019,1.0153885734360546,1619.324810719019,1.000679877334832,1619.3150887742745,1.0013812798623192,1619.183148087475,1.0125961849899698
1619.326199568202,1.0097912270375546,1619.326199568202,1.0006118893861053,1619.316477623923,0.9941776250467732,1619.1845369366586,1.0043908729104276
1619.3275884173847,0.9985846151594719,1619.3275884173847,1.0005842497578923,1619.3178664731051,1.011109431752678,1619.1859257863075,0.9986276228516766
1619.3289772665669,0.993068628398368,1619.3289772665669,1.0005448343122745,1619.3192553222875,1.007698536978272,1619.1873146359555,1.007106880275623
1619.3303661157497,1.0015469944538673,1619.3303661157497,1.0004736645842272,1619.3206441714708,1.0024246643506924,1619.1887034851377,0.9948347268912388
1619.331754964933,1.006311914745378,1619.331754964933,1.0004835127526148,1619.3220330206534,0.9954595479025138,1619.190092334786,0.9975408121477056
1619.333143814116,0.9975461950443621,1619.333143814116,1.0004411751591673,1619.3234218698365,1.0190619339386,1619.191481183969,0.9984609857927635
1619.334532663299,0.984933903011856,1619.334532663299,1.0003585751441968,1619.324810719019,1.016078913113181,1619.1928700336173,1.0092494441240525
1619.3359215124808,0.9998937456652034,1619.3359215124808,1.000282095920215,1619.326199568202,1.010409107571561,1619.1942588828003,1.0036408022663728
1619.337310361663,0.9974995143697754,1619.337310361663,1.0002639139039093,1619.3275884173847,0.9991680379791138,1619.1956477324486,0.9939551931161767
1619.3386992108465,1.003476332963628,1619.3386992108465,1.0001719587152043,1619.3289772665669,0.9936096862615628,1619.1970365816317,0.9923750633214028
1619.34008806003,0.9882995114820823,1619.34008806003,1.0001352710662208,1619.3303661157497,1.0020213917945793,1619.19842543128,1.0148384456432225
1619.341476909213,0.9941788455706636,1619.341476909213,1.0001165524206708,1619.331754964933,1.0067984793892657,1619.1998142809286,1.0022629203864948
1619.342865758395,1.012603697796337,1619.342865758395,1.0001368753036384,1619.333143814116,0.9979862876457376,1619.2012031301113,0.9965473780012172
1619.3442546075769,0.9996424711968802,1619.3442546075769,1.0001682533769287,1619.334532663299,0.9852870758281528,1619.20259197976,1.010212704186464
1619.3456434567604,0.994984822041609,1619.3456434567604,1.0001843071797076,1619.3359215124808,1.000175811611504,1619.2039808289426,1.005615709661157
1619.347032305944,1.0000729490601876,1619.347032305944,1.0001019716371469,1619.337310361663,0.9977627683607604,1619.2053696785913,1.0006276073568767
1619.348421155126,1.0021376274210267,1619.348421155126,1.0001155316510077,1619.3386992108465,1.0036488894645823,1619.2067585277732,1.006019186096217
1619.3498100038423,1.00709235323164,1619.3498100038423,1.000113216994939,1619.34008806003,0.988433199810746,1619.2081473774217,1.012743589468266
1619.3511988530256,0.9943780892273838,1619.3511988530256,1.0001133993619071,1619.341476909213,0.9942947195216946,1619.2095362266052,1.001893899493388
1619.3525877022082,1.0043879955672295,1619.3525877022082,1.0001006374391102,1619.342865758395,1.0127422982349383,1619.2109250762535,0.9853665886172752
1619.3539765513915,0.9966303593244333,1619.3539765513915,1.0001005086082553,1619.3442546075769,0.9998106644183804,1619.2123139254356,1.0070704539038535
1619.3553654005748,0.99606364016112,1619.3553654005748,1.0001035032731693,1619.3456434567604,0.9951682048880114,1619.2137027750834,1.0020318575804978
1619.356754249757,1.0048857644354838,1619.356754249757,1.0000290712513777,1619.347032305944,1.0001749281360697,1619.2150916242665,1.0005945789675488
1619.3581430989395,1.0088399863328594,1619.3581430989395,1.0000554415950753,1619.348421155126,1.0022534060356596,1619.21648047345,1.001408191883253
1619.3595319481226,0.9999108259374845,1619.3595319481226,1.000019381231478,1619.3498100038423,1.0072063732014989,1619.2178693230992,0.9987137956863836
1619.3609207973052,0.9965963262328954,1619.3609207973052,0.9999926179473019,1619.3511988530256,0.9944908510681966,1619.2192581722811,0.9891197961428008
1619.3623096464878,0.9948479635066889,1619.3623096464878,0.9999416091847159,1619.3525877022082,1.0044890746029764,1619.2206470219292,1.0068284495943964
1619.3636984956709,0.99050151587306,1619.3636984956709,0.9999170850680098,1619.3539765513915,0.996730529254794,1619.2220358711118,0.9941602273766746
1619.3650873443878,1.004049021590904,1619.3650873443878,0.9999981867174482,1619.3553654005748,0.9961667360081616,1619.223424720761,1.00012871557487
1619.3664761935709,0.9923995112532844,1619.3664761935709,0.999934345230134,1619.356754249757,1.0049149777221476,1619.2248135699444,1.015210252881931
1619.367865042753,1.0094956505234085,1619.367865042753,0.9998062631960011,1619.3581430989395,1.0088959180308774,1619.2262024195925,0.9952139417316688
1619.3692538919356,1.008727723728837,1619.3692538919356,0.9996858402284375,1619.3595319481226,0.9999302054406592,1619.2275912687744,1.0079117263966286
1619.3706427411191,0.992997116522814,1619.3706427411191,0.9996788659274961,1619.3609207973052,0.9965889693062964,1619.228980117957,1.00707296841086
1619.3720315903022,1.0078414868191612,1619.3720315903022,0.9996164226349343,1619.3623096464878,0.994789873523016,1619.2303689676055,1.0023515397685594
1619.3734204394848,1.0040349840408467,1619.3734204394848,0.9995070232197628,1619.3636984956709,0.9904193885072352,1619.2317578167883,0.9969521456696044
1619.3748092882013,1.007946175044545,1619.3748092882013,0.9995438168214917,1619.3650873443878,1.004047200966332,1619.233146666437,0.9994156149797744
1619.3761981373834,0.9854741175009014,1619.3761981373834,0.9994568432556374,1619.3664761935709,0.992334355491758,1619.2345355156197,1.0041108791572786
1619.377586986567,1.0017292235455157,1619.377586986567,0.9993956023460685,1619.367865042753,1.0093000740624254,1619.2359243648027,1.003166307998293
1619.3789758357505,0.9877543592514849,1619.3789758357505,0.9993394906381187,1619.3692538919356,1.0084108220575816,1619.237313214451,1.003012039595466
1619.380364684933,1.0055216452566367,1619.380364684933,0.9993169118503417,1619.3706427411191,0.9926782313148004,1619.238702063634,0.9976767314453509
1619.3817535336495,1.0142187379327954,1619.3817535336495,0.9993833194439148,1619.3720315903022,1.0074549016372432,1619.2400909132823,1.0042801666424956
1619.3831423828317,1.0018818569486272,1619.3831423828317,0.999384573936965,1619.3734204394848,1.0035400181071688,1619.241479762465,1.00929287033965
1619.3845312320152,0.9888474978725899,1619.3845312320152,0.999356913499784,1619.3748092882013,1.007486366954648,1619.242868611648,1.0123388217998788
1619.3859200811987,1.00491091835933,1619.3859200811987,0.9992265933767382,1619.3761981373834,0.984938850587586,1619.2442574612962,1.008480888455518
1619.3873089303809,0.99396223393588,1619.3873089303809,0.9992757576177189,1619.377586986567,1.0011237807529303,1619.2456463104784,1.0042794870460074
1619.3886977790974,1.0017634352577314,1619.3886977790974,0.9991909895352853,1619.3789758357505,0.9871019382499602,1619.2470351596614,1.00643401179263
1619.3900866282804,1.0055702259376864,1619.3900866282804,0.9991930076813629,1619.380364684933,1.004834785336537,1619.2484240093106,1.001037879756819
1619.391475477463,1.0107204997016654,1619.391475477463,0.999288881282848,1619.3817535336495,1.013593288957495,1619.2498128584932,1.0084335205802883
1619.3928643266463,0.9923447669737788,1619.3928643266463,0.9992461838513822,1619.3831423828317,1.001265272741779,1619.2512017076754,1.0014923938881442
1619.3942531758296,0.9977126761612766,1619.3942531758296,0.9992080957195514,1619.3845312320152,0.9882115833959356,1619.2525905573232,1.0058914899160794
1619.395642024546,0.9929586119311758,1619.395642024546,0.9991893306166393,1619.3859200811987,1.004133713599283,1619.2539794065067,1.0023939465894247
1619.3984197229113,1.0016576483436204,1619.3984197229113,0.9992378281285276,1619.3873089303809,0.9932423643596768,1619.2553682556902,0.9912029632581596
1619.3998085716291,1.0033793813607539,1619.3998085716291,0.999282372793329,1619.3886977790974,1.0009529981554393,1619.256757105339,0.9936508018491004
1619.4011974208122,0.9968506171290324,1619.4011974208122,0.99923610315654,1619.3900866282804,1.0047587384895045,1619.2581459545208,1.0000897746960946
1619.4025862699943,1.0153995013015513,1619.4025862699943,0.9991907806626749,1619.391475477463,1.0100017574365183,1619.2595348037028,1.00772116754133
1619.403975119177,1.0041361019233526,1619.403975119177,0.9991029633133097,1619.3928643266463,0.9915967214634376,1619.2609236528858,0.9926592705727788
1619.4053639678943,0.9971714791404321,1619.4053639678943,0.9990917049445531,1619.3942531758296,0.9969225832223666,1619.262312502535,1.0148392611590082
1619.4067528170765,0.9991976770705036,1619.4067528170765,0.9990471801259085,1619.395642024546,0.9921536507855389,1619.2637013517185,1.004142140595737
1619.408141666259,0.9949177572309187,1619.408141666259,0.9989655099401369,1619.3984197229113,1.0008942130592076,1619.2650902009009,0.99594172161091
1619.409530514977,0.9903246325943463,1619.409530514977,0.9989156301146914,1619.3998085716291,1.0026593290180768,1619.2664790505485,1.0002024517938426
1619.41091936416,0.9995335687222971,1619.41091936416,0.9988244535680666,1619.4011974208122,0.9960891260892064,1619.267867899731,1.0066976952300617
1619.4123082133426,1.005591128434078,1619.4123082133426,0.9988337209902078,1619.4025862699943,1.0145778203899878,1619.2692567489146,0.9942398760850948
1619.4136970625248,0.9954386903880135,1619.4136970625248,0.9987993791145324,1619.403975119177,1.0032353550014972,1619.2706455980976,0.9918927536937088
1619.4150859112417,1.0047167977312736,1619.4150859112417,0.9988988206125119,1619.4053639678943,0.9962657532164962,1619.2720344477457,0.9943526211424916
1619.4164747604252,0.9992583065801756,1619.4164747604252,0.998866661634987,1619.4067528170765,0.9982456216656448,1619.273423296928,0.997198635315884
1619.4178636096085,0.9926646488925653,1619.4178636096085,0.9988638661797832,1619.408141666259,0.993888524700682,1619.274812146111,1.0026819595811347
1619.4192524583252,1.002452622566482,1619.4192524583252,0.9988895177459983,1619.409530514977,0.9892507543860818,1619.2762009952935,1.0037880708253712
1619.4206413075074,0.9962642183087234,1619.4206413075074,0.998839370512392,1619.41091936416,0.998358570601988,1619.277589844942,1.0026363586567748
1619.4220301566895,0.9833640779425965,1619.4220301566895,0.9988344827306295,1619.4123082133426,1.004418328608552,1619.278978694125,1.0259333340310524
1619.4234190054074,1.0041130603118382,1619.4234190054074,0.998834860488803,1619.4136970625248,0.9942435459061312,1619.2803675433076,0.9990892727461284
1619.4248078545909,1.0004181413862274,1619.4248078545909,0.9987959330278305,1619.4150859112417,1.003610424303349,1619.2817563924907,1.0109410277428956
1619.4261967033074,1.0125207790423572,1619.4261967033074,0.9988214910732637,1619.4164747604252,0.9981258088047704,1619.2831452416733,0.9989398294783676
1619.4275855524895,0.9994976225590628,1619.4275855524895,0.9987193563647948,1619.4178636096085,0.9915368490128248,1619.284534091322,1.0020009359402835
1619.4289744016723,1.001597504794986,1619.4289744016723,0.9987972912678239,1619.4192524583252,1.0013394167186445,1619.2859229405046,1.0129893995180574
1619.43036325039,1.0008458120660029,1619.43036325039,0.9988080582065622,1619.4206413075074,0.9951079246795056,1619.2873117896877,0.9986386323147858
1619.4317520995735,0.9939185769329356,1619.4317520995735,0.9988771238949142,1619.4220301566895,0.9822179501276758,1619.2887006388703,0.9952496205473008
1619.43314094829,0.999578019711042,1619.43314094829,0.998832387110915,1619.4234190054074,1.00294312851156,1619.2900894880524,0.9997783156255408
1619.434529797472,1.0052933127012182,1619.434529797472,0.9988207504087029,1619.4248078545909,0.999213570943825,1619.2914783372346,0.995867781512991
1619.4359186466552,0.999145732638306,1619.4359186466552,0.9988472496907835,1619.4261967033074,1.0113275142657496,1619.2928671868838,0.9948539594718556
1619.437307495372,1.002842720862896,1619.437307495372,0.9988002163150611,1619.4275855524895,0.9982176222903298,1619.2942560360673,1.0088397154013011
1619.4386963445556,1.0038125144758774,1619.4386963445556,0.998881592369801,1619.4289744016723,1.0003928747298434,1619.29564488525,1.006919787362414
1619.440085193273,0.9901789752306118,1619.440085193273,0.998953788240482,1619.43036325039,0.9996528621138142,1619.297033734432,1.0080014331330744
1619.4414740424552,0.9951806971521401,1619.4414740424552,0.9988697652198973,1619.4317520995735,0.9928025295124968,1619.2984225836142,1.000014951122741
1619.4428628916378,0.991074956288779,1619.4428628916378,0.9989707102057667,1619.43314094829,0.9984108995315814,1619.2998114327977,1.002790355221007
1619.4442517403552,1.0027824032843784,1619.4442517403552,0.9989696091199861,1619.434529797472,1.0041078209730816,1619.3012002819812,1.0150949933175275
1619.4456405895378,1.0008096749811832,1619.4456405895378,0.9989452330681234,1619.4359186466552,0.9979939670860548,1619.30258913163,0.9971657428458538
1619.447029438255,1.0019173406099158,1619.447029438255,0.998964247016053,1619.437307495372,1.001639526527845,1619.303977980812,1.0050198394602807
1619.4484182874378,0.9914810351335699,1619.4484182874378,0.9990316356269341,1619.4386963445556,1.0026898429003983,1619.3053668299942,0.9919940135704544
1619.4498071361547,1.0017900699617044,1619.4498071361547,0.9990718926099011,1619.440085193273,0.989143038342698,1619.3067556791768,1.0094343623284987
1619.4511959853378,0.9946878470000853,1619.4511959853378,0.9990758195323812,1619.4414740424552,0.994055909315732,1619.3081445283603,1.0139960178364176
1619.4525848340545,0.9906636900103851,1619.4525848340545,0.9990186202325851,1619.4428628916378,0.9900548529509506,1619.3095333775432,0.992131767778618
1619.4539736832369,1.0042785897727387,1619.4539736832369,0.9990261730974539,1619.4442517403552,1.0017491454413958,1619.310922226725,0.9977117306644944
1619.4553625319547,1.0004047831746783,1619.4553625319547,0.9990814059537442,1619.4456405895378,0.999754054030911,1619.3123110759082,0.9961981333659176
1619.4567513811378,1.0017544963863607,1619.4567513811378,0.9990091377009124,1619.447029438255,1.0008796017347108,1619.3136999250908,0.9964821367383472
1619.4581402298547,1.0023600083456738,1619.4581402298547,0.9989222154222538,1619.4484182874378,0.990520920222576,1619.3150887742745,1.0013812798623192
1619.4595290790369,1.000394158453111,1619.4595290790369,0.9988796585737213,1619.4498071361547,1.0008603011944452,1619.316477623923,0.9941776250467732
1619.4609179277545,0.9915496074077911,1619.4609179277545,0.9988698128851046,1619.4511959853378,0.99376857592051,1619.3178664731051,1.011109431752678
1619.4623067769378,0.992445217169831,1619.4623067769378,0.998897569499747,1619.4525848340545,0.9896914727086964,1619.3192553222875,1.007698536978272
1619.4636956256547,0.9994878875507243,1619.4636956256547,0.9989557774494121,1619.4539736832369,1.0033005962643669,1619.3206441714708,1.0024246643506924
1619.4650844748369,0.9992757065147365,1619.4650844748369,0.99891482940951,1619.4553625319547,0.9994858172970082,1619.3220330206534,0.9954595479025138
1619.4664733235534,0.9997469150119651,1619.4664733235534,0.9990296336837295,1619.4567513811378,1.00076189562295,1619.3234218698365,1.0190619339386
1619.467862172736,1.004518007387067,1619.467862172736,0.9990278301433211,1619.4581402298547,1.0012796801873294,1619.324810719019,1.016078913113181
1619.4692510214538,1.0027188782273573,1619.4692510214538,0.9990324222226489,1619.4595290790369,0.9992733754347888,1619.326199568202,1.010409107571561
1619.4706398706371,0.9866568517190393,1619.4706398706371,0.9990751846375269,1619.4609179277545,0.9904289708177192,1619.3275884173847,0.9991680379791138
1619.4720287193538,0.9992503032842744,1619.4720287193538,0.999095764436386,1619.4623067769378,0.9913511152925928,1619.3289772665669,0.9936096862615628
1619.473417568536,0.9860332277688552,1619.473417568536,0.9990822077648961,1619.4636956256547,0.9984441997595044,1619.3303661157497,1.0020213917945793
1619.4748064172534,1.0008860597277767,1619.4748064172534,0.9990255047546622,1619.4650844748369,0.9981913219062356,1619.331754964933,1.0067984793892657
1619.4761952659712,1.005165724551118,1619.4761952659712,0.9989929673592086,1619.4664733235534,0.9987767942808422,1619.333143814116,0.9979862876457376
1619.4775841151547,0.9891885108380409,1619.4775841151547,0.9990893417932433,1619.467862172736,1.0035414452597942,1619.334532663299,0.9852870758281528
1619.4789729638712,1.0088628635000294,1619.4789729638712,0.9990141065603341,1619.4692510214538,1.001748669723854,1619.3359215124808,1.000175811611504
1619.4803618130534,1.008817605142981,1619.4803618130534,0.9990834462000728,1619.4706398706371,0.9857443763050802,1619.337310361663,0.9977627683607604
1619.4817506617703,0.9956427949047079,1619.4817506617703,0.9991034156217256,1619.4720287193538,0.9983467456230928,1619.3386992108465,1.0036488894645823
1619.4831395104873,1.0004562321120243,1619.4831395104873,0.9990992470195689,1619.473417568536,0.9851282541288544,1619.34008806003,0.988433199810746
1619.4845283596703,0.9958828918921179,1619.4845283596703,0.9990053015405816,1619.4748064172534,0.9999107010214472,1619.341476909213,0.9942947195216946
1619.4859172083873,1.0023168267019544,1619.4859172083873,0.9989375873745945,1619.4761952659712,1.0041534898570903,1619.342865758395,1.0127422982349383
1619.4873060575703,0.9986003738148179,1619.4873060575703,0.9989574641969585,1619.4775841151547,0.9882876982026167,1619.3442546075769,0.9998106644183804
1619.490083755005,1.007699002826847,1619.490083755005,0.9989653387962628,1619.4789729638712,1.007868232221382,1619.3456434567604,0.9951682048880114
1619.4914726041873,0.9985574349921567,1619.4914726041873,0.9989844266319517,1619.4803618130534,1.0078929695335537,1619.347032305944,1.0001749281360697
1619.492861452905,0.9905201929966969,1619.492861452905,0.9990140529282054,1619.4817506617703,0.9947501171284548,1619.348421155126,1.0022534060356596
1619.4942503016216,0.9917213332847399,1619.4942503016216,0.9989601982916106,1619.4831395104873,0.9995550681791584,1619.3498100038423,1.0072063732014989
1619.495639150805,1.007607135666938,1619.495639150805,0.9989443218472251,1619.4845283596703,0.9948922887137917,1619.3511988530256,0.9944908510681966
1619.497027999521,0.9985163207617491,1619.497027999521,0.9989849960019059,1619.4859172083873,1.0012519526506098,1619.3525877022082,1.0044890746029764
1619.4984168482372,0.9946726283885631,1619.4984168482372,0.9988684387893639,1619.4873060575703,0.9975592971721854,1619.3539765513915,0.996730529254794
1619.4998056974207,1.0057204055859568,1619.4998056974207,0.9988887224677032,1619.490083755005,1.0066563757635776,1619.3553654005748,0.9961667360081616
1619.5011945461383,0.999577579180313,1619.5011945461383,0.9987836717227816,1619.4914726041873,0.997543326654712,1619.356754249757,1.0049149777221476
1619.502583394856,0.9854901993125593,1619.502583394856,0.9987735500066581,1619.492861452905,0.9895435925128584,1619.3581430989395,1.0088959180308774
1619.503972244038,0.9997589397659228,1619.503972244038,0.9987514235479983,1619.4942503016216,0.9906901397481442,1619.3595319481226,0.9999302054406592
1619.5053610927546,1.001167225318336,1619.5053610927546,0.9988069154609672,1619.495639150805,1.0065434268272344,1619.3609207973052,0.9965889693062964
1619.5067499414724,1.0020917694505473,1619.5067499414724,0.998807520467572,1619.497027999521,0.9975028227040138,1619.3623096464878,0.994789873523016
1619.508138790656,0.9950411073955273,1619.508138790656,0.9987998064093054,1619.4984168482372,0.9935470954249972,1619.3636984956709,0.9904193885072352
1619.509527639373,0.9975876218341281,1619.509527639373,0.9987719433853279,1619.4998056974207,1.0046027710954566,1619.3650873443878,1.004047200966332
1619.5109164880894,0.9903233046353012,1619.5109164880894,0.9988252883330108,1619.5011945461383,0.9983617647054824,1619.3664761935709,0.992334355491758
1619.5123053372715,1.0003935210209423,1619.5123053372715,0.9988194271487352,1619.502583394856,0.984281544864174,1619.367865042753,1.0093000740624254
1619.513694185989,0.9967525435341678,1619.513694185989,0.9988572900317029,1619.503972244038,0.9985106642960528,1619.3692538919356,1.0084108220575816
1619.5150830347068,1.005560229123911,1619.5150830347068,0.9988798227268706,1619.5053610927546,0.9999727481808222,1619.3706427411191,0.9926782313148004
1619.5164718834235,1.0137025839843525,1619.5164718834235,0.9988669241309547,1619.5067499414724,1.000896795525863,1619.3720315903022,1.0074549016372432
1619.517860732606,0.9978028051461657,1619.517860732606,0.9988549379072079,1619.508138790656,0.9938468654359536,1619.3734204394848,1.0035400181071688
1619.5192495813228,1.0027206915575397,1619.5192495813228,0.9989025203337024,1619.509527639373,0.9963625277564196,1619.3748092882013,1.007486366954648
1619.5206384300402,0.9904464266516647,1619.5206384300402,0.9989741445004958,1619.5109164880894,0.9891599602952548,1619.3761981373834,0.984938850587586
1619.5220272787572,0.9917268182218237,1619.5220272787572,0.9990854220667822,1619.5123053372715,0.9992124835894438,1619.377586986567,1.0011237807529303
1619.5234161279402,1.0013026604398518,1619.5234161279402,0.99907979190872,1619.513694185989,0.9956135444667458,1619.3789758357505,0.9871019382499602
1619.5248049766572,1.0022686703093506,1619.5248049766572,0.9990033488421414,1619.5150830347068,1.0044338234084835,1619.380364684933,1.004834785336537
1619.5261938253743,0.999351358763169,1619.5261938253743,0.9989886824689244,1619.5164718834235,1.012553982048051,1619.3817535336495,1.013593288957495
1619.5275826740915,1.0005433896328007,1619.5275826740915,0.9990533085562114,1619.517860732606,0.9966602589779112,1619.3831423828317,1.001265272741779
1619.528971522809,0.9911403159075424,1619.528971522809,0.9990489623319342,1619.5192495813228,1.0016202259875795,1619.3845312320152,0.9882115833959356
1619.5303603719915,0.9991405549243851,1619.5303603719915,0.9990439648730721,1619.5206384300402,0.9894303717379198,1619.3859200811987,1.004133713599283
1619.531749220709,0.9946487984590267,1619.531749220709,0.9990284737536788,1619.5220272787572,0.9908198067580978,1619.3873089303809,0.9932423643596768
1619.5331380694258,0.9982350239772319,1619.5331380694258,0.9989880577092181,1619.5234161279402,1.0003812536298948,1619.3886977790974,1.0009529981554393
1619.5345269181428,0.9934175055656648,1619.5345269181428,0.9990462875378178,1619.5248049766572,1.0012697580786014,1619.3900866282804,1.0047587384895045
1619.5359157668593,0.9893158055815409,1619.5359157668593,0.9990766068773436,1619.5261938253743,0.9983406972143476,1619.391475477463,1.0100017574365183
1619.5373046160414,1.0072105873820696,1619.5373046160414,0.9990443774115602,1619.5275826740915,0.999596183766696,1619.3928643266463,0.9915967214634376
1619.5386934647593,0.9957130087456163,1619.5386934647593,0.9989526298093268,1619.528971522809,0.9901977041327756,1619.3942531758296,0.9969225832223666
1619.5400823134771,1.009302790495353,1619.5400823134771,0.999054104276115,1619.5303603719915,0.9981853414571392,1619.395642024546,0.9921536507855389
1619.5414711621945,0.9972419958040005,1619.5414711621945,0.999064671949053,1619.531749220709,0.9936824710454518,1619.3984197229113,1.0008942130592076
1619.542860010911,0.996471709065111,1619.542860010911,0.9990744839629514,1619.5331380694258,0.9972248677403296,1619.3998085716291,1.0026593290180768
1619.5442488596275,0.9985426034102728,1619.5442488596275,0.9991387173344572,1619.5345269181428,0.9924700709104568,1619.4011974208122,0.9960891260892064
1619.545637708811,1.0014172205649623,1619.545637708811,0.9991705825910832,1619.5359157668593,0.9884022781705316,1619.4025862699943,1.0145778203899878
1619.5470265575289,1.0063923951702594,1619.5470265575289,0.9992634299149884,1619.5373046160414,1.0062480741934514,1619.403975119177,1.0032353550014972
1619.5484154062458,1.0091683592502252,1619.5484154062458,0.9992647664522355,1619.5386934647593,0.9946701286217906,1619.4053639678943,0.9962657532164962
1619.5498042549625,0.9959058387000282,1619.5498042549625,0.9992082909862589,1619.5400823134771,1.0083480953017183,1619.4067528170765,0.9982456216656448
1619.5511931036788,1.0080145651117878,1619.5511931036788,0.9992151561437542,1619.5414711621945,0.9963092473917426,1619.408141666259,0.993888524700682
1619.5525819523957,0.9918894708057342,1619.5525819523957,0.9991583785029722,1619.542860010911,0.995549458517906,1619.409530514977,0.9892507543860818
1619.5539708011136,1.0057399270714533,1619.5539708011136,0.9992141528174623,1619.5442488596275,0.9976825759751496,1619.41091936416,0.998358570601988
1619.5553596502966,1.0110767580200144,1619.5553596502966,0.9991976383791038,1619.545637708811,1.0005866276886366,1619.4123082133426,1.004418328608552
1619.556748499013,1.002039439517422,1619.556748499013,0.9991477866342547,1619.5470265575289,1.0056511166381938,1619.4136970625248,0.9942435459061312
1619.55813734773,1.0017838981543534,1619.55813734773,0.9991917452556651,1619.5484154062458,1.008426384817162,1619.4150859112417,1.003610424303349
1619.5595261964477,1.0029500057850598,1619.5595261964477,0.9992467692298488,1619.5498042549625,0.995117371070692,1619.4164747604252,0.9981258088047704
1619.5609150451653,0.9968026524953719,1619.5609150451653,0.9992597091126858,1619.5511931036788,1.0072234310733534,1619.4178636096085,0.9915368490128248
1619.5623038938822,0.9914742811100159,1619.5623038938822,0.9992993882770266,1619.5525819523957,0.9910546753044286,1619.4192524583252,1.0013394167186445
1619.5636927425987,1.0066549635490685,1619.5636927425987,0.9992402909695887,1619.5539708011136,1.0049495691833985,1619.4206413075074,0.9951079246795056
1619.565081591316,1.0054097376010358,1619.565081591316,0.9992037293168652,1619.5553596502966,1.010265508833599,1619.4220301566895,0.9822179501276758
1619.566470440033,0.9904819338857417,1619.566470440033,0.9992951875340556,1619.556748499013,1.0011854881140614,1619.4234190054074,1.00294312851156
1619.5678592887502,1.0074543174001502,1619.5678592887502,0.9993716801268829,1619.55813734773,1.0009742015658718,1619.4248078545909,0.999213570943825
1619.5692481374674,1.0073399347038736,1619.5692481374674,0.9994740938617049,1619.5595261964477,1.002194552979779,1619.4261967033074,1.0113275142657496
1619.5706369861844,1.0034990318446861,1619.5706369861844,0.9993919923053988,1619.5609150451653,0.996064728575279,1619.4275855524895,0.9982176222903298
1619.5720258349018,1.005910459030584,1619.5720258349018,0.9994028934251702,1619.5623038938822,0.9907796426056436,1619.4289744016723,1.0003928747298434
1619.5734146836187,1.0036492084204,1619.5734146836187,0.9993983270330465,1619.5636927425987,1.0058901986827518,1619.43036325039,0.9996528621138142
1619.5748035323352,1.0059916367017283,1619.5748035323352,0.9995010652065323,1619.565081591316,1.0046091593024458,1619.4317520995735,0.9928025295124968
1619.5761923810526,1.0029013079203346,1619.5761923810526,0.9994456558432743,1619.566470440033,0.9897838298714462,1619.43314094829,0.9984108995315814
1619.5775812297704,0.9987758938232116,1619.5775812297704,0.9995570574596612,1619.5678592887502,1.00682131383127,1619.434529797472,1.0041078209730816
1619.578970078953,1.0008761691151769,1619.578970078953,0.9996264479440453,1619.5692481374674,1.006810168448863,1619.4359186466552,0.9979939670860548
1619.5803589276704,0.9993206176555274,1619.5803589276704,0.9995632561543969,1619.5706369861844,1.0028888967117997,1619.437307495372,1.001639526527845
1619.581747776387,0.9949993756308805,1619.581747776387,0.9995923277297443,1619.5720258349018,1.0053098232818067,1619.4386963445556,1.0026898429003983
1619.5831366251032,0.9959230895247624,1619.5831366251032,0.9995410434194989,1619.5734146836187,1.0030453398233892,1619.440085193273,0.989143038342698
1619.5845254733551,0.9931275790940239,1619.5845254733551,0.9995190758939857,1619.5748035323352,1.0054897124722402,1619.4414740424552,0.994055909315732
1619.585914322073,0.9893441518747935,1619.585914322073,0.999463359937161,1619.5761923810526,1.0023453554405164,1619.4428628916378,0.9900548529509506
1619.5873031707904,1.0040467333490302,1619.5873031707904,0.9994639208504573,1619.5775812297704,0.9983334934915724,1619.4442517403552,1.0017491454413958
1619.5886920195069,1.0132873422047308,1619.5886920195069,0.9995382930495192,1619.578970078953,1.0005022897644478,1619.4456405895378,0.999754054030911
1619.5900808682234,0.9993430243480209,1619.5900808682234,0.9995745066653672,1619.5803589276704,0.998884170525982,1619.447029438255,1.0008796017347108
1619.5914697169412,1.0065886242232038,1619.5914697169412,0.9996015908509654,1619.581747776387,0.994593741976514,1619.4484182874378,0.990520920222576
1619.592858565659,0.98436754670868,1619.592858565659,0.9996569813529254,1619.5831366251032,0.995466004069152,1619.4498071361547,1.0008603011944452
1619.5942474143756,1.0121022678855078,1619.5942474143756,0.999661095541753,1619.5845254733551,0.99264996010089,1619.4511959853378,0.99376857592051
1619.595636263092,1.0070056453392187,1619.595636263092,0.9996945297056312,1619.585914322073,0.988813230166962,1619.4525848340545,0.9896914727086964
1619.597025111809,0.9977811277662771,1619.597025111809,0.9997925923579424,1619.5873031707904,1.0035084848301152,1619.4539736832369,1.0033005962643669
1619.5998028092442,0.9955021847357421,1619.5998028092442,0.9998383864700182,1619.5886920195069,1.0128195003960008,1619.4553625319547,0.9994858172970082
1619.6011916579612,1.0017892814723928,1619.6011916579612,0.9997787396440534,1619.5900808682234,0.998917810552149,1619.4567513811378,1.00076189562295
1619.6025805066777,1.0073352961957742,1619.6025805066777,0.9996928293660345,1619.5914697169412,1.0061875901059991,1619.4581402298547,1.0012796801873294
1619.6039693553946,0.9958514267307184,1619.6039693553946,0.9997839880770937,1619.592858565659,0.9840298902845838,1619.4595290790369,0.9992733754347888
1619.605358204112,1.0135795027430372,1619.605358204112,0.9996817752463499,1619.5942474143756,1.0117592619147195,1619.4609179277545,0.9904289708177192
1619.606747052829,0.9986674697806474,1619.606747052829,0.9996595896547567,1619.595636263092,1.006698035028306,1619.4623067769378,0.9913511152925928
1619.6081359010807,1.0045386608166573,1619.6081359010807,0.9997253546777025,1619.597025111809,0.9975741803352776,1619.4636956256547,0.9984441997595044
1619.6095247497976,0.9956529643087917,1619.6095247497976,0.9997428067693543,1619.5998028092442,0.9953412981135624,1619.4650844748369,0.9981913219062356
1619.610913598515,0.9932858059644244,1619.610913598515,0.9997267873302236,1619.6011916579612,1.0015676252193908,1619.4664733235534,0.9987767942808422
1619.612302447232,0.998986510119251,1619.612302447232,0.9997604109336102,1619.6025805066777,1.007025872374226,1619.467862172736,1.0035414452597942
1619.6136912959485,0.9896781476349711,1619.6136912959485,0.9997750472438754,1619.6039693553946,0.9956363109491012,1619.4692510214538,1.001748669723854
1619.615080144666,0.9962920092526838,1619.615080144666,0.9997102774712525,1619.605358204112,1.013256956655472,1619.4706398706371,0.9857443763050802
1619.6164689933837,1.0096875160585648,1619.6164689933837,0.9996224676423296,1619.606747052829,0.998327513042476,1619.4720287193538,0.9983467456230928
1619.6178578421006,0.9967573807619677,1619.6178578421006,0.9996408164285551,1619.6081359010807,1.004262768972397,1619.473417568536,0.9851282541288544
1619.6192466903522,0.9995435131537646,1619.6192466903522,0.9996405351307845,1619.6095247497976,0.9953968891062992,1619.4748064172534,0.9999107010214472
1619.6206355390684,1.004679712631533,1619.6206355390684,0.9996456742883664,1619.610913598515,0.9930144276975258,1619.4761952659712,1.0041534898570903
1619.6220243877858,0.997320486690793,1619.6220243877858,0.9995685917746524,1619.612302447232,0.9987471638739556,1619.4775841151547,0.9882876982026167
1619.6234132365037,0.9929350492061002,1619.6234132365037,0.9995619651746491,1619.6136912959485,0.9894555168079844,1619.4789729638712,1.007868232221382
1619.6248020852206,1.0089144241936159,1619.6248020852206,0.9995585069794222,1619.615080144666,0.9960033610123922,1619.4803618130534,1.0078929695335537
1619.626190933937,0.9944063994997436,1619.626190933937,0.9994971860482065,1619.6164689933837,1.009306326350117,1619.4817506617703,0.9947501171284548
1619.627579782188,0.9899910921346065,1619.627579782188,0.9994720528320926,1619.6178578421006,0.9963993618860816,1619.4831395104873,0.9995550681791584
1619.628968630905,0.9992510436689782,1619.628968630905,0.9994611251499961,1619.6192466903522,0.9991842123755336,1619.4845283596703,0.9948922887137917
1619.6303574796232,0.9989716180375493,1619.6303574796232,0.9994848963723032,1619.6206355390684,1.004323728777391,1619.4859172083873,1.0012519526506098
1619.631746328341,1.0055259009823103,1619.631746328341,0.9994235913152618,1619.6220243877858,0.996890234429527,1619.4873060575703,0.9975592971721854
1619.6331351770575,1.0027728551183257,1619.6331351770575,0.9993589816058558,1619.6234132365037,0.9925001090752364,1619.490083755005,1.0066563757635776
1619.6345240253083,0.9992230042223857,1619.6345240253083,0.9993489295154294,1619.6248020852206,1.008468995516974,1619.4914726041873,0.997543326654712
1619.6359128740253,0.9986893648223752,1619.6359128740253,0.9993942626555904,1619.626190933937,0.9939063980883224,1619.492861452905,0.9895435925128584
1619.6373017227431,1.003863534676998,1619.6373017227431,0.9993978646128868,1619.627579782188,0.9894684291412604,1619.4942503016216,0.9906901397481442
1619.638690571461,0.998233187865226,1619.638690571461,0.9993432981433323,1619.628968630905,0.9987125724127048,1619.495639150805,1.0065434268272344
1619.6400794197118,1.0049615548688253,1619.6400794197118,0.9993708680723478,1619.6303574796232,0.998457044133132,1619.497027999521,0.9975028227040138
1619.6414682684283,1.0030341939425074,1619.6414682684283,0.999297458546855,1619.631746328341,1.004946307120255,1619.4984168482372,0.9935470954249972
1619.6428571171452,1.0046324943203875,1619.6428571171452,0.999196946292172,1619.6331351770575,1.0021300592730464,1619.4998056974207,1.0046027710954566
1619.6442459658626,0.9983859092292198,1619.6442459658626,0.9992442052493858,1619.6345240253083,0.9985724396168326,1619.5011945461383,0.9983617647054824
1619.645634814114,1.0086038120783265,1619.645634814114,0.9991796646685297,1619.6359128740253,0.9980844213786376,1619.502583394856,0.984281544864174
1619.647023662831,1.0087319047427523,1619.647023662831,0.9992594803427652,1619.6373017227431,1.0032590729189363,1619.503972244038,0.9985106642960528
1619.6484125115485,0.9991516072592733,1619.6484125115485,0.9993128731589956,1619.638690571461,0.9975776462773676,1619.5053610927546,0.9999727481808222
1619.6498013602657,0.9915823271676126,1619.6498013602657,0.9993570452015302,1619.6400794197118,1.0043293014685943,1619.5067499414724,1.000896795525863
1619.651190208517,1.0016170272833056,1619.651190208517,0.9993428779861573,1619.6414682684283,1.0023295208423408,1619.508138790656,0.9938468654359536
1619.652579057234,1.0040476627886794,1619.652579057234,0.9993247138096755,1619.6428571171452,1.003825720470819,1619.509527639373,0.9963625277564196
1619.6539679059513,1.0020627948410525,1619.6539679059513,0.9993213121676511,1619.6442459658626,0.9976313343999372,1619.5109164880894,0.9891599602952548
1619.6553567542026,1.0030293010664004,1619.6553567542026,0.9994093174168104,1619.645634814114,1.007776418735823,1619.5123053372715,0.9992124835894438
1619.65674560292,0.9949488583694013,1619.65674560292,0.9994789446466045,1619.647023662831,1.0079849189384105,1619.513694185989,0.9956135444667458
1619.658134451637,0.9858034967220239,1619.658134451637,0.9995568689434026,1619.6484125115485,0.9984650633716928,1619.5150830347068,1.0044338234084835
1619.6595233003534,1.0005963791437755,1619.6595233003534,0.9995294908890691,1619.6498013602657,0.9909447845522824,1619.5164718834235,1.012553982048051
1619.6609121486051,0.9957927012661298,1619.6609121486051,0.999525123651746,1619.651190208517,1.000958842685238,1619.517860732606,0.9966602589779112
1619.662300997323,0.9950255914174154,1619.662300997323,0.9996405745666523,1619.652579057234,1.0033696432675705,1619.5192495813228,1.0016202259875795
1619.66368984604,0.9945188000236753,1619.66368984604,0.9995402298507778,1619.6539679059513,1.0013827070149444,1619.5206384300402,0.9894303717379198
1619.6650786942907,1.007593264072137,1619.6650786942907,0.9995489819376807,1619.6553567542026,1.0024368291278316,1619.5220272787572,0.9908198067580978
1619.6664675430072,1.0059270945800887,1619.6664675430072,0.9994757466164985,1619.65674560292,0.9944304349403932,1619.5234161279402,1.0003812536298948
1619.6678563917246,1.000178849247232,1619.6678563917246,0.9995295520792777,1619.658134451637,0.985366656576924,1619.5248049766572,1.0012697580786014
1619.6692452399768,1.000087510823571,1619.6692452399768,0.9995161228893312,1619.6595233003534,1.000125589431024,1619.5261938253743,0.9983406972143476
1619.6706340886944,1.0093562757090113,1619.6706340886944,0.9995002126579482,1619.6609121486051,0.9953198228645346,1619.5275826740915,0.999596183766696
1619.672022936945,1.008649803714347,1619.672022936945,0.9994490916289952,1619.662300997323,0.9946679539130282,1619.528971522809,0.9901977041327756
1619.6734117856615,0.9972649169048026,1619.6734117856615,0.9994522893369207,1619.66368984604,0.9940615499665842,1619.5303603719915,0.9981853414571392
1619.674800634379,0.9979180590693343,1619.674800634379,0.9994054034802841,1619.6650786942907,1.0071388213105692,1619.531749220709,0.9936824710454518
1619.6761894826311,1.0005433687069778,1619.6761894826311,0.9993860150398653,1619.6664675430072,1.0053997338971992,1619.5331380694258,0.9972248677403296
1619.677578331348,0.9989443747313558,1619.677578331348,0.9992673772101831,1619.6678563917246,0.9997083171872534,1619.5345269181428,0.9924700709104568
1619.6789671800643,1.0062276356266717,1619.6789671800643,0.999306289336669,1619.6692452399768,0.9996035913684178,1619.5359157668593,0.9884022781705316
1619.6803560283165,0.9992882790169165,1619.6803560283165,0.9992997686673546,1619.6706340886944,1.0088518122187915,1619.5373046160414,1.0062480741934514
1619.6817448770332,0.9936186334632409,1619.6817448770332,0.9992957488835322,1619.672022936945,1.0080941300940685,1619.5386934647593,0.9946701286217906
1619.683133725285,0.999689903223286,1619.683133725285,0.999288238661067,1619.6734117856615,0.9967187042758988,1619.5400823134771,1.0083480953017183
1619.684522574002,1.0080934674708038,1619.684522574002,0.9992278228002106,1619.674800634379,0.99732470046445,1619.5414711621945,0.9963092473917426
1619.6859114222536,1.007517105408517,1619.6859114222536,0.9992079510265459,1619.6761894826311,0.9999290501266292,1619.542860010911,0.995549458517906
1619.6873002709706,1.0035543100591189,1619.6873002709706,0.9991911444521758,1619.677578331348,0.9982125253166682,1619.5442488596275,0.9976825759751496
1619.6886891196875,0.9855758047980699,1619.6886891196875,0.999304973114329,1619.6789671800643,1.005529604786099,1619.545637708811,1.0005866276886366
1619.6900779679393,0.9990043732481071,1619.6900779679393,0.9992862746571505,1619.6803560283165,0.9985885460536036,1619.5470265575289,1.0056511166381938
1619.6914668166562,1.0149228499924108,1619.6914668166562,0.999214957680623,1619.6817448770332,0.9929188764312812,1619.5484154062458,1.008426384817162
1619.692855664908,1.0152637704094256,1619.692855664908,0.9992342643070583,1619.683133725285,0.99897836259925,1619.5498042549625,0.995117371070692
1619.6942445136249,1.0038426638834355,1619.6942445136249,0.9992315892699637,1619.684522574002,1.0073150406799662,1619.5511931036788,1.0072234310733534
1619.6956333618766,0.9871295782913428,1619.6956333618766,0.9991699469166103,1619.6859114222536,1.0067191025194409,1619.5525819523957,0.9910546753044286
1619.697022210593,1.0017111248387516,1619.697022210593,0.9991838730786633,1619.6873002709706,1.0027425795878846,1619.5539708011136,1.0049495691833985
1619.698411058844,1.0013132171468104,1619.698411058844,0.9990865657310786,1619.6886891196875,0.9848908031158684,1619.5553596502966,1.010265508833599
1619.6997999075618,1.0036437688445174,1619.6997999075618,0.9991100049584835,1619.6900779679393,0.9982913585093024,1619.556748499013,1.0011854881140614
1619.701188755814,0.9969442196142617,1619.701188755814,0.9990390110357504,1619.6914668166562,1.014126092604264,1619.55813734773,1.0009742015658718
1619.702577604531,1.0071578042122296,1619.702577604531,0.9990324301117159,1619.692855664908,1.0144863467026726,1619.5595261964477,1.002194552979779
1619.7039664527815,1.000464895932536,1619.7039664527815,0.9990299352593762,1619.6942445136249,1.0030713004092393,1619.5609150451653,0.996064728575279
1619.7053553014982,0.9973584106241046,1619.7053553014982,0.9990767737596357,1619.6956333618766,0.986310208341177,1619.5623038938822,0.9907796426056436
1619.7067441497504,1.0048801223070511,1619.7067441497504,0.9991241210995095,1619.697022210593,1.0008936014223682,1619.5636927425987,1.0058901986827518
1619.7081329984685,0.9965903300627542,1619.7081329984685,0.9991516197488792,1619.698411058844,1.0003985833403446,1619.565081591316,1.0046091593024458
1619.7095218467196,0.9992294987665865,1619.7095218467196,0.999213823404286,1619.6997999075618,1.0027505308667968,1619.566470440033,0.9897838298714462
1619.710910695436,0.9934714767783288,1619.710910695436,0.9992440220588464,1619.701188755814,0.99598616722124,1619.5678592887502,1.00682131383127
1619.7122995436869,0.9897703935593398,1619.7122995436869,0.9993544196505083,1619.702577604531,1.0061833086481236,1619.5692481374674,1.006810168448863
1619.7136883924045,1.0013356909246243,1619.7136883924045,0.9993639876601288,1619.7039664527815,0.99949438021276,1619.5706369861844,1.0028888967117997
1619.7150772406565,1.003549595221285,1619.7150772406565,0.9993691324324399,1619.7053553014982,0.9964376231683684,1619.5720258349018,1.0053098232818067
1619.7164660893734,1.001115435757074,1619.7164660893734,0.9993566499827731,1619.7067441497504,1.0039999690104002,1619.5734146836187,1.0030453398233892
1619.7178549376242,1.0101775230558996,1619.7178549376242,0.9993274977895951,1619.7081329984685,0.995744842508271,1619.5748035323352,1.0054897124722402
1619.7192437863416,1.0046881865635502,1619.7192437863416,0.9993969766272963,1619.7095218467196,0.9984439279209092,1619.5761923810526,1.0023453554405164
1619.720632634593,1.0076605385850246,1619.720632634593,0.9993941009773748,1619.710910695436,0.9927204342567192,1619.5775812297704,0.9983334934915724
1619.722021482845,1.0085844197492975,1619.722021482845,0.9992998132375335,1619.7122995436869,0.9891314172427492,1619.578970078953,1.0005022897644478
1619.7234103315625,0.9962594176702401,1619.7234103315625,0.9992667743427844,1619.7136883924045,1.0006988290688428,1619.5803589276704,0.998884170525982
1619.7247991798129,1.0026605073323727,1619.7247991798129,0.999286531923277,1619.7150772406565,1.0029164883292216,1619.581747776387,0.994593741976514
1619.7261880285305,0.987369554042997,1619.7261880285305,0.9993057314043764,1619.7164660893734,1.0004713681242334,1619.5831366251032,0.995466004069152
1619.7275768767815,0.9874418497013198,1619.7275768767815,0.9993438554584054,1619.7178549376242,1.0094981764387432,1619.5845254733551,0.99264996010089
1619.7289657250333,1.0043316434577936,1619.7289657250333,0.9992325625270724,1619.7192437863416,1.004082336104773,1619.585914322073,0.988813230166962
1619.7303545737502,0.9950971398351816,1619.7303545737502,0.9993023509718092,1619.720632634593,1.007049998049558,1619.5873031707904,1.0035084848301152
1619.731743422002,1.0042252992090173,1619.731743422002,0.9993004131112782,1619.722021482845,1.007878222289759,1619.5886920195069,1.0128195003960008
1619.733132270719,1.0012242035321812,1619.733132270719,0.9992518182994182,1619.7234103315625,0.9955289347039616,1619.5900808682234,0.998917810552149
1619.7345211189706,1.002111166050206,1619.7345211189706,0.9992168557633893,1619.7247991798129,1.0019451410686002,1619.5914697169412,1.0061875901059991
1619.7359099672217,0.9907818525432791,1619.7359099672217,0.9992729584772926,1619.7261880285305,0.98668405436935,1619.592858565659,0.9840298902845838
1619.7372988159384,1.0064855912318207,1619.7372988159384,0.9993787344796604,1619.7275768767815,0.9867939451214962,1619.5942474143756,1.0117592619147195
1619.7386876641906,1.0001609921257295,1619.7386876641906,0.9993705274357652,1619.7289657250333,1.003560881719357,1619.595636263092,1.006698035028306
1619.740076512442,0.9906506598168842,1619.740076512442,0.9994568810315699,1619.7303545737502,0.99440291128262,1619.597025111809,0.9975741803352776
1619.7414653611593,0.9957481368453879,1619.7414653611593,0.9994563576301932,1619.731743422002,1.0035227563563678,1619.5984139605264,1.0209086014760564
1619.74285420941,0.9999172379395406,1619.74285420941,0.9993787846048889,1619.733132270719,1.0004751059049188,1619.5998028092442,0.9953412981135624
1619.744243057661,0.990380596919387,1619.744243057661,0.9994231004312298,1619.7345211189706,1.0013263684660705,1619.6011916579612,1.0015676252193908
1619.7456319063788,0.9933512208293162,1619.7456319063788,0.999453177714111,1619.7359099672217,0.9900615129965352,1619.6025805066777,1.007025872374226
1619.747020754631,0.9981052113756826,1619.747020754631,0.9993522782203856,1619.7372988159384,1.0058602964372698,1619.6039693553946,0.9956363109491012
1619.7484096028818,0.9974146136245556,1619.7484096028818,0.9993542744132605,1619.7386876641906,0.9995314182213684,1619.605358204112,1.013256956655472
1619.7497984515985,0.9934512470727926,1619.7497984515985,0.9993733430831826,1619.740076512442,0.9901126186524498,1619.606747052829,0.998327513042476
1619.7511872998496,0.9978335448108251,1619.7511872998496,0.9993722254156558,1619.7414653611593,0.9952068059685426,1619.6081359010807,1.004262768972397
1619.7525761481018,0.9961809571287744,1619.7525761481018,0.9994045566072232,1619.74285420941,0.9992960739574956,1619.6095247497976,0.9953968891062992
1619.7539649968196,0.9952539115111849,1619.7539649968196,0.999416096278177,1619.744243057661,0.9898092467801058,1619.610913598515,0.9930144276975258
1619.7553538450704,1.0014791733787936,1619.7553538450704,0.9994480010963905,1619.7456319063788,0.9928080342440516,1619.612302447232,0.9987471638739556
1619.7567426933213,0.9933388892256428,1619.7567426933213,0.9995028031843022,1619.747020754631,0.997458716891928,1619.6136912959485,0.9894555168079844
1619.7581315415723,0.9941884431575064,1619.7581315415723,0.9994286603557515,1619.7484096028818,0.9967705574879504,1619.615080144666,0.9960033610123922
1619.75952039029,0.9922333163151211,1619.75952039029,0.9994545159334142,1619.7497984515985,0.9928286939772936,1619.6164689933837,1.009306326350117
1619.760909238542,1.0016301077365213,1619.760909238542,0.9994797737973724,1619.7511872998496,0.9972071302719868,1619.6178578421006,0.9963993618860816
1619.7622980867934,0.9924428232320901,1619.7622980867934,0.9995266133402108,1619.7525761481018,0.995587787759842,1619.6192466903522,0.9991842123755336
1619.76368693551,0.9924072098083204,1619.76368693551,0.9995074931313216,1619.7539649968196,0.9946727790480946,1619.6206355390684,1.004323728777391
1619.7650757837616,0.9992477121629447,1619.7650757837616,0.9995426698019605,1619.7553538450704,1.0009263579731007,1619.6220243877858,0.996890234429527
1619.766464632013,0.9962536819117855,1619.766464632013,0.9995492765339756,1619.7567426933213,0.992845004293011,1619.6234132365037,0.9925001090752364
1619.7678534802646,0.992871788164269,1619.7678534802646,0.9994629526383565,1619.7581315415723,0.9936204238860769,1619.6248020852206,1.008468995516974
1619.769242328516,1.0024084134056153,1619.769242328516,0.9994221801312116,1619.75952039029,0.9916920688507356,1619.626190933937,0.9939063980883224
1619.770631177233,0.9948646716524001,1619.770631177233,0.9993958879962848,1619.760909238542,1.001109033509136,1619.627579782188,0.9894684291412604
1619.7720200254846,1.002169709454382,1619.7720200254846,0.9993877589695102,1619.7622980867934,0.9919730140389684,1619.628968630905,0.9987125724127048
1619.773408873736,0.9996058400456573,1619.773408873736,0.999337941974176,1619.76368693551,0.9919184424409638,1619.6303574796232,0.998457044133132
1619.7747977219867,1.0117309476201863,1619.7747977219867,0.9993857577359659,1619.7650757837616,0.9987907260088508,1619.631746328341,1.004946307120255
1619.776186570704,1.0002895997552597,1619.776186570704,0.9994484396109853,1619.766464632013,0.9958046469992348,1619.6331351770575,1.0021300592730464
1619.7775754189563,0.9968994588650868,1619.7775754189563,0.9993997041672258,1619.7678534802646,0.9923385689899852,1619.6345240253083,0.9985724396168326
1619.7789642672076,0.9999326176359059,1619.7789642672076,0.9993031971205075,1619.769242328516,1.0018292019077089,1619.6359128740253,0.9980844213786376
1619.780353115459,1.0034488965061072,1619.780353115459,0.9993370172684923,1619.770631177233,0.9942636619621826,1619.6373017227431,1.0032590729189363
1619.78174196371,1.0104418496214855,1619.78174196371,0.9993626163729017,1619.7720200254846,1.0015561400387398,1619.638690571461,0.9975776462773676
1619.7831308119614,1.003230254639624,1619.7831308119614,0.999386813395942,1619.773408873736,0.9989440429765946,1619.6400794197118,1.0043293014685943
1619.7845196606793,0.9942184277864281,1619.7845196606793,0.9994867646993253,1619.7747977219867,1.0111094997123269,1619.6414682684283,1.0023295208423408
1619.785908508931,0.9898867707833042,1619.785908508931,0.9994228442803703,1619.776186570704,0.9997378796344912,1619.6428571171452,1.003825720470819
1619.7872973571818,1.010755340838182,1619.7872973571818,0.999505227534944,1619.7775754189563,0.9963010242742352,1619.6442459658626,0.9976313343999372
1619.788686205433,0.9944251330449959,1619.788686205433,0.9995736238032152,1619.7789642672076,0.9992358617086388,1619.645634814114,1.007776418735823
1619.790075053684,0.9844513772631244,1619.790075053684,0.9996844488224755,1619.780353115459,1.0027836272157733,1619.647023662831,1.0079849189384105
1619.791463901936,0.9983402753816696,1619.791463901936,0.9995955945995311,1619.78174196371,1.009797810530402,1619.6484125115485,0.9984650633716928
1619.792852750654,1.0022996705651308,1619.792852750654,0.9995914307223136,1619.7831308119614,1.0026150872866932,1619.6498013602657,0.9909447845522824
1619.7942415989048,0.9943099578299697,1619.7942415989048,0.9996218803590723,1619.7845196606793,0.9937081597927068,1619.651190208517,1.000958842685238
1619.7956304471556,0.996255419463212,1619.7956304471556,0.9995979441861274,1619.785908508931,0.9893154519717609,1619.652579057234,1.0033696432675705
1619.797019295407,0.9956118797206222,1619.797019295407,0.9995067247815215,1619.7872973571818,1.0102552469266268,1619.6539679059513,1.0013827070149444
1619.7984081436591,1.0123282673241554,1619.7984081436591,0.9995016994394638,1619.788686205433,0.994001133838781,1619.6553567542026,1.0024368291278316
1619.7997969919109,1.001146469597562,1619.7997969919109,0.9994903529295869,1619.790075053684,0.9841407324718134,1619.65674560292,0.9944304349403932
1619.8011858401617,0.9885307109707248,1619.8011858401617,0.999452225874495,1619.791463901936,0.9979365411827996,1619.658134451637,0.985366656576924
1619.802574688413,0.9902380927805657,1619.802574688413,0.9993869795515863,1619.792852750654,1.0018901617127027,1619.6595233003534,1.000125589431024
1619.8039635366647,0.9977368393126628,1619.8039635366647,0.9994477698035715,1619.7942415989048,0.9939339897057442,1619.6609121486051,0.9953198228645346
1619.8053523853816,1.004534832949429,1619.8053523853816,0.999410316315071,1619.7956304471556,0.9958548691797148,1619.662300997323,0.9946679539130282
1619.8067412336334,1.0069319700622728,1619.8067412336334,0.9994827925548786,1619.797019295407,0.9951207690531332,1619.66368984604,0.9940615499665842
1619.8081300818849,1.000890589378907,1619.8081300818849,0.9994793029993111,1619.7984081436591,1.011823823581101,1619.6650786942907,1.0071388213105692
1619.809518930136,0.9945427513933858,1619.809518930136,0.9994262324833671,1619.7997969919109,1.000636238232277,1619.6664675430072,1.0053997338971992
1619.8109077783877,1.0005811159568427,1619.8109077783877,0.9994196290638622,1619.8011858401617,0.987989219424988,1619.6678563917246,0.9997083171872534
1619.812296626639,0.9944910260144505,1619.812296626639,0.9993173513472858,1619.802574688413,0.989631056580893,1619.6692452399768,0.9996035913684178
1619.8136854748898,1.0118439908962051,1619.8136854748898,0.9993518152243905,1619.8039635366647,0.9971858589019053,1619.6706340886944,1.0088518122187915
1619.8150743231415,1.0035249976663756,1619.8150743231415,0.9994515972406848,1619.8053523853816,1.003942475147496,1619.672022936945,1.0080941300940685
1619.8164631713937,0.9969940229222092,1619.8164631713937,0.9994899786862007,1619.8067412336334,1.0064111773506257,1619.6734117856615,0.9967187042758988
1619.817852019645,0.9952790125273766,1619.817852019645,0.9994270803882843,1619.8081300818849,1.0003694286509996,1619.674800634379,0.99732470046445
1619.8192408678958,1.006767034698652,1619.8192408678958,0.9993301486850332,1619.809518930136,0.9939721150687336,1619.6761894826311,0.9999290501266292
1619.8206297161466,0.9994442708024255,1619.8206297161466,0.9992636789169277,1619.8109077783877,1.000000407757893,1619.677578331348,0.9982125253166682
1619.8220185643988,1.0055663649264217,1619.8220185643988,0.9992601023347935,1619.812296626639,0.9938121380554054,1619.6789671800643,1.005529604786099
1619.823407412651,0.9864223971061559,1619.823407412651,0.9992008987693524,1619.8136854748898,1.0111881290260143,1619.6803560283165,0.9985885460536036
1619.8247962609023,1.008416432073626,1619.8247962609023,0.9991802686795077,1619.8150743231415,1.0029746617886135,1619.6817448770332,0.9929188764312812
1619.8261851091531,0.9981067756266341,1619.8261851091531,0.9992105176812001,1619.8164631713937,0.9964855347207884,1619.683133725285,0.99897836259925
1619.827573957404,1.0024083467713027,1619.827573957404,0.9991849592662464,1619.817852019645,0.9947087976619706,1619.684522574002,1.0073150406799662
1619.8289628056557,0.9989838161484585,1619.8289628056557,0.9990935677599803,1619.8192408678958,1.006092650476594,1619.6859114222536,1.0067191025194409
1619.830351653908,1.0097074142753093,1619.830351653908,0.9991144611154094,1619.8206297161466,0.9987083589144778,1619.6873002709706,1.0027425795878846
1619.83174050216,1.004759894602305,1619.83174050216,0.99909744172958,1619.8220185643988,1.0048223487208023,1619.6886891196875,0.9848908031158684
1619.833129350411,0.9987636526717184,1619.833129350411,0.9991140954835488,1619.823407412651,0.98563414575469,1619.6900779679393,0.9982913585093024
1619.8345181986615,1.0030524397696066,1619.8345181986615,0.9991819201967025,1619.8247962609023,1.007589801540156,1619.6914668166562,1.014126092604264
1619.835907046913,0.9977201204195737,1619.835907046913,0.999186404336048,1619.8261851091531,0.9973187879750024,1619.692855664908,1.0144863467026726
1619.8372958951652,1.0065503925332657,1619.8372958951652,0.9991819257802748,1619.827573957404,1.0015913431368295,1619.6942445136249,1.0030713004092393
1619.838684743417,1.0056300529586866,1619.838684743417,0.9992926449903113,1619.8289628056557,0.9980783050102436,1619.6956333618766,0.986310208341177
1619.8400735916678,1.006880422294376,1619.8400735916678,0.999255071211956,1619.830351653908,1.008813279097909,1619.697022210593,1.0008936014223682
1619.841462439919,0.9822835279902369,1619.841462439919,0.9992383415235863,1619.83174050216,1.0038530402496455,1619.698411058844,1.0003985833403446
1619.8428512881703,1.016921143414416,1619.8428512881703,0.9992202349602289,1619.833129350411,0.9978788434409492,1619.6997999075618,1.0027505308667968
1619.8442401359564,1.0037939918066363,1619.8442401359564,0.9992057701693149,1619.8345181986615,1.0022318628269828,1619.701188755814,0.99598616722124
1619.8456289842077,1.0132121378068142,1619.8456289842077,0.9991956209387604,1619.835907046913,0.9969083796557626,1619.702577604531,1.0061833086481236
1619.8470178324594,0.9958838837220062,1619.8470178324594,0.9991527297651692,1619.8372958951652,1.00572695960628,1619.7039664527815,0.99949438021276
1619.8484066807107,0.9941311658848558,1619.8484066807107,0.9990718393894026,1619.838684743417,1.0049187155028327,1619.7053553014982,0.9964376231683684
1619.8497955289624,1.0023279861063492,1619.8497955289624,0.999054407727262,1619.8400735916678,1.0061303680816909,1619.7067441497504,1.0039999690104002
1619.8511843772133,0.9985486067267206,1619.8511843772133,0.9990302825355462,1619.841462439919,0.9815353634149016,1619.7081329984685,0.995744842508271
1619.8525732254643,1.0093981319684193,1619.8525732254643,0.999028009313945,1619.8428512881703,1.0161281838585776,1619.7095218467196,0.9984439279209092
1619.8539620737167,0.9932334921532523,1619.8539620737167,0.9990410945324585,1619.8442401359564,1.002996748674481,1619.710910695436,0.9927204342567192
1619.8553509219685,1.0043260008004777,1619.8553509219685,0.9989501184821284,1619.8456289842077,1.0123971311785684,1619.7122995436869,0.9891314172427492
1619.856739769754,1.0053419831935047,1619.856739769754,0.998978773959776,1619.8470178324594,0.9950401009499809,1619.7136883924045,1.0006988290688428
1619.858128618005,0.9893108475923013,1619.858128618005,0.9989984254606071,1619.8484066807107,0.9932084524949142,1619.7150772406565,1.0029164883292216
1619.8595174662555,1.0193664057610656,1619.8595174662555,0.9989875595105672,1619.8497955289624,1.001380192507938,1619.7164660893734,1.0004713681242334
1619.860906314508,1.0025101541072772,1619.860906314508,0.9989274382133374,1619.8511843772133,0.9975802967036717,1619.7178549376242,1.0094981764387432
1619.86229516276,1.012772519963385,1619.86229516276,0.9989677810742771,1619.8525732254643,1.0084170063856246,1619.7192437863416,1.004082336104773
1619.8636840110114,0.9990240911058255,1619.8636840110114,0.9988692115481966,1619.8539620737167,0.9922810751270812,1619.720632634593,1.007049998049558
1619.8650728592622,1.0033881034577037,1619.8650728592622,0.9988174559474974,1619.8553509219685,1.0032715774943195,1619.722021482845,1.007878222289759
1619.8664617070474,0.997110595939325,1619.8664617070474,0.9988263072463514,1619.856739769754,1.004315301780937,1619.7234103315625,0.9955289347039616
1619.8678505552996,0.9987245556112487,1619.8678505552996,0.9988541436971334,1619.858128618005,0.9883199790358076,1619.7247991798129,1.0019451410686002
1619.8692394035518,1.0022770512491124,1619.8692394035518,0.9987951053915332,1619.8595174662555,1.0183343579383055,1619.7261880285305,0.98668405436935
1619.8706282518026,1.0034774023150619,1619.8706282518026,0.9988672031002476,1619.860906314508,1.0014349000252405,1619.7275768767815,0.9867939451214962
1619.8720171000534,0.9894241380059475,1619.8720171000534,0.998875453020092,1619.86229516276,1.0117271170008266,1619.7289657250333,1.003560881719357
1619.8734059478395,0.9981858912815454,1619.8734059478395,0.9989203311050001,1619.8636840110114,0.9978944062005296,1619.7303545737502,0.99440291128262
1619.8747947960908,0.996505227430049,1619.8747947960908,0.9989715218276992,1619.8650728592622,1.002201552823608,1619.731743422002,1.0035227563563678
1619.876183644343,1.0085077494360262,1619.876183644343,0.9990367628409035,1619.8664617070474,0.9959402944582848,1619.733132270719,1.0004751059049188
1619.8775724925945,0.9986387705343307,1619.8775724925945,0.9990260334137882,1619.8678505552996,0.997580160784374,1619.7345211189706,1.0013263684660705
1619.878961340845,0.9949499912558818,1619.878961340845,0.999022966354549,1619.8692394035518,1.0010694130338722,1619.7359099672217,0.9900615129965352
1619.8803501886312,1.0027233806861993,1619.8803501886312,0.9991220081363047,1619.8706282518026,1.0023406662247478,1619.7372988159384,1.0058602964372698
1619.8817390368824,1.0059791187074414,1619.8817390368824,0.9991120864718815,1619.8720171000534,0.9883114840797048,1619.7386876641906,0.9995314182213684
1619.8831278851342,0.997187868148324,1619.8831278851342,0.9991400965322714,1619.8734059478395,0.997108181023301,1619.740076512442,0.9901126186524498
1619.8845167333857,1.0068670997112041,1619.8845167333857,0.9992101113969991,1619.8747947960908,0.9954803435550535,1619.7414653611593,0.9952068059685426
1619.8859055811715,1.0020334318041744,1619.8859055811715,0.9992135958194203,1619.876183644343,1.0075363172965326,1619.74285420941,0.9992960739574956
1619.8872944294228,1.0039142326328903,1619.8872944294228,0.9991497262806234,1619.8775724925945,0.9976661297401346,1619.744243057661,0.9898092467801058
1619.8886832776743,1.0179638972282554,1619.8886832776743,0.999272324382166,1619.878961340845,0.9939778916388836,1619.7456319063788,0.9928080342440516
1619.8900721259254,1.00189429349154,1619.8900721259254,0.9992870404456101,1619.8803501886312,1.0018429977164198,1619.747020754631,0.997458716891928
1619.891460973711,1.0061214120874378,1619.891460973711,0.9992415770033275,1619.8817390368824,1.0050858962389364,1619.7484096028818,0.9967705574879504
1619.8928498219632,0.9892361027703671,1619.8928498219632,0.9992528004113927,1619.8831278851342,0.9963303828425264,1619.7497984515985,0.9928286939772936
1619.8942386702147,1.0000502716202062,1619.8942386702147,0.9992635768268183,1619.8845167333857,1.0060717868644058,1619.7511872998496,0.9972071302719868
1619.8956275180003,0.9952110778168664,1619.8956275180003,0.9993169381121525,1619.8859055811715,1.0012454285243229,1619.7525761481018,0.995587787759842
1619.8970163662514,1.0063087943785463,1619.8970163662514,0.9992995095539042,1619.8872944294228,1.0030606307443743,1619.7539649968196,0.9946727790480946
1619.8984052145026,1.0011445067374602,1619.8984052145026,0.9992479374996542,1619.8886832776743,1.0172231497204072,1619.7553538450704,1.0009263579731007
1619.8997940627548,1.004512374177418,1619.8997940627548,0.999190661345087,1619.8900721259254,1.0011799833825066,1619.7567426933213,0.992845004293011
1619.901182910541,1.000631297194165,1619.901182910541,0.9990886048174192,1619.891460973711,1.005358346471066,1619.7581315415723,0.9936204238860769
1619.9025717587915,0.9968107627509394,1619.9025717587915,0.9990270718019169,1619.8928498219632,0.9884969459613416,1619.75952039029,0.9916920688507356
1619.9039606070426,0.9906304195917196,1619.9039606070426,0.9990464097661026,1619.8942386702147,0.9993138114258384,1619.760909238542,1.001109033509136
1619.9053494548282,1.0069145192598756,1619.9053494548282,0.9990836154564418,1619.8956275180003,0.994531287059246,1619.7622980867934,0.9919730140389684
1619.9067383030804,1.0135411988570593,1619.9067383030804,0.9989797070233929,1619.8970163662514,1.005603884682262,1619.76368693551,0.9919184424409638
1619.9081271513326,0.9987948536474742,1619.9081271513326,0.9988671925078901,1619.8984052145026,1.0003915834965158,1619.7650757837616,0.9987907260088508
1619.9095159991175,1.006964703904072,1619.9095159991175,0.9988524790211248,1619.8997940627548,1.0036993834836578,1619.766464632013,0.9958046469992348
1619.9109048473686,0.9897708007546836,1619.9109048473686,0.9988325205756111,1619.901182910541,0.9997193266503628,1619.7678534802646,0.9923385689899852
1619.9122936951542,1.0057700258468385,1619.9122936951542,0.9988635641077191,1619.9025717587915,0.9958409374517062,1619.769242328516,1.0018292019077089
1619.9136825434064,1.0179517623567085,1619.9136825434064,0.9987408674305932,1619.9039606070426,0.9896857640981952,1619.770631177233,0.9942636619621826
1619.9150713916586,1.009692946088039,1619.9150713916586,0.9987226458141335,1619.9053494548282,1.0059917983577416,1619.7720200254846,1.0015561400387398
1619.9164602394435,0.9982106998921201,1619.9164602394435,0.9987209439765191,1619.9067383030804,1.0125070898903634,1619.773408873736,0.9989440429765946
1619.9178490876943,1.0059613029413998,1619.9178490876943,0.9987971306552968,1619.9081271513326,0.9976634113541816,1619.7747977219867,1.0111094997123269
1619.9192379359465,1.0041487147150496,1619.9192379359465,0.9987059979265785,1619.9095159991175,1.0058091907813551,1619.776186570704,0.9997378796344912
1619.920626783732,0.998527609127204,1619.920626783732,0.9987101746895543,1619.9109048473686,0.9886152637099416,1619.7775754189563,0.9963010242742352
1619.9220156319836,0.9976661692000631,1619.9220156319836,0.9986811838451043,1619.9122936951542,1.004627032690086,1619.7789642672076,0.9992358617086388
1619.9234044797693,1.0077357494742596,1619.9234044797693,0.9987245074842945,1619.9136825434064,1.01667002613864,1619.780353115459,1.0027836272157733
1619.924793328021,0.9960770083250524,1619.924793328021,0.9986633116898184,1619.9150713916586,1.0084032105769136,1619.78174196371,1.009797810530402
1619.9261821758066,0.9888444872794622,1619.9261821758066,0.9985934513821566,1619.9164602394435,0.99693393248372,1619.7831308119614,1.0026150872866932
1619.927571024058,0.9918565762883936,1619.927571024058,0.9986712609171715,1619.9178490876943,1.004751262928134,1619.7845196606793,0.9937081597927068
1619.9289598723096,1.0060875550729842,1619.9289598723096,0.9987152270355202,1619.9192379359465,1.0028493441961848,1619.785908508931,0.9893154519717609
1619.9303487200953,1.00223236911491,1619.9303487200953,0.998740227351341,1619.920626783732,0.9972396829437729,1619.7872973571818,1.0102552469266268
1619.931737568347,1.008504352272041,1619.931737568347,0.9986959849017186,1619.9220156319836,0.9963504309389292,1619.788686205433,0.994001133838781
1619.9331264161326,0.993607628196164,1619.9331264161326,0.9985737395318351,1619.9234044797693,1.0064503900679964,1619.790075053684,0.9841407324718134
1619.9345152643834,0.9934925983863857,1619.9345152643834,0.9985158831147871,1619.924793328021,0.9947455638319836,1619.791463901936,0.9979365411827996
1619.9359041121686,1.0073060669491862,1619.9359041121686,0.9985552704282233,1619.9261821758066,0.9874536294326172,1619.792852750654,1.0018901617127027
1619.9372929604208,0.9960439931423537,1619.9372929604208,0.9985933870494293,1619.927571024058,0.9905386576909188,1619.7942415989048,0.9939339897057442
1619.938681808207,1.015704079712841,1619.938681808207,0.9986395096862605,1619.9289598723096,1.0047949609823268,1619.7956304471556,0.9958548691797148
1619.940070656459,1.0078432957136971,1619.940070656459,0.9985379614117877,1619.9303487200953,1.0009697841886984,1619.797019295407,0.9951207690531332
1619.9414595042442,1.0037819269067423,1619.9414595042442,0.9984603122034175,1619.931737568347,1.0071892473699957,1619.7984081436591,1.011823823581101
1619.942848352495,1.000540394998623,1619.942848352495,0.9984097402393521,1619.9331264161326,0.9921904849152008,1619.7997969919109,1.000636238232277
1619.9442372002816,0.9951519444153503,1619.9442372002816,0.9985112803767766,1619.9345152643834,0.9920181392457864,1619.8011858401617,0.987989219424988
1619.9456260485335,0.9970278955459917,1619.9456260485335,0.998397053947587,1619.9359041121686,1.0058507820864346,1619.802574688413,0.989631056580893
1619.9470148963194,0.9920919553932973,1619.9470148963194,0.9984109618729827,1619.9372929604208,0.9946429447622616,1619.8039635366647,0.9971858589019053
1619.9484037445702,0.9859625568556538,1619.9484037445702,0.9983345502308512,1619.938681808207,1.014322224150766,1619.8053523853816,1.003942475147496
1619.9497925923554,0.9997650536626129,1619.9497925923554,0.9983992519713978,1619.940070656459,1.0063697899244928,1619.8067412336334,1.0064111773506257
1619.951181440607,1.01005538661699,1619.951181440607,0.9983514207685396,1619.9414595042442,1.0022364161234538,1619.8081300818849,1.0003694286509996
1619.9525702883932,0.9929641516147969,1619.9525702883932,0.9983315264970013,1619.942848352495,0.998949275869554,1619.809518930136,0.9939721150687336
1619.953959136645,0.9967572838967236,1619.953959136645,0.9982363903381621,1619.9442372002816,0.9936704421876102,1619.8109077783877,1.000000407757893
1619.95534798443,1.0036140432669678,1619.95534798443,0.9981850875621021,1619.9456260485335,0.9954297136166806,1619.812296626639,0.9938121380554054
1619.9567368326814,0.9961916744096143,1619.9567368326814,0.9980751909987596,1619.9470148963194,0.9905154834506702,1619.8136854748898,1.0111881290260143
1619.9581256804674,1.0090659251929655,1619.9581256804674,0.9980365329231298,1619.9484037445702,0.9843204857429492,1619.8150743231415,1.0029746617886135
1619.9595145287187,1.0048131202604158,1619.9595145287187,0.9979795520179866,1619.9497925923554,0.998164681723897,1619.8164631713937,0.9964855347207884
1619.9609033765048,1.0010133511799135,1619.9609033765048,0.9979158817877735,1619.951181440607,1.0083902302839884,1619.817852019645,0.9947087976619706
1619.9622922242904,0.9938220700593967,1619.9622922242904,0.9979764266825939,1619.9525702883932,0.9913074172384,1619.8192408678958,1.006092650476594
1619.9636810725417,1.0070425946926904,1619.9636810725417,0.9979253233779608,1619.953959136645,0.994999393120336,1619.8206297161466,0.9987083589144778
1619.9650699203278,0.9987789724808388,1619.9650699203278,0.9978028286819918,1619.95534798443,1.0017925716569935,1619.8220185643988,1.0048223487208023
1619.9664587685786,1.0033188958073203,1619.9664587685786,0.9976722060168337,1619.9567368326814,0.99427419570775,1619.823407412651,0.98563414575469
1619.9678476163642,1.0012419354771704,1619.9678476163642,0.9977553213049568,1619.9581256804674,1.0070846574704575,1619.8247962609023,1.007589801540156
1619.9692364646164,1.0074323132898442,1619.9692364646164,0.9976880280001138,1619.9595145287187,1.002782947619285,1619.8261851091531,0.9973187879750024
1619.9706253124025,1.0193143223759333,1619.9706253124025,0.997580289237401,1619.9609033765048,0.9989271210240376,1619.827573957404,1.0015913431368295
1619.972014160188,1.0034562900202764,1619.972014160188,0.9974596156771901,1619.9622922242904,0.9918109982361752,1619.8289628056557,0.9980783050102436
1619.973403008439,1.0010252793133905,1619.973403008439,0.9974399622646762,1619.9636810725417,1.0049533069640837,1619.830351653908,1.008813279097909
1619.974791856224,0.9921745626490646,1619.974791856224,0.9974082811829279,1619.9650699203278,0.9965844839694742,1619.83174050216,1.0038530402496455
1619.9761807040106,1.0020005903824531,1619.9761807040106,0.9973193993430646,1619.9664587685786,1.000983376118463,1619.833129350411,0.9978788434409492
1619.9775695522628,0.9908090524780719,1619.9775695522628,0.9973693823756835,1619.9678476163642,0.998994469036021,1619.8345181986615,1.0022318628269828
1619.978958400049,0.9981017395606483,1619.978958400049,0.997326364742083,1619.9692364646164,1.0051031579897374,1619.835907046913,0.9969083796557626
1619.9803472478338,0.9911875927700295,1619.9803472478338,0.9974179652507941,1619.9706253124025,1.016847876539609,1619.8372958951652,1.00572695960628
1619.9817360960844,1.0003521581367754,1619.9817360960844,0.9974167528284549,1619.972014160188,1.000907125392484,1619.838684743417,1.0049187155028327
1619.983124943871,1.0094630123462092,1619.983124943871,0.997320186283347,1619.973403008439,0.9984626168243352,1619.8400735916678,1.0061303680816909
1619.9845137916575,1.0019640173480302,1619.9845137916575,0.9973409488530837,1619.974791856224,0.9896031251652267,1619.841462439919,0.9815353634149016
1619.9859026399083,0.9957200666024874,1619.9859026399083,0.9972535878639668,1619.9761807040106,0.9993146269416242,1619.8428512881703,1.0161281838585776
1619.9872914876937,1.000738831753313,1619.9872914876937,0.9972181138804677,1619.9775695522628,0.9882026127222908,1619.8442401359564,1.002996748674481
1619.9886803354796,0.9969043576378767,1619.9886803354796,0.9971116888593189,1619.978958400049,0.9954331795587706,1619.8456289842077,1.0123971311785684
1619.9900691837308,0.992406201592794,1619.9900691837308,0.9971546568771162,1619.9803472478338,0.9886283119625155,1619.8470178324594,0.9950401009499809
1619.9914580315174,0.9951630030922137,1619.9914580315174,0.9971345900186719,1619.9817360960844,0.9977680012537196,1619.8484066807107,0.9932084524949142
1619.9928468793034,1.001291960096069,1619.9928468793034,0.9970826802630435,1619.983124943871,1.0067578395192698,1619.8497955289624,1.001380192507938
1619.9942357275545,0.996367230076465,1619.9942357275545,0.9971030808501719,1619.9845137916575,0.999299743778532,1619.8511843772133,0.9975802967036717
1619.99562457534,1.001906794623184,1619.99562457534,0.9970317627897564,1619.9859026399083,0.9929854089274784,1619.8525732254643,1.0084170063856246
1619.9970134231255,1.001788759422657,1619.9970134231255,0.9969975510556036,1619.9872914876937,0.9979548902879816,1619.8539620737167,0.9922810751270812
1619.9997911191629,1.0054919121108394,1619.9997911191629,0.9969217839999821,1619.9886803354796,0.9940249876755176,1619.8553509219685,1.0032715774943195
1620.001179966949,1.004545567018558,1620.001179966949,0.996865338547764,1619.9900691837308,0.9895824654319848,1619.856739769754,1.004315301780937
1620.0025688147346,0.9991930261137159,1620.0025688147346,0.9967885956472416,1619.9914580315174,0.9923114530901048,1619.858128618005,0.9883199790358076
1620.0039576629863,0.9983863356299912,1620.0039576629863,0.9968159537634451,1619.9928468793034,0.9983708712984248,1619.8595174662555,1.0183343579383055
1620.0053465107717,1.0091293549586489,1620.0053465107717,0.9968547110459932,1619.9942357275545,0.9934808347673952,1619.860906314508,1.0014349000252405
1620.006735358557,1.003118536469163,1620.006735358557,0.9967669535969477,1619.99562457534,0.9989328975941876,1619.86229516276,1.0117271170008266
1620.0081242063436,1.000441726323674,1620.0081242063436,0.9967525312996881,1619.9970134231255,0.9987809398194204,1619.8636840110114,0.9978944062005296
1620.0095130541297,1.0065996671121646,1620.0095130541297,0.9966875743536933,1619.9997911191629,1.0023967908190912,1619.8650728592622,1.002201552823608
1620.010901902381,0.9889135942929803,1620.010901902381,0.9965543532833149,1620.001179966949,1.0013966567526102,1619.8664617070474,0.9959402944582848
1620.012290750166,0.9953550458784024,1620.012290750166,0.9965483159813516,1620.0025688147346,0.9959842132804084,1619.8678505552996,0.997580160784374
1620.0136795979518,1.013491452706373,1620.0136795979518,0.996537900568894,1620.0039576629863,0.9952074273754008,1619.8692394035518,1.0010694130338722
1620.0150684457385,0.9995911369020425,1620.0150684457385,0.9965468091134612,1620.0053465107717,1.0059553515453334,1619.8706282518026,1.0023406662247478
1620.0164572935244,0.9931423477345215,1620.0164572935244,0.99650318792387,1620.006735358557,0.9998754076929963,1619.8720171000534,0.9883114840797048
1620.0178461417752,1.0007109009009805,1620.0178461417752,0.9963832393957064,1620.0081242063436,0.9971928231309519,1619.8734059478395,0.997108181023301
1620.0192349895603,0.9994601510513388,1620.0192349895603,0.9964008980142806,1620.0095130541297,1.0032653805592584,1619.8747947960908,0.9954803435550535
1620.020623837346,1.0128025625239137,1620.020623837346,0.9963378944924787,1620.010901902381,0.9855061474137194,1619.876183644343,1.0075363172965326
1620.0220126851325,0.9941592651267371,1620.0220126851325,0.9963438046775944,1620.012290750166,0.9919193947736629,1619.8775724925945,0.9976661297401346
1620.023401532919,0.9860002580604308,1620.023401532919,0.9963296973836989,1620.0136795979518,1.0099826445245275,1619.878961340845,0.9939778916388836
1620.02479038117,0.9918495880927228,1620.02479038117,0.9963148927324296,1620.0150684457385,0.9961393578978274,1619.8803501886312,1.0018429977164198
1620.026179228955,0.9995432484363318,1620.026179228955,0.9962012234197191,1620.0164572935244,0.9896695155796473,1619.8817390368824,1.0050858962389364
1620.027568076741,0.9881646907926699,1620.027568076741,0.9961756471039219,1620.0178461417752,0.9970915691383146,1619.8831278851342,0.9963303828425264
1620.0289569245276,1.0022706564454487,1620.0289569245276,0.9961219259517434,1620.0192349895603,0.9958629920370424,1619.8845167333857,1.0060717868644058
1620.030345772314,1.0072170764645256,1620.030345772314,0.9961891550730745,1620.020623837346,1.0090935726816632,1619.8859055811715,1.0012454285243229
1620.031734620099,0.9903374533996538,1620.031734620099,0.9960846506229589,1620.0220126851325,0.9905244246718546,1619.8872944294228,1.0030606307443743
1620.033123467884,0.9987632055225742,1620.033123467884,0.9959742806655576,1620.023401532919,0.982381338733598,1619.8886832776743,1.0172231497204072
1620.0345123161358,1.0050756038189412,1620.0345123161358,0.9959372668286972,1620.02479038117,0.9881945159673056,1619.8900721259254,1.0011799833825066
1620.0359011639214,0.9917499008838169,1620.0359011639214,0.9958227283228631,1620.026179228955,0.9957462069531939,1619.891460973711,1.005358346471066
1620.0372900117077,0.9994605252907932,1620.0372900117077,0.9958791437607232,1620.027568076741,0.9843856002956348,1619.8928498219632,0.9884969459613416
1620.038678859493,0.9967202798693727,1620.038678859493,0.9958376807540692,1620.0289569245276,0.9983837766233585,1619.8942386702147,0.9993138114258384
1620.0400677072791,0.9906703605068168,1620.0400677072791,0.9957713984739693,1620.030345772314,1.003378728378368,1619.8956275180003,0.994531287059246
1620.0414565550648,0.988730425113373,1620.0414565550648,0.995650528653111,1620.031734620099,0.9864599362684251,1619.8970163662514,1.005603884682262
1620.0428454028508,1.011710979259841,1620.0428454028508,0.9956963000594112,1620.033123467884,0.9947424651755723,1619.8984052145026,1.0003915834965158
1620.0442342506365,0.9906895447993569,1620.0442342506365,0.9956938761019283,1620.0345123161358,1.0009922498236388,1619.8997940627548,1.0036993834836578
1620.0456230984223,0.9987938152680331,1620.0456230984223,0.9956640842758699,1620.0359011639214,0.9876070921120516,1619.901182910541,0.9997193266503628
1620.0470119462082,0.9883972174163467,1620.0470119462082,0.9956485477818564,1620.0372900117077,0.9953418921492377,1619.9025717587915,0.9958409374517062
1620.048400793994,1.0040565758716358,1620.048400793994,0.9956747175840092,1620.038678859493,0.9925716118656629,1619.9039606070426,0.9896857640981952
1620.049789641779,1.003524743765477,1620.049789641779,0.9955432462145629,1620.0400677072791,0.9864812103085843,1619.9053494548282,1.0059917983577416
1620.051178489564,0.9972547007577545,1620.051178489564,0.9954863242354202,1620.0414565550648,0.984429970459545,1619.9067383030804,1.0125070898903634
1620.0525673378163,1.0043363521433204,1620.0525673378163,0.9955184380682,1620.0428454028508,1.0073568787785074,1619.9081271513326,0.9976634113541816
1620.0539561856028,1.000871285917416,1620.0539561856028,0.9956199871945837,1620.0442342506365,0.9864235128749266,1619.9095159991175,1.0058091907813551
1620.055345033389,1.0040173366747223,1620.055345033389,0.9956154051780003,1620.0456230984223,0.9944631294592486,1619.9109048473686,0.9886152637099416
1620.056733881174,1.0034555488127965,1620.056733881174,0.9956323938117491,1620.0470119462082,0.9840962541522134,1619.9122936951542,1.004627032690086
1620.0581227289592,0.9894106416431208,1620.0581227289592,0.9955853521191481,1620.048400793994,0.9997137476193582,1619.9136825434064,1.01667002613864
1620.0595115767458,0.9989962874070913,1620.0595115767458,0.9955925919117247,1620.049789641779,0.9990522810649204,1619.9150713916586,1.0084032105769136
1620.0609004245323,1.0025210554487163,1620.0609004245323,0.9956211272992207,1620.051178489564,0.9927534163838309,1619.9164602394435,0.99693393248372
1620.062289272318,1.0087943745825894,1620.062289272318,0.9956188733558206,1620.0525673378163,0.999835356580832,1619.9178490876943,1.004751262928134
1620.063678120103,1.0031542010884953,1620.063678120103,0.9956074751630658,1620.0539561856028,0.9964874568685242,1619.9192379359465,1.0028493441961848
1620.0650669678882,0.9856813511541608,1620.0650669678882,0.9955722157586181,1620.055345033389,0.9996151274591404,1619.920626783732,0.9972396829437729
1620.066455815674,0.9846407266476868,1620.066455815674,0.9955598186023107,1620.056733881174,0.9990728501481669,1619.9220156319836,0.9963504309389292
1620.0678446634604,0.9942711213083496,1620.0678446634604,0.9955538947733836,1620.0581227289592,0.9850427420506986,1619.9234044797693,1.0064503900679964
1620.0692335112465,1.0117330277341032,1620.0692335112465,0.9955190679084246,1620.0595115767458,0.9945933030898163,1619.924793328021,0.9947455638319836
1620.0706223590316,0.9969626305472481,1620.0706223590316,0.995535605676753,1620.0609004245323,0.9981311433670554,1619.9261821758066,0.9874536294326172
1620.0720112068173,1.0046273465741515,1620.0720112068173,0.9955344061280614,1620.062289272318,1.0043747186696073,1619.927571024058,0.9905386576909188
1620.0734000541377,1.0006349588417762,1620.0734000541377,0.9955815623597869,1620.063678120103,0.9987478213449392,1619.9289598723096,1.0047949609823268
1620.0747889019242,0.9794765310423176,1620.0747889019242,0.9956580686114541,1620.0650669678882,0.9813169668004964,1619.9303487200953,1.0009697841886984
1620.0761777497098,1.0043712948775247,1620.0761777497098,0.995621373529683,1620.066455815674,0.9802687432098184,1619.931737568347,1.0071892473699957
1620.077566597495,0.9996683021790342,1620.077566597495,0.9955664026366553,1620.0678446634604,0.9898504872792269,1619.9331264161326,0.9921904849152008
1620.078955445281,0.9953280008449984,1620.078955445281,0.9956802871516784,1620.0692335112465,1.0071995207420228,1619.9345152643834,0.9920181392457864
1620.080344293067,0.9965892685081827,1620.080344293067,0.9957167541335868,1620.0706223590316,0.9925117962389436,1619.9359041121686,1.0058507820864346
1620.0817331408518,0.9978785733405524,1620.0817331408518,0.9957085557015709,1620.0720112068173,1.0001410888517082,1619.9372929604208,0.9946429447622616
1620.0831219886377,1.0034718452108764,1620.0831219886377,0.9957726607711633,1620.0734000541377,0.9962137156755166,1619.938681808207,1.014322224150766
1620.084510836424,0.9950014173630395,1620.084510836424,0.9957731043701828,1620.0747889019242,0.9752237111478409,1619.940070656459,1.0063697899244928
1620.08589968421,0.9995764830375674,1620.08589968421,0.995718684094117,1620.0761777497098,0.9999735281397475,1619.9414595042442,1.0022364161234538
1620.0872885319957,1.008064875100046,1620.0872885319957,0.9957213547647803,1620.077566597495,0.995236175430274,1619.942848352495,0.998949275869554
1620.0886773797808,1.0034148913895444,1620.0886773797808,0.995670497501782,1620.078955445281,0.9910284696914541,1619.9442372002816,0.9936704421876102
1620.0900662271013,0.9933256320927321,1620.0900662271013,0.9956708897826735,1620.080344293067,0.9923206316433334,1619.9456260485335,0.9954297136166806
1620.0914550748878,0.9893246562113714,1620.0914550748878,0.9956804113462135,1620.0817331408518,0.9935962330264655,1619.9470148963194,0.9905154834506702
1620.0928439226734,1.0058379493877607,1620.0928439226734,0.9957001537745708,1620.0831219886377,0.9992298293145833,1619.9484037445702,0.9843204857429492
1620.0942327704597,0.9985410654067944,1620.0942327704597,0.9957032231338581,1620.084510836424,0.9907956502203258,1619.9497925923554,0.998164681723897
1620.0956216182446,0.9944167996688065,1620.0956216182446,0.9957042982932801,1620.08589968421,0.9952969803415921,1619.951181440607,1.0083902302839884
1620.0970104660298,0.9888077424852514,1620.0970104660298,0.9956479132107788,1620.0872885319957,1.003751723125407,1619.9525702883932,0.9913074172384
1620.0983993138163,0.9843516332462193,1620.0983993138163,0.9956655241945465,1620.0886773797808,0.9990706041105243,1619.953959136645,0.994999393120336
1620.099788161137,0.989064779161937,1620.099788161137,0.9957054767707083,1620.0900662271013,0.989025415949707,1619.95534798443,1.0017925716569935
1620.101177008922,0.9953117556500231,1620.101177008922,0.9957636725972068,1620.0914550748878,0.9850511806514897,1619.9567368326814,0.99427419570775
1620.102565856707,1.008003434436459,1620.102565856707,0.995694351142648,1620.0928439226734,1.0015130008776922,1619.9581256804674,1.0070846574704575
1620.1039547044932,1.00439011945251,1620.1039547044932,0.995762270847948,1620.0942327704597,0.9942505572570618,1619.9595145287187,1.002782947619285
1620.1053435522797,1.0070207882685112,1620.1053435522797,0.9957800415311581,1620.0956216182446,0.9901450817252783,1619.9609033765048,0.9989271210240376
1620.1067324000662,1.0072697178010925,1620.1067324000662,0.9958503767878288,1620.0970104660298,0.9845043653721017,1619.9622922242904,0.9918109982361752
1620.1081212473855,0.9969332790689526,1620.1081212473855,0.9958587519556543,1620.0983993138163,0.9800849849078549,1619.9636810725417,1.0049533069640837
1620.109510095171,0.9964073118171785,1620.109510095171,0.9958193990433676,1620.099788161137,0.9848172174925518,1619.9650699203278,0.9965844839694742
1620.1108989429565,0.99012586131034,1620.1108989429565,0.9958151943093199,1620.101177008922,0.9910952891852406,1619.9664587685786,1.000983376118463
1620.1122877907426,1.0010644152938273,1620.1122877907426,0.9957870467718164,1620.102565856707,1.0036633256007708,1619.9678476163642,0.998994469036021
1620.1136766385282,0.9960678142901099,1620.1136766385282,0.9957710203395269,1620.1039547044932,1.000133786163273,1619.9692364646164,1.0051031579897374
1620.1150654858486,1.0075592988904172,1620.1150654858486,0.9958196880864137,1620.1053435522797,1.0027712023647575,1619.9706253124025,1.016847876539609
1620.1164543336342,1.0038769996044077,1620.1164543336342,0.9958164221191179,1620.1067324000662,1.003089927999188,1619.972014160188,1.000907125392484
1620.11784318142,0.9929853198436928,1620.11784318142,0.9958447896746201,1620.1081212473855,0.9928047310766651,1619.973403008439,0.9984626168243352
1620.119232029206,1.0039913843448627,1620.119232029206,0.9958423909161594,1620.109510095171,0.9922417304562,1619.974791856224,0.9896031251652267
1620.1206208765254,0.997163459038905,1620.1206208765254,0.995917954003155,1620.1108989429565,0.9859823769714389,1619.9761807040106,0.9993146269416242
1620.122009724311,1.001934463789499,1620.122009724311,0.9959477867288004,1620.1122877907426,0.9968469777337955,1619.9775695522628,0.9882026127222908
1620.1233985720976,0.9890846608963177,1620.1233985720976,0.995990392249116,1620.1136766385282,0.9918554637630251,1619.978958400049,0.9954331795587706
1620.1247874198837,0.9910278966616299,1620.1247874198837,0.996018285998049,1620.1150654858486,1.003347386749621,1619.9803472478338,0.9886283119625155
1620.1261762672036,0.9912291670337532,1620.1261762672036,0.995994290244388,1620.1164543336342,0.9996772019937364,1619.9817360960844,0.9977680012537196
1620.1275651149888,0.9992827604476835,1620.1275651149888,0.9959013795411401,1620.11784318142,0.9888592569897275,1619.983124943871,1.0067578395192698
1620.1289539627749,1.0047368240508148,1620.1289539627749,0.9959568466788942,1620.119232029206,0.9998171806452127,1619.9845137916575,0.999299743778532
1620.1303428105614,1.0025943334144165,1620.1303428105614,0.9960367628908262,1620.1206208765254,0.9930929919327351,1619.9859026399083,0.9929854089274784
1620.1317316578811,0.9958546715354721,1620.1317316578811,0.9960378598465397,1620.122009724311,0.9978744116584587,1619.9872914876937,0.9979548902879816
1620.1331205056665,1.0177174980659833,1620.1331205056665,0.996071603861951,1620.1233985720976,0.9851188193737074,1619.9886803354796,0.9940249876755176
1620.1345093534517,0.9902148519413586,1620.1345093534517,0.9959928866849936,1620.1247874198837,0.9870819070091682,1619.9900691837308,0.9895824654319848
1620.1358982007716,0.987007857192409,1620.1358982007716,0.9959793889155515,1620.1261762672036,0.987258590689319,1619.9914580315174,0.9923114530901048
1620.1372870485582,1.0044828001982944,1620.1372870485582,0.9960329496661473,1620.1275651149888,0.9951870796815266,1619.9928468793034,0.9983708712984248
1620.1386758963447,1.0053703625225128,1620.1386758963447,0.9961419918445423,1620.1289539627749,1.0006745190238164,1619.9942357275545,0.9934808347673952
1620.1400647436642,1.0029902449465242,1620.1400647436642,0.9961460294756749,1620.1303428105614,0.9986208143467811,1619.99562457534,0.9989328975941876
1620.1414535914494,0.9998665234011566,1620.1414535914494,0.9961917919843357,1620.1317316578811,0.9919089557543704,1619.9970134231255,0.9987809398194204
1620.1428424392354,0.9934701138678398,1620.1428424392354,0.9963172064539005,1620.1331205056665,1.0137195005769561,1619.9997911191629,1.0023967908190912
1620.1442312865563,0.9951114871187323,1620.1442312865563,0.9963722563371662,1620.1345093534517,0.9862469488234273,1620.001179966949,1.0013966567526102
1620.145620134342,0.9962510519071509,1620.145620134342,0.9963020796276708,1620.1358982007716,0.9830394824613434,1620.0025688147346,0.9959842132804084
1620.147008982127,0.9988735816431623,1620.147008982127,0.9962382218292578,1620.1372870485582,1.0004979663704185,1620.0039576629863,0.9952074273754008
1620.1483978294475,1.0058812851584573,1620.1483978294475,0.9963532956692602,1620.1386758963447,1.0014916354646455,1620.0053465107717,1.0059553515453334
1620.1497866772331,1.0023089511947285,1620.1497866772331,0.9964970225216591,1620.1400647436642,0.9991247501063146,1620.006735358557,0.9998754076929963
1620.1511755245533,0.9840209774375571,1620.1511755245533,0.9966028933824024,1620.1414535914494,0.9960588236921459,1620.0081242063436,0.9971928231309519
1620.1525643723392,1.0003647519698164,1620.1525643723392,0.9966823235832125,1620.1428424392354,0.9898113685442446,1620.0095130541297,1.0032653805592584
1620.1539532201248,0.9930242924309716,1620.1539532201248,0.9967301568008079,1620.1442312865563,0.9915014777275242,1620.010901902381,0.9855061474137194
1620.1553420674452,0.9999914386744162,1620.1553420674452,0.9967308757695091,1620.145620134342,0.992566994846349,1620.012290750166,0.9919193947736629
1620.1567309152308,0.9960450291030444,1620.1567309152308,0.9967416934139934,1620.147008982127,0.995116040808406,1620.0136795979518,1.0099826445245275
1620.1581197625503,0.990611405263275,1620.1581197625503,0.9967543330051335,1620.1483978294475,1.0022131335196598,1620.0150684457385,0.9961393578978274
1620.1595086103364,0.997122859241468,1620.1595086103364,0.9968411259972192,1620.1497866772331,0.9987978855123538,1620.0164572935244,0.9896695155796473
1620.160897458123,0.9935444836838802,1620.160897458123,0.9968609203497942,1620.1511755245533,0.9806781532632491,1620.0178461417752,0.9970915691383146
1620.1622863054429,0.9985013054190544,1620.1622863054429,0.9968974171003895,1620.1525643723392,0.9970458654240207,1620.0192349895603,0.9958629920370424
1620.163675153229,1.0009392899267102,1620.163675153229,0.9969313931137114,1620.1539532201248,0.9897772587017336,1620.020623837346,1.0090935726816632
1620.1650640005485,0.9914892244611733,1620.1650640005485,0.9969004842427348,1620.1553420674452,0.9967223424319622,1620.0220126851325,0.9905244246718546
1620.1664528483334,0.9910010231282883,1620.1664528483334,0.997038200615558,1620.1567309152308,0.9927996090247588,1620.023401532919,0.982381338733598
1620.167841695654,1.0073137839905917,1620.167841695654,0.997152513022566,1620.1581197625503,0.9873962105204737,1620.02479038117,0.9881945159673056
1620.1692305434406,1.0115424011852272,1620.1692305434406,0.9970398002592064,1620.1595086103364,0.9939730737638317,1620.026179228955,0.9957462069531939
1620.1706193912266,1.0011363966506808,1620.1706193912266,0.9970834187616422,1620.160897458123,0.9904256684135739,1620.027568076741,0.9843856002956348
1620.172008238546,0.9983516766803257,1620.172008238546,0.9971082391413126,1620.1622863054429,0.9954033723436224,1620.0289569245276,0.9983837766233585
1620.1733970863313,1.001880720512659,1620.1733970863313,0.9972258623219195,1620.163675153229,0.9978678007288843,1620.030345772314,1.003378728378368
1620.1747859336522,0.9863735054427942,1620.1747859336522,0.9972264304934658,1620.1650640005485,0.9884160879867973,1620.031734620099,0.9864599362684251
1620.1761747814387,0.9904162899658624,1620.1761747814387,0.9972283294267975,1620.1664528483334,0.9880658769080056,1620.033123467884,0.9947424651755723
1620.1775636287582,0.9947824034336794,1620.1775636287582,0.9972263650180746,1620.167841695654,1.0044454711084887,1620.0345123161358,1.0009922498236388
1620.1789524765434,1.0044173837884909,1620.1789524765434,0.997148107134581,1620.1692305434406,1.008548033631437,1620.0359011639214,0.9876070921120516
1620.180341323863,1.0111130127295802,1620.180341323863,0.997206390449055,1620.1706193912266,0.9982165010191723,1620.0372900117077,0.9953418921492377
1620.1817301716494,1.0094704186575856,1620.1817301716494,0.9972363102814054,1620.172008238546,0.9954646823784966,1620.038678859493,0.9925716118656629
1620.1831190189705,0.9999374129514064,1620.1831190189705,0.997293013973556,1620.1733970863313,0.9991013654569423,1620.0400677072791,0.9864812103085843
1620.184507866756,0.9956739629743764,1620.184507866756,0.9973071590429602,1620.1747859336522,0.9836377299660448,1620.0414565550648,0.984429970459545
1620.1858967140754,0.9976094060570427,1620.1858967140754,0.9974142548888195,1620.1761747814387,0.9876711822797436,1620.0428454028508,1.0073568787785074
1620.187285561861,1.0065929563593934,1620.187285561861,0.9974545731725822,1620.1775636287582,0.9920232401601119,1620.0442342506365,0.9864235128749266
1620.1886744091814,0.9961629479843955,1620.1886744091814,0.9973243884575852,1620.1789524765434,1.0015528930177617,1620.0456230984223,0.9944631294592486
1620.1900632565014,0.9955888004069304,1620.1900632565014,0.9973863666474434,1620.180341323863,1.008288357760134,1620.0470119462082,0.9840962541522134
1620.1914521042877,1.0039469825357983,1620.1914521042877,0.9975087959586976,1620.1817301716494,1.0066805556403162,1620.048400793994,0.9997137476193582
1620.1928409516074,1.0122401575406117,1620.1928409516074,0.9974963732109137,1620.1831190189705,0.9972305963472283,1620.049789641779,0.9990522810649204
1620.2039517320306,1.0061761356385321,1620.2039517320306,0.9978162628644149,1620.184507866756,0.9929927713470208,1620.051178489564,0.9927534163838309
1620.205340579351,1.0037607972022593,1620.205340579351,0.9978713125111562,1620.1858967140754,0.9950298424124631,1620.0525673378163,0.999835356580832
1620.206729426672,0.9994751888298459,1620.206729426672,0.9978791221837401,1620.187285561861,1.0040307476439865,1620.0539561856028,0.9964874568685242
1620.2081182744575,1.0095779174748838,1620.2081182744575,0.9979640089824313,1620.1886744091814,0.9934976029026426,1620.055345033389,0.9996151274591404
1620.209507121777,1.006940779919252,1620.209507121777,0.9979677939643264,1620.1900632565014,0.992986696312755,1620.056733881174,0.9990728501481669
1620.2108959695622,0.996803715982421,1620.2108959695622,0.9979748766914539,1620.1914521042877,1.0014459457556517,1620.0581227289592,0.9850427420506986
1620.2122848168826,1.0011380052937842,1620.2122848168826,0.9980742440751441,1620.1928409516074,1.009705885965204,1620.0595115767458,0.9945933030898163
1620.2136736642035,0.9903940666214874,1620.2136736642035,0.9980194497992728,1620.2039517320306,1.0039789114461988,1620.0609004245323,0.9981311433670554
1620.21506251199,1.0088387405036645,1620.21506251199,0.9980391851383628,1620.205340579351,1.001624104151463,1620.062289272318,1.0043747186696073
1620.2164513593095,1.01616543571157,1620.2164513593095,0.9981652446484452,1620.206729426672,0.9973554240739545,1620.063678120103,0.9987478213449392
1620.217840206629,1.0068544950763623,1620.217840206629,0.9983002064537276,1620.2081182744575,1.0075224259033693,1620.0650669678882,0.9813169668004964
1620.2192290544149,1.001037411834198,1620.2192290544149,0.9983006571537795,1620.209507121777,1.0048944687887342,1620.066455815674,0.9802687432098184
1620.2206179017355,1.0075791822474591,1620.2206179017355,0.9983591316908835,1620.2108959695622,0.9947850655431396,1620.0678446634604,0.9898504872792269
1620.2220067490557,0.991838027587126,1620.2220067490557,0.9984568361174604,1620.2122848168826,0.9992100578484913,1620.0692335112465,1.0071995207420228
1620.2233955968406,1.0096815267464572,1620.2233955968406,0.9985262287103488,1620.2136736642035,0.9884325414540412,1620.0706223590316,0.9925117962389436
1620.224784444161,1.0088603443343045,1620.224784444161,0.9986504170061116,1620.21506251199,1.0068605945082896,1620.0720112068173,1.0001410888517082
1620.226173291481,0.9972931902422941,1620.226173291481,0.9987355630709812,1620.2164513593095,1.0143010207403331,1620.0734000541377,0.9962137156755166
1620.2275621388014,0.9933309424396192,1620.2275621388014,0.9988628321817575,1620.217840206629,1.005143050303596,1620.0747889019242,0.9752237111478409
1620.228950986587,0.9970269558563062,1620.228950986587,0.9988701551692112,1620.2192290544149,0.9993363060695986,1620.0761777497098,0.9999735281397475
1620.2303398339077,0.9981202097379819,1620.2303398339077,0.9988895170282123,1620.2206179017355,1.0059258774983837,1620.077566597495,0.995236175430274
1620.2317286812274,0.9968127195993751,1620.2317286812274,0.9988076261427616,1620.2220067490557,0.9903074589656242,1620.078955445281,0.9910284696914541
1620.2331175290135,0.999874431556678,1620.2331175290135,0.998697300805054,1620.2233955968406,1.008193487100647,1620.080344293067,0.9923206316433334
1620.2345063763337,0.9989015361038198,1620.2345063763337,0.9987515331809911,1620.224784444161,1.0074988035703825,1620.0817331408518,0.9935962330264655
1620.2358952236536,1.000134886481619,1620.2358952236536,0.9987427256284457,1620.226173291481,0.9960321759034928,1620.0831219886377,0.9992298293145833
1620.2372840709738,0.992134127635558,1620.2372840709738,0.9988182151407674,1620.2275621388014,0.9922013584590124,1620.084510836424,0.9907956502203258
1620.2386729187594,0.9976917781083189,1620.2386729187594,0.998774004790932,1620.228950986587,0.9959004701040748,1620.08589968421,0.9952969803415921
1620.24006176608,1.0002668107845072,1620.24006176608,0.9987775949460058,1620.2303398339077,0.9970118142412706,1620.0872885319957,1.003751723125407
1620.2414506133994,0.9901987503463434,1620.2414506133994,0.9988014465118148,1620.2317286812274,0.9956241461719622,1620.0886773797808,0.9990706041105243
1620.2428394607189,0.9963169037183406,1620.2428394607189,0.998774819443616,1620.2331175290135,0.998571895939642,1620.0900662271013,0.989025415949707
1620.2442283080395,1.0149827655786985,1620.2442283080395,0.998809071487736,1620.2345063763337,0.9976544406805372,1620.0914550748878,0.9850511806514897
1620.2456171558265,1.0029491519793718,1620.2456171558265,0.998725530510447,1620.2358952236536,0.9988774425207484,1620.0928439226734,1.0015130008776922
1620.2470060031462,1.0071835709780972,1620.2470060031462,0.9987697649449019,1620.2372840709738,0.9909616385451904,1620.0942327704597,0.9942505572570618
1620.2483948504655,1.007530309704618,1620.2483948504655,0.9987252569496827,1620.2386729187594,0.9964686127682316,1620.0956216182446,0.9901450817252783
1620.2497836977852,1.00008749550422,1620.2497836977852,0.9987534937891513,1620.24006176608,0.9990440795796616,1620.0970104660298,0.9845043653721017
1620.251172545106,1.0162692748018791,1620.251172545106,0.9987676149308543,1620.2414506133994,0.9890119441801192,1620.0983993138163,0.9800849849078549
1620.2525613928926,0.9929503081372905,1620.2525613928926,0.9988311789002071,1620.2428394607189,0.9950962356199082,1620.099788161137,0.9848172174925518
1620.253950240212,1.0029375845568214,1620.253950240212,0.9988193784776508,1620.2442283080395,1.0137739936637142,1620.101177008922,0.9910952891852406
1620.2553390875316,1.0097041045287451,1620.2553390875316,0.9988624425971248,1620.2456171558265,1.001670923885601,1620.102565856707,1.0036633256007708
1620.2567279348516,1.0079091399329991,1620.2567279348516,0.9988819399932449,1620.2470060031462,1.005944498442161,1620.1039547044932,1.000133786163273
1620.258116782172,1.0061489728229511,1620.258116782172,0.9989699652138789,1620.2483948504655,1.006245967444338,1620.1053435522797,1.0027712023647575
1620.2595056299583,0.9828412528045387,1620.2595056299583,0.9988273056115581,1620.2497836977852,0.998840880229682,1620.1067324000662,1.003089927999188
1620.2608944772785,1.0024076394962294,1620.2608944772785,0.9988442414989451,1620.251172545106,1.0150168397213817,1620.1081212473855,0.9928047310766651
1620.262283324598,0.9952157547808952,1620.262283324598,0.9989038212307065,1620.2525613928926,0.9917897268660938,1620.109510095171,0.9922417304562
1620.2636721719184,1.0063869190452848,1620.2636721719184,0.9988788235246935,1620.253950240212,1.0017534948589206,1620.1108989429565,0.9859823769714389
1620.2650610192384,1.0089058645157534,1620.2650610192384,0.9988572176463888,1620.2553390875316,1.008555508149925,1620.1122877907426,0.9968469777337955
1620.266449866558,1.015646964746583,1620.266449866558,0.9989161454805103,1620.2567279348516,1.0067822370331971,1620.1136766385282,0.9918554637630251
1620.2678387138783,1.0123334867647857,1620.2678387138783,0.9988808143783663,1620.258116782172,1.0051126043809235,1620.1150654858486,1.003347386749621
1620.2692275611992,1.0046657971255868,1620.2692275611992,0.9989924147833233,1620.2595056299583,0.9816886803826456,1620.1164543336342,0.9996772019937364
1620.2706164089848,0.9855677485711081,1620.2706164089848,0.9989762283710585,1620.2608944772785,1.0012490983453592,1620.11784318142,0.9888592569897275
1620.2720052563047,0.9984241916864597,1620.2720052563047,0.9989893024453151,1620.262283324598,0.994124820399638,1620.119232029206,0.9998171806452127
1620.2733941036242,1.0041691547756189,1620.2733941036242,0.9990504507455287,1620.2636721719184,1.0052585817065949,1620.1206208765254,0.9930929919327351
1620.2747829509449,1.0063138310131845,1620.2747829509449,0.9990817782721091,1620.2650610192384,1.00775290469733,1620.122009724311,0.9978744116584587
1620.2761717982655,1.000633178412652,1620.2761717982655,0.9990428523498008,1620.266449866558,1.0145461511936364,1620.1233985720976,0.9851188193737074
1620.2775606455857,1.0084965620008008,1620.2775606455857,0.9991111892016801,1620.2678387138783,1.0112004976821003,1620.1247874198837,0.9870819070091682
1620.278949492906,0.9946131541625137,1620.278949492906,0.999156860343745,1620.2692275611992,1.0036535107207023,1620.1261762672036,0.987258590689319
1620.2803383402254,0.9992100354544392,1620.2803383402254,0.9992430127031255,1620.2706164089848,0.9845587522717212,1620.1275651149888,0.9951870796815266
1620.281727187545,1.006357105786333,1620.281727187545,0.9992424878876197,1620.2720052563047,0.997415086797384,1620.1289539627749,1.0006745190238164
1620.2831160348658,0.9905061401751509,1620.2831160348658,0.9993598235752271,1620.2733941036242,1.0032156467033386,1620.1303428105614,0.9986208143467811
1620.2845048821866,1.0112880270494693,1620.2845048821866,0.9993699252932865,1620.2747829509449,1.005389811788471,1620.1317316578811,0.9919089557543704
1620.285893729506,1.0043616750867652,1620.285893729506,0.9993867994187369,1620.2761717982655,0.9996754247172231,1620.1331205056665,1.0137195005769561
1620.2872825768254,0.9937334480149633,1620.2872825768254,0.9994436546569194,1620.2775606455857,1.007600199366426,1620.1345093534517,0.9862469488234273
1620.2886714241456,0.9993598223424974,1620.2886714241456,0.9994072820216491,1620.278949492906,0.9937745563696064,1620.1358982007716,0.9830394824613434
1620.2900602714665,0.9887330479991704,1620.2900602714665,0.9994431062118394,1620.2803383402254,0.9984536461506908,1620.1372870485582,1.0004979663704185
1620.291449118787,1.0128134573486383,1620.291449118787,0.9995475402996786,1620.281727187545,1.00559477808932,1620.1386758963447,1.0014916354646455
1620.2928379661068,1.0016113481031697,1620.2928379661068,0.9995583374882783,1620.2831160348658,0.989872041495618,1620.1400647436642,0.9991247501063146
1620.2942268134263,0.9928535899601622,1620.2942268134263,0.9994882537655753,1620.2845048821866,1.0106508400424232,1620.1414535914494,0.9960588236921459
1620.2956156607463,0.9942790625689373,1620.2956156607463,0.9994788524587802,1620.285893729506,1.0037457999238035,1620.1428424392354,0.9898113685442446
1620.298393355387,1.016365952720023,1620.298393355387,0.9994200985551747,1620.2872825768254,0.9931805890388968,1620.1442312865563,0.9915014777275242
1620.299782202707,1.0004228301095943,1620.299782202707,0.9993507310324025,1620.2886714241456,0.9987674838089534,1620.145620134342,0.992566994846349
1620.301171050027,0.9998488765521801,1620.301171050027,0.9993975637790852,1620.2900602714665,0.9881824287065906,1620.147008982127,0.995116040808406
1620.3025598973477,0.9929812756846453,1620.3025598973477,0.9995313104262099,1620.291449118787,1.012355200075245,1620.1483978294475,1.0022131335196598
1620.3039487446674,0.9916200581667564,1620.3039487446674,0.9995735549364254,1620.2928379661068,1.0011689739193974,1620.1497866772331,0.9987978855123538
1620.3053375919876,1.0033194814909965,1620.3053375919876,0.9994886774923816,1620.2942268134263,0.992345500874165,1620.1511755245533,0.9806781532632491
1620.3067264393078,1.0160944626410982,1620.3067264393078,0.9993500420877426,1620.2956156607463,0.9937608964801932,1620.1525643723392,0.9970458654240207
1620.3081152866278,1.006915661716039,1620.3081152866278,0.9993423970091463,1620.298393355387,1.0157765606355695,1620.1539532201248,0.9897772587017336
1620.3095041339482,0.9904491820427745,1620.3095041339482,0.9993457973281442,1620.299782202707,0.999773286611528,1620.1553420674452,0.9967223424319622
1620.310892981268,1.0111547872888287,1620.310892981268,0.999373644445217,1620.301171050027,0.999246531373504,1620.1567309152308,0.9927996090247588
1620.3122818285876,1.003338967255862,1620.3122818285876,0.9993405051412427,1620.3025598973477,0.9925158757137632,1620.1581197625503,0.9873962105204737
1620.313670675908,0.9895726537207177,1620.313670675908,0.999236832128809,1620.3039487446674,0.9911971866880096,1620.1595086103364,0.9939730737638317
1620.315059523229,1.0077457789437747,1620.315059523229,0.9992478619223949,1620.3053375919876,1.002806461657778,1620.160897458123,0.9904256684135739
1620.3164483705489,1.004009837703553,1620.3164483705489,0.9992833025347116,1620.3067264393078,1.0154340440055036,1620.1622863054429,0.9954033723436224
1620.3178372174027,0.9860290141440592,1620.3178372174027,0.9993033075597627,1620.3081152866278,1.0062535109653572,1620.163675153229,0.9978678007288843
1620.3192260647222,0.990903937535325,1620.3192260647222,0.9992182886958836,1620.3095041339482,0.9898012275415448,1620.1650640005485,0.9884160879867973
1620.320614912043,1.0073903141451441,1620.320614912043,0.999202703011495,1620.310892981268,1.0105214448710649,1620.1664528483334,0.9880658769080056
1620.322003759364,1.0018666980049056,1620.322003759364,0.9992002662307665,1620.3122818285876,1.002677270365366,1620.167841695654,1.0044454711084887
1620.323392606684,1.0037997045558673,1620.323392606684,0.9991393545122009,1620.313670675908,0.9888174436651888,1620.1692305434406,1.008548033631437
1620.3247814540034,0.9943670974628014,1620.3247814540034,0.9991011305395099,1620.315059523229,1.0069878149708853,1620.1706193912266,0.9982165010191723
1620.326170301323,1.0086446576061867,1620.326170301323,0.9990844247695234,1620.3164483705489,1.003290266397746,1620.172008238546,0.9954646823784966
1620.327559148643,1.0090139817401083,1620.327559148643,0.9990882311028525,1620.3178372174027,0.9853420551840504,1620.1733970863313,0.9991013654569423
1620.3289479954983,1.0056332294545742,1620.3289479954983,0.9990185644676771,1620.3192260647222,0.9901293367260602,1620.1747859336522,0.9836377299660448
1620.3303368428185,0.9990062687441037,1620.3303368428185,0.9989477117714728,1620.320614912043,1.006587124881427,1620.1761747814387,0.9876711822797436
1620.331725690138,0.9947145446712989,1620.331725690138,0.9989367538059335,1620.322003759364,1.0010654713742406,1620.1775636287582,0.9920232401601119
1620.3331145374584,1.004385382199113,1620.3331145374584,0.9989704270342321,1620.323392606684,1.0029357888694872,1620.1789524765434,1.0015528930177617
1620.3345033847784,1.000722440007415,1620.3345033847784,0.9989146240710806,1620.3247814540034,0.9934732912463758,1620.180341323863,1.008288357760134
1620.3358922320992,0.9929590739983734,1620.3358922320992,0.9989227649402008,1620.326170301323,1.00772116754133,1620.1817301716494,1.0066805556403162
1620.337281078954,1.0084160898726064,1620.337281078954,0.9990285703391364,1620.327559148643,1.0080939941747706,1620.1831190189705,0.9972305963472283
1620.3386699262733,0.9982934872676723,1620.3386699262733,0.9990127423958467,1620.3289479954983,1.0046462652707029,1620.184507866756,0.9929927713470208
1620.3400587735937,1.0022498124894967,1620.3400587735937,0.9990665592257951,1620.3303368428185,0.9979550262072794,1620.1858967140754,0.9950298424124631
1620.3414476209134,1.006421715231276,1620.3414476209134,0.9989537477997501,1620.331725690138,0.9936569182174946,1620.187285561861,1.0040307476439865
1620.342836468233,1.018316239888156,1620.342836468233,0.9988439502711648,1620.3331145374584,1.0033512941623886,1620.1886744091814,0.9934976029026426
1620.3442253150877,1.0028438634941295,1620.3442253150877,0.9987253478724498,1620.3345033847784,0.9996362799595014,1620.1900632565014,0.992986696312755
1620.3456141624083,1.001813031759147,1620.3456141624083,0.9986868137186681,1620.3358922320992,0.9918894236709166,1620.1914521042877,1.0014459457556517
1620.3470030097285,1.0038377735466764,1620.3470030097285,0.9985638593341671,1620.337281078954,1.0074364845724122,1620.1928409516074,1.009705885965204
1620.348391857049,0.9992394210280824,1620.348391857049,0.9985694232623764,1620.3386699262733,0.9973079144311906,1620.2039517320306,1.0039789114461988
1620.3497807039028,1.008421386142165,1620.3497807039028,0.9985016410480257,1620.3400587735937,1.00131427164858,1620.205340579351,1.001624104151463
1620.3511695512227,1.0015448133371925,1620.3511695512227,0.998503032163398,1620.3414476209134,1.005368744297336,1620.206729426672,0.9973554240739545
1620.3525583985436,1.0094514528033374,1620.3525583985436,0.9984641202236438,1620.342836468233,1.0171390156751647,1620.2081182744575,1.0075224259033693
1620.353947245864,1.006202269295624,1620.353947245864,0.9984890461334842,1620.3442253150877,1.001565586429926,1620.209507121777,1.0048944687887342
1620.3553360927183,1.0038966658730963,1620.3553360927183,0.9985154342291895,1620.3456141624083,1.0004974646293814,1620.2108959695622,0.9947850655431396
1620.3567249400378,0.979818317239485,1620.3567249400378,0.9984652609215665,1620.3470030097285,1.002396121298187,1620.2122848168826,0.9992100578484913
1620.3581137873573,0.9895676415459483,1620.3581137873573,0.9984896839270347,1620.348391857049,0.9978099323570432,1620.2136736642035,0.9884325414540412
1620.3595026346782,1.0007664183201117,1620.3595026346782,0.9985142801256501,1620.3497807039028,1.0069104089308765,1620.21506251199,1.0068605945082896
1620.3608914815334,0.9922098302889453,1620.3608914815334,0.9985273505275196,1620.3511695512227,1.000045532964711,1620.2164513593095,1.0143010207403331
1620.3622803288529,1.0001725438474824,1620.3622803288529,0.9984706338079061,1620.3525583985436,1.0079010567317634,1620.217840206629,1.005143050303596
1620.3636691761724,0.9924525885210355,1620.3636691761724,0.9985273619467478,1620.353947245864,1.0046819440863348,1620.2192290544149,0.9993363060695986
1620.365058023027,0.9938740112319936,1620.365058023027,0.9985370111641044,1620.3553360927183,1.0024063152455105,1620.2206179017355,1.0059258774983837
1620.3664468703475,1.008444956016355,1620.3664468703475,0.9985921935842917,1620.3567249400378,0.9783145517782526,1620.2220067490557,0.9903074589656242
1620.3678357176684,0.9979637776062021,1620.3678357176684,0.9986974990110639,1620.3581137873573,0.9880730816316352,1620.2233955968406,1.008193487100647
1620.3692245645225,0.9959842995982712,1620.3692245645225,0.9986651778567173,1620.3595026346782,0.9992795597628316,1620.224784444161,1.0074988035703825
1620.3706134118418,0.9888897166577308,1620.3706134118418,0.9986096977667324,1620.3608914815334,0.9907486530057804,1620.226173291481,0.9960321759034928
1620.3720022591622,0.9997588033178165,1620.3720022591622,0.9986319899964834,1620.3622803288529,0.9986429137726616,1620.2275621388014,0.9922013584590124
1620.3733911060165,0.9936690887392627,1620.3733911060165,0.9986350139787973,1620.3636691761724,0.9909910650731308,1620.228950986587,0.9959004701040748
1620.3747799533364,0.9944939261866221,1620.3747799533364,0.9985829011774193,1620.365058023027,0.9924199846492744,1620.2303398339077,0.9970118142412706
1620.3761688006568,0.992451428006175,1620.3761688006568,0.9985585222949055,1620.3664468703475,1.0070252607373866,1620.2317286812274,0.9956241461719622
1620.3775576475111,0.9993148768942111,1620.3775576475111,0.9984334981287527,1620.3678357176684,0.9966639287989476,1620.2331175290135,0.998571895939642
1620.3789464948316,0.9951569130205192,1620.3789464948316,0.9984902467834723,1620.3692245645225,0.9946548377008054,1620.2345063763337,0.9976544406805372
1620.3803353421515,1.0192586660360357,1620.3803353421515,0.9983973302879083,1620.3706134118418,0.9875148610762062,1620.2358952236536,0.9988774425207484
1620.3817241890065,1.0025427517414651,1620.3817241890065,0.9983609977059368,1620.3720022591622,0.998391123273774,1620.2372840709738,0.9909616385451904
1620.3831130363262,1.0040769441772797,1620.3831130363262,0.9983551059112783,1620.3733911060165,0.9923127443234324,1620.2386729187594,0.9964686127682316
1620.384501883181,0.9911379346604241,1620.384501883181,0.9983248920772138,1620.3747799533364,0.9930846300147594,1620.24006176608,0.9990440795796616
1620.385890730501,0.9930879323970896,1620.385890730501,0.9984454430957447,1620.3761688006568,0.991020831399315,1620.2414506133994,0.9890119441801192
1620.3872795778204,0.9992201275546123,1620.3872795778204,0.9984654651773396,1620.3775576475111,0.997749448269591,1620.2428394607189,0.9950962356199082
1620.3886684246745,0.9993254059067459,1620.3886684246745,0.9984620816903105,1620.3789464948316,0.9936544716701368,1620.2442283080395,1.0137739936637142
1620.3900572719951,1.0006161279549006,1620.3900572719951,0.9984244370363252,1620.3803353421515,1.0176251310431927,1620.2456171558265,1.001670923885601
1620.3914461188504,1.0082126126264992,1620.3914461188504,0.9984056830292001,1620.3817241890065,1.0008995818714643,1620.2470060031462,1.005944498442161
1620.3928349661703,0.9923928744037802,1620.3928349661703,0.9983456402267816,1620.3831130363262,1.0024253439471806,1620.2483948504655,1.006245967444338
1620.3942238134898,1.0063274723994127,1620.3942238134898,0.9983383455770821,1620.384501883181,0.9894776716535004,1620.2497836977852,0.998840880229682
1620.3956126603437,0.9880957651189439,1620.3956126603437,0.9982923850246779,1620.385890730501,0.991544120695249,1620.251172545106,1.0150168397213817
1620.3970015076643,0.9961025351873254,1620.3970015076643,0.9983303630755496,1620.3872795778204,0.9976867894733766,1620.2525613928926,0.9917897268660938
1620.3983903545195,1.003927053659849,1620.3983903545195,0.9983335761083414,1620.3886684246745,0.997788525067664,1620.253950240212,1.0017534948589206
1620.39977920184,1.0198147988685833,1620.39977920184,0.998300625812771,1620.3900572719951,0.9990395942428392,1620.2553390875316,1.008555508149925
1620.401168048694,0.9958977397711438,1620.401168048694,0.9983000956852954,1620.3914461188504,1.0066052021480143,1620.2567279348516,1.0067822370331971
1620.4025568960135,1.0018567275012966,1620.4025568960135,0.9982325231772887,1620.3928349661703,0.990751099553138,1620.258116782172,1.0051126043809235
1620.4039457428678,1.0040880239038619,1620.4039457428678,0.9981301436110057,1620.3942238134898,1.0046553039039965,1620.2595056299583,0.9816886803826456
1620.4053345901889,1.0036319797170392,1620.4053345901889,0.9981027850006717,1620.3956126603437,0.9864084779933744,1620.2608944772785,1.0012490983453592
1620.4067234370432,0.9985664814229546,1620.4067234370432,0.9980916535416968,1620.3970015076643,0.994439405614038,1620.262283324598,0.994124820399638
1620.4081122843625,1.0105155173066447,1620.4081122843625,0.998032678867383,1620.3983903545195,1.0022540856321478,1620.2636721719184,1.0052585817065949
1620.4095011312172,0.9928335239090024,1620.4095011312172,0.9980685360019679,1620.39977920184,1.0180817519236318,1620.2650610192384,1.00775290469733
1620.4108899785372,0.9980940339175963,1620.4108899785372,0.9980423306568583,1620.401168048694,0.9942048089063024,1620.266449866558,1.0145461511936364
1620.4122788253924,1.0005037859926933,1620.4122788253924,0.9980266972483691,1620.4025568960135,1.0000859689557606,1620.2678387138783,1.0112004976821003
1620.4136676727128,0.9903627742781402,1620.4136676727128,0.99801075073775,1620.4039457428678,1.0022105234972525,1620.2692275611992,1.0036535107207023
1620.4150565195666,1.0037981371629812,1620.4150565195666,0.9979675625091272,1620.4053345901889,1.0017278740713145,1620.2706164089848,0.9845587522717212
1620.4164453668866,1.0051266885337835,1620.4164453668866,0.9980973532538361,1620.4067234370432,0.9966608706147508,1620.2720052563047,0.997415086797384
1620.4178342137411,0.9933598002695493,1620.4178342137411,0.9979815821463924,1620.4081122843625,1.00852750877461,1620.2733941036242,1.0032156467033386
1620.4192230610608,0.9983950230452739,1620.4192230610608,0.9979206732644074,1620.4095011312172,0.9909159017015328,1620.2747829509449,1.005389811788471
1620.4206119079151,1.0086411851425447,1620.4206119079151,0.9980130596006256,1620.4108899785372,0.9961400958258232,1620.2761717982655,0.9996754247172231
1620.422000755236,0.9977920443394326,1620.422000755236,0.9980026198417724,1620.4122788253924,0.9985294891187768,1620.2775606455857,1.007600199366426
1620.4233896020908,0.9876670764901387,1620.4233896020908,0.9979890931016268,1620.4136676727128,0.9883926958600476,1620.278949492906,0.9937745563696064
1620.424778448945,0.9882622035070656,1620.424778448945,0.9978888685773806,1620.4150565195666,1.0017579801957428,1620.2803383402254,0.9984536461506908
1620.4261672962646,0.9991963391674501,1620.4261672962646,0.9978443244838106,1620.4164453668866,1.0032142875103622,1620.281727187545,1.00559477808932
1620.4275561431184,1.0094991611596627,1620.4275561431184,0.9977936159810286,1620.4178342137411,0.9913547851136292,1620.2831160348658,0.989872041495618
1620.4289449904393,1.0000503982259994,1620.4289449904393,0.9977961395331192,1620.4192230610608,0.9963190335811732,1620.2845048821866,1.0106508400424232
1620.4303338372945,0.9851146683254933,1620.4303338372945,0.9978872121204103,1620.4206119079151,1.006637075223312,1620.285893729506,1.0037457999238035
1620.4317226841483,0.9904755729376479,1620.4317226841483,0.9978864589088665,1620.422000755236,0.9957990743080316,1620.2872825768254,0.9931805890388968
1620.4331115314678,1.0075881943956064,1620.4331115314678,0.9978741552247963,1620.4233896020908,0.9856809699527286,1620.2886714241456,0.9987674838089534
1620.434500378322,0.9997703271858581,1620.434500378322,0.9978465129289861,1620.424778448945,0.9861758521154548,1620.2900602714665,0.9881824287065906
1620.435889225643,0.9987595992083887,1620.435889225643,0.9979469081406096,1620.4261672962646,0.9970423960832407,1620.291449118787,1.012355200075245
1620.4372780724982,0.9910117539323258,1620.4372780724982,0.9978693134501256,1620.4275561431184,1.007271818343315,1620.2928379661068,1.0011689739193974
1620.438666919352,0.9924066702209646,1620.438666919352,0.9977712560185161,1620.4289449904393,0.9978464266884608,1620.2942268134263,0.992345500874165
1620.4400557666715,0.9971291686974288,1620.4400557666715,0.9978550960919824,1620.4303338372945,0.9830333299942492,1620.2956156607463,0.9937608964801932
1620.441444613526,0.9998089528256374,1620.441444613526,0.9977488269119095,1620.4317226841483,0.9883821621144802,1620.2970045080667,1.027901173622359
1620.4428334603806,1.0061869133270722,1620.4428334603806,0.9977192465846986,1620.4331115314678,1.0054462182969937,1620.298393355387,1.0157765606355695
1620.4442223077017,1.0005322391163929,1620.4442223077017,0.9978306801859504,1620.434500378322,0.99761733471228,1620.299782202707,0.999773286611528
1620.4456111545558,0.9993575205649411,1620.4456111545558,0.9978780807033678,1620.435889225643,0.996709054005766,1620.301171050027,0.999246531373504
1620.4470000014096,1.0009282363830752,1620.4470000014096,0.9977598432019837,1620.4372780724982,0.9889002185174548,1620.3025598973477,0.9925158757137632
1620.44838884873,0.9932652870320551,1620.44838884873,0.9976627373322975,1620.438666919352,0.9901948498275251,1620.3039487446674,0.9911971866880096
1620.4497776955843,0.9970052053705125,1620.4497776955843,0.9976405955687576,1620.4400557666715,0.9949904224466914,1620.3053375919876,1.002806461657778
1620.451166542439,0.9999326154537443,1620.451166542439,0.9976537074741129,1620.441444613526,0.9975582098178044,1620.3067264393078,1.0154340440055036
1620.452555389759,1.0020280392588052,1620.452555389759,0.9975839179609304,1620.4428334603806,1.0038920490880698,1620.3081152866278,1.0062535109653572
1620.4539442366138,0.9878785158535178,1620.4539442366138,0.9975724112371839,1620.4442223077017,0.9983617647054824,1620.3095041339482,0.9898012275415448
1620.455333083468,0.9984563449240179,1620.455333083468,0.9974771328326586,1620.4456111545558,0.9972369645578198,1620.310892981268,1.0105214448710649
1620.4567219307885,1.0028276684095025,1620.4567219307885,0.9975152143249363,1620.4470000014096,0.9986860001900152,1620.3122818285876,1.002677270365366
1620.458110777642,1.0031611426672988,1620.458110777642,0.9976043164339087,1620.44838884873,0.9909437651575502,1620.313670675908,0.9888174436651888
1620.4594996244966,1.0033332168835314,1620.4594996244966,0.9974931692200261,1620.4497776955843,0.9946528668709896,1620.315059523229,1.0069878149708853
1620.4608884713518,1.0088499629014875,1620.4608884713518,0.9974457256757405,1620.451166542439,0.9975864810317144,1620.3164483705489,1.003290266397746
1620.4622773186718,1.0093514651886133,1620.4622773186718,0.9975322068018614,1620.452555389759,0.9996070573105078,1620.3178372174027,0.9853420551840504
1620.4636661655256,1.000136460330069,1620.4636661655256,0.9975078546435272,1620.4539442366138,0.9854803530694044,1620.3192260647222,0.9901293367260602
1620.4650550123797,1.0007807438186809,1620.4650550123797,0.997569258783568,1620.455333083468,0.9959373721933854,1620.320614912043,1.006587124881427
1620.4664438592347,0.9956937108047871,1620.4664438592347,0.9975578452283419,1620.4567219307885,1.000335856584481,1620.322003759364,1.0010654713742406
1620.4678327065556,0.9969104570926163,1620.4678327065556,0.9974773206217502,1620.458110777642,1.0007578860036694,1620.323392606684,1.0029357888694872
1620.4692215534103,0.991522619019364,1620.4692215534103,0.9974193324271897,1620.4594996244966,1.0008180302928775,1620.3247814540034,0.9934732912463758
1620.470610400264,0.9972977195150031,1620.470610400264,0.9974396342572719,1620.4608884713518,1.0062730833442182,1620.326170301323,1.00772116754133
1620.471999247118,0.9869508000402529,1620.471999247118,0.9974182956612672,1620.4622773186718,1.0068605945082896,1620.327559148643,1.0080939941747706
1620.4733880939723,0.9940572570860783,1620.4733880939723,0.997386723817873,1620.4636661655256,0.9976439748946184,1620.3289479954983,1.0046462652707029
1620.4747769412932,1.0014180475003973,1620.4747769412932,0.9974353722073113,1620.4650550123797,0.9983481048160692,1620.3303368428185,0.9979550262072794
1620.4761657881477,1.010665480603888,1620.4761657881477,0.9973395225282382,1620.4664438592347,0.9932620726578352,1620.331725690138,0.9936569182174946
1620.4775546350013,0.9869600638127772,1620.4775546350013,0.9972525582371544,1620.4678327065556,0.9943955716405471,1620.3331145374584,1.0033512941623886
1620.478943481856,0.9986864899451593,1620.478943481856,0.9971641105881079,1620.4692215534103,0.9889638287487528,1620.3345033847784,0.9996362799595014
1620.4803323287103,1.0019218258696152,1620.4803323287103,0.9971549053460825,1620.470610400264,0.994744272598656,1620.3358922320992,0.9918894236709166
1620.4817211760312,0.9904851567723367,1620.4817211760312,0.9970811044612992,1620.471999247118,0.9844027848776732,1620.337281078954,1.0074364845724122
1620.483110022886,1.0011947809305641,1620.483110022886,0.9971090702397807,1620.4733880939723,0.9914595109324648,1620.3386699262733,0.9973079144311906
1620.4844988697398,1.0040932593231242,1620.4844988697398,0.9972227301410658,1620.4747769412932,0.9988497829436777,1620.3400587735937,1.00131427164858
1620.485887716594,1.0019517450751416,1620.485887716594,0.9972065220993711,1620.4761657881477,1.007976627861254,1620.3414476209134,1.005368744297336
1620.4872765634489,0.9938079185021186,1620.4872765634489,0.9972754189390443,1620.4775546350013,0.9842484485151972,1620.342836468233,1.0171390156751647
1620.4886654103032,1.0014896110661737,1620.4886654103032,0.9973185652480238,1620.478943481856,0.9958543255025242,1620.3442253150877,1.001565586429926
1620.4900542576236,1.0002067750928088,1620.4900542576236,0.9973094483239049,1620.4803323287103,0.9990712634391904,1620.3456141624083,1.0004974646293814
1620.491443104478,1.00795848676753,1620.491443104478,0.9973638215494892,1620.4817211760312,0.9875940340670846,1620.3470030097285,1.002396121298187
1620.4928319513324,1.006052255460027,1620.4928319513324,0.9973260278490744,1620.483110022886,0.9983003971425958,1620.348391857049,0.9978099323570432
1620.494220798187,0.9874642660906873,1620.494220798187,0.9972947629996789,1620.4844988697398,1.0013046213784471,1620.3497807039028,1.0069104089308765
1620.4956096450408,1.0024211801548393,1620.4956096450408,0.997259791745848,1620.485887716594,0.9991528150177776,1620.3511695512227,1.000045532964711
1620.496998491895,1.0072830688329395,1620.496998491895,0.9972774159108181,1620.4872765634489,0.9911002082691398,1620.3525583985436,1.0079010567317634
1620.4983873387505,1.0092735961346797,1620.4983873387505,0.9972990239918025,1620.4886654103032,0.9988041820193176,1620.353947245864,1.0046819440863348
1620.499776185605,1.0021392058100669,1620.499776185605,0.9973291507429414,1620.4900542576236,0.9975156670776412,1620.3553360927183,1.0024063152455105
1620.5011650324593,0.998856379927837,1620.5011650324593,0.9973585088335698,1620.491443104478,1.005301328325704,1620.3567249400378,0.9783145517782526
1620.5025538793132,0.9898737409361218,1620.5025538793132,0.9973657123461623,1620.4928319513324,1.003362099746551,1620.3581137873573,0.9880730816316352
1620.5039427266329,1.0012154749795756,1620.5039427266329,0.9973875956475083,1620.494220798187,0.9847929412215638,1620.3595026346782,0.9992795597628316
1620.505331573488,0.992798093565768,1620.505331573488,0.9974375626414305,1620.4956096450408,0.9996743373628422,1620.3608914815334,0.9907486530057804
1620.506720420343,1.0045295888477204,1620.506720420343,0.9973879670598383,1620.496998491895,1.0045406559764327,1620.3622803288529,0.9986429137726616
1620.508109267197,1.0169272589264802,1620.508109267197,0.9973098162563879,1620.4983873387505,1.0065475723658126,1620.3636691761724,0.9909910650731308
1620.5094981140508,1.0039755614799533,1620.5094981140508,0.9972189441033398,1620.499776185605,0.9994626430567598,1620.365058023027,0.9924199846492744
1620.510886960905,1.0128579259932535,1620.510886960905,0.9972171271426636,1620.5011650324593,0.9962179096237253,1620.3664468703475,1.0070252607373866
1620.5122758077605,1.0063937225124895,1620.5122758077605,0.9972975229508573,1620.5025538793132,0.9872661287615156,1620.3678357176684,0.9966639287989476
1620.5136646546157,0.9960480916516226,1620.5136646546157,0.9973470274802774,1620.5039427266329,0.998599895314957,1620.3692245645225,0.9946548377008054
1620.5150535014693,1.0032210733829208,1620.5150535014693,0.9973965029641298,1620.505331573488,0.9902541106412984,1620.3706134118418,0.9875148610762062
1620.5164423483232,1.0065167963537838,1620.5164423483232,0.9974349193406301,1620.506720420343,1.001905724472283,1620.3720022591622,0.998391123273774
1620.517831195178,1.000308349876702,1620.517831195178,0.9974155269710858,1620.508109267197,1.0141915377460802,1620.3733911060165,0.9923127443234324
1620.5192200420322,1.0085946051328913,1620.5192200420322,0.9974525239230382,1620.5094981140508,1.0011834493245966,1620.3747799533364,0.9930846300147594
1620.520608888887,1.0010420143962306,1620.520608888887,0.9974178562871209,1620.510886960905,1.010039271162669,1620.3761688006568,0.991020831399315
1620.5219977357413,0.9984707028446557,1620.5219977357413,0.9974826638111132,1620.5122758077605,1.003673966574998,1620.3775576475111,0.997749448269591
1620.523386582596,1.000188711712996,1620.523386582596,0.9975657492247,1620.5136646546157,0.9934056034361486,1620.3789464948316,0.9936544716701368
1620.5247754294503,1.0018946887746507,1620.5247754294503,0.9974811171745102,1620.5150535014693,1.0006091902920458,1620.3803353421515,1.0176251310431927
1620.526164276305,1.00777310174543,1620.526164276305,0.9975313095257373,1620.5164423483232,1.0039349995861258,1620.3817241890065,1.0008995818714643
1620.5275531231594,0.9857094479696552,1620.5275531231594,0.9975980253265533,1620.517831195178,0.997723079925848,1620.3831130363262,1.0024253439471806
1620.5289419700136,0.9964166166887665,1620.5289419700136,0.9976286885600121,1620.5192200420322,1.0060252345049625,1620.384501883181,0.9894776716535004
1620.5303308168684,0.9883311571336794,1620.5303308168684,0.9976674903482129,1620.520608888887,0.9984571800524296,1620.385890730501,0.991544120695249
1620.5317196637227,0.9995681395194246,1620.5317196637227,0.9976502087073533,1620.5219977357413,0.9959572164108416,1620.3872795778204,0.9976867894733766
1620.5331085105763,0.973511686882828,1620.5331085105763,0.9976813230162284,1620.523386582596,0.9977540015660622,1620.3886684246745,0.997788525067664
1620.5344973574304,0.9977846846212098,1620.5344973574304,0.9975643339360863,1620.5247754294503,0.9993710334501468,1620.3900572719951,0.9990395942428392
1620.5358862042856,1.0049118660041352,1620.5358862042856,0.9976338356633272,1620.526164276305,1.005285221888933,1620.3914461188504,1.0066052021480143
1620.5372750506751,1.0040715732923493,1620.5372750506751,0.9976542983349165,1620.5275531231594,0.983341798840255,1620.3928349661703,0.990751099553138
1620.53866389753,0.9928710898576762,1620.53866389753,0.9976571179251486,1620.5289419700136,0.9940538025666183,1620.3942238134898,1.0046553039039965
1620.5400527443835,0.9962941269107111,1620.5400527443835,0.9977561854991979,1620.5303308168684,0.9860258651705032,1620.3956126603437,0.9864084779933744
1620.5414415912376,1.0091910314667591,1620.5414415912376,0.9976625713291389,1620.5317196637227,0.9972193630087748,1620.3970015076643,0.994439405614038
1620.5428304380928,0.9931959568060761,1620.5428304380928,0.9975984027879141,1620.5331085105763,0.97125442774102,1620.3983903545195,1.0022540856321478
1620.544219284948,0.99702308808294,1620.544219284948,0.9976717106632802,1620.5344973574304,0.9953544143257852,1620.39977920184,1.0180817519236318
1620.5456081318025,1.0051390559579993,1620.5456081318025,0.9977478905004263,1620.5358862042856,1.0025340793852968,1620.401168048694,0.9942048089063024
1620.546996978656,0.9946324664001331,1620.546996978656,0.997671517495907,1620.5372750506751,1.0017163209310145,1620.4025568960135,1.0000859689557606
1620.54838582551,0.9989461704707844,1620.54838582551,0.9976317401776268,1620.53866389753,0.9905449099786104,1620.4039457428678,1.0022105234972525
1620.5497746723645,0.9901190669547336,1620.5497746723645,0.9977550696235732,1620.5400527443835,0.9940586277016848,1620.4053345901889,1.0017278740713145
1620.5511635187538,0.9970478899183702,1620.5511635187538,0.9978192721433041,1620.5414415912376,1.0068321194154328,1620.4067234370432,0.9966608706147508
1620.5525523656086,0.9958175587698795,1620.5525523656086,0.9977885869972649,1620.5428304380928,0.9908107001651556,1620.4081122843625,1.00852750877461
1620.5539412124624,0.9951327608148918,1620.5539412124624,0.9976984588602423,1620.544219284948,0.994701729858493,1620.4095011312172,0.9909159017015328
1620.5553300593167,1.0043726520461222,1620.5553300593167,0.9976589085670527,1620.5456081318025,1.002875372741684,1620.4108899785372,0.9961400958258232
1620.5567189061717,1.004827715440741,1620.5567189061717,0.9977486979078329,1620.546996978656,0.9923164821041176,1620.4122788253924,0.9985294891187768
1620.558107753027,1.0021683572702937,1620.558107753027,0.997748652629218,1620.54838582551,0.9965804063905448,1620.4136676727128,0.9883926958600476
1620.5594965994153,1.0030375662861757,1620.5594965994153,0.9976341296480301,1620.5497746723645,0.9878963185850476,1620.4150565195666,1.0017579801957428
1620.5608854462691,1.0043700087530993,1620.5608854462691,0.9976390021002609,1620.5511635187538,0.9948735998103654,1620.4164453668866,1.0032142875103622
1620.5622742931237,0.9984308721673348,1620.5622742931237,0.9976083565259798,1620.5525523656086,0.993615394872064,1620.4178342137411,0.9913547851136292
1620.5636631399782,0.9933498973892656,1620.5636631399782,0.9976170980237039,1620.5539412124624,0.9928424218263556,1620.4192230610608,0.9963190335811732
1620.565051986832,1.0022686188189702,1620.565051986832,0.9977139368239145,1620.5553300593167,1.0020213238349305,1620.4206119079151,1.006637075223312
1620.566440833221,0.9946495379806194,1620.566440833221,0.9977557886748926,1620.5567189061717,1.0025655447027018,1620.422000755236,0.9957990743080316
1620.567829680076,1.0008673915520823,1620.567829680076,0.9977709315694182,1620.558107753027,0.9999121281740724,1620.4233896020908,0.9856809699527286
1620.5692185269306,1.0071236233196634,1620.5692185269306,0.9976840974990401,1620.5594965994153,1.0006645094461872,1620.424778448945,0.9861758521154548
1620.570607373785,0.9988505763507026,1620.570607373785,0.9977160594421446,1620.5608854462691,1.0019986932718723,1620.4261672962646,0.9970423960832407
1620.5719962206388,0.9887973420673111,1620.5719962206388,0.9977312211811601,1620.5622742931237,0.9960429814876556,1620.4275561431184,1.007271818343315
1620.573385067027,0.9897449001684032,1620.573385067027,0.9977434214874379,1620.5636631399782,0.9909828419556233,1620.4289449904393,0.9978464266884608
1620.5747739138822,1.0175900055342955,1620.5747739138822,0.9978011644225967,1620.565051986832,0.999977369436942,1620.4303338372945,0.9830333299942492
1620.5761627607374,0.9971132871085516,1620.5761627607374,0.9978842799934425,1620.566440833221,0.9924173342229704,1620.4317226841483,0.9883821621144802
1620.5775516075912,0.9988302947458678,1620.5775516075912,0.9979516625997743,1620.567829680076,0.9986363896463748,1620.4331115314678,1.0054462182969937
1620.5789404539794,1.005649600273758,1620.5789404539794,0.9979331522565001,1620.5692185269306,1.0047912232016416,1620.434500378322,0.99761733471228
1620.5803293008337,0.9949323931502481,1620.5803293008337,0.9980062138424776,1620.570607373785,0.996569261008138,1620.435889225643,0.996709054005766
1620.581718147689,1.0045418246331774,1620.581718147689,0.9980534923378106,1620.5719962206388,0.9865539796015036,1620.4372780724982,0.9889002185174548
1620.583106994544,1.0127350306006448,1620.583106994544,0.9980448228644259,1620.573385067027,0.9875114630937653,1620.438666919352,0.9901948498275251
1620.5844958409325,0.9889746620865447,1620.5844958409325,0.9980180281455999,1620.5747739138822,1.0153524924269166,1620.4400557666715,0.9949904224466914
1620.585884687786,0.996721577125042,1620.585884687786,0.9979284399557433,1620.5761627607374,0.9950036745782118,1620.441444613526,0.9975582098178044
1620.5872735346409,1.0037963229689633,1620.5872735346409,0.9978862273417191,1620.5775516075912,0.9967843532966614,1620.4428334603806,1.0038920490880698
1620.5886623810295,1.0156991072613595,1620.5886623810295,0.9977881611586391,1620.5789404539794,1.0035710756666807,1620.4442223077017,0.9983617647054824
1620.5900512278845,1.0121238873373493,1620.5900512278845,0.9977478483450762,1620.5803293008337,0.9929487107171144,1620.4456111545558,0.9972369645578198
1620.5914400747386,1.0023216875543417,1620.5914400747386,0.9976928434947933,1620.581718147689,1.0025864762745391,1620.4470000014096,0.9986860001900152
1620.5928289211276,0.9975579535910623,1620.5928289211276,0.9977910664163975,1620.583106994544,1.0107549542244194,1620.44838884873,0.9909437651575502
1620.594217767982,0.9940982278939324,1620.594217767982,0.9977797232411126,1620.5844958409325,0.9870145421415744,1620.4497776955843,0.9946528668709896
1620.5956066148365,1.0073426240083958,1620.5956066148365,0.9977799610365798,1620.585884687786,0.9946568085306212,1620.451166542439,0.9975864810317144
1620.596995461225,1.0003932281219257,1620.596995461225,0.997782383659106,1620.5872735346409,1.0016745257469886,1620.452555389759,0.9996070573105078
1620.5983843080796,1.000770076472085,1620.5983843080796,0.9978855430169087,1620.5886623810295,1.0134525445247833,1620.4539442366138,0.9854803530694044
1620.5997731549344,1.0059655739713713,1620.5997731549344,0.9979029665112205,1620.5900512278845,1.0098444308494945,1620.455333083468,0.9959373721933854
1620.601162001323,0.9957484381195396,1620.601162001323,0.997935381058397,1620.5914400747386,1.000009174552591,1620.4567219307885,1.000335856584481
1620.6025508481778,0.9881950010784226,1620.6025508481778,0.9978338355758957,1620.5928289211276,0.9953544143257852,1620.458110777642,1.0007578860036694
1620.6039396950316,0.9965880531470069,1620.6039396950316,0.9978357450265778,1620.594217767982,0.9918910547024884,1620.4594996244966,1.0008180302928775
1620.6053285414202,1.0049818445343461,1620.6053285414202,0.9978780707833091,1620.5956066148365,1.0051062841335832,1620.4608884713518,1.0062730833442182
1620.6067173882757,0.9963114391750595,1620.6067173882757,0.9978722693357484,1620.596995461225,0.9981747397519228,1620.4622773186718,1.0068605945082896
1620.6081062346643,1.0179301157542953,1620.6081062346643,0.9978777687283982,1620.5983843080796,0.9986539911954198,1620.4636661655256,0.9976439748946184
1620.6094950815184,1.005793481074778,1620.6094950815184,0.9979242484833479,1620.5997731549344,1.003856030474194,1620.4650550123797,0.9983481048160692
1620.6108839283722,0.9995119629676736,1620.6108839283722,0.9979557463211324,1620.601162001323,0.9936925970331264,1620.4664438592347,0.9932620726578352
1620.6122727747618,1.0010607060182806,1620.6122727747618,0.9979844241404443,1620.6025508481778,0.9860544082230088,1620.4678327065556,0.9943955716405471
1620.6136616216168,1.006441157180483,1620.6136616216168,0.9980342110344607,1620.6039396950316,0.9944311824965304,1620.4692215534103,0.9889638287487528
1620.6150504680056,0.9888936903566286,1620.6150504680056,0.9979847048407553,1620.6053285414202,1.0028493441961848,1620.470610400264,0.994744272598656
1620.6164393148597,1.0005599605716289,1620.6164393148597,0.9979265158447859,1620.6067173882757,0.994191556774782,1620.471999247118,0.9844027848776732
1620.6178281612476,1.0019726868354308,1620.6178281612476,0.9978483385056477,1620.6081062346643,1.0157698326303362,1620.4733880939723,0.9914595109324648
1620.619217008102,0.9954517108908916,1620.619217008102,0.9977438977319928,1620.6094950815184,1.0037057037309982,1620.4747769412932,0.9988497829436777
1620.6206058549571,0.989679634740751,1620.6206058549571,0.9978539904415534,1620.6108839283722,0.9974687069603048,1620.4761657881477,1.007976627861254
1620.6219947013462,0.9943579406317054,1620.6219947013462,0.9978710265077335,1620.6122727747618,0.9990429922252804,1620.4775546350013,0.9842484485151972
1620.6233835482,1.0029048405141572,1620.6233835482,0.9978778309957912,1620.6136616216168,1.004462706259233,1620.478943481856,0.9958543255025242
1620.6247723945887,0.9981645945294673,1620.6247723945887,0.9978627071399346,1620.6150504680056,0.9869007776894452,1620.4803323287103,0.9990712634391904
1620.6261612414437,0.9985592357762809,1620.6261612414437,0.9978018919756065,1620.6164393148597,0.998485315347042,1620.4817211760312,0.9875940340670846
1620.627550087833,0.9944351766656047,1620.627550087833,0.997784229384406,1620.6178281612476,0.9998167807867744,1620.483110022886,0.9983003971425958
1620.6289389346873,1.0164836173687037,1620.6289389346873,0.9978639622617455,1620.619217008102,0.993205870028259,1620.4844988697398,1.0013046213784471
1620.6303277810755,1.001049145272684,1620.6303277810755,0.9978472059557205,1620.6206058549571,0.9875557727847974,1620.485887716594,0.9991528150177776
1620.6317166279298,0.9942483375859236,1620.6317166279298,0.9979024915513477,1620.6219947013462,0.9922409789342758,1620.4872765634489,0.9911002082691398
1620.6331054743189,0.994268194430041,1620.6331054743189,0.9978448321384344,1620.6233835482,1.000776506947447,1620.4886654103032,0.9988041820193176
1620.6344943211727,0.9941052475264891,1620.6344943211727,0.9977761641562487,1620.6247723945887,0.9960312244684094,1620.4900542576236,0.9975156670776412
1620.6358831675614,0.9910623157455476,1620.6358831675614,0.9977416716995827,1620.6261612414437,0.9963642947072888,1620.491443104478,1.005301328325704
1620.6372720144166,1.0031466397355682,1620.6372720144166,0.9976293076879476,1620.627550087833,0.992231736422036,1620.4928319513324,1.003362099746551
1620.6386608608057,1.0130590788631415,1620.6386608608057,0.9975169472353148,1620.6289389346873,1.0143123700016867,1620.494220798187,0.9847929412215638
1620.64004970766,1.0057298345840702,1620.64004970766,0.9976175768793127,1620.6303277810755,0.99889409263471,1620.4956096450408,0.9996743373628422
1620.641438554048,1.005355152616716,1620.641438554048,0.9975757451199952,1620.6317166279298,0.9921628932977786,1620.496998491895,1.0045406559764327
1620.6428274004372,1.0048371472768023,1620.6428274004372,0.9974675852201859,1620.6331054743189,0.9921253795716286,1620.4983873387505,1.0065475723658126
1620.6442162472924,0.9987808111372829,1620.6442162472924,0.9974537704094908,1620.6344943211727,0.9918945206445784,1620.499776185605,0.9994626430567598
1620.645605093681,1.0025068985076004,1620.645605093681,0.9974076508437734,1620.6358831675614,0.9888241716704224,1620.5011650324593,0.9962179096237253
1620.648382786923,1.013914869146519,1620.648382786923,0.99738896890534,1620.6372720144166,1.0007684877088858,1620.5025538793132,0.9872661287615156
1620.6497716337774,0.9955037137368273,1620.6497716337774,0.9973464171599664,1620.6386608608057,1.010543599716581,1620.5039427266329,0.998599895314957
1620.651160480167,1.0070430354628914,1620.651160480167,0.9973907479355825,1620.64004970766,1.0033337605729922,1620.505331573488,0.9902541106412984
1620.6525493265565,1.017161798883793,1620.6525493265565,0.997331070768565,1620.641438554048,1.0029179154818468,1620.506720420343,1.001905724472283
1620.6539381734103,1.006632462657508,1620.6539381734103,0.9974247507498318,1620.6428274004372,1.0022924828337323,1620.508109267197,1.0141915377460802
1620.6553270197985,1.0136988443982144,1620.6553270197985,0.997459122291884,1620.6442162472924,0.9962376858815324,1620.5094981140508,1.0011834493245966
1620.6567158666533,1.0022041071947094,1620.6567158666533,0.9974886099147159,1620.645605093681,0.999908050595143,1620.510886960905,1.010039271162669
1620.6581047130428,1.0036994860854342,1620.6581047130428,0.9974314862204239,1620.646993940535,1.018979227045983,1620.5122758077605,1.003673966574998
1620.6594935594323,0.9959285526054801,1620.6594935594323,0.9974045724438299,1620.648382786923,1.0112675058958394,1620.5136646546157,0.9934056034361486
1620.6608824062862,1.0013506515468966,1620.6608824062862,0.9974250672743434,1620.6497716337774,0.9928620621648656,1620.5150535014693,1.0006091902920458
1620.6622712526744,1.0011346159598904,1620.6622712526744,0.997360558064628,1620.651160480167,1.0044154063436526,1620.5164423483232,1.0039349995861258
1620.663660099063,1.0015189448476205,1620.663660099063,0.9973070650596925,1620.6525493265565,1.014447066025653,1620.517831195178,0.997723079925848
1620.6650489459173,1.0043925613705702,1620.6650489459173,0.9973713924539345,1620.6539381734103,1.0040401331628543,1620.5192200420322,1.0060252345049625
1620.6664377923064,0.9929564536711322,1620.6664377923064,0.9973545266257348,1620.6553270197985,1.01112315960174,1620.520608888887,0.9984571800524296
1620.667826638695,0.9992605612320038,1620.667826638695,0.9972552247287304,1620.6567158666533,0.9996871817364696,1620.5219977357413,0.9959572164108416
1620.6692154855498,1.0033625967871775,1620.6692154855498,0.9972590722030157,1620.6581047130428,1.0011214701248703,1620.523386582596,0.9977540015660622
1620.6706043319384,1.0066851956542457,1620.6706043319384,0.9972528780585593,1620.6594935594323,0.9933436921960712,1620.5247754294503,0.9993710334501468
1620.6719931783275,1.0000168759916708,1620.6719931783275,0.99725594960965,1620.6608824062862,0.998772240984371,1620.526164276305,1.005285221888933
1620.6733820251818,0.9909872068934696,1620.6733820251818,0.9972533778474821,1620.6622712526744,0.9984921792715732,1620.5275531231594,0.983341798840255
1620.674770871571,1.0079182256594383,1620.674770871571,0.9972636177676671,1620.663660099063,0.9988219194876604,1620.5289419700136,0.9940538025666183
1620.6761597179595,1.0027426785298053,1620.6761597179595,0.9972652975973018,1620.6650489459173,1.0017524075045394,1620.5303308168684,0.9860258651705032
1620.6775485648143,0.9941920746578132,1620.6775485648143,0.9972625468140289,1620.6664377923064,0.9903296138111404,1620.5317196637227,0.9972193630087748
1620.6789374112025,0.9992850170829599,1620.6789374112025,0.997236259215477,1620.667826638695,0.9965178155539792,1620.5331085105763,0.97125442774102
1620.6803262575904,0.987941227570317,1620.6803262575904,0.9972635108529095,1620.6692154855498,1.0006124523551891,1620.5344973574304,0.9953544143257852
1620.6817151039795,1.0058792627153328,1620.6817151039795,0.9972551355902262,1620.6706043319384,1.0039197086651406,1620.5358862042856,1.0025340793852968
1620.683103950835,0.9897891372064846,1620.683103950835,0.9972149767517633,1620.6719931783275,0.9972727792927494,1620.5372750506751,1.0017163209310145
1620.684492797224,0.9887624918470376,1620.684492797224,0.9972439553899907,1620.6733820251818,0.9882653394781542,1620.53866389753,0.9905449099786104
1620.6858816436122,1.000861654949371,1620.6858816436122,0.9972662375767267,1620.674770871571,1.0051601761350994,1620.5400527443835,0.9940586277016848
1620.6872704900004,0.9955873334255168,1620.6872704900004,0.9972635371164851,1620.6761597179595,1.0000004757175418,1620.5414415912376,1.0068321194154328
1620.6886593368556,0.9862304721131645,1620.6886593368556,0.9973139670431346,1620.6775485648143,0.991470520395574,1620.5428304380928,0.9908107001651556
1620.6900481832452,1.0052965745033724,1620.6900481832452,0.9973821250161515,1620.6789374112025,0.996523252325885,1620.544219284948,0.994701729858493
1620.691437029633,1.0020711433677147,1620.691437029633,0.9973715945445609,1620.6803262575904,0.9852377371231076,1620.5456081318025,1.002875372741684
1620.6928258760215,1.0019593431067342,1620.6928258760215,0.9974562269831531,1620.6817151039795,1.0031182605265758,1620.546996978656,0.9923164821041176
1620.6942147228758,0.9961360973080714,1620.6942147228758,0.9974027294671918,1620.683103950835,0.9870325514485124,1620.54838582551,0.9965804063905448
1620.695603569265,1.0050046347988653,1620.695603569265,0.9974010274656187,1620.684492797224,0.9860374183108032,1620.5497746723645,0.9878963185850476
1620.6969924156544,1.0013007143231123,1620.6969924156544,0.9973774836694008,1620.6858816436122,0.9981255369661752,1620.5511635187538,0.9948735998103654
1620.698381262043,1.0025674333483279,1620.698381262043,0.9973938606952201,1620.6872704900004,0.9928629456403002,1620.5525523656086,0.993615394872064
1620.6997701084313,1.0006819876939677,1620.6997701084313,0.9974169037788349,1620.6886593368556,0.9835814245620036,1620.5539412124624,0.9928424218263556
1620.7011589552856,1.006645773591781,1620.7011589552856,0.9973702450221782,1620.6900481832452,1.0026648337496316,1620.5553300593167,1.0020213238349305
1620.7025478016749,1.011791808579917,1620.7025478016749,0.9973526613188691,1620.691437029633,0.999437294107749,1620.5567189061717,1.0025655447027018
1620.7039366480633,1.0005238190482262,1620.7039366480633,0.9974205294770059,1620.6928258760215,0.9994105859657616,1620.558107753027,0.9999121281740724
1620.7053254944524,1.002144231891111,1620.7053254944524,0.997429803396039,1620.6942147228758,0.9935488623758666,1620.5594965994153,1.0006645094461872
1620.706714340841,1.0032118523898548,1620.706714340841,0.9975322126947456,1620.695603569265,1.0023926553560971,1620.5608854462691,1.0019986932718723
1620.70810318723,1.001907055584226,1620.70810318723,0.9975181176182703,1620.6969924156544,0.9986747868479594,1620.5622742931237,0.9960429814876556
1620.7094920340844,1.0006458133236114,1620.7094920340844,0.9974126194427925,1620.698381262043,0.9999546029545864,1620.5636631399782,0.9909828419556233
1620.7108808804726,0.9909916529496932,1620.7108808804726,0.9974424291718124,1620.6997701084313,0.9980971298329674,1620.565051986832,0.999977369436942
1620.7122697268617,1.0024262770191061,1620.7122697268617,0.9974479373538302,1620.7011589552856,1.0039985418577748,1620.566440833221,0.9924173342229704
1620.7136585732512,0.9966660365648038,1620.7136585732512,0.9974455782704209,1620.7025478016749,1.009113252987812,1620.567829680076,0.9986363896463748
1620.71504741964,0.9852043367196359,1620.71504741964,0.9974654910989299,1620.7039366480633,0.9979429973494378,1620.5692185269306,1.0047912232016416
1620.716436266028,0.9947639549474495,1620.716436266028,0.9973846325315961,1620.7053254944524,0.9995685241896254,1620.570607373785,0.996569261008138
1620.7178251124162,1.0072983378320222,1620.7178251124162,0.9974282682476558,1620.706714340841,1.0007361389160463,1620.5719962206388,0.9865539796015036
1620.7192139588058,0.9955548308594361,1620.7192139588058,0.9974078421458861,1620.70810318723,0.9994204401148408,1620.573385067027,0.9875114630937653
1620.7206028051953,0.9891030183280926,1620.7206028051953,0.9974964650831968,1620.7094920340844,0.9980567618015668,1620.5747739138822,1.0153524924269166
1620.7219916520496,0.9975544245964194,1620.7219916520496,0.9974507630305277,1620.7108808804726,0.9884571216071316,1620.5761627607374,0.9950036745782118
1620.7233804984378,1.0057172523351212,1620.7233804984378,0.9974242970509064,1620.7122697268617,0.9998680223619866,1620.5775516075912,0.9967843532966614
1620.724769344826,0.9965742250140215,1620.724769344826,0.9974349074280489,1620.7136585732512,0.9941201311838692,1620.5789404539794,1.0035710756666807
1620.726158191215,1.0052367225291794,1620.726158191215,0.997319819215667,1620.71504741964,0.9827073275588472,1620.5803293008337,0.9929487107171144
1620.7275470376046,0.9965383094479944,1620.7275470376046,0.9973339182993761,1620.716436266028,0.9921622816609392,1620.581718147689,1.0025864762745391
1620.7289358839942,0.9944867593965244,1620.7289358839942,0.9974035725062458,1620.7178251124162,1.0047078367125362,1620.583106994544,1.0107549542244194
1620.7303247303823,1.0025032881672062,1620.7303247303823,0.9974287326404887,1620.7192139588058,0.9929741955854228,1620.5844958409325,0.9870145421415744
1620.7317135767703,1.0011251101534406,1620.7317135767703,0.9974356033675835,1620.7206028051953,0.9866267643853928,1620.585884687786,0.9946568085306212
1620.7331024231592,0.993002977761786,1620.7331024231592,0.997499700251712,1620.7219916520496,0.9950114219781776,1620.5872735346409,1.0016745257469886
1620.7344912695478,1.0062514922409378,1620.7344912695478,0.9974871145650118,1620.7233804984378,1.0031268234423274,1620.5886623810295,1.0134525445247833
1620.7358801159369,1.0101803109763023,1620.7358801159369,0.9973868227752415,1620.724769344826,0.99401791987204,1620.5900512278845,1.0098444308494945
1620.7372689623255,1.005156931692748,1620.7372689623255,0.9973247510705857,1620.726158191215,1.0025425063817508,1620.5914400747386,1.000009174552591
1620.7386578087146,1.0001953505779548,1620.7386578087146,0.997316355414385,1620.7275470376046,0.9938814568972044,1620.5928289211276,0.9953544143257852
1620.7400466551032,0.9958653271708643,1620.7400466551032,0.9972446084115247,1620.7289358839942,0.9919046466322528,1620.594217767982,0.9918910547024884
1620.7414355014923,0.9905863573668879,1620.7414355014923,0.9973560216239689,1620.7303247303823,0.9999255841845393,1620.5956066148365,1.0051062841335832
1620.742824347881,0.9980292101562174,1620.742824347881,0.9973543777864832,1620.7317135767703,0.9985578282923356,1620.596995461225,0.9981747397519228
1620.74421319427,0.9930812437667642,1620.74421319427,0.997272380850793,1620.7331024231592,0.990520172666439,1620.5983843080796,0.9986539911954198
1620.7456020406587,1.006948330065211,1620.7456020406587,0.9973361423727217,1620.7344912695478,1.0037228975221504,1620.5997731549344,1.003856030474194
1620.7469908870478,1.0043291337106843,1620.7469908870478,0.9973360609723636,1620.7358801159369,1.0075405307947596,1620.601162001323,0.9936925970331264
1620.748379733436,1.0089696490027205,1620.748379733436,0.997320334239686,1620.7372689623255,1.0024678866873435,1620.6025508481778,0.9860544082230088
1620.749768579824,1.01586707405345,1620.749768579824,0.9973233459926603,1620.7386578087146,0.997511181740819,1620.6039396950316,0.9944311824965304
1620.7511574262132,0.9948842896508368,1620.7511574262132,0.9972749931679104,1620.7400466551032,0.9931213282251236,1620.6053285414202,1.0028493441961848
1620.7525462726028,0.9969110866270213,1620.7525462726028,0.9972973348790389,1620.7414355014923,0.9879672684584184,1620.6067173882757,0.994191556774782
1620.753935118992,1.00249723035461,1620.753935118992,0.9973831713610851,1620.742824347881,0.9953888019080894,1620.6081062346643,1.0157698326303362
1620.75532396538,0.9996295180497677,1620.75532396538,0.9972917899910777,1620.74421319427,0.9903724963495476,1620.6094950815184,1.0037057037309982
1620.7567128117682,1.0018873962550476,1620.7567128117682,0.9972518487500325,1620.7456020406587,1.0042659630758917,1620.6108839283722,0.9974687069603048
1620.758101657692,0.9984754351832996,1620.758101657692,0.9972987932670931,1620.7469908870478,1.0016536621348002,1620.6122727747618,0.9990429922252804
1620.7594905040817,0.9970271949396882,1620.7594905040817,0.9972824160961272,1620.748379733436,1.0062659475810918,1620.6136616216168,1.004462706259233
1620.7608793504698,0.9995452245673406,1620.7608793504698,0.9973486972095281,1620.749768579824,1.0131479493787603,1620.6150504680056,0.9869007776894452
1620.762268196858,0.9878066054142465,1620.762268196858,0.9973500244838963,1620.7511574262132,0.9921732231643996,1620.6164393148597,0.998485315347042
1620.763657043247,0.9912721307357236,1620.763657043247,0.9973601892438614,1620.7525462726028,0.994216769804495,1620.6178281612476,0.9998167807867744
1620.7650458896358,1.0108191918636902,1620.7650458896358,0.9973676401052706,1620.753935118992,0.9998738668917851,1620.619217008102,0.993205870028259
1620.7664347360253,0.9989995148690604,1620.7664347360253,0.9973463582706085,1620.75532396538,0.9969223113837712,1620.6206058549571,0.9875557727847974
1620.767823582414,0.99239168629946,1620.767823582414,0.9973408543985632,1620.7567128117682,0.9991340581547026,1620.6219947013462,0.9922409789342758
1620.769212428802,0.9989695089868852,1620.769212428802,0.9973072651993092,1620.758101657692,0.9957783466151404,1620.6233835482,1.000776506947447
1620.770601274725,1.000451390634201,1620.770601274725,0.997318772335658,1620.7594905040817,0.9943176898829966,1620.6247723945887,0.9960312244684094
1620.7719901211142,0.9963397449177261,1620.7719901211142,0.9973517898661994,1620.7608793504698,0.9968951275242424,1620.6261612414437,0.9963642947072888
1620.7733789675028,1.0005382877286695,1620.7733789675028,0.9973208624083849,1620.762268196858,0.9851889420952532,1620.627550087833,0.992231736422036
1620.774767813892,0.9950374183943259,1620.774767813892,0.9973272354199864,1620.763657043247,0.988655359902747,1620.6289389346873,1.0143123700016867
1620.7761566602803,1.0095576430991993,1620.7761566602803,0.9973358222707014,1620.7650458896358,1.0081583519622055,1620.6303277810755,0.99889409263471
1620.7775455066696,0.999599802016758,1620.7775455066696,0.9973410176264907,1620.7664347360253,0.996348528068762,1620.6317166279298,0.9921628932977786
1620.7789343525926,1.0054025424238562,1620.7789343525926,0.9972670660490102,1620.767823582414,0.9897527723119344,1620.6331054743189,0.9921253795716286
1620.7803231989808,1.0018897009318564,1620.7803231989808,0.9972256102337382,1620.769212428802,0.9962795490252072,1620.6344943211727,0.9918945206445784
1620.78171204537,0.996811105259439,1620.78171204537,0.9972166276345302,1620.770601274725,0.9977689526888032,1620.6358831675614,0.9888241716704224
1620.7831008917594,0.9913347134906635,1620.7831008917594,0.9972392296834,1620.7719901211142,0.9937012279085268,1620.6372720144166,1.0007684877088858
1620.784489738148,0.9971388590664879,1620.784489738148,0.9972594050913516,1620.7733789675028,0.9978577079901654,1620.6386608608057,1.010543599716581
1620.7858785840706,1.0018841217798415,1620.7858785840706,0.9972365899917156,1620.774767813892,0.9923779176266534,1620.64004970766,1.0033337605729922
1620.7872674304588,0.9960267727881671,1620.7872674304588,0.9972324589581495,1620.7761566602803,1.0068680021100112,1620.641438554048,1.0029179154818468
1620.7886562768483,0.9980867528980535,1620.7886562768483,0.9972656239942579,1620.7775455066696,0.9969418837626322,1620.6428274004372,1.0022924828337323
1620.790045123238,1.0017304991234126,1620.790045123238,0.9971915597952096,1620.7789343525926,1.0026548436812546,1620.6442162472924,0.9962376858815324
1620.7914339696265,0.9945546223207874,1620.7914339696265,0.9970973107363439,1620.7803231989808,0.999110068398668,1620.645605093681,0.999908050595143
1620.792822815549,0.9843098203485945,1620.792822815549,0.9971863575653975,1620.78171204537,0.9940366087754664,1620.646993940535,1.018979227045983
1620.7942116619372,0.9942365889488965,1620.7942116619372,0.9972513903071215,1620.7831008917594,0.9885978660398432,1620.648382786923,1.0112675058958394
1620.7956005083263,0.9959155370170414,1620.7956005083263,0.997278878894546,1620.784489738148,0.9944061053861148,1620.6497716337774,0.9928620621648656
1620.7969893547158,1.0061342731177683,1620.7969893547158,0.9972860659465698,1620.7858785840706,0.999115505170574,1620.651160480167,1.0044154063436526
1620.7983782006395,0.9945834055807588,1620.7983782006395,0.9973271512082922,1620.7872674304588,0.993270227815694,1620.6525493265565,1.014447066025653
1620.799767047028,1.0007538199067842,1620.799767047028,0.9974246960710245,1620.7886562768483,0.99535760842928,1620.6539381734103,1.0040401331628543
1620.801155893416,0.9876471396076196,1620.801155893416,0.997429792730798,1620.790045123238,0.9989171989153096,1620.6553270197985,1.01112315960174
1620.802544739339,0.9970817573903422,1620.802544739339,0.9974631259865484,1620.7914339696265,0.9916677392964572,1620.6567158666533,0.9996871817364696
1620.8039335857286,0.988590638106946,1620.8039335857286,0.9975132112410624,1620.792822815549,0.9815403244692658,1620.6581047130428,1.0011214701248703
1620.8053224321172,0.9987851792441771,1620.8053224321172,0.9975701832221607,1620.7942116619372,0.9915038206234972,1620.6594935594323,0.9933436921960712
1620.8067112785054,1.0032717550782666,1620.8067112785054,0.9976394237206108,1620.7956005083263,0.9932055302300148,1620.6608824062862,0.998772240984371
1620.8081001244288,1.0003996258215075,1620.8081001244288,0.9975912942262903,1620.7969893547158,1.0034036910516306,1620.6622712526744,0.9984921792715732
1620.8094889708177,1.0145226460363521,1620.8094889708177,0.9976575290357782,1620.7983782006395,0.9919250345268996,1620.663660099063,0.9988219194876604
1620.8108778172066,1.0054386441596526,1620.8108778172066,0.9977534738248672,1620.799767047028,0.998176574662441,1620.6650489459173,1.0017524075045394
1620.8122666631295,1.003822916502375,1620.8122666631295,0.9978128067056697,1620.801155893416,0.9851086817499936,1620.6664377923064,0.9903296138111404
1620.8136555095186,1.0040151445610026,1620.8136555095186,0.9979216234164228,1620.802544739339,0.994552286590732,1620.667826638695,0.9965178155539792
1620.8150443559073,1.0175743432794564,1620.8150443559073,0.9980287012330071,1620.8039335857286,0.9861322220209108,1620.6692154855498,1.0006124523551891
1620.8164332018307,0.9998002322798075,1620.8164332018307,0.998014264445735,1620.8053224321172,0.9963583142581924,1620.6706043319384,1.0039197086651406
1620.8178220482189,1.0054938057380194,1620.8178220482189,0.9980428290790304,1620.8067112785054,1.0009034555714476,1620.6719931783275,0.9972727792927494
1620.819210894142,0.992811539078611,1620.819210894142,0.9981107620464758,1620.8081001244288,0.9979899574667742,1620.6733820251818,0.9882653394781542
1620.8205997405314,1.0131060014567554,1620.8205997405314,0.9982211090390805,1620.8094889708177,1.0121461561954666,1620.674770871571,1.0051601761350994
1620.82198858692,0.9958222292246791,1620.82198858692,0.9981441714070597,1620.8108778172066,1.003179899928058,1620.6761597179595,1.0000004757175418
1620.8233774328437,0.993642492010262,1620.8233774328437,0.9981445453812104,1620.8122666631295,1.001627361750706,1620.6775485648143,0.991470520395574
1620.8247662792317,0.9946507037897019,1620.8247662792317,0.9981567126766965,1620.8136555095186,1.00192842299499,1620.6789374112025,0.996523252325885
1620.8261551256198,0.9973225020290001,1620.8261551256198,0.9980996087870575,1620.8150443559073,1.015568400231226,1620.6803262575904,0.9852377371231076
1620.8275439715435,0.9936872322346662,1620.8275439715435,0.9981185488831312,1620.8164332018307,0.9978148934114072,1620.6817151039795,1.0031182605265758
1620.8289328179333,1.0114938837212666,1620.8289328179333,0.998067215744611,1620.8178220482189,1.0035258825002138,1620.683103950835,0.9870325514485124
1620.8303216638558,1.0122852715051733,1620.8303216638558,0.9981149178580669,1620.819210894142,0.9909358818382868,1620.684492797224,0.9860374183108032
1620.831710510244,1.0053803033994082,1620.831710510244,0.9981305601440023,1620.8205997405314,1.0113037963483107,1620.6858816436122,0.9981255369661752
1620.833099356167,1.002638094788771,1620.833099356167,0.9981176213450924,1620.82198858692,0.9939741538581984,1620.6872704900004,0.9928629456403002
1620.8344882025565,0.9964133967042954,1620.8344882025565,0.9981804112150212,1620.8233774328437,0.991798833459036,1620.6886593368556,0.9835814245620036
1620.835877048946,0.9956637375903654,1620.835877048946,0.9982592377714733,1620.8247662792317,0.9928172767562914,1620.6900481832452,1.0026648337496316
1620.8372658948686,0.9968945129295642,1620.8372658948686,0.9983881594711553,1620.8261551256198,0.9954271991096744,1620.691437029633,0.999437294107749
1620.8386547412567,1.002934943785781,1620.8386547412567,0.9984374660154792,1620.8275439715435,0.99181765828176,1620.6928258760215,0.9994105859657616
1620.8400435871797,1.0085464658035295,1620.8400435871797,0.9985443124038488,1620.8289328179333,1.009538884268388,1620.6942147228758,0.9935488623758666
1620.8414324335688,0.9975344106078652,1620.8414324335688,0.9986008763605779,1620.8303216638558,1.010377030617317,1620.695603569265,1.0023926553560971
1620.8428212794918,1.0063286998671495,1620.8428212794918,0.9986389295140391,1620.831710510244,1.0035008053897982,1620.6969924156544,0.9986747868479594
1620.8442101258809,0.9932464502886483,1620.8442101258809,0.9986578307720517,1620.833099356167,1.0007507502405433,1620.698381262043,0.9999546029545864
1620.8455989718038,1.0047876861102942,1620.8455989718038,0.9987385273146724,1620.8344882025565,0.9946003340624496,1620.6997701084313,0.9980971298329674
1620.846987818193,0.9999145287585337,1620.846987818193,0.9988552357937106,1620.835877048946,0.9939305237636544,1620.7011589552856,1.0039985418577748
1620.848376664116,0.9962797017113038,1620.848376664116,0.998841309965749,1620.8372658948686,0.9952876779506414,1620.7025478016749,1.009113252987812
1620.849765510505,1.0010317270088416,1620.849765510505,0.9988228984760824,1620.8386547412567,1.0013678238518524,1620.7039366480633,0.9979429973494378
1620.851154356428,0.989029729120457,1620.851154356428,0.9988627443373121,1620.8400435871797,1.0070783372231171,1620.7053254944524,0.9995685241896254
1620.8525432028168,0.9965631834103592,1620.8525432028168,0.9987959956874263,1620.8414324335688,0.9961387366328468,1620.706714340841,1.0007361389160463
1620.85393204874,1.0003422283101473,1620.85393204874,0.9989093655251187,1620.8428212794918,1.004959015574585,1620.70810318723,0.9994204401148408
1620.8553208951282,0.9982144481015367,1620.8553208951282,0.999034452310186,1620.8442101258809,0.991913345467302,1620.7094920340844,0.9980567618015668
1620.8567097410507,1.0050836904144245,1620.8567097410507,0.9989852513740827,1620.8455989718038,1.0035201738897126,1620.7108808804726,0.9884571216071316
1620.8580985874405,1.0015936917786366,1620.8580985874405,0.9990516692811788,1620.846987818193,0.9987698623966622,1620.7122697268617,0.9998680223619866
1620.8594874333642,1.0007781714904016,1620.8594874333642,0.9991490942394738,1620.848376664116,0.9951253223496044,1620.7136585732512,0.9941201311838692
1620.8608762792871,0.9855422878896823,1620.8608762792871,0.999160291512518,1620.849765510505,0.9998534110374896,1620.71504741964,0.9827073275588472
1620.862265125675,0.9879395563713291,1620.862265125675,0.9991505055673413,1620.851154356428,0.987904949460448,1620.716436266028,0.9921622816609392
1620.8636539715978,0.998917109284914,1620.8636539715978,0.9992028752665199,1620.8525432028168,0.995363317039781,1620.7178251124162,1.0047078367125362
1620.8650428179874,0.9961838958298711,1620.8650428179874,0.9992866577333062,1620.85393204874,0.9992512205892726,1620.7192139588058,0.9929741955854228
1620.8664316639113,1.0041914220586927,1620.8664316639113,0.9993856943642706,1620.8553208951282,0.9972506244472332,1620.7206028051953,0.9866267643853928
1620.8678205102997,0.998777442786553,1620.8678205102997,0.9995260447396568,1620.8567097410507,1.0040637831206445,1620.7219916520496,0.9950114219781776
1620.869209356222,0.9875482677706611,1620.869209356222,0.9996250485310413,1620.8580985874405,1.0006438497129453,1620.7233804984378,1.0031268234423274
1620.870598202145,1.000944479388035,1620.870598202145,0.9996702552341047,1620.8594874333642,0.9999266035792715,1620.724769344826,0.99401791987204
1620.871987048534,0.9878329925478857,1620.871987048534,0.9995876888765538,1620.8608762792871,0.984714719665769,1620.726158191215,1.0025425063817508
1620.873375894458,0.9894730715512483,1620.873375894458,0.9995910420257086,1620.862265125675,0.9871003072183884,1620.7275470376046,0.9938814568972044
1620.8747647408466,1.001681885657939,1620.8747647408466,0.9994756694290887,1620.8636539715978,0.9981208477504064,1620.7289358839942,0.9919046466322528
1620.876153586769,0.9888549990739965,1620.876153586769,0.9994714580170068,1620.8650428179874,0.995473275751576,1620.7303247303823,0.9999255841845393
1620.8775424326925,0.9987325971052207,1620.8775424326925,0.9995409178111857,1620.8664316639113,1.003574541608771,1620.7317135767703,0.9985578282923356
1620.8789312790811,1.0127051073397169,1620.8789312790811,0.999585697848787,1620.8678205102997,0.9983040669636322,1620.7331024231592,0.990520172666439
1620.8803201250037,0.9875493407210246,1620.8803201250037,0.9996492181011826,1620.869209356222,0.9871779850969928,1620.7344912695478,1.0037228975221504
1620.881708970927,0.9953560579532563,1620.881708970927,0.9996440607937425,1620.870598202145,1.0006144231850052,1620.7358801159369,1.0075405307947596
1620.8830978173166,0.9979960913698787,1620.8830978173166,0.9996561651848309,1620.871987048534,0.987425698016951,1620.7372689623255,1.0024678866873435
1620.8844866632396,0.9888938260622764,1620.8844866632396,0.9996473183870941,1620.873375894458,0.9890684186482908,1620.7386578087146,0.997511181740819
1620.885875509163,1.0007961799932614,1620.885875509163,0.9996310362821725,1620.8747647408466,1.0011566732229604,1620.7400466551032,0.9931213282251236
1620.887264355551,0.985744487268112,1620.887264355551,0.9996007795375488,1620.876153586769,0.9883323476918932,1620.7414355014923,0.9879672684584184
1620.8886532014742,1.0024695157923205,1620.8886532014742,0.999596163578978,1620.8775424326925,0.9982740967585014,1620.742824347881,0.9953888019080894
1620.890042047398,1.0080977191157063,1620.890042047398,0.9996602474305598,1620.8789312790811,1.0122855414352017,1620.74421319427,0.9903724963495476
1620.891430893321,1.0010421016678313,1620.891430893321,0.9995231399505372,1620.8803201250037,0.9872029262881106,1620.7456020406587,1.0042659630758917
1620.89281973971,1.0026613598400775,1620.89281973971,0.9995893333868797,1620.881708970927,0.9950017717080448,1620.7469908870478,1.0016536621348002
1620.894208585633,0.9987908305329837,1620.894208585633,0.9995870169603296,1620.8830978173166,0.997652945568263,1620.748379733436,1.0062659475810918
1620.8955974315552,0.9757841714699907,1620.8955974315552,0.9996862139365479,1620.8844866632396,0.988545061392708,1620.749768579824,1.0131479493787603
1620.8969862779447,1.0048897990363956,1620.8969862779447,0.9996321995559981,1620.885875509163,1.0004269225139035,1620.7511574262132,0.9921732231643996
1620.8983751238686,0.9945789627926644,1620.8983751238686,0.9996153338275506,1620.887264355551,0.9853509578980462,1620.7525462726028,0.994216769804495
1620.8997639697911,1.0050154050540179,1620.8997639697911,0.9995820546051625,1620.8886532014742,1.0020646820908792,1620.753935118992,0.9998738668917851
1620.9011528157137,0.9943605521233542,1620.9011528157137,0.9995760758985291,1620.890042047398,1.00775521532539,1620.75532396538,0.9969223113837712
1620.9025416621023,1.0085498050236525,1620.9025416621023,0.999572109129264,1620.891430893321,1.0005647446817156,1620.7567128117682,0.9991340581547026
1620.9039305080262,0.9836781353795861,1620.9039305080262,0.9995996348926847,1620.89281973971,1.0022496002953254,1620.758101657692,0.9957783466151404
1620.90531935395,0.9986574985527497,1620.90531935395,0.9996037655640111,1620.894208585633,0.9983783468597952,1620.7594905040817,0.9943176898829966
1620.9067081998726,1.0008873598603552,1620.9067081998726,0.9995840375739946,1620.8955974315552,0.9754779839960463,1620.7608793504698,0.9968951275242424
1620.9080970462608,1.0042562719223145,1620.9080970462608,0.9995758749959708,1620.8969862779447,1.0045202001221372,1620.762268196858,0.9851889420952532
1620.9094858921835,1.0080814394693831,1620.9094858921835,0.9995775609266337,1620.8983751238686,0.9941963819098484,1620.763657043247,0.988655359902747
1620.9108747381072,0.9897509653612936,1620.9108747381072,0.9995521491718509,1620.8997639697911,1.0045953634937348,1620.7650458896358,1.0081583519622055
1620.91226358403,0.9988265506375806,1620.91226358403,0.9995135757825792,1620.9011528157137,0.9939390187197572,1620.7664347360253,0.996348528068762
1620.9136524299536,1.0043386820101112,1620.9136524299536,0.9995143585343113,1620.9025416621023,1.0081182557694004,1620.767823582414,0.9897527723119344
1620.9150412763422,0.9901474651650759,1620.9150412763422,0.9995148985100132,1620.9039305080262,0.9832843049773512,1620.769212428802,0.9962795490252072
1620.9164301222656,0.98348089215381,1620.9164301222656,0.9994532922213445,1620.90531935395,0.9982617960620646,1620.770601274725,0.9977689526888032
1620.9178189681886,1.0011238591292775,1620.9178189681886,0.9995488368011066,1620.9067081998726,1.0004710283259894,1620.7719901211142,0.9937012279085268
1620.919207814112,1.0098021398398238,1620.919207814112,0.9995471584473994,1620.9080970462608,1.003830341726939,1620.7733789675028,0.9978577079901654
1620.920596660035,1.0060938100582415,1620.920596660035,0.9996483407453159,1620.9094858921835,1.007655586480216,1620.774767813892,0.9923779176266534
1620.921985505958,1.010050148428184,1620.921985505958,0.9996599458082477,1620.9108747381072,0.9893077045717952,1620.7761566602803,1.0068680021100112
1620.9233743518814,1.0138891824149658,1620.9233743518814,0.9995638472240795,1620.91226358403,0.9983406972143476,1620.7775455066696,0.9969418837626322
1620.9247631982696,1.0011702776016387,1620.9247631982696,0.9996909289689021,1620.9136524299536,1.003850933500532,1620.7789343525926,1.0026548436812546
1620.926152044192,1.007528121453062,1620.926152044192,0.9997422393612067,1620.9150412763422,0.9896671431544176,1620.7803231989808,0.999110068398668
1620.927540890116,1.0112845996876378,1620.927540890116,0.9998136824524584,1620.9164301222656,0.9829432154999104,1620.78171204537,0.9940366087754664
1620.92892973604,0.997385242460993,1620.92892973604,0.9999203569738813,1620.9178189681886,1.0006721888865042,1620.7831008917594,0.9885978660398432
1620.9303185819629,1.0025514908063267,1620.9303185819629,0.9999510442926562,1620.919207814112,1.0093448594709993,1620.784489738148,0.9944061053861148
1620.9317074278854,0.9982014612260409,1620.9317074278854,0.9999664902520673,1620.920596660035,1.005740007858854,1620.7858785840706,0.999115505170574
1620.9358739656557,1.014600398460833,1620.9358739656557,0.9997889924333246,1620.921985505958,1.009706676641331,1620.7872674304588,0.993270227815694
1620.937262812044,1.0110122632900518,1620.937262812044,0.9996985744767141,1620.9233743518814,1.01344697183358,1620.7886562768483,0.99535760842928
1620.9386516579664,1.006008295647003,1620.9386516579664,0.9996563707976823,1620.9247631982696,1.0008608448716358,1620.790045123238,0.9989171989153096
1620.9400405038891,1.0121444562145308,1620.9400405038891,0.9997004034735661,1620.926152044192,1.007268420360874,1620.7914339696265,0.9916677392964572
1620.9414293498128,1.015562601155847,1620.9414293498128,0.9996738627212587,1620.927540890116,1.0110961796211575,1620.792822815549,0.9815403244692658
1620.942818195737,1.0162399606061105,1620.942818195737,0.999617231982446,1620.92892973604,0.9973058076820772,1620.7942116619372,0.9915038206234972
1620.9442070416596,1.0141478578890355,1620.9442070416596,0.9995800204940469,1620.9303185819629,1.0025024101889457,1620.7956005083263,0.9932055302300148
1620.9455958875822,1.0071923092474127,1620.9455958875822,0.9995987938337009,1620.9317074278854,0.9981680117466892,1620.7969893547158,1.0034036910516306
1620.9469847335056,0.9942968591162803,1620.9469847335056,0.9995723727731735,1620.9358739656557,1.0143863100996058,1620.7983782006395,0.9919250345268996
1620.9483735794286,0.9990758545220632,1620.9483735794286,0.9996368580121573,1620.937262812044,1.010707518389541,1620.799767047028,0.998176574662441
1620.949762425352,1.0180068020932111,1620.949762425352,0.9997354970612058,1620.9386516579664,1.0056626018188448,1620.801155893416,0.9851086817499936
1620.951151271275,0.9908487174538856,1620.951151271275,0.9998541552752811,1620.9400405038891,1.0118412212511996,1620.802544739339,0.994552286590732
1620.9525401171984,1.0098267295677088,1620.9525401171984,0.9999538648120151,1620.9414293498128,1.0152313883327146,1620.8039335857286,0.9861322220209108
1620.9539289631214,1.00063247210752,1620.9539289631214,1.0000189091669238,1620.942818195737,1.0158509764510302,1620.8053224321172,0.9963583142581924
1620.9553178090446,1.002793068873333,1620.9553178090446,0.9999380626099987,1620.9442070416596,1.013721936572716,1620.8067112785054,1.0009034555714476
1620.9567066549669,1.0013384480776897,1620.9567066549669,0.9998715415256479,1620.9455958875822,1.0067882174822935,1620.8081001244288,0.9979899574667742
1620.9580955008903,0.9996192648011487,1620.9580955008903,0.999778528388245,1620.9469847335056,0.993871670707774,1620.8094889708177,1.0121461561954666
1620.9594843468142,1.0068835419108768,1620.9594843468142,0.9997861310077674,1620.9483735794286,0.9987130481302464,1620.8108778172066,1.003179899928058
1620.9608731927372,1.0075279948816334,1620.9608731927372,0.9997713018074088,1620.949762425352,1.017737536302345,1620.8122666631295,1.001627361750706
1620.9622620386597,1.0140208945312907,1620.9622620386597,0.9997874762630801,1620.951151271275,0.9907042073954504,1620.8136555095186,1.00192842299499
1620.9636508845822,1.0046299292069463,1620.9636508845822,0.9998542475284516,1620.9525401171984,1.009780141021708,1620.8150443559073,1.015568400231226
1620.965039730506,1.007099266107952,1620.965039730506,0.9997721882091031,1620.9539289631214,1.0006513932339645,1620.8164332018307,0.9978148934114072
1620.96642857643,0.9988324577363388,1620.96642857643,0.9997187219045921,1620.9553178090446,1.0027309584879358,1620.8178220482189,1.0035258825002138
1620.9678174223534,0.9973048420337767,1620.9678174223534,0.9997200134081113,1620.9567066549669,1.0012098176683395,1620.819210894142,0.9909358818382868
1620.969206268276,1.0100560139586108,1620.969206268276,0.999603812928126,1620.9580955008903,0.9993978775114318,1620.8205997405314,1.0113037963483107
1620.9705951137328,1.0040790238187554,1620.9705951137328,0.9995950992437974,1620.9594843468142,1.0066682007424728,1620.82198858692,0.9939741538581984
1620.9719839596555,1.0040611820961989,1620.9719839596555,0.9995852462204297,1620.9608731927372,1.0072975750502189,1620.8233774328437,0.991798833459036
1620.9733728055796,0.9936780092835987,1620.9733728055796,0.9995074853206286,1620.9622620386597,1.0138053910214702,1620.8247662792317,0.9928172767562914
1620.9747616515026,1.0015204227733585,1620.9747616515026,0.9995779032399505,1620.9636508845822,1.0044835019117728,1620.8261551256198,0.9954271991096744
1620.9761504974251,0.9987344278049484,1620.9761504974251,0.9995700464565176,1620.965039730506,1.0068698370205291,1620.8275439715435,0.99181765828176
1620.9775393433486,0.9959859276294489,1620.9775393433486,0.9996172456794068,1620.96642857643,0.9985515080449952,1620.8289328179333,1.009538884268388
1620.9789281892715,1.0068234133863587,1620.9789281892715,0.9995668655827111,1620.9678174223534,0.9970256100499816,1620.8303216638558,1.010377030617317
1620.9803170351954,1.011410371111189,1620.9803170351954,0.999521303532606,1620.969206268276,1.0096558428240117,1620.831710510244,1.0035008053897982
1620.9817058811188,0.9934254804733751,1620.9817058811188,0.9995676879150758,1620.9705951137328,1.003672471462724,1620.833099356167,1.0007507502405433
1620.9830947265757,1.008293136981281,1620.9830947265757,0.9995205580601465,1620.9719839596555,1.0036447439260046,1620.8344882025565,0.9946003340624496
1620.984483572499,1.0033969577512043,1620.984483572499,0.9995778468405289,1620.9733728055796,0.993188608277458,1620.835877048946,0.9939305237636544
1620.985872418422,1.0056920174242405,1620.985872418422,0.9995052266324943,1620.9747616515026,1.0010976842477826,1620.8372658948686,0.9952876779506414
1620.9872612643446,1.0061172938493295,1620.9872612643446,0.9995108544500781,1620.9761504974251,0.9983050183987158,1620.8386547412567,1.0013678238518524
1620.9886501102676,1.0115645007657683,1620.9886501102676,0.9995614201647528,1620.9775393433486,0.9956047097123988,1620.8400435871797,1.0070783372231171
1620.9900389561917,1.008012597577858,1620.9900389561917,0.999504178498345,1620.9789281892715,1.006387323513889,1620.8414324335688,0.9961387366328468
1620.9914278016488,1.003847088514324,1620.9914278016488,0.999497981798662,1620.9803170351954,1.0109262125394525,1620.8428212794918,1.004959015574585
1620.9928166475722,1.008446708041832,1620.9928166475722,0.9994426779511967,1620.9817058811188,0.9929960106326948,1620.8442101258809,0.991913345467302
1620.9942054934947,1.0071464869862965,1620.9942054934947,0.9993708541813734,1620.9830947265757,1.0078097189637458,1620.8455989718038,1.0035201738897126
1620.9955943394175,0.9977232827013816,1620.9955943394175,0.9994204810103214,1620.984483572499,1.002973370555286,1620.846987818193,0.9987698623966622
1620.9969831853416,0.9960787458559822,1620.9969831853416,0.9993433639096954,1620.985872418422,1.005194427798106,1620.848376664116,0.9951253223496044
1620.9983720307994,1.002589568394106,1620.9983720307994,0.9994200052453894,1620.9872612643446,1.0056251560523437,1620.849765510505,0.9998534110374896
1620.999760876722,0.9935327488833395,1620.999760876722,0.9994185899157475,1620.9886501102676,1.0111208489736805,1620.851154356428,0.987904949460448
1621.0011497226444,1.0083031321939013,1621.0011497226444,0.9993242214597547,1620.9900389561917,1.0075128032580398,1620.8525432028168,0.995363317039781
1621.0025385685674,1.001007301709239,1621.0025385685674,0.9994351409109314,1620.9914278016488,1.0033431390045298,1620.85393204874,0.9992512205892726
1621.0039274140256,0.9997938270533006,1621.0039274140256,0.9993860452431447,1620.9928166475722,1.007884678456397,1620.8553208951282,0.9972506244472332
1621.0053162599495,1.0087472063334872,1621.0053162599495,0.999318901644023,1620.9942054934947,1.0065128449852645,1620.8567097410507,1.0040637831206445
1621.006705105872,0.996938900308039,1621.006705105872,0.9994084285383436,1620.9955943394175,0.9971450831126116,1620.8580985874405,1.0006438497129453
1621.0080939517943,1.000994209136935,1621.0080939517943,0.9994078172621487,1620.9969831853416,0.9954246846026678,1620.8594874333642,0.9999266035792715
1621.0094827972518,0.9953213490568267,1621.0094827972518,0.9993557554379129,1620.9983720307994,1.00200807170341,1620.8608762792871,0.984714719665769
1621.0108716431755,0.9923744599233427,1621.0108716431755,0.9993779709636192,1620.999760876722,0.9929550989241036,1620.862265125675,0.9871003072183884
1621.0122604890992,0.9937382188996361,1621.0122604890992,0.9992764351687217,1621.0011497226444,1.0076217425751026,1620.8636539715978,0.9981208477504064
1621.0136493350217,0.9885277880624714,1621.0136493350217,0.999368214428784,1621.0025385685674,1.0004418736366445,1620.8650428179874,0.995473275751576
1621.015038180479,0.9994425539497591,1621.015038180479,0.9993933668585542,1621.0039274140256,0.9991799988773066,1620.8664316639113,1.003574541608771
1621.0164270264024,0.9899788469012871,1621.0164270264024,0.9993399123396992,1621.0053162599495,1.0080601502696571,1620.8678205102997,0.9983040669636322
1621.0178158723254,1.0040808615912105,1621.0178158723254,0.9993050735853416,1621.006705105872,0.9963491397056016,1620.869209356222,0.9871779850969928
1621.0192047177832,0.9884345307929309,1621.0192047177832,0.9993524955453486,1621.0080939517943,1.000401437645595,1620.870598202145,1.0006144231850052
1621.020593563706,1.0096105285054517,1621.020593563706,0.999291518807632,1621.0094827972518,0.9946801186901676,1620.871987048534,0.987425698016951
1621.0219824096296,0.9899984350920535,1621.0219824096296,0.9992372833320455,1621.0108716431755,0.9917571741943078,1620.873375894458,0.9890684186482908
1621.0233712550869,0.9913083158017484,1621.0233712550869,0.9991748506412146,1621.0122604890992,0.9930191848729432,1620.8747647408466,1.0011566732229604
1621.02476010101,0.9947798724614217,1621.02476010101,0.9991429834631127,1621.0136493350217,0.9879032504692274,1620.876153586769,0.9883323476918932
1621.0261489469333,0.9921390327908944,1621.0261489469333,0.9990423346439979,1621.015038180479,0.998836258973562,1620.8775424326925,0.9982740967585014
1621.0275377923906,1.0070567063521871,1621.0275377923906,0.9991458816895636,1621.0164270264024,0.9893253740804888,1620.8789312790811,1.0122855414352017
1621.028926638314,1.0010761710753577,1621.028926638314,0.9990541061203363,1621.0178158723254,1.0033830992780377,1620.8803201250037,0.9872029262881106
1621.030315484237,1.0040340534926506,1621.030315484237,0.9991065003626839,1621.0192047177832,0.9877945150311112,1620.881708970927,0.9950017717080448
1621.031704329694,0.9978895724580918,1621.031704329694,0.9990676053038948,1621.020593563706,1.008895238434389,1620.8830978173166,0.997652945568263
1621.0330931756164,0.9938230347361006,1621.0330931756164,0.9990036503626707,1621.0219824096296,0.98924334678436,1620.8844866632396,0.988545061392708
1621.0344820210746,0.9904481128509446,1621.0344820210746,0.9989733357816563,1621.0233712550869,0.990490338380606,1620.885875509163,1.0004269225139035
1621.0358708669985,0.990741443280344,1621.0358708669985,0.9989356901181213,1621.02476010101,0.9939273296601596,1620.887264355551,0.9853509578980462
1621.037259712922,0.9956938662246917,1621.037259712922,0.9990207727819072,1621.0261489469333,0.9911888956108532,1620.8886532014742,1.0020646820908792
1621.0386485583788,0.9942884734877249,1621.0386485583788,0.9990943557884538,1621.0275377923906,1.006196560779644,1620.890042047398,1.00775521532539
1621.040037404301,0.996344431372364,1621.040037404301,0.9990760601891315,1621.028926638314,1.0001292592520603,1620.891430893321,1.0005647446817156
1621.0414262497586,0.9916241416499003,1621.0414262497586,0.9990863448272511,1621.030315484237,1.003136949430002,1620.89281973971,1.0022496002953254
1621.0428150956825,1.0048804473978423,1621.0428150956825,0.9991119626933765,1621.031704329694,0.9969591455134332,1620.894208585633,0.9983783468597952
1621.0442039416057,0.9921575587773936,1621.0442039416057,0.9990583394986302,1621.0330931756164,0.9928328395158718,1620.8955974315552,0.9754779839960463
1621.0455927870623,1.0053226206982118,1621.0455927870623,0.9990276906026813,1621.0344820210746,0.9894312552133544,1620.8969862779447,1.0045202001221372
1621.0469816329858,0.9958710802919594,1621.0469816329858,0.9989549823879413,1621.0358708669985,0.989686987371874,1620.8983751238686,0.9941963819098484
1621.048370478443,0.992264027105615,1621.048370478443,0.9988375181016902,1621.037259712922,0.9947188556899964,1620.8997639697911,1.0045953634937348
1621.049759324367,1.0105816446144356,1621.049759324367,0.9987225683442525,1621.0386485583788,0.9933880018871036,1620.9011528157137,0.9939390187197572
1621.0511481698247,1.0049687562516412,1621.0511481698247,0.998735077413508,1621.040037404301,0.995423869086882,1620.9025416621023,1.0081182557694004
1621.0525370157472,1.001264490837015,1621.0525370157472,0.9986010190656683,1621.0414262497586,0.9907181391234592,1620.9039305080262,0.9832843049773512
1621.0539258612046,1.0105215442887363,1621.0539258612046,0.9985073095450907,1621.0428150956825,1.0039880760718565,1620.90531935395,0.9982617960620646
1621.055314707128,0.9963160237001513,1621.055314707128,0.9985722966215586,1621.0442039416057,0.9912232831931574,1620.9067081998726,1.0004710283259894
1621.0567035525846,0.9996911390318274,1621.0567035525846,0.9985105284189364,1621.0455927870623,1.00434513606677,1620.9080970462608,1.003830341726939
1621.0580923985078,0.999396269661648,1621.0580923985078,0.9984535728193327,1621.0469816329858,0.9948303774737144,1620.9094858921835,1.007655586480216
1621.059481243966,0.9915024139239,1621.059481243966,0.9983990417488795,1621.048370478443,0.9911105381357608,1620.9108747381072,0.9893077045717952
1621.060870089889,0.9982869342546918,1621.060870089889,0.9984290108538657,1621.049759324367,1.0092906956308878,1620.91226358403,0.9983406972143476
1621.0622589353468,0.9932157430894873,1621.0622589353468,0.9983176436646558,1621.0511481698247,1.0036975485731396,1620.9136524299536,1.003850933500532
1621.0636477812693,0.9985193385950004,1621.0636477812693,0.9982001666792549,1621.0525370157472,0.9998637409041108,1620.9150412763422,0.9896671431544176
1621.0650366267266,1.010413521283025,1621.0650366267266,0.9980731608269774,1621.0539258612046,1.0090131484250964,1620.9164301222656,0.9829432154999104
1621.0664254726505,1.0067392448905848,1621.0664254726505,0.997951745707607,1621.055314707128,0.9948935799471192,1620.9178189681886,1.0006721888865042
1621.0678143181085,0.9893255516986933,1621.0678143181085,0.9978452674148922,1621.0567035525846,0.9982021274903984,1620.919207814112,1.0093448594709993
1621.0692031640308,1.0012076175628437,1621.0692031640308,0.99776182679373,1621.0580923985078,0.9978507761059856,1620.920596660035,1.005740007858854
1621.0705920094877,0.9963960938763966,1621.0705920094877,0.9977647085952972,1621.059481243966,0.9899150599533226,1620.921985505958,1.009706676641331
1621.071980854945,1.0072501243736462,1621.071980854945,0.9977123606584638,1621.060870089889,0.99671863631625,1620.9233743518814,1.01344697183358
1621.0733697008689,1.0040949831704797,1621.0733697008689,0.9977653206780139,1621.0622589353468,0.9915448002917372,1620.9247631982696,1.0008608448716358
1621.074758546327,1.0054006469314647,1621.074758546327,0.9977389314211357,1621.0636477812693,0.9967221702179888,1620.926152044192,1.007268420360874
1621.0761473922496,1.0100852325688165,1621.0761473922496,0.997751848739015,1621.0650366267266,1.008466616929265,1620.927540890116,1.0110961796211575
1621.0775362377065,1.013041541199954,1621.0775362377065,0.9977893394813325,1621.0664254726505,1.0046771869109172,1620.92892973604,0.9973058076820772
1621.0789250836294,1.0024460089428402,1621.0789250836294,0.9977866619674438,1621.0678143181085,0.9871938196951684,1620.9303185819629,1.0025024101889457
1621.0803139290877,1.0003380791574077,1621.0803139290877,0.9977233260401559,1621.0692031640308,0.9989667414993012,1620.9317074278854,0.9981680117466892
1621.0817027745454,1.0014878830479959,1621.0817027745454,0.9976430898274623,1621.0705920094877,0.9941688582520752,1620.9344851197318,1.0410404921257197
1621.083091620468,0.9948032551711037,1621.083091620468,0.9975526336452123,1621.071980854945,1.004945899362362,1620.9358739656557,1.0143863100996058
1621.0844804659253,1.0040575319379765,1621.0844804659253,0.9975286836422164,1621.0733697008689,1.0018511528742786,1620.937262812044,1.010707518389541
1621.085869311383,0.9952408494624517,1621.085869311383,0.9974188454616484,1621.074758546327,1.003127367119518,1620.9386516579664,1.0056626018188448
1621.087258157306,0.9980189249722943,1621.087258157306,0.9973904639560083,1621.0761473922496,1.0078144081795146,1620.9400405038891,1.0118412212511996
1621.0886470027638,1.0055910061208315,1621.0886470027638,0.9973942150083396,1621.0775362377065,1.0108020502610533,1620.9414293498128,1.0152313883327146
1621.090035848221,0.986976106754583,1621.090035848221,0.9973512696329627,1621.0789250836294,1.0002272570656627,1620.942818195737,1.0158509764510302
1621.0914246941445,1.0021669744598107,1621.0914246941445,0.9972830032753301,1621.0803139290877,0.9980606355015496,1620.9442070416596,1.013721936572716
1621.0928135396018,0.9989656792882625,1621.0928135396018,0.9973207488020716,1621.0817027745454,0.9991274660687668,1620.9455958875822,1.0067882174822935
1621.094202385059,0.9870486042928677,1621.094202385059,0.9972675499679788,1621.083091620468,0.9923686071547646,1620.9469847335056,0.993871670707774
1621.0955912309817,0.9888366805316001,1621.0955912309817,0.9971870049252141,1621.0844804659253,1.0015761881351424,1620.9483735794286,0.9987130481302464
1621.09698007644,1.0053631055333971,1621.09698007644,0.9970730428988932,1621.085869311383,0.9926719790271088,1620.949762425352,1.017737536302345
1621.0983689218976,0.9882061592470167,1621.0983689218976,0.9969883110968035,1621.087258157306,0.9954145586149932,1620.951151271275,0.9907042073954504
1621.0997577678206,1.0076040785319114,1621.0997577678206,0.9969606404086243,1621.0886470027638,1.0029706521693331,1620.9525401171984,1.009780141021708
1621.1011466132777,1.0007451653443513,1621.1011466132777,0.996950352787079,1621.090035848221,0.984361873169082,1620.9539289631214,1.0006513932339645
1621.1025354587343,0.9975948936449797,1621.1025354587343,0.9969685870998014,1621.0914246941445,0.9994440900726312,1620.9553178090446,1.0027309584879358
1621.1039243041926,0.9926046100571158,1621.1039243041926,0.9969572559664115,1621.0928135396018,0.99628919929534,1620.9567066549669,1.0012098176683395
1621.1053131501164,0.9970040054535784,1621.1053131501164,0.9969054901562139,1621.094202385059,0.9843515433024612,1620.9580955008903,0.9993978775114318
1621.1067019955733,1.007155878452227,1621.1067019955733,0.9968641517196035,1621.0955912309817,0.986055087819497,1620.9594843468142,1.0066682007424728
1621.1080908410302,1.0003018992512347,1621.1080908410302,0.9969243047970665,1621.09698007644,1.0024204508524654,1620.9608731927372,1.0072975750502189
1621.1094796869531,1.0121133534769418,1621.1094796869531,0.9968333598017259,1621.0983689218976,0.985229989723142,1620.9622620386597,1.0138053910214702
1621.1108685324114,0.9872053531504796,1621.1108685324114,0.9967526099623663,1621.0997577678206,1.004541607411516,1620.9636508845822,1.0044835019117728
1621.1122573778696,0.9944203478121275,1621.1122573778696,0.9966429159095375,1621.1011466132777,0.9976932456400148,1620.965039730506,1.0068698370205291
1621.1136462233264,1.0000427727632748,1621.1136462233264,0.9966183104553311,1621.1025354587343,0.994570771615212,1620.96642857643,0.9985515080449952
1621.1150350687833,0.9871916586567597,1621.1150350687833,0.9966016996340944,1621.1039243041926,0.989584368302152,1620.9678174223534,0.9970256100499816
1621.1164239147067,0.9982024681318655,1621.1164239147067,0.9964903705892612,1621.1053131501164,0.993918766744408,1620.969206268276,1.0096558428240117
1621.117812760164,1.0008529096549816,1621.117812760164,0.9964548343787012,1621.1067019955733,1.0039975904226914,1620.9705951137328,1.003672471462724
1621.1192016056218,0.9856470289968131,1621.1192016056218,0.9964556919933824,1621.1080908410302,0.9972252754982224,1620.9719839596555,1.0036447439260046
1621.1205904510791,0.9976023667662768,1621.1205904510791,0.9964099356727695,1621.1094796869531,1.0089083546466118,1620.9733728055796,0.993188608277458
1621.121979296537,0.9969444446413047,1621.121979296537,0.9964672181773223,1621.1108685324114,0.98399951232156,1620.9747616515026,1.0010976842477826
1621.12336814246,1.0020299131770294,1621.12336814246,0.9964882195267253,1621.1122573778696,0.9910819950832552,1620.9761504974251,0.9983050183987158
1621.1247569879176,0.9919168234724982,1621.1247569879176,0.9964365345214693,1621.1136462233264,0.9966609385743996,1620.9775393433486,0.9956047097123988
1621.126145833375,0.9923706248787001,1621.126145833375,0.9964213508401389,1621.1150350687833,0.9838368848819276,1620.9789281892715,1.006387323513889
1621.1275346788325,1.0065444854245764,1621.1275346788325,0.9963941065097605,1621.1164239147067,0.9946991473918378,1620.9803170351954,1.0109262125394525
1621.12892352429,0.9969971990908043,1621.12892352429,0.9964312601967366,1621.117812760164,0.997304720327696,1620.9817058811188,0.9929960106326948
1621.1303123697471,1.0027765563961515,1621.1303123697471,0.9964399672950709,1621.1192016056218,0.9821535923402408,1620.9830947265757,1.0078097189637458
1621.13170121567,1.0036562092848849,1621.13170121567,0.996440395741308,1621.1205904510791,0.9940209100965884,1620.984483572499,1.002973370555286
1621.1330900611267,0.998414735090745,1621.1330900611267,0.9965050415774278,1621.121979296537,0.9934224574290564,1620.985872418422,1.005194427798106
1621.134478906585,0.9948728797241682,1621.134478906585,0.9965223163059211,1621.12336814246,0.998511004094297,1620.9872612643446,1.0056251560523437
1621.1358677520432,0.9839807428022728,1621.1358677520432,0.9965939522601042,1621.1247569879176,0.9883821621144802,1620.9886501102676,1.0111208489736805
1621.137256597501,0.9897966348406123,1621.137256597501,0.9966466749560444,1621.126145833375,0.9888192785757072,1620.9900389561917,1.0075128032580398
1621.1386454429578,1.0028380611133745,1621.1386454429578,0.9967333458334225,1621.1275346788325,1.0029149932169474,1620.9914278016488,1.0033431390045298
1621.1400342884149,1.0121533441339936,1621.1400342884149,0.9968545379980268,1621.12892352429,0.9934391755026668,1620.9928166475722,1.007884678456397
1621.1414231338729,1.0020657428249842,1621.1414231338729,0.9968866344343562,1621.1303123697471,0.999206639059645,1620.9942054934947,1.0065128449852645
1621.142811979331,1.000002725569131,1621.142811979331,0.9970038639453561,1621.13170121567,1.0000835903680518,1620.9955943394175,0.9971450831126116
1621.1442008252534,1.014279234979602,1621.1442008252534,0.9969309703542604,1621.1330900611267,0.9949253171031194,1620.9969831853416,0.9954246846026678
1621.14558967071,0.9936561174912222,1621.14558967071,0.9969332192605904,1621.134478906585,0.9914130265326702,1620.9983720307994,1.00200807170341
1621.1469785161678,0.9918778717194338,1621.1469785161678,0.9969008079808449,1621.1358677520432,0.98062925741715,1620.999760876722,0.9929550989241036
1621.148367361625,1.0004187708207093,1621.148367361625,0.9970066760863285,1621.137256597501,0.9864775249965784,1621.0011497226444,1.0076217425751026
1621.149756207083,0.9909767480297408,1621.149756207083,0.997122151300348,1621.1386454429578,0.999562135982636,1621.0025385685674,1.0004418736366445
1621.151145052541,0.9954091787600734,1621.151145052541,0.9971029795612109,1621.1400342884149,1.00896965424985,1621.0039274140256,0.9991799988773066
1621.152533897998,1.0099921297401797,1621.152533897998,0.9971432951014192,1621.1414231338729,0.9989459458467616,1621.0053162599495,1.0080601502696571
1621.1539227434553,0.9988752917896986,1621.1539227434553,0.9971393952418838,1621.142811979331,0.9970065813483112,1621.006705105872,0.9963491397056016
1621.155311588913,1.0000005125957137,1621.155311588913,0.9971316596539208,1621.1442008252534,1.0111663819383914,1621.0080939517943,1.000401437645595
1621.1567004343704,0.9964602959589229,1621.1567004343704,0.9970905003861913,1621.14558967071,0.9906087920485036,1621.0094827972518,0.9946801186901676
1621.158089279828,0.9955652595583122,1621.158089279828,0.9971026372115624,1621.1469785161678,0.9888038517354244,1621.0108716431755,0.9917571741943078
1621.1594781252854,1.0030232398458192,1621.1594781252854,0.9971794480758314,1621.148367361625,0.997424193390326,1621.0122604890992,0.9930191848729432
1621.160866970743,1.0048814548080016,1621.160866970743,0.9972824617786548,1621.149756207083,0.988124866884038,1621.0136493350217,0.9879032504692274
1621.1622558162005,1.0037729187249005,1621.1622558162005,0.9972916257428818,1621.151145052541,0.9925254580242472,1621.015038180479,0.998836258973562
1621.1636446616574,1.010662016633689,1621.1636446616574,0.9973652654149454,1621.152533897998,1.007106880275623,1621.0164270264024,0.9893253740804888
1621.165033507115,1.0041317142166601,1621.165033507115,0.997469134298884,1621.1539227434553,0.9960179043772402,1621.0178158723254,1.0033830992780377
1621.166422352573,0.9942760431220469,1621.166422352573,0.9975522054823214,1621.155311588913,0.9971321707793356,1621.0192047177832,0.9877945150311112
1621.167811198031,0.9970998331272378,1621.167811198031,0.9976656007396816,1621.1567004343704,0.9935610951126548,1621.020593563706,1.008895238434389
1621.1692000434875,0.9965132923950307,1621.1692000434875,0.9976768241905732,1621.158089279828,0.9926807458218068,1621.0219824096296,0.98924334678436
1621.1705888889444,1.0058903377793027,1621.1705888889444,0.9977647184050773,1621.1594781252854,1.0001941607166862,1621.0233712550869,0.990490338380606
1621.1719777344026,0.9998270547082473,1621.1719777344026,0.9977346370256794,1621.160866970743,1.0021506510466398,1621.02476010101,0.9939273296601596
1621.1733665798608,0.996428918337448,1621.1733665798608,0.9977051044729547,1621.1622558162005,1.0010543259918336,1621.0261489469333,0.9911888956108532
1621.1747554248525,0.996556938611442,1621.1747554248525,0.997723963929242,1621.1636446616574,1.0079991904646632,1621.0275377923906,1.006196560779644
1621.1761442703094,1.0046955244172795,1621.1761442703094,0.997615021067795,1621.165033507115,1.0015903917017464,1621.028926638314,1.0001292592520603
1621.1775331157662,0.9880047439477967,1621.1775331157662,0.9975667097605522,1621.166422352573,0.9918422596746336,1621.030315484237,1.003136949430002
1621.1789219612235,0.9993131257264857,1621.1789219612235,0.9976065902506193,1621.167811198031,0.994772204014322,1621.031704329694,0.9969591455134332
1621.1803108066815,1.0064537259100965,1621.1803108066815,0.9974845275528126,1621.1692000434875,0.9941982168203664,1621.0330931756164,0.9928328395158718
1621.1816996521395,0.9977667061679717,1621.1816996521395,0.9975760424607003,1621.1705888889444,1.003641889620754,1621.0344820210746,0.9894312552133544
1621.1830884975964,0.9918568746330155,1621.1830884975964,0.9976060600427092,1621.1719777344026,0.9975620835177872,1621.0358708669985,0.989686987371874
1621.1844773430537,0.9937582246988116,1621.1844773430537,0.997644106495249,1621.1733665798608,0.9941422180697368,1621.037259712922,0.9947188556899964
1621.1858661885117,1.0042447791588183,1621.1858661885117,0.9977443920095235,1621.1747554248525,0.9942887390725982,1621.0386485583788,0.9933880018871036
1621.187255033503,0.9957331910914885,1621.187255033503,0.9978122490586194,1621.1761442703094,1.0022993467582637,1621.040037404301,0.995423869086882
1621.1886438789609,0.9951296504129094,1621.1886438789609,0.9978678006424199,1621.1775331157662,0.9856006416478204,1621.0414262497586,0.9907181391234592
1621.1900327244182,0.9876919266800863,1621.1900327244182,0.997918089884531,1621.1789219612235,0.9969213599486878,1621.0428150956825,1.0039880760718565
1621.191421569876,0.9904349703969583,1621.191421569876,0.9979084975310656,1621.1803108066815,1.0039220192932006,1621.0442039416057,0.9912232831931574
1621.1928104153333,0.9910340246647826,1621.1928104153333,0.9979190294728134,1621.1816996521395,0.9953481620380936,1621.0455927870623,1.00434513606677
1621.19419926079,0.9965969075572085,1621.19419926079,0.997927394192526,1621.1830884975964,0.989482428828918,1621.0469816329858,0.9948303774737144
1621.1955881062474,1.009111721335904,1621.1955881062474,0.9979349381363806,1621.1844773430537,0.9914170361519508,1621.048370478443,0.9911105381357608
1621.19697695124,1.0010272895350045,1621.19697695124,0.9979529720756637,1621.1858661885117,1.0019795966105534,1621.049759324367,1.0092906956308878
1621.1983657966978,1.0029339131342645,1621.1983657966978,0.9978300674244935,1621.187255033503,0.9935547748653142,1621.0511481698247,1.0036975485731396
1621.199754642155,0.9973002180377114,1621.199754642155,0.9977922999418126,1621.1886438789609,0.99300783561159,1621.0525370157472,0.9998637409041108
1621.201143487612,1.0063269681151878,1621.201143487612,0.9978025037465881,1621.1900327244182,0.985635640866964,1621.0539258612046,1.0090131484250964
1621.2025323330688,0.9985017013368687,1621.2025323330688,0.9977419117259102,1621.191421569876,0.988363473211054,1621.055314707128,0.9948935799471192
1621.2039211780614,1.0136758325260524,1621.2039211780614,0.9977304947465823,1621.1928104153333,0.9889717120680162,1621.0567035525846,0.9982021274903984
1621.2053100235196,0.9951931449378585,1621.2053100235196,0.9977843319805376,1621.19419926079,0.9945313550188948,1621.0580923985078,0.9978507761059856
1621.2066988689764,0.9953994997211374,1621.2066988689764,0.9977717898715256,1621.1955881062474,1.0070278432040418,1621.059481243966,0.9899150599533226
1621.2080877144333,0.986514874096014,1621.2080877144333,0.9977643178086973,1621.19697695124,0.9989781587203036,1621.060870089889,0.99671863631625
1621.2094765594254,0.9988774793911023,1621.2094765594254,0.9978561480772806,1621.1983657966978,1.0007576141650742,1621.0622589353468,0.9915448002917372
1621.2108654048836,0.9943730047065277,1621.2108654048836,0.9978890563876557,1621.199754642155,0.9950984782883192,1621.0636477812693,0.9967221702179888
1621.2122542503416,1.0038375360565994,1621.2122542503416,0.9979606191296061,1621.201143487612,1.0041155683730474,1621.0650366267266,1.008466616929265
1621.2136430957985,1.0067841877598103,1621.2136430957985,0.9979520182506416,1621.2025323330688,0.9962469963534212,1621.0664254726505,1.0046771869109172
1621.2150319407897,1.0011979768137211,1621.2150319407897,0.9979500902256612,1621.2039211780614,1.011375289898872,1621.0678143181085,0.9871938196951684
1621.2164207862472,0.9985664766677856,1621.2164207862472,0.9980662729551174,1621.2053100235196,0.9929881273134314,1621.0692031640308,0.9989667414993012
1621.2178096317043,1.0052145997521962,1621.2178096317043,0.9980971424264807,1621.2066988689764,0.9931815404739804,1621.0705920094877,0.9941688582520752
1621.2191984766966,0.9912948094714764,1621.2191984766966,0.9981884314624798,1621.2080877144333,0.9843093403605424,1621.071980854945,1.004945899362362
1621.220587322154,0.9969607978939844,1621.220587322154,0.9982313222334765,1621.2094765594254,0.9967360339863486,1621.0733697008689,1.0018511528742786
1621.2219761676115,0.9876536218027423,1621.2219761676115,0.9983687534954444,1621.2108654048836,0.9922739393639548,1621.074758546327,1.003127367119518
1621.223365013069,0.9950661465920612,1621.223365013069,0.9983288329631989,1621.2122542503416,1.0017903289885823,1621.0761473922496,1.0078144081795146
1621.2247538580611,0.9886413958861805,1621.2247538580611,0.9983442815772805,1621.2136430957985,1.0047223121177355,1621.0775362377065,1.0108020502610533
1621.2261427035185,1.001550210876035,1621.2261427035185,0.9982729170745106,1621.2150319407897,0.9991456112950023,1621.0789250836294,1.0002272570656627
1621.2275315489762,1.0021986899541515,1621.2275315489762,0.9982682626061856,1621.2164207862472,0.99663552166574,1621.0803139290877,0.9980606355015496
1621.228920393968,0.9959441611308303,1621.228920393968,0.9983184573354029,1621.2178096317043,1.0033018195380456,1621.0817027745454,0.9991274660687668
1621.2303092394252,1.0001817134316444,1621.2303092394252,0.9983883006666519,1621.2191984766966,0.9894990109832308,1621.083091620468,0.9923686071547646
1621.231698084882,1.0011985214385468,1621.231698084882,0.9984478419331813,1621.220587322154,0.9951974954966538,1621.0844804659253,1.0015761881351424
1621.2330869298733,1.001646334354479,1621.2330869298733,0.9983352708954528,1621.2219761676115,0.9860425152844648,1621.085869311383,0.9926719790271088
1621.2344757753317,0.995793534257192,1621.2344757753317,0.9983970563602315,1621.223365013069,0.9934032248484398,1621.087258157306,0.9954145586149932
1621.235864620324,0.9946156436572112,1621.235864620324,0.9982615234037426,1621.2247538580611,0.9870044841135486,1621.0886470027638,1.0029706521693331
1621.2372534657818,0.9922354629765826,1621.2372534657818,0.9982649173288771,1621.2261427035185,0.9998204506078108,1621.090035848221,0.984361873169082
1621.238642311239,1.0030799481575738,1621.238642311239,0.9983793120025924,1621.2275315489762,1.000463145006726,1621.0914246941445,0.9994440900726312
1621.24003115623,1.0154859452834217,1621.24003115623,0.9984558318601716,1621.228920393968,0.9942694385323324,1621.0928135396018,0.99628919929534
1621.241420001688,0.9952013424657019,1621.241420001688,0.9985382681376239,1621.2303092394252,0.9985697212308796,1621.094202385059,0.9843515433024612
1621.2428088466806,1.0010832764910353,1621.2428088466806,0.9985094250068474,1621.231698084882,0.999644503077009,1621.0955912309817,0.986055087819497
1621.2441976921375,1.0072025940581515,1621.2441976921375,0.9984996966871693,1621.2330869298733,0.999978864549216,1621.09698007644,1.0024204508524654
1621.245586537594,1.0008008682970837,1621.245586537594,0.9985604445036105,1621.2344757753317,0.9941973333449318,1621.0983689218976,0.985229989723142
1621.246975382586,1.004426512435519,1621.246975382586,0.9986659839334134,1621.235864620324,0.9928865276384417,1621.0997577678206,1.004541607411516
1621.248364228043,0.9997802990792378,1621.248364228043,0.9987049356199138,1621.2372534657818,0.9905138524190984,1621.1011466132777,0.9976932456400148
1621.249753073036,0.9975076785764262,1621.249753073036,0.9987238364708545,1621.238642311239,1.0014542685251546,1621.1025354587343,0.994570771615212
1621.2511419184937,0.989845936475095,1621.2511419184937,0.9988521356592766,1621.24003115623,1.0139178642402715,1621.1039243041926,0.989584368302152
1621.2525307634849,1.0140177880030734,1621.2525307634849,0.998950575351945,1621.241420001688,0.9937466249539404,1621.1053131501164,0.993918766744408
1621.2539196089422,1.0076606720170036,1621.2539196089422,0.998975484885876,1621.2428088466806,0.9995910867930344,1621.1067019955733,1.0039975904226914
1621.2553084539345,1.0012629516896971,1621.2553084539345,0.9989576705088455,1621.2441976921375,1.0056914846695943,1621.1080908410302,0.9972252754982224
1621.2566972993916,1.0066451561579914,1621.2566972993916,0.9989497371673273,1621.245586537594,0.9993601599063352,1621.1094796869531,1.0089083546466118
1621.2580861443837,1.0024095838407778,1621.2580861443837,0.9989204731900307,1621.246975382586,1.0030865913302245,1621.1108685324114,0.98399951232156
1621.259474989841,1.013036325357132,1621.259474989841,0.9990040883600076,1621.248364228043,0.9984855192259884,1621.1122573778696,0.9910819950832552
1621.2608638348331,1.0030388928782825,1621.2608638348331,0.9990605850290083,1621.249753073036,0.9962346956569844,1621.1136462233264,0.9966609385743996
1621.2622526802904,0.9993086048497007,1621.2622526802904,0.9991500263245162,1621.2511419184937,0.9887097276218052,1621.1150350687833,0.9838368848819276
1621.2636415252816,1.0046195714936426,1621.2636415252816,0.9991696846067462,1621.2525307634849,1.0129536527427767,1621.1164239147067,0.9946991473918378
1621.265030370739,1.0065428082655152,1621.265030370739,0.9992354342685996,1621.2539196089422,1.0066283084286138,1621.117812760164,0.997304720327696
1621.2664192157315,1.0034921196840545,1621.2664192157315,0.9991874445450198,1621.2553084539345,1.0002193057867506,1621.1192016056218,0.9821535923402408
1621.2678080611893,1.0070109033412933,1621.2678080611893,0.9991328836513763,1621.2566972993916,1.0055879141647888,1621.1205904510791,0.9940209100965884
1621.2691969061805,0.9954662814252135,1621.2691969061805,0.9991508626205686,1621.2580861443837,1.0013274558204517,1621.121979296537,0.9934224574290564
1621.270585751637,0.989439696085117,1621.270585751637,0.9991467811162997,1621.259474989841,1.0120274306889736,1621.12336814246,0.998511004094297
1621.27197459663,1.0012990752904312,1621.27197459663,0.9991891807472343,1621.2608638348331,1.0020966231258257,1621.1247569879176,0.9883821621144802
1621.273363442088,1.010421067227308,1621.273363442088,0.9993241854004515,1621.2622526802904,0.998459218841894,1621.126145833375,0.9888192785757072
1621.2747522870798,1.0088684965572319,1621.2747522870798,0.9994093338949636,1621.2636415252816,1.0037854203990673,1621.1275346788325,1.0029149932169474
1621.276141132071,0.9912715416256966,1621.276141132071,0.9995431219775702,1621.265030370739,1.005773240127128,1621.12892352429,0.9934391755026668
1621.2775299775278,0.9969061609618615,1621.2775299775278,0.999551413682376,1621.2664192157315,1.0026767266881755,1621.1303123697471,0.999206639059645
1621.2789188225197,1.0052893008675368,1621.2789188225197,0.9995590978349091,1621.2678080611893,1.0061377077237637,1621.13170121567,1.0000835903680518
1621.2803076679777,0.9996874852689723,1621.2803076679777,0.9995758354994336,1621.2691969061805,0.9946209937956918,1621.1330900611267,0.9949253171031194
1621.2816965129698,0.9986651135915228,1621.2816965129698,0.9995342174232822,1621.270585751637,0.9885954874521344,1621.134478906585,0.9914130265326702
1621.283085357961,0.9988436556747822,1621.283085357961,0.9995772888026724,1621.27197459663,1.0004872027224092,1621.1358677520432,0.98062925741715
1621.2844742034183,1.0015485527756693,1621.2844742034183,0.9995963768229966,1621.273363442088,1.0097382099183845,1621.137256597501,0.9864775249965784
1621.2858630484104,1.0028214767874486,1621.2858630484104,0.9995916990801309,1621.2747522870798,1.0082725921318765,1621.1386454429578,0.999562135982636
1621.2872518938686,0.9919090679446528,1621.2872518938686,0.9995928173849482,1621.276141132071,0.9908186514440678,1621.1400342884149,1.00896965424985
1621.2886407388603,1.0129443548691326,1621.2886407388603,0.9996229350380484,1621.2775299775278,0.9964589624980988,1621.1414231338729,0.9989459458467616
1621.2900295838515,1.0078856983133497,1621.2900295838515,0.9995806652292462,1621.2789188225197,1.0048460666382415,1621.142811979331,0.9970065813483112
1621.2914184293093,1.0105420952479796,1621.2914184293093,0.9995273041890161,1621.2803076679777,0.9992634533260608,1621.1442008252534,1.0111663819383914
1621.292807274301,1.005423031170089,1621.292807274301,0.9995274695292095,1621.2816965129698,0.998199952781636,1621.14558967071,0.9906087920485036
1621.294196119292,1.0072629965069264,1621.294196119292,0.9995931453833014,1621.283085357961,0.9984214332771488,1621.1469785161678,0.9888038517354244
1621.29558496475,1.0017561445068532,1621.29558496475,0.9995942466802271,1621.2844742034183,1.0011443045668749,1621.148367361625,0.997424193390326
1621.2969738097422,1.0007291530943285,1621.2969738097422,0.9996284496562635,1621.2858630484104,1.0024120238560117,1621.149756207083,0.988124866884038
1621.298362654734,0.9910005649320778,1621.298362654734,0.9996724232437146,1621.2872518938686,0.9915051798164736,1621.151145052541,0.9925254580242472
1621.2997515001914,0.9941865766167705,1621.2997515001914,0.9996710851522461,1621.2886407388603,1.012562409044505,1621.152533897998,1.007106880275623
1621.3011403451826,0.9928447643575605,1621.3011403451826,0.9997169295129356,1621.2900295838515,1.0074630567951015,1621.1539227434553,0.9960179043772402
1621.3025291901747,0.998381962205668,1621.3025291901747,0.9996729792306068,1621.2914184293093,1.010064416232733,1621.155311588913,0.9971321707793356
1621.3039180351673,1.0056651241228516,1621.3039180351673,0.9997969914863644,1621.292807274301,1.0049479381518265,1621.1567004343704,0.9935610951126548
1621.3053068806246,0.9908328913400334,1621.3053068806246,0.9997805490231041,1621.294196119292,1.0068531869065678,1621.158089279828,0.9926807458218068
1621.3066957256158,1.009409116850595,1621.3066957256158,0.9997621687905407,1621.29558496475,1.0013496786256166,1621.1594781252854,1.0001941607166862
1621.308084570607,1.0017182456093514,1621.308084570607,0.9998058791837888,1621.2969738097422,1.0003573318335093,1621.160866970743,1.0021506510466398
1621.309473415599,1.002249589995101,1621.309473415599,0.9998488004204117,1621.298362654734,0.9906759361815404,1621.1622558162005,1.0010543259918336
1621.3108622610573,1.002090351644254,1621.3108622610573,0.9999192480520995,1621.2997515001914,0.9938595738902836,1621.1636446616574,1.0079991904646632
1621.31225110605,1.0050136361150093,1621.31225110605,0.99997297067291,1621.3011403451826,0.9925637193065344,1621.165033507115,1.0015903917017464
1621.3136399510408,0.998076929883082,1621.3136399510408,1.0000006968708046,1621.3025291901747,0.9980554705682392,1621.166422352573,0.9918422596746336
1621.3150287960318,1.014352742730251,1621.3150287960318,1.0000448840582075,1621.3039180351673,1.0054609655407882,1621.167811198031,0.994772204014322
1621.3164176414896,1.0047990191967118,1621.3164176414896,1.0000934232993615,1621.3053068806246,0.9906154520940882,1621.1692000434875,0.9941982168203664
1621.317806486482,1.00896722152283,1621.317806486482,1.0001392104428988,1621.3066957256158,1.0091690478594952,1621.1705888889444,1.003641889620754
1621.3191953314738,0.9904334097022451,1621.3191953314738,1.000264356005155,1621.308084570607,1.0015237912459,1621.1719777344026,0.9975620835177872
1621.320584176465,1.0175990100346595,1621.320584176465,1.0003010877538758,1621.309473415599,1.0020980502784511,1621.1733665798608,0.9941422180697368
1621.321973021457,0.9959767995698567,1621.321973021457,1.0002003246951887,1621.3108622610573,1.0020094308963865,1621.1747554248525,0.9942887390725982
1621.3233618669144,0.9868009207202577,1621.3233618669144,1.000216754215993,1621.31225110605,1.0049864712727088,1621.1761442703094,1.0022993467582637
1621.3247507119063,0.997382685157413,1621.3247507119063,1.0002807814938517,1621.3136399510408,0.9980776254137552,1621.1775331157662,0.9856006416478204
1621.3261395568982,1.0122646229561902,1621.3261395568982,1.0002634297031692,1621.3150287960318,1.0143982709977986,1621.1789219612235,0.9969213599486878
1621.3275284018905,0.999681438634705,1621.3275284018905,1.0002077173891517,1621.3164176414896,1.0048928908362802,1621.1803108066815,1.0039220192932006
1621.328917246882,1.003077428814025,1621.328917246882,1.0003134048180444,1621.317806486482,1.0091076802966086,1621.1816996521395,0.9953481620380936
1621.330306091874,1.0080663873717581,1621.330306091874,1.000284105441186,1621.3191953314738,0.990695236721806,1621.1830884975964,0.989482428828918
1621.331694936865,0.9964532054913245,1621.331694936865,1.0002802205182317,1621.320584176465,1.0179053966349372,1621.1844773430537,0.9914170361519508
1621.3330837823223,0.9980306741814432,1621.3330837823223,1.0003169674925114,1621.321973021457,0.9961763183186456,1621.1858661885117,1.0019795966105534
1621.334472627315,1.0026200721423295,1621.334472627315,1.0003100113802612,1621.3233618669144,0.9870148139801695,1621.187255033503,0.9935547748653142
1621.3358614723068,1.0072763663291664,1621.3358614723068,1.0003324911327345,1621.3247507119063,0.9976627317576934,1621.1886438789609,0.99300783561159
1621.3372503172989,1.0004627193710727,1621.3372503172989,1.0003285187274875,1621.3261395568982,1.0125312835253442,1621.1900327244182,0.985635640866964
1621.33863916229,0.9940889271912781,1621.33863916229,1.0003695166555227,1621.3275284018905,0.9998890898531216,1621.191421569876,0.988363473211054
1621.3400280072813,1.002460453764464,1621.3400280072813,1.0002898396827362,1621.328917246882,1.0033917981130869,1621.1928104153333,0.9889717120680162
1621.3414168522738,1.0128754573274374,1621.3414168522738,1.0003553133379877,1621.330306091874,1.008352784517487,1621.19419926079,0.9945313550188948
1621.3428056972664,1.0156111066653768,1621.3428056972664,1.000414578185145,1621.331694936865,0.996732432124961,1621.1955881062474,1.0070278432040418
1621.3441945422576,1.0078693526964586,1621.3441945422576,1.0003683993361618,1621.3330837823223,0.998347017461688,1621.19697695124,0.9989781587203036
1621.3455833872488,0.9964945221667311,1621.3455833872488,1.0003684608416032,1621.334472627315,1.002930895774772,1621.1983657966978,1.0007576141650742
1621.346972232706,1.0098884871502927,1621.346972232706,1.0003516612783536,1621.3358614723068,1.0076112767891838,1621.199754642155,0.9950984782883192
1621.348361077698,0.9979859545024423,1621.348361077698,1.0003653326575785,1621.3372503172989,1.0007913901105392,1621.201143487612,1.0041155683730474
1621.3497499226903,0.9922576188784819,1621.3497499226903,1.0004571804912508,1621.33863916229,0.9944562596069458,1621.2025323330688,0.9962469963534212
1621.3511387676824,0.9969486361973761,1621.3511387676824,1.000565017172528,1621.3400280072813,1.0027510065843386,1621.2039211780614,1.011375289898872
1621.3525276126736,0.9966631719819377,1621.3525276126736,1.0005547801697077,1621.3414168522738,1.0132353454871463,1621.2053100235196,0.9929881273134314
1621.3539164576653,0.9983723348463079,1621.3539164576653,1.0005913595690767,1621.3428056972664,1.0160321568747912,1621.2066988689764,0.9931815404739804
1621.3553053026574,0.9986523107473473,1621.3553053026574,1.000583317697551,1621.3441945422576,1.00824065109693,1621.2080877144333,0.9843093403605424
1621.356694147649,1.000092292410409,1621.356694147649,1.0005771927792784,1621.3455833872488,0.9968616913770216,1621.2094765594254,0.9967360339863486
1621.3580829926411,0.9859192560987293,1621.3580829926411,1.0006093234051845,1621.346972232706,1.0102436258266785,1621.2108654048836,0.9922739393639548
1621.3594718376328,1.002796105704811,1621.3594718376328,1.000602231622508,1621.348361077698,0.9983505513634268,1621.2122542503416,1.0017903289885823
1621.360860682625,0.9874705367475864,1621.360860682625,1.0006268451523652,1621.3497499226903,0.992711259704128,1621.2136430957985,1.0047223121177355
1621.3622495276163,0.9907037594187564,1621.3622495276163,1.0006213953585859,1621.3511387676824,0.997511929296956,1621.2150319407897,0.9991456112950023
1621.3636383726075,1.0045409111248096,1621.3636383726075,1.0006932512195286,1621.3525276126736,0.9972161009456312,1621.2164207862472,0.99663552166574
1621.3650272175994,1.005917822293108,1621.3650272175994,1.0006423271700247,1621.3539164576653,0.9989627318800208,1621.2178096317043,1.0033018195380456
1621.366416062592,1.0012618474220736,1621.366416062592,1.0006483597717113,1621.3553053026574,0.9992348423139064,1621.2191984766966,0.9894990109832308
1621.367804907584,0.9853207682915226,1621.367804907584,1.000638973346954,1621.356694147649,1.0006695384602002,1621.220587322154,0.9951974954966538
1621.3691937525753,0.9955753699857067,1621.3691937525753,1.0006956358709052,1621.3580829926411,0.9865199997770924,1621.2219761676115,0.9860425152844648
1621.3705825971008,0.9993116024489683,1621.3705825971008,1.000632154377439,1621.3594718376328,1.0034000212305942,1621.223365013069,0.9934032248484398
1621.3719714420934,1.0086761579636427,1621.3719714420934,1.0005899824269497,1621.360860682625,0.9880895278666502,1621.2247538580611,0.9870044841135486
1621.373360287086,0.9974548694551545,1621.373360287086,1.0005220772805516,1621.3622495276163,0.9913193781365928,1621.2261427035185,0.9998204506078108
1621.3747491320776,1.0187282182752033,1621.3747491320776,1.0005040293626124,1621.3636383726075,1.005237310336513,1621.2275315489762,1.000463145006726
1621.3761379770688,1.0039566312761627,1621.3761379770688,1.0004772068708572,1621.3650272175994,1.006563950641179,1621.228920393968,0.9942694385323324
1621.37752682206,1.0020219801306078,1621.37752682206,1.0005759720346026,1621.366416062592,1.0019110253248913,1621.2303092394252,0.9985697212308796
1621.378915667052,1.0051152912868155,1621.378915667052,1.000483064197171,1621.367804907584,0.9859503620006612,1621.231698084882,0.999644503077009
1621.3803045120446,0.9892949061648123,1621.3803045120446,1.0003673345864756,1621.3691937525753,0.9962679279252584,1621.2330869298733,0.999978864549216
1621.3816933570365,0.9984981385856339,1621.3816933570365,1.0004330307730542,1621.3705825971008,0.999943321652882,1621.2344757753317,0.9941973333449318
1621.3830822020277,0.9977613284548681,1621.3830822020277,1.0003620968623501,1621.3719714420934,1.0092712591713244,1621.235864620324,0.9928865276384417
1621.3844710470191,1.0026688051761181,1621.3844710470191,1.000353165433423,1621.373360287086,0.9979756179808726,1621.2372534657818,0.9905138524190984
1621.3858598915456,0.9985769146852717,1621.3858598915456,1.0002194244358797,1621.3747491320776,1.0192416872097358,1621.238642311239,1.0014542685251546
1621.387248736538,1.0055823058773692,1621.387248736538,1.0002463056033086,1621.3761379770688,1.0044357262786503,1621.24003115623,1.0139178642402715
1621.3886375815298,0.9935936987610946,1621.3886375815298,1.0003186825633599,1621.37752682206,1.00259911676922,1621.241420001688,0.9937466249539404
1621.390026426521,1.0124283554393156,1621.390026426521,1.000342913216557,1621.378915667052,1.0056008264980651,1621.2428088466806,0.9995910867930344
1621.391415271513,1.0202194080772395,1621.391415271513,1.000230228071117,1621.3803045120446,0.9896583084000709,1621.2441976921375,1.0056914846695943
1621.3928041165047,0.9916362704361238,1621.3928041165047,1.0002683096373148,1621.3816933570365,0.9989305190064788,1621.245586537594,0.9993601599063352
1621.3941929610305,0.9987952807648118,1621.3941929610305,1.0001837789540207,1621.3830822020277,0.9981226147012758,1621.246975382586,1.0030865913302245
1621.3955818060224,1.0074921023922134,1621.3955818060224,1.0002984585370562,1621.3844710470191,1.0030229131392778,1621.248364228043,0.9984855192259884
1621.396970651015,0.9967224059072495,1621.396970651015,1.0003174287170917,1621.3858598915456,0.998796026861459,1621.249753073036,0.9962346956569844
1621.3983594960066,1.0112113630630073,1621.3983594960066,1.0002965217208413,1621.387248736538,1.0058299864338949,1621.2511419184937,0.9887097276218052
1621.3997483409985,1.0150552704690243,1621.3997483409985,1.000269112678054,1621.3886375815298,0.993910339747954,1621.2525307634849,1.0129536527427767
1621.4011371855238,1.0050838791107763,1621.4011371855238,1.0001878154122734,1621.390026426521,1.012775530503213,1621.2539196089422,1.0066283084286138
1621.402526030516,0.993649152173095,1621.402526030516,1.0002786559553052,1621.391415271513,1.0204542912236774,1621.2553084539345,1.0002193057867506
1621.4039148755085,1.0089062660640469,1621.4039148755085,1.000254736474481,1621.3928041165047,0.9919023360041928,1621.2566972993916,1.0055879141647888
1621.4053037205,0.9978523154162129,1621.4053037205,1.0001569398498789,1621.3941929610305,0.9989788383167916,1621.2580861443837,1.0013274558204517
1621.4066925650257,0.984807883831855,1621.4066925650257,1.0001067640611987,1621.3955818060224,1.007792797011189,1621.259474989841,1.0120274306889736
1621.4080814100168,0.9994911766052028,1621.4080814100168,1.0001708790488113,1621.396970651015,0.9970387942218532,1621.2608638348331,1.0020966231258257
1621.409470255009,0.9959184493407,1621.409470255009,1.0002353836293094,1621.3983594960066,1.011511209196517,1621.2622526802904,0.998459218841894
1621.4108591000015,0.9994609179673933,1621.4108591000015,1.0002132625228477,1621.3997483409985,1.0153284347112332,1621.2636415252816,1.0037854203990673
1621.4122479445284,1.0021479890476737,1621.4122479445284,1.0001345544943456,1621.4011371855238,1.0052726493539008,1621.265030370739,1.005773240127128
1621.4136367895196,1.0046602019394597,1621.4136367895196,1.0001287900430018,1621.402526030516,0.993926038426832,1621.2664192157315,1.0026767266881755
1621.4150256345108,1.0018207724578032,1621.4150256345108,1.0000531859785637,1621.4039148755085,1.0091632712893457,1621.2678080611893,1.0061377077237637
1621.4164144795025,0.9953231327775084,1621.4164144795025,1.000003843827222,1621.4053037205,0.9980089182087956,1621.2691969061805,0.9946209937956918
1621.4178033240294,0.99187886474925,1621.4178033240294,0.99999886060892,1621.4066925650257,0.9849130259210334,1621.270585751637,0.9885954874521344
1621.419192169021,1.0025598067836905,1621.419192169021,0.9999589508392437,1621.4080814100168,0.9996619687067564,1621.27197459663,1.0004872027224092
1621.4205810140122,0.9944839628324712,1621.4205810140122,0.9998752418216957,1621.409470255009,0.996152872239802,1621.273363442088,1.0097382099183845
1621.421969858539,1.0113655384483113,1621.421969858539,0.9998908394597593,1621.4108591000015,0.9996740655242468,1621.2747522870798,1.0082725921318765
1621.4233587035303,1.0026861976736274,1621.4233587035303,0.9998225337545329,1621.4122479445284,1.0022828325635995,1621.276141132071,0.9908186514440678
1621.4247475485224,0.9940324936617292,1621.4247475485224,0.9999028189858642,1621.4136367895196,1.0047895921700698,1621.2775299775278,0.9964589624980988
1621.4261363930484,1.0002692579576906,1621.4261363930484,0.9998878269942129,1621.4150256345108,1.0018740552759318,1621.2789188225197,1.0048460666382415
1621.4275252380403,0.9972979129435604,1621.4275252380403,0.9999556498499033,1621.4164144795025,0.995326958627661,1621.2803076679777,0.9992634533260608
1621.4289140830322,1.0083858163489436,1621.4289140830322,0.9999147425553837,1621.4178033240294,0.991877734611319,1621.2816965129698,0.998199952781636
1621.4303029275586,0.9942217986380449,1621.4303029275586,0.9998541997865322,1621.419192169021,1.002518652545014,1621.283085357961,0.9984214332771488
1621.4316917725498,1.001773236651678,1621.4316917725498,0.9999206623603379,1621.4205810140122,0.9943598928249154,1621.2844742034183,1.0011443045668749
1621.4330806170758,1.0011313109352595,1621.4330806170758,0.9998723256786108,1621.421969858539,1.0112551372397536,1621.2858630484104,1.0024120238560117
1621.4344694620684,0.9978424534461414,1621.4344694620684,0.9999249100800385,1621.4233587035303,1.0025082547187445,1621.2872518938686,0.9915051798164736
1621.43585830706,1.0023836378032562,1621.43585830706,0.9999687240719246,1621.4247475485224,0.9939358925759112,1621.2886407388603,1.012562409044505
1621.4372471515865,1.0108093435417527,1621.4372471515865,0.9999937259725028,1621.4261363930484,1.000157054748429,1621.2900295838515,1.0074630567951015
1621.4386359965777,0.9980339549543388,1621.4386359965777,0.9999130169210257,1621.4275252380403,0.9972536826314302,1621.2914184293093,1.010064416232733
1621.4400248411032,0.9994338065386619,1621.4400248411032,0.9998812968712176,1621.4289140830322,1.0082998439510544,1621.292807274301,1.0049479381518265
1621.4414136860958,1.0005303575593658,1621.4414136860958,0.9997671573537393,1621.4303029275586,0.9940768408875692,1621.294196119292,1.0068531869065678
1621.4428025310883,0.9982865768380279,1621.4428025310883,0.9997785723589883,1621.4316917725498,1.0016937583276055,1621.29558496475,1.0013496786256166
1621.444191375614,1.010414027021136,1621.444191375614,0.999766786237101,1621.4330806170758,1.0010034921745143,1621.2969738097422,1.0003573318335093
1621.445580220605,0.999558562155059,1621.445580220605,0.9998680720094657,1621.4344694620684,0.997767525536178,1621.298362654734,0.9906759361815404
1621.446969065131,0.9956161331454491,1621.446969065131,0.9997878451407559,1621.43585830706,1.0023522873246964,1621.2997515001914,0.9938595738902836
1621.4483579101236,1.0008630936531242,1621.4483579101236,0.9998804201539525,1621.4372471515865,1.010803001696137,1621.3011403451826,0.9925637193065344
1621.4497467546505,1.0119732389873433,1621.4497467546505,1.000012787091888,1621.4386359965777,0.997947142888016,1621.3025291901747,0.9980554705682392
1621.4511355996417,0.9873800127746127,1621.4511355996417,1.0000815780562116,1621.4400248411032,0.9993151706188148,1621.3039180351673,1.0054609655407882
1621.4525244441672,0.9981015029400763,1621.4525244441672,1.000022581785278,1621.4414136860958,1.0002973914232476,1621.3053068806246,0.9906154520940882
1621.453913289159,1.0099687099852892,1621.453913289159,1.0000541191217258,1621.4428025310883,0.998065528596265,1621.3066957256158,1.0091690478594952
1621.455302133685,1.0047395855309786,1621.455302133685,1.0000049260445125,1621.444191375614,1.0101783845638084,1621.308084570607,1.0015237912459
1621.456690978677,0.9921517807121364,1621.456690978677,0.9998757814656226,1621.445580220605,0.9994266924025326,1621.309473415599,1.0020980502784511
1621.4580798232034,0.9984804594639278,1621.4580798232034,0.9998807162271337,1621.446969065131,0.9954049083448604,1621.3108622610573,1.0020094308963865
1621.459468668195,0.9855525424146744,1621.459468668195,0.999895239573398,1621.4483579101236,1.0007434105984705,1621.31225110605,1.0049864712727088
1621.4608575127215,0.9994279272771373,1621.4608575127215,0.9998080964873317,1621.4497467546505,1.0119861791821383,1621.3136399510408,0.9980776254137552
1621.4622463577132,0.9909592020613045,1621.4622463577132,0.9997897245957974,1621.4511355996417,0.987460561316797,1621.3150287960318,1.0143982709977986
1621.4636352022396,1.0070133956795901,1621.4636352022396,0.9997823963519339,1621.4525244441672,0.9981240418539012,1621.3164176414896,1.0048928908362802
1621.4650240472313,0.9841664279989103,1621.4650240472313,0.9998623704730298,1621.453913289159,1.010023368604844,1621.317806486482,1.0091076802966086
1621.4664128917575,1.0067293644054727,1621.4664128917575,0.9998963117563252,1621.455302133685,1.0047445349229005,1621.3191953314738,0.990695236721806
1621.4678017362835,1.0036411373431093,1621.4678017362835,0.9998844861623641,1621.456690978677,0.9920285370720564,1621.320584176465,1.0179053966349372
1621.469190581275,0.9811657830292485,1621.469190581275,0.9997636174537603,1621.4580798232034,0.9983613569475897,1621.321973021457,0.9961763183186456
1621.4705794258005,0.989990030952948,1621.4705794258005,0.999703983369999,1621.459468668195,0.9854492955098924,1621.3233618669144,0.9870148139801695
1621.471968270793,0.987079162097332,1621.471968270793,0.9996585864222657,1621.4608575127215,0.999236133547234,1621.3247507119063,0.9976627317576934
1621.47335711532,0.9953058847501078,1621.47335711532,0.9995630133683416,1621.4622463577132,0.9907508277145428,1621.3261395568982,1.0125312835253442
1621.4747459603116,1.0051920062721245,1621.4747459603116,0.9995556512281722,1621.4636352022396,1.0067942658910387,1621.3275284018905,0.9998890898531216
1621.476134804837,1.006125468931051,1621.476134804837,0.9995954060869214,1621.4650240472313,0.9840309776389649,1621.328917246882,1.0033917981130869
1621.4775236493626,0.9990803658544999,1621.4775236493626,0.9996794835545133,1621.4664128917575,1.0066249784058217,1621.330306091874,1.008352784517487
1621.4789124943552,1.0047108744106825,1621.4789124943552,0.999662830002185,1621.4678017362835,1.0035252029037256,1621.331694936865,0.996732432124961
1621.480301338882,0.9929801567627916,1621.480301338882,0.9996628150968163,1621.469190581275,0.9809338525631728,1621.3330837823223,0.998347017461688
1621.4816901834076,0.9983124604976277,1621.4816901834076,0.9995979853609284,1621.4705794258005,0.9896969774402508,1621.334472627315,1.002930895774772
1621.4830790283988,1.003414529126124,1621.4830790283988,0.9995984737345774,1621.471968270793,0.9867421598690934,1621.3358614723068,1.0076112767891838
1621.484467872925,0.9995615903227821,1621.484467872925,0.9997041118707682,1621.47335711532,0.9948709493840612,1621.3372503172989,1.0007913901105392
1621.485856717917,0.9977279157413443,1621.485856717917,0.9997248751912283,1621.4747459603116,1.0047453504386863,1621.33863916229,0.9944562596069458
1621.487245562443,0.9903628251099305,1621.487245562443,0.9998284687709744,1621.476134804837,1.0057183966905283,1621.3400280072813,1.0027510065843386
1621.4886344069694,1.0011990020717165,1621.4886344069694,0.999853664466207,1621.4775236493626,0.9987601441668806,1621.3414168522738,1.0132353454871463
1621.4900232514954,0.9845225360410486,1621.4900232514954,0.9997806915956159,1621.4789124943552,1.0043721160473529,1621.3428056972664,1.0160321568747912
1621.4914120964877,1.0119657824231585,1621.4914120964877,0.9997419951237696,1621.480301338882,0.9926453388447702,1621.3441945422576,1.00824065109693
1621.4928009410137,0.9907620294232532,1621.4928009410137,0.9996735075775579,1621.4816901834076,0.99791112427414,1621.3455833872488,0.9968616913770216
1621.494189785539,1.0056766996251343,1621.494189785539,0.9996864171859231,1621.4830790283988,1.0030116318375732,1621.346972232706,1.0102436258266785
1621.495578630531,0.9995127278308796,1621.495578630531,0.9996520824334899,1621.484467872925,0.9992658319137696,1621.348361077698,0.9983505513634268
1621.496967475058,0.9949764892856197,1621.496967475058,0.9997093048575114,1621.485856717917,0.9974534160393198,1621.3497499226903,0.992711259704128
1621.498356319584,0.9965221151741841,1621.498356319584,0.9997106908233702,1621.487245562443,0.9901929469573582,1621.3511387676824,0.997511929296956
1621.4997451645752,0.9967042148247142,1621.4997451645752,0.9997836650868719,1621.4886344069694,1.0010524910813154,1621.3525276126736,0.9972161009456312
1621.5011340091007,0.9918240575077222,1621.5011340091007,0.999789906989364,1621.4900232514954,0.9843066219745892,1621.3539164576653,0.9989627318800208
1621.5025228536276,1.003701968538119,1621.5025228536276,0.9997972089899095,1621.4914120964877,1.011704690316715,1621.3553053026574,0.9992348423139064
1621.5039116981543,0.9979636342892934,1621.5039116981543,0.9998079855721099,1621.4928009410137,0.9904385531282032,1621.356694147649,1.0006695384602002
1621.5053005431462,0.9928271951646355,1621.5053005431462,0.9997191507846551,1621.494189785539,1.0053613366956142,1621.3580829926411,0.9865199997770924
1621.5066893876717,1.009084668301087,1621.5066893876717,0.9998045978966309,1621.495578630531,0.9991649797949168,1621.3594718376328,1.0034000212305942
1621.5080782321972,0.9979529797709472,1621.5080782321972,0.9998791318506607,1621.496967475058,0.994687254453294,1621.360860682625,0.9880895278666502
1621.5108559212506,0.9874285155495135,1621.5108559212506,0.9999344471304803,1621.498356319584,0.9962338121815496,1621.3622495276163,0.9913193781365928
1621.5122447662422,1.0053505112122259,1621.5122447662422,0.999969262719177,1621.4997451645752,0.9964885929049856,1621.3636383726075,1.005237310336513
1621.5136336107678,1.0071244287375456,1621.5136336107678,0.9998844613555278,1621.5011340091007,0.9916156822054591,1621.3650272175994,1.006563950641179
1621.5150224552942,1.007232320426339,1621.5150224552942,0.9999865189306589,1621.5025228536276,1.0034984268020894,1621.366416062592,1.0019110253248913
1621.5164112998202,0.986146425667469,1621.5164112998202,0.9999836672158351,1621.5039116981543,0.9977720108730002,1621.367804907584,0.9859503620006612
1621.5178001443471,1.0080719885645173,1621.5178001443471,1.0000249305152653,1621.5053005431462,0.9925483604259004,1621.3691937525753,0.9962679279252584
1621.519188989339,0.9963063777752607,1621.519188989339,1.0001195220853996,1621.5066893876717,1.0088874910344234,1621.3705825971008,0.999943321652882
1621.5205778338643,1.0091198734307854,1621.5205778338643,1.0001459095255554,1621.5080782321972,0.9978323590411546,1621.3719714420934,1.0092712591713244
1621.5219666783908,0.9941841536136522,1621.5219666783908,1.0001417683741525,1621.5108559212506,0.9873637867768736,1621.373360287086,0.9979756179808726
1621.5233555229167,0.9981103757090187,1621.5233555229167,1.000174244252979,1621.5122447662422,1.005319609471237,1621.3747491320776,1.0192416872097358
1621.5247443674425,1.0045503015377264,1621.5247443674425,1.0001517477033404,1621.5136336107678,1.0070080669462345,1621.3761379770688,1.0044357262786503
1621.5261332119687,0.9978811000389229,1621.5261332119687,1.0001305413212307,1621.5150224552942,1.0072187418575846,1621.37752682206,1.00259911676922
1621.5275220564956,1.002930488389665,1621.5275220564956,1.0000523789398787,1621.5164112998202,0.9861303191507436,1621.378915667052,1.0056008264980651
1621.5289109010216,0.9928684216783896,1621.5289109010216,1.0001302165953745,1621.5178001443471,1.0080971203186166,1621.3803045120446,0.9896583084000709
1621.5302997460135,0.9928617678866283,1621.5302997460135,0.9999917403629277,1621.519188989339,0.9964254583912292,1621.3816933570365,0.9989305190064788
1621.5316885905393,0.9926873216245407,1621.5316885905393,0.9999496296394219,1621.5205778338643,1.0092671136327462,1621.3830822020277,0.9981226147012758
1621.5330774350653,1.0054776436661086,1621.5330774350653,1.0000743880905418,1621.5219666783908,0.9943250974847182,1621.3844710470191,1.0030229131392778
1621.5344662795922,1.0058782320687103,1621.5344662795922,1.00009851180856,1621.5233555229167,0.9982842907058248,1621.3858598915456,0.998796026861459
1621.5358551241184,0.9985771320601703,1621.5358551241184,1.0001564586250355,1621.5247443674425,1.0047027397388746,1621.387248736538,1.0058299864338949
1621.5372439686437,0.992283939231088,1621.5372439686437,1.0001501160560737,1621.5261332119687,0.9980113647561532,1621.3886375815298,0.993910339747954
1621.5386328131692,0.9866750287719697,1621.5386328131692,1.0000934534723698,1621.5275220564956,1.002983020825419,1621.390026426521,1.012775530503213
1621.5400216576957,0.9993384772390563,1621.5400216576957,1.0000956860637071,1621.5289109010216,0.9929977096239154,1621.391415271513,1.0204542912236774
1621.5414105022226,1.0008227096875055,1621.5414105022226,1.0000930379967663,1621.5302997460135,0.9928535672087626,1621.3928041165047,0.9919023360041928
1621.5427993467497,1.0083681483532643,1621.5427993467497,1.0001080303479413,1621.5316885905393,0.9926373196062092,1621.3941929610305,0.9989788383167916
1621.544188191275,1.0000502890045009,1621.544188191275,1.0001592225856737,1621.5330774350653,1.0055524392281034,1621.3955818060224,1.007792797011189
1621.5455770358003,0.9963993533451108,1621.5455770358003,1.0001825257720305,1621.5344662795922,1.0059773229525424,1621.396970651015,0.9970387942218532
1621.5469658803263,1.0029871402228165,1621.5469658803263,1.0001798538006332,1621.5358551241184,0.9987333680652444,1621.3983594960066,1.011511209196517
1621.5483547248534,0.9904163588597364,1621.5483547248534,1.0001415971951766,1621.5372439686437,0.9924328969825508,1621.3997483409985,1.0153284347112332
1621.54974356938,1.001614939225451,1621.54974356938,1.0001262549219532,1621.5386328131692,0.986767236979509,1621.4011371855238,1.0052726493539008
1621.5511324139054,0.9905959600134903,1621.5511324139054,1.0002171217717326,1621.5400216576957,0.9994341000042544,1621.402526030516,0.993926038426832
1621.5525212584314,1.0010692162728514,1621.5525212584314,1.0001549790542097,1621.5414105022226,1.0009158242275331,1621.4039148755085,1.0091632712893457
1621.5539101029574,0.983685727600294,1621.5539101029574,1.0001792262983504,1621.5427993467497,1.0084770827151837,1621.4053037205,0.9980089182087956
1621.5552989474838,0.9981643197641418,1621.5552989474838,1.0001682593240675,1621.544188191275,1.00020951959732,1621.4066925650257,0.9849130259210334
1621.5566877920098,0.9995702985864429,1621.5566877920098,1.000270112306464,1621.5455770358003,0.9965812219063308,1621.4080814100168,0.9996619687067564
1621.5580766365365,1.0014479955612259,1621.5580766365365,1.0002607440907274,1621.5469658803263,1.003167531271972,1621.409470255009,0.996152872239802
1621.5594654810625,1.01016874211885,1621.5594654810625,1.0002968792168827,1621.5483547248534,0.990556599038208,1621.4108591000015,0.9996740655242468
1621.5608543255887,1.008446124437958,1621.5608543255887,1.0003508710680793,1621.54974356938,1.00174139804143,1621.4122479445284,1.0022828325635995
1621.5622431701142,1.0181648433132462,1621.5622431701142,1.0003485767058038,1621.5511324139054,0.9908110399633996,1621.4136367895196,1.0047895921700698
1621.5636320146402,0.9958739136491183,1621.5636320146402,1.0003193530670877,1621.5525212584314,1.001224361033188,1621.4150256345108,1.0018740552759318
1621.5650208591671,0.9931595789307375,1621.5650208591671,1.0003696572105847,1621.5539101029574,0.983862029951992,1621.4164144795025,0.995326958627661
1621.5664097036936,0.99430994696365,1621.5664097036936,1.0004563588003468,1621.5552989474838,0.9983322702178936,1621.4178033240294,0.991877734611319
1621.5677985482196,1.0061430232039343,1621.5677985482196,1.0004952233490803,1621.5566877920098,0.9998402948252668,1621.419192169021,1.002518652545014
1621.569187392745,1.0059131149431582,1621.569187392745,1.0005313468641541,1621.5580766365365,1.0017091172082393,1621.4205810140122,0.9943598928249154
1621.570576236805,1.0035665077925777,1621.570576236805,1.0004439745964548,1621.5594654810625,1.0104686402239298,1621.421969858539,1.0112551372397536
1621.571965081332,0.9949784155107657,1621.571965081332,1.0005120428316483,1621.5608543255887,1.0087999590067398,1621.4233587035303,1.0025082547187445
1621.5733539258588,1.006738143523962,1621.5733539258588,1.000602670561099,1621.5622431701142,1.0185197518602935,1621.4247475485224,0.9939358925759112
1621.5747427703843,1.0086216535447847,1621.5747427703843,1.000584220511541,1621.5636320146402,0.9961919490378748,1621.4261363930484,1.000157054748429
1621.57613161491,1.0170597284174772,1621.57613161491,1.000447470392309,1621.5650208591671,0.9935267075303504,1621.4275252380403,0.9972536826314302
1621.5775204594358,1.0005668592303503,1621.5775204594358,1.0005296413099323,1621.5664097036936,0.9947637090582192,1621.4289140830322,1.0082998439510544
1621.5789093039627,1.0029016537794468,1621.5789093039627,1.0004885906933103,1621.5677985482196,1.006641288721539,1621.4303029275586,0.9940768408875692
1621.5802981484896,0.9779880889714664,1621.5802981484896,1.0004394342608491,1621.569187392745,1.0064476037223946,1621.4316917725498,1.0016937583276055
1621.5816869925495,0.9906262478327794,1621.5816869925495,1.000368749524548,1621.570576236805,1.0040120658278906,1621.4330806170758,1.0010034921745143
1621.583075837075,0.9968633034633599,1621.583075837075,1.0004341477787697,1621.571965081332,0.9954878870760728,1621.4344694620684,0.997767525536178
1621.5844646816015,0.9994920488372129,1621.5844646816015,1.0004188649471712,1621.5733539258588,1.0073448749657994,1621.43585830706,1.0023522873246964
1621.5858535261275,0.9921295701332087,1621.5858535261275,1.0004924607296675,1621.5747427703843,1.00921091100317,1621.4372471515865,1.010803001696137
1621.5872423706537,1.0040578954551762,1621.5872423706537,1.000543688802691,1621.57613161491,1.0175148325331538,1621.4386359965777,0.997947142888016
1621.5886312147145,0.9993656976809567,1621.5886312147145,1.000634704913842,1621.5775204594358,1.0010968007723478,1621.4400248411032,0.9993151706188148
1621.5900200592405,1.002922166322772,1621.5900200592405,1.0006474929792721,1621.5789093039627,1.003391662193789,1621.4414136860958,1.0002973914232476
1621.5914089037667,1.0071556627097118,1621.5914089037667,1.000721946868235,1621.5802981484896,0.9784178504444628,1621.4428025310883,0.998065528596265
1621.5927977482927,1.0063644707348627,1621.5927977482927,1.0006630938871717,1621.5816869925495,0.9909915407906724,1621.444191375614,1.0101783845638084
1621.5941865928191,0.9907742762075948,1621.5941865928191,1.000699023363418,1621.583075837075,0.9972960894522956,1621.445580220605,0.9994266924025326
1621.5955754368797,0.9990835207928987,1621.5955754368797,1.000730871638338,1621.5844646816015,0.9999107010214472,1621.446969065131,0.9954049083448604
1621.596964281406,0.9877865882043859,1621.596964281406,1.000785532854298,1621.5858535261275,0.9926181549852412,1621.4483579101236,1.0007434105984705
1621.598353125932,0.9954166453726305,1621.598353125932,1.0009021055007905,1621.5872423706537,1.0046037904901888,1621.4497467546505,1.0119861791821383
1621.5997419699918,0.996637464183219,1621.5997419699918,1.0008905077304497,1621.5886312147145,1.0,1621.4511355996417,0.987460561316797
1621.601130814517,0.9967810438051413,1621.601130814517,1.0008408324203852,1621.5900200592405,1.0035715513842225,1621.4525244441672,0.9981240418539012
1621.6025196590442,1.0093702146604062,1621.6025196590442,1.00083931418772,1621.5914089037667,1.00788277558623,1621.453913289159,1.010023368604844
1621.6039085035711,0.9943701061957827,1621.6039085035711,1.00082113868063,1621.5927977482927,1.0070317848636736,1621.455302133685,1.0047445349229005
1621.6052973476314,0.9981626810551721,1621.6052973476314,1.0007998894453085,1621.5941865928191,0.9914668505745377,1621.456690978677,0.9920285370720564
1621.606686192157,0.9890306224515223,1621.606686192157,1.000875007083183,1621.5955754368797,0.9998137226025772,1621.4580798232034,0.9983613569475897
1621.6080750366823,0.9997525125062977,1621.6080750366823,1.0009711583049534,1621.596964281406,0.9885625270224554,1621.459468668195,0.9854492955098924
1621.6094638807438,1.0026194452326507,1621.6094638807438,1.0009334187561922,1621.598353125932,0.9963146162039996,1621.4608575127215,0.999236133547234
1621.610852725271,1.0057786802163742,1621.610852725271,1.0010026558838185,1621.5997419699918,0.99752497754953,1621.4622463577132,0.9907508277145428
1621.6122415697962,1.0022057110856248,1621.6122415697962,1.0010327348135026,1621.601130814517,0.9976191696227982,1621.4636352022396,1.0067942658910387
1621.613630413856,0.9943668202946339,1621.613630413856,1.001086889352731,1621.6025196590442,1.0102173934022327,1621.4650240472313,0.9840309776389649
1621.6150192583823,0.9954187065299277,1621.6150192583823,1.0010277706961983,1621.6039085035711,0.9951866219528422,1621.4664128917575,1.0066249784058217
1621.6164081029085,1.0002213527852069,1621.6164081029085,1.0011024610199863,1621.6052973476314,0.998961100848449,1621.4678017362835,1.0035252029037256
1621.6177969469693,0.9931330576672786,1621.6177969469693,1.000977407038997,1621.606686192157,0.9898960312516524,1621.469190581275,0.9809338525631728
1621.6191857914953,0.9924433659427914,1621.6191857914953,1.0010934392181123,1621.6080750366823,1.0007234304617163,1621.4705794258005,0.9896969774402508
1621.6205746360215,0.989491407234931,1621.6205746360215,1.0010208037388666,1621.6094638807438,1.003555309028154,1621.471968270793,0.9867421598690934
1621.621963480082,1.0140679969163475,1621.621963480082,1.0010611352206187,1621.610852725271,1.0067871301279123,1621.47335711532,0.9948709493840612
1621.623352324608,1.008748750297195,1621.623352324608,1.001112048026941,1621.6122415697962,1.0032407238137542,1621.4747459603116,1.0047453504386863
1621.6247411686688,1.0057687580342984,1621.6247411686688,1.0012055781218236,1621.613630413856,0.995447587004321,1621.476134804837,1.0057183966905283
1621.6261300131948,1.0037636477504508,1621.6261300131948,1.0012061870416218,1621.6150192583823,0.9964417687069468,1621.4775236493626,0.9987601441668806
1621.6275188577213,1.0042428147710347,1621.6275188577213,1.0013265587175564,1621.6164081029085,1.0013240578380105,1621.4789124943552,1.0043721160473529
1621.6289077017816,1.0026345086452395,1621.6289077017816,1.001298226067119,1621.6177969469693,0.9941037529085032,1621.480301338882,0.9926453388447702
1621.6302965463071,0.9933443564348129,1621.6302965463071,1.0013954076913538,1621.6191857914953,0.9935285424408686,1621.4816901834076,0.99791112427414
1621.631685390367,1.0002468055420966,1621.631685390367,1.0015091711502706,1621.6205746360215,0.9905014837630128,1621.4830790283988,1.0030116318375732
1621.633074234894,1.008010438763277,1621.633074234894,1.0014875111183403,1621.621963480082,1.0151440601839776,1621.484467872925,0.9992658319137696
1621.6344630789552,0.9988419037741152,1621.6344630789552,1.0014603730050928,1621.623352324608,1.0098705273546422,1621.485856717917,0.9974534160393198
1621.6358519234816,1.0074374842246296,1621.6358519234816,1.001401525582046,1621.6247411686688,1.0069812908445983,1621.487245562443,0.9901929469573582
1621.637240768007,1.0008147090515698,1621.637240768007,1.0014911702367701,1621.6261300131948,1.0049743744552184,1621.4886344069694,1.0010524910813154
1621.6386296120666,0.9942477271359897,1621.6386296120666,1.0015081693616836,1621.6275188577213,1.0055750018315126,1621.4900232514954,0.9843066219745892
1621.6400184565937,1.0043117713130785,1621.6400184565937,1.0015226592255577,1621.6289077017816,1.0039361549001558,1621.4914120964877,1.011704690316715
1621.6414073006547,1.0072540349407766,1621.6414073006547,1.0014476865902244,1621.6302965463071,0.994730476789945,1621.4928009410137,0.9904385531282032
1621.6427961451802,1.0122207369423264,1621.6427961451802,1.001469781803144,1621.631685390367,1.001756349164171,1621.494189785539,1.0053613366956142
1621.64418498924,1.0026805268493453,1621.64418498924,1.0014340518145604,1621.633074234894,1.0095098654983403,1621.495578630531,0.9991649797949168
1621.6455738337663,1.000566184519187,1621.6455738337663,1.0015392853169034,1621.6344630789552,1.0003005855267424,1621.496967475058,0.994687254453294
1621.6469626778269,1.014588063669674,1621.6469626778269,1.001542223526776,1621.6358519234816,1.0088494336310827,1621.498356319584,0.9962338121815496
1621.6483515223538,0.9992881531117207,1621.6483515223538,1.0015914941687807,1621.637240768007,1.0023070941582293,1621.4997451645752,0.9964885929049856
1621.6497403664146,1.0029569644421334,1621.6497403664146,1.0015851207569784,1621.6386296120666,0.9957472210959798,1621.5011340091007,0.9916156822054591
1621.6511292104744,1.0011655225655949,1621.6511292104744,1.001504353790629,1621.6400184565937,1.0058409958970045,1621.5025228536276,1.0034984268020894
1621.6525180550004,0.9945009909185425,1621.6525180550004,1.0014896983463966,1621.6414073006547,1.0087122231001098,1621.5039116981543,0.9977720108730002
1621.6539068990612,1.0002827110229926,1621.6539068990612,1.001448763086308,1621.6427961451802,1.0137084805622492,1621.5053005431462,0.9925483604259004
1621.6552957435863,0.9889066084415211,1621.6552957435863,1.0014624026146886,1621.64418498924,1.004118422678298,1621.5066893876717,1.0088874910344234
1621.656684587647,0.9910274039119905,1621.656684587647,1.0014849415899658,1621.6455738337663,1.0021063413556075,1621.5080782321972,0.9978323590411546
1621.658073432174,1.0113463318829363,1621.658073432174,1.0015259884986938,1621.6469626778269,1.0161527852514514,1621.5094670767237,1.0213489800004267
1621.6594622762343,1.0007660991718645,1621.6594622762343,1.001481958038742,1621.6483515223538,1.0008785143803296,1621.5108559212506,0.9873637867768736
1621.660851120295,1.0009419947656442,1621.660851120295,1.0014353767450637,1621.6497403664146,1.0045467723448267,1621.5122447662422,1.005319609471237
1621.6622399648206,0.997590795700931,1621.6622399648206,1.001417418051374,1621.6511292104744,1.0026716297145135,1621.5136336107678,1.0070080669462345
1621.663628808881,0.9947835044114102,1621.663628808881,1.0014300400309326,1621.6525180550004,0.9959824974002036,1621.5150224552942,1.0072187418575846
1621.665017653408,1.0043612477994466,1621.665017653408,1.0015279955266778,1621.6539068990612,1.0017318836905948,1621.5164112998202,0.9861303191507436
1621.6664064974686,1.0000597687260804,1621.6664064974686,1.0015590048887864,1621.6552957435863,0.9903527880513888,1621.5178001443471,1.0080971203186166
1621.6677953415283,0.9956119995851549,1621.6677953415283,1.0015513761472858,1621.656684587647,0.9924990217208552,1621.519188989339,0.9964254583912292
1621.669184186054,0.9965715426468514,1621.669184186054,1.0015088091072244,1621.658073432174,1.0128896347535858,1621.5205778338643,1.0092671136327462
1621.6705730301144,1.0053135656125838,1621.6705730301144,1.001514515942299,1621.6594622762343,1.0022491925374326,1621.5219666783908,0.9943250974847182
1621.6719618741756,0.9923657847814285,1621.6719618741756,1.001573968652061,1621.660851120295,1.0023787236280883,1621.5233555229167,0.9982842907058248
1621.6733507187023,1.0005619049190206,1621.6733507187023,1.0015298489578697,1621.6622399648206,0.999004798902642,1621.5247443674425,1.0047027397388746
1621.6747395627624,0.9993169204812226,1621.6747395627624,1.0015475639663178,1621.663628808881,0.99620608464483,1621.5261332119687,0.9980113647561532
1621.6761284068225,1.0025793702740633,1621.6761284068225,1.0016019964356373,1621.665017653408,1.0058959072932527,1621.5275220564956,1.002983020825419
1621.6775172513485,0.9848807776536723,1621.6775172513485,1.0016331970312022,1621.6664064974686,1.0016188667946029,1621.5289109010216,0.9929977096239154
1621.6789060954095,0.9981600501731058,1621.6789060954095,1.0016843631906545,1621.6677953415283,0.9971565682932628,1621.5302997460135,0.9928535672087626
1621.6802949394703,1.0025896769870632,1621.6802949394703,1.0017259801977418,1621.669184186054,0.9980751788663976,1621.5316885905393,0.9926373196062092
1621.6816837839958,1.0114238349584663,1621.6816837839958,1.0017919233673083,1621.6705730301144,1.0068361290347134,1621.5330774350653,1.0055524392281034
1621.6830726280562,0.9988971677528936,1621.6830726280562,1.0018364431554132,1621.6719618741756,0.9939277374180524,1621.5344662795922,1.0059773229525424
1621.684461472117,1.0040233666316587,1621.684461472117,1.0017893625127845,1621.6733507187023,1.002092613506545,1621.5358551241184,0.9987333680652444
1621.6858503161773,1.0038221979046924,1621.6858503161773,1.0017851255812855,1621.6747395627624,1.000863427338291,1621.5372439686437,0.9924328969825508
1621.6872391607037,1.0004463230600658,1621.6872391607037,1.001686789100442,1621.6761284068225,1.0041854988516858,1621.5386328131692,0.986767236979509
1621.688628004764,1.0015368762180399,1621.688628004764,1.0016108496669385,1621.6775172513485,0.9864892820158244,1621.5400216576957,0.9994341000042544
1621.6900168488246,1.004525718712628,1621.6900168488246,1.0017109424156803,1621.6789060954095,0.9998413142199992,1621.5414105022226,1.0009158242275331
1621.6914056928852,1.0123399815712606,1621.6914056928852,1.001718421345474,1621.6802949394703,1.0043201269160034,1621.5427993467497,1.0084770827151837
1621.6927945374107,1.0026704258809225,1621.6927945374107,1.0018205829550946,1621.6816837839958,1.013236228962581,1621.544188191275,1.00020951959732
1621.694183381471,0.9991109050375873,1621.694183381471,1.001792241136259,1621.6830726280562,1.000731585619575,1621.5455770358003,0.9965812219063308
1621.6955722255325,0.9963097822856041,1621.6955722255325,1.0018096562922996,1621.684461472117,1.005819928405869,1621.5469658803263,1.003167531271972
1621.696961069593,1.0129150673994063,1621.696961069593,1.001858598529249,1621.6858503161773,1.0056141465892343,1621.5483547248534,0.990556599038208
1621.6983499136534,1.0155397756333613,1621.6983499136534,1.0019366034794261,1621.6872391607037,1.0021338650133806,1621.54974356938,1.00174139804143
1621.699738758179,0.9970382007321669,1621.699738758179,1.0018317547451683,1621.688628004764,1.0031502015615223,1621.5511324139054,0.9908110399633996
1621.7011276022388,0.9891169228442215,1621.7011276022388,1.0017983666041181,1621.6900168488246,1.006244404372415,1621.5525212584314,1.001224361033188
1621.7025164463,0.999674935651768,1621.7025164463,1.001715736689727,1621.6914056928852,1.0140796082044694,1621.5539101029574,0.983862029951992
1621.7039052903613,0.9920827640828178,1621.7039052903613,1.0017442711330324,1621.6927945374107,1.0044958705678586,1621.5552989474838,0.9983322702178936
1621.7052941344211,0.9998001503408994,1621.7052941344211,1.0017348611602241,1621.694183381471,1.0009015527012806,1621.5566877920098,0.9998402948252668
1621.706682978947,0.9956424448047905,1621.706682978947,1.001776646045112,1621.6955722255325,0.9981127605521968,1621.5580766365365,1.0017091172082393
1621.708071823007,0.9985565321875522,1621.708071823007,1.0018276994659365,1621.696961069593,1.014797669853929,1621.5594654810625,1.0104686402239298
1621.7094606670682,0.9948136214322367,1621.7094606670682,1.0018441049545974,1621.6983499136534,1.0175064734963486,1621.5608543255887,1.0087999590067398
1621.710849511129,0.9996997216553148,1621.710849511129,1.0019165945072683,1621.699738758179,0.998864530187472,1621.5622431701142,1.0185197518602935
1621.712238355189,1.002603109019188,1621.712238355189,1.0020581864624185,1621.7011276022388,0.9908957176858326,1621.5636320146402,0.9961919490378748
1621.7136271992492,1.0011796524903807,1621.7136271992492,1.0019965330295404,1621.7025164463,1.0013901146166662,1621.5650208591671,0.9935267075303504
1621.71501604331,1.0080233510505612,1621.71501604331,1.0020781475570055,1621.7039052903613,0.9938132254097864,1621.5664097036936,0.9947637090582192
1621.7164048873703,1.0020772626953278,1621.7164048873703,1.0019777229594227,1621.7052941344211,1.001534664789712,1621.5677985482196,1.006641288721539
1621.7177937314311,0.9979613974815418,1621.7177937314311,1.001936669484882,1621.706682978947,0.9974113490166986,1621.569187392745,1.0064476037223946
1621.7191825759571,1.0105631349034807,1621.7191825759571,1.001941187430524,1621.708071823007,1.0003815934281388,1621.570576236805,1.0040120658278906
1621.720571420018,1.000188131274904,1621.720571420018,1.0020885997472613,1621.7094606670682,0.996648162160421,1621.571965081332,0.9954878870760728
1621.7219602640782,0.9977239076629071,1621.7219602640782,1.0020498310551507,1621.710849511129,1.001615740650757,1621.5733539258588,1.0073448749657994
1621.723349108138,1.0092444416686521,1621.723349108138,1.0020479658993817,1621.712238355189,1.00466665316535,1621.5747427703843,1.00921091100317
1621.7247379521984,0.9899077553157367,1621.7247379521984,1.0021604590250714,1621.7136271992492,1.0031785407350815,1621.57613161491,1.0175148325331538
1621.7261267962597,0.9972092543751516,1621.7261267962597,1.002204152797594,1621.71501604331,1.0101181723149515,1621.5775204594358,1.0010968007723478
1621.7275156403205,1.003291437299893,1621.7275156403205,1.0022303507091486,1621.7164048873703,1.0040590939048757,1621.5789093039627,1.003391662193789
1621.7289044843808,0.9945512530270104,1621.7289044843808,1.0021164604293293,1621.7177937314311,0.9998941188671344,1621.5802981484896,0.9784178504444628
1621.730293328441,0.9998609766143213,1621.730293328441,1.0021694156148109,1621.7191825759571,1.0125248273587062,1621.5816869925495,0.9909915407906724
1621.7316821725003,1.018037739350073,1621.7316821725003,1.0022281412484475,1621.720571420018,1.0022771239530983,1621.583075837075,0.9972960894522956
1621.7330710165618,1.0101563805295382,1621.7330710165618,1.0022219217469466,1621.7219602640782,0.9997690731133008,1621.5844646816015,0.9999107010214472
1621.734459860623,0.9970367952540778,1621.734459860623,1.0023186140805562,1621.723349108138,1.01131133986933,1621.5858535261275,0.9926181549852412
1621.735848704683,1.004419415735551,1621.735848704683,1.0023665660251193,1621.7247379521984,0.9920464104596968,1621.5872423706537,1.0046037904901888
1621.7372375487428,0.9983291550614961,1621.7372375487428,1.0023514480669313,1621.7261267962597,0.9994072559429692,1621.5886312147145,1.0
1621.7386263928036,0.9976302573188975,1621.7386263928036,1.0023906989434115,1621.7275156403205,1.0055291290685573,1621.5900200592405,1.0035715513842225
1621.7400152368648,0.9908613407062652,1621.7400152368648,1.0023954391947003,1621.7289044843808,0.996656181398982,1621.5914089037667,1.00788277558623
1621.7414040809258,1.0030441510635257,1621.7414040809258,1.0024509447363164,1621.730293328441,1.0020300906296284,1621.5927977482927,1.0070317848636736
1621.7427929249857,0.9889094166262413,1621.7427929249857,1.0024529326024156,1621.7316821725003,1.0203060712295953,1621.5941865928191,0.9914668505745377
1621.744181769045,1.0053279423343955,1621.744181769045,1.0025229063279246,1621.7330710165618,1.0124008689592536,1621.5955754368797,0.9998137226025772
1621.745570613106,0.9944032805661536,1621.745570613106,1.0025550096175724,1621.734459860623,0.9993485388063866,1621.596964281406,0.9885625270224554
1621.7469594571664,1.0011827238569067,1621.7469594571664,1.0025757962497488,1621.735848704683,1.006796440599801,1621.598353125932,0.9963146162039996
1621.7483483012272,0.9984727465575195,1621.7483483012272,1.0025033073633247,1621.7372375487428,1.0006766742233266,1621.5997419699918,0.99752497754953
1621.749737144822,1.0050801573234862,1621.749737144822,1.0024345495659992,1621.7386263928036,1.0000152909209852,1621.601130814517,0.9976191696227982
1621.751125988883,0.9945245147628604,1621.751125988883,1.0024077179820332,1621.7400152368648,0.9932348887983062,1621.6025196590442,1.0102173934022327
1621.752514832943,1.006063739560011,1621.752514832943,1.0023958928201981,1621.7414040809258,1.0055025568458678,1621.6039085035711,0.9951866219528422
1621.7539036770038,0.9982698998973097,1621.7539036770038,1.0023317033750359,1621.7427929249857,0.9913351447751196,1621.6052973476314,0.998961100848449
1621.755292521064,1.0089166990590248,1621.755292521064,1.002362497706471,1621.744181769045,1.0078642905617503,1621.606686192157,0.9898960312516524
1621.756681365125,1.0049246187765666,1621.756681365125,1.0023711334942043,1621.745570613106,0.9969439905117456,1621.6080750366823,1.0007234304617163
1621.7580702091852,1.003260388945213,1621.7580702091852,1.002340079665404,1621.7469594571664,1.0037615665623305,1621.6094638807438,1.003555309028154
1621.7594590532456,0.9902581952509021,1621.7594590532456,1.0022415961710427,1621.7483483012272,1.000972230736056,1621.610852725271,1.0067871301279123
1621.7608478968398,0.9914495100261882,1621.7608478968398,1.0022144498842955,1621.749737144822,1.0075270747842926,1621.6122415697962,1.0032407238137542
1621.7622367408997,1.003353713365486,1621.7622367408997,1.0021944923082786,1621.751125988883,0.9969190493206278,1621.613630413856,0.995447587004321
1621.763625584961,1.0054333794990429,1621.763625584961,1.002207832402153,1621.752514832943,1.0084741604502845,1621.6150192583823,0.9964417687069468
1621.765014429022,1.0079679774705144,1621.765014429022,1.0022178127219077,1621.7539036770038,1.000597569192097,1621.6164081029085,1.0013240578380105
1621.766403273083,0.9966066432568909,1621.766403273083,1.0022402077653456,1621.755292521064,1.011300262446572,1621.6177969469693,0.9941037529085032
1621.7677921171428,0.9979884622464983,1621.7677921171428,1.002160501817168,1621.756681365125,1.007307429199298,1621.6191857914953,0.9935285424408686
1621.769180960737,1.0017287488116635,1621.769180960737,1.0020523081463486,1621.7580702091852,1.0056080981804891,1621.6205746360215,0.9905014837630128
1621.7705698047982,1.0094990123511862,1621.7705698047982,1.0020203928471967,1621.7594590532456,0.9924779542297202,1621.621963480082,1.0151440601839776
1621.7719586488597,1.0099544583910576,1621.7719586488597,1.0019981029097422,1621.7608478968398,0.9936450252789506,1621.623352324608,1.0098705273546422
1621.7733474929194,0.9990914072510697,1621.7733474929194,1.0019753152030506,1621.7622367408997,1.0055555653719492,1621.6247411686688,1.0069812908445983
1621.774736336979,0.9954995341598432,1621.774736336979,1.0020163045133883,1621.763625584961,1.0076532078925071,1621.6261300131948,1.0049743744552184
1621.776125180574,0.9927826382135527,1621.776125180574,1.0020396255335415,1621.765014429022,1.010203461674224,1621.6275188577213,1.0055750018315126
1621.7775140246342,0.9931707976126615,1621.7775140246342,1.0020378282801463,1621.766403273083,0.99883924919811,1621.6289077017816,1.0039361549001558
1621.778902868695,0.9964195904078785,1621.778902868695,1.0020403416067398,1621.7677921171428,1.0001446181326945,1621.6302965463071,0.994730476789945
1621.7802917127551,0.9940390357672518,1621.7802917127551,1.0020086475139667,1621.769180960737,1.0037846048832813,1621.631685390367,1.001756349164171
1621.7816805563505,0.9954636704479283,1621.7816805563505,1.002069539902591,1621.7705698047982,1.0115385969349926,1621.633074234894,1.0095098654983403
1621.7830694004108,0.9973468833913155,1621.7830694004108,1.0021714711735648,1621.7719586488597,1.011972451333076,1621.6344630789552,1.0003005855267424
1621.7844582444716,0.9990544413424761,1621.7844582444716,1.002078644532861,1621.7733474929194,1.00106492769705,1621.6358519234816,1.0088494336310827
1621.7858470880662,0.9989061617629515,1621.7858470880662,1.0021501763757743,1621.774736336979,0.9975067643636456,1621.637240768007,1.0023070941582293
1621.787235932127,0.9942086689297577,1621.787235932127,1.0021728306151028,1621.776125180574,0.9948075430317098,1621.6386296120666,0.9957472210959798
1621.7886247761874,0.9935281868460971,1621.7886247761874,1.0022609867122545,1621.7775140246342,0.995194709151052,1621.6400184565937,1.0058409958970045
1621.790013620248,1.0058385051769392,1621.790013620248,1.0022977326263829,1621.778902868695,0.9984526267559584,1621.6414073006547,1.0087122231001098
1621.791402463842,0.9999356739395803,1621.791402463842,1.0022348971269945,1621.7802917127551,0.9960357098052316,1621.6427961451802,1.0137084805622492
1621.7927913079018,0.9978812738933299,1621.7927913079018,1.0022523497129758,1621.7816805563505,0.9975238222355,1621.64418498924,1.004118422678298
1621.794180151963,1.0185594961246072,1621.794180151963,1.0022363108767833,1621.7830694004108,0.9995125933986444,1621.6455738337663,1.0021063413556075
1621.7955689955586,0.9985702790217456,1621.7955689955586,1.0022492000487564,1621.7844582444716,1.0011311203950033,1621.6469626778269,1.0161527852514514
1621.7969578396194,1.003614652322187,1621.7969578396194,1.0022134496292594,1621.7858470880662,1.0010539861935897,1621.6483515223538,1.0008785143803296
1621.7983466836793,0.9930944519514915,1621.7983466836793,1.0023297386188366,1621.787235932127,0.9963689159634088,1621.6497403664146,1.0045467723448267
1621.7997355272737,0.9943291493315121,1621.7997355272737,1.0023490520257698,1621.7886247761874,0.9957745408748064,1621.6511292104744,1.0026716297145135
1621.8011243713338,1.011914583754833,1621.8011243713338,1.0023828515726827,1621.790013620248,1.0081496531271563,1621.6525180550004,0.9959824974002036
1621.8025132149294,0.996215968989482,1621.8025132149294,1.00233868008297,1621.791402463842,1.0021704273044472,1621.6539068990612,1.0017318836905948
1621.8039020589902,1.0080499508156149,1621.8039020589902,1.0024332178678639,1621.7927913079018,1.0001288514941675,1621.6552957435863,0.9903527880513888
1621.80529090305,1.0030545946543727,1621.80529090305,1.0025209976284168,1621.794180151963,1.0208373118044416,1621.656684587647,0.9924990217208552
1621.8066797466447,1.0028181236251772,1621.8066797466447,1.0025522628343149,1621.7955689955586,1.000816263342008,1621.658073432174,1.0128896347535858
1621.8080685907053,1.0001562173508445,1621.8080685907053,1.002471667990295,1621.7969578396194,1.0058361028022889,1621.6594622762343,1.0022491925374326
1621.8094574343006,0.9960123669565734,1621.8094574343006,1.0025460998970084,1621.7983466836793,0.9954081024483552,1621.660851120295,1.0023787236280883
1621.8108462783614,1.0063453811031178,1621.8108462783614,1.0025753111843732,1621.7997355272737,0.9966648802340312,1621.6622399648206,0.999004798902642
1621.8122351219556,0.9954524298512116,1621.8122351219556,1.002557858491533,1621.8011243713338,1.0143258260121537,1621.663628808881,0.99620608464483
1621.813623966016,0.9911064120245292,1621.813623966016,1.002634282585042,1621.8025132149294,0.9985457994344942,1621.665017653408,1.0058959072932527
1621.8150128100767,1.0095908261887538,1621.8150128100767,1.002604965925699,1621.8039020589902,1.0105027559676387,1621.6664064974686,1.0016188667946029
1621.816401653671,0.9929629625508335,1621.816401653671,1.0025803926924532,1621.80529090305,1.005583292908669,1621.6677953415283,0.9971565682932628
1621.8177904977313,1.0049567867219762,1621.8177904977313,1.0025645758506214,1621.8066797466447,1.005377579051683,1621.669184186054,0.9980751788663976
1621.8191793413268,1.0017541734655881,1621.8191793413268,1.0025812018324587,1621.8080685907053,1.002628271458565,1621.6705730301144,1.0068361290347134
1621.8205681853876,1.0076572493888571,1621.8205681853876,1.0026719338263257,1621.8094574343006,0.9985483139415006,1621.6719618741756,0.9939277374180524
1621.8219570289823,1.0093368287048692,1621.8219570289823,1.002789534373676,1621.8108462783614,1.008937033618415,1621.6733507187023,1.002092613506545
1621.8233458730422,1.0029475852275758,1621.8233458730422,1.0027245194274488,1621.8122351219556,0.9979986563018236,1621.6747395627624,1.000863427338291
1621.8247347166373,0.9917996940246018,1621.8247347166373,1.0027357458420871,1621.813623966016,0.993717266385649,1621.6761284068225,1.0041854988516858
1621.8261235606983,1.0014784628650246,1621.8261235606983,1.002838690426277,1621.8150128100767,1.0122207758898738,1621.6775172513485,0.9864892820158244
1621.8275124042932,0.9923217301663145,1621.8275124042932,1.0029572570441232,1621.816401653671,0.9955251969232763,1621.6789060954095,0.9998413142199992
1621.828901248353,1.001205321528329,1621.828901248353,1.0029183503941097,1621.8177904977313,1.0075340746281214,1621.6802949394703,1.0043201269160034
1621.8302900919473,0.9994491820068796,1621.8302900919473,1.0029648827177733,1621.8191793413268,1.0043399031738107,1621.6816837839958,1.013236228962581
1621.8316789360076,1.0037333468808813,1621.8316789360076,1.002916896272513,1621.8205681853876,1.0103496428788414,1621.6830726280562,1.000731585619575
1621.8330677796032,0.9798170329704973,1621.8330677796032,1.0030193985372453,1621.8219570289823,1.0121524084831584,1621.684461472117,1.005819928405869
1621.8344566231988,0.9962306136096316,1621.8344566231988,1.003113145650939,1621.8233458730422,1.0056801354082412,1621.6858503161773,1.0056141465892343
1621.8358454672589,1.0047739781941871,1621.8358454672589,1.0031321060682583,1621.8247347166373,0.9945130059137128,1621.6872391607037,1.0021338650133806
1621.8372343108529,1.0054763587043292,1621.8372343108529,1.0032143199670192,1621.8261235606983,1.0043213501896822,1621.688628004764,1.0031502015615223
1621.8386231549136,0.9980704460706021,1621.8386231549136,1.0031461218059188,1621.8275124042932,0.9952562805928854,1621.6900168488246,1.006244404372415
1621.8400119985092,1.0026446737675259,1621.8400119985092,1.003095777644801,1621.828901248353,1.004127189472996,1621.6914056928852,1.0140796082044694
1621.841400842104,0.9899580387328994,1621.841400842104,1.0030203909967765,1621.8302900919473,1.0024124316139045,1621.6927945374107,1.0044958705678586
1621.8427896861638,0.9999694333582988,1621.8427896861638,1.003047184716193,1621.8316789360076,1.0066611329389952,1621.694183381471,1.0009015527012806
1621.8441785297584,1.0047039536482711,1621.8441785297584,1.0030557125695532,1621.8330677796032,0.9827754910866164,1621.6955722255325,0.9981127605521968
1621.8455673738192,1.0072708174243057,1621.8455673738192,1.0029663952855306,1621.8344566231988,0.9993320246117228,1621.696961069593,1.014797669853929
1621.8469562174134,0.989585291985635,1621.8469562174134,1.0029799683333944,1621.8358454672589,1.0079210368685172,1621.6983499136534,1.0175064734963486
1621.848345061008,0.9859677778632632,1621.848345061008,1.0030609538362396,1621.8372343108529,1.0087082814404782,1621.699738758179,0.998864530187472
1621.8497339050691,1.0095055369852415,1621.8497339050691,1.0030162401784974,1621.8386231549136,1.001210497264828,1621.7011276022388,0.9908957176858326
1621.8511227486645,0.9997115627125491,1621.8511227486645,1.0030904895050303,1621.8400119985092,1.0057486387342542,1621.7025164463,1.0013901146166662
1621.8525115922591,0.9976562586612748,1621.8525115922591,1.0031858886444809,1621.841400842104,0.9929480990802748,1621.7039052903613,0.9938132254097864
1621.853900436319,0.9873729998221684,1621.853900436319,1.0031816387873027,1621.8427896861638,1.0030165249322884,1621.7052941344211,1.001534664789712
1621.855289279914,1.002883684851355,1621.855289279914,1.003183881755827,1621.8441785297584,1.007774040148114,1621.706682978947,0.9974113490166986
1621.8566781235097,1.0018377675234875,1621.8566781235097,1.003204928953899,1621.8455673738192,1.0102587808283656,1621.708071823007,1.0003815934281388
1621.85806696757,0.988411493782219,1621.85806696757,1.0031533347542607,1621.8469562174134,0.9925342248189452,1621.7094606670682,0.996648162160421
1621.8594558111645,1.0116751538736561,1621.8594558111645,1.0030768747641696,1621.848345061008,0.9889857797153224,1621.710849511129,1.001615740650757
1621.8608446547585,1.0055157019897438,1621.8608446547585,1.0031722956676068,1621.8497339050691,1.012550448146312,1621.712238355189,1.00466665316535
1621.8622334983531,1.002748333433253,1621.8622334983531,1.0031469442464758,1621.8511227486645,1.0028011608051697,1621.7136271992492,1.0031785407350815
1621.8636223424144,1.0036788174372615,1621.8636223424144,1.0031764118789601,1621.8525115922591,1.000834680406839,1621.71501604331,1.0101181723149515
1621.86501118601,0.994429802173777,1621.86501118601,1.00327810127746,1621.853900436319,0.990514464055938,1621.7164048873703,1.0040590939048757
1621.8664000296042,1.0003368073269032,1621.8664000296042,1.003287596731817,1621.855289279914,1.0060767479187698,1621.7177937314311,0.9998941188671344
1621.8677888731984,0.9983358440598753,1621.8677888731984,1.0032039487211861,1621.8566781235097,1.005048586391733,1621.7191825759571,1.0125248273587062
1621.8691777172592,1.0011042771634084,1621.8691777172592,1.0033298108706037,1621.85806696757,0.9915282860970732,1621.720571420018,1.0022771239530983
1621.8705665608547,0.9969040077043453,1621.8705665608547,1.003235881448589,1621.8594558111645,1.0147879516241474,1621.7219602640782,0.9997690731133008
1621.8719554044494,0.9960966491325761,1621.8719554044494,1.0033364746151037,1621.8608446547585,1.0087054950948764,1621.723349108138,1.01131133986933
1621.8733442480436,0.9980840723261116,1621.8733442480436,1.0033993396510112,1621.8622334983531,1.005903926531814,1621.7247379521984,0.9920464104596968
1621.8747330921044,0.9985112443063516,1621.8747330921044,1.0034624976541893,1621.8636223424144,1.00686691475563,1621.7261267962597,0.9994072559429692
1621.876121935699,1.0019683654275755,1621.876121935699,1.0034628814953443,1621.86501118601,0.9976896437786272,1621.7275156403205,1.0055291290685573
1621.8775107792935,1.0002648911862038,1621.8775107792935,1.003571028732985,1621.8664000296042,1.0036255113453876,1621.7289044843808,0.996656181398982
1621.8788996228889,0.9953182507865224,1621.8788996228889,1.0035824198923777,1621.8677888731984,1.0015344609107653,1621.730293328441,1.0020300906296284
1621.8802884664835,1.0024155642508574,1621.8802884664835,1.0035896499626287,1621.8691777172592,1.004437765068115,1621.7316821725003,1.0203060712295953
1621.8816773100789,0.9934014837647323,1621.8816773100789,1.0035424354862381,1621.8705665608547,1.0001298708889,1621.7330710165618,1.0124008689592536
1621.883066154139,0.9940033337411696,1621.883066154139,1.0034718532786453,1621.8719554044494,0.9994201003165968,1621.734459860623,0.9993485388063866
1621.8844549977332,0.9863027195109043,1621.8844549977332,1.003504924661746,1621.8733442480436,1.0014768990882126,1621.735848704683,1.006796440599801
1621.8858438413283,0.9930329558696428,1621.8858438413283,1.0036320841851272,1621.8747330921044,1.001968587147444,1621.7372375487428,1.0006766742233266
1621.887232684924,1.002353152871324,1621.887232684924,1.0036311881000946,1621.876121935699,1.005438063139135,1621.7386263928036,1.0000152909209852
1621.8886215285186,1.015722574855434,1621.8886215285186,1.003568747665558,1621.8775107792935,1.003836865853226,1621.7400152368648,0.9932348887983062
1621.8900103721137,0.9938527722625342,1621.8900103721137,1.003601306579454,1621.8788996228889,0.9988838986873866,1621.7414040809258,1.0055025568458678
1621.891399215708,1.00488357950288,1621.891399215708,1.0035213948045658,1621.8802884664835,1.006013885243609,1621.7427929249857,0.9913351447751196
1621.8927880597676,0.9966694307535338,1621.8927880597676,1.0036364703245548,1621.8816773100789,0.996920544432902,1621.744181769045,1.0078642905617503
1621.894176903363,0.9877796348236575,1621.894176903363,1.003631007710807,1621.883066154139,0.9974543674744032,1621.745570613106,0.9969439905117456
1621.8955657469585,0.9968750915064809,1621.8955657469585,1.0035678052072845,1621.8844549977332,0.9897596362364652,1621.7469594571664,1.0037615665623305
1621.8969545905527,0.993385940293414,1621.8969545905527,1.0034488837030513,1621.8858438413283,0.996639735163967,1621.7483483012272,1.000972230736056
1621.898343434147,1.0009920124054936,1621.898343434147,1.0033194527599354,1621.887232684924,1.0059928857121228,1621.749737144822,1.0075270747842926
1621.899732277742,1.0034638191815686,1621.899732277742,1.0033472595408746,1621.8886215285186,1.0193474324233038,1621.751125988883,0.9969190493206278
1621.9011211213376,1.0032553409796603,1621.9011211213376,1.0034244784002975,1621.8900103721137,0.9974319407902918,1621.752514832943,1.0084741604502845
1621.9025099649332,0.9983648710232762,1621.9025099649332,1.0035459039030905,1621.891399215708,1.008422171318935,1621.7539036770038,1.000597569192097
1621.9038988085274,0.9928215481494316,1621.9038988085274,1.003645711525675,1621.8927880597676,1.00029378956186,1621.755292521064,1.011300262446572
1621.9052876521216,0.9945342801284884,1621.9052876521216,1.0037216932012654,1621.894176903363,0.9913662702942804,1621.756681365125,1.007307429199298
1621.9066764957165,1.015491140669499,1621.9066764957165,1.0038457830539809,1621.8955657469585,1.00043174764897,1621.7580702091852,1.0056080981804891
1621.9080653393114,1.0045852542375924,1621.9080653393114,1.0039618062532032,1621.8969545905527,0.9968120128737322,1621.7594590532456,0.9924779542297202
1621.909454182906,0.9850137025345386,1621.909454182906,1.00393578053093,1621.898343434147,1.0043147581037464,1621.7608478968398,0.9936450252789506
1621.910843026501,1.0051428821269537,1621.910843026501,1.0040187499069928,1621.899732277742,1.0068226730242464,1621.7622367408997,1.0055555653719492
1621.912231870096,1.0006945322925467,1621.912231870096,1.0041121839697171,1621.9011211213376,1.0066909672248283,1621.763625584961,1.0076532078925071
1621.9136207136903,1.004773929270315,1621.9136207136903,1.0041693645613785,1621.9025099649332,1.001904976916146,1621.765014429022,1.010203461674224
1621.9150095572847,0.9983079887587916,1621.9150095572847,1.0042545607612212,1621.9038988085274,0.9964410891104584,1621.766403273083,0.99883924919811
1621.91639840088,0.9927162778696582,1621.91639840088,1.0041793204583658,1621.9052876521216,0.998235631597268,1621.7677921171428,1.0001446181326945
1621.9177872444754,0.998720703095539,1621.9177872444754,1.004188366984622,1621.9066764957165,1.0193964992897535,1621.769180960737,1.0037846048832813
1621.91917608807,0.9938136568188713,1621.91917608807,1.0042637051558627,1621.9080653393114,1.0085652263797067,1621.7705698047982,1.0115385969349926
1621.9205649316652,0.9954224581349316,1621.9205649316652,1.0042170189686739,1621.909454182906,0.9888905002876732,1621.7719586488597,1.011972451333076
1621.9219537752597,1.0166717760869168,1621.9219537752597,1.0042773755241237,1621.910843026501,1.0091822999910158,1621.7733474929194,1.00106492769705
1621.9233426188537,1.0064251364474797,1621.9233426188537,1.0042110158992936,1621.912231870096,1.0048095723068238,1621.774736336979,0.9975067643636456
1621.9247314624492,0.9992731847462748,1621.9247314624492,1.0043176791894632,1621.9136207136903,1.0089631980832117,1621.776125180574,0.9948075430317098
1621.9261203060448,0.9987219557620509,1621.9261203060448,1.0043654576407397,1621.9150095572847,1.0025553507553784,1621.7775140246342,0.995194709151052
1621.9275091491731,0.996621764661611,1621.9275091491731,1.0042971591598486,1621.91639840088,0.9968651573191116,1621.778902868695,0.9984526267559584
1621.9288979927671,1.0043295401896444,1621.9288979927671,1.0043201446968846,1621.9177872444754,1.0029037119152429,1621.7802917127551,0.9960357098052316
1621.9302868363625,1.0049049201791633,1621.9302868363625,1.004262385639963,1621.91917608807,0.9980509852314168,1621.7816805563505,0.9975238222355
1621.9316756799578,1.0125184845135968,1621.9316756799578,1.0042136449820995,1621.9205649316652,0.9996201735227306,1621.7830694004108,0.9995125933986444
1621.9330645235534,0.9961030753917796,1621.9330645235534,1.0041354721620517,1621.9219537752597,1.0210204630580184,1621.7844582444716,1.0011311203950033
1621.9344533671476,1.0097667059529234,1621.9344533671476,1.0042039518012886,1621.9233426188537,1.0106632086985088,1621.7858470880662,1.0010539861935897
1621.9358422107418,1.0053333364004677,1621.9358422107418,1.004328304967856,1621.9247314624492,1.0035877257806425,1621.787235932127,0.9963689159634088
1621.9372310538708,0.9994805408788231,1621.9372310538708,1.004243133625166,1621.9261203060448,1.003081834154807,1621.7886247761874,0.9957745408748064
1621.938619897466,1.006258488769342,1621.938619897466,1.0042341461177373,1621.9275091491731,1.0009044070065312,1621.790013620248,1.0081496531271563
1621.9400087410606,0.997240455416278,1621.9400087410606,1.0042536184937159,1621.9288979927671,1.0086683891266193,1621.791402463842,1.0021704273044472
1621.9413975846558,0.9993746508747237,1621.9413975846558,1.0041335645711298,1621.9302868363625,1.0091882124804632,1621.7927913079018,1.0001288514941675
1621.9427864282504,1.0032556241524018,1621.9427864282504,1.0042365226556271,1621.9316756799578,1.0167848779451505,1621.794180151963,1.0208373118044416
1621.9441752718456,1.002252487089451,1621.9441752718456,1.0041763988765051,1621.9330645235534,1.0002224319305963,1621.7955689955586,1.000816263342008
1621.9455641149746,1.011402315821485,1621.9455641149746,1.004131682119668,1621.9344533671476,1.0140117165152955,1621.7969578396194,1.0058361028022889
1621.9469529585692,1.0093174696712963,1621.9469529585692,1.004017719328481,1621.9358422107418,1.0096847256747612,1621.7983466836793,0.9954081024483552
1621.9483418021644,0.9989192188461635,1621.9483418021644,1.0039147839959246,1621.9372310538708,1.0037214703695252,1621.7997355272737,0.9966648802340312
1621.949730645759,1.0108974195329512,1621.949730645759,1.003828625932475,1621.938619897466,1.0105191342430049,1621.8011243713338,1.0143258260121537
1621.9511194888885,1.011371372501486,1621.9511194888885,1.0038275685462723,1621.9400087410606,1.0014823358601184,1621.8025132149294,0.9985457994344942
1621.9525083324827,1.009956700763683,1621.9525083324827,1.0037550992288515,1621.9413975846558,1.0035056305248646,1621.8039020589902,1.0105027559676387
1621.953897176077,0.9920570782298734,1621.953897176077,1.0037927130750026,1621.9427864282504,1.0075059393335088,1621.80529090305,1.005583292908669
1621.9552860196725,0.9977548164588227,1621.9552860196725,1.0037806571598022,1621.9441752718456,1.0064382932505058,1621.8066797466447,1.005377579051683
1621.9566748628024,0.9888087705123744,1621.9566748628024,1.003742738762096,1621.9455641149746,1.0155811086855555,1621.8080685907053,1.002628271458565
1621.958063706397,1.0109981733005389,1621.958063706397,1.003777119756697,1621.9469529585692,1.013372623977768,1621.8094574343006,0.9985483139415006
1621.9594525499913,1.0077323079140548,1621.9594525499913,1.0037292023295878,1621.9483418021644,1.002829771817324,1621.8108462783614,1.008937033618415
1621.9608413935855,0.9971789257026179,1621.9608413935855,1.003781887132155,1621.949730645759,1.014767767608447,1621.8122351219556,0.9979986563018236
1621.9622302367147,1.0111525735851254,1621.9622302367147,1.003694953952378,1621.9511194888885,1.0152424657554728,1621.813623966016,0.993717266385649
1621.96361908031,0.9886948203442149,1621.96361908031,1.0035979797802819,1621.9525083324827,1.013749188391894,1621.8150128100767,1.0122207758898738
1621.9650079239052,0.9915285926316489,1621.9650079239052,1.0035534359002958,1621.953897176077,0.9958196660816248,1621.816401653671,0.9955251969232763
1621.9663967670338,0.9978807783261878,1621.9663967670338,1.0034744284730348,1621.9552860196725,1.0015269853493949,1621.8177904977313,1.0075340746281214
1621.9677856106284,1.0037019446991287,1621.9677856106284,1.0034738311033886,1621.9566748628024,0.9925096234260716,1621.8191793413268,1.0043399031738107
1621.9691744542235,0.9974505959568287,1621.9691744542235,1.0034441064441164,1621.958063706397,1.014816834474897,1621.8205681853876,1.0103496428788414
1621.9705632973526,0.9976833376691354,1621.9705632973526,1.0034025888896454,1621.9594525499913,1.0114903455843287,1621.8219570289823,1.0121524084831584
1621.9719521409477,1.0000590964067142,1621.9719521409477,1.003303487712072,1621.9608413935855,1.0009501438501889,1621.8233458730422,1.0056801354082412
1621.973340984077,1.0049373805764112,1621.973340984077,1.0033309302622266,1621.9622302367147,1.0148887357833511,1621.8247347166373,0.9945130059137128
1621.9747298276718,1.0025004669140314,1621.9747298276718,1.0033269093037247,1621.96361908031,0.9922521243166827,1621.8261235606983,1.0043213501896822
1621.9761186712665,1.0023742002719458,1621.9761186712665,1.003232136658258,1621.9650079239052,0.995051925928876,1621.8275124042932,0.9952562805928854
1621.977507514395,1.013468325125731,1621.977507514395,1.0032976912691987,1621.9663967670338,1.0013478437150984,1621.828901248353,1.004127189472996
1621.9788963579897,1.0017388825342228,1621.9788963579897,1.0033112855629516,1621.9677856106284,1.007188635733156,1621.8302900919473,1.0024124316139045
1621.9802852011196,0.9849774645012421,1621.9802852011196,1.003376451361748,1621.9691744542235,1.0008859219820514,1621.8316789360076,1.0066611329389952
1621.9816740447147,0.999963938614705,1621.9816740447147,1.0033716425356083,1621.9705632973526,1.0010780439092728,1621.8330677796032,0.9827754910866164
1621.983062888309,0.999488447430711,1621.983062888309,1.0032912907621045,1621.9719521409477,1.0033627793430395,1621.8344566231988,0.9993320246117228
1621.9844517314375,0.9987356505944237,1621.9844517314375,1.003352911086104,1621.973340984077,1.008284756909016,1621.8358454672589,1.0079210368685172
1621.985840575033,1.0073585086716617,1621.985840575033,1.0032378557793127,1621.9747298276718,1.005835695044396,1621.8372343108529,1.0087082814404782
1621.987229418163,1.000752906601846,1621.987229418163,1.0031884591670215,1621.9761186712665,1.0056140106699367,1621.8386231549136,1.001210497264828
1621.9886182617577,1.000949920723674,1621.9886182617577,1.0031003835328338,1621.977507514395,1.0168104307731076,1621.8400119985092,1.0057486387342542
1621.9900071048862,1.0114697704394517,1621.9900071048862,1.003013880817411,1621.9788963579897,1.0050559260338057,1621.841400842104,0.9929480990802748
1621.9913959484804,0.9933966241552884,1621.9913959484804,1.0030311807530126,1621.9802852011196,0.9883031930025484,1621.8427896861638,1.0030165249322884
1621.99278479161,0.9896900585416186,1621.99278479161,1.0029785817044317,1621.9816740447147,1.0033354595642128,1621.8441785297584,1.007774040148114
1621.9941736352057,1.009423369936275,1621.9941736352057,1.0030457086429392,1621.983062888309,1.00277805452457,1621.8455673738192,1.0102587808283656
1621.9955624783345,0.993191360392699,1621.9955624783345,1.0030008362419676,1621.9844517314375,1.002084322429389,1621.8469562174134,0.9925342248189452
1621.9969513219287,1.0063422637153077,1621.9969513219287,1.0030985433393478,1621.985840575033,1.010620190240804,1621.848345061008,0.9889857797153224
1621.9983401650577,1.0096708495909574,1621.9983401650577,1.0031429927074755,1621.987229418163,1.003943766380824,1621.8497339050691,1.012550448146312
1621.9997290086528,1.0048754460221396,1621.9997290086528,1.0031394955608917,1621.9886182617577,1.0040532493750771,1621.8511227486645,1.0028011608051697
1622.0011178517827,1.0044556153189468,1622.0011178517827,1.0031084432552788,1621.9900071048862,1.0145182197779703,1621.8525115922591,1.000834680406839
1622.0025066953774,1.014358353158578,1622.0025066953774,1.003081114130606,1621.9913959484804,0.9964077888825356,1621.853900436319,0.990514464055938
1622.003895538506,1.0065557672926446,1622.003895538506,1.0031425403224128,1621.99278479161,0.9926379312430486,1621.855289279914,1.0060767479187698
1622.005284382101,0.9982723295110044,1622.005284382101,1.0032152894712518,1621.9941736352057,1.0124977794184746,1621.8566781235097,1.005048586391733
1622.00667322523,1.0020991279895668,1622.00667322523,1.0031380513421795,1621.9955624783345,0.9961717650221744,1621.85806696757,0.9915282860970732
1622.0080620683586,0.9953348165711551,1622.0080620683586,1.0031238204645174,1621.9969513219287,1.0094604588336469,1621.8594558111645,1.0147879516241474
1622.0094509119538,1.00694176432558,1622.0094509119538,1.0031270412290523,1621.9983401650577,1.0128442377081723,1621.8608446547585,1.0087054950948764
1622.0108397550837,1.0088170235962173,1622.0108397550837,1.0031260979069796,1621.9997290086528,1.0080302480241752,1621.8622334983531,1.005903926531814
1622.0122285986783,0.9897509059708464,1622.0122285986783,1.0031165255345778,1622.0011178517827,1.007577908601612,1621.8636223424144,1.00686691475563
1622.0136174418076,0.9955330112634515,1622.0136174418076,1.0030622820855564,1622.0025066953774,1.017483707013993,1621.86501118601,0.9976896437786272
1622.015006284936,1.0136203062144304,1622.015006284936,1.0030404529380559,1622.003895538506,1.009718909378119,1621.8664000296042,1.0036255113453876
1622.016395128531,0.9984868479248663,1622.016395128531,1.0030531843532224,1622.005284382101,1.0014820640215232,1621.8677888731984,1.0015344609107653
1622.017783971661,1.0122538554609046,1622.017783971661,1.0030390383054144,1622.00667322523,1.0052437665031513,1621.8691777172592,1.004437765068115
1622.0191728152556,0.9963368765866625,1622.0191728152556,1.003122184334243,1622.0080620683586,0.9984440638402068,1621.8705665608547,1.0001298708889
1622.0205616583842,0.9915725612695723,1622.0205616583842,1.003211964131881,1622.0094509119538,1.0100905127378808,1621.8719554044494,0.9994201003165968
1622.0219505015127,0.9861241068315731,1622.0219505015127,1.0032164721448367,1622.0108397550837,1.0119706843822067,1621.8733442480436,1.0014768990882126
1622.0233393451078,0.9879638259740345,1622.0233393451078,1.0032332680525036,1622.0122285986783,0.992835489942176,1621.8747330921044,1.001968587147444
1622.0247281882378,1.0007872106277722,1622.0247281882378,1.0032088052244275,1622.0136174418076,0.9985816141694236,1621.876121935699,1.005438063139135
1622.0261170313668,1.004530312156626,1622.0261170313668,1.003171458672911,1622.015006284936,1.0167021710525332,1621.8775107792935,1.003836865853226
1622.027505874961,1.0068396516081697,1622.027505874961,1.0030829142690674,1622.016395128531,1.0015354123458489,1621.8788996228889,0.9988838986873866
1622.0288947180904,1.0049638359299333,1622.0288947180904,1.0031087464882256,1622.017783971661,1.0153301337024538,1621.8802884664835,1.006013885243609
1622.0302835612194,1.0041736507205672,1622.0302835612194,1.0031131060212253,1622.0191728152556,0.99944762397437,1621.8816773100789,0.996920544432902
1622.0316724043494,1.0109768360764462,1622.0316724043494,1.0031192979632773,1622.0205616583842,0.9947574567705276,1621.883066154139,0.9974543674744032
1622.033061247944,1.0094095254353468,1622.033061247944,1.0031313701807076,1622.0219505015127,0.9892959475525488,1621.8844549977332,0.9897596362364652
1622.0344500910726,0.9913082146957956,1622.0344500910726,1.0030272242547391,1622.0233393451078,0.9911581778495856,1621.8858438413283,0.996639735163967
1622.035838934202,1.015678228436586,1622.035838934202,1.0031521534611387,1622.0247281882378,1.0039985418577748,1621.887232684924,1.0059928857121228
1622.037227777331,1.0099347124920568,1622.037227777331,1.0031194513192023,1622.0261170313668,1.0077161385273172,1621.8886215285186,1.0193474324233038
1622.0386166209253,1.00053062833235,1622.0386166209253,1.0031411957176612,1622.027505874961,1.0099436519367753,1621.8900103721137,0.9974319407902918
1622.0400054640547,1.0026567017903216,1622.0400054640547,1.003020844905756,1622.0288947180904,1.0080880137256742,1621.891399215708,1.008422171318935
1622.0413943071846,0.9972790177217611,1622.0413943071846,1.0029592135765,1622.0302835612194,1.007299749758981,1621.8927880597676,1.00029378956186
1622.0427831503137,1.0001465426328615,1622.0427831503137,1.0029434231007262,1622.0316724043494,1.01413037406214,1621.894176903363,0.9913662702942804
1622.0441719939088,1.0050419152938308,1622.0441719939088,1.003010869785024,1622.033061247944,1.0125703603234173,1621.8955657469585,1.00043174764897
1622.045560837037,1.0006791653374973,1622.045560837037,1.0030436358824777,1622.0344500910726,0.9943091269672448,1621.8969545905527,0.9968120128737322
1622.0469496801663,1.0036301222261181,1622.0469496801663,1.0030588476009896,1622.035838934202,1.0188798020797556,1621.898343434147,1.0043147581037464
1622.0483385232965,0.9960816647630055,1622.0483385232965,1.0029945363084385,1622.037227777331,1.0130851546632484,1621.899732277742,1.0068226730242464
1622.0497273664253,1.0057962259259212,1622.0497273664253,1.0029436525478987,1622.0386166209253,1.0036734908574565,1621.9011211213376,1.0066909672248283
1622.0511162095538,0.9996510575377069,1622.0511162095538,1.0029879067985463,1622.0400054640547,1.005685572180147,1621.9025099649332,1.001904976916146
1622.0538938962775,0.9983633872483274,1622.0538938962775,1.0029259066502023,1622.0413943071846,1.000230179330562,1621.9038988085274,0.9964410891104584
1622.0552827394074,1.0007162529020495,1622.0552827394074,1.0028085014762662,1622.0427831503137,1.0030903970705585,1621.9052876521216,0.998235631597268
1622.056671582537,0.9977486623491741,1622.056671582537,1.0027862685903997,1622.0441719939088,1.0080679656292717,1621.9066764957165,1.0193964992897535
1622.058060425666,0.9875672772657165,1622.058060425666,1.0027052439623585,1622.045560837037,1.0037248683519664,1621.9080653393114,1.0085652263797067
1622.0594492687944,1.0161195395170945,1622.0594492687944,1.0026560133283215,1622.0469496801663,1.0067000738177705,1621.909454182906,0.9888905002876732
1622.0608381119234,1.0127121058498088,1622.0608381119234,1.0025952980560173,1622.0483385232965,0.9990644674743082,1621.910843026501,1.0091822999910158
1622.0622269550531,0.9974484656288167,1622.0622269550531,1.0025333970279022,1622.0497273664253,1.008756940549035,1621.912231870096,1.0048095723068238
1622.0636157981826,0.9937438507201536,1622.0636157981826,1.002473153042833,1622.0511162095538,1.0026379217286978,1621.9136207136903,1.0089631980832117
1622.0650046417766,0.9965253510143958,1622.0650046417766,1.0023396973193255,1622.0538938962775,1.0012845053223958,1621.9150095572847,1.0025553507553784
1622.066393484906,0.9953222609732583,1622.066393484906,1.0023655358313701,1622.0552827394074,1.0035267659756484,1621.91639840088,0.9968651573191116
1622.067782328035,1.0051634656189328,1622.067782328035,1.0024234050629839,1622.056671582537,1.000528658108191,1621.9177872444754,1.0029037119152429
1622.0691711711636,0.9993318867018962,1622.0691711711636,1.0023114267893356,1622.058060425666,0.9902388876799624,1621.91917608807,0.9980509852314168
1622.070560014293,0.9972793327840493,1622.070560014293,1.0023173792301954,1622.0594492687944,1.01881836655722,1621.9205649316652,0.9996201735227306
1622.071948857423,0.9948450058887451,1622.071948857423,1.0022743557478524,1622.0608381119234,1.015340395609426,1621.9219537752597,1.0210204630580184
1622.073337700552,0.9847866978944168,1622.073337700552,1.0021526735986177,1622.0622269550531,0.9999753986071264,1621.9233426188537,1.0106632086985088
1622.0747265436814,0.9896543083527417,1622.0747265436814,1.0021509435063864,1622.0636157981826,0.9962015313483588,1621.9247314624492,1.0035877257806425
1622.07611538681,0.991748531416665,1622.07611538681,1.0020152661195383,1622.0650046417766,0.998856918706804,1621.9261203060448,1.003081834154807
1622.077504229939,0.9933846064791609,1622.077504229939,1.0019133504499413,1622.066393484906,0.9976767314453509,1621.9275091491731,1.0009044070065312
1622.078893073069,0.9990358263102148,1622.078893073069,1.0017754888658597,1622.067782328035,1.00759938385064,1621.9288979927671,1.0086683891266193
1622.0802819161984,1.0011830135782365,1622.0802819161984,1.0017794850274018,1622.0691711711636,1.0016417691962562,1621.9302868363625,1.0091882124804632
1622.0816707593267,0.9962929270360199,1622.0816707593267,1.0018487057294232,1622.070560014293,0.9995904071965462,1621.9316756799578,1.0167848779451505
1622.083059602455,1.0096563796400029,1622.083059602455,1.0019389967758436,1622.071948857423,0.9971076373461104,1621.9330645235534,1.0002224319305963
1622.0844484455845,0.9878996793961146,1622.0844484455845,1.0019022755243376,1622.073337700552,0.986906622219244,1621.9344533671476,1.0140117165152955
1622.0858372887144,1.003122752347957,1622.0858372887144,1.0018287854317574,1622.0747265436814,0.9917829988608604,1621.9358422107418,1.0096847256747612
1622.0872261318443,0.9963231794075299,1622.0872261318443,1.0018620084768917,1622.07611538681,0.9937471686311308,1621.9372310538708,1.0037214703695252
1622.0886149749729,0.9958465517418124,1622.0886149749729,1.0018175447659807,1622.077504229939,0.9952852993629326,1621.938619897466,1.0105191342430049
1622.0900038181014,0.9911761235361565,1622.0900038181014,1.0018459618250701,1622.078893073069,1.0008096032964235,1621.9400087410606,1.0014823358601184
1622.0913926607648,0.9863614446148473,1622.0913926607648,1.001837275074912,1622.0802819161984,1.002964603760588,1621.9413975846558,1.0035056305248646
1622.092781503895,0.9903721607596658,1622.092781503895,1.001848078052117,1622.0816707593267,0.9981347794784152,1621.9427864282504,1.0075059393335088
1622.094170347024,0.9979885398861634,1622.094170347024,1.0017818066320483,1622.083059602455,1.0116141001048349,1621.9441752718456,1.0064382932505058
1622.0955591901527,1.0015268887281914,1622.0955591901527,1.0017583143315123,1622.0844484455845,0.9897789367767308,1621.9455641149746,1.0155811086855555
1622.0969480332817,0.9975660311766326,1622.0969480332817,1.001782633004684,1622.0858372887144,1.0049572486237153,1621.9469529585692,1.013372623977768
1622.098336876411,0.9971838693061237,1622.098336876411,1.0017960853621535,1622.0872261318443,0.9981783416133104,1621.9483418021644,1.002829771817324
1622.0997257195402,0.9925097648099792,1622.0997257195402,1.001779184561206,1622.0886149749729,0.9976565474296506,1621.949730645759,1.014767767608447
1622.1011145626692,0.9990686191451835,1622.1011145626692,1.001672747556949,1622.0900038181014,0.9930057968221252,1621.9511194888885,1.0152424657554728
1622.102503405333,1.0086951200356327,1622.102503405333,1.0015679684659982,1622.0913926607648,0.9881736619118924,1621.9525083324827,1.013749188391894
1622.103892248462,1.0007847878448213,1622.103892248462,1.0014889928560207,1622.092781503895,0.9922024458133936,1621.953897176077,0.9958196660816248
1622.1052810915917,1.0021936897302388,1622.1052810915917,1.0014447586995976,1622.094170347024,0.9997667624852408,1621.9552860196725,1.0015269853493949
1622.10666993472,1.0039838942426753,1622.10666993472,1.0015630654541017,1622.0955591901527,1.003287887810037,1621.9566748628024,0.9925096234260716
1622.1080587778486,0.9900927777934891,1622.1080587778486,1.0015633338994123,1622.0969480332817,0.9993443253081596,1621.958063706397,1.014816834474897
1622.1094476209785,1.0015011945469086,1622.1094476209785,1.0015713488234332,1622.098336876411,0.99897489665716,1621.9594525499913,1.0114903455843287
1622.1108364636427,0.9961355116460168,1622.1108364636427,1.0016111923841342,1622.0997257195402,0.9942756228603754,1621.9608413935855,1.0009501438501889
1622.1122253067713,1.0017536337916937,1622.1122253067713,1.0015612824269053,1622.1011145626692,1.000739808737083,1621.9622302367147,1.0148887357833511
1622.1136141498998,0.9929050638745254,1622.1136141498998,1.001535449465967,1622.102503405333,1.0102767221756548,1621.96361908031,0.9922521243166827
1622.1150029930288,0.9945274814034034,1622.1150029930288,1.001550216095107,1622.103892248462,1.0022749492443364,1621.9650079239052,0.995051925928876
1622.116391835693,0.9993372638831732,1622.116391835693,1.001521803196802,1622.1052810915917,1.0036416177821583,1621.9663967670338,1.0013478437150984
1622.117780678823,0.9978519520200742,1622.117780678823,1.001502805108338,1622.10666993472,1.0055531867842404,1621.9677856106284,1.007188635733156
1622.1191695219516,1.0058242829978858,1622.1191695219516,1.0015708396861085,1622.1080587778486,0.991640623396577,1621.9691744542235,1.0008859219820514
1622.12055836508,0.9835154908614204,1622.12055836508,1.0014390627303336,1622.1094476209785,1.003074902270627,1621.9705632973526,1.0010780439092728
1622.1219472077437,1.0102866193825313,1622.1219472077437,1.0015559263568972,1622.1108364636427,0.9977404775959464,1621.9719521409477,1.0033627793430395
1622.123336050873,1.0028751705440233,1622.123336050873,1.001502344237213,1622.1122253067713,1.0033176541362212,1621.973340984077,1.008284756909016
1622.124724894002,0.9996331549303605,1622.124724894002,1.0014745166277634,1622.1136141498998,0.9944296194246074,1621.9747298276718,1.005835695044396
1622.1261137371314,0.9970964251712949,1622.1261137371314,1.0014253095017303,1622.1150029930288,0.9960692139121012,1621.9761186712665,1.0056140106699367
1622.1275025797947,1.0009399846036287,1622.1275025797947,1.0013785901150964,1622.116391835693,1.000858058526034,1621.977507514395,1.0168104307731076
1622.1288914229242,1.0104996745555495,1622.1288914229242,1.0013732051305826,1622.117780678823,0.9993515290309348,1621.9788963579897,1.0050559260338057
1622.1302802660532,1.0056453822449307,1622.1302802660532,1.0013624010284492,1622.1191695219516,1.0074042716988705,1621.9802852011196,0.9883031930025484
1622.131669108717,0.9942163301468626,1622.131669108717,1.0013669952058553,1622.12055836508,0.9849308313490248,1621.9816740447147,1.0033354595642128
1622.133057951846,0.9925857372939627,1622.133057951846,1.001390503001273,1622.1219472077437,1.0118585509616491,1621.983062888309,1.00277805452457
1622.134446794975,0.9976379888727072,1622.134446794975,1.0013625528335186,1622.123336050873,1.0043818342771342,1621.9844517314375,1.002084322429389
1622.1358356376388,0.9922246513172821,1622.1358356376388,1.001281027045153,1622.124724894002,1.001107130638969,1621.985840575033,1.010620190240804
1622.1372244807674,0.9935713076920395,1622.1372244807674,1.001179801934098,1622.1261137371314,0.9985175961802328,1621.987229418163,1.003943766380824
1622.1386133234305,0.9980382835540046,1622.1386133234305,1.0012966925587288,1622.1275025797947,1.002319870572208,1621.9886182617577,1.0040532493750771
1622.1400021665602,1.0056655403855088,1622.1400021665602,1.0013269216344078,1622.1288914229242,1.0118872978931013,1621.9900071048862,1.0145182197779703
1622.14139100969,0.9827654060742602,1622.14139100969,1.0012245612617647,1622.1302802660532,1.0070154745479565,1621.9913959484804,0.9964077888825356
1622.1427798523534,1.0060418457540827,1622.1427798523534,1.0012353531496776,1622.131669108717,0.9955754191037564,1621.99278479161,0.9926379312430486
1622.144168695482,1.0081233109393621,1622.144168695482,1.0012313897869665,1622.133057951846,0.9939659307406908,1621.9941736352057,1.0124977794184746
1622.1455575381449,1.0040540899064354,1622.1455575381449,1.001218377212125,1622.134446794975,0.9989973233412714,1621.9955624783345,0.9961717650221744
1622.1469463812748,0.9995687025735155,1622.1469463812748,1.001349266661179,1622.1358356376388,0.9934957179304872,1621.9969513219287,1.0094604588336469
1622.1483352244047,0.9977112457871089,1622.1483352244047,1.001471100683352,1622.1372244807674,0.994743525042519,1621.9983401650577,1.0128442377081723
1622.1497240670676,1.0003324595510719,1622.1497240670676,1.0015777014536582,1622.1386133234305,0.9993324323696156,1621.9997290086528,1.0080302480241752
1622.1511129101962,1.0014165017729606,1622.1511129101962,1.0016055642343578,1622.1400021665602,1.006999979748025,1622.0011178517827,1.007577908601612
1622.1525017528595,0.9860847585464398,1622.1525017528595,1.0015902573921096,1622.14139100969,0.9839688625199412,1622.0025066953774,1.017483707013993
1622.153890595989,1.0029616354738065,1622.153890595989,1.0015702922903453,1622.1427798523534,1.0072846627169425,1622.003895538506,1.009718909378119
1622.1552794386523,0.9956674196692668,1622.1552794386523,1.001471124876774,1622.144168695482,1.0093647036884557,1622.005284382101,1.0014820640215232
1622.1566682817818,0.9975314197033744,1622.1566682817818,1.0014360124025992,1622.1455575381449,1.0052774065293184,1622.00667322523,1.0052437665031513
1622.1580571244451,1.0100393807862875,1622.1580571244451,1.0014393687324943,1622.1469463812748,1.000917387299456,1622.0080620683586,0.9984440638402068
1622.1594459675746,0.9952725576810715,1622.1594459675746,1.0014415441908373,1622.1483352244047,0.9991789794825744,1622.0094509119538,1.0100905127378808
1622.160834810238,1.0091278494807963,1622.160834810238,1.0014482001666545,1622.1497240670676,1.001910685526647,1622.0108397550837,1.0119706843822067
1622.1622236533674,1.0039276938980564,1622.1622236533674,1.0014083350308434,1622.1511129101962,1.003024340291903,1622.0122285986783,0.992835489942176
1622.1636124960307,1.0057925949506026,1622.1636124960307,1.0014000278060444,1622.1525017528595,0.987652887122965,1622.0136174418076,0.9985816141694236
1622.1650013391602,0.9885141131032058,1622.1650013391602,1.0013362382653872,1622.153890595989,1.004536578397503,1622.015006284936,1.0167021710525332
1622.1663901818235,0.9888581371200947,1622.1663901818235,1.0013361733271424,1622.1552794386523,0.9971321707793356,1622.016395128531,1.0015354123458489
1622.167779024952,0.9889001870222538,1622.167779024952,1.0012842483694668,1622.1566682817818,0.9989638871940508,1622.017783971661,1.0153301337024538
1622.169167867615,1.0101994885071781,1622.169167867615,1.0013031187602888,1622.1580571244451,1.011493199889579,1622.0191728152556,0.99944762397437
1622.1705567102792,1.0004388646690474,1622.1705567102792,1.0012696953147777,1622.1594459675746,0.9967072870548964,1622.0205616583842,0.9947574567705276
1622.1719455534092,0.9999760551657896,1622.1719455534092,1.0012861901894032,1622.160834810238,1.01058926860059,1622.0219505015127,0.9892959475525488
1622.1733343960725,0.9992281654633987,1622.1733343960725,1.0012988447116944,1622.1622236533674,1.0053415604378069,1622.0233393451078,0.9911581778495856
1622.174723239201,1.002138455270712,1622.174723239201,1.0013908411848285,1622.1636124960307,1.007200732550647,1622.0247281882378,1.0039985418577748
1622.176112081864,1.0081566288360764,1622.176112081864,1.0013660163701346,1622.1650013391602,0.9898350034870096,1622.0261170313668,1.0077161385273172
1622.1775009245282,0.9947129463129031,1622.1775009245282,1.0014154685501693,1622.1663901818235,0.9901794229872424,1622.027505874961,1.0099436519367753
1622.178889767658,0.9995504187964313,1622.178889767658,1.0014815349447153,1622.167779024952,0.9901701804750026,1622.0288947180904,1.0080880137256742
1622.180278610321,0.988012207597559,1622.180278610321,1.0014501596780283,1622.169167867615,1.0115158984122858,1622.0302835612194,1.007299749758981
1622.181667452984,1.0047816397707072,1622.181667452984,1.0014127191911386,1622.1705567102792,1.0017091172082393,1622.0316724043494,1.01413037406214
1622.1830562961131,0.9996370557398996,1622.1830562961131,1.0014901881331595,1622.1719455534092,1.001262214557582,1622.033061247944,1.0125703603234173
1622.1844451387767,0.9890802004802548,1622.1844451387767,1.0016069631695927,1622.1733343960725,1.000526007681887,1622.0344500910726,0.9943091269672448
1622.185833981441,1.0018824366887265,1622.185833981441,1.0015268072413903,1622.174723239201,1.003532270707203,1622.035838934202,1.0188798020797556
1622.18722282457,1.000843099905981,1622.18722282457,1.0015247558900757,1622.176112081864,1.009533787294726,1622.037227777331,1.0130851546632484
1622.1886116672329,0.9956278500382525,1622.1886116672329,1.0015896283095282,1622.1775009245282,0.9961209312048552,1622.0386166209253,1.0036734908574565
1622.190000509897,0.9901484142304583,1622.190000509897,1.0015999203232648,1622.178889767658,1.001031287670883,1622.0400054640547,1.005685572180147
1622.1913893530257,1.0025551782317763,1622.1913893530257,1.0016159297244813,1622.180278610321,0.9894449830624168,1622.0413943071846,1.000230179330562
1622.1927781956897,1.0105147444515832,1622.1927781956897,1.0016364279275765,1622.181667452984,1.0062011140761151,1622.0427831503137,1.0030903970705585
1622.1941670383528,0.9922267504234019,1622.1941670383528,1.001507261294479,1622.1830562961131,1.0011267030178297,1622.0441719939088,1.0080679656292717
1622.1955558814825,1.005569364611214,1622.1955558814825,1.0015641433969147,1622.1844451387767,0.9906696159342,1622.045560837037,1.0037248683519664
1622.1969447241456,1.0034399821584992,1622.1969447241456,1.0015735608052514,1622.185833981441,1.0034121180480846,1622.0469496801663,1.0067000738177705
1622.1983335668083,0.9944335496772903,1622.1983335668083,1.001604567748315,1622.18722282457,1.0023691413176044,1622.0483385232965,0.9990644674743082
1622.1997224094714,1.000951778391875,1622.1997224094714,1.0016897679451644,1622.1886116672329,0.997210528254428,1622.0497273664253,1.008756940549035
1622.201111252601,0.9902605398460831,1622.201111252601,1.0017658269270537,1622.190000509897,0.991732572801434,1622.0511162095538,1.0026379217286978
1622.2025000952656,0.9961274277905758,1622.2025000952656,1.0018955591129957,1622.1913893530257,1.0041752369447137,1622.052505053148,1.0254074622684632
1622.203888937929,0.9884524158675733,1622.203888937929,1.001889984060218,1622.1927781956897,1.0121683790006315,1622.0538938962775,1.0012845053223958
1622.2052777805918,0.9945466897480554,1622.2052777805918,1.0019180432190247,1622.1941670383528,0.9937222953996618,1622.0552827394074,1.0035267659756484
1622.2066666232547,1.0141651034650607,1622.2066666232547,1.001876759371525,1622.1955558814825,1.0071422192930104,1622.056671582537,1.000528658108191
1622.2080554663846,1.0028603203054698,1622.2080554663846,1.001941862741406,1622.1969447241456,1.005018955984846,1622.058060425666,0.9902388876799624
1622.2094443090489,1.0036555059347467,1622.2094443090489,1.001941417802514,1622.1983335668083,0.9960291856789448,1622.0594492687944,1.01881836655722
1622.2108331517118,0.9990635604551484,1622.2108331517118,1.0019870536010518,1622.1997224094714,1.002643154621657,1622.0608381119234,1.015340395609426
1622.2122219943749,1.0026805015925224,1622.2122219943749,1.0020092408922725,1622.201111252601,0.992009168572142,1622.0622269550531,0.9999753986071264
1622.2136108370385,1.0022335180339148,1622.2136108370385,1.0020345608591916,1622.2025000952656,0.9980156462140292,1622.0636157981826,0.9962015313483588
1622.2149996797018,0.9955368869596888,1622.2149996797018,1.0020167318304822,1622.203888937929,0.990320575177847,1622.0650046417766,0.998856918706804
1622.216388522366,0.9861591941235028,1622.216388522366,1.0021548631799886,1622.2052777805918,0.99645427328233,1622.066393484906,0.9976767314453509
1622.2177773654953,1.0001856035983199,1622.2177773654953,1.002135433701632,1622.2066666232547,1.0160684473272623,1622.067782328035,1.00759938385064
1622.219166208158,0.9973118985542763,1622.219166208158,1.0022635257379435,1622.2080554663846,1.0048077373963056,1622.0691711711636,1.0016417691962562
1622.2205550508218,0.9960610250179704,1622.2205550508218,1.0023581437882645,1622.2094443090489,1.0056040206015595,1622.070560014293,0.9995904071965462
1622.221943893485,1.0013030240190992,1622.221943893485,1.0023355504846798,1622.2108331517118,1.0010487533006305,1622.071948857423,0.9971076373461104
1622.223332736149,1.0024041297277853,1622.223332736149,1.0024115378677048,1622.2122219943749,1.0046951282582064,1622.073337700552,0.986906622219244
1622.2247215788125,1.0032975703590985,1622.2247215788125,1.0024974723420412,1622.2136108370385,1.0042726231214765,1622.0747265436814,0.9917829988608604
1622.226110421476,0.9877625370869884,1622.226110421476,1.0025225106444176,1622.2149996797018,0.9975446178880396,1622.07611538681,0.9937471686311308
1622.2274992641394,0.9892426626559878,1622.2274992641394,1.0024728129746099,1622.216388522366,0.9882842322605268,1622.077504229939,0.9952852993629326
1622.2288881068032,0.9967791161884975,1622.2288881068032,1.0023630287247125,1622.2177773654953,1.0023214336441308,1622.078893073069,1.0008096032964235
1622.230276949466,0.9981048872318183,1622.230276949466,1.0024116231004918,1622.219166208158,0.9995693397054112,1622.0802819161984,1.002964603760588
1622.2316657921294,1.014008255397874,1622.2316657921294,1.0024024900129824,1622.2205550508218,0.998409880136849,1622.0816707593267,0.9981347794784152
1622.2330546347937,1.0009335829783486,1622.2330546347937,1.0024275416899293,1622.221943893485,1.0036416177821583,1622.083059602455,1.0116141001048349
1622.2344434774573,1.001143438809237,1622.2344434774573,1.0024611810596236,1622.223332736149,1.0048214652453675,1622.0844484455845,0.9897789367767308
1622.23583232012,1.0038564538502257,1622.23583232012,1.002461233740122,1622.2247215788125,1.0058032782919075,1622.0858372887144,1.0049572486237153
1622.2372211627828,1.0009158475949858,1622.2372211627828,1.0025605258574966,1622.226110421476,0.9902541786009472,1622.0872261318443,0.9981783416133104
1622.238610005447,0.9986232094450695,1622.238610005447,1.0026122916876599,1622.2274992641394,0.9916888747472412,1622.0886149749729,0.9976565474296506
1622.239998848111,1.003024573727984,1622.239998848111,1.0026718779024761,1622.2288881068032,0.9991345338722444,1622.0900038181014,0.9930057968221252
1622.2413876907742,1.0027373300582711,1622.2413876907742,1.002734228263891,1622.230276949466,1.0005119400345803,1622.0913926607648,0.9881736619118924
1622.242776533437,0.9878481112289772,1622.242776533437,1.0027683610492244,1622.2316657921294,1.0164444001045492,1622.092781503895,0.9922024458133936
1622.244165376101,0.99871536317203,1622.244165376101,1.0028604219876118,1622.2330546347937,1.003363390979879,1622.094170347024,0.9997667624852408
1622.2455542187645,0.9906098509112682,1622.2455542187645,1.0028030448320857,1622.2344434774573,1.0036074340788008,1622.0955591901527,1.003287887810037
1622.2469430614285,1.0072998806813922,1622.2469430614285,1.0028698549799269,1622.23583232012,1.006327179224681,1622.0969480332817,0.9993443253081596
1622.2483319040923,0.9996589898186992,1622.2483319040923,1.0027685894790093,1622.2372211627828,1.0034787185039309,1622.098336876411,0.99897489665716
1622.2497207467552,1.0022029230461882,1622.2497207467552,1.0026783589609098,1622.238610005447,1.001231904554207,1622.0997257195402,0.9942756228603754
1622.2511095894183,0.9993176333111592,1622.2511095894183,1.0027643619284987,1622.239998848111,1.0057045329221683,1622.1011145626692,1.000739808737083
1622.252498432082,0.9994278649374448,1622.252498432082,1.002848238166271,1622.2413876907742,1.005479042807375,1622.102503405333,1.0102767221756548
1622.2538872747457,1.000241855764516,1622.2538872747457,1.0028649062837975,1622.242776533437,0.9905828314626534,1622.103892248462,1.0022749492443364
1622.255276117409,1.004195684467102,1622.255276117409,1.0028579532317032,1622.244165376101,1.001572110556213,1622.1052810915917,1.0036416177821583
1622.2566649596072,1.0172279319503523,1622.2566649596072,1.002804937528424,1622.2455542187645,0.9933865747344782,1622.10666993472,1.0055531867842404
1622.2580538022703,1.0079185778849664,1622.2580538022703,1.0028885307361457,1622.2469430614285,1.0101906852602454,1622.1080587778486,0.991640623396577
1622.2594426449343,0.9926853701425262,1622.2594426449343,1.0029312663473822,1622.2483319040923,1.0024266351805082,1622.1094476209785,1.003074902270627
1622.2608314875972,0.9968946029036823,1622.2608314875972,1.0029525501341379,1622.2497207467552,1.004887182225779,1622.1108364636427,0.9977404775959464
1622.2622203302606,0.9948603111048523,1622.2622203302606,1.0029946431934438,1622.2511095894183,1.002080108931162,1622.1122253067713,1.0033176541362212
1622.2636091729248,1.0032316927807097,1622.2636091729248,1.0030427028650326,1622.252498432082,1.0022744735267946,1622.1136141498998,0.9944296194246074
1622.264998015123,0.9982638834945246,1622.264998015123,1.0031250645122862,1622.2538872747457,1.003107454942413,1622.1150029930288,0.9960692139121012
1622.2663868577858,0.9866726009920763,1622.2663868577858,1.0031302484264362,1622.255276117409,1.0070656287687874,1622.116391835693,1.000858058526034
1622.2677757004485,1.0160953158032646,1622.2677757004485,1.0031702369742028,1622.2566649596072,1.020081192751641,1622.117780678823,0.9993515290309348
1622.269164543112,1.002272736631936,1622.269164543112,1.0031365188978285,1622.2580538022703,1.0108299816767194,1622.1191695219516,1.0074042716988705
1622.2705533857763,0.9819263782911013,1622.2705533857763,1.0030718657357154,1622.2594426449343,0.9955951953615636,1622.12055836508,0.9849308313490248
1622.271942227974,1.0104643139136924,1622.271942227974,1.0030922671718863,1622.2608314875972,0.9998379841972068,1622.1219472077437,1.0118585509616491
1622.273331070637,1.010441293449644,1622.273331070637,1.0031498922791462,1622.2622203302606,0.9978395627639298,1622.123336050873,1.0043818342771342
1622.2747199133007,1.0022818445471888,1622.2747199133007,1.0031293017539948,1622.2636091729248,1.0062842287266252,1622.124724894002,1.001107130638969
1622.276108755964,1.005185441034003,1622.276108755964,1.0031746673104311,1622.264998015123,1.0013835225307304,1622.1261137371314,0.9985175961802328
1622.2774975981629,1.001717183175602,1622.2774975981629,1.003176844522648,1622.2663868577858,0.9897611313487394,1622.1275025797947,1.002319870572208
1622.2788864408265,1.0027065064789282,1622.2788864408265,1.0032249820704886,1622.2677757004485,1.0193165787427385,1622.1288914229242,1.0118872978931013
1622.2802752834891,0.9940302459826845,1622.2802752834891,1.0032421800291602,1622.269164543112,1.0054163840111603,1622.1302802660532,1.0070154745479565
1622.2816641261527,0.9995103609803611,1622.2816641261527,1.0033148495886228,1622.2705533857763,0.9849427242875688,1622.131669108717,0.9955754191037564
1622.2830529683508,1.0101882014326617,1622.2830529683508,1.0033918025275441,1622.271942227974,1.0135889395399702,1622.133057951846,0.9939659307406908
1622.2844418110135,1.0085593166548374,1622.2844418110135,1.0033926587534179,1622.273331070637,1.0136240746784115,1622.134446794975,0.9989973233412714
1622.285830653677,0.9858235375895129,1622.285830653677,1.0034802928175597,1622.2747199133007,1.0054182868813275,1622.1358356376388,0.9934957179304872
1622.2872194958757,0.9956194713430192,1622.2872194958757,1.0034824057550102,1622.276108755964,1.008376570394575,1622.1372244807674,0.994743525042519
1622.288608338539,1.0016003440480137,1622.288608338539,1.003500609744196,1622.2774975981629,1.004899482922216,1622.1386133234305,0.9993324323696156
1622.2899971812028,0.9955063563685279,1622.2899971812028,1.003487200750625,1622.2788864408265,1.005940216984285,1622.1400021665602,1.006999979748025
1622.2913860234,1.0021915567589657,1622.2913860234,1.00347850875255,1622.2802752834891,0.9972530709945908,1622.14139100969,0.9839688625199412
1622.2927748660634,0.9921710802210192,1622.2927748660634,1.0034700386579023,1622.2816641261527,1.002823587489281,1622.1427798523534,1.0072846627169425
1622.2941637087276,1.0020432201076888,1622.2941637087276,1.0035752425739772,1622.2830529683508,1.0136145603275764,1622.144168695482,1.0093647036884557
1622.2955525509258,1.0138989374987544,1622.2955525509258,1.0035449449382912,1622.2844418110135,1.0119810142488277,1622.1455575381449,1.0052774065293184
1622.296941393589,1.0018370232636111,1622.296941393589,1.0035816159900015,1622.285830653677,0.989254492166767,1622.1469463812748,1.000917387299456
1622.298330235786,1.0080631600037806,1622.298330235786,1.0035383126776154,1622.2872194958757,0.9990866223198244,1622.1483352244047,0.9991789794825744
1622.2997190784492,1.0041013211647618,1622.2997190784492,1.0035042822724203,1622.288608338539,1.0051065559721784,1622.1497240670676,1.001910685526647
1622.3011079211135,1.0011825276870694,1622.3011079211135,1.003483064841866,1622.2899971812028,0.9989778868817082,1622.1511129101962,1.003024340291903
1622.302496763312,1.0075462124407495,1622.302496763312,1.00340749879394,1622.2913860234,1.0056776888608834,1622.1525017528595,0.987652887122965
1622.303885605975,1.0056144022799631,1622.303885605975,1.0034184266419275,1622.2927748660634,0.9956139522246388,1622.153890595989,1.004536578397503
1622.3052744481722,0.9950652177921507,1622.3052744481722,1.0034115840300526,1622.2941637087276,1.005625767689183,1622.1552794386523,0.9971321707793356
1622.3066632908356,0.9972670749496526,1622.3066632908356,1.0033993169733235,1622.2955525509258,1.0174931534051794,1622.1566682817818,0.9989638871940508
1622.3080521330342,1.0086960495198036,1622.3080521330342,1.0034161858560628,1622.296941393589,1.0054252187655075,1622.1580571244451,1.011493199889579
1622.309440975698,1.0033357988394112,1622.309440975698,1.00339860679377,1622.298330235786,1.011630002662659,1622.1594459675746,0.9967072870548964
1622.3108298178952,0.9868002739268048,1622.3108298178952,1.0034594725716406,1622.2997190784492,1.0076199756242332,1622.160834810238,1.01058926860059
1622.3122186605583,1.0023067874979885,1622.3122186605583,1.003420098028532,1622.3011079211135,1.0046697113495469,1622.1622236533674,1.0053415604378069
1622.313607502757,1.0017989153706415,1622.313607502757,1.0033605163325823,1622.302496763312,1.0109794249444803,1622.1636124960307,1.007200732550647
1622.3149963454196,0.9941472233173584,1622.3149963454196,1.003384651508322,1622.303885605975,1.009052021344223,1622.1650013391602,0.9898350034870096
1622.3163851876172,0.9969698550408927,1622.3163851876172,1.003386661444964,1622.3052744481722,0.9984599663980313,1622.1663901818235,0.9901794229872424
1622.3177740302815,0.9963402692802121,1622.3177740302815,1.0034036786947693,1622.3066632908356,1.0006571018444657,1622.167779024952,0.9901701804750026
1622.3191628724794,0.9907972680371852,1622.3191628724794,1.0033952240713035,1622.3080521330342,1.0121419426972396,1622.169167867615,1.0115158984122858
1622.320551715143,1.0042828215971085,1622.320551715143,1.0034471643524254,1622.309440975698,1.0067457427017794,1622.1705567102792,1.0017091172082393
1622.3219405573402,0.9970083839364668,1622.3219405573402,1.0034510175424685,1622.3108298178952,0.990214082408142,1622.1719455534092,1.001262214557582
1622.3233294000036,0.9960571240362057,1622.3233294000036,1.0033612782609127,1622.3122186605583,1.0057347749658945,1622.1733343960725,1.000526007681887
1622.3247182422022,1.0033229661468925,1622.3247182422022,1.003487167702048,1622.313607502757,1.0051654769877076,1622.174723239201,1.003532270707203
1622.326107084866,0.9991190315439394,1622.326107084866,1.0035073687414864,1622.3149963454196,0.9975120652162536,1622.176112081864,1.009533787294726
1622.3274959270632,1.0087239480509074,1622.3274959270632,1.0035846884673842,1622.3163851876172,1.000346254410751,1622.1775009245282,0.9961209312048552
1622.3288847692604,0.9886735641823979,1622.3288847692604,1.0036544070835207,1622.3177740302815,0.999731491427502,1622.178889767658,1.001031287670883
1622.3302736119238,0.9996134269972913,1622.3302736119238,1.0036895469814144,1622.3191628724794,0.9941612467714068,1622.180278610321,0.9894449830624168
1622.3316624541224,0.9955562792647079,1622.3316624541224,1.003686244856855,1622.320551715143,1.0077447495394714,1622.181667452984,1.0062011140761151
1622.333051296321,1.0143436372442896,1622.333051296321,1.0036366137064936,1622.3219405573402,1.0004490773594197,1622.1830562961131,1.0011267030178297
1622.3344401389838,1.006479035792223,1622.3344401389838,1.003604771615301,1622.3233294000036,0.9994051491938558,1622.1844451387767,0.9906696159342
1622.335828981181,0.9966810583417941,1622.335828981181,1.0036201249474421,1622.3247182422022,1.006821721589163,1622.185833981441,1.0034121180480846
1622.3372178238444,1.009316974965863,1622.3372178238444,1.0036243173918846,1622.326107084866,1.0026233104042008,1622.18722282457,1.0023691413176044
1622.338606666043,0.9964366149040677,1622.338606666043,1.003545164200642,1622.3274959270632,1.0123399091542598,1622.1886116672329,0.997210528254428
1622.3399955082411,0.9911744314068206,1622.3399955082411,1.0035543864754424,1622.3288847692604,0.9922865798586358,1622.190000509897,0.991732572801434
1622.3413843504384,1.005479704396452,1622.3413843504384,1.0035443997288906,1622.3302736119238,1.0033015476994505,1622.1913893530257,1.0041752369447137
1622.3427731931015,0.9920992957806658,1622.3427731931015,1.0035191500480598,1622.3316624541224,0.9992261434788572,1622.1927781956897,1.0121683790006315
1622.3441620353,1.0058841822061797,1622.3441620353,1.0035918397980041,1622.333051296321,1.0180324132185867,1622.1941670383528,0.9937222953996618
1622.345550877497,1.0080225153576055,1622.345550877497,1.0035639443837603,1622.3344401389838,1.0101071628518423,1622.1955558814825,1.0071422192930104
1622.3469397201604,1.0129832338671974,1622.3469397201604,1.0036744924536107,1622.335828981181,1.0002891683057402,1622.1969447241456,1.005018955984846
1622.348328562359,1.004029011021075,1622.348328562359,1.0036770697272037,1622.3372178238444,1.012975060032156,1622.1983335668083,0.9960291856789448
1622.3497174045572,1.0038812158705401,1622.3497174045572,1.0037078545750069,1622.338606666043,0.9999691463194346,1622.1997224094714,1.002643154621657
1622.3511062467549,0.98327539957645,1622.3511062467549,1.0036150931062673,1622.3399955082411,0.9946974484006172,1622.201111252601,0.992009168572142
1622.3524950894175,0.9876727609935582,1622.3524950894175,1.003609492683804,1622.3413843504384,1.00904352638812,1622.2025000952656,0.9980156462140292
1622.3538839316154,0.9945731596058008,1622.3538839316154,1.0036320282080282,1622.3427731931015,0.9955906420650924,1622.203888937929,0.990320575177847
1622.355272773814,1.0042990841008863,1622.355272773814,1.0036087490798975,1622.3441620353,1.0094971570440108,1622.2052777805918,0.99645427328233
1622.3566616160122,0.9991899134430929,1622.3566616160122,1.0035876494055902,1622.345550877497,1.011615051539918,1622.2066666232547,1.0160684473272623
1622.358050458675,1.0121665902114438,1622.358050458675,1.0035951130081413,1622.3469397201604,1.0167054331156766,1622.2080554663846,1.0048077373963056
1622.3594393008725,0.9955714349242453,1622.3594393008725,1.0035230420164478,1622.348328562359,1.0077208957027348,1622.2094443090489,1.0056040206015595
1622.36082814307,0.9996192447152185,1622.36082814307,1.0034619367604898,1622.3497174045572,1.0076034614295692,1622.2108331517118,1.0010487533006305
1622.3622169852686,1.004396083645831,1622.3622169852686,1.0033658782061001,1622.3511062467549,0.986830031695021,1622.2122219943749,1.0046951282582064
1622.3636058274672,1.0074317554881143,1622.3636058274672,1.0032900490610899,1622.3524950894175,0.9912377585983568,1622.2136108370385,1.0042726231214765
1622.3649946696644,0.9983172263860288,1622.3649946696644,1.0032922293625355,1622.3538839316154,0.9981854773764368,1622.2149996797018,0.9975446178880396
1622.3663835123273,0.9988031069211387,1622.3663835123273,1.0033084175301914,1622.355272773814,1.0079233474965772,1622.216388522366,0.9882842322605268
1622.3677723545254,0.9996052820391477,1622.3677723545254,1.0032959250965945,1622.3566616160122,1.0027746565421287,1622.2177773654953,1.0023214336441308
1622.369161196724,1.00801425767074,1622.369161196724,1.003402268894559,1622.358050458675,1.015805443486319,1622.219166208158,0.9995693397054112
1622.3705500389217,0.9974405128025591,1622.3705500389217,1.003403694833416,1622.3594393008725,0.9990788749198586,1622.2205550508218,0.998409880136849
1622.371938881119,1.0042725927812284,1622.371938881119,1.0034369482639567,1622.36082814307,1.003079863324991,1622.221943893485,1.0036416177821583
1622.3733277233166,0.9955306683800251,1622.3733277233166,1.0033512181001762,1622.3622169852686,1.007776758534067,1622.223332736149,1.0048214652453675
1622.3747165655147,0.9926512386012141,1622.3747165655147,1.0033472258879879,1622.3636058274672,1.01074625538937,1622.2247215788125,1.0058032782919075
1622.3761054077124,1.008611562120006,1622.3761054077124,1.0032964153539512,1622.3649946696644,1.001603915671862,1622.226110421476,0.9902541786009472
1622.3774942499106,1.0037287984264587,1622.3774942499106,1.0032404095839818,1622.3663835123273,1.0021075646292863,1622.2274992641394,0.9916888747472412
1622.3788830921085,0.9996045776603342,1622.3788830921085,1.0032858902044532,1622.3677723545254,1.0028999061749089,1622.2288881068032,0.9991345338722444
1622.380271934772,1.0120231770521666,1622.380271934772,1.0032483290362995,1622.369161196724,1.0114437932248852,1622.230276949466,1.0005119400345803
1622.3816607769695,0.9994153044293346,1622.3816607769695,1.0032096107814785,1622.3705500389217,1.0008354959226249,1622.2316657921294,1.0164444001045492
1622.383049619167,0.9998887577444603,1622.383049619167,1.0032025392609796,1622.371938881119,1.007724225725527,1622.2330546347937,1.003363390979879
1622.384438461365,0.9961769508595703,1622.384438461365,1.0032060677063703,1622.3733277233166,0.9988669087751808,1622.2344434774573,1.0036074340788008
1622.3858273035637,0.9979542190743845,1622.3858273035637,1.0032042521711309,1622.3747165655147,0.9959738665248032,1622.23583232012,1.006327179224681
1622.3872161457614,0.9963434898499007,1622.3872161457614,1.0031682516774256,1622.3761054077124,1.0119363647595512,1622.2372211627828,1.0034787185039309
1622.3886049879586,0.9979896633701194,1622.3886049879586,1.003153981918307,1622.3774942499106,1.0069812908445983,1622.238610005447,1.001231904554207
1622.3899938301558,1.0041292612738641,1622.3899938301558,1.0031849963799784,1622.3788830921085,1.002889168550395,1622.239998848111,1.0057045329221683
1622.3913826723535,1.0063829802084776,1622.3913826723535,1.0031331866058626,1622.380271934772,1.015310561323593,1622.2413876907742,1.005479042807375
1622.392771514552,1.0013987617735818,1622.392771514552,1.0032185360583399,1622.3816607769695,1.0026230385656056,1622.242776533437,0.9905828314626534
1622.3941603567507,1.000575979074523,1622.3941603567507,1.003153053633626,1622.383049619167,1.003090940747749,1622.244165376101,1.001572110556213
1622.3955491984825,0.9977031533653969,1622.3955491984825,1.0030964361384471,1622.384438461365,0.9993707616115516,1622.2455542187645,0.9933865747344782
1622.3969380406795,1.0068646421636966,1622.3969380406795,1.0030963554812196,1622.3858273035637,1.0011519160475428,1622.2469430614285,1.0101906852602454
1622.3983268828777,1.0033315509131133,1622.3983268828777,1.00309568136119,1622.3872161457614,0.9995001567829098,1622.2483319040923,1.0024266351805082
1622.3997157250762,0.993511340033973,1622.3997157250762,1.0030804917040157,1622.3886049879586,1.001137304723046,1622.2497207467552,1.004887182225779
1622.401104567274,1.003763944461903,1622.401104567274,1.0030846996101281,1622.3899938301558,1.0073274093360518,1622.2511095894183,1.002080108931162
1622.4024934094712,1.0002771921830294,1622.4024934094712,1.0030704645249928,1622.3913826723535,1.0095361658824349,1622.252498432082,1.0022744735267946
1622.4038822516693,1.0006076297038362,1622.4038822516693,1.0029999523446258,1622.392771514552,1.004621799797127,1622.2538872747457,1.003107454942413
1622.405271093867,1.004333551045812,1622.405271093867,1.0029042741876806,1622.3941603567507,1.0037308488010628,1622.255276117409,1.0070656287687874
1622.406659936065,1.0014980269734002,1622.406659936065,1.00298392719984,1622.3955491984825,1.0007924774649202,1622.2566649596072,1.020081192751641
1622.4080487782628,1.0045833909092472,1622.4080487782628,1.0029298474808435,1622.3969380406795,1.0099822530173064,1622.2580538022703,1.0108299816767194
1622.4094376199948,1.0091381364202805,1622.4094376199948,1.0028716833102487,1622.3983268828777,1.0064375456943688,1622.2594426449343,0.9955951953615636
1622.410826462193,1.000511396185753,1622.410826462193,1.0027946348375483,1622.3997157250762,0.9965718434747932,1622.2608314875972,0.9998379841972068
1622.4122153043909,1.0105997082738192,1622.4122153043909,1.0027866681310043,1622.401104567274,1.0068602547100454,1622.2622203302606,0.9978395627639298
1622.413604146588,1.0043354638358168,1622.413604146588,1.0028149392843728,1622.4024934094712,1.0033485078167867,1622.2636091729248,1.0062842287266252
1622.4149929887851,1.0065759317628071,1622.4149929887851,1.0028064037794209,1622.4038822516693,1.0036094049086166,1622.264998015123,1.0013835225307304
1622.4163818309837,0.9884475068479994,1622.4163818309837,1.0027721912091345,1622.405271093867,1.007250411053936,1622.2663868577858,0.9897611313487394
1622.4177706727166,0.9941643630111201,1622.4177706727166,1.002720339040153,1622.406659936065,1.0044864241766722,1622.2677757004485,1.0193165787427385
1622.419159514914,1.0044578442057361,1622.419159514914,1.0027468855133097,1622.4080487782628,1.0075266670263998,1622.269164543112,1.0054163840111603
1622.420548357111,1.0034797277041676,1622.420548357111,1.0026409070628621,1622.4094376199948,1.012036061564374,1622.2705533857763,0.9849427242875688
1622.4219371993088,1.0031843937610125,1622.4219371993088,1.0025806963723372,1622.410826462193,1.0033074601888978,1622.271942227974,1.0135889395399702
1622.4233260410415,0.9929511488024778,1622.4233260410415,1.0024621441565242,1622.4122153043909,1.013415914274068,1622.273331070637,1.0136240746784115
1622.4247148832403,0.988541161225818,1622.4247148832403,1.002412579785834,1622.413604146588,1.0071626071876572,1622.2747199133007,1.0054182868813275
1622.4261037254375,0.9996000681705749,1622.4261037254375,1.0023396203796946,1622.4149929887851,1.0094007902619804,1622.276108755964,1.008376570394575
1622.4274925676348,0.9846120680392156,1622.4274925676348,1.002344080745518,1622.4163818309837,0.9911876723371744,1622.2774975981629,1.004899482922216
1622.4288814093672,0.9959793823283579,1622.4288814093672,1.002217115972853,1622.4177706727166,0.996868827140148,1622.2788864408265,1.005940216984285
1622.430270251565,0.9982330620674894,1622.430270251565,1.0020972577289873,1622.419159514914,1.0072169749067152,1622.2802752834891,0.9972530709945908
1622.431659093763,0.9892081506396464,1622.431659093763,1.0021747937361418,1622.420548357111,1.0061298244045005,1622.2816641261527,1.002823587489281
1622.4330479359608,1.013465511025299,1622.4330479359608,1.0022364885388626,1622.4219371993088,1.0057733080867768,1622.2830529683508,1.0136145603275764
1622.4344367776932,0.9857744854423585,1622.4344367776932,1.0022253228541518,1622.4233260410415,0.9953959376712158,1622.2844418110135,1.0119810142488277
1622.435825619891,1.0011606979939924,1622.435825619891,1.002119021661352,1622.4247148832403,0.9909260956488564,1622.285830653677,0.989254492166767
1622.437214462089,0.997275659613424,1622.437214462089,1.002163927909134,1622.4261037254375,1.0019387528616108,1622.2872194958757,0.9990866223198244
1622.438603303821,0.9937314178198468,1622.438603303821,1.0020818621260397,1622.4274925676348,0.986920078229711,1622.288608338539,1.0051065559721784
1622.4399921460188,0.9974215822481947,1622.4399921460188,1.0020468822031643,1622.4288814093672,0.9981875841255504,1622.2899971812028,0.9989778868817082
1622.4413809877512,0.9892769028624082,1622.4413809877512,1.0021177165631407,1622.430270251565,1.000326614072241,1622.2913860234,1.0056776888608834
1622.442769829949,1.0036771909803666,1622.442769829949,1.0021005577316051,1622.431659093763,0.991359474329398,1622.2927748660634,0.9956139522246388
1622.4441586721462,1.0074594633479554,1622.4441586721462,1.0021616339034045,1622.4330479359608,1.0157321150252396,1622.2941637087276,1.005625767689183
1622.4455475138775,0.9984288285580226,1622.4455475138775,1.002180457583917,1622.4344367776932,0.987968151933853,1622.2955525509258,1.0174931534051794
1622.4469363560763,1.0134087905131763,1622.4469363560763,1.0020712171938402,1622.435825619891,1.003282179199536,1622.296941393589,1.0054252187655075
1622.448325198275,0.9913296346783788,1622.448325198275,1.002093165835156,1622.437214462089,0.9994336922463614,1622.298330235786,1.011630002662659
1622.4497140400065,1.0124253089462476,1622.4497140400065,1.0020914572623154,1622.438603303821,0.9958002296220616,1622.2997190784492,1.0076199756242332
1622.4511028822037,1.0022780591748928,1622.4511028822037,1.0021107915730274,1622.4399921460188,0.9994631867339504,1622.3011079211135,1.0046697113495469
1622.4524917239362,1.0020519200402402,1622.4524917239362,1.002116730873563,1622.4413809877512,0.9913719109451326,1622.302496763312,1.0109794249444803
1622.4538805661348,1.0021484176169868,1622.4538805661348,1.0021170068633451,1622.442769829949,1.0057854728639162,1622.303885605975,1.009052021344223
1622.4552694078675,0.9997091614251089,1622.4552694078675,1.0021632123683653,1622.4441586721462,1.009637221880234,1622.3052744481722,0.9984599663980313
1622.4566582500647,0.9927530287093536,1622.4566582500647,1.0021612427156912,1622.4455475138775,1.0006058602692534,1622.3066632908356,1.0006571018444657
1622.458047091796,1.0003167258169265,1622.458047091796,1.0021273128552668,1622.4469363560763,1.015507780224476,1622.3080521330342,1.0121419426972396
1622.4594359339942,0.9847444468762211,1622.4594359339942,1.0021372179626362,1622.448325198275,0.9934046520010652,1622.309440975698,1.0067457427017794
1622.4608247757262,1.0109234264500389,1622.4608247757262,1.002117798939716,1622.4497140400065,1.0145427532111952,1622.3108298178952,0.990214082408142
1622.4622136179244,0.9992841646582201,1622.4622136179244,1.0021750588333591,1622.4511028822037,1.0043936592560294,1622.3122186605583,1.0057347749658945
1622.4636024596564,0.9952234488371345,1622.4636024596564,1.0020502890116305,1622.4524917239362,1.0041729942763025,1622.313607502757,1.0051654769877076
1622.4649913018543,1.00311778054641,1622.4649913018543,1.002000953955283,1622.4538805661348,1.0042699726951725,1622.3149963454196,0.9975120652162536
1622.4663801435863,0.9925891267105932,1622.4663801435863,1.0021100271055317,1622.4552694078675,1.0018717446478718,1622.3163851876172,1.000346254410751
1622.4677689857847,0.9900538981537683,1622.4677689857847,1.0020530281255637,1622.4566582500647,0.994898608961132,1622.3177740302815,0.999731491427502
1622.4691578275167,1.0103422865329923,1622.4691578275167,1.0021193029211688,1622.458047091796,1.0024447124470952,1622.3191628724794,0.9941612467714068
1622.4705466697148,0.9943783264439805,1622.4705466697148,1.0019955555938482,1622.4594359339942,0.9868490603966912,1622.320551715143,1.0077447495394714
1622.4719355114469,1.0080233352994459,1622.4719355114469,1.001877255412398,1622.4608247757262,1.013064359010709,1622.3219405573402,1.0004490773594197
1622.4733243531791,1.002034622091305,1622.4733243531791,1.0018377852404914,1622.4622136179244,1.0014576665075958,1622.3233294000036,0.9994051491938558
1622.474713195376,1.0065257566108985,1622.474713195376,1.001815992696033,1622.4636024596564,0.9972639445384024,1622.3247182422022,1.006821721589163
1622.4761020371077,0.9919803832204354,1622.4761020371077,1.0018164195784178,1622.4649913018543,1.005124973037009,1622.326107084866,1.0026233104042008
1622.4774908793063,0.9893974648616567,1622.4774908793063,1.0018536266308464,1622.4663801435863,0.9946835166726086,1622.3274959270632,1.0123399091542598
1622.4788797210392,0.9977782998084016,1622.4788797210392,1.0018694732021443,1622.4677689857847,0.992086506652502,1622.3288847692604,0.9922865798586358
1622.4802685627708,0.9923375493954698,1622.4802685627708,1.0018979085783368,1622.4691578275167,1.012483507892222,1622.3302736119238,1.0033015476994505
1622.481657404968,0.996216429964494,1622.481657404968,1.0018001146198237,1622.4705466697148,0.9963626636757172,1622.3316624541224,0.9992261434788572
1622.4830462467005,1.0128564004185048,1622.4830462467005,1.0018336294750798,1622.4719355114469,1.0099156525614603,1622.333051296321,1.0180324132185867
1622.4844350884334,0.9940414972483925,1622.4844350884334,1.0017679756279854,1622.4733243531791,1.0038761465302457,1622.3344401389838,1.0101071628518423
1622.485823930632,0.9970511712794818,1622.485823930632,1.001789481091884,1622.474713195376,1.0083536000332731,1622.335828981181,1.0002891683057402
1622.4872127723636,0.9894361969830804,1622.4872127723636,1.0017442808053216,1622.4761020371077,0.9937822358099234,1622.3372178238444,1.012975060032156
1622.4886016140952,0.9960842195523263,1622.4886016140952,1.0016903327135342,1622.4774908793063,0.9912314383510162,1622.338606666043,0.9999691463194346
1622.4899904562928,0.9998829900969896,1622.4899904562928,1.001571666207622,1622.4788797210392,0.9996436196015744,1622.3399955082411,0.9946974484006172
1622.4913792980249,1.0059880926872113,1622.4913792980249,1.0015129326042123,1622.4802685627708,0.9942209153430732,1622.3413843504384,1.00904352638812
1622.4927681397571,1.0026574104816346,1622.4927681397571,1.0015618593526796,1622.481657404968,0.9980097337245816,1622.3427731931015,0.9955906420650924
1622.4941569814894,1.004034344139664,1622.4941569814894,1.001517071672888,1622.4830462467005,1.0147136037683353,1622.3441620353,1.0094971570440108
1622.4955458236875,1.0002578218006744,1622.4955458236875,1.0014538428400854,1622.4844350884334,0.9957989383887338,1622.345550877497,1.011615051539918
1622.4969346654195,0.9982758303651423,1622.4969346654195,1.0014770325397382,1622.485823930632,0.9988353754981272,1622.3469397201604,1.0167054331156766
1622.498323507152,0.9831698156589713,1622.498323507152,1.0013866534584668,1622.4872127723636,0.9911620515495684,1622.348328562359,1.0077208957027348
1622.499712348884,1.0006216425564254,1622.499712348884,1.0014169456710114,1622.4886016140952,0.9977679332940708,1622.3497174045572,1.0076034614295692
1622.5011011910822,0.998603187484672,1622.5011011910822,1.0014909124049403,1622.4899904562928,1.001454472404101,1622.3511062467549,0.986830031695021
1622.5024900328142,0.9903122359782622,1622.5024900328142,1.0014859741654412,1622.4913792980249,1.007510084872087,1622.3524950894175,0.9912377585983568
1622.503878874547,1.0066981642002044,1622.503878874547,1.001494892177659,1622.4927681397571,1.0042234203357288,1622.3538839316154,0.9981854773764368
1622.505267716278,0.9980297382847609,1622.505267716278,1.001453710309055,1622.4941569814894,1.005557536201765,1622.355272773814,1.0079233474965772
1622.5066565580094,1.0016352224861027,1622.5066565580094,1.0013350135898582,1622.4955458236875,1.0017120394731387,1622.3566616160122,1.0027746565421287
1622.5080453997423,1.0036652334295977,1622.5080453997423,1.0013078135258562,1622.4969346654195,0.9997503162502258,1622.358050458675,1.015805443486319
1622.5094342419409,1.0106151888928716,1622.5094342419409,1.0013263964579968,1622.498323507152,0.984533131484115,1622.3594393008725,0.9990788749198586
1622.5108230836724,0.9938191212689911,1622.5108230836724,1.0012869718379447,1622.499712348884,1.002039469061166,1622.36082814307,1.003079863324991
1622.512211925404,0.9877111927000284,1622.512211925404,1.001279298606236,1622.5011011910822,1.0000920173645058,1622.3622169852686,1.007776758534067
1622.5136007671365,0.9939385729975448,1622.5136007671365,1.0013296408160697,1622.5024900328142,0.9917838143766462,1622.3636058274672,1.01074625538937
1622.5149896088694,1.014185832187497,1622.5149896088694,1.0013110964428256,1622.503878874547,1.008203069411131,1622.3649946696644,1.001603915671862
1622.5163784506024,0.991513831926993,1622.5163784506024,1.0012247431055317,1622.505267716278,0.999480584404049,1622.3663835123273,1.0021075646292863
1622.517767292334,1.004030070493795,1622.517767292334,1.001182561857962,1622.5066565580094,1.0029724191202023,1622.3677723545254,1.0028999061749089
1622.5191561340655,0.9997738148892952,1622.5191561340655,1.0011038618137598,1622.5080453997423,1.0049778403973084,1622.369161196724,1.0114437932248852
1622.5205449757975,0.9991000166808272,1622.5205449757975,1.0010806411897046,1622.5094342419409,1.011955665299817,1622.3705500389217,1.0008354959226249
1622.5219338179957,0.9989700649029898,1622.5219338179957,1.0010496370988748,1622.5108230836724,0.9950981384900752,1622.371938881119,1.007724225725527
1622.5233226597277,1.011498917945995,1622.5233226597277,1.0009952327325653,1622.512211925404,0.9889747702522133,1622.3733277233166,0.9988669087751808
1622.5247115014597,1.006548089082836,1622.5247115014597,1.0008857218478595,1622.5136007671365,0.9952601542928684,1622.3747165655147,0.9959738665248032
1622.5261003431922,1.0048727596910738,1622.5261003431922,1.0009896463216712,1622.5149896088694,1.015515527624442,1622.3761054077124,1.0119363647595512
1622.5274891849242,1.0054551269862277,1622.5274891849242,1.0008920591738497,1622.5163784506024,0.992728181656685,1622.3774942499106,1.0069812908445983
1622.528878026657,0.9857304356162618,1622.528878026657,1.0008060958109166,1622.517767292334,1.005217398159408,1622.3788830921085,1.002889168550395
1622.5302668683887,0.9955715849006399,1622.5302668683887,1.0007572583012667,1622.5191561340655,1.0008774270259484,1622.380271934772,1.015310561323593
1622.5316557101212,1.0040895106570136,1622.5316557101212,1.0007360801438876,1622.5205449757975,1.000179685311487,1622.3816607769695,1.0026230385656056
1622.5330445518532,0.9973727301362829,1622.5330445518532,1.0007685538773952,1622.5219338179957,1.0000186209437774,1622.383049619167,1.003090940747749
1622.5344333935857,1.0020518193649044,1622.5344333935857,1.000725561953385,1622.5233226597277,1.0125055947780892,1622.384438461365,0.9993707616115516
1622.5358222353173,1.0004450324348846,1622.5358222353173,1.0006414248545725,1622.5247115014597,1.007439610716258,1622.3858273035637,1.0011519160475428
1622.5372110770488,0.9912883018917353,1622.5372110770488,1.0006790749024763,1622.5261003431922,1.0058672283214496,1622.3872161457614,0.9995001567829098
1622.5385999187818,1.0014360258163533,1622.5385999187818,1.0006813659380185,1622.5274891849242,1.00635205245615,1622.3886049879586,1.001137304723046
1622.539988760049,1.0035266789652975,1622.539988760049,1.0006770240136336,1622.528878026657,0.9865250287911052,1622.3899938301558,1.0073274093360518
1622.5413776017804,0.9928006917308096,1622.5413776017804,1.0006399649328446,1622.5302668683887,0.9963254897478112,1622.3913826723535,1.0095361658824349
1622.5427664435117,0.9829123246515349,1622.5427664435117,1.0007166854155645,1622.5316557101212,1.004828601008494,1622.392771514552,1.004621799797127
1622.5441552852442,0.9980501792159024,1622.5441552852442,1.0008138991395634,1622.5330445518532,0.9981392648152374,1622.3941603567507,1.0037308488010628
1622.5455441269771,0.9917911756017215,1622.5455441269771,1.0008210104598843,1622.5344333935857,1.0027788700403557,1622.3955491984825,1.0007924774649202
1622.54693296871,0.9998556283186485,1622.54693296871,1.0008161347174065,1622.5358222353173,1.001086742744322,1622.3969380406795,1.0099822530173064
1622.5483218104416,0.9896007443165398,1622.5483218104416,1.0007549334262082,1622.5372110770488,0.9919614608986684,1622.3983268828777,1.0064375456943688
1622.5497106521732,1.0026334821416778,1622.5497106521732,1.0008710099081783,1622.5385999187818,1.002118370213449,1622.3997157250762,0.9965718434747932
1622.5510994939052,0.9997590135552923,1622.5510994939052,1.0008985766725662,1622.539988760049,1.004206090625279,1622.401104567274,1.0068602547100454
1622.552488335172,1.0043011238617048,1622.552488335172,1.0008674858862887,1622.5413776017804,0.9934360493588212,1622.4024934094712,1.0033485078167867
1622.553877176904,0.98914477722601,1622.553877176904,1.000876572658724,1622.5427664435117,0.9836167635793912,1622.4038822516693,1.0036094049086166
1622.5552660186363,0.9896547873105067,1622.5552660186363,1.0009786726798715,1622.5441552852442,0.9988624913980074,1622.405271093867,1.007250411053936
1622.5566548603686,1.0068755985561626,1622.5566548603686,1.0010424841083514,1622.5455441269771,0.9926054465309114,1622.406659936065,1.0044864241766722
1622.5580437021008,1.0121177204071925,1622.5580437021008,1.0010677838840805,1622.54693296871,1.0006716452093136,1622.4080487782628,1.0075266670263998
1622.559432543833,1.0049126301063573,1622.559432543833,1.0009754270902083,1622.5483218104416,0.9903478269970248,1622.4094376199948,1.012036061564374
1622.5608213850994,0.9959948264545438,1622.5608213850994,1.001064064126977,1622.5497106521732,1.0035067858388946,1622.410826462193,1.0033074601888978
1622.562210226832,0.9966029859085654,1622.562210226832,1.0010527202494335,1622.5510994939052,1.0006573736830608,1622.4122153043909,1.013415914274068
1622.563599068564,0.9961871430546874,1622.563599068564,1.0010378762188574,1622.552488335172,1.0051723409122386,1622.413604146588,1.0071626071876572
1622.5649879102964,1.0001442877148412,1622.5649879102964,1.0010360898498192,1622.553877176904,0.990011834493246,1622.4149929887851,1.0094007902619804
1622.5663767515623,1.0046157584627613,1622.5663767515623,1.0010282335101974,1622.5552660186363,0.9906233354133516,1622.4163818309837,0.9911876723371744
1622.567765593294,0.9972492444619891,1622.567765593294,1.0011189963112346,1622.5566548603686,1.0079252503667442,1622.4177706727166,0.996868827140148
1622.5691544350268,1.0048053151679261,1622.5691544350268,1.0010410758577377,1622.5580437021008,1.0131984433978356,1622.419159514914,1.0072169749067152
1622.5705432767595,0.9963245060592039,1622.5705432767595,1.0009272839461436,1622.559432543833,1.0058928491090555,1622.420548357111,1.0061298244045005
1622.5719321180256,0.9914486305178472,1622.5719321180256,1.0009697244951532,1622.5608213850994,0.9970546288200288,1622.4219371993088,1.0057733080867768
1622.5733209597572,1.0022312162164433,1622.5733209597572,1.000963659410614,1622.562210226832,0.9976521300524772,1622.4233260410415,0.9953959376712158
1622.5747098014892,0.9981492099152949,1622.5747098014892,1.0010625217929952,1622.563599068564,0.9972210619999954,1622.4247148832403,0.9909260956488564
1622.5760986427556,1.0095889250122179,1622.5760986427556,1.0010222781954148,1622.5649879102964,1.0011805270596972,1622.4261037254375,1.0019387528616108
1622.5774874844883,1.002183420655774,1622.5774874844883,1.0010551352731278,1622.5663767515623,1.005648738050485,1622.4274925676348,0.986920078229711
1622.578876326221,1.0123134934744222,1622.578876326221,1.0010110027124117,1622.567765593294,0.9983651626879236,1622.4288814093672,0.9981875841255504
1622.580265167487,0.9989446969209864,1622.580265167487,1.0009443021026705,1622.5691544350268,1.005851393723274,1622.430270251565,1.000326614072241
1622.581654009219,1.002110495257678,1622.581654009219,1.0009800082189442,1622.5705432767595,0.997248381778822,1622.431659093763,0.991359474329398
1622.5830428504858,0.9933861547029699,1622.5830428504858,1.001023936495116,1622.5719321180256,0.9924100625405464,1622.4330479359608,1.0157321150252396
1622.5844316922178,1.0089680567125279,1622.5844316922178,1.0010515224303784,1622.5733209597572,1.0031970257595613,1622.4344367776932,0.987968151933853
1622.5858205339505,1.005467669776547,1622.5858205339505,1.001112556497558,1622.5747098014892,0.9992097652034908,1622.435825619891,1.003282179199536
1622.5872093752166,1.0059418547512713,1622.5872093752166,1.0010801142479848,1622.5760986427556,1.01062100575659,1622.437214462089,0.9994336922463614
1622.588598216949,0.9871745923466567,1622.588598216949,1.001023339696417,1622.5774874844883,1.0032408597330518,1622.438603303821,0.9958002296220616
1622.5899870582157,0.9918634835746671,1622.5899870582157,1.0010729577493118,1622.578876326221,1.013336945162136,1622.4399921460188,0.9994631867339504
1622.591375899947,1.0069102657252307,1622.591375899947,1.0010412256428622,1622.580265167487,0.9998880024987404,1622.4413809877512,0.9913719109451326
1622.592764741679,1.000528612857798,1622.592764741679,1.0010904930039677,1622.581654009219,1.0030925717793209,1622.442769829949,1.0057854728639162
1622.5941535829463,1.0021539722285655,1622.5941535829463,1.001110252757783,1622.5830428504858,0.994403319040513,1622.4441586721462,1.009637221880234
1622.5955424246788,0.9911069767335363,1622.5955424246788,1.0009918846741896,1622.5844316922178,1.0100290092556965,1622.4455475138775,1.0006058602692534
1622.5969312659447,0.993154543609659,1622.5969312659447,1.0010432029302043,1622.5858205339505,1.0065863093656415,1622.4469363560763,1.015507780224476
1622.5983201076765,1.0008320247947133,1622.5983201076765,1.0009651805800117,1622.5872093752166,1.0070283868812324,1622.448325198275,0.9934046520010652
1622.5997089489435,1.0034559772237077,1622.5997089489435,1.0009226683326837,1622.588598216949,0.9881848072942994,1622.4497140400065,1.0145427532111952
1622.6010977906765,1.0068486539300474,1622.6010977906765,1.0008168331425882,1622.5899870582157,0.992927711185628,1622.4511028822037,1.0043936592560294
1622.6024866319424,0.9993898321154385,1622.6024866319424,1.0008448043472369,1622.591375899947,1.007958686513965,1622.4524917239362,1.0041729942763025
1622.603875473674,0.9952562329690802,1622.603875473674,1.0009254267937628,1622.592764741679,1.001619682310389,1622.4538805661348,1.0042699726951725
1622.6052643149403,1.0003795507485491,1622.6052643149403,1.000939189564995,1622.5941535829463,1.0032666164399555,1622.4552694078675,1.0018717446478718
1622.6066531562071,0.9944033426924443,1622.6066531562071,1.0009504103050233,1622.5955424246788,0.9920900405542408,1622.4566582500647,0.994898608961132
1622.60804199794,1.006158398581229,1622.60804199794,1.0009196439203307,1622.5969312659447,0.9941906053396984,1622.458047091796,1.0024447124470952
1622.6094308392064,0.9986762948995783,1622.6094308392064,1.0009183861536006,1622.5983201076765,1.001798008428899,1622.4594359339942,0.9868490603966912
1622.610819680938,1.000440504195408,1622.610819680938,1.0009369649474795,1622.5997089489435,1.0043818342771342,1622.4608247757262,1.013064359010709
1622.6122085222044,0.998287602042349,1622.6122085222044,1.0009481843440033,1622.6010977906765,1.0076710812801477,1622.4622136179244,1.0014576665075958
1622.6135973634712,0.9987147550786546,1622.6135973634712,1.0009766040981716,1622.6024866319424,1.000234120990194,1622.4636024596564,0.9972639445384024
1622.6149862052032,0.9937866760542725,1622.6149862052032,1.001039558829997,1622.603875473674,0.9961772697537292,1622.4649913018543,1.005124973037009
1622.61637504647,0.9943150772024136,1622.61637504647,1.0010606578020762,1622.6052643149403,1.0013190967836465,1622.4663801435863,0.9946835166726086
1622.617763888202,1.0124521130396364,1622.617763888202,1.0009430871331981,1622.6066531562071,0.9953484338766888,1622.4677689857847,0.992086506652502
1622.6191527294689,0.9971053025161921,1622.6191527294689,1.0009609690051695,1622.60804199794,1.007083706035374,1622.4691578275167,1.012483507892222
1622.6205415707352,0.9993763441460145,1622.6205415707352,1.0009435187151239,1622.6094308392064,0.9995934653807432,1622.4705466697148,0.9963626636757172
1622.6219304124668,1.0028319243516224,1622.6219304124668,1.0009697106422843,1622.610819680938,1.001377881879878,1622.4719355114469,1.0099156525614603
1622.6233192537336,0.9957074138659773,1622.6233192537336,1.0009172981372327,1622.6122085222044,0.9992341627174182,1622.4733243531791,1.0038761465302457
1622.6247080950009,1.001443991483711,1622.6247080950009,1.0009913382005526,1622.6135973634712,0.9996901040013688,1622.474713195376,1.0083536000332731
1622.626096936733,1.0021083229041299,1622.626096936733,1.000924805224251,1622.6149862052032,0.994819775768498,1622.4761020371077,0.9937822358099234
1622.6274857779988,1.0079582048435205,1622.6274857779988,1.0008701007807108,1622.61637504647,0.9953697052467704,1622.4774908793063,0.9912314383510162
1622.6288746192647,1.0132122446315073,1622.6288746192647,1.0009490840749056,1622.617763888202,1.0134069436004234,1622.4788797210392,0.9996436196015744
1622.630263460532,0.9977830881379955,1622.630263460532,1.0008473646815785,1622.6191527294689,0.9980634898068004,1622.4802685627708,0.9942209153430732
1622.631652302265,0.9887058339549761,1622.631652302265,1.0008357120478655,1622.6205415707352,1.0003192744301683,1622.481657404968,0.9980097337245816
1622.6330411435308,0.9993306404965896,1622.6330411435308,1.0007983376145544,1622.6219304124668,1.0038043811410886,1622.4830462467005,1.0147136037683353
1622.6344299847967,1.0044535535152974,1622.6344299847967,1.0008202002084992,1622.6233192537336,0.9966207744219454,1622.4844350884334,0.9957989383887338
1622.635818826063,0.9934533740282281,1622.635818826063,1.0007203359129409,1622.6247080950009,1.0024367611681828,1622.485823930632,0.9988353754981272
1622.6372076677956,0.9762352320437254,1622.6372076677956,1.000708906419678,1622.626096936733,1.003035077916417,1622.4872127723636,0.9911620515495684
1622.6385965090628,1.0176918161373363,1622.6385965090628,1.0007386175117643,1622.6274857779988,1.0088352300644787,1622.4886016140952,0.9977679332940708
1622.6399853503292,0.9984181803489773,1622.6399853503292,1.0007447153882314,1622.6288746192647,1.0141738682373864,1622.4899904562928,1.001454472404101
1622.641374191595,0.9965016350856402,1622.641374191595,1.000639705501156,1622.630263460532,0.99862857428676,1622.4913792980249,1.007510084872087
1622.6427630328617,1.002211680771894,1622.6427630328617,1.0007217642293882,1622.631652302265,0.9895321073322072,1622.4927681397571,1.0042234203357288
1622.644151874594,0.9954390993462269,1622.644151874594,1.0007423718073496,1622.6330411435308,1.0001284437362747,1622.4941569814894,1.005557536201765
1622.6455407158603,1.0004580138817658,1622.6455407158603,1.0007997567971716,1622.6344299847967,1.0052774065293184,1622.4955458236875,1.0017120394731387
1622.6469295571271,0.9966014085073028,1622.6469295571271,1.000804860541972,1622.635818826063,0.9941689941713728,1622.4969346654195,0.9997503162502258
1622.6483183983937,1.0011578547024682,1622.6483183983937,1.0008036176444643,1622.6372076677956,0.976927291466837,1622.498323507152,0.984533131484115
1622.6497072396603,0.9880633438522003,1622.6497072396603,1.000688032726905,1622.6385965090628,1.0184435011343145,1622.499712348884,1.002039469061166
1622.6510960809262,1.011837060958265,1622.6510960809262,1.0005741377291932,1622.6399853503292,0.9991617177317732,1622.5011011910822,1.0000920173645058
1622.652484922192,0.9948260333386374,1622.652484922192,1.00055818101806,1622.641374191595,0.9971391026635154,1622.5024900328142,0.9917838143766462
1622.6538737634594,0.9888605315777746,1622.6538737634594,1.0004475370628803,1622.6427630328617,1.0029350413133502,1622.503878874547,1.008203069411131
1622.6552626047269,0.9978380577503291,1622.6552626047269,1.0005550810924966,1622.644151874594,0.996178085269515,1622.505267716278,0.999480584404049
1622.656651446459,1.0036548518720145,1622.656651446459,1.0006464660712433,1622.6455407158603,1.0012581369786526,1622.5066565580094,1.0029724191202023
1622.6580402877246,1.0117909361499982,1622.6580402877246,1.0005680992488442,1622.6469295571271,0.997403533657084,1622.5080453997423,1.0049778403973084
1622.6594291289905,1.0015219550262837,1622.6594291289905,1.0005302310172361,1622.6483183983937,1.0019624028194012,1622.5094342419409,1.011955665299817
1622.6608179702578,0.9982358615818206,1622.6608179702578,1.0005405270706162,1622.6497072396603,0.9887431637690258,1622.5108230836724,0.9950981384900752
1622.662206811525,1.0088015784741493,1622.662206811525,1.0004818855784559,1622.6510960809262,1.012417994790757,1622.512211925404,0.9889747702522133
1622.663595652791,1.0105620126243628,1622.663595652791,1.000560460281765,1622.652484922192,0.9953813263467188,1622.5136007671365,0.9952601542928684
1622.6649844940569,1.0059081701502823,1622.6649844940569,1.0005268743178084,1622.6538737634594,0.9893030833156752,1622.5149896088694,1.015515527624442
1622.6663733353232,1.0029600828679597,1622.6663733353232,1.0004341678529889,1622.6552626047269,0.9983919387895598,1622.5163784506024,0.992728181656685
1622.66776217659,1.0026361935389714,1622.66776217659,1.0005504783391532,1622.656651446459,1.0043036806809884,1622.517767292334,1.005217398159408
1622.6691510178573,1.0073865468826415,1622.6691510178573,1.000528007368042,1622.6580402877246,1.0123657338208123,1622.5191561340655,1.0008774270259484
1622.6705398591237,1.0134457944258795,1622.6705398591237,1.0004851193778268,1622.6594291289905,1.0020529930312816,1622.5205449757975,1.000179685311487
1622.6719287003896,1.0049556041591272,1622.6719287003896,1.000502193114884,1622.6608179702578,0.9987754350878656,1622.5219338179957,1.0000186209437774
1622.6733175416564,0.9992573819459555,1622.6733175416564,1.0004267867072358,1622.662206811525,1.0092877054063396,1622.5233226597277,1.0125055947780892
1622.674706382457,1.0127298990611082,1622.674706382457,1.0004673521662426,1622.663595652791,1.0111283924946994,1622.5247115014597,1.007439610716258
1622.6760952237237,0.9971106203507328,1622.6760952237237,1.0003811388309234,1622.6649844940569,1.0064381573312082,1622.5261003431922,1.0058672283214496
1622.6774840649905,0.9987404535373345,1622.6774840649905,1.0003470136201604,1622.6663733353232,1.003395535893772,1622.5274891849242,1.00635205245615
1622.6788729062566,0.9957972985826554,1622.6788729062566,1.0003505909194623,1622.66776217659,1.0031881230455657,1622.528878026657,0.9865250287911052
1622.6802617475234,1.0089026503713716,1622.6802617475234,1.0004705724295986,1622.6691510178573,1.007918454401862,1622.5302668683887,0.9963254897478112
1622.6816505887894,1.0069016918530294,1622.6816505887894,1.0005689235874349,1622.6705398591237,1.0139374366191325,1622.5316557101212,1.004828601008494
1622.6830394300553,0.9963820864779629,1622.6830394300553,1.000483733593075,1622.6719287003896,1.0054602859443,1622.5330445518532,0.9981392648152374
1622.6844282713223,0.9970550581250739,1622.6844282713223,1.0003907418315297,1622.6733175416564,0.9996838517136774,1622.5344333935857,1.0027788700403557
1622.6858171125898,1.0179939131907592,1622.6858171125898,1.000345976299297,1622.674706382457,1.0132032005732532,1622.5358222353173,1.001086742744322
1622.6872059533905,1.0016719507384926,1622.6872059533905,1.0004148721485957,1622.6760952237237,0.9974906579268746,1622.5372110770488,0.9919614608986684
1622.6885947946564,0.9957323028967079,1622.6885947946564,1.0004033981418026,1622.6774840649905,0.9990870300777172,1622.5385999187818,1.002118370213449
1622.6899836359223,0.995060739636804,1622.6899836359223,1.000475846248279,1622.6788729062566,0.9961464160731636,1622.539988760049,1.004206090625279
1622.6913724771896,0.9981631407110172,1622.6913724771896,1.0004447072316756,1622.6802617475234,1.0093774121427854,1622.5413776017804,0.9934360493588212
1622.6927613184569,1.0051331673425228,1622.6927613184569,1.0003489772011949,1622.6816505887894,1.0074745419757527,1622.5427664435117,0.9836167635793912
1622.694150159257,0.9981824603276241,1622.694150159257,1.0003093297279178,1622.6830394300553,0.9968640699647304,1622.5441552852442,0.9988624913980074
1622.695539000523,0.9913089187084152,1622.695539000523,1.000322821294679,1622.6844282713223,0.9974446492446216,1622.5455441269771,0.9926054465309114
1622.6969278417894,1.0053026441986648,1622.6969278417894,1.0003303424755514,1622.6858171125898,1.0183461149575517,1622.54693296871,1.0006716452093136
1622.6983166830562,1.00553476058791,1622.6983166830562,1.0003468582717652,1622.6872059533905,1.0020875165328835,1622.5483218104416,0.9903478269970248
1622.6997055238578,1.0155224450795988,1622.6997055238578,1.000348203511956,1622.6885947946564,0.9961339794574292,1622.5497106521732,1.0035067858388946
1622.7010943651242,1.0022108094792925,1622.7010943651242,1.0003931467279157,1622.6899836359223,0.9955342355565698,1622.5510994939052,1.0006573736830608
1622.70248320639,1.0101605753990575,1622.70248320639,1.0003667256389857,1622.6913724771896,0.9986070310780834,1622.552488335172,1.0051723409122386
1622.703872047657,0.9984180538394097,1622.703872047657,1.0003903475501037,1622.6927613184569,1.0054839359020902,1622.553877176904,0.990011834493246
1622.7052608884576,0.9950171581108681,1622.7052608884576,1.0002662739495598,1622.694150159257,0.9984912278364896,1622.5552660186363,0.9906233354133516
1622.7066497297244,1.0056073712628077,1622.7066497297244,1.0002295511102954,1622.695539000523,0.9916289343369796,1622.5566548603686,1.0079252503667442
1622.7080385709908,1.001340579221799,1622.7080385709908,1.0002021735750242,1622.6969278417894,1.0056347383628277,1622.5580437021008,1.0131984433978356
1622.709427411792,1.0053880489498999,1622.709427411792,1.000189871504285,1622.6983166830562,1.0058835386371672,1622.559432543833,1.0058928491090555
1622.7108162530585,1.002895446171486,1622.7108162530585,1.0001827327466433,1622.6997055238578,1.0158760535614455,1622.5608213850994,0.9970546288200288
1622.7122050943242,1.004049052852248,1622.7122050943242,1.0000706468451628,1622.7010943651242,1.002604825379721,1622.562210226832,0.9976521300524772
1622.7135939351244,0.9894003472695694,1622.7135939351244,1.0000165398960918,1622.70248320639,1.0105310271815489,1622.563599068564,0.9972210619999954
1622.7149827763917,1.0030931131809078,1622.7149827763917,1.0001163969234228,1622.703872047657,0.9988077838807052,1622.5649879102964,1.0011805270596972
1622.716371617193,1.0015439153130468,1622.716371617193,1.0001336661279037,1622.7052608884576,0.995282105259438,1622.5663767515623,1.005648738050485
1622.7177604584597,1.0012100968929094,1622.7177604584597,1.0000295193400017,1622.7066497297244,1.0058382095514025,1622.567765593294,0.9983651626879236
1622.7191492997256,0.9964211554025043,1622.7191492997256,1.0000132531336265,1622.7080385709908,1.001543023826517,1622.5691544350268,1.005851393723274
1622.7205381405258,0.9905595945091492,1622.7205381405258,1.0000452755412985,1622.709427411792,1.0055789434911442,1622.5705432767595,0.997248381778822
1622.7219269817926,1.0024695548328577,1622.7219269817926,1.0000462650720712,1622.7108162530585,1.003078708010961,1622.5719321180256,0.9924100625405464
1622.7233158225945,0.9992578583340376,1622.7233158225945,1.0000591911234944,1622.7122050943242,1.0041199857502208,1622.5733209597572,1.0031970257595613
1622.7247046638606,0.9985946974115413,1622.7247046638606,1.000106471485518,1622.7135939351244,0.9894167118485064,1622.5747098014892,0.9992097652034908
1622.7260935046609,0.9934557065622436,1622.7260935046609,1.0000372650169012,1622.7149827763917,1.0032098701331886,1622.5760986427556,1.01062100575659
1622.7274823459277,0.9989740502225243,1622.7274823459277,1.0000224806669966,1622.716371617193,1.0016777878101322,1622.5774874844883,1.0032408597330518
1622.7288711867284,1.003533603133687,1622.7288711867284,1.0000802075689812,1622.7177604584597,1.0012396519541729,1622.578876326221,1.013336945162136
1622.7302600279947,1.0008668343604101,1622.7302600279947,1.0001983970767785,1622.7191492997256,0.9964343611052252,1622.580265167487,0.9998880024987404
1622.731648868796,0.9959676564794605,1622.731648868796,1.000118617895054,1622.7205381405258,0.990604442630979,1622.581654009219,1.0030925717793209
1622.7330377100625,0.989673674068526,1622.7330377100625,1.0001556651855013,1622.7219269817926,1.0025159341590613,1622.5830428504858,0.994403319040513
1622.7344265508634,1.006444588851186,1622.7344265508634,1.0001480381518566,1622.7233158225945,0.999317005529333,1622.5844316922178,1.0100290092556965
1622.7358153921298,0.9836763894759889,1622.7358153921298,1.0001637805324004,1622.7247046638606,0.998701019272405,1622.5858205339505,1.0065863093656415
1622.73720423293,0.9999226336072796,1622.73720423293,1.0000938878511487,1622.7260935046609,0.9934927277059392,1622.5872093752166,1.0070283868812324
1622.7385930741968,0.9847631538590567,1622.7385930741968,1.0000575766703077,1622.7274823459277,0.9989965078254855,1622.588598216949,0.9881848072942994
1622.7399819149985,1.0041109339905523,1622.7399819149985,1.0000159858865727,1622.7288711867284,1.0036140941243854,1622.5899870582157,0.992927711185628
1622.7413707557992,1.0034871575862334,1622.7413707557992,1.0001362476106934,1622.7302600279947,1.0010654034145918,1622.591375899947,1.007958686513965
1622.742759597065,0.9894251447521837,1622.742759597065,1.0001842785495547,1622.731648868796,0.996085796066414,1622.592764741679,1.001619682310389
1622.7441484378653,1.0068173171719472,1622.7441484378653,1.0001756882831776,1622.7330377100625,0.9898277318045856,1622.5941535829463,1.0032666164399555
1622.7455372791326,1.002986598868631,1622.7455372791326,1.0002311438463594,1622.7344265508634,1.0065935810480655,1622.5955424246788,0.9920900405542408
1622.7469261199342,1.0041845474716173,1622.7469261199342,1.0003011601632459,1622.7358153921298,0.983837496518767,1622.5969312659447,0.9941906053396984
1622.748314960735,0.9923449270210628,1622.748314960735,1.000208016007101,1622.73720423293,1.000016514194664,1622.5983201076765,1.001798008428899
1622.7497038020008,1.0047597041812921,1622.7497038020008,1.0002396262291096,1622.7385930741968,0.9848198532424975,1622.5997089489435,1.0043818342771342
1622.751092642801,0.9943181188979129,1622.751092642801,1.0001479520285124,1622.7399819149985,1.0041269855940496,1622.6010977906765,1.0076710812801477
1622.7524814836022,0.9914350624590178,1622.7524814836022,1.0000542033302275,1622.7413707557992,1.003623880313816,1622.6024866319424,1.000234120990194
1622.7538703248697,1.0025914399628213,1622.7538703248697,0.9999259094710762,1622.742759597065,0.9896074745827516,1622.603875473674,0.9961772697537292
1622.7552591656702,0.9960209873673901,1622.7552591656702,0.9999140720879319,1622.7441484378653,1.0069942031778747,1622.6052643149403,1.0013190967836465
1622.7566480064704,0.9983044864232503,1622.7566480064704,0.9999193873943015,1622.7455372791326,1.0032184330489404,1622.6066531562071,0.9953484338766888
1622.7580368472716,0.9991737762895688,1622.7580368472716,0.9999380078405768,1622.7469261199342,1.0044869678538628,1622.60804199794,1.007083706035374
1622.759425688538,1.0086937110991208,1622.759425688538,0.9999354825291894,1622.748314960735,0.9925513506504486,1622.6094308392064,0.9995934653807432
1622.760814529339,0.9964203698395866,1622.760814529339,0.9998631747386106,1622.7497038020008,1.0050004709603664,1622.610819680938,1.001377881879878
1622.7622033701398,0.9929042083416959,1622.7622033701398,0.9998954727178709,1622.751092642801,0.9944652302805904,1622.6122085222044,0.9992341627174182
1622.7635922109405,0.9975289049013031,1622.7635922109405,0.9998948928399372,1622.7524814836022,0.9914888015411074,1622.6135973634712,0.9996901040013688
1622.7649810522073,0.9967080406765867,1622.7649810522073,0.9998688758744736,1622.7538703248697,1.00251715743274,1622.6149862052032,0.994819775768498
1622.766369893008,0.9905956148188736,1622.766369893008,0.9998900194411582,1622.7552591656702,0.9959354013635696,1622.61637504647,0.9953697052467704
1622.7677587338085,1.0033475852582165,1622.7677587338085,0.9999570285567032,1622.7566480064704,0.9982240104973192,1622.617763888202,1.0134069436004234
1622.7691475746094,1.0117623833481484,1622.7691475746094,0.9999945639201178,1622.7580368472716,0.9991118353495376,1622.6191527294689,0.9980634898068004
1622.770536415411,1.0087081226553394,1622.770536415411,1.0000101959849261,1622.759425688538,1.0086286327320582,1622.6205415707352,1.0003192744301683
1622.7719252566774,1.0007445124595478,1622.7719252566774,0.9999678645046872,1622.760814529339,0.9962840343620296,1622.6219304124668,1.0038043811410886
1622.7733140974776,0.9998406672659687,1622.7733140974776,1.0000473427760257,1622.7622033701398,0.9928004227633834,1622.6233192537336,0.9966207744219454
1622.774702938278,0.9932598733974162,1622.774702938278,1.0000942401788218,1622.7635922109405,0.9974240574710284,1622.6247080950009,1.0024367611681828
1622.7760917790797,0.9891055515886565,1622.7760917790797,1.0002190831379307,1622.7649810522073,0.9965773482063478,1622.626096936733,1.003035077916417
1622.777480619881,1.0036833992040843,1622.777480619881,1.0001369238269044,1622.766369893008,0.9904866685595696,1622.6274857779988,1.0088352300644787
1622.778869460682,0.991700501449013,1622.778869460682,1.0002335391391108,1622.7677587338085,1.0033044699643496,1622.6288746192647,1.0141738682373864
1622.780258301482,1.0119770959239578,1622.780258301482,1.0003657719862098,1622.7691475746094,1.0117568833270107,1622.630263460532,0.99862857428676
1622.7816471422825,1.0062813940462718,1622.7816471422825,1.000334483493099,1622.770536415411,1.0087184074281528,1622.631652302265,0.9895321073322072
1622.783035983549,0.995518237581578,1622.783035983549,1.0003351434067136,1622.7719252566774,1.0007123530389583,1622.6330411435308,1.0001284437362747
1622.7844248243507,0.9914361756804788,1622.7844248243507,1.0002309590419838,1622.7733140974776,0.9998880024987404,1622.6344299847967,1.0052774065293184
1622.7858136651514,1.003800227144564,1622.7858136651514,1.0001588381729478,1622.774702938278,0.9933534783855016,1622.635818826063,0.9941689941713728
1622.7872025059517,0.9936556645576693,1622.7872025059517,1.0002359883639256,1622.7760917790797,0.9893222479366433,1622.6372076677956,0.976927291466837
1622.7885913467528,1.0022559757037701,1622.7885913467528,1.0002040430656531,1622.777480619881,1.0038208273761038,1622.6385965090628,1.0184435011343145
1622.7899801875535,0.9984375412422475,1622.7899801875535,1.000095631198071,1622.778869460682,0.9919321023303772,1622.6399853503292,0.9991617177317732
1622.791369028355,0.9959813757283847,1622.791369028355,1.0000626731348377,1622.780258301482,1.0123472487963328,1622.641374191595,0.9971391026635154
1622.7927578691554,1.0051851870526325,1622.7927578691554,1.0000535446361472,1622.7816471422825,1.0066179785619929,1622.6427630328617,1.0029350413133502
1622.7941467099563,0.9938185560304663,1622.7941467099563,0.9999486149015556,1622.783035983549,0.9958518789551666,1622.644151874594,0.996178085269515
1622.7955355507572,0.9885745496100852,1622.7955355507572,0.9998984010960148,1622.7844248243507,0.991665156829802,1622.6455407158603,1.0012581369786526
1622.796924391558,0.995987960819051,1622.796924391558,0.9998130137189989,1622.7858136651514,1.0039596689386483,1622.6469295571271,0.997403533657084
1622.7983132323582,0.990591377732709,1622.7983132323582,0.999821369049019,1622.7872025059517,0.9938901557322536,1622.6483183983937,1.0019624028194012
1622.799702073159,0.9993735922383423,1622.799702073159,0.9997825525107303,1622.7885913467528,1.002460479085622,1622.6497072396603,0.9887431637690258
1622.801090913961,0.9933104432891751,1622.801090913961,0.999678113210982,1622.7899801875535,0.9985330230205156,1622.6510960809262,1.012417994790757
1622.802479754296,0.9846924838350909,1622.802479754296,0.9997282967867701,1622.791369028355,0.9960437970034416,1622.652484922192,0.9953813263467188
1622.8038685950962,1.005887128058417,1622.8038685950962,0.9997975293433005,1622.7927578691554,1.0052390093277337,1622.6538737634594,0.9893030833156752
1622.8052574358965,1.014071187943374,1622.8052574358965,0.9998259511309964,1622.7941467099563,0.9937674885661288,1622.6552626047269,0.9983919387895598
1622.806646276698,1.0044285439947702,1622.806646276698,0.9997367135431938,1622.7955355507572,0.9884741115193372,1622.656651446459,1.0043036806809884
1622.8080351174997,0.9993905819591556,1622.8080351174997,0.9996476422364756,1622.796924391558,0.9958017247343356,1622.6580402877246,1.0123657338208123
1622.8094239583,0.9972510304789302,1622.8094239583,0.9997064245290465,1622.7983132323582,0.990414427452871,1622.6594291289905,1.0020529930312816
1622.8108127991002,1.0012841047182284,1622.8108127991002,0.9997081411336848,1622.799702073159,0.9991562809598676,1622.6608179702578,0.9987754350878656
1622.812201639901,1.0159955811873649,1622.812201639901,0.9997343272611008,1622.801090913961,0.9929907097800866,1622.662206811525,1.0092877054063396
1622.8135904802364,0.995706837041543,1622.8135904802364,0.9996534290407101,1622.802479754296,0.9844249397231896,1622.663595652791,1.0111283924946994
1622.814979321038,1.0047738881432053,1622.814979321038,0.9996229980306806,1622.8038685950962,1.0056834654310334,1622.6649844940569,1.0064381573312082
1622.816368161839,0.9986737752767557,1622.816368161839,0.9996983950169045,1622.8052574358965,1.0138946900000232,1622.6663733353232,1.003395535893772
1622.817757002639,0.9869403753714876,1622.817757002639,0.9997128125375244,1622.806646276698,1.004164091562307,1622.66776217659,1.0031881230455657
1622.81914584344,0.9930037482181435,1622.81914584344,0.999674105929855,1622.8080351174997,0.9990384389288092,1622.6691510178573,1.007918454401862
1622.8205346837751,1.0096988550412558,1622.8205346837751,0.9997131443881754,1622.8094239583,0.9969582620379984,1622.6705398591237,1.0139374366191325
1622.8219235245765,0.998203936418978,1622.8219235245765,0.9998306381910911,1622.8108127991002,1.0009918710745658,1622.6719287003896,1.0054602859443
1622.823312365377,0.9957906344664421,1622.823312365377,0.9997438139426955,1622.812201639901,1.0157256588586014,1622.6733175416564,0.9996838517136774
1622.824701206178,1.0035927080654248,1622.824701206178,0.9997492251508149,1622.8135904802364,0.995361753967858,1622.674706382457,1.0132032005732532
1622.8260900465132,1.00370307788308,1622.8260900465132,0.9996755820888966,1622.814979321038,1.0043950864086546,1622.6760952237237,0.9974906579268746
1622.8274788873143,1.01618935220609,1622.8274788873143,0.9996567828814852,1622.816368161839,0.9983725702896454,1622.6774840649905,0.9990870300777172
1622.8288677281143,1.0051286399622967,1622.8288677281143,0.9996319183259419,1622.817757002639,0.98665693846947,1622.6788729062566,0.9961464160731636
1622.8302565684496,0.9928144775233511,1622.8302565684496,0.9995817742625962,1622.81914584344,0.9926801341849674,1622.6802617475234,1.0093774121427854
1622.8316454092512,0.9964446461964549,1622.8316454092512,0.9995917187736794,1622.8205346837751,1.0094092172584344,1622.6816505887894,1.0074745419757527
1622.833034250052,1.000842835068821,1622.833034250052,0.9995378566366236,1622.8219235245765,0.998034878794646,1622.6830394300553,0.9968640699647304
1622.8344230903865,0.9914126386793295,1622.8344230903865,0.9995289160203936,1622.823312365377,0.9955355267898974,1622.6844282713223,0.9974446492446216
1622.8358119311868,1.00752035038976,1622.8358119311868,0.9994215922297458,1622.824701206178,1.0033410322554164,1622.6858171125898,1.0183461149575517
1622.8372007719884,0.9895198853540236,1622.8372007719884,0.9993682071705919,1622.8260900465132,1.003377458627185,1622.6872059533905,1.0020875165328835
1622.8385896123243,1.0011818404335728,1622.8385896123243,0.9993902170002835,1622.8274788873143,1.0158405786247604,1622.6885947946564,0.9961339794574292
1622.8399784531246,1.0142067943281594,1622.8399784531246,0.9994023923204495,1622.8288677281143,1.0047586705298557,1622.6899836359223,0.9955342355565698
1622.8413672934591,0.9965850861592228,1622.8413672934591,0.9994057116641385,1622.8302565684496,0.9923992569563836,1622.6913724771896,0.9986070310780834
1622.8427561342603,0.9958691167903493,1622.8427561342603,0.9993769786936141,1622.8316454092512,0.9960378165543452,1622.6927613184569,1.0054839359020902
1622.844144975061,0.9995293661684259,1622.844144975061,0.9993758499411525,1622.833034250052,1.0003803021948112,1622.694150159257,0.9984912278364896
1622.845533815397,1.0111851552387459,1622.845533815397,0.9993726650395298,1622.8344230903865,0.9909456000680684,1622.695539000523,0.9916289343369796
1622.846922656198,0.9929038184255986,1622.846922656198,0.9994886155503815,1622.8358119311868,1.0069375927904054,1622.6969278417894,1.0056347383628277
1622.8483114965322,0.9965505843469052,1622.8483114965322,0.9994548378342106,1622.8372007719884,0.9888947137859002,1622.6983166830562,1.0058835386371672
1622.8497003373334,1.0100075517482499,1622.8497003373334,0.9995218461433493,1622.8385896123243,1.0005713367676516,1622.6997055238578,1.0158760535614455
1622.8510891776684,0.9984927472439146,1622.8510891776684,0.999549403667079,1622.8399784531246,1.0136006965592166,1622.7010943651242,1.002604825379721
1622.8524780184696,1.0053176554755832,1622.8524780184696,0.9996592783759819,1622.8413672934591,0.9959928272668248,1622.70248320639,1.0105310271815489
1622.8538668588046,1.013027329807911,1622.8538668588046,0.9996342400641235,1622.8427561342603,0.9952486691122172,1622.703872047657,0.9988077838807052
1622.8552556996058,1.007897016671364,1622.8552556996058,0.999598096810674,1622.844144975061,0.998905509855712,1622.7052608884576,0.995282105259438
1622.8566445399408,0.9911758537919337,1622.8566445399408,0.999604786730862,1622.845533815397,1.0105508034393562,1622.7066497297244,1.0058382095514025
1622.858033380741,0.9996057110822403,1622.858033380741,0.9996995548849649,1622.846922656198,0.992396062852889,1622.7080385709908,1.001543023826517
1622.8594222210756,1.0059954314401607,1622.8594222210756,0.9997601500297011,1622.8483114965322,0.996007302672024,1622.709427411792,1.0055789434911442
1622.8608110618773,1.0012256292467712,1622.8608110618773,0.9997175890521112,1622.8497003373334,1.0095246127421351,1622.7108162530585,1.003078708010961
1622.8621999022132,0.9874633137755346,1622.8621999022132,0.9997968016094271,1622.8510891776684,0.9980428300735582,1622.7122050943242,1.0041199857502208
1622.8635887425485,0.9954535521975436,1622.8635887425485,0.9997801175429024,1622.8524780184696,1.0049751220113554,1622.7135939351244,0.9894167118485064
1622.8649775833485,0.9850235272576847,1622.8649775833485,0.9998842999425013,1622.8538668588046,1.0126568049967195,1622.7149827763917,1.0032098701331886
1622.866366423683,1.006894518903198,1622.866366423683,0.9997794161569772,1622.8552556996058,1.0074919396458517,1622.716371617193,1.0016777878101322
1622.867755264485,1.0010543932747176,1622.867755264485,0.9997078783190172,1622.8566445399408,0.990784127942466,1622.7177604584597,1.0012396519541729
1622.8691441048206,1.0057896235983819,1622.8691441048206,0.999806816627143,1622.858033380741,0.9993053844293844,1622.7191492997256,0.9964343611052252
1622.8705329451552,1.0026662907395403,1622.8705329451552,0.9998028691122011,1622.8594222210756,1.0057541434658088,1622.7205381405258,0.990604442630979
1622.8719217859557,1.0114159857681186,1622.8719217859557,0.999800584250056,1622.8608110618773,1.000942872167765,1622.7219269817926,1.0025159341590613
1622.873310626291,0.9931712429095043,1622.873310626291,0.9997328972084186,1622.8621999022132,0.9872626628194257,1622.7233158225945,0.999317005529333
1622.874699466626,1.0001655398739755,1622.874699466626,0.9997273328971091,1622.8635887425485,0.9952346694245598,1622.7247046638606,0.998701019272405
1622.8760883074276,0.9879245759255043,1622.8760883074276,0.9996531044536089,1622.8649775833485,0.9849095599789434,1622.7260935046609,0.9934927277059392
1622.877477147763,0.9915437617895811,1622.877477147763,0.99973607468447,1622.866366423683,1.0066724142406998,1622.7274823459277,0.9989965078254855
1622.8788659880977,0.9889156896190736,1622.8788659880977,0.9997825895242447,1622.867755264485,1.0007619635825988,1622.7288711867284,1.0036140941243854
1622.8802548284327,1.0162075704409848,1622.8802548284327,0.9998072545155278,1622.8691441048206,1.0055953217665106,1622.7302600279947,1.0010654034145918
1622.8816436692334,0.9993287297924738,1622.8816436692334,0.9998215868741791,1622.8705329451552,1.0024686342434808,1622.731648868796,0.996085796066414
1622.883032509568,0.9960355694741028,1622.883032509568,0.9999107594030244,1622.8719217859557,1.0112142934908113,1622.7330377100625,0.9898277318045856
1622.8844213499035,0.9969281300947302,1622.8844213499035,1.0000052749156538,1622.873310626291,0.9929059640980048,1622.7344265508634,1.0065935810480655
1622.8858101902397,0.9976620342764017,1622.8858101902397,0.9999011773904882,1622.874699466626,0.9998928276338068,1622.7358153921298,0.983837496518767
1622.8871990310402,0.9983678412704678,1622.8871990310402,0.9998980018125917,1622.8760883074276,0.9875818692899454,1622.73720423293,1.000016514194664
1622.8885878713747,0.9998759327473801,1622.8885878713747,1.0000258687695385,1622.877477147763,0.991282068289389,1622.7385930741968,0.9848198532424975
1622.889976711709,1.001961409101078,1622.889976711709,1.0001001542813828,1622.8788659880977,0.9887006889885116,1622.7399819149985,1.0041269855940496
1622.8913655520453,1.0036042586463276,1622.8913655520453,1.000154914653007,1622.8802548284327,1.0160117010204957,1622.7413707557992,1.003623880313816
1622.8927543923812,1.0026988458314454,1622.8927543923812,1.000254808333761,1622.8816436692334,0.9991504364300688,1622.742759597065,0.9896074745827516
1622.8941432327167,1.0092011715841829,1622.8941432327167,1.0001563172324455,1622.883032509568,0.995946682665274,1622.7441484378653,1.0069942031778747
1622.895532073517,0.9977947233679229,1622.895532073517,1.000047254232722,1622.8844213499035,0.9969333888065294,1622.7455372791326,1.0032184330489404
1622.896920913851,0.9979192150187761,1622.896920913851,0.9999273323024264,1622.8858101902397,0.9975634427107636,1622.7469261199342,1.0044869678538628
1622.8983097541866,1.004600429403302,1622.8983097541866,0.9999707391486354,1622.8871990310402,0.9982660095602915,1622.748314960735,0.9925513506504486
1622.8996985945223,1.0135467293674343,1622.8996985945223,1.0000203236847534,1622.8885878713747,0.9999017983074514,1622.7497038020008,1.0050004709603664
1622.9010874348576,1.006610927191437,1622.9010874348576,1.0001058445657145,1622.889976711709,1.0020617598259798,1622.751092642801,0.9944652302805904
1622.9024762751922,0.9989662330379034,1622.9024762751922,1.0001282692824331,1622.8913655520453,1.0037597316518123,1622.7524814836022,0.9914888015411074
1622.9038651155277,1.0050064327079313,1622.9038651155277,1.0000244974495724,1622.8927543923812,1.0029543418536158,1622.7538703248697,1.00251715743274
1622.9052539558627,1.0117852634284143,1622.9052539558627,1.0001391989281276,1622.8941432327167,1.0093589271183057,1622.7552591656702,0.9959354013635696
1622.9066427961982,0.9941999251445998,1622.9066427961982,1.000138685178867,1622.895532073517,0.9978418733919896,1622.7566480064704,0.9982240104973192
1622.9080316365332,1.004342974102237,1622.9080316365332,1.0000389627990653,1622.896920913851,0.9978466985270562,1622.7580368472716,0.9991118353495376
1622.9094204768687,0.9963450376561559,1622.9094204768687,1.0000301047072182,1622.8983097541866,1.0045710339394565,1622.759425688538,1.0086286327320582
1622.9108093172038,0.985532702245977,1622.9108093172038,1.000156098724684,1622.8996985945223,1.0135673283716446,1622.760814529339,0.9962840343620296
1622.9121981575393,1.013694841853298,1622.9121981575393,1.0001998969354093,1622.9010874348576,1.006717471487869,1622.7622033701398,0.9928004227633834
1622.9135869978736,1.0038219300988915,1622.9135869978736,1.0002578574209207,1622.9024762751922,0.9990943697197902,1622.7635922109405,0.9974240574710284
1622.9149758382089,0.995877518260887,1622.9149758382089,1.0002077751618612,1622.9038651155277,1.0050310528023365,1622.7649810522073,0.9965773482063478
1622.9163646785448,1.002779303007972,1622.9163646785448,1.0002413762017792,1622.9052539558627,1.011926102852579,1622.766369893008,0.9904866685595696
1622.91775351888,1.00207743273211,1622.91775351888,1.0003527510896142,1622.9066427961982,0.994337805939048,1622.7677587338085,1.0033044699643496
1622.9191423592144,0.9890844424805088,1622.9191423592144,1.0002569889087156,1622.9080316365332,1.0043821061157296,1622.7691475746094,1.0117568833270107
1622.920531199549,1.0013070955727017,1622.920531199549,1.000382968075533,1622.9094204768687,0.9963750323318028,1622.770536415411,1.0087184074281528
1622.921920039885,0.9909167685352873,1622.921920039885,1.0005034130815806,1622.9108093172038,0.985686542643932,1622.7719252566774,1.0007123530389583
1622.923308880221,1.0062587005830363,1622.923308880221,1.0006240844725487,1622.9121981575393,1.0138974763456248,1622.7733140974776,0.9998880024987404
1622.9246977205564,0.9946284426286076,1622.9246977205564,1.0006327318318877,1622.9135869978736,1.0040807730328505,1622.774702938278,0.9933534783855016
1622.926086560891,0.9943015434735157,1622.926086560891,1.0006380110128401,1622.9149758382089,0.9960844368734376,1622.7760917790797,0.9893222479366433
1622.92747540076,1.0022634699593185,1622.92747540076,1.0006640877622353,1622.9163646785448,1.0030213500673548,1622.777480619881,1.0038208273761038
1622.928864241095,1.0074757564577113,1622.928864241095,1.0007697419411474,1622.91775351888,1.002430916638384,1622.778869460682,0.9919321023303772
1622.930253081431,0.999890829147996,1622.930253081431,1.0007425678861506,1622.9191423592144,0.9893386262120094,1622.780258301482,1.0123472487963328
1622.9316419217662,0.9950692710240934,1622.9316419217662,1.0007358099510937,1622.920531199549,1.0016905642241107,1622.7816471422825,1.0066179785619929
1622.9330307621003,0.9961769241237441,1622.9330307621003,1.0006523299004886,1622.921920039885,0.9914156089993256,1622.783035983549,0.9958518789551666
1622.934419602436,1.0026168660856538,1622.934419602436,1.000683301263786,1622.923308880221,1.0068866910134373,1622.7844248243507,0.991665156829802
1622.9358084423054,0.9968722692825525,1622.9358084423054,1.000761583063424,1622.9246977205564,0.9952577757051596,1622.7858136651514,1.0039596689386483
1622.937197282641,1.0053519567083575,1622.937197282641,1.000809148026915,1622.926086560891,0.9949359188083358,1622.7872025059517,0.9938901557322536
1622.938586122976,0.9855172246446117,1622.938586122976,1.0008142912445694,1622.92747540076,1.0029290608642538,1622.7885913467528,1.002460479085622
1622.9399749633114,0.990147403179622,1622.9399749633114,1.0008456737284563,1622.928864241095,1.008251252802146,1622.7899801875535,0.9985330230205156
1622.9413638031808,1.003175213788408,1622.9413638031808,1.0007507419858281,1622.930253081431,1.0006333159673777,1622.791369028355,0.9960437970034416
1622.9427526435163,0.9995283888985197,1622.9427526435163,1.000841164616456,1622.9316419217662,0.9958014528957404,1622.7927578691554,1.0052390093277337
1622.944141483851,1.000120010231585,1622.944141483851,1.0008415178085075,1622.9330307621003,0.9968267601175268,1622.7941467099563,0.9937674885661288
1622.945530324186,1.0015692642583143,1622.945530324186,1.0008778084560304,1622.934419602436,1.0033019554573432,1622.7955355507572,0.9884741115193372
1622.9469191640562,1.0133623733446646,1622.9469191640562,1.0007537157875,1622.9358084423054,0.997631470319235,1622.796924391558,0.9958017247343356
1622.9483080043915,0.9956560013062298,1622.9483080043915,1.000835882874627,1622.937197282641,1.0061654352604832,1622.7983132323582,0.990414427452871
1622.9496968447258,1.0060438966561254,1622.9496968447258,1.000836245066278,1622.938586122976,0.9863197226920122,1622.799702073159,0.9991562809598676
1622.9510856845948,0.9955924221420562,1622.9510856845948,1.0007625249992056,1622.9399749633114,0.9909847448257902,1622.801090913961,0.9929907097800866
1622.9524745249307,0.9998822143231704,1622.9524745249307,1.0007951651960665,1622.9413638031808,1.0039283395405412,1622.802479754296,0.9844249397231896
1622.953863364801,1.003127954322048,1622.953863364801,1.0008033092756783,1622.9427526435163,1.0003691568124042,1622.8038685950962,1.0056834654310334
1622.9552522051356,0.9919173538384621,1622.9552522051356,1.0007114445964307,1622.944141483851,1.0009616290308396,1622.8052574358965,1.0138946900000232
1622.9566410454702,0.9956583412840384,1622.9566410454702,1.000819674762067,1622.945530324186,1.0024484502277804,1622.806646276698,1.004164091562307
1622.95802988534,0.9991974755880929,1622.95802988534,1.0008685986657078,1622.9469191640562,1.014126160563913,1622.8080351174997,0.9990384389288092
1622.959418725675,0.9998539742547798,1622.959418725675,1.0008193536731875,1622.9483080043915,0.9964882531067414,1622.8094239583,0.9969582620379984
1622.960807565545,0.9864868087672077,1622.960807565545,1.0009075915733399,1622.9496968447258,1.006885195901163,1622.8108127991002,1.0009918710745658
1622.9621964058808,0.9965054366338011,1622.9621964058808,1.000924229202449,1622.9510856845948,0.9963515862529592,1622.812201639901,1.0157256588586014
1622.9635852462154,1.0095353090672214,1622.9635852462154,1.0010162023944984,1622.9524745249307,1.000677285860166,1622.8135904802364,0.995361753967858
1622.9649740860848,0.992117289307929,1622.9649740860848,1.0010052348877592,1622.953863364801,1.003933776312447,1622.814979321038,1.0043950864086546
1622.9663629264198,1.0027037458989618,1622.9663629264198,1.000909655698429,1622.9552522051356,0.9926230480799564,1622.816368161839,0.9983725702896454
1622.9677517662897,0.9967278253878383,1622.9677517662897,1.000915066184187,1622.9566410454702,0.9964744572980304,1622.817757002639,0.98665693846947
1622.9691406066247,1.0002205632663015,1622.9691406066247,1.0008972430176282,1622.95802988534,1.0000653771821673,1622.81914584344,0.9926801341849674
1622.9705294464943,0.995103569961399,1622.9705294464943,1.0009666392514844,1622.959418725675,1.0006732082812366,1622.8205346837751,1.0094092172584344
1622.971918286364,1.006714197849175,1622.971918286364,1.0009421982884457,1622.960807565545,0.9873821358820558,1622.8219235245765,0.998034878794646
1622.9733071266985,0.99704084932455,1622.9733071266985,1.0009549241311602,1622.9621964058808,0.9974264360587372,1622.823312365377,0.9955355267898974
1622.9746959665674,1.0081772587018882,1622.9746959665674,1.0009515909993387,1622.9635852462154,1.0105612012656262,1622.824701206178,1.0033410322554164
1622.9760848069034,1.0014049983002007,1622.9760848069034,1.0009394449796092,1622.9649740860848,0.9931146002198904,1622.8260900465132,1.003377458627185
1622.9774736467737,1.0065762820152468,1622.9774736467737,1.001032013701129,1622.9663629264198,1.0036158610752548,1622.8274788873143,1.0158405786247604
1622.9788624871092,0.9954258565337181,1622.9788624871092,1.001042632289473,1622.9677517662897,0.997639897315689,1622.8288677281143,1.0047586705298557
1622.980251326978,0.9989275123701236,1622.980251326978,1.0010015245247883,1622.9691406066247,1.0011180041827803,1622.8302565684496,0.9923992569563836
1622.9816401668468,1.000731734505113,1622.9816401668468,1.001001794725423,1622.9705294464943,0.996065476131416,1622.8316454092512,0.9960378165543452
1622.9830290071825,1.012246945309773,1622.9830290071825,1.0010098090466701,1622.971918286364,1.0076627222433423,1622.833034250052,1.0003803021948112
1622.9844178470528,0.9982327792193217,1622.9844178470528,1.0009947824615295,1622.9733071266985,0.9979929476913224,1622.8344230903865,0.9909456000680684
1622.9858066869217,1.0004669438170997,1622.9858066869217,1.0009279024545625,1622.9746959665674,1.009136631107007,1622.8358119311868,1.0069375927904054
1622.9871955272563,1.0149433226292377,1622.9871955272563,1.0009502679279765,1622.9760848069034,1.0023457631984094,1622.8372007719884,0.9888947137859002
1622.988584367126,0.9972845414052771,1622.988584367126,1.0010256406659088,1622.9774736467737,1.007615082529518,1622.8385896123243,1.0005713367676516
1622.9899732069955,1.0053601150792548,1622.9899732069955,1.0011340785792835,1622.9788624871092,0.9964637196735164,1622.8399784531246,1.0136006965592166
1622.9913620473314,0.9889616926502818,1622.9913620473314,1.0012067896574768,1622.980251326978,0.999927962772248,1622.8413672934591,0.9959928272668248
1622.9927508872013,0.9950914966127571,1622.9927508872013,1.0011564871459686,1622.9816401668468,1.0017342622783036,1622.8427561342603,0.9952486691122172
1622.9941397270702,1.0155466309459755,1622.9941397270702,1.00121306763697,1622.9830290071825,1.013269121432611,1622.844144975061,0.998905509855712
1622.9955285674052,1.0051038336338671,1622.9955285674052,1.0011147651068504,1622.9844178470528,0.999225803680613,1622.845533815397,1.0105508034393562
1622.996917407275,1.0018579460854244,1622.996917407275,1.001106640386454,1622.9858066869217,1.0013952795499763,1622.846922656198,0.992396062852889
1622.9983062471445,0.9967388271815527,1622.9983062471445,1.0010049276571538,1622.9871955272563,1.015907790717446,1622.8483114965322,0.996007302672024
1622.999695087014,0.9874677845149492,1622.999695087014,1.001052133195751,1622.988584367126,0.9983073969864246,1622.8497003373334,1.0095246127421351
1623.0010839268837,0.9958109691103398,1623.0010839268837,1.0010831912037597,1622.9899732069955,1.006500272450232,1622.8510891776684,0.9980428300735582
1623.0024727672187,1.0077855305109402,1623.0024727672187,1.0011573754883893,1622.9913620473314,0.9901551613926128,1622.8524780184696,1.0049751220113554
1623.0038616070876,0.9982781752124549,1623.0038616070876,1.0011888934983089,1622.9927508872013,0.9962423071376524,1622.8538668588046,1.0126568049967195
1623.0052504469566,1.0029559010166822,1623.0052504469566,1.0012465728223725,1622.9941397270702,1.01677855769781,1622.8552556996058,1.0074919396458517
1623.0066392868268,0.9962158879455707,1623.0066392868268,1.0011812421202482,1622.9955285674052,1.0062242883163637,1622.8566445399408,0.990784127942466
1623.0080281266971,1.0105242885981878,1623.0080281266971,1.001252912819591,1622.996917407275,1.0029666425500523,1622.858033380741,0.9993053844293844
1623.009416966567,1.011684426860939,1623.009416966567,1.0013038732524195,1622.9983062471445,0.9977404775959464,1622.8594222210756,1.0057541434658088
1623.010805806436,0.997793444002691,1623.010805806436,1.0012773759749745,1622.999695087014,0.988506732150772,1622.8608110618773,1.000942872167765
1623.0121946467705,0.9882150002583215,1623.0121946467705,1.0012740158506128,1623.0010839268837,0.9968896227926876,1622.8621999022132,0.9872626628194257
1623.0135834866408,1.0069616449812828,1623.0135834866408,1.001320781043541,1623.0024727672187,1.008951916781507,1622.8635887425485,0.9952346694245598
1623.014972326511,1.0036272440269363,1623.014972326511,1.001373477886928,1623.0038616070876,0.9994650216444686,1622.8649775833485,0.9849095599789434
1623.0163611663795,0.9999396879059919,1623.0163611663795,1.0013032367526133,1623.0052504469566,1.0042061585849278,1622.866366423683,1.0066724142406998
1623.0177500062484,1.0016413308560776,1623.0177500062484,1.0013230042869183,1623.0066392868268,0.9973926601132724,1622.867755264485,1.0007619635825988
1623.0191388461185,0.9952380506194461,1623.0191388461185,1.0012941507323188,1623.0080281266971,1.0117903874338805,1622.8691441048206,1.0055953217665106
1623.0205276859876,0.9917873938759034,1623.0205276859876,1.0011824450174043,1623.009416966567,1.0130035351250124,1622.8705329451552,1.0024686342434808
1623.0219165258577,0.9925226584188779,1623.0219165258577,1.0012007319444163,1623.010805806436,0.999068001376047,1622.8719217859557,1.0112142934908113
1623.0233053657269,1.003873676240415,1623.0233053657269,1.001230288700418,1623.0121946467705,0.989474001832464,1622.873310626291,0.9929059640980048
1623.0246942055967,1.0156298940089403,1623.0246942055967,1.001248955507539,1623.0135834866408,1.0082916208335468,1622.874699466626,0.9998928276338068
1623.026083045466,1.0025359410895678,1623.026083045466,1.0011438914388269,1623.014972326511,1.0050057038533258,1622.8760883074276,0.9875818692899454
1623.027471885336,0.9943754809123397,1623.027471885336,1.001042973094918,1623.0163611663795,1.0012428460576677,1622.877477147763,0.991282068289389
1623.0288607252048,0.9901004097929716,1623.0288607252048,1.0010557146233774,1623.0177500062484,1.002966506630755,1622.8788659880977,0.9887006889885116
1623.0302495650742,1.0038476848726212,1623.0302495650742,1.000986905025765,1623.0191388461185,0.9965260386714868,1622.8802548284327,1.0160117010204957
1623.0316384049445,1.0071700334512041,1623.0316384049445,1.0008615130569047,1623.0205276859876,0.9929601279381164,1622.8816436692334,0.9991504364300688
1623.0330272448143,0.9961698866210755,1623.0330272448143,1.0009050626845581,1623.0219165258577,0.9937144120803983,1622.883032509568,0.995946682665274
1623.0344160842174,0.9924355466317873,1623.0344160842174,1.0008918536285172,1623.0233053657269,1.0051087306809408,1622.8844213499035,0.9969333888065294
1623.035804924086,1.0057199027123318,1623.035804924086,1.000905604335297,1623.0246942055967,1.016898370558684,1622.8858101902397,0.9975634427107636
1623.0371937639563,1.006760414431899,1623.0371937639563,1.000909614451247,1623.026083045466,1.0036827333696965,1622.8871990310402,0.9982660095602915
1623.0385826038266,1.0007593651748783,1623.0385826038266,1.0008027573638114,1623.027471885336,0.9954125877851774,1622.8885878713747,0.9999017983074514
1623.0399714436955,0.9974658469779505,1623.0399714436955,1.0007083091500366,1623.0288607252048,0.991145673274202,1622.889976711709,1.0020617598259798
1623.0413602835645,1.000435065282179,1623.0413602835645,1.0007458168949686,1623.0302495650742,1.0048383871979245,1622.8913655520453,1.0037597316518123
1623.0427491234343,1.0099496736085767,1623.0427491234343,1.0006884718340106,1623.0316384049445,1.0080377235855456,1622.8927543923812,1.0029543418536158
1623.044137962838,0.9947480884691738,1623.044137962838,1.0006275631098334,1623.0330272448143,0.9970714828129368,1622.8941432327167,1.0093589271183057
1623.0455268027083,1.0084993743234136,1623.0455268027083,1.0006496089020116,1623.0344160842174,0.9933206538751204,1622.895532073517,0.9978418733919896
1623.046915642578,1.005936628632037,1623.046915642578,1.000658682712232,1623.035804924086,1.0066306870163226,1622.896920913851,0.9978466985270562
1623.048304482447,1.0100512822339092,1623.048304482447,1.0006628260355968,1623.0371937639563,1.0076761782538095,1622.8983097541866,1.0045710339394565
1623.0496933218508,0.9862806027767632,1623.0496933218508,1.0006596711255629,1623.0385826038266,1.0015627321246756,1622.8996985945223,1.0135673283716446
1623.0510821617202,0.9990235465416228,1623.0510821617202,1.0007029906727003,1623.0399714436955,0.998172361164214,1622.9010874348576,1.006717471487869
1623.05247100159,0.9965180924204551,1623.05247100159,1.0006999018415126,1623.0413602835645,1.0011812066561854,1622.9024762751922,0.9990943697197902
1623.0538598414594,1.0070962917033437,1623.0538598414594,1.0006660897931177,1623.0427491234343,1.0106449955126244,1622.9038651155277,1.0050310528023365
1623.0552486808635,1.0023172810449423,1623.0552486808635,1.0005553097756499,1623.044137962838,0.9953723556730744,1622.9052539558627,1.011926102852579
1623.056637520733,1.006391100737963,1623.056637520733,1.0004985880768913,1623.0455268027083,1.0091545044946473,1622.9066427961982,0.994337805939048
1623.0580263606018,0.9948620810362947,1623.0580263606018,1.00048162366096,1623.046915642578,1.006599221698918,1622.9080316365332,1.0043821061157296
1623.059415200005,1.0012054539909743,1623.059415200005,1.0005491458487608,1623.048304482447,1.0107207705210617,1622.9094204768687,0.9963750323318028
1623.0608040398754,1.0047431220079008,1623.0608040398754,1.0004670319479834,1623.0496933218508,0.9869312236121178,1622.9108093172038,0.985686542643932
1623.0621928797457,1.0054759437077454,1623.0621928797457,1.0005408245409204,1623.0510821617202,0.9997258507766495,1622.9121981575393,1.0138974763456248
1623.06358171915,1.0071728210373598,1623.06358171915,1.0005248733829684,1623.05247100159,0.9972155572684408,1622.9135869978736,1.0040807730328505
1623.0649705590188,0.9986439892529424,1623.0649705590188,1.00054041225022,1623.0538598414594,1.007767108263934,1622.9149758382089,0.9960844368734376
1623.0663593984218,0.9871950661808736,1623.0663593984218,1.0005594485556855,1623.0552486808635,1.0028738776294095,1622.9163646785448,1.0030213500673548
1623.067748238292,1.0095148030498544,1623.067748238292,1.00057721742177,1623.056637520733,1.0068928753414803,1622.91775351888,1.002430916638384
1623.0691370781622,0.9935922025198352,1623.0691370781622,1.0005408406525913,1623.0580263606018,0.9953412301539136,1622.9191423592144,0.9893386262120094
1623.0705259175654,0.9977281444979593,1623.0705259175654,1.000473223176598,1623.059415200005,1.00175526180979,1622.920531199549,1.0016905642241107
1623.0719147574343,0.992815928278921,1623.0719147574343,1.0004361615827841,1623.0608040398754,1.0052123691453951,1622.921920039885,0.9914156089993256
1623.0733035968383,1.0069414877116132,1623.0733035968383,1.0003096283660748,1623.0621928797457,1.0060197297734077,1622.923308880221,1.0068866910134373
1623.074692436708,0.9952753784102295,1623.074692436708,1.0003132778319817,1623.06358171915,1.0077014592431714,1622.9246977205564,0.9952577757051596
1623.0760812761123,0.9947399271722469,1623.0760812761123,1.0002011954775314,1623.0649705590188,0.9991836686983432,1622.926086560891,0.9949359188083358
1623.0774701159824,1.0163925572716033,1623.0774701159824,1.000278944659476,1623.0663593984218,0.9877473510348284,1622.92747540076,1.0029290608642538
1623.0788589553856,1.009222982474516,1623.0788589553856,1.0002269561500823,1623.067748238292,1.0100975125817095,1622.928864241095,1.008251252802146
1623.080247795255,0.9925491655388059,1623.080247795255,1.0001353068176537,1623.0691370781622,0.9941295775750556,1622.930253081431,1.0006333159673777
1623.0816366346592,1.0064109594251598,1623.0816366346592,1.000130340560701,1623.0705259175654,0.99820029257988,1622.9316419217662,0.9958014528957404
1623.0830254745283,1.00140782692215,1623.0830254745283,1.0001570626731746,1623.0719147574343,0.9932489564456124,1622.9330307621003,0.9968267601175268
1623.0844143139325,0.9929515867642595,1623.0844143139325,1.0001050366608386,1623.0733035968383,1.0072532653591864,1622.934419602436,1.0033019554573432
1623.0858031533364,1.0038077657726012,1623.0858031533364,1.00004286857514,1623.074692436708,0.9955871761230026,1622.9358084423054,0.997631470319235
1623.0871919932058,1.0114119007895648,1623.0871919932058,1.0001179425945188,1623.0760812761123,0.9949400643469138,1622.937197282641,1.0061654352604832
1623.088580832609,1.003761665005607,1623.088580832609,1.0001454676013068,1623.0774701159824,1.0166760745473853,1622.938586122976,0.9863197226920122
1623.0899696720123,0.9993280374121847,1623.0899696720123,1.000049621467668,1623.0788589553856,1.009452031837193,1622.9399749633114,0.9909847448257902
1623.0913585118826,0.9979590543111326,1623.0913585118826,1.0000920508313829,1623.080247795255,0.9926834642077598,1622.9413638031808,1.0039283395405412
1623.0927473512872,0.9966033016716925,1623.0927473512872,1.0000702441570033,1623.0816366346592,1.0065421355939068,1622.9427526435163,1.0003691568124042
1623.094136191157,0.9901090060807441,1623.094136191157,1.000143671307331,1623.0830254745283,1.0015651107123844,1622.944141483851,1.0009616290308396
1623.0955250305603,1.006448464561623,1623.0955250305603,1.0000744341830177,1623.0844143139325,0.9930558830833076,1622.945530324186,1.0024484502277804
1623.0969138699636,1.005454065885536,1623.0969138699636,1.0001433960543458,1623.0858031533364,1.0038507975812343,1622.9469191640562,1.014126160563913
1623.0983027093682,0.9951427781258133,1623.0983027093682,1.0000230240882968,1623.0871919932058,1.011531189333271,1622.9483080043915,0.9964882531067414
1623.0996915492383,0.9955295446362502,1623.0996915492383,0.9999810923560487,1623.088580832609,1.003907679807299,1622.9496968447258,1.006885195901163
1623.1010803886415,1.0069605718149486,1623.1010803886415,0.9998757425263456,1623.0899696720123,0.9993776255360828,1622.9510856845948,0.9963515862529592
1623.1024692280446,1.0131450374579454,1623.1024692280446,0.9997923836672803,1623.0913585118826,0.998050917271768,1622.9524745249307,1.000677285860166
1623.1038580674488,1.0066093525872615,1623.1038580674488,0.9997653859665415,1623.0927473512872,0.9966733072304852,1622.953863364801,1.003933776312447
1623.105246907318,1.0040525963440419,1623.105246907318,0.9997531250796905,1623.094136191157,0.990251256336048,1622.9552522051356,0.9926230480799564
1623.1066357467223,1.007847566162381,1623.1066357467223,0.9996952879209309,1623.0955250305603,1.006523378730832,1622.9566410454702,0.9964744572980304
1623.108024586126,0.9863671310104728,1623.108024586126,0.9997021088843561,1623.0969138699636,1.00559824403141,1622.95802988534,1.0000653771821673
1623.1094134255302,0.9978992305205251,1623.1094134255302,0.9996327909670907,1623.0983027093682,0.9951656903810048,1622.959418725675,1.0006732082812366
1623.110802264934,0.9983036881424204,1623.110802264934,0.9996330460878929,1623.0996915492383,0.9955107215180772,1622.960807565545,0.9873821358820558
1623.1121911048035,1.003884774299619,1623.1121911048035,0.999564239677059,1623.1010803886415,1.0068354494382252,1622.9621964058808,0.9974264360587372
1623.1135799442077,1.0029996710676166,1623.1135799442077,0.9995739476169739,1623.1024692280446,1.0129346920007551,1622.9635852462154,1.0105612012656262
1623.1149687836116,1.0101383111737423,1623.1149687836116,0.9996173698974508,1623.1038580674488,1.006373187906934,1622.9649740860848,0.9931146002198904
1623.1163576230151,1.0044457362791874,1623.1163576230151,0.9995109419492691,1623.105246907318,1.0038047209393328,1622.9663629264198,1.0036158610752548
1623.1177464624195,1.0012270114253534,1623.1177464624195,0.9995070140041894,1623.1066357467223,1.0075404628351108,1622.9677517662897,0.997639897315689
1623.1191353018226,1.0172079826458436,1623.1191353018226,0.9994909197922288,1623.108024586126,0.9860733010053816,1622.9691406066247,1.0011180041827803
1623.1205241412256,0.992745131650808,1623.1205241412256,0.9993727752227368,1623.1094134255302,0.9975327929091446,1622.9705294464943,0.996065476131416
1623.1219129806302,1.0023149250622825,1623.1219129806302,0.9992559855666894,1623.110802264934,0.9979373566985856,1622.971918286364,1.0076627222433423
1623.1233018200348,0.9979857390945713,1623.1233018200348,0.9992396358634688,1623.1121911048035,1.0034473211461747,1622.9733071266985,0.9979929476913224
1623.124690659438,1.0005737115864959,1623.124690659438,0.999295190850208,1623.1135799442077,1.002572340667584,1622.9746959665674,1.009136631107007
1623.1260794988414,1.0040829481722777,1623.1260794988414,0.9993943017067607,1623.1149687836116,1.009751801848149,1622.9760848069034,1.0023457631984094
1623.1274683382455,1.0032554028331007,1623.1274683382455,0.9993594590443747,1623.1163576230151,1.003954504005338,1622.9774736467737,1.007615082529518
1623.1288571776502,0.9835100200461536,1623.1288571776502,0.9993447809864019,1623.1177464624195,1.0007334205300935,1622.9788624871092,0.9964637196735164
1623.1302460170548,1.0017349400008453,1623.1302460170548,0.9993162907276784,1623.1191353018226,1.0166901421946917,1622.980251326978,0.999927962772248
1623.131634856458,1.0005606642875289,1623.131634856458,0.999239077491574,1623.1205241412256,0.9921224573067292,1622.9816401668468,1.0017342622783036
1623.1330236958613,1.0087291037467965,1623.1330236958613,0.9992365191096643,1623.1219129806302,1.0015691882913136,1622.9830290071825,1.013269121432611
1623.134412535265,1.002924373371817,1623.134412535265,0.9991124582997045,1623.1233018200348,0.9972269065297942,1622.9844178470528,0.999225803680613
1623.1358013746687,0.9911713330093287,1623.1358013746687,0.999059043399206,1623.124690659438,0.9998684980795284,1622.9858066869217,1.0013952795499763
1623.137190214073,0.9980876752268368,1623.137190214073,0.9990329960567693,1623.1260794988414,1.003474776844299,1622.9871955272563,1.015907790717446
1623.1385790534766,1.004571372004291,1623.1385790534766,0.9991216290136332,1623.1274683382455,1.0026127766586337,1622.988584367126,0.9983073969864246
1623.1399678928808,1.0071093896646295,1623.1399678928808,0.9990147984270698,1623.1288571776502,0.9828656055809551,1622.9899732069955,1.006500272450232
1623.1413567322843,0.9923239557640625,1623.1413567322843,0.9989911442935898,1623.1302460170548,1.001050044533958,1622.9913620473314,0.9901551613926128
1623.142745571222,1.0072859618658445,1623.142745571222,0.9990306782510897,1623.131634856458,0.9997993151570268,1622.9927508872013,0.9962423071376524
1623.1441344106263,1.000663642120153,1623.1441344106263,0.9989380036074983,1623.1330236958613,1.0079589583525603,1622.9941397270702,1.01677855769781
1623.145523250031,0.9953038637213218,1623.145523250031,0.9989419170056489,1623.134412535265,1.0020342361682066,1622.9955285674052,1.0062242883163637
1623.1469120894346,1.0009510222220666,1623.1469120894346,0.9989979416263653,1623.1358013746687,0.9902386838010158,1622.996917407275,1.0029666425500523
1623.1483009288388,1.0021489652819082,1623.1483009288388,0.9990733095978517,1623.137190214073,0.9971225205092026,1622.9983062471445,0.9977404775959464
1623.149689768242,1.0083983745605347,1623.149689768242,0.9989835123422075,1623.1385790534766,1.0036889856573878,1622.999695087014,0.988506732150772
1623.1510786071794,0.9970429011964077,1623.1510786071794,0.9989817102271451,1623.1399678928808,1.006117183909819,1623.0010839268837,0.9968896227926876
1623.1524674465838,0.994564410393039,1623.1524674465838,0.9989148071693602,1623.1413567322843,0.9913228440786824,1623.0024727672187,1.008951916781507
1623.1538562859885,1.0016337878608572,1623.1538562859885,0.9989096998191079,1623.142745571222,1.006309577675636,1623.0038616070876,0.9994650216444686
1623.155245124926,0.9979966538572599,1623.155245124926,0.998902867817392,1623.1441344106263,0.9996009409421136,1623.0052504469566,1.0042061585849278
1623.156633964329,0.9923642685340723,1623.156633964329,0.9988590011331846,1623.145523250031,0.9942507496289064,1623.0066392868268,0.9973926601132724
1623.1580228037335,1.0013207931811465,1623.1580228037335,0.9988054226044722,1623.1469120894346,0.9999480108686508,1623.0080281266971,1.0117903874338805
1623.159411643138,1.004017776637095,1623.159411643138,0.9987638851279521,1623.1483009288388,1.0012202834542585,1623.009416966567,1.0130035351250124
1623.160800482077,0.999282527106865,1623.160800482077,0.9988746871900098,1623.149689768242,1.007373350058656,1623.010805806436,0.999068001376047
1623.1621893214804,0.9958097797127169,1623.1621893214804,0.998860535355568,1623.1510786071794,0.9960276226070218,1623.0121946467705,0.989474001832464
1623.1635781608836,0.9963235188367816,1623.1635781608836,0.998738107253082,1623.1524674465838,0.993485116225271,1623.0135834866408,1.0082916208335468
1623.1649669998217,0.9926468451702446,1623.1649669998217,0.9987766905982015,1623.1538562859885,1.000541706360765,1623.014972326511,1.0050057038533258
1623.1663558392258,1.0018003757730642,1623.1663558392258,0.9987744586628472,1623.155245124926,0.996901719610178,1623.0163611663795,1.0012428460576677
1623.167744678164,0.9980468732469575,1623.167744678164,0.9987169648124159,1623.156633964329,0.9912319820282068,1623.0177500062484,1.002966506630755
1623.1691335175678,0.9945355095314437,1623.1691335175678,0.9987104779119391,1623.1580228037335,1.0001246379959403,1623.0191388461185,0.9965260386714868
1623.1705223569718,0.99872171197661,1623.1705223569718,0.9987537609680712,1623.159411643138,1.0027766953315935,1623.0205276859876,0.9929601279381164
1623.1719111959098,1.0040226667806587,1623.1719111959098,0.9986541728690009,1623.160800482077,0.9981580216783124,1623.0219165258577,0.9937144120803983
1623.173300035313,0.9943306319090257,1623.173300035313,0.9986531898647928,1623.1621893214804,0.9946750896761546,1623.0233053657269,1.0051087306809408
1623.1746888742516,1.0078030578592356,1623.1746888742516,0.9985376390020371,1623.1635781608836,0.9950662654147776,1623.0246942055967,1.016898370558684
1623.1760777136562,1.0022243446428283,1623.1760777136562,0.9985578845733487,1623.1649669998217,0.9914325309518822,1623.026083045466,1.0036827333696965
1623.1774665525943,0.9958627555920115,1623.1774665525943,0.998519896533865,1623.1663558392258,1.0005726280009792,1623.027471885336,0.9954125877851774
1623.1788553919985,0.98262315888457,1623.1788553919985,0.9984889265791623,1623.167744678164,0.9967663439897234,1623.0288607252048,0.991145673274202
1623.180244230936,0.9956639193933782,1623.180244230936,0.9983852601186648,1623.1691335175678,0.993253034024542,1623.0302495650742,1.0048383871979245
1623.181633070339,0.991847311380478,1623.181633070339,0.9984060369128884,1623.1705223569718,0.99747706599711,1623.0316384049445,1.0080377235855456
1623.1830219092783,0.9903471797149451,1623.1830219092783,0.9983774677364837,1623.1719111959098,1.0026714258355671,1623.0330272448143,0.9970714828129368
1623.1844107482173,1.0064750087655085,1623.1844107482173,0.9984478444685483,1623.173300035313,0.9929914573362236,1623.0344160842174,0.9933206538751204
1623.1857995876203,0.9935706260007685,1623.1857995876203,0.9984255656387775,1623.1746888742516,1.0063292859737945,1623.035804924086,1.0066306870163226
1623.1871884265577,1.0082069536504126,1623.1871884265577,0.9983967271990224,1623.1760777136562,1.0007790214544534,1623.0371937639563,1.0076761782538095
1623.1885772659618,1.0055991392342734,1623.1885772659618,0.9984044625597999,1623.1774665525943,0.994388775675665,1623.0385826038266,1.0015627321246756
1623.1899661049,0.9967978915024976,1623.1899661049,0.9983108767086553,1623.1788553919985,0.98113834314648,1623.0399714436955,0.998172361164214
1623.1913549438384,0.9969663358328639,1623.1913549438384,0.9982743799416635,1623.180244230936,0.9940561811543271,1623.0413602835645,1.0011812066561854
1623.192743783242,1.0078076443600945,1623.192743783242,0.9983739524435122,1623.181633070339,0.9902663433780866,1623.0427491234343,1.0106449955126244
1623.1941326221806,0.9974207625340763,1623.1941326221806,0.9983734368849398,1623.1830219092783,0.9887403094637752,1623.044137962838,0.9953723556730744
1623.1955214611187,0.9905688579971541,1623.1955214611187,0.9984036331061734,1623.1844107482173,1.0049128030133851,1623.0455268027083,1.0091545044946473
1623.1969103005229,0.9998291886924092,1623.1969103005229,0.9984063745745625,1623.1857995876203,0.9920063142668916,1623.046915642578,1.006599221698918
1623.198299139461,0.9939936041049606,1623.198299139461,0.998447569916957,1623.1871884265577,1.0065905228638683,1623.048304482447,1.0107207705210617
1623.1996879783994,0.9985418747427051,1623.1996879783994,0.9984072008701211,1623.1885772659618,1.003994668157792,1623.0496933218508,0.9869312236121178
1623.2010768178031,0.9891419482516178,1623.2010768178031,0.9983837021524782,1623.1899661049,0.9951141769671974,1623.0510821617202,0.9997258507766495
1623.2024656567417,1.0069386967422056,1623.2024656567417,0.9984289199453458,1623.1913549438384,0.9952459507262644,1623.05247100159,0.9972155572684408
1623.203854495679,0.9959017289582358,1623.203854495679,0.9983411348372305,1623.192743783242,1.0061689012025732,1623.0538598414594,1.007767108263934
1623.2052433346164,0.9926963055571322,1623.2052433346164,0.9983246583145104,1623.1941326221806,0.9957983947115432,1623.0552486808635,1.0028738776294095
1623.2066321735554,0.9928536488465923,1623.2066321735554,0.9984298390157166,1623.1955214611187,0.9889875466661918,1623.056637520733,1.0068928753414803
1623.20802101296,1.0012579847890748,1623.20802101296,0.9983542689698817,1623.1969103005229,0.9982358354762144,1623.0580263606018,0.9953412301539136
1623.2094098518976,0.9864907428616541,1623.2094098518976,0.9982961708054059,1623.198299139461,0.9924504985315958,1623.059415200005,1.00175526180979
1623.2107986908352,0.9932733973683591,1623.2107986908352,0.9983921574858113,1623.1996879783994,0.9969513981134672,1623.0608040398754,1.0052123691453951
1623.2121875297737,1.0033881002711926,1623.2121875297737,0.9982859804581787,1623.2010768178031,0.9875432002497652,1623.0621928797457,1.0060197297734077
1623.213576368713,1.0024308557262365,1623.213576368713,0.9982021413603417,1623.2024656567417,1.0053567154394945,1623.06358171915,1.0077014592431714
1623.2149652076516,0.9985054218509238,1623.2149652076516,0.9981637137536369,1623.203854495679,0.9942496622745252,1623.0649705590188,0.9991836686983432
1623.2163540465892,1.0007208648880215,1623.2163540465892,0.9981600786761684,1623.2052433346164,0.9910332000554009,1623.0663593984218,0.9877473510348284
1623.2177428859925,1.0028273060622848,1623.2177428859925,0.9982246996050451,1623.2066321735554,0.99129470878407,1623.067748238292,1.0100975125817095
1623.2191317249303,1.0084345378751522,1623.2191317249303,0.9982718212545455,1623.20802101296,0.9996101834543536,1623.0691370781622,0.9941295775750556
1623.2205205638688,0.9882089313071702,1623.2205205638688,0.9983793554470576,1623.2094098518976,0.9848099311337696,1623.0705259175654,0.99820029257988
1623.2219094028071,1.0059463678745306,1623.2219094028071,0.9982597411037215,1623.2107986908352,0.9916763701718576,1623.0719147574343,0.9932489564456124
1623.2232982417452,0.9917404330331473,1623.2232982417452,0.9981995805896975,1623.2121875297737,1.001668273459297,1623.0733035968383,1.0072532653591864
1623.2246870806837,0.9931090268919738,1623.2246870806837,0.9981712450806073,1623.213576368713,1.000628626751609,1623.074692436708,0.9955871761230026
1623.2260759196215,0.9962708569715373,1623.2260759196215,0.998244982663046,1623.2149652076516,0.99667188007786,1623.0760812761123,0.9949400643469138
1623.227464758559,0.9914289149646365,1623.227464758559,0.9982080540653533,1623.2163540465892,0.9988796172295108,1623.0774701159824,1.0166760745473853
1623.2288535974978,1.0054129680377926,1623.2288535974978,0.998190262405109,1623.2177428859925,1.0010469863497609,1623.0788589553856,1.009452031837193
1623.2302424364368,0.9832401828923705,1623.2302424364368,0.9980778434468555,1623.2191317249303,1.006691782740614,1623.080247795255,0.9926834642077598
1623.2316312753749,0.9941184949249658,1623.2316312753749,0.9980035696277504,1623.2205205638688,0.9866073958854782,1623.0816366346592,1.0065421355939068
1623.2330201138475,1.004666703008024,1623.2330201138475,0.9979012960804987,1623.2219094028071,1.004195760758658,1623.0830254745283,1.0015651107123844
1623.234408952785,1.0012644309659622,1623.234408952785,0.9979492864162627,1623.2232982417452,0.9899548843075326,1623.0844143139325,0.9930558830833076
1623.2357977917227,1.001304399352134,1623.2357977917227,0.9979535003092899,1623.2246870806837,0.9912928738735518,1623.0858031533364,1.0038507975812343
1623.2371866306614,0.9943700887505561,1623.2371866306614,0.9980018804932165,1623.2260759196215,0.9945223843452502,1623.0871919932058,1.011531189333271
1623.2385754696004,1.0149112476474709,1623.2385754696004,0.9979281373425969,1623.227464758559,0.9896523279509744,1623.088580832609,1.003907679807299
1623.239964308538,1.0055963552325635,1623.239964308538,0.9979490920751567,1623.2288535974978,1.0035934343911437,1623.0899696720123,0.9993776255360828
1623.2413531474756,0.9849528790583394,1623.2413531474756,0.9978807012588484,1623.2302424364368,0.9813502413315088,1623.0913585118826,0.998050917271768
1623.242741986414,0.9898456762357174,1623.242741986414,0.9978127281575181,1623.2316312753749,0.9921338065680826,1623.0927473512872,0.9966733072304852
1623.2441308248874,0.9962402880504209,1623.2441308248874,0.9978191108097593,1623.2330201138475,1.0025582050606288,1623.094136191157,0.990251256336048
1623.2455196638257,0.9908514135696184,1623.2455196638257,0.9978110363094933,1623.234408952785,0.9992111243964672,1623.0955250305603,1.006523378730832
1623.246908502763,0.9883832814287278,1623.246908502763,0.9978319466879347,1623.2357977917227,0.9992552302085532,1623.0969138699636,1.00559824403141
1623.2482973417016,1.0031428549100851,1623.2482973417016,0.9978509451968544,1623.2371866306614,0.9923832184792616,1623.0983027093682,0.9951656903810048
1623.249686180174,1.0070508669900151,1623.249686180174,0.9978854086415287,1623.2385754696004,1.0128084909328916,1623.0996915492383,0.9955107215180772
1623.2510750191125,1.0051136742639126,1623.2510750191125,0.997877008743761,1623.239964308538,1.0035339696984236,1623.1010803886415,1.0068354494382252
1623.2524638580503,0.9938853603174331,1623.2524638580503,0.9978779348745688,1623.2413531474756,0.9828654696616574,1623.1024692280446,1.0129346920007551
1623.2552415354614,0.9982759274435858,1623.2552415354614,0.9978772266405552,1623.242741986414,0.9876806146596846,1623.1038580674488,1.006373187906934
1623.2566303743995,0.9970349831378141,1623.2566303743995,0.9978578860561934,1623.2441308248874,0.9940675983753294,1623.105246907318,1.0038047209393328
1623.258019213337,0.9992782382585746,1623.258019213337,0.9978149096396357,1623.2455196638257,0.9886824758026272,1623.1066357467223,1.0075404628351108
1623.25940805181,0.9937833348531927,1623.25940805181,0.9977879459513401,1623.246908502763,0.9862404137818362,1623.108024586126,0.9860733010053816
1623.260796890749,1.0024129728487772,1623.260796890749,0.9978094439814075,1623.2482973417016,1.0009870459394994,1623.1094134255302,0.9975327929091446
1623.2621857292213,0.9982457967094581,1623.2621857292213,0.9978688815734343,1623.249686180174,1.004921365929137,1623.110802264934,0.9979373566985856
1623.263574568159,1.0040717136690447,1623.263574568159,0.9979348446469171,1623.2510750191125,1.002979826721924,1623.1121911048035,1.0034473211461747
1623.2649634070965,0.9956003224639882,1623.2649634070965,0.9978793372289104,1623.2524638580503,0.9917762708556268,1623.1135799442077,1.002572340667584
1623.2663522455694,1.0039073932876537,1623.2663522455694,0.9978697840434306,1623.2538526969888,1.0169729222934425,1623.1149687836116,1.009751801848149
1623.2677410845083,1.0093302039329906,1623.2677410845083,0.9979326994913991,1623.2552415354614,0.9961568138994336,1623.1163576230151,1.003954504005338
1623.2691299229816,0.9930988531339036,1623.2691299229816,0.9979307362936198,1623.2566303743995,0.9948992205979716,1623.1177464624195,1.0007334205300935
1623.270518761919,0.9990107569248162,1623.270518761919,0.9979672413083461,1623.258019213337,0.997094725012834,1623.1191353018226,1.0166901421946917
1623.2719076003907,1.0017724493175588,1623.2719076003907,0.9980544399214335,1623.25940805181,0.99158503240384,1623.1205241412256,0.9921224573067292
1623.2732964393292,1.004687698559307,1623.2732964393292,0.9979894145142598,1623.260796890749,1.0002171310779882,1623.1219129806302,1.0015691882913136
1623.2746852778023,0.9961013745967946,1623.2746852778023,0.9980103199734911,1623.2621857292213,0.9961184166978488,1623.1233018200348,0.9972269065297942
1623.2760741167406,1.005377817046915,1623.2760741167406,0.9979292262440879,1623.263574568159,1.001998149594682,1623.124690659438,0.9998684980795284
1623.2774629552125,0.9978058190716304,1623.2774629552125,0.9979754930106064,1623.2649634070965,0.993488989925254,1623.1260794988414,1.003474776844299
1623.278851794151,0.9966889585077691,1623.278851794151,0.998068150236781,1623.2663522455694,1.0017688537395544,1623.1274683382455,1.0026127766586337
1623.2802406326234,0.9905003177915317,1623.2802406326234,0.99802379557843,1623.2677410845083,1.0072436150890536,1623.1288571776502,0.9828656055809551
1623.2816294710954,1.0013578105733847,1623.2816294710954,0.9980309834702642,1623.2691299229816,0.9910438697202658,1623.1302460170548,1.001050044533958
1623.283018310034,1.0014264121416208,1623.283018310034,0.9981428582274107,1623.270518761919,0.9969800091256216,1623.131634856458,0.9997993151570268
1623.2844071485072,0.9934972657347905,1623.2844071485072,0.9981229284467718,1623.2719076003907,0.9998234408323587,1623.1330236958613,1.0079589583525603
1623.2857959874452,1.0113386144361023,1623.2857959874452,0.9980355865649081,1623.2732964393292,1.002667688054882,1623.134412535265,1.0020342361682066
1623.287184825918,1.0058911514991873,1623.287184825918,0.9979844324292397,1623.2746852778023,0.9941194515873812,1623.1358013746687,0.9902386838010158
1623.2885736643898,0.9923910036515567,1623.2885736643898,0.9980783929809173,1623.2760741167406,1.003295907048598,1623.137190214073,0.9971225205092026
1623.2899625028624,1.0112859731919162,1623.2899625028624,0.9981233563255836,1623.2774629552125,0.9957857542168622,1623.1385790534766,1.0036889856573878
1623.2913513418014,0.9997368148192002,1623.2913513418014,0.9981919108592593,1623.278851794151,0.9947635051792728,1623.1399678928808,1.006117183909819
1623.2927401802738,0.9964736089587302,1623.2927401802738,0.9982348766776172,1623.2802406326234,0.9885428866839456,1623.1413567322843,0.9913228440786824
1623.2941290187457,1.0082942721265913,1623.2941290187457,0.998199863653231,1623.2816294710954,0.9993861204921856,1623.142745571222,1.006309577675636
1623.2955178576833,1.0019523934034047,1623.2955178576833,0.9982792426522851,1623.283018310034,0.9995666213194584,1623.1441344106263,0.9996009409421136
1623.2969066961562,0.9963182707409232,1623.2969066961562,0.9983064780337717,1623.2844071485072,0.9916324002790696,1623.145523250031,0.9942507496289064
1623.2982955346297,1.0080991299687392,1623.2982955346297,0.9982664193055756,1623.2857959874452,1.0093519272744769,1623.1469120894346,0.9999480108686508
1623.299684373102,0.9937154243358807,1623.299684373102,0.9983635160956543,1623.287184825918,1.003863709914511,1623.1483009288388,1.0012202834542585
1623.3010732115738,0.9950606407587035,1623.3010732115738,0.9983627684287549,1623.2885736643898,0.9904840181332654,1623.149689768242,1.007373350058656
1623.3024620505123,0.996684541859701,1623.3024620505123,0.9983908639370169,1623.2899625028624,1.0093881497672994,1623.1510786071794,0.9960276226070218
1623.3038508889847,0.9947812872713889,1623.3038508889847,0.9984913291314119,1623.2913513418014,0.9979292015407268,1623.1524674465838,0.993485116225271
1623.305239727458,0.9952010101227601,1623.305239727458,0.9985420842503459,1623.2927401802738,0.9947147101514182,1623.1538562859885,1.000541706360765
1623.3066285659304,1.0069535215616467,1623.3066285659304,0.998595094775463,1623.2941290187457,1.0064792049590972,1623.155245124926,0.996901719610178
1623.3080174044023,1.0038515710988576,1623.3080174044023,0.998707331309265,1623.2955178576833,1.0002282764603951,1623.156633964329,0.9912319820282068
1623.3094062428752,1.0047068130018948,1623.3094062428752,0.9987534432572419,1623.2969066961562,0.9946309838640688,1623.1580228037335,1.0001246379959403
1623.3107950813476,1.0004125941158593,1623.3107950813476,0.9986943431680985,1623.2982955346297,1.0063515087789594,1623.159411643138,1.0027766953315935
1623.3121839198195,1.0024560953891228,1623.3121839198195,0.9988025361276677,1623.299684373102,0.992089225038455,1623.160800482077,0.9981580216783124
1623.3135727582924,1.0110024312773895,1623.3135727582924,0.9987598886666353,1623.3010732115738,0.99343149606235,1623.1621893214804,0.9946750896761546
1623.3149615967657,0.9961019740131741,1623.3149615967657,0.9986695973535302,1623.3024620505123,0.9950807408199768,1623.1635781608836,0.9950662654147776
1623.316350435238,0.996563648468849,1623.316350435238,0.9986738033197909,1623.3038508889847,0.993280489722666,1623.1649669998217,0.9914325309518822
1623.31773927371,1.0178513358494221,1623.31773927371,0.998730977565214,1623.305239727458,0.9937500908960304,1623.1663558392258,1.0005726280009792
1623.319128112182,1.0095989921288335,1623.319128112182,0.9987347440913521,1623.3066285659304,1.0055388472983389,1623.167744678164,0.9967663439897234
1623.3205169506552,0.9990183950944505,1623.3205169506552,0.9987209629117133,1623.3080174044023,1.002553923602753,1623.1691335175678,0.993253034024542
1623.3219057891286,0.999420812172109,1623.3219057891286,0.9988249444314394,1623.3094062428752,1.0034543889496523,1623.1705223569718,0.99747706599711
1623.323294627601,0.9995874643355287,1623.323294627601,0.9988315840582063,1623.3107950813476,0.9991063985776316,1623.1719111959098,1.0026714258355671
1623.3246834660729,1.0028280381039665,1623.3246834660729,0.998895755091251,1623.3121839198195,1.001255690431295,1623.173300035313,0.9929914573362236
1623.3260723045448,0.9915779033437191,1623.3260723045448,0.9989594664343058,1623.3135727582924,1.0097486757043033,1623.1746888742516,1.0063292859737945
1623.3274611430177,1.000954620279019,1623.3274611430177,0.999075552825643,1623.3149615967657,0.9947767573107932,1623.1760777136562,1.0007790214544534
1623.328849981491,0.9922441842129271,1623.328849981491,0.9990846770014153,1623.316350435238,0.9952420090666326,1623.1774665525943,0.994388775675665
1623.3302388199634,1.0050973406028543,1623.3302388199634,0.9991043448083547,1623.31773927371,1.0165596596689523,1623.1788553919985,0.98113834314648
1623.3316276579696,1.0084630497308398,1623.3316276579696,0.9991345518575271,1623.319128112182,1.0083215910386776,1623.180244230936,0.9940561811543271
1623.3330164964425,0.9974681261759943,1623.3330164964425,0.9991419808937326,1623.3205169506552,0.997740613515244,1623.181633070339,0.9902663433780866
1623.334405334915,0.9956763533442553,1623.334405334915,0.9992037940211694,1623.3219057891286,0.9982464371814308,1623.1830219092783,0.9887403094637752
1623.3357941733868,1.0061083539143456,1623.3357941733868,0.9991934835222688,1623.323294627601,0.9984195304069818,1623.1844107482173,1.0049128030133851
1623.3371830118597,0.989673043050968,1623.3371830118597,0.9992495315353895,1623.3246834660729,1.0017206703485393,1623.1857995876203,0.9920063142668916
1623.338571849867,0.9961692584893861,1623.338571849867,0.9992876966825389,1623.3260723045448,0.9905461332522892,1623.1871884265577,1.0065905228638683
1623.3399606883395,0.9999056452840593,1623.3399606883395,0.999261643431142,1623.3274611430177,1.0000292906086423,1623.1885772659618,1.003994668157792
1623.341349526812,0.9996453282074333,1623.341349526812,0.9993369447634055,1623.328849981491,0.9913359602909052,1623.1899661049,0.9951141769671974
1623.342738365284,1.0082746410657626,1623.342738365284,0.9994010564589617,1623.3302388199634,1.0041971199516344,1623.1913549438384,0.9952459507262644
1623.3441272032912,1.0027430676122757,1623.3441272032912,0.9993449545213173,1623.3316276579696,1.0075902772576977,1623.192743783242,1.0061689012025732
1623.3455160417643,1.0052267327725315,1623.3455160417643,0.9992958564862574,1623.3330164964425,0.9966122794658426,1623.1941326221806,0.9957983947115432
1623.346904880237,0.9897286566109726,1623.346904880237,0.9994021930424387,1623.334405334915,0.9948835898787424,1623.1955214611187,0.9889875466661918
1623.3482937182432,0.9982037606449344,1623.3482937182432,0.9993826308387284,1623.3357941733868,1.0052969109485306,1623.1969103005229,0.9982358354762144
1623.3496825567152,0.9913026844423648,1623.3496825567152,0.9994753170953891,1623.3371830118597,0.9889303246418832,1623.198299139461,0.9924504985315958
1623.351071395188,1.0048656368572886,1623.351071395188,0.9995671664183768,1623.338571849867,0.9954596838218114,1623.1996879783994,0.9969513981134672
1623.3524602331956,1.001105210786481,1623.3524602331956,0.9996544842375613,1623.3399606883395,0.9991673583826256,1623.2010768178031,0.9875432002497652
1623.353849071668,1.002273033854445,1623.353849071668,0.9997338080018702,1623.341349526812,0.9989825081378282,1623.2024656567417,1.0053567154394945
1623.3552379096743,0.9848130374821763,1623.3552379096743,0.9996890715592693,1623.342738365284,1.0076707414819035,1623.203854495679,0.9942496622745252
1623.3566267481467,0.995027599285238,1623.3566267481467,0.9996520806438017,1623.3441272032912,1.002086225299556,1623.2052433346164,0.9910332000554009
1623.358015586154,0.9932663534819074,1623.358015586154,0.9996733618041747,1623.3455160417643,1.0045189088888091,1623.2066321735554,0.99129470878407
1623.3594044246272,0.9970730493936564,1623.3594044246272,0.9996746728709355,1623.346904880237,0.9891369899339528,1623.20802101296,0.9996101834543536
1623.362182101106,1.0043961569084765,1623.362182101106,0.9996204995279356,1623.3482937182432,0.9975875004264468,1623.2094098518976,0.9848099311337696
1623.363570939113,0.9950121979645776,1623.363570939113,0.9996661877766542,1623.3496825567152,0.990782564870543,1623.2107986908352,0.9916763701718576
1623.3649597775857,1.007628080247676,1623.3649597775857,0.9996530447437604,1623.351071395188,1.0044306972646375,1623.2121875297737,1.001668273459297
1623.3663486155915,0.997233546987805,1623.3663486155915,0.9996448313405025,1623.3524602331956,1.0007593131562948,1623.213576368713,1.000628626751609
1623.3677374540646,0.9962492513301179,1623.3677374540646,0.9996319649794527,1623.353849071668,1.0020062367928917,1623.2149652076516,0.99667188007786
1623.3691262920722,1.0018578373227516,1623.3691262920722,0.999666912543701,1623.3552379096743,0.9845068311000208,1623.2163540465892,0.9988796172295108
1623.3705151305446,0.9988204227242496,1623.3705151305446,0.9996623876338038,1623.3566267481467,0.9946814099234952,1623.2177428859925,1.0010469863497609
1623.371903968551,0.995161582018688,1623.371903968551,0.999786487900739,1623.358015586154,0.992941914752232,1623.2191317249303,1.006691782740614
1623.3732928065572,1.0047384768503933,1623.3732928065572,0.9998971304827289,1623.3594044246272,0.9967486744810296,1623.2205205638688,0.9866073958854782
1623.3746816450305,1.0017550296682483,1623.3746816450305,0.9998418918057614,1623.362182101106,1.00401498809279,1623.2219094028071,1.004195760758658
1623.376070483038,0.9991737102562558,1623.376070483038,0.999738175342363,1623.363570939113,0.9946800507305188,1623.2232982417452,0.9899548843075326
1623.3774593210449,1.0039714279782799,1623.3774593210449,0.99966296539678,1623.3649597775857,1.0072784783888995,1623.2246870806837,0.9912928738735518
1623.3788481595168,0.9969504664247918,1623.3788481595168,0.9996703901953689,1623.3663486155915,0.9968793608857154,1623.2260759196215,0.9945223843452502
1623.380236997523,0.9989276390478089,1623.380236997523,0.9996557126704397,1623.3677374540646,0.9958825967164344,1623.227464758559,0.9896523279509744
1623.3816258355305,0.9991894893104266,1623.3816258355305,0.999634240474342,1623.3691262920722,1.0015241310441445,1623.2288535974978,1.0035934343911437
1623.383014673538,0.9953697331360397,1623.383014673538,0.9997046792155303,1623.3705151305446,0.9984832085979286,1623.2302424364368,0.9813502413315088
1623.3844035120103,1.0016305472850493,1623.3844035120103,0.9996911598262176,1623.371903968551,0.9949491029802072,1623.2316312753749,0.9921338065680826
1623.3857923500166,1.007852727256029,1623.3857923500166,0.9997891560436363,1623.3732928065572,1.004635119888296,1623.2330201138475,1.0025582050606288
1623.3871811880238,0.998600784526598,1623.3871811880238,0.9997694924034358,1623.3746816450305,1.001596643989438,1623.234408952785,0.9992111243964672
1623.3885700260305,1.0071684156924336,1623.3885700260305,0.9997580670006534,1623.376070483038,0.998912101941648,1623.2357977917227,0.9992552302085532
1623.3899588640377,0.997283944050858,1623.3899588640377,0.9997978632912802,1623.3774593210449,1.003633054866407,1623.2371866306614,0.9923832184792616
1623.3913477020444,1.011639591005365,1623.3913477020444,0.9998730281321146,1623.3788481595168,0.9966218617763266,1623.2385754696004,1.0128084909328916
1623.3927365405168,0.9990722050666196,1623.3927365405168,0.9999216475972484,1623.380236997523,0.9985837209185372,1623.239964308538,1.0035339696984236
1623.394125378524,1.0101736793756966,1623.394125378524,0.9997987283760357,1623.3816258355305,0.998824026236774,1623.2413531474756,0.9828654696616574
1623.3955142165307,1.0041502955957007,1623.3955142165307,0.9998676204988586,1623.383014673538,0.9950757797656126,1623.242741986414,0.9876806146596846
1623.396903054537,1.0102245229724343,1623.396903054537,0.9998866531026148,1623.3844035120103,1.00132120353276,1623.2441308248874,0.9940675983753294
1623.3982918925442,0.9914890889663922,1623.3982918925442,0.9998415128350719,1623.3857923500166,1.0076402275995824,1623.2455196638257,0.9886824758026272
1623.3996807305518,1.0127044032523325,1623.3996807305518,0.999748657766807,1623.3871811880238,0.9983705994598296,1623.246908502763,0.9862404137818362
1623.4010695685586,0.996809615013402,1623.4010695685586,0.9997502182192923,1623.3885700260305,1.006924748416778,1623.2482973417016,1.0009870459394994
1623.4024584065648,1.016728075942753,1623.4024584065648,0.9997807477560312,1623.3899588640377,0.9970823563567484,1623.249686180174,1.004921365929137
1623.4038472445711,1.0065838556223508,1623.4038472445711,0.9997570201639802,1623.3913477020444,1.0115111412368682,1623.2510750191125,1.002979826721924
1623.4052360825788,0.9949500392873624,1623.4052360825788,0.99977850343786,1623.3927365405168,0.9989939253588304,1623.2524638580503,0.9917762708556268
1623.4066249205864,0.9988074580651474,1623.4066249205864,0.999811513011437,1623.394125378524,1.0099703600787626,1623.2538526969888,1.0169729222934425
1623.4080137585927,1.0067013425944489,1623.4080137585927,0.9997861593089106,1623.3955142165307,1.0040173666804988,1623.2552415354614,0.9961568138994336
1623.409402596599,0.9980740873648687,1623.409402596599,0.9998036303291132,1623.396903054537,1.010110017157093,1623.2566303743995,0.9948992205979716
1623.4107914346057,0.990956503725934,1623.4107914346057,0.9998089747276363,1623.3982918925442,0.9913319506716248,1623.258019213337,0.997094725012834
1623.4121802726129,0.9915193157221738,1623.4121802726129,0.9996915655463314,1623.3996807305518,1.0124498678660547,1623.25940805181,0.99158503240384
1623.4135691106203,1.0060272078248942,1623.4135691106203,0.9995856305150084,1623.4010695685586,0.9965606301327374,1623.260796890749,1.0002171310779882
1623.4149579481616,1.000007543660118,1623.4149579481616,0.9995863325990846,1623.4024584065648,1.0165051560305964,1623.2621857292213,0.9961184166978488
1623.416346786168,1.0008227873961653,1623.416346786168,0.9994937094999509,1623.4038472445711,1.0063392760421714,1623.263574568159,1.001998149594682
1623.417735624175,1.0065277895207179,1623.417735624175,0.9995859806518693,1623.4052360825788,0.9947296612741592,1623.2649634070965,0.993488989925254
1623.4191244621818,0.9913315281823358,1623.4191244621818,0.9996942644375405,1623.4066249205864,0.9986191958552224,1623.2663522455694,1.0017688537395544
1623.420513300189,1.0034578641494971,1623.420513300189,0.9996903499556157,1623.4080137585927,1.006486068883628,1623.2677410845083,1.0072436150890536
1623.42190213773,1.0008139645700338,1623.42190213773,0.9997462294964634,1623.409402596599,0.9978780958848122,1623.2691299229816,0.9910438697202658
1623.423290975737,0.9981198127604336,1623.423290975737,0.9997923482421461,1623.4107914346057,0.9907672059899092,1623.270518761919,0.9969800091256216
1623.424679813744,1.0057887033828368,1623.424679813744,0.9997936771186796,1623.4121802726129,0.9912134970037272,1623.2719076003907,0.9998234408323587
1623.4260686517505,1.0062713186561125,1623.4260686517505,0.9998662087206648,1623.4135691106203,1.0056103408489003,1623.2732964393292,1.002667688054882
1623.4274574892909,1.0151479650681332,1623.4274574892909,0.999881542585832,1623.4149579481616,0.9995938731386362,1623.2746852778023,0.9941194515873812
1623.4288463272983,1.0105052509791372,1623.4288463272983,1.0000002883053827,1623.416346786168,1.000316080326674,1623.2760741167406,1.003295907048598
1623.4302351653062,1.0197173711620524,1623.4302351653062,1.0000133620546157,1623.417735624175,1.006111067541425,1623.2774629552125,0.9957857542168622
1623.4316240028472,1.0011450465872944,1623.4316240028472,1.0000050287915296,1623.4191244621818,0.9910284428799832,1623.278851794151,0.9947635051792728
1623.4330128408535,1.0089765434585265,1623.4330128408535,1.0000189690602288,1623.420513300189,1.0031471433773254,1623.2802406326234,0.9885428866839456
1623.4344016788598,0.9971346665974975,1623.4344016788598,0.9999683266975703,1623.42190213773,1.0005599875062985,1623.2816294710954,0.9993861204921856
1623.4357905164018,0.9976602319987505,1623.4357905164018,0.9999732825569796,1623.423290975737,0.9979125514267652,1623.283018310034,0.9995666213194584
1623.4371793544094,1.0068168601594842,1623.4371793544094,0.9999203191227505,1623.424679813744,1.0055811861595554,1623.2844071485072,0.9916324002790696
1623.43856819195,1.0009813244731416,1623.43856819195,0.9998496297956759,1623.4260686517505,1.0061366883290312,1623.2857959874452,1.0093519272744769
1623.4399570299563,0.994884245275893,1623.4399570299563,0.9998117644402282,1623.4274574892909,1.0150277132651933,1623.287184825918,1.003863709914511
1623.441345867963,0.995758495943411,1623.441345867963,0.9998216715108899,1623.4288463272983,1.0105055423132403,1623.2885736643898,0.9904840181332654
1623.4427347055046,1.0013767072734214,1623.4427347055046,0.9999208193907714,1623.4302351653062,1.0197309966812584,1623.2899625028624,1.0093881497672994
1623.4441235435113,1.007370192947086,1623.4441235435113,0.9999039642299559,1623.4316240028472,1.0011500811370246,1623.2913513418014,0.9979292015407268
1623.4455123810528,0.9930812322699957,1623.4455123810528,0.9998658708421413,1623.4330128408535,1.0089956827953488,1623.2927401802738,0.9947147101514182
1623.4469012190596,1.0042526187124003,1623.4469012190596,0.9998579809224304,1623.4344016788598,0.9971030840496392,1623.2941290187457,1.0064792049590972
1623.448290056601,0.9990213057351737,1623.448290056601,0.9999132059053518,1623.4357905164018,0.9976335770683484,1623.2955178576833,1.0002282764603951
1623.4496788941422,1.00096676627404,1623.4496788941422,0.99994571245442,1623.4371793544094,1.006736636108837,1623.2969066961562,0.9946309838640688
1623.451067732149,1.0040517249638488,1623.451067732149,0.9998777893371741,1623.43856819195,1.000830806706856,1623.2982955346297,1.0063515087789594
1623.4524565696904,1.011314246306229,1623.4524565696904,0.9999080869552383,1623.4399570299563,0.9946969726830754,1623.299684373102,0.992089225038455
1623.4538454076976,1.011077093861177,1623.4538454076976,0.9998729526775029,1623.441345867963,0.9955809238353108,1623.3010732115738,0.99343149606235
1623.455234245239,0.9970549665761316,1623.455234245239,0.9998959211426757,1623.4427347055046,1.0012974176556722,1623.3024620505123,0.9950807408199768
1623.4566230827793,0.996421839670557,1623.4566230827793,0.9998919140671036,1623.4441235435113,1.0072734493748867,1623.3038508889847,0.993280489722666
1623.4580119207856,0.9930549672780794,1623.4580119207856,0.9998838300419326,1623.4455123810528,0.992948031120626,1623.305239727458,0.9937500908960304
1623.4594007583275,1.0084698307302573,1623.4594007583275,0.999942026034192,1623.4469012190596,1.004109995681844,1623.3066285659304,1.0055388472983389
1623.4607895958695,0.9910520097427058,1623.4607895958695,0.9999461167042387,1623.448290056601,0.9989345965854082,1623.3080174044023,1.002553923602753
1623.4621784338758,0.9998701180280015,1623.4621784338758,0.9999629682647353,1623.4496788941422,1.000912426245092,1623.3094062428752,1.0034543889496523
1623.4635672714164,1.006714275496263,1623.4635672714164,1.000044083549695,1623.451067732149,1.0039290191370294,1623.3107950813476,0.9991063985776316
1623.4649561089575,0.997438129928476,1623.4649561089575,1.0000421021129742,1623.4524565696904,1.01122129333464,1623.3121839198195,1.001255690431295
1623.4663449464997,1.0047604663657557,1623.4663449464997,1.0000868856475038,1623.4538454076976,1.0109486392235638,1623.3135727582924,1.0097486757043033
1623.4677337840417,1.0146883067661099,1623.4677337840417,1.0000421436136475,1623.455234245239,0.9969511942345208,1623.3149615967657,0.9947767573107932
1623.4691226220475,0.9929314232655664,1623.4691226220475,1.0000473203052924,1623.4566230827793,0.9963141404864578,1623.316350435238,0.9952420090666326
1623.4705114595884,1.0014589953104773,1623.4705114595884,1.000043325434438,1623.4580119207856,0.992939604124172,1623.31773927371,1.0165596596689523
1623.47190029713,1.0047393701463947,1623.47190029713,1.0000643922501662,1623.4594007583275,1.0084113657347722,1623.319128112182,1.0083215910386776
1623.473289134671,1.002712754667645,1623.473289134671,1.0000666820368411,1623.4607895958695,0.99099860859415,1623.3205169506552,0.997740613515244
1623.4746779722122,1.0032802221840569,1623.4746779722122,1.0000292488113547,1623.4621784338758,0.9998330911024916,1623.3219057891286,0.9982464371814308
1623.4760668097535,1.0023415280413768,1623.4760668097535,1.0001050451885771,1623.4635672714164,1.0067586550350556,1623.323294627601,0.9984195304069818
1623.4774556472946,1.0038916604134926,1623.4774556472946,1.0000242839258187,1623.4649561089575,0.997480124181307,1623.3246834660729,1.0017206703485393
1623.4788444853018,1.0016164025152152,1623.4788444853018,1.0000878834222706,1623.4663449464997,1.004847765629462,1623.3260723045448,0.9905461332522892
1623.4802333228424,0.999059905073144,1623.4802333228424,1.0000134777855578,1623.4677337840417,1.0147310693980829,1623.3274611430177,1.0000292906086423
1623.481622160383,0.9907692066232427,1623.481622160383,1.0000683569552884,1623.4691226220475,0.9929784090836498,1623.328849981491,0.9913359602909052
1623.483010997925,0.9960929882092922,1623.483010997925,1.0001233646119618,1623.4705114595884,1.0015023839565211,1623.3302388199634,1.0041971199516344
1623.484399835467,1.0025274817722605,1623.484399835467,1.000186694532929,1623.47190029713,1.004804067575269,1623.3316276579696,1.0075902772576977
1623.485788673008,0.9815882829594166,1623.485788673008,1.000202739658903,1623.473289134671,1.002779617596493,1623.3330164964425,0.9966122794658426
1623.4871775105487,0.993921457642891,1623.4871775105487,1.000232708702116,1623.4746779722122,1.0033095669380114,1623.334405334915,0.9948835898787424
1623.4885663480893,0.9991405471105671,1623.4885663480893,1.000142261062792,1623.4760668097535,1.0024468191962086,1623.3357941733868,1.0052969109485306
1623.4899551851656,1.0045764077829262,1623.4899551851656,1.0001812294879437,1623.4774556472946,1.0039160388441042,1623.3371830118597,0.9889303246418832
1623.4913440227076,1.0023401943695336,1623.4913440227076,1.0001773635138957,1623.4788444853018,1.0017044279924707,1623.338571849867,0.9954596838218114
1623.4927328602482,0.993631355430842,1623.4927328602482,1.0001508215129584,1623.4802333228424,0.999073370188304,1623.3399606883395,0.9991673583826256
1623.4941216977888,0.9972631968081813,1623.4941216977888,1.0002418508659774,1623.481622160383,0.990836932589601,1623.341349526812,0.9989825081378282
1623.49551053533,0.9930265537303306,1623.49551053533,1.0002302607136886,1623.483010997925,0.9962158708342604,1623.342738365284,1.0076707414819035
1623.4968993728714,1.0088505496259046,1623.4968993728714,1.0001875114425536,1623.484399835467,1.0027146481722184,1623.3441272032912,1.002086225299556
1623.4982882104125,1.0062323930975343,1623.4982882104125,1.000281821608528,1623.485788673008,0.981787289833087,1623.3455160417643,1.0045189088888091
1623.4996770474884,0.9943295336166855,1623.4996770474884,1.0002475347306103,1623.4871775105487,0.9941527518153042,1623.346904880237,0.9891369899339528
1623.5010658850294,0.9917610077532625,1623.5010658850294,1.0001832742369976,1623.4885663480893,0.9992826859066776,1623.3482937182432,0.9975875004264468
1623.502454722571,0.9936371533834425,1623.502454722571,1.000157091438317,1623.4899551851656,1.004758466650909,1623.3496825567152,0.990782564870543
1623.503843560112,0.9932860361077004,1623.503843560112,1.0001939943818563,1623.4913440227076,1.0025179729485258,1623.351071395188,1.0044306972646375
1623.505232397188,1.00131935215686,1623.505232397188,1.000236950977638,1623.4927328602482,0.993781216415191,1623.3524602331956,1.0007593131562948
1623.506621234729,0.9920254686690785,1623.506621234729,1.0002185442867872,1623.4941216977888,0.9975043857759368,1623.353849071668,1.0020062367928917
1623.5080100722705,1.0021829165230878,1623.5080100722705,1.000289842194495,1623.49551053533,0.9932552087333042,1623.3552379096743,0.9845068311000208
1623.509398909346,0.9950427092456516,1623.509398909346,1.0002797918618203,1623.4968993728714,1.009039720647786,1623.3566267481467,0.9946814099234952
1623.5107877468863,1.0048845103008375,1623.5107877468863,1.0003147005863533,1623.4982882104125,1.00651597112911,1623.358015586154,0.992941914752232
1623.5121765844272,0.9975982341975821,1623.5121765844272,1.0002990649957895,1623.4996770474884,0.9945756647099272,1623.3594044246272,0.9967486744810296
1623.5135654215037,0.9933179803524839,1623.5135654215037,1.0002552863746605,1623.5010658850294,0.9919427719952424,1623.362182101106,1.00401498809279
1623.5149542590457,1.0117633335729528,1623.5149542590457,1.0001405244698196,1623.502454722571,0.9937932452730328,1623.363570939113,0.9946800507305188
1623.516343096586,1.0023831930600018,1623.516343096586,1.0001020519668478,1623.503843560112,0.9934787280182816,1623.3649597775857,1.0072784783888995
1623.517731933661,1.0086134969756793,1623.517731933661,1.0000578597185195,1623.505232397188,1.0015566157562814,1623.3663486155915,0.9968793608857154
1623.519120771202,0.9873927335532079,1623.519120771202,1.0001034516284892,1623.506621234729,0.9922422701676036,1623.3677374540646,0.9958825967164344
1623.5205096082784,1.0005084903174264,1623.5205096082784,1.000103162024735,1623.5080100722705,1.0024733914188984,1623.3691262920722,1.0015241310441445
1623.5218984458204,0.9991722344043861,1623.5218984458204,1.0000568104054206,1623.509398909346,0.9953211140978622,1623.3705151305446,0.9984832085979286
1623.5232872828954,0.9947736428478844,1623.5232872828954,0.999989262536378,1623.5107877468863,1.0052007480454466,1623.371903968551,0.9949491029802072
1623.524676120436,0.9880606784884851,1623.524676120436,0.9999912309555742,1623.5121765844272,0.997896580909292,1623.3732928065572,1.004635119888296
1623.5260649575114,0.9948270181781674,1623.5260649575114,0.9998873812370326,1623.5135654215037,0.9935715608985732,1623.3746816450305,1.001596643989438
1623.527453795053,1.0087619990764582,1623.527453795053,0.9999187232965108,1623.5149542590457,1.011905511078986,1623.376070483038,0.998912101941648
1623.5288426321283,0.9910996209523023,1623.5288426321283,0.9998211450389207,1623.516343096586,1.0024854882363887,1623.3774593210449,1.003633054866407
1623.5302314692042,0.9976854994620181,1623.5302314692042,0.9998348824245676,1623.517731933661,1.0086718550687093,1623.3788481595168,0.9966218617763266
1623.5316203067453,0.9970384810557682,1623.5316203067453,0.9998097345131333,1623.519120771202,0.9874948809394524,1623.380236997523,0.9985837209185372
1623.5330091438211,0.9971021303597948,1623.5330091438211,0.9998665505432371,1623.5205096082784,1.000611704799052,1623.3816258355305,0.998824026236774
1623.534397980896,1.0016544773852214,1623.534397980896,0.9998432049308317,1623.5218984458204,0.9992289977841076,1623.383014673538,0.9950757797656126
1623.5357868184371,0.9930886812390374,1623.5357868184371,0.9999233820166645,1623.5232872828954,0.9947629615020822,1623.3844035120103,1.00132120353276
1623.5371756555137,0.9922950809429422,1623.5371756555137,1.0000332101832492,1623.524676120436,0.9880520141405,1623.3857923500166,1.0076402275995824
1623.538564492589,0.9901429084814195,1623.538564492589,1.0000390743742684,1623.5260649575114,0.9947149819900136,1623.3871811880238,0.9983705994598296
1623.5399533301304,0.9908624910256806,1623.5399533301304,1.0000119283663274,1623.527453795053,1.008680010226568,1623.3885700260305,1.006924748416778
1623.5413421672054,0.9825989940478052,1623.5413421672054,1.0000696532335143,1623.5288426321283,0.9909223578681712,1623.3899588640377,0.9970823563567484
1623.5427310042803,1.0079633210207306,1623.5427310042803,1.000037811011124,1623.5302314692042,0.997520764051303,1623.3913477020444,1.0115111412368682
1623.5441198413566,1.0090573788786872,1623.5441198413566,1.000045000734504,1623.5316203067453,0.9968487790437452,1623.3927365405168,0.9989939253588304
1623.5455086788986,1.005665619165146,1623.5455086788986,1.0000772808725076,1623.5330091438211,0.9969690676221612,1623.394125378524,1.0099703600787626
1623.5468975159736,1.0070971991824114,1623.5468975159736,1.0001151527221641,1623.534397980896,1.001497422902157,1623.3955142165307,1.0040173666804988
1623.5482863530483,1.0007027138023035,1623.5482863530483,1.0000600231170087,1623.5357868184371,0.9930125927870076,1623.396903054537,1.010110017157093
1623.549675190124,1.0065082484501284,1623.549675190124,1.0001069274523249,1623.5371756555137,0.9923280352444176,1623.3982918925442,0.9913319506716248
1623.5510640272005,1.0013778038285155,1623.5510640272005,1.0001164005123728,1623.538564492589,0.9901815976960048,1623.3996807305518,1.0124498678660547
1623.552452864276,0.995866959682302,1623.552452864276,1.0001266629260983,1623.5399533301304,0.9908743103964536,1623.4010695685586,0.9965606301327374
1623.553841701351,1.0110170826829517,1623.553841701351,1.0000906033292198,1623.5413421672054,0.9826674352449885,1623.4024584065648,1.0165051560305964
1623.5552305384265,0.9960016060068316,1623.5552305384265,0.9999658717721787,1623.5427310042803,1.0080014331330744,1623.4038472445711,1.0063392760421714
1623.5566193755024,0.9920234686808213,1623.5566193755024,0.9999085155578773,1623.5441198413566,1.0091027872018934,1623.4052360825788,0.9947296612741592
1623.5580082125778,1.0085816491952022,1623.5580082125778,0.9998837902962118,1623.5455086788986,1.005743337881646,1623.4066249205864,0.9986191958552224
1623.5593970496534,0.9985525707602695,1623.5593970496534,0.9998239582195826,1623.5468975159736,1.007213169166381,1623.4080137585927,1.006486068883628
1623.560785886729,1.004271084158485,1623.560785886729,0.9998212578811604,1623.5482863530483,1.0007627790983848,1623.409402596599,0.9978780958848122
1623.5621747238044,0.9898921383033468,1623.5621747238044,0.9999022567329743,1623.549675190124,1.0066158718128793,1623.4107914346057,0.9907672059899092
1623.5635635608803,0.9912355354228685,1623.5635635608803,0.9997934759722984,1623.5510640272005,1.00149436471796,1623.4121802726129,0.9912134970037272
1623.5649523979553,1.0031704703612048,1623.5649523979553,0.9998483702193274,1623.552452864276,0.99599309910542,1623.4135691106203,1.0056103408489003
1623.566341235031,0.9961668509274549,1623.566341235031,0.9999504243042782,1623.553841701351,1.0111086841965409,1623.4149579481616,0.9995938731386362
1623.567730072107,1.0075857665774646,1623.567730072107,1.0000228225779637,1623.5552305384265,0.9959676142371114,1623.416346786168,1.000316080326674
1623.5691189091829,1.0025639532244097,1623.5691189091829,0.9999615259714473,1623.5566193755024,0.9919327139672164,1623.417735624175,1.006111067541425
1623.5705077462578,1.0023631331786504,1623.5705077462578,0.9998937859181734,1623.5580082125778,1.008464442220503,1623.4191244621818,0.9910284428799832
1623.5718965833328,0.996869413755161,1623.5718965833328,0.9999353970295718,1623.5593970496534,0.9983767837878724,1623.420513300189,1.0031471433773254
1623.5732854199423,1.0041849271242476,1623.5732854199423,0.9999642947794155,1623.560785886729,1.004091578617013,1623.42190213773,1.0005599875062985
1623.5746742570188,1.0020191240061957,1623.5746742570188,0.9999914115856455,1623.5621747238044,0.989795383011746,1623.423290975737,0.9979125514267652
1623.5760630940952,0.992722266268756,1623.5760630940952,0.9999374324293381,1623.5635635608803,0.991030821467692,1623.424679813744,1.0055811861595554
1623.57745193117,0.9968563646272909,1623.57745193117,0.999856997004618,1623.5649523979553,1.0030183598428066,1623.4260686517505,1.0061366883290312
1623.578840768245,0.9967538724469773,1623.578840768245,0.9997896285582115,1623.566341235031,0.9961174652627652,1623.4274574892909,1.0150277132651933
1623.5802296048548,0.9960980277456521,1623.5802296048548,0.9996624877112383,1623.567730072107,1.0076087622821774,1623.4288463272983,1.0105055423132403
1623.5816184419311,1.004059012101206,1623.5816184419311,0.9997375316879418,1623.5691189091829,1.0025253805502474,1623.4302351653062,1.0197309966812584
1623.583007279007,1.0061720183129184,1623.583007279007,0.9997183556122295,1623.5705077462578,1.002256668098803,1623.4316240028472,1.0011500811370246
1623.5843961156163,1.0030279007802085,1623.5843961156163,0.999771911863742,1623.5718965833328,0.9968050130299034,1623.4330128408535,1.0089956827953488
1623.5857849526917,0.9960259336337993,1623.5857849526917,0.9996792369391956,1623.5732854199423,1.004149072479917,1623.4344016788598,0.9971030840496392
1623.5871737897676,1.0097390675306668,1623.5871737897676,0.9996738696108419,1623.5746742570188,1.0020105182507677,1623.4357905164018,0.9976335770683484
1623.5885626263769,1.003462258560854,1623.5885626263769,0.9996723593038631,1623.5760630940952,0.9926601540482136,1623.4371793544094,1.006736636108837
1623.5899514634525,0.9952368359724589,1623.5899514634525,0.9996821419857347,1623.57745193117,0.9967138111811836,1623.43856819195,1.000830806706856
1623.591340300063,1.0047027961939585,1623.591340300063,0.9996684325999435,1623.578840768245,0.9965441838977224,1623.4399570299563,0.9946969726830754
1623.5927291371386,0.991972787154377,1623.5927291371386,0.9996733694672505,1623.5802296048548,0.9957618324204768,1623.441345867963,0.9955809238353108
1623.5941179737486,1.0117642543152587,1623.5941179737486,0.9996758092510247,1623.5816184419311,1.003795478427093,1623.4427347055046,1.0012974176556722
1623.5955068108235,1.00184107549742,1623.5955068108235,0.9997919701046372,1623.583007279007,1.0058886356108288,1623.4441235435113,1.0072734493748867
1623.5968956474333,1.0081449824538617,1623.5968956474333,0.9997868293194019,1623.5843961156163,1.0027991220157049,1623.4455123810528,0.992948031120626
1623.5982844845096,0.9878604850655911,1623.5982844845096,0.9997264221588714,1623.5857849526917,0.9957064453066864,1623.4469012190596,1.004109995681844
1623.5996733211198,0.9890567843566951,1623.5996733211198,0.9997245486358401,1623.5871737897676,1.009409760935625,1623.448290056601,0.9989345965854082
1623.6010621581947,1.0019216523940508,1623.6010621581947,0.9996724269733832,1623.5885626263769,1.003133483487912,1623.4496788941422,1.000912426245092
1623.602450994804,0.9952108033023946,1623.602450994804,0.9996462873048558,1623.5899514634525,0.994920491968053,1623.451067732149,1.0039290191370294
1623.6038398314138,1.0120611849422791,1623.6038398314138,0.9995910794966473,1623.591340300063,1.004369669499995,1623.4524565696904,1.01122129333464
1623.60522866849,0.9910748038099064,1623.60522866849,0.9995471401668923,1623.5927291371386,0.9916487785544358,1623.4538454076976,1.0109486392235638
1623.6066175051003,1.0012882297444958,1623.6066175051003,0.9996072368400342,1623.5941179737486,1.0114362497038658,1623.455234245239,0.9969511942345208
1623.6080063421753,1.002210027616227,1623.6080063421753,0.9996031294338364,1623.5955068108235,1.001632662603314,1623.4566230827793,0.9963141404864578
1623.609395178785,1.0018190175010764,1623.609395178785,0.9996824489740442,1623.5968956474333,1.0079300755018106,1623.4580119207856,0.992939604124172
1623.6107840153948,0.9989938095835131,1623.6107840153948,0.9997005881762435,1623.5982844845096,0.9875902283267506,1623.4594007583275,1.0084113657347722
1623.6121728520054,1.0044177436740174,1623.6121728520054,0.9997034163872848,1623.5996733211198,0.9887843473162125,1623.4607895958695,0.99099860859415
1623.6135616890813,0.9904898510566659,1623.6135616890813,0.9997461467232831,1623.6010621581947,1.0015934498859431,1623.4621784338758,0.9998330911024916
1623.6149505256906,1.00015047979482,1623.6149505256906,0.9997737792383965,1623.602450994804,0.994858784606922,1623.4635672714164,1.0067586550350556
1623.6163393623003,1.006759061825834,1623.6163393623003,0.9997546261407297,1623.6038398314138,1.0116473323731088,1623.4649561089575,0.997480124181307
1623.6177281989103,0.9922948981820767,1623.6177281989103,0.9996873277855927,1623.60522866849,0.9906259858396558,1623.4663449464997,1.004847765629462
1623.6191170355198,1.0077031833759722,1623.6191170355198,0.9996976408804912,1623.6066175051003,1.0008949606153448,1623.4677337840417,1.0147310693980829
1623.6205058725952,1.0004662520001208,1623.6205058725952,0.9997657355479311,1623.6080063421753,1.001812279955152,1623.4691226220475,0.9929784090836498
1623.621894709206,0.9916637155748328,1623.621894709206,0.9998129247485532,1623.609395178785,1.001500888844247,1623.4705114595884,1.0015023839565211
1623.623283545816,1.0074850955090897,1623.623283545816,0.9997950528481137,1623.6107840153948,0.9986946990250644,1623.47190029713,1.004804067575269
1623.6246723824254,1.000679828228169,1623.6246723824254,0.9997766047244403,1623.6121728520054,1.0041198498309232,1623.473289134671,1.002779617596493
1623.6260612190345,0.9930066827206544,1623.6260612190345,0.9997770941493533,1623.6135616890813,0.9902384119624204,1623.4746779722122,1.0033095669380114
1623.6274500556444,0.9950579073989458,1623.6274500556444,0.9998569163822544,1623.6149505256906,0.9999242249915627,1623.4760668097535,1.0024468191962086
1623.628838892255,1.012453981188924,1623.628838892255,0.999859609056541,1623.6163393623003,1.0065120294694785,1623.4774556472946,1.0039160388441042
1623.6302277288648,1.0018152401591198,1623.6302277288648,0.9998663242064199,1623.6177281989103,0.991984635138917,1623.4788444853018,1.0017044279924707
1623.631616565474,0.9964340386564068,1623.631616565474,0.9997956468271869,1623.6191170355198,1.0073984951287205,1623.4802333228424,0.999073370188304
1623.6330054020843,1.0087784229419567,1623.6330054020843,0.9998573069399321,1623.6205058725952,1.0002318783217827,1623.481622160383,0.990836932589601
1623.634394238694,0.9935857321427154,1623.634394238694,0.999782320505676,1623.621894709206,0.991478199835891,1623.483010997925,0.9962158708342604
1623.6357830753047,1.006097201637323,1623.6357830753047,0.9998836848175903,1623.623283545816,1.007278614308197,1623.484399835467,1.0027146481722184
1623.637171911915,1.00566662605108,1623.637171911915,0.9998110409691043,1623.6246723824254,1.0004562810821949,1623.485788673008,0.981787289833087
1623.6385607485242,0.9868359968828654,1623.6385607485242,0.9997986506850854,1623.6260612190345,0.9927853357213448,1623.4871775105487,0.9941527518153042
1623.639949585134,0.988421240017517,1623.639949585134,0.999865100090371,1623.6274500556444,0.9949155309136888,1623.4885663480893,0.9992826859066776
1623.6413384212783,0.9880460189749465,1623.6413384212783,0.9997934629510793,1623.628838892255,1.012311841819296,1623.4899551851656,1.004758466650909
1623.6427272578876,1.0029801991879375,1623.6427272578876,0.9998340965372781,1623.6302277288648,1.001681321711871,1623.4913440227076,1.0025179729485258
1623.6441160944976,1.0047791328063986,1623.6441160944976,0.9998409804190665,1623.631616565474,0.9962304141991084,1623.4927328602482,0.993781216415191
1623.6455049311082,1.0143205701994984,1623.6455049311082,0.9999591524934986,1623.6330054020843,1.0086344772618567,1623.4941216977888,0.9975043857759368
1623.646893767718,0.9983893868770892,1623.646893767718,0.999993230537597,1623.634394238694,0.993369448902975,1623.49551053533,0.9932552087333042
1623.6482826038616,0.9997077607017107,1623.6482826038616,0.9999359761088643,1623.6357830753047,1.0059801772577928,1623.4968993728714,1.009039720647786
1623.649671440471,0.9843553521914741,1623.649671440471,0.9999518760945396,1623.637171911915,1.0054765962600174,1623.4982882104125,1.00651597112911
1623.6510602770816,0.9951833101265114,1623.6510602770816,0.9999521114253012,1623.6385607485242,0.98663729813096,1623.4996770474884,0.9945756647099272
1623.6524491132266,1.0002803047174256,1623.6524491132266,1.000051663685498,1623.639949585134,0.9882879020815633,1623.5010658850294,0.9919427719952424
1623.6538379498368,0.9941106275131342,1623.6538379498368,0.9999818732578254,1623.6413384212783,0.9878419508659896,1623.502454722571,0.9937932452730328
1623.655226786446,1.0096746927495643,1623.655226786446,1.000047158368272,1623.6427272578876,1.0028138012998506,1623.503843560112,0.9934787280182816
1623.6566156225897,0.9879094921109172,1623.6566156225897,1.0000822164651655,1623.6441160944976,1.0046193532497691,1623.505232397188,1.0015566157562814
1623.6580044591994,1.005955010212536,1623.6580044591994,1.0000882517365624,1623.6455049311082,1.0142791377334126,1623.506621234729,0.9922422701676036
1623.65939329581,1.0027430889476436,1623.65939329581,1.0000657069770582,1623.646893767718,0.9983826283176712,1623.5080100722705,1.0024733914188984
1623.6607821319544,1.0110928873553353,1623.6607821319544,0.9999953248877546,1623.6482826038616,0.999643755520872,1623.509398909346,0.9953211140978622
1623.6621709685635,1.0058774450506953,1623.6621709685635,1.0000302453752192,1623.649671440471,0.9843079811675658,1623.5107877468863,1.0052007480454466
1623.663559804708,0.9924839921628684,1623.663559804708,1.0001508594427069,1623.6510602770816,0.9951356522162254,1623.5121765844272,0.997896580909292
1623.6649486413178,1.0017213232045061,1623.6649486413178,1.0002644103563012,1623.6524491132266,1.0003319828844983,1623.5135654215037,0.9935715608985732
1623.6663374774623,1.0069637678706829,1623.6663374774623,1.0003244122845656,1623.6538379498368,0.9940926075260962,1623.5149542590457,1.011905511078986
1623.667726314072,0.9961078742792875,1623.667726314072,1.000396192384276,1623.655226786446,1.00972230736056,1623.516343096586,1.0024854882363887
1623.6691151502166,1.007062015053875,1623.6691151502166,1.000364150482383,1623.6566156225897,0.987990714537262,1623.517731933661,1.0086718550687093
1623.6705039863607,0.9961487356621135,1623.6705039863607,1.0002689236709124,1623.6580044591994,1.0060437874890908,1623.519120771202,0.9874948809394524
1623.671892822971,1.011388803279435,1623.671892822971,1.0002347204577708,1623.65939329581,1.0028089761647845,1623.5205096082784,1.000611704799052
1623.6732816591143,0.9934312554755516,1623.6732816591143,1.000198217852927,1623.6607821319544,1.0110881603825963,1623.5218984458204,0.9992289977841076
1623.6746704957245,1.0031529421235494,1623.6746704957245,1.0001742884788598,1623.6621709685635,1.0059078681914455,1623.5232872828954,0.9947629615020822
1623.6760593318693,1.0079898677657269,1623.6760593318693,1.0000943340590924,1623.663559804708,0.9926337177448216,1623.524676120436,0.9880520141405
1623.6774481680138,1.0086594841744367,1623.6774481680138,1.0001130594920293,1623.6649486413178,1.0019861886964891,1623.5260649575114,0.9947149819900136
1623.678837004623,1.0028493922733401,1623.678837004623,1.0001133255065022,1623.6663374774623,1.0072904392870925,1623.527453795053,1.008680010226568
1623.6802258407663,0.9900296468685468,1623.6802258407663,1.0000367175517682,1623.667726314072,0.9965025246329942,1623.5288426321283,0.9909223578681712
1623.6816146769113,0.9968720007812166,1623.6816146769113,1.0000976441102403,1623.6691151502166,1.0074287371724464,1623.5302314692042,0.997520764051303
1623.6830035130563,0.9985233783894879,1623.6830035130563,1.0001197121527254,1623.6705039863607,0.9964166236368824,1623.5316203067453,0.9968487790437452
1623.6843923492,0.9995831453784985,1623.6843923492,1.0000396271296395,1623.671892822971,1.011626196922325,1623.5330091438211,0.9969690676221612
1623.6857811858092,0.9967383355394296,1623.6857811858092,1.0000154182447538,1623.6732816591143,0.9936281712860424,1623.534397980896,1.001497422902157
1623.6871700219538,1.0115622389554304,1623.6871700219538,0.9999255692327734,1623.6746704957245,1.0033277801238958,1623.5357868184371,0.9930125927870076
1623.6885588580978,0.9906899596387371,1623.6885588580978,1.000054031468889,1623.6760593318693,1.0080849555414773,1623.5371756555137,0.9923280352444176
1623.6899476942428,1.012426498938235,1623.6899476942428,1.000060135381713,1623.6774481680138,1.008773522703348,1623.538564492589,0.9901815976960048
1623.6913365303874,1.0145396369585744,1623.6913365303874,0.999993157709022,1623.678837004623,1.002963040688665,1623.5399533301304,0.9908743103964536
1623.692725366531,1.0041954315950237,1623.692725366531,1.0000535209043158,1623.6802258407663,0.9900659983333576,1623.5413421672054,0.9826674352449885
1623.694114202675,0.9938679648572127,1623.694114202675,0.9999479314911961,1623.6816146769113,0.9969693394607564,1623.5427310042803,1.0080014331330744
1623.6955030388192,0.9980937255166806,1623.6955030388192,0.9999176862057335,1623.6830035130563,0.9986429137726616,1623.5441198413566,1.0091027872018934
1623.6968918749635,0.9986953301198868,1623.6968918749635,0.9998975676301115,1623.6843923492,0.9996227559893858,1623.5455086788986,1.005743337881646
1623.6982807111078,1.0102668026743282,1623.6982807111078,0.9998793168130768,1623.6857811858092,0.9967537034950424,1623.5468975159736,1.007213169166381
1623.6996695472524,1.0025169431140957,1623.6996695472524,0.9998186069753727,1623.6871700219538,1.0114869476018875,1623.5482863530483,1.0007627790983848
1623.7010583833965,0.994250852105038,1623.7010583833965,0.9997666094456223,1623.6885588580978,0.99074348807247,1623.549675190124,1.0066158718128793
1623.70244721954,0.9936084969620066,1623.70244721954,0.9998147472533729,1623.6899476942428,1.0124873815922049,1623.5510640272005,1.00149436471796
1623.7038360556835,0.9996795706589888,1623.7038360556835,0.9998081559953873,1623.6913365303874,1.0145326951831697,1623.552452864276,0.99599309910542
1623.7052248918287,0.9906800212259077,1623.7052248918287,0.9997833568540586,1623.692725366531,1.0042491770426325,1623.553841701351,1.0111086841965409
1623.7066137279735,1.0073014736670958,1623.7066137279735,0.9997832036641761,1623.694114202675,0.9938162156343346,1623.5552305384265,0.9959676142371114
1623.7080025641185,0.994161137552502,1623.7080025641185,0.9996842922673198,1623.6955030388192,0.9980115686350998,1623.5566193755024,0.9919327139672164
1623.709391400262,1.000227752393384,1623.709391400262,0.9996933483353346,1623.6968918749635,0.998593031390426,1623.5580082125778,1.008464442220503
1623.7107802359396,0.9956209462802252,1623.7107802359396,0.9996131163142725,1623.6982807111078,1.0101448804569388,1623.5593970496534,0.9983767837878724
1623.7121690720844,0.9892037715420952,1623.7121690720844,0.9995979825899374,1623.6996695472524,1.0023350935335442,1623.560785886729,1.004091578617013
1623.7135579082294,1.0001523785379547,1623.7135579082294,0.9995048404854182,1623.7010583833965,0.9940188033474748,1623.5621747238044,0.989795383011746
1623.714946744373,1.00977159385213,1623.714946744373,0.9994371377718119,1623.70244721954,0.9934244282588724,1623.5635635608803,0.991030821467692
1623.716335580051,0.9962958175555308,1623.716335580051,0.9994513420410854,1623.7038360556835,0.9994877881268242,1623.5649523979553,1.0030183598428066
1623.7177244161956,1.0063985831021687,1623.7177244161956,0.999414287449963,1623.7052248918287,0.990465397189488,1623.566341235031,0.9961174652627652
1623.7191132523396,1.0142044608434821,1623.7191132523396,0.9994197015043299,1623.7066137279735,1.0070830943985347,1623.567730072107,1.0076087622821774
1623.7205020880183,1.0131485590952292,1623.7205020880183,0.9993445859421961,1623.7080025641185,0.9938472731938466,1623.5691189091829,1.0025253805502474
1623.7218909241626,1.0015608417098492,1623.7218909241626,0.9993185324545029,1623.709391400262,0.9999210308880682,1623.5705077462578,1.002256668098803
1623.7232797603072,0.997951425300111,1623.7232797603072,0.9992577182540096,1623.7107802359396,0.9952357567789408,1623.5718965833328,0.9968050130299034
1623.7246685959856,1.0032638470557396,1623.7246685959856,0.9992778900386368,1623.7121690720844,0.9888060944038356,1623.5732854199423,1.004149072479917
1623.7260574321292,0.997566141688028,1623.7260574321292,0.9993911141255657,1623.7135579082294,0.99965714357169,1623.5746742570188,1.0020105182507677
1623.727446267808,0.9998975136337216,1623.727446267808,0.999353029013006,1623.714946744373,1.0092032315628532,1623.5760630940952,0.9926601540482136
1623.7288351039529,0.9976792218043987,1623.7288351039529,0.999390029887415,1623.716335580051,0.9957491919257956,1623.57745193117,0.9967138111811836
1623.7302239396315,0.9975785444274669,1623.7302239396315,0.9992591301609896,1623.7177244161956,1.0058091228217063,1623.578840768245,0.9965441838977224
1623.7316127757756,1.0072134485488515,1623.7316127757756,0.9993041441184168,1623.7191132523396,1.0136159195205527,1623.5802296048548,0.9957618324204768
1623.7330016114536,0.9902508542579055,1623.7330016114536,0.9992607256901423,1623.7205020880183,1.0124845272869545,1623.5816184419311,1.003795478427093
1623.7343904475972,1.0075240554946612,1623.7343904475972,0.9991876353315114,1623.7218909241626,1.0008783105013832,1623.583007279007,1.0058886356108288
1623.737168118956,0.9930509580143477,1623.737168118956,0.9992000930521924,1623.7232797603072,0.9972106641737256,1623.5843961156163,1.0027991220157049
1623.7385569550995,1.0006412975261734,1623.7385569550995,0.9991072805947385,1623.7246685959856,1.002539380237905,1623.5857849526917,0.9957064453066864
1623.7399457907777,1.00407707236847,1623.7399457907777,0.999106470543844,1623.7260574321292,0.9969587377555402,1623.5871737897676,1.009409760935625
1623.7413346264564,1.0030618948922576,1623.7413346264564,0.9990994647774925,1623.727446267808,0.9992506089524332,1623.5885626263769,1.003133483487912
1623.7427234626014,0.9939878295172683,1623.7427234626014,0.9989677232284842,1623.7288351039529,0.997070667297151,1623.5899514634525,0.994920491968053
1623.7441122982798,0.9964455771765965,1623.7441122982798,0.9989614161723528,1623.7302239396315,0.9968394685718566,1623.591340300063,1.004369669499995
1623.7455011339578,1.0071729302634793,1623.7455011339578,0.9988745128889976,1623.7316127757756,1.006512573146669,1623.5927291371386,0.9916487785544358
1623.7468899696362,1.0012588700091258,1623.7468899696362,0.9988003379512989,1623.7330016114536,0.989518787241038,1623.5941179737486,1.0114362497038658
1623.7482788057807,1.0066179260930193,1623.7482788057807,0.9989131626915609,1623.7343904475972,1.006705578549325,1623.5955068108235,1.001632662603314
1623.7496676414592,1.0060131399251386,1623.7496676414592,0.9988800292851239,1623.7357792832763,1.0202147334615776,1623.5968956474333,1.0079300755018106
1623.751056477138,0.9944380534454434,1623.751056477138,0.9988391739281466,1623.737168118956,0.992256609653505,1623.5982844845096,0.9875902283267506
1623.7524453128165,1.0050995303954406,1623.7524453128165,0.9988303564010118,1623.7385569550995,0.9997480056221658,1623.5996733211198,0.9887843473162125
1623.7538341484951,0.9953874686026913,1623.7538341484951,0.9988351415979064,1623.7399457907777,1.003179899928058,1623.6010621581947,1.0015934498859431
1623.7552229841738,0.9959495053974987,1623.7552229841738,0.9988329907344822,1623.7413346264564,1.002158602325552,1623.602450994804,0.994858784606922
1623.7566118198515,0.9926494031911526,1623.7566118198515,0.9987638473537092,1623.7427234626014,0.9929617589696882,1623.6038398314138,1.0116473323731088
1623.7580006555306,1.0021449259344561,1623.7580006555306,0.9987600339582821,1623.7441122982798,0.9954106849150104,1623.60522866849,0.9906259858396558
1623.75938949121,0.9933629162766494,1623.75938949121,0.9987432485868187,1623.7455011339578,1.0060393701119172,1623.6066175051003,1.0008949606153448
1623.760778327354,1.010808891487307,1623.760778327354,0.9987265634276549,1623.7468899696362,1.0000576977418505,1623.6080063421753,1.001812279955152
1623.7621671625664,0.9972834039982801,1623.7621671625664,0.9986040313105945,1623.7482788057807,1.005523896175598,1623.609395178785,1.001500888844247
1623.7635559982443,0.9977659489841526,1623.7635559982443,0.9985364268491179,1623.7496676414592,1.004886434669642,1623.6107840153948,0.9986946990250644
1623.7649448339228,1.0040655048001927,1623.7649448339228,0.9985799570707199,1623.751056477138,0.9932836838261608,1623.6121728520054,1.0041198498309232
1623.766333669602,1.000802446248005,1623.766333669602,0.9986161141363068,1623.7524453128165,1.0039239221633676,1623.6135616890813,0.9902384119624204
1623.7677225052814,1.0103251117763377,1623.7677225052814,0.9986400985831659,1623.7538341484951,0.9942279831465508,1623.6149505256906,0.9999242249915627
1623.7691113409594,1.013119068528396,1623.7691113409594,0.9986332506334554,1623.7552229841738,0.994787223096712,1623.6163393623003,1.0065120294694785
1623.7705001766374,1.0084649845888918,1623.7705001766374,0.9985826716375107,1623.7566118198515,0.9914223370045588,1623.6177281989103,0.991984635138917
1623.7718890123165,1.006507013749894,1623.7718890123165,0.9985550525139278,1623.7580006555306,1.0009023002574176,1623.6191170355198,1.0073984951287205
1623.7732778479956,0.9872419712805396,1623.7732778479956,0.998563729755938,1623.75938949121,0.9921145060278168,1623.6205058725952,1.0002318783217827
1623.7746666832084,0.99838367151684,1623.7746666832084,0.9985596899720034,1623.760778327354,1.0095216904772355,1623.621894709206,0.991478199835891
1623.7760555188863,0.9896695784602074,1623.7760555188863,0.9986061674115727,1623.7621671625664,0.9958912275918348,1623.623283545816,1.007278614308197
1623.7774443545652,1.009764515021408,1623.7774443545652,0.998644523524193,1623.7635559982443,0.996305645530355,1623.6246723824254,1.0004562810821949
1623.778833189778,1.000187139596079,1623.778833189778,0.998630550832923,1623.7649448339228,1.0026396886795672,1623.6260612190345,0.9927853357213448
1623.780222025456,1.0022243792259544,1623.780222025456,0.9986769223981631,1623.766333669602,0.9994174498902928,1623.6274500556444,0.9949155309136888
1623.7816108611344,1.0031074237774917,1623.7816108611344,0.9986066348436047,1623.7677225052814,1.00895116922537,1623.628838892255,1.012311841819296
1623.782999696348,0.9989330680028305,1623.782999696348,0.9986711598677956,1623.7691113409594,1.0117343886832506,1623.6302277288648,1.001681321711871
1623.784388532027,0.9950444657401217,1623.784388532027,0.998605064107224,1623.7705001766374,1.0070356585636566,1623.631616565474,0.9962304141991084
1623.7857773677054,0.9847709327733156,1623.7857773677054,0.9985589096738599,1623.7718890123165,1.005052663970662,1623.6330054020843,1.0086344772618567
1623.7871662029177,0.9995142219603488,1623.7871662029177,0.998479550201774,1623.7732778479956,0.9858240250135002,1623.634394238694,0.993369448902975
1623.7885550385956,1.0170280724401268,1623.7885550385956,0.998395373772967,1623.7746666832084,0.9969456895029662,1623.6357830753047,1.0059801772577928
1623.7899438738093,1.0079314914746351,1623.7899438738093,0.998449104253971,1623.7760555188863,0.9882901447499745,1623.637171911915,1.0054765962600174
1623.7913327094886,1.0015376655228196,1623.7913327094886,0.998413057371393,1623.7774443545652,1.0083958029751918,1623.6385607485242,0.98663729813096
1623.792721544701,1.0044420565735186,1623.792721544701,0.9983408534668091,1623.778833189778,0.998817434150838,1623.639949585134,0.9882879020815633
1623.794110380379,1.0047950710196751,1623.794110380379,0.9983645357808512,1623.780222025456,1.0008983585977858,1623.6413384212783,0.9878419508659896
1623.795499215592,0.9976564558386259,1623.795499215592,0.9982909107162046,1623.7816108611344,1.0017097288450787,1623.6427272578876,1.0028138012998506
1623.796888051271,1.003309544933955,1623.796888051271,0.9983152374562336,1623.782999696348,0.9976056456526824,1623.6441160944976,1.0046193532497691
1623.7982768864842,1.003868544061208,1623.7982768864842,0.9982527796109664,1623.784388532027,0.9936564424999528,1623.6455049311082,1.0142791377334126
1623.7996657216966,0.999572952451399,1623.7996657216966,0.9982982323696755,1623.7857773677054,0.983351788908632,1623.646893767718,0.9983826283176712
1623.801054557375,0.9993813343610175,1623.801054557375,0.9982457206230536,1623.7871662029177,0.9979945107632452,1623.6482826038616,0.999643755520872
1623.8024433925882,1.0055020053549646,1623.8024433925882,0.9981701362019055,1623.7885550385956,1.0153961225214607,1623.649671440471,0.9843079811675658
1623.8038322278005,0.9979423457544621,1623.8038322278005,0.9980814650903556,1623.7899438738093,1.0063682948122186,1623.6510602770816,0.9951356522162254
1623.8052210630133,1.0009953530105027,1623.8052210630133,0.9980252752087649,1623.7913327094886,0.999948282707246,1623.6524491132266,1.0003319828844983
1623.8066098986926,1.0048997570782043,1623.8066098986926,0.9980824652543339,1623.792721544701,1.0027755400175635,1623.6538379498368,0.9940926075260962
1623.8079987339058,0.9979410844301044,1623.8079987339058,0.9980940992688784,1623.794110380379,1.0031517646334454,1623.655226786446,1.00972230736056
1623.8093875691186,1.0002646820480412,1623.8093875691186,0.9981066903754527,1623.795499215592,0.9959513718810428,1623.6566156225897,0.987990714537262
1623.810776404331,0.9974282895744954,1623.810776404331,0.9980917961220276,1623.796888051271,1.001619206592847,1623.6580044591994,1.0060437874890908
1623.812165239544,0.9945622517606044,1623.812165239544,0.9981274080388819,1623.7982768864842,1.0021145644731149,1623.65939329581,1.0028089761647845
1623.8135540752232,1.0142301740437119,1623.8135540752232,0.9980474063634935,1623.7996657216966,0.9978719115567694,1623.6607821319544,1.0110881603825963
1623.8149429104362,0.9946429422771376,1623.8149429104362,0.9981150338207787,1623.801054557375,0.9976281402964428,1623.6621709685635,1.0059078681914455
1623.8163317456483,0.9976011800086653,1623.8163317456483,0.9980596991569785,1623.8024433925882,1.003662073636454,1623.663559804708,0.9926337177448216
1623.8177205808609,1.004637015408367,1623.8177205808609,0.9980263683962054,1623.8038322278005,0.9960277585263196,1623.6649486413178,1.0019861886964891
1623.8191094160736,0.9975300649632757,1623.8191094160736,0.9979605321596878,1623.8052210630133,0.9990186626710018,1623.6663374774623,1.0072904392870925
1623.8204982512873,1.00120724664275,1623.8204982512873,0.9980100179335716,1623.8066098986926,1.0029728268780955,1623.667726314072,0.9965025246329942
1623.8218870865005,1.0018822806968697,1623.8218870865005,0.9980117069958235,1623.8079987339058,0.9960391077876728,1623.6691151502166,1.0074287371724464
1623.8232759217128,0.9959595434736663,1623.8232759217128,0.9980084665503751,1623.8093875691186,0.9983708712984248,1623.6705039863607,0.9964166236368824
1623.8246647569256,0.9986906276259613,1623.8246647569256,0.997935054494053,1623.810776404331,0.99552499304433,1623.671892822971,1.011626196922325
1623.8260535921388,0.9995448995784879,1623.8260535921388,0.9978858072031755,1623.812165239544,0.992699842483126,1623.6732816591143,0.9936281712860424
1623.8274424268868,1.002340453930632,1623.8274424268868,0.9979301805729272,1623.8135540752232,1.0122497946599212,1623.6746704957245,1.0033277801238958
1623.8288312620996,0.9875099615756788,1623.8288312620996,0.997981883349581,1623.8149429104362,0.992768073970544,1623.6760593318693,1.0080849555414773
1623.830220097312,0.9870168669696411,1623.830220097312,0.997964191693184,1623.8163317456483,0.9956655335980952,1623.6774481680138,1.008773522703348
1623.831608932525,0.9976988627268946,1623.831608932525,0.9980390207515785,1623.8177205808609,1.0026542320444152,1623.678837004623,1.002963040688665
1623.832997767738,0.9939148508270015,1623.832997767738,0.9979558134162752,1623.8191094160736,0.9954956344760386,1623.6802258407663,0.9900659983333576
1623.8343866029502,1.0097760878740834,1623.8343866029502,0.9980096625875083,1623.8204982512873,0.9992148621771526,1623.6816146769113,0.9969693394607564
1623.8357754376973,0.9945886016919534,1623.8357754376973,0.9979856243147854,1623.8218870865005,0.9998902451671516,1623.6830035130563,0.9986429137726616
1623.837164272911,0.993489889760482,1623.837164272911,0.9980255423999517,1623.8232759217128,0.9939760567283654,1623.6843923492,0.9996227559893858
1623.8385531081242,0.9998742334776255,1623.8385531081242,0.9981060394011243,1623.8246647569256,0.9966283859026136,1623.6857811858092,0.9967537034950424
1623.8399419428708,0.9920693153386168,1623.8399419428708,0.9980881493995113,1623.8260535921388,0.9974316689516964,1623.6871700219538,1.0114869476018875
1623.8413307780831,0.9987161742259149,1623.8413307780831,0.9980034327475756,1623.8274424268868,1.0002657901865453,1623.6885588580978,0.99074348807247
1623.8427196132968,1.0012342439603636,1623.8427196132968,0.9980372725011107,1623.8288312620996,0.9855170512797684,1623.6899476942428,1.0124873815922049
1623.8441084480448,0.9998200743678496,1623.8441084480448,0.9979515679397172,1623.830220097312,0.9850074898328968,1623.6913365303874,1.0145326951831697
1623.8454972832576,1.0001183623051033,1623.8454972832576,0.9979075216478638,1623.831608932525,0.9957423959609134,1623.692725366531,1.0042491770426325
1623.8468861180042,1.0007335263106532,1623.8468861180042,0.9978513629318126,1623.832997767738,0.991883103423576,1623.694114202675,0.9938162156343346
1623.8482749532166,1.0042378961369485,1623.8482749532166,0.9978176852719043,1623.8343866029502,1.007766292748148,1623.6955030388192,0.9980115686350998
1623.8496637879637,1.000098004437305,1623.8496637879637,0.997823798900118,1623.8357754376973,0.9925851265959136,1623.6968918749635,0.998593031390426
1623.851052623177,1.0066896127235163,1623.851052623177,0.9977660190767069,1623.837164272911,0.9915282860970732,1623.6982807111078,1.0101448804569388
1623.852441457925,0.9967369439396758,1623.852441457925,0.9977745768637352,1623.8385531081242,0.9979805110755878,1623.6996695472524,1.0023350935335442
1623.8538302931372,1.001317170745712,1623.8538302931372,0.9977591510233097,1623.8399419428708,0.9901726270223602,1623.7010583833965,0.9940188033474748
1623.8552191278843,0.9971918400063025,1623.8552191278843,0.9977672353696633,1623.8413307780831,0.9967221702179888,1623.70244721954,0.9934244282588724
1623.856607962632,1.0000922057958102,1623.856607962632,0.997784939016433,1623.8427196132968,0.999269093976913,1623.7038360556835,0.9994877881268242
1623.8579967978446,0.9962355379779072,1623.8579967978446,0.997689004516971,1623.8441084480448,0.9977720108730002,1623.7052248918287,0.990465397189488
1623.8593856325922,0.9922610366390014,1623.8593856325922,0.997774006966768,1623.8454972832576,0.998025636282406,1623.7066137279735,1.0070830943985347
1623.8607744673393,0.995302569492964,1623.8607744673393,0.9976831013465047,1623.8468861180042,0.9985833131606442,1623.7080025641185,0.9938472731938466
1623.8621633025523,1.006421189407121,1623.8621633025523,0.9976861980058304,1623.8482749532166,1.002046332985697,1623.709391400262,0.9999210308880682
1623.863552137299,0.9986972017478063,1623.863552137299,0.9977510834657968,1623.8496637879637,0.9979215900600586,1623.7107802359396,0.9952357567789408
1623.8649409720454,0.9921111464920501,1623.8649409720454,0.9977278835678428,1623.851052623177,1.0044406873330147,1623.7121690720844,0.9888060944038356
1623.8663298067934,1.001529670533797,1623.8663298067934,0.9976503885731363,1623.852441457925,0.9945187824838626,1623.7135579082294,0.99965714357169
1623.867718642007,0.9941038766501636,1623.867718642007,0.9975719733859922,1623.8538302931372,0.999073370188304,1623.714946744373,1.0092032315628532
1623.8691074767546,0.9893603249482656,1623.8691074767546,0.997627891373959,1623.8552191278843,0.994965345336276,1623.716335580051,0.9957491919257956
1623.8704963115013,0.9821783378762415,1623.8704963115013,0.9976757369823842,1623.856607962632,0.9978769405707822,1623.7177244161956,1.0058091228217063
1623.871885146248,0.9921991965005457,1623.871885146248,0.997565369457852,1623.8579967978446,0.9939332421496072,1623.7191132523396,1.0136159195205527
1623.873273980996,1.0159257475933297,1623.873273980996,0.9975368025434259,1623.8593856325922,0.9900522704842954,1623.7205020880183,1.0124845272869545
1623.874662815744,1.0051851563258845,1623.874662815744,0.9974246635391728,1623.8607744673393,0.9929965543098854,1623.7218909241626,1.0008783105013832
1623.8760516504906,0.9987533193834501,1623.8760516504906,0.9973307800497622,1623.8621633025523,1.0040925300520964,1623.7232797603072,0.9972106641737256
1623.8774404852372,0.9935891074016708,1623.8774404852372,0.9973828004988409,1623.863552137299,0.9964512150981332,1623.7246685959856,1.002539380237905
1623.8788293199843,0.9981892565116851,1623.8788293199843,0.9972834496816156,1623.8649409720454,0.9898569544535792,1623.7260574321292,0.9969587377555402
1623.8802181547317,1.0081631920180987,1623.8802181547317,0.997341494341083,1623.8663298067934,0.9991764649755678,1623.727446267808,0.9992506089524332
1623.881606989479,0.9975066569167814,1623.881606989479,0.9973916328181219,1623.867718642007,0.9916901659805688,1623.7288351039529,0.997070667297151
1623.882995824226,0.9838241289001929,1623.882995824226,0.99748080902638,1623.8691074767546,0.9870134547871932,1623.7302239396315,0.9968394685718566
1623.8843846589737,1.0068362359100216,1623.8843846589737,0.9974238244710392,1623.8704963115013,0.9798954970888124,1623.7316127757756,1.006512573146669
1623.885773493255,0.9897716160956608,1623.885773493255,0.9975083073539187,1623.871885146248,0.9897835580328508,1623.7330016114536,0.989518787241038
1623.887162328003,0.9927204040498422,1623.887162328003,0.9974124551194473,1623.873273980996,1.0134233218757895,1623.7343904475972,1.006705578549325
1623.8885511627498,0.9995779441021031,1623.8885511627498,0.9974429168948361,1623.874662815744,1.002596466342916,1623.7357792832763,1.0202147334615776
1623.889939997497,0.9992456698094102,1623.889939997497,0.9974676583026034,1623.8760516504906,0.9960874270979856,1623.737168118956,0.992256609653505
1623.8913288322444,1.0011524109854442,1623.8913288322444,0.9973734449586314,1623.8774404852372,0.990988686485422,1623.7385569550995,0.9997480056221658
1623.8927176665263,0.99715186531512,1623.8927176665263,0.9973356107117577,1623.8788293199843,0.9954776251691004,1623.7399457907777,1.003179899928058
1623.894106501273,1.0180606909533862,1623.894106501273,0.9972267643799004,1623.8802181547317,1.0054829844670068,1623.7413346264564,1.002158602325552
1623.8954953360196,1.0049772020743395,1623.8954953360196,0.997160668876126,1623.881606989479,0.9949047932891748,1623.7427234626014,0.9929617589696882
,,,,1623.882995824226,0.981345688035038,1623.7441122982798,0.9954106849150104
,,,,1623.8843846589737,1.0042424490373991,1623.7455011339578,1.0060393701119172
,,,,1623.885773493255,0.9873054094385352,1623.7468899696362,1.0000576977418505
,,,,1623.887162328003,0.9901516954505228,1623.7482788057807,1.005523896175598
,,,,1623.8885511627498,0.9970219402289452,1623.7496676414592,1.004886434669642
,,,,1623.889939997497,0.9967152383338088,1623.751056477138,0.9932836838261608
,,,,1623.8913288322444,0.998522829073192,1623.7524453128165,1.0039239221633676
,,,,1623.8927176665263,0.9944950645664236,1623.7538341484951,0.9942279831465508
,,,,1623.894106501273,1.015237368781811,1623.7552229841738,0.994787223096712
,,,,1623.8954953360196,1.002123739025706,1623.7566118198515,0.9914223370045588
,,,,,,1623.7580006555306,1.0009023002574176
,,,,,,1623.75938949121,0.9921145060278168
,,,,,,1623.760778327354,1.0095216904772355
,,,,,,1623.7621671625664,0.9958912275918348
,,,,,,1623.7635559982443,0.996305645530355
,,,,,,1623.7649448339228,1.0026396886795672
,,,,,,1623.766333669602,0.9994174498902928
,,,,,,1623.7677225052814,1.00895116922537
,,,,,,1623.7691113409594,1.0117343886832506
,,,,,,1623.7705001766374,1.0070356585636566
,,,,,,1623.7718890123165,1.005052663970662
,,,,,,1623.7732778479956,0.9858240250135002
,,,,,,1623.7746666832084,0.9969456895029662
,,,,,,1623.7760555188863,0.9882901447499745
,,,,,,1623.7774443545652,1.0083958029751918
,,,,,,1623.778833189778,0.998817434150838
,,,,,,1623.780222025456,1.0008983585977858
,,,,,,1623.7816108611344,1.0017097288450787
,,,,,,1623.782999696348,0.9976056456526824
,,,,,,1623.784388532027,0.9936564424999528
,,,,,,1623.7857773677054,0.983351788908632
,,,,,,1623.7871662029177,0.9979945107632452
,,,,,,1623.7885550385956,1.0153961225214607
,,,,,,1623.7899438738093,1.0063682948122186
,,,,,,1623.7913327094886,0.999948282707246
,,,,,,1623.792721544701,1.0027755400175635
,,,,,,1623.794110380379,1.0031517646334454
,,,,,,1623.795499215592,0.9959513718810428
,,,,,,1623.796888051271,1.001619206592847
,,,,,,1623.7982768864842,1.0021145644731149
,,,,,,1623.7996657216966,0.9978719115567694
,,,,,,1623.801054557375,0.9976281402964428
,,,,,,1623.8024433925882,1.003662073636454
,,,,,,1623.8038322278005,0.9960277585263196
,,,,,,1623.8052210630133,0.9990186626710018
,,,,,,1623.8066098986926,1.0029728268780955
,,,,,,1623.8079987339058,0.9960391077876728
,,,,,,1623.8093875691186,0.9983708712984248
,,,,,,1623.810776404331,0.99552499304433
,,,,,,1623.812165239544,0.992699842483126
,,,,,,1623.8135540752232,1.0122497946599212
,,,,,,1623.8149429104362,0.992768073970544
,,,,,,1623.8163317456483,0.9956655335980952
,,,,,,1623.8177205808609,1.0026542320444152
,,,,,,1623.8191094160736,0.9954956344760386
,,,,,,1623.8204982512873,0.9992148621771526
,,,,,,1623.8218870865005,0.9998902451671516
,,,,,,1623.8232759217128,0.9939760567283654
,,,,,,1623.8246647569256,0.9966283859026136
,,,,,,1623.8260535921388,0.9974316689516964
,,,,,,1623.8274424268868,1.0002657901865453
,,,,,,1623.8288312620996,0.9855170512797684
,,,,,,1623.830220097312,0.9850074898328968
,,,,,,1623.831608932525,0.9957423959609134
,,,,,,1623.832997767738,0.991883103423576
,,,,,,1623.8343866029502,1.007766292748148
,,,,,,1623.8357754376973,0.9925851265959136
,,,,,,1623.837164272911,0.9915282860970732
,,,,,,1623.8385531081242,0.9979805110755878
,,,,,,1623.8399419428708,0.9901726270223602
,,,,,,1623.8413307780831,0.9967221702179888
,,,,,,1623.8427196132968,0.999269093976913
,,,,,,1623.8441084480448,0.9977720108730002
,,,,,,1623.8454972832576,0.998025636282406
,,,,,,1623.8468861180042,0.9985833131606442
,,,,,,1623.8482749532166,1.002046332985697
,,,,,,1623.8496637879637,0.9979215900600586
,,,,,,1623.851052623177,1.0044406873330147
,,,,,,1623.852441457925,0.9945187824838626
,,,,,,1623.8538302931372,0.999073370188304
,,,,,,1623.8552191278843,0.994965345336276
,,,,,,1623.856607962632,0.9978769405707822
,,,,,,1623.8579967978446,0.9939332421496072
,,,,,,1623.8593856325922,0.9900522704842954
,,,,,,1623.8607744673393,0.9929965543098854
,,,,,,1623.8621633025523,1.0040925300520964
,,,,,,1623.863552137299,0.9964512150981332
,,,,,,1623.8649409720454,0.9898569544535792
,,,,,,1623.8663298067934,0.9991764649755678
,,,,,,1623.867718642007,0.9916901659805688
,,,,,,1623.8691074767546,0.9870134547871932
,,,,,,1623.8704963115013,0.9798954970888124
,,,,,,1623.871885146248,0.9897835580328508
,,,,,,1623.873273980996,1.0134233218757895
,,,,,,1623.874662815744,1.002596466342916
,,,,,,1623.8760516504906,0.9960874270979856
,,,,,,1623.8774404852372,0.990988686485422
,,,,,,1623.8788293199843,0.9954776251691004
,,,,,,1623.8802181547317,1.0054829844670068
,,,,,,1623.881606989479,0.9949047932891748
,,,,,,1623.882995824226,0.981345688035038
,,,,,,1623.8843846589737,1.0042424490373991
,,,,,,1623.885773493255,0.9873054094385352
,,,,,,1623.887162328003,0.9901516954505228
,,,,,,1623.8885511627498,0.9970219402289452
,,,,,,1623.889939997497,0.9967152383338088
,,,,,,1623.8913288322444,0.998522829073192
,,,,,,1623.8927176665263,0.9944950645664236
,,,,,,1623.894106501273,1.015237368781811
,,,,,,1623.8954953360196,1.002123739025706
